1 62 1 3798.3
1 61 2 3770.7
1 60 3 3749.7
1 59 4 3733.5
1 58 5 3721.5
1 57 6 3713.4
1 56 7 3709.2
1 55 8 3709.0
1 54 9 3713.4
1 53 10 3722.5
1 52 11 3736.7
1 51 12 3755.5
1 49 13 3767.8
1 50 13 3777.1
1 48 14 3789.3
1 47 15 3784.5
1 46 16 3776.7
1 45 17 3766.9
1 45 18 3767.6
1 45 19 3768.3
1 44 20 3756.4
1 44 21 3756.2
1 44 22 3755.5
1 44 23 3754.2
1 44 24 3752.2
1 44 25 3749.4
1 44 26 3745.6
1 44 27 3740.7
1 44 28 3734.5
1 44 29 3727.0
1 44 30 3717.9
1 44 31 3707.0
1 44 32 3694.2
1 44 33 3679.1
1 44 34 3661.5
1 44 35 3641.1
1 44 36 3617.4
1 44 37 3589.8
1 44 38 3557.8
1 44 39 3520.3
1 44 40 3476.1
1 44 41 3422.8
1 43 42 3304.0
1 43 43 3265.0
1 43 44 3203.3
1 42 45 3052.1
1 42 46 2997.6
1 40 47 2765.7
1 41 47 2812.0
1 40 48 2729.6
1 40 49 2663.5
1 40 50 2567.6
1 35 78 4859.7
1 35 79 4888.1
1 34 80 4945.1
1 33 81 5025.5
1 32 82 5089.1
1 31 83 5102.5
1 30 84 5114.2
1 29 85 5123.1
1 28 86 5145.4
1 27 87 5164.2
1 26 88 5190.3
1 25 89 5217.8
1 25 90 5254.2
1 24 91 5241.3
1 24 92 5256.5
1 24 93 5293.6
1 24 94 5330.6
1 23 95 5345.7
1 23 96 5386.0
1 23 97 5422.3
1 22 98 5430.3
1 22 99 5471.4
1 22 100 5508.4
1 22 101 5545.7
1 21 102 5566.0
1 21 103 5611.1
1 20 104 5633.2
1 20 105 5675.7
1 19 106 5707.7
1 19 107 5752.1
1 18 108 5788.7
1 18 109 5828.5
1 17 110 5747.7
1 17 111 5758.8
1 17 112 5868.1
1 65 109 6030.5
1 66 109 6027.0
1 67 109 5976.4
1 68 109 5941.6
1 69 109 5951.1
1 62 110 5964.5
1 63 110 6002.2
1 64 110 6023.1
1 70 110 6040.0
1 60 111 5859.4
1 61 111 5880.9
1 71 111 6106.0
1 37 112 5647.1
1 38 112 5707.3
1 39 112 5768.9
1 40 112 5814.4
1 41 112 5851.4
1 42 112 5873.4
1 43 112 5884.6
1 44 112 5893.7
1 45 112 5900.9
1 46 112 5910.4
1 47 112 5919.3
1 48 112 5936.9
1 55 112 5739.6
1 56 112 5761.3
1 57 112 5778.4
1 58 112 5795.2
1 59 112 5810.1
1 72 112 6143.0
1 16 113 5956.8
1 33 113 5631.7
1 34 113 5615.1
1 35 113 5599.2
1 36 113 5578.7
1 49 113 5930.6
1 50 113 5908.4
1 51 113 5855.3
1 52 113 5800.7
1 53 113 5744.1
1 54 113 5707.4
1 73 113 6175.3
1 16 114 6015.9
1 29 114 5721.3
1 30 114 5696.1
1 31 114 5668.3
1 32 114 5633.3
1 74 114 6198.4
1 75 114 6202.5
1 16 115 6072.6
1 25 115 5833.0
1 26 115 5810.2
1 27 115 5781.0
1 28 115 5741.0
1 76 115 6234.3
1 16 116 6127.9
1 21 116 5975.7
1 22 116 5990.6
1 23 116 5903.4
1 24 116 5863.2
1 77 116 6249.5
1 78 116 6247.6
1 79 116 6260.2
1 16 117 6182.1
1 20 117 6023.7
1 80 117 6281.1
1 81 117 6279.2
1 82 117 6258.6
1 83 117 6231.1
1 84 117 6202.0
1 16 118 6219.5
1 17 118 6185.7
1 18 118 6138.6
1 19 118 6085.1
1 85 118 6131.5
1 85 119 6089.7
1 86 120 6072.5
1 86 121 6095.2
1 86 122 6120.0
1 86 123 6137.3
1 86 124 6149.7
1 86 125 6159.3
1 86 126 6166.4
1 86 127 6170.1
1 86 128 6170.7
1 86 129 6169.0
1 86 130 6166.3
1 86 131 6162.1
1 86 132 6155.2
1 86 133 6146.5
1 86 134 6134.7
1 86 135 6118.8
1 86 136 6099.7
1 85 137 6050.6
1 85 138 6037.7
1 84 139 6032.8
1 83 140 6073.8
1 82 141 6157.7
1 82 142 6174.0
1 81 143 6226.7
1 80 144 6287.2
1 79 145 6356.2
1 78 146 6419.8
1 77 147 6487.1
1 76 148 6559.0
1 75 149 6636.4
1 75 150 6700.7
1 75 151 6761.3
1 75 152 6821.9
1 75 153 6868.8
1 76 154 6862.0
1 77 154 6849.2
1 78 154 6839.0
1 79 155 6827.7
1 80 155 6815.1
1 81 156 6797.5
1 82 157 6771.0
1 82 158 6748.6
1 83 158 6734.5
1 84 159 6704.6
1 84 160 6676.8
1 84 161 6652.4
1 84 162 6628.5
1 85 163 6603.4
1 86 164 6574.0
1 87 165 6537.0
1 88 166 6502.2
1 89 167 6468.6
1 90 168 6387.2
1 90 169 6337.2
1 91 170 6269.8
1 92 171 6198.4
1 93 172 6167.7
1 94 173 6141.2
1 94 174 6138.8
1 95 175 6123.4
1 95 176 6109.0
1 95 177 6113.7
1 95 178 6120.7
1 95 179 6126.0
1 96 180 5954.7
1 97 181 5971.7
1 98 182 5989.2
1 99 183 6006.7
1 100 184 6022.5
1 101 185 6037.9
1 102 185 6046.3
1 103 185 6061.9
1 104 186 6096.3
1 105 186 6097.4
1 106 187 6100.6
1 107 188 6096.4
1 108 189 5914.1
1 108 190 5916.1
1 108 191 5917.1
1 108 192 5916.7
1 108 193 5912.5
1 107 194 5707.4
1 107 195 5703.4
1 107 196 5695.6
1 107 197 5685.3
1 107 198 5673.3
1 106 199 5634.9
1 106 200 5622.0
1 105 201 5576.1
1 105 202 5562.9
1 104 203 5522.4
1 104 204 5513.7
1 104 205 5498.7
1 104 206 5477.3
1 104 207 5444.2
1 98 208 5460.6
1 99 208 5470.7
1 100 208 5483.1
1 101 208 5496.0
1 102 208 5513.7
1 103 208 5542.4
1 97 209 5451.3
1 97 210 5450.1
1 97 211 5446.0
1 97 212 5440.7
1 96 213 5424.1
1 95 214 5416.7
1 95 215 5415.4
1 94 216 5408.0
1 94 217 5407.1
1 94 218 5406.4
1 95 219 5410.6
1 96 220 5414.1
1 97 221 5418.0
1 97 222 5416.9
1 98 223 5420.2
1 98 224 5418.8
1 99 225 5422.9
1 99 226 5421.0
1 100 227 5242.1
1 128 227 5398.5
1 129 227 5461.6
1 101 228 5248.0
1 107 228 5142.9
1 108 228 5167.8
1 109 228 5196.4
1 110 228 5228.4
1 111 228 5263.1
1 125 228 5283.4
1 126 228 5309.8
1 127 228 5318.0
1 130 228 5187.6
1 131 228 5194.1
1 132 228 5188.2
1 133 228 5189.3
1 134 228 5195.5
1 135 228 5209.9
1 136 228 5226.9
1 137 228 5240.2
1 138 228 5267.0
1 102 229 5252.8
1 106 229 5280.7
1 112 229 5117.3
1 118 229 5143.6
1 119 229 5162.0
1 120 229 5177.9
1 121 229 5192.0
1 122 229 5203.3
1 123 229 5212.7
1 124 229 5215.2
1 139 229 5340.3
1 103 230 5256.3
1 104 230 5258.9
1 105 230 5261.9
1 113 230 5133.9
1 114 230 5125.4
1 115 230 5121.1
1 116 230 5118.6
1 117 230 5110.7
1 140 230 5307.1
1 139 231 5374.7
1 137 232 5411.3
1 138 232 5410.6
1 136 233 5414.6
1 135 234 5407.4
1 133 235 5374.7
1 134 235 5388.0
1 132 236 5357.8
1 130 237 5314.5
1 131 237 5329.7
1 129 238 5303.3
1 128 239 5287.2
1 127 240 5267.3
1 127 241 5257.5
1 127 242 5244.6
1 128 243 5252.9
1 129 244 5251.2
1 129 245 5238.5
1 130 246 5234.7
1 131 246 5233.6
1 132 246 5236.5
1 133 246 5245.8
1 134 246 5263.2
1 135 246 5289.6
1 136 246 5316.8
1 137 246 5336.8
1 138 246 5358.8
1 139 247 5409.5
1 140 247 5434.0
1 141 247 5471.5
1 142 247 5514.8
1 143 248 5577.8
1 144 249 5671.3
1 144 250 5698.1
1 145 251 5749.9
1 145 252 5775.5
1 145 253 5795.8
1 146 254 5829.1
1 146 255 5826.5
1 146 256 5820.5
1 146 257 5812.6
1 146 258 5802.4
1 146 259 5790.6
1 146 260 5777.2
1 146 261 5764.9
1 146 262 5751.7
1 146 263 5738.5
1 146 264 5728.4
1 146 265 0.0
1 147 266 5482.8
1 147 267 5453.7
1 147 268 5428.8
1 147 269 5389.1
1 147 270 5356.1
1 148 271 5306.0
1 148 272 5279.2
1 148 273 5252.1
1 148 274 5230.3
1 149 274 5215.4
1 149 275 5175.8
1 149 276 5143.6
1 149 277 5091.0
1 149 278 5036.4
1 150 279 5132.7
1 150 280 5087.7
1 150 281 5046.5
1 150 282 5016.2
1 151 283 4932.5
1 151 284 4888.7
1 151 285 4855.4
1 152 286 4761.4
1 152 287 4706.8
1 152 288 4662.5
1 152 289 4628.0
1 153 290 4722.8
1 153 291 4696.3
1 153 292 4704.2
1 154 293 4715.0
1 154 294 4726.6
1 154 295 4736.1
1 154 296 4742.2
1 155 297 4760.1
1 155 298 4763.9
1 156 299 4586.8
1 157 299 4593.1
1 158 299 4602.6
1 159 299 4615.1
1 160 299 4631.1
1 161 299 4650.5
1 162 300 4681.7
1 162 301 4684.5
1 162 302 4683.6
1 162 303 4681.0
1 162 304 4678.3
1 163 305 4857.4
1 163 306 4848.4
1 163 307 4838.6
1 163 308 4829.3
1 163 309 4823.2
1 164 310 5039.4
1 165 311 5081.0
1 166 312 5152.7
1 167 313 5211.3
1 168 314 5244.2
1 168 315 5076.7
1 168 316 5081.0
1 169 316 5088.5
1 169 317 5094.3
1 170 317 5104.1
1 171 318 5105.2
1 171 319 5081.8
1 172 320 5033.9
1 172 321 4986.4
1 172 322 4938.1
1 172 323 4887.1
1 172 324 4847.4
1 173 325 4845.9
1 173 326 4849.5
1 173 327 4851.3
1 174 328 4860.7
1 174 329 4862.3
1 174 330 4863.3
1 175 331 4867.8
1 176 331 4871.8
1 177 331 4877.7
1 178 332 4887.1
1 179 333 4889.7
1 179 334 4886.6
1 179 335 4883.5
1 180 336 4881.0
1 181 337 4872.5
1 181 338 4867.8
1 187 338 4741.0
1 188 338 4762.1
1 189 338 4779.7
1 190 338 4793.4
1 182 339 4858.5
1 186 339 4873.5
1 191 339 4797.0
1 192 339 5216.0
1 182 340 4852.5
1 186 340 4857.8
1 193 340 5215.3
1 182 341 4848.9
1 186 341 4847.8
1 194 341 5215.2
1 195 341 5216.8
1 183 342 4845.3
1 184 342 4845.1
1 185 342 4844.6
1 186 342 4843.5
1 196 342 5216.5
1 196 343 5214.4
1 197 344 5213.3
1 198 345 5210.9
1 199 346 5208.8
1 200 346 5210.4
1 201 346 5212.6
1 202 346 5214.7
1 203 346 5215.5
1 204 346 4385.31
1 205 347 5199.5
1 206 347 5193.3
1 207 348 5398.8
1 207 349 5496.1
1 207 350 5637.0
1 206 351 5696.9
1 205 352 5701.7
1 205 353 5706.2
1 205 354 5711.2
1 206 355 5734.1
1 206 356 5742.3
1 207 357 5767.0
1 208 357 5784.2
1 209 358 5465.4
1 210 359 5522.7
1 211 359 5550.7
1 212 360 5470.5
1 212 361 5507.7
1 208 362 5529.9
1 209 362 5534.6
1 210 362 5541.7
1 211 362 5547.4
1 207 363 5526.1
1 206 364 5520.7
1 206 365 5522.0
1 206 366 5522.2
1 206 367 5521.4
1 206 368 5520.4
1 206 369 5519.2
1 207 369 5525.6
1 208 369 5542.1
1 209 369 5563.8
1 210 369 5588.2
1 211 369 5618.5
1 212 369 5654.9
1 213 369 5699.1
1 214 370 5595.6
1 215 370 5629.4
1 216 372 5626.7
1 214 373 5263.1
1 215 373 5351.3
1 214 374 5220.0
1 213 375 5270.2
1 212 376 5247.8
1 211 377 5194.7
1 211 378 5183.6
1 211 379 5178.1
1 211 380 5180.2
1 211 381 5189.3
1 211 382 5243.7
1 211 383 5293.5
1 212 384 45000.0
1 212 385 45000.0
1 212 386 45000.0
1 212 387 45000.0
1 212 388 45000.0
1 212 389 45000.0
1 212 390 45000.0
1 212 391 45000.0
1 212 392 45000.0
1 212 393 45000.0
1 213 394 45000.0
1 213 395 45000.0
1 213 396 45000.0
1 213 397 45000.0
1 213 398 45000.0
1 213 399 45000.0
1 213 400 45000.0
1 213 401 45000.0
1 213 402 45000.0
1 214 403 45000.0
1 214 404 45000.0
1 214 405 45000.0
1 214 406 45000.0
1 214 407 45000.0
1 214 409 45000.0
1 214 410 45000.0
1 214 411 45000.0
1 214 412 45000.0
1 214 413 45000.0
1 214 414 45000.0
1 214 415 45000.0
1 215 416 45000.0
1 215 417 45000.0
1 227 417 45000.0
1 228 417 45000.0
1 229 417 45000.0
1 216 418 45000.0
1 226 418 45000.0
1 230 418 45000.0
1 217 419 45000.0
1 218 419 45000.0
1 219 419 45000.0
1 220 419 45000.0
1 221 419 45000.0
1 222 419 45000.0
1 223 419 45000.0
1 224 419 45000.0
1 225 419 45000.0
1 229 419 45000.0
1 229 420 45000.0
1 226 421 45000.0
1 227 421 45000.0
1 228 421 45000.0
1 224 422 45000.0
1 225 422 45000.0
1 224 423 45000.0
1 224 424 45000.0
1 225 424 45000.0
1 226 424 45000.0
1 227 424 45000.0
1 228 424 45000.0
1 229 425 45000.0
1 229 426 45000.0
1 229 427 45000.0
1 229 428 45000.0
1 229 429 45000.0
1 228 430 45000.0
1 228 431 45000.0
1 228 432 45000.0
1 228 433 45000.0
1 228 434 45000.0
1 228 435 45000.0
1 229 435 45000.0
1 230 436 45000.0
1 230 437 45000.0
1 230 438 45000.0
1 230 439 45000.0
1 230 440 45000.0
1 230 441 45000.0
1 230 442 45000.0
1 230 443 45000.0
1 230 444 45000.0
1 230 445 45000.0
1 230 446 45000.0
1 230 447 45000.0
1 230 448 45000.0
1 230 449 45000.0
1 230 450 45000.0
1 230 451 45000.0
1 230 452 45000.0
1 230 453 45000.0
1 230 454 45000.0
1 230 455 45000.0
1 230 456 45000.0
1 231 457 45000.0
1 231 458 45000.0
1 231 459 45000.0
1 231 460 45000.0
1 232 461 45000.0
1 232 462 45000.0
1 232 463 45000.0
1 232 464 45000.0
1 233 464 45000.0
1 234 464 45000.0
1 235 464 45000.0
1 236 464 45000.0
1 237 464 45000.0
1 238 464 45000.0
1 239 465 45000.0
1 239 466 45000.0
1 239 467 5337.1
1 238 468 5337.1
1 238 469 5337.1
1 238 470 5337.1
1 239 471 5337.1
1 240 471 5337.1
1 241 472 5337.1
1 242 472 5337.1
1 243 472 5337.1
1 244 473 5337.1
1 245 474 5337.1
1 246 475 5337.1
1 246 476 5337.1
1 246 477 5337.1
1 246 478 5337.1
1 246 479 5337.1
1 246 480 5337.1
1 245 481 5337.1
1 245 482 5337.1
1 244 483 5337.1
1 243 484 5337.1
1 243 485 5337.1
1 243 486 5337.1
1 243 487 5337.1
1 243 488 5337.1
1 243 489 5337.1
1 242 490 5337.1
1 242 491 5337.1
1 241 492 5337.1
1 241 493 5337.1
1 240 494 5337.1
1 239 495 5337.1
1 238 496 5337.1
1 235 497 5337.1
1 236 497 5337.1
1 237 497 5337.1
1 233 498 5337.1
1 234 498 5337.1
1 233 499 5337.1
1 232 500 5337.1
1 231 501 5337.1
1 231 502 5337.1
1 231 503 5337.1
1 231 504 5337.1
1 231 505 5337.1
1 231 506 5337.1
1 231 507 5337.1
1 231 508 5337.1
1 231 509 5337.1
1 231 510 5337.1
1 231 511 5337.1
1 231 512 5337.1
1 231 513 5337.1
1 231 514 5337.1
1 231 515 5337.1
1 232 516 5337.1
1 232 517 5337.1
1 232 518 5337.1
1 233 519 5337.1
1 233 520 5337.1
1 233 521 5337.1
1 234 522 5337.1
1 234 523 5337.1
1 235 524 5337.1
1 235 525 5337.1
1 236 525 5337.1
1 237 525 5337.1
1 238 525 5337.1
1 239 526 5337.1
1 239 527 5337.1
1 240 528 5437.9
1 240 529 5453.1
1 241 530 5519.7
1 241 531 5549.7
1 241 532 5566.6
1 241 533 5578.1
1 241 534 5586.4
1 242 535 5064.8
1 242 536 5076.1
1 243 536 5094.1
1 244 536 5126.6
1 245 536 5155.2
1 246 537 5210.6
1 246 538 5227.7
1 247 539 5267.6
1 248 540 5303.1
1 249 540 5315.2
1 250 540 5331.6
1 251 541 5365.2
1 250 544 5398.8
1 251 544 5401.1
1 245 545 5344.2
1 246 545 5355.4
1 247 545 5374.0
1 248 545 5387.7
1 249 545 5393.2
1 243 546 5317.7
1 244 546 5321.7
1 243 547 5318.4
1 242 548 5314.5
1 242 549 5314.8
1 241 550 5308.6
1 241 551 5306.9
1 240 552 5296.5
1 239 553 5285.5
1 238 554 0.0
1 237 555 5249.9
1 236 556 5248.8
1 236 557 5248.8
1 232 558 5189.1
1 233 558 5186.1
1 234 558 5193.8
1 235 558 5197.3
1 232 559 5201.2
1 231 560 5201.4
1 231 561 5209.8
1 231 562 5216.5
1 231 563 5221.6
1 231 564 5222.9
1 230 565 5389.7
1 230 566 5382.9
1 230 567 5372.0
1 230 568 5359.6
1 215 371 5678.1
1 39 51 6043.2
1 39 52 5967.8
1 38 53 5714.5
1 38 54 5641.8
1 37 55 5375.6
1 36 56 5152.8
1 35 57 4950.0
1 35 58 4889.0
1 35 59 4787.7
1 35 60 8397.7
1 35 61 8262.3
1 35 62 8125.5
1 35 63 7985.2
1 35 64 7841.2
1 35 65 7693.4
1 35 66 7542.6
1 35 67 7395.4
1 35 68 7276.3
1 36 69 10770.0
1 36 70 10502.6
1 36 71 10250.3
1 36 72 10007.1
1 36 73 9772.1
1 36 74 9559.1
1 36 75 9377.7
1 36 76 9287.9
1 36 77 9255.2
1 230 569 5347.0
1 230 570 5333.5
1 230 571 5317.4
1 230 572 5306.0
1 230 573 5316.9
1 230 574 5332.4
1 230 575 5342.6
1 230 576 5344.7
1 230 577 5179.6
1 230 578 5212.8
1 230 579 5245.9
1 230 580 5275.3
1 230 581 5278.4
1 230 582 5283.8
1 230 583 5286.3
1 230 584 5285.4
1 230 585 5282.0
1 230 586 5277.4
1 230 587 5271.3
1 230 588 5267.4
1 229 589 5251.5
1 229 590 5242.2
1 228 591 5219.5
1 228 592 5203.8
1 228 593 5186.5
1 228 594 5164.3
1 227 595 5120.1
1 227 596 5096.9
1 227 597 5068.8
1 227 598 5035.6
1 227 599 4786.4
1 226 600 4700.2
1 226 601 4698.2
1 226 602 4696.9
1 226 603 4697.6
1 225 604 4268.5
1 224 605 4268.5
1 223 606 4290.4
1 222 607 4310.8
1 223 605 4275.0
1 114 114 -2669.81
1 117 120 -781.19
1 129 121 -140.52
1 130 122 -781.19
1 133 112 -16159.3
1 135 194 -1202.74
1 138 201 -1405.16
1 139 168 -562.06
1 140 168 -4496.52
1 141 191 -13911.1
1 143 172 -8430.97
1 143 190 -3231.87
1 144 166 -12084.4
1 144 172 -5901.68
1 144 182 -15456.8
1 144 190 -3231.87
1 146 117 -11943.9
1 146 188 -843.1
1 146 190 -843.1
1 147 132 -702.58
1 147 145 -781.19
1 148 167 -8571.48
1 148 176 -22139.6
1 148 196 -7587.87
1 149 145 -13630.1
1 149 146 -6182.71
1 150 124 -2950.84
1 150 141 -27400.7
1 150 198 -9555.1
1 151 142 -10679.2
1 151 195 -9274.06
1 152 123 -7587.87
1 152 125 -6823.38
1 152 132 -7807.0
1 153 111 -421.55
1 153 192 -18688.7
1 154 171 -8088.03
1 154 249 -421.55
1 155 112 -11381.8
1 155 129 -1545.68
1 156 129 -214568.0
1 157 116 -2810.32
1 157 135 -5777.86
1 157 251 -15737.8
1 158 133 -10055.2
1 158 181 -23887.7
1 159 119 -53536.6
1 159 173 -27541.2
1 160 119 -983.61
1 161 125 -4215.48
1 161 129 -140.52
1 161 140 -281.03
1 161 188 -10117.2
1 162 119 -1264.65
1 162 121 -147542.0
1 162 128 -228198.0
1 162 132 -11662.8
1 162 140 -562.06
1 162 167 -1686.19
1 162 169 -2669.81
1 163 137 -281.03
1 163 138 -1905.32
1 164 135 -5901.68
1 165 130 -2810.32
1 165 131 -421.55
1 166 126 -702.58
1 167 125 -5058.58
1 167 259 -983.61
1 168 123 -3091.35
1 168 208 -14473.2
1 169 163 -80796.8
1 170 131 -6744.77
1 170 132 -421.55
1 170 163 -55784.9
1 171 131 -5901.68
1 171 132 -4496.52
1 173 224 -1124.13
1 174 135 -2107.74
1 175 134 -17564.5
1 175 204 -15316.3
1 176 176 -5199.1
1 176 202 -2810.32
1 177 211 -4496.52
1 178 164 -281.03
1 179 181 -34145.4
1 179 183 -9836.13
1 179 210 -34707.5
1 180 208 -8430.97
1 183 184 -24168.8
1 187 200 -14894.7
1 188 198 -15456.8
1 188 209 -6885.29
1 188 240 -27260.1
1 188 258 -36534.2
1 191 191 -127167.0
1 193 256 -6463.74
1 193 260 -40480.5
1 197 204 -6463.74
1 197 252 -1264.65
1 198 298 -822.91
1 199 211 -8149.94
1 199 231 -17002.4
1 199 298 -781.19
1 200 298 -830.22
1 201 234 -2248.26
1 203 275 -112413.0
1 203 280 -6463.74
1 204 248 -17384.6
1 205 300 -823.28
1 206 196 -2669.81
1 206 286 -9533.12
1 206 300 -1562.38
1 211 255 -54239.2
1 212 258 -83326.1
1 213 264 -281.03
1 213 300 -1686.19
1 214 240 -23185.2
1 215 260 -23044.7
1 216 238 -9836.13
1 216 267 -11381.8
1 217 264 -22482.6
1 217 365 -983.61
1 218 179 -122390.0
1 219 310 -3231.87
1 221 223 -562.06
1 221 246 -2669.81
1 221 284 -615.32
1 222 352 -43146.7
1 222 369 -4918.06
1 223 271 -11943.9
1 224 301 -5058.58
1 224 374 -8997.58
1 226 350 -253.56
1 226 365 -3438.61
1 226 382 -4621.9
1 228 225 -9133.55
1 230 255 -1967.23
1 231 401 -1764.8
1 232 256 -1686.19
1 232 364 -159.83
1 232 370 -6174.2
1 233 337 -921.71
1 233 376 -2251.87
1 233 394 -1562.38
1 234 304 -4427.7
1 234 393 -852.5
1 235 367 -47478.2
1 235 400 -562.06
1 235 605 -1011.13
1 235 609 -6562.87
1 236 263 -32037.7
1 236 351 -7728.39
1 237 316 -32631.0
1 237 357 -10540.1
1 237 389 -781.19
1 238 221 -983.61
1 238 398 -18.32
1 238 605 -3954.11
1 238 609 -1562.38
1 239 250 -3653.42
1 239 338 -8430.97
1 239 426 -843.1
1 239 605 -3905.95
1 239 606 -2343.57
1 239 619 -2045.84
1 240 380 -781.19
1 240 426 -781.19
1 240 608 -3124.76
1 241 335 -10257.7
1 241 342 -12505.9
1 241 604 -781.19
1 242 311 -5624.87
1 243 371 -8723.55
1 243 389 -1826.71
1 243 422 -140.52
1 243 605 -3905.95
1 244 431 -1729.22
1 244 605 -4687.14
1 244 621 -5117.12
1 245 238 -18267.1
1 245 337 -781.19
1 245 370 -3743.49
1 245 621 -5304.69
1 246 321 -4409.63
1 246 618 -2343.57
1 247 344 -781.19
1 247 383 -12496.1
1 247 384 -3302720.0
1 248 251 -24817.2
1 248 424 -6885.29
1 248 436 -2388.77
1 248 444 -16896.7
1 248 589 -1405.16
1 249 373 -781.19
1 249 389 -5339.61
1 249 424 -781.19
1 249 430 -68272.0
1 249 436 -9162.57
1 249 443 -8448.33
1 249 606 -3905.95
1 250 239 -5901.68
1 250 326 -3655.89
1 250 424 -781.19
1 250 425 -732370.0
1 250 431 -46585.6
1 250 595 -2624.6
1 251 356 -83537.5
1 251 408 -1019.8
1 251 456 -921.71
1 251 457 -22.04
1 251 594 -781.19
1 251 595 -803.35
1 251 596 -1562.38
1 252 230 -15737.8
1 252 285 -7447.35
1 252 329 -39724.7
1 252 450 -702.58
1 252 595 -781.19
1 252 606 -781.19
1 253 298 -5199.1
1 253 331 -12380.6
1 253 332 -16214.2
1 253 416 -562.06
1 253 420 -13473.8
1 253 445 -89415.2
1 254 338 -26979.1
1 254 367 -983.61
1 254 407 -123905.0
1 254 597 -781.19
1 254 607 -4153.58
1 255 381 -30492.0
1 255 383 -37798.8
1 255 388 -49461.7
1 255 395 -2248.26
1 255 420 -8571.48
1 255 439 -24449.8
1 255 443 -118333.0
1 255 595 -781.19
1 255 596 -781.19
1 255 606 -4153.58
1 255 609 -1562.38
1 255 610 -909.48
1 256 314 -38463.7
1 256 335 -11100.8
1 256 341 -281.03
1 256 370 -5838.85
1 256 413 -2107.74
1 256 586 -37773.3
1 256 593 -3124.76
1 257 324 -6228.62
1 257 413 -2107.74
1 257 576 -5460.68
1 257 599 -225295.0
1 257 600 -122671.0
1 258 325 -7198.17
1 258 336 -3085.76
1 258 418 -272164.0
1 258 420 -29624.1
1 258 442 -1101720.0
1 258 464 -7025.81
1 258 585 -4687.14
1 258 595 -1562.38
1 258 601 -52412.5
1 258 602 -37986.9
1 259 340 -1905.32
1 259 371 -5838.85
1 259 405 -34011.0
1 259 588 -39366.8
1 259 592 -953.9
1 259 593 -953.9
1 260 342 -12505.9
1 260 349 -843.1
1 260 407 -3373840.0
1 260 413 -101427.0
1 260 424 -775.53
1 260 461 -2950.84
1 260 463 -52131.5
1 260 464 -65480.5
1 260 585 -8656.08
1 260 586 -13020.5
1 261 337 -5901.68
1 261 355 -24028.3
1 261 381 -274304.0
1 261 395 -54002.8
1 261 416 -42014.3
1 261 418 -781.19
1 261 429 -46727.9
1 261 464 -24028.3
1 261 492 -781.19
1 261 571 -26136.0
1 261 576 -16965.8
1 262 345 -12084.4
1 262 540 -317.94
1 262 564 -50091.5
1 262 567 -4290.72
1 262 568 -22342.1
1 262 570 -39204.0
1 262 571 -13068.0
1 263 434 -159.11
1 263 471 -13770.6
1 263 477 -10117.2
1 263 520 -1562.38
1 263 582 -25063.0
1 264 265 -10819.7
1 264 344 -3934.45
1 264 345 -2810.32
1 264 355 -281.03
1 264 367 -781.19
1 264 407 -3091.35
1 264 428 -195157.0
1 264 468 -53.36
1 264 471 -13349.0
1 264 476 -140.52
1 264 477 -66604.6
1 264 523 -2765.12
1 264 524 -421.55
1 264 549 -1640.81
1 265 363 -421.55
1 265 364 -26742.7
1 265 374 -217447.0
1 265 380 -46.8
1 265 422 -1031.9
1 266 337 -781.19
1 266 340 -3231.87
1 266 462 -140.52
1 267 391 -16299.9
1 267 463 -2810.32
1 267 555 -781.19
1 267 556 -781.19
1 268 333 -7587.87
1 268 334 -6182.71
1 268 436 -4154430.0
1 268 455 -15.35
1 268 479 -702.58
1 268 480 -562.06
1 268 489 -8071.27
1 269 363 -781.19
1 269 397 -45527.2
1 269 450 -3091.35
1 269 456 -23214.9
1 269 541 -921.71
1 270 337 -843.1
1 270 352 -12224.9
1 270 412 -70900.1
1 270 417 -14704.6
1 270 429 -3274.26
1 270 481 -921.71
1 270 483 -2007.62
1 270 484 -781.19
1 270 486 -28769.4
1 270 498 -98642.3
1 270 539 -281.03
1 271 319 -79764.3
1 271 335 -3653.42
1 271 371 -843.1
1 271 415 -141026.0
1 271 451 -140.52
1 271 485 -404.48
1 271 493 -137549.0
1 271 498 -13349.0
1 271 537 -28804.4
1 272 336 -18202.2
1 272 337 -31.16
1 272 351 -19812.8
1 272 366 -2529.29
1 272 368 -180033.0
1 272 388 -628728.0
1 272 396 -6323.23
1 272 450 -5901.68
1 272 451 -19391.2
1 272 453 -421.55
1 272 462 -1803370.0
1 272 491 -13.25
1 272 497 -24454.9
1 272 498 -281.03
1 272 530 -228358.0
1 272 532 -262977.0
1 272 535 -78420.6
1 273 363 -4777.55
1 273 392 -966.44
1 273 410 -1124.13
1 273 480 -1405.16
1 273 510 -1343.25
1 273 516 -16335.0
1 273 517 -245555.0
1 273 518 -306.91
1 274 409 -1124.13
1 274 520 -43419.5
1 274 523 -983.61
1 275 367 -140.52
1 275 441 -182474.0
1 275 450 -12365.4
1 275 506 -1124.13
1 276 366 -8712.0
1 276 446 -4918.06
1 277 294 -64251.0
1 277 390 -10117.2
1 277 407 -1640080.0
1 277 431 -24528.3
1 277 468 -140.52
1 277 472 -26040.5
1 277 480 -62273.7
1 277 482 -1967.23
1 278 365 -29086.8
1 278 435 -2595.99
1 278 482 -1826.71
1 279 310 -31466.6
1 279 336 -19672.3
1 279 433 -209077.0
1 279 438 -275173.0
1 279 475 -87427.2
1 279 485 -22482.6
1 280 365 -25433.4
1 280 433 -39177.1
1 280 442 -19953.3
1 280 469 -52125.3
1 280 471 -52596.3
1 281 458 -486240.0
1 282 409 -6182.71
1 282 424 -2529.29
1 282 430 -562.06
1 282 436 -4402.84
1 282 454 -12790.2
1 283 335 -4215.48
1 283 354 -2529.29
1 283 429 -285529.0
1 283 449 -87926.5
1 283 452 -140201.0
1 283 455 -14480.6
1 283 468 -50870.7
1 284 339 -57766.4
1 284 457 -6744.77
1 284 463 -239289.0
1 284 481 -756.77
1 285 336 -140.52
1 285 374 -1686.19
1 285 467 -267568.0
1 285 475 -100075.0
1 286 330 -62614.3
1 286 425 -194169.0
1 286 475 -38763.1
1 286 477 -61234.4
1 287 426 -781.19
1 287 477 -66642.0
1 288 419 -12224.9
1 288 426 -781.19
1 289 351 -25011.9
1 289 404 -207012.0
1 289 459 -16343.5
1 289 468 -1440.3
1 290 382 -189268.0
1 290 402 -35.79
1 290 411 -4777.55
1 290 412 -20515.3
1 290 413 -6463.74
1 291 350 -3653.42
1 291 355 -2323.59
1 291 373 -983.61
1 291 399 -133760.0
1 292 327 -21171.8
1 292 361 -5339.61
1 292 365 -22623.1
1 292 416 -281.03
1 292 469 -1690.41
1 294 435 -10819.7
1 294 447 -36658.7
1 294 458 -46693.5
1 295 356 -97.62
1 295 391 -21077.4
1 295 430 -1136020.0
1 296 388 -558.0
1 296 398 -33437.4
1 296 406 -114.28
1 296 433 -10398.2
1 297 381 -3091.35
1 297 383 -281.03
1 297 395 -67495.8
1 297 401 -53588.7
1 297 402 -12755.7
1 297 413 -2194340.0
1 297 415 -24871.3
1 297 442 -81463.3
1 298 390 -1264.65
1 299 354 -843.1
1 299 355 -380.94
1 299 387 -54.47
1 102 110 -781.19
1 102 113 -781.19
1 103 100 -781.19
1 103 104 -781.19
1 104 115 -781.19
1 105 115 -781.19
1 105 139 -781.19
1 108 117 -781.19
1 109 112 -781.19
1 111 155 -781.19
1 111 208 -781.19
1 112 181 -781.19
1 113 111 -781.19
1 113 159 -781.19
1 113 211 -781.19
1 114 173 -781.19
1 114 212 -1562.38
1 115 212 -1562.38
1 116 121 -781.19
1 116 150 -781.19
1 116 166 -781.19
1 117 119 -781.19
1 117 168 -781.19
1 117 210 -781.19
1 119 194 -781.19
1 119 202 -781.19
1 119 96 -781.19
1 120 155 -781.19
1 120 94 -781.19
1 121 187 -781.19
1 123 110 -781.19
1 123 111 -781.19
1 123 158 -781.19
1 123 168 -781.19
1 123 193 -781.19
1 123 202 -1562.38
1 125 150 -781.19
1 125 151 -781.19
1 125 193 -781.19
1 125 194 -781.19
1 126 121 -781.19
1 126 191 -781.19
1 126 195 -781.19
1 127 150 -781.19
1 127 160 -781.19
1 127 169 -781.19
1 127 195 -781.19
1 127 199 -1562.38
1 128 122 -781.19
1 128 148 -781.19
1 128 149 -781.19
1 128 152 -781.19
1 128 153 -781.19
1 128 154 -781.19
1 128 157 -781.19
1 128 199 -781.19
1 129 117 -781.19
1 129 119 -781.19
1 129 122 -781.19
1 129 146 -781.19
1 129 154 -1562.38
1 129 162 -781.19
1 129 176 -781.19
1 130 120 -781.19
1 130 154 -781.19
1 130 155 -781.19
1 130 156 -2343.57
1 130 194 -781.19
1 131 112 -781.19
1 131 121 -781.19
1 131 122 -781.19
1 131 150 -781.19
1 131 156 -781.19
1 131 157 -781.19
1 131 158 -781.19
1 131 161 -1562.38
1 131 198 -781.19
1 132 112 -781.19
1 132 155 -781.19
1 132 156 -781.19
1 132 160 -781.19
1 132 161 -1562.38
1 133 155 -781.19
1 133 159 -781.19
1 133 160 -1562.38
1 133 192 -1562.38
1 133 193 -781.19
1 134 148 -781.19
1 134 150 -781.19
1 134 151 -781.19
1 134 156 -781.19
1 134 191 -781.19
1 134 193 -3124.76
1 135 148 -3905.95
1 135 149 -1562.38
1 135 156 -781.19
1 135 157 -781.19
1 135 193 -2343.57
1 136 147 -781.19
1 136 148 -781.19
1 136 149 -781.19
1 136 150 -1562.38
1 136 153 -781.19
1 136 155 -781.19
1 137 148 -781.19
1 137 150 -781.19
1 137 153 -1562.38
1 137 154 -781.19
1 137 157 -2343.57
1 137 175 -781.19
1 137 206 -781.19
1 138 151 -781.19
1 138 152 -781.19
1 138 153 -2343.57
1 138 168 -781.19
1 138 169 -781.19
1 139 151 -781.19
1 140 138 -781.19
1 140 155 -3124.76
1 140 156 -781.19
1 140 171 -781.19
1 140 180 -781.19
1 141 149 -781.19
1 141 154 -1562.38
1 141 157 -781.19
1 141 171 -781.19
1 141 199 -1562.38
1 142 155 -781.19
1 142 156 -781.19
1 142 157 -781.19
1 142 158 -781.19
1 142 174 -781.19
1 142 179 -781.19
1 142 201 -781.19
1 143 146 -781.19
1 143 157 -2343.57
1 144 142 -1562.38
1 144 173 -781.19
1 145 142 -781.19
1 145 143 -781.19
1 145 151 -781.19
1 145 187 -781.19
1 145 226 -781.19
1 146 140 -781.19
1 146 141 -1562.38
1 146 145 -781.19
1 146 208 -781.19
1 146 229 -781.19
1 146 230 -781.19
1 146 232 -781.19
1 147 139 -2343.57
1 147 140 -781.19
1 147 141 -781.19
1 147 142 -781.19
1 147 229 -781.19
1 147 230 -781.19
1 147 233 -781.19
1 147 239 -781.19
1 147 240 -781.19
1 148 217 -781.19
1 148 221 -781.19
1 149 127 -781.19
1 149 147 -781.19
1 149 154 -781.19
1 149 222 -781.19
1 149 253 -781.19
1 150 160 -781.19
1 150 164 -781.19
1 150 177 -781.19
1 150 227 -781.19
1 150 236 -781.19
1 151 128 -781.19
1 151 228 -781.19
1 152 153 -781.19
1 152 173 -781.19
1 152 176 -781.19
1 152 222 -781.19
1 152 228 -781.19
1 153 126 -781.19
1 153 136 -781.19
1 153 155 -781.19
1 153 232 -781.19
1 153 238 -781.19
1 153 253 -781.19
1 154 126 -781.19
1 154 133 -781.19
1 154 161 -781.19
1 154 172 -781.19
1 154 220 -781.19
1 154 244 -781.19
1 155 170 -1562.38
1 155 216 -781.19
1 155 262 -781.19
1 156 160 -781.19
1 156 211 -781.19
1 156 223 -781.19
1 157 132 -781.19
1 157 133 -781.19
1 157 134 -2343.57
1 157 136 -781.19
1 157 194 -781.19
1 157 207 -781.19
1 157 240 -781.19
1 158 135 -781.19
1 158 248 -781.19
1 159 152 -781.19
1 159 231 -781.19
1 159 240 -781.19
1 159 247 -781.19
1 159 248 -781.19
1 159 250 -781.19
1 159 251 -781.19
1 159 257 -781.19
1 160 133 -781.19
1 160 249 -1562.38
1 160 251 -1562.38
1 160 252 -781.19
1 160 253 -781.19
1 160 262 -781.19
1 161 144 -1562.38
1 161 251 -781.19
1 161 253 -781.19
1 162 137 -1562.38
1 162 252 -1562.38
1 162 253 -781.19
1 163 152 -781.19
1 163 190 -781.19
1 163 236 -781.19
1 164 278 -781.19
1 164 290 -781.19
1 164 299 -781.19
1 165 133 -1562.38
1 165 134 -1562.38
1 165 135 -781.19
1 165 290 -781.19
1 166 131 -781.19
1 166 132 -781.19
1 166 133 -1562.38
1 166 134 -781.19
1 166 135 -781.19
1 166 210 -781.19
1 166 254 -781.19
1 166 255 -781.19
1 167 127 -781.19
1 167 132 -1562.38
1 167 133 -1562.38
1 167 134 -2343.57
1 167 256 -781.19
1 167 288 -781.19
1 167 294 -781.19
1 168 130 -781.19
1 168 131 -781.19
1 168 132 -3124.76
1 168 133 -3124.76
1 168 286 -781.19
1 168 287 -1562.38
1 168 291 -1562.38
1 169 128 -1562.38
1 169 129 -3124.76
1 169 131 -781.19
1 169 132 -3905.95
1 169 133 -2343.57
1 169 134 -7030.71
1 169 135 -781.19
1 169 236 -781.19
1 169 260 -781.19
1 169 271 -781.19
1 169 287 -781.19
1 169 290 -781.19
1 170 133 -2343.57
1 170 134 -9374.28
1 170 136 -781.19
1 170 187 -781.19
1 170 256 -781.19
1 170 287 -781.19
1 170 292 -781.19
1 171 133 -1562.38
1 171 134 -781.19
1 171 136 -3905.95
1 171 290 -781.19
1 172 257 -781.19
1 172 284 -781.19
1 172 295 -1562.38
1 172 311 -781.19
1 173 258 -781.19
1 173 278 -781.19
1 173 290 -781.19
1 173 292 -781.19
1 173 293 -1562.38
1 173 294 -781.19
1 174 124 -781.19
1 174 253 -781.19
1 174 261 -781.19
1 174 270 -781.19
1 174 283 -781.19
1 174 289 -781.19
1 174 293 -781.19
1 175 260 -781.19
1 175 288 -781.19
1 175 292 -1562.38
1 175 293 -781.19
1 175 296 -781.19
1 175 305 -781.19
1 176 274 -781.19
1 176 305 -781.19
1 177 289 -781.19
1 177 290 -781.19
1 178 243 -781.19
1 178 280 -781.19
1 178 285 -781.19
1 178 302 -781.19
1 178 305 -781.19
1 178 306 -781.19
1 178 311 -781.19
1 179 278 -781.19
1 179 285 -781.19
1 180 149 -781.19
1 180 286 -781.19
1 181 297 -781.19
1 181 307 -781.19
1 181 308 -781.19
1 183 242 -781.19
1 183 285 -781.19
1 183 295 -781.19
1 183 308 -781.19
1 183 309 -781.19
1 183 318 -781.19
1 184 263 -781.19
1 184 285 -781.19
1 184 313 -781.19
1 184 319 -781.19
1 185 257 -781.19
1 185 305 -781.19
1 185 306 -781.19
1 185 307 -781.19
1 185 315 -781.19
1 186 255 -781.19
1 186 265 -781.19
1 186 307 -1562.38
1 186 310 -781.19
1 188 262 -781.19
1 188 294 -781.19
1 188 295 -781.19
1 189 295 -781.19
1 189 309 -781.19
1 190 307 -781.19
1 190 308 -781.19
1 190 324 -781.19
1 191 292 -1562.38
1 191 304 -781.19
1 191 305 -781.19
1 192 258 -781.19
1 192 284 -781.19
1 192 304 -781.19
1 192 316 -781.19
1 192 319 -781.19
1 193 262 -781.19
1 193 301 -781.19
1 193 311 -781.19
1 193 313 -1562.38
1 194 284 -781.19
1 194 313 -781.19
1 195 269 -781.19
1 195 287 -781.19
1 195 289 -781.19
1 195 300 -781.19
1 195 311 -781.19
1 195 313 -781.19
1 196 269 -781.19
1 196 275 -781.19
1 196 303 -781.19
1 196 324 -781.19
1 196 333 -781.19
1 197 264 -781.19
1 197 283 -781.19
1 197 300 -781.19
1 197 322 -781.19
1 197 325 -781.19
1 198 242 -781.19
1 198 276 -1562.38
1 198 309 -781.19
1 198 311 -781.19
1 199 283 -781.19
1 199 311 -781.19
1 199 324 -781.19
1 200 280 -781.19
1 200 286 -781.19
1 200 296 -781.19
1 200 299 -781.19
1 200 306 -781.19
1 200 307 -781.19
1 200 312 -781.19
1 200 343 -781.19
1 200 345 -781.19
1 201 257 -781.19
1 202 280 -781.19
1 202 287 -781.19
1 202 297 -781.19
1 202 301 -781.19
1 202 302 -781.19
1 203 215 -781.19
1 203 304 -781.19
1 203 305 -781.19
1 203 309 -781.19
1 203 315 -781.19
1 205 263 -781.19
1 205 303 -781.19
1 205 304 -781.19
1 205 317 -781.19
1 205 318 -781.19
1 205 319 -781.19
1 206 264 -781.19
1 206 270 -781.19
1 206 301 -781.19
1 206 304 -781.19
1 206 315 -781.19
1 206 317 -1562.38
1 207 262 -781.19
1 207 300 -781.19
1 207 301 -1562.38
1 207 303 -781.19
1 207 304 -781.19
1 207 306 -1562.38
1 207 315 -781.19
1 207 317 -781.19
1 208 298 -1562.38
1 208 299 -1562.38
1 208 306 -781.19
1 208 317 -781.19
1 208 328 -781.19
1 209 284 -781.19
1 209 297 -781.19
1 209 302 -781.19
1 210 284 -781.19
1 210 301 -781.19
1 210 302 -781.19
1 210 342 -781.19
1 211 301 -781.19
1 211 321 -781.19
1 212 295 -781.19
1 212 347 -781.19
1 213 226 -781.19
1 213 287 -781.19
1 213 303 -781.19
1 213 329 -781.19
1 214 319 -781.19
1 215 289 -781.19
1 215 311 -781.19
1 215 353 -781.19
1 216 323 -781.19
1 216 341 -781.19
1 217 244 -781.19
1 217 249 -781.19
1 217 351 -781.19
1 218 209 -781.19
1 218 243 -781.19
1 218 292 -781.19
1 218 345 -1562.38
1 221 240 -781.19
1 221 611 -781.19
1 222 254 -781.19
1 222 362 -781.19
1 224 338 -781.19
1 224 359 -781.19
1 225 323 -781.19
1 225 329 -781.19
1 225 332 -781.19
1 225 368 -781.19
1 225 373 -781.19
1 225 378 -781.19
1 225 382 -1562.38
1 226 323 -781.19
1 226 388 -1562.38
1 226 618 -781.19
1 227 315 -781.19
1 228 606 -781.19
1 229 385 -1562.38
1 229 392 -781.19
1 229 393 -781.19
1 229 397 -3124.76
1 229 618 -3905.95
1 230 338 -781.19
1 230 373 -1562.38
1 230 384 -781.19
1 230 392 -1562.38
1 230 393 -3124.76
1 230 396 -781.19
1 230 605 -781.19
1 231 343 -781.19
1 231 383 -781.19
1 231 392 -3905.95
1 231 393 -8593.09
1 231 398 -781.19
1 231 603 -781.19
1 231 607 -1562.38
1 232 259 -781.19
1 232 300 -781.19
1 232 384 -781.19
1 232 389 -781.19
1 232 393 -4687.14
1 232 394 -3124.76
1 232 405 -781.19
1 232 604 -1562.38
1 232 606 -1562.38
1 232 607 -2343.57
1 232 608 -781.19
1 233 373 -781.19
1 233 393 -781.19
1 233 403 -781.19
1 233 406 -3124.76
1 233 601 -1562.38
1 233 602 -781.19
1 234 374 -781.19
1 234 388 -781.19
1 234 389 -781.19
1 234 406 -2343.57
1 234 407 -1562.38
1 234 601 -781.19
1 234 602 -1562.38
1 234 603 -2343.57
1 234 604 -781.19
1 234 605 -1562.38
1 234 606 -781.19
1 234 609 -781.19
1 234 620 -781.19
1 234 621 -781.19
1 235 342 -781.19
1 235 368 -781.19
1 235 389 -781.19
1 235 392 -781.19
1 235 404 -781.19
1 235 406 -781.19
1 235 599 -781.19
1 235 600 -1562.38
1 235 602 -2343.57
1 235 603 -781.19
1 235 606 -781.19
1 235 608 -781.19
1 236 256 -781.19
1 236 359 -781.19
1 236 377 -1562.38
1 236 378 -781.19
1 236 389 -1562.38
1 236 600 -781.19
1 236 601 -781.19
1 236 602 -1562.38
1 236 605 -781.19
1 236 606 -781.19
1 236 607 -781.19
1 236 620 -781.19
1 237 330 -781.19
1 237 377 -781.19
1 237 384 -781.19
1 237 388 -781.19
1 237 605 -1562.38
1 237 606 -2343.57
1 237 607 -1562.38
1 237 608 -3905.95
1 237 609 -2343.57
1 237 620 -781.19
1 238 346 -781.19
1 238 391 -781.19
1 238 410 -781.19
1 238 602 -781.19
1 238 603 -781.19
1 238 606 -3905.95
1 238 607 -4687.14
1 238 608 -3124.76
1 238 610 -781.19
1 239 297 -781.19
1 239 323 -781.19
1 239 404 -781.19
1 239 601 -781.19
1 239 603 -781.19
1 239 607 -1562.38
1 239 608 -3124.76
1 239 609 -2343.57
1 239 610 -1562.38
1 239 615 -1562.38
1 240 267 -781.19
1 240 319 -781.19
1 240 327 -781.19
1 240 352 -781.19
1 240 374 -1562.38
1 240 392 -1562.38
1 240 396 -781.19
1 240 406 -781.19
1 240 603 -781.19
1 240 605 -2343.57
1 240 606 -3124.76
1 240 607 -1562.38
1 240 620 -1562.38
1 240 621 -781.19
1 241 339 -781.19
1 241 352 -781.19
1 241 370 -1562.38
1 241 375 -781.19
1 241 409 -781.19
1 241 577 -781.19
1 241 603 -1562.38
1 241 605 -2343.57
1 241 606 -1562.38
1 241 607 -1562.38
1 241 608 -1562.38
1 241 609 -3905.95
1 241 610 -781.19
1 241 611 -781.19
1 241 620 -781.19
1 241 621 -781.19
1 242 314 -781.19
1 242 318 -781.19
1 242 336 -781.19
1 242 338 -781.19
1 242 339 -781.19
1 242 373 -2343.57
1 242 374 -4687.14
1 242 406 -1562.38
1 242 603 -1562.38
1 242 604 -5468.33
1 242 605 -7030.71
1 242 606 -2343.57
1 242 607 -3905.95
1 242 608 -3905.95
1 242 609 -2343.57
1 242 610 -2343.57
1 242 616 -781.19
1 242 622 -781.19
1 242 623 -2343.57
1 243 366 -781.19
1 243 369 -781.19
1 243 372 -1562.38
1 243 373 -6249.52
1 243 374 -2343.57
1 243 386 -781.19
1 243 391 -781.19
1 243 405 -781.19
1 243 406 -781.19
1 243 407 -1562.38
1 243 409 -781.19
1 243 577 -781.19
1 243 606 -5468.33
1 243 607 -3905.95
1 243 608 -1562.38
1 243 609 -4687.14
1 243 620 -781.19
1 243 622 -1562.38
1 243 623 -6249.52
1 244 371 -781.19
1 244 372 -1562.38
1 244 373 -2343.57
1 244 415 -781.19
1 244 598 -781.19
1 244 606 -3124.76
1 244 607 -781.19
1 244 611 -781.19
1 244 616 -781.19
1 244 622 -781.19
1 244 623 -3124.76
1 244 624 -781.19
1 245 312 -781.19
1 245 315 -781.19
1 245 326 -781.19
1 245 335 -781.19
1 245 338 -781.19
1 245 356 -1562.38
1 245 371 -781.19
1 245 413 -781.19
1 245 586 -781.19
1 245 604 -781.19
1 245 605 -2343.57
1 245 606 -3905.95
1 245 607 -3124.76
1 245 609 -3905.95
1 245 610 -1562.38
1 245 612 -1562.38
1 245 616 -1562.38
1 245 619 -781.19
1 245 620 -1562.38
1 245 622 -781.19
1 246 214 -781.19
1 246 342 -781.19
1 246 356 -781.19
1 246 357 -781.19
1 246 374 -781.19
1 246 413 -781.19
1 246 590 -781.19
1 246 599 -781.19
1 246 600 -4687.14
1 246 605 -3124.76
1 246 606 -5468.33
1 246 607 -3124.76
1 246 610 -781.19
1 246 612 -1562.38
1 246 614 -781.19
1 246 615 -781.19
1 246 623 -781.19
1 247 314 -781.19
1 247 331 -781.19
1 247 367 -1562.38
1 247 368 -3905.95
1 247 387 -1562.38
1 247 413 -781.19
1 247 578 -781.19
1 247 597 -781.19
1 247 598 -5468.33
1 247 599 -4687.14
1 247 600 -7811.9
1 247 601 -7811.9
1 247 605 -1562.38
1 247 609 -1562.38
1 247 610 -1562.38
1 247 611 -3124.76
1 247 612 -3124.76
1 247 613 -1562.38
1 247 618 -1562.38
1 247 619 -781.19
1 247 623 -781.19
1 248 307 -781.19
1 248 367 -781.19
1 248 368 -3124.76
1 248 371 -1562.38
1 248 372 -3905.95
1 248 387 -1562.38
1 248 388 -4687.14
1 248 413 -781.19
1 248 416 -781.19
1 248 529 -781.19
1 248 567 -781.19
1 248 596 -5468.33
1 248 597 -3905.95
1 248 598 -7811.9
1 248 599 -4687.14
1 248 600 -3124.76
1 248 601 -4687.14
1 248 602 -2343.57
1 248 605 -781.19
1 248 608 -781.19
1 248 609 -1562.38
1 248 610 -2343.57
1 248 611 -4687.14
1 248 612 -4687.14
1 248 613 -5468.33
1 248 618 -781.19
1 248 619 -781.19
1 248 620 -781.19
1 248 623 -1562.38
1 249 333 -781.19
1 249 334 -781.19
1 249 365 -1562.38
1 249 366 -2343.57
1 249 367 -781.19
1 249 368 -2343.57
1 249 371 -781.19
1 249 387 -781.19
1 249 388 -781.19
1 249 400 -781.19
1 249 412 -781.19
1 249 567 -781.19
1 249 593 -1562.38
1 249 595 -4687.14
1 249 596 -5468.33
1 249 597 -8593.09
1 249 603 -2343.57
1 249 604 -6249.52
1 249 605 -3905.95
1 249 607 -3124.76
1 249 609 -781.19
1 249 610 -1562.38
1 249 611 -3905.95
1 249 612 -7030.71
1 249 613 -1562.38
1 249 618 -781.19
1 249 623 -781.19
1 250 331 -781.19
1 250 355 -781.19
1 250 365 -1562.38
1 250 366 -3905.95
1 250 367 -2343.57
1 250 368 -781.19
1 250 369 -1562.38
1 250 370 -1562.38
1 250 371 -4687.14
1 250 382 -781.19
1 250 406 -781.19
1 250 413 -781.19
1 250 414 -781.19
1 250 423 -781.19
1 250 436 -781.19
1 250 568 -781.19
1 250 579 -781.19
1 250 591 -781.19
1 250 594 -781.19
1 250 596 -6249.52
1 250 597 -1562.38
1 250 602 -781.19
1 250 603 -5468.33
1 250 604 -4687.14
1 250 605 -3124.76
1 250 607 -781.19
1 250 608 -2343.57
1 250 609 -781.19
1 250 610 -781.19
1 250 613 -781.19
1 251 276 -781.19
1 251 322 -781.19
1 251 365 -2343.57
1 251 366 -7030.71
1 251 367 -1562.38
1 251 368 -1562.38
1 251 371 -781.19
1 251 379 -781.19
1 251 407 -781.19
1 251 414 -781.19
1 251 424 -781.19
1 251 598 -781.19
1 251 604 -781.19
1 251 605 -781.19
1 251 607 -781.19
1 251 610 -781.19
1 252 236 -781.19
1 252 365 -2343.57
1 252 366 -5468.33
1 252 367 -5468.33
1 252 368 -1562.38
1 252 376 -781.19
1 252 412 -781.19
1 252 416 -781.19
1 252 428 -781.19
1 252 506 -781.19
1 252 507 -781.19
1 252 528 -781.19
1 252 534 -781.19
1 252 544 -781.19
1 252 576 -781.19
1 252 591 -1562.38
1 252 596 -1562.38
1 252 597 -1562.38
1 252 598 -781.19
1 252 599 -1562.38
1 252 608 -1562.38
1 252 609 -781.19
1 252 611 -781.19
1 252 620 -781.19
1 253 259 -781.19
1 253 342 -781.19
1 253 363 -781.19
1 253 365 -1562.38
1 253 366 -4687.14
1 253 367 -3124.76
1 253 370 -781.19
1 253 375 -1562.38
1 253 404 -781.19
1 253 433 -1562.38
1 253 506 -781.19
1 253 543 -781.19
1 253 546 -781.19
1 253 547 -781.19
1 253 566 -781.19
1 253 586 -1562.38
1 253 596 -781.19
1 253 597 -3124.76
1 253 601 -781.19
1 253 604 -781.19
1 253 605 -781.19
1 253 614 -2343.57
1 254 366 -1562.38
1 254 478 -781.19
1 254 581 -781.19
1 254 584 -781.19
1 254 585 -4687.14
1 254 586 -3905.95
1 254 587 -2343.57
1 254 588 -2343.57
1 254 589 -3124.76
1 254 598 -781.19
1 254 599 -781.19
1 254 601 -1562.38
1 254 604 -1562.38
1 254 605 -781.19
1 254 606 -781.19
1 254 611 -781.19
1 255 341 -781.19
1 255 346 -781.19
1 255 371 -781.19
1 255 402 -781.19
1 255 442 -781.19
1 255 445 -781.19
1 255 461 -781.19
1 255 479 -781.19
1 255 512 -781.19
1 255 513 -781.19
1 255 526 -781.19
1 255 547 -781.19
1 255 548 -781.19
1 255 565 -781.19
1 255 583 -2343.57
1 255 584 -3124.76
1 255 585 -3124.76
1 255 586 -3124.76
1 255 587 -1562.38
1 255 588 -781.19
1 255 591 -781.19
1 255 594 -781.19
1 255 597 -781.19
1 255 600 -1562.38
1 255 607 -781.19
1 256 346 -781.19
1 256 350 -781.19
1 256 367 -781.19
1 256 373 -781.19
1 256 374 -781.19
1 256 491 -781.19
1 256 526 -781.19
1 256 531 -2343.57
1 256 532 -781.19
1 256 547 -781.19
1 256 548 -1562.38
1 256 549 -781.19
1 256 575 -781.19
1 256 578 -1562.38
1 256 580 -781.19
1 256 584 -2343.57
1 256 585 -1562.38
1 256 592 -1562.38
1 256 594 -5468.33
1 256 595 -3124.76
1 256 607 -3124.76
1 256 608 -1562.38
1 256 609 -781.19
1 257 330 -781.19
1 257 461 -781.19
1 257 497 -781.19
1 257 503 -781.19
1 257 506 -781.19
1 257 512 -781.19
1 257 527 -2343.57
1 257 529 -781.19
1 257 532 -781.19
1 257 549 -781.19
1 257 574 -781.19
1 257 575 -2343.57
1 257 584 -2343.57
1 257 585 -2343.57
1 257 593 -1562.38
1 257 594 -6249.52
1 257 595 -3124.76
1 257 597 -1562.38
1 257 606 -5468.33
1 257 607 -781.19
1 258 307 -781.19
1 258 330 -781.19
1 258 366 -781.19
1 258 485 -1562.38
1 258 489 -1562.38
1 258 491 -781.19
1 258 493 -781.19
1 258 494 -781.19
1 258 496 -781.19
1 258 497 -781.19
1 258 498 -2343.57
1 258 499 -1562.38
1 258 502 -781.19
1 258 503 -781.19
1 258 529 -1562.38
1 258 531 -781.19
1 258 532 -781.19
1 258 533 -1562.38
1 258 535 -781.19
1 258 546 -781.19
1 258 550 -781.19
1 258 556 -1562.38
1 258 564 -781.19
1 258 576 -781.19
1 258 583 -781.19
1 258 584 -2343.57
1 258 586 -2343.57
1 258 594 -2343.57
1 258 606 -3905.95
1 258 607 -781.19
1 259 346 -781.19
1 259 369 -1562.38
1 259 402 -781.19
1 259 444 -781.19
1 259 456 -781.19
1 259 485 -781.19
1 259 486 -781.19
1 259 488 -781.19
1 259 489 -781.19
1 259 490 -1562.38
1 259 509 -1562.38
1 259 510 -781.19
1 259 522 -781.19
1 259 528 -781.19
1 259 529 -781.19
1 259 531 -781.19
1 259 532 -781.19
1 259 545 -781.19
1 259 549 -781.19
1 259 554 -1562.38
1 259 555 -1562.38
1 259 556 -2343.57
1 259 557 -2343.57
1 259 575 -3124.76
1 259 576 -781.19
1 259 579 -781.19
1 259 584 -781.19
1 259 585 -3124.76
1 259 586 -1562.38
1 260 369 -1562.38
1 260 404 -1562.38
1 260 443 -781.19
1 260 454 -781.19
1 260 485 -781.19
1 260 486 -1562.38
1 260 487 -781.19
1 260 492 -781.19
1 260 499 -781.19
1 260 502 -1562.38
1 260 517 -781.19
1 260 527 -781.19
1 260 545 -2343.57
1 260 548 -781.19
1 260 554 -781.19
1 260 556 -781.19
1 260 567 -781.19
1 260 576 -781.19
1 260 577 -781.19
1 261 397 -781.19
1 261 404 -781.19
1 261 444 -781.19
1 261 483 -781.19
1 261 487 -781.19
1 261 501 -781.19
1 261 502 -781.19
1 261 545 -781.19
1 261 551 -781.19
1 261 552 -781.19
1 261 565 -781.19
1 262 254 -781.19
1 262 353 -1562.38
1 262 369 -781.19
1 262 425 -781.19
1 262 443 -781.19
1 262 458 -781.19
1 262 483 -1562.38
1 262 493 -781.19
1 262 501 -781.19
1 262 502 -781.19
1 262 523 -781.19
1 262 524 -781.19
1 262 535 -781.19
1 262 536 -781.19
1 262 537 -781.19
1 262 542 -781.19
1 262 546 -781.19
1 262 584 -781.19
1 262 587 -781.19
1 263 355 -781.19
1 263 415 -781.19
1 263 484 -781.19
1 263 493 -781.19
1 263 509 -781.19
1 263 522 -781.19
1 263 523 -1562.38
1 263 524 -1562.38
1 263 541 -1562.38
1 263 542 -781.19
1 263 543 -781.19
1 263 546 -1562.38
1 263 576 -781.19
1 263 579 -781.19
1 263 581 -3124.76
1 264 369 -781.19
1 264 379 -781.19
1 264 481 -781.19
1 264 482 -781.19
1 264 493 -781.19
1 264 503 -781.19
1 264 504 -781.19
1 264 516 -781.19
1 264 521 -2343.57
1 264 527 -781.19
1 264 543 -3124.76
1 264 568 -781.19
1 264 575 -781.19
1 264 576 -1562.38
1 265 336 -781.19
1 265 367 -1562.38
1 265 457 -781.19
1 265 459 -781.19
1 265 511 -781.19
1 265 516 -781.19
1 265 520 -781.19
1 265 524 -781.19
1 265 568 -1562.38
1 266 314 -781.19
1 266 413 -781.19
1 266 456 -781.19
1 266 478 -781.19
1 266 481 -781.19
1 266 483 -781.19
1 266 484 -781.19
1 266 485 -781.19
1 266 492 -781.19
1 266 498 -781.19
1 266 505 -781.19
1 266 518 -781.19
1 266 523 -781.19
1 266 543 -781.19
1 266 545 -781.19
1 266 549 -781.19
1 266 555 -781.19
1 267 337 -781.19
1 267 365 -781.19
1 267 381 -781.19
1 267 459 -781.19
1 267 460 -1562.38
1 267 505 -781.19
1 267 507 -781.19
1 267 543 -781.19
1 267 544 -1562.38
1 267 549 -781.19
1 267 553 -2343.57
1 267 562 -781.19
1 268 507 -1562.38
1 268 540 -781.19
1 268 541 -781.19
1 268 542 -1562.38
1 268 543 -3124.76
1 268 544 -1562.38
1 268 549 -781.19
1 268 551 -781.19
1 268 552 -781.19
1 268 553 -781.19
1 269 362 -781.19
1 269 505 -1562.38
1 269 507 -781.19
1 269 528 -781.19
1 269 543 -781.19
1 269 547 -1562.38
1 270 474 -781.19
1 270 475 -1562.38
1 270 479 -781.19
1 270 491 -781.19
1 270 504 -781.19
1 270 507 -781.19
1 270 526 -781.19
1 271 375 -781.19
1 271 388 -781.19
1 271 479 -781.19
1 271 481 -781.19
1 271 487 -781.19
1 271 491 -781.19
1 271 526 -781.19
1 272 469 -781.19
1 272 493 -781.19
1 272 495 -1562.38
1 272 496 -781.19
1 272 502 -781.19
1 272 526 -2343.57
1 273 441 -781.19
1 273 462 -781.19
1 273 526 -781.19
1 275 463 -781.19
1 275 480 -781.19
1 275 502 -781.19
1 275 504 -781.19
1 276 502 -781.19
1 277 393 -781.19
1 279 459 -781.19
1 280 563 -781.19
1 282 434 -781.19
1 282 435 -781.19
1 283 461 -781.19
1 283 482 -781.19
1 283 483 -781.19
1 285 437 -781.19
1 285 482 -781.19
1 285 483 -781.19
1 286 377 -781.19
1 286 464 -781.19
1 288 469 -781.19
1 289 362 -781.19
1 289 443 -781.19
1 292 358 -781.19
1 293 390 -2343.57
1 293 391 -781.19
1 296 390 -781.19
1 301 359 -781.19
1 301 378 -781.19
1 85 106 -781.19
1 92 112 -1562.38
1 93 117 -781.19
1 97 89 -781.19
1 98 101 -781.19
1 99 126 -781.19
1 99 136 -781.19
1 147 119 -1826.71
1 148 187 -13911.1
1 150 114 -12787.0
1 153 113 -11803.3
1 156 158 -12084.4
1 157 160 -8852.52
1 167 186 -8149.94
1 170 169 -168619.0
1 197 280 -13068.0
1 199 225 -22623.1
1 210 300 -4215.48
1 211 298 -4215.48
1 234 285 -13068.0
1 244 234 -39485.0
1 259 541 -140.52
1 265 469 -140.52
1 267 479 -3231.87
1 271 361 -373.9
1 272 454 -68.09
1 285 433 -6323.23
1 291 453 -15735.5
1 299 360 -8712.0
1 131 118 -1124.13
1 132 183 -5761.16
1 140 173 -10398.2
1 141 124 -31475.6
1 155 192 -11662.8
1 157 117 -8852.52
1 157 190 -140.52
1 158 205 -13770.6
1 169 164 -8993.03
1 172 162 -8571.48
1 172 163 -8571.48
1 172 164 -8571.48
1 173 196 -140.52
1 195 280 -15737.8
1 203 296 -95832.0
1 218 173 -68009.8
1 226 358 -7121.24
1 247 335 -18407.6
1 256 333 -6744.77
1 265 349 -8712.0
1 267 346 -6744.77
1 271 470 -2529.29
1 274 431 -3213650.0
1 280 367 -14051.6
1 285 357 -4918.06
1 289 374 -1405.16
1 293 378 -8993.03
1 299 335 -48759.1
1 143 152 -13630.1
1 144 130 -4918.06
1 151 143 -3934.45
1 153 185 -20796.4
1 153 212 -15175.7
1 161 161 -10117.2
1 164 159 -12927.5
1 167 163 -19110.2
1 175 178 -2107.74
1 176 128 -1405.16
1 188 287 -843.1
1 189 206 -51991.0
1 201 279 -25573.9
1 221 294 -19531.7
1 221 361 -702.58
1 222 252 -11522.3
1 222 266 -24871.3
1 224 273 -22061.0
1 226 361 -17986.1
1 234 319 -22342.1
1 235 317 -22342.1
1 237 292 -14478.8
1 245 243 -17705.0
1 248 238 -17424.0
1 248 331 -9555.1
1 256 342 -7306.84
1 259 347 -9695.61
1 266 345 -15316.3
1 271 268 -29929.9
1 274 278 -8430.97
1 289 355 -562.06
1 295 392 -4074.97
1 296 391 -4918.06
1 296 393 -9133.55
1 146 180 -562.06
1 147 148 -9133.55
1 149 124 -562.06
1 149 202 -14192.1
1 150 186 -23887.7
1 151 211 -2950.84
1 152 180 -562.06
1 158 173 -843.1
1 164 124 -421.55
1 165 167 -4215.48
1 168 164 -9133.55
1 168 166 -9133.55
1 170 115 -6323.23
1 171 125 -562.06
1 176 222 -3231.87
1 184 210 -15456.8
1 188 207 -51288.4
1 189 288 -2669.81
1 193 280 -14754.2
1 206 280 -9836.13
1 209 281 -38336.8
1 210 249 -15175.7
1 211 263 -19812.8
1 211 296 -4637.03
1 213 270 -26979.1
1 219 272 -5058.58
1 221 302 -702.58
1 221 317 -19812.8
1 224 287 -8571.48
1 230 352 -36393.7
1 231 270 -4356.0
1 231 347 -5339.61
1 235 295 -13911.1
1 236 342 -11522.3
1 236 344 -6042.19
1 240 337 -18829.2
1 240 357 -15175.7
1 244 333 -3565.64
1 246 332 -5761.16
1 246 337 -14613.7
1 251 334 -19110.2
1 258 343 -843.1
1 258 345 -3512.9
1 260 345 -6042.19
1 261 340 -4918.06
1 262 286 -1967.23
1 262 361 -20093.8
1 263 344 -4356.0
1 263 350 -4496.52
1 267 321 -11943.9
1 267 428 -8150.21
1 269 364 -281.03
1 269 365 -1124.13
1 270 267 -21217.9
1 270 361 -5620.65
1 271 267 -21217.9
1 271 355 -8149.94
1 271 363 -14894.7
1 275 399 -182.24
1 281 331 -5058.58
1 284 333 -2810.32
1 289 371 -7728.39
1 290 371 -10538.7
1 291 365 -2388.77
1 296 358 -107833.0
1 297 356 -4496.52
1 297 391 -14332.7
1 299 347 -1545.68
1 125 93 -2248.26
1 142 169 -3372.39
1 145 116 -5058.58
1 146 146 -3934.45
1 152 213 -7166.32
1 155 116 -2529.29
1 156 214 -44543.6
1 161 185 -22061.0
1 166 203 -2248.26
1 168 216 -59016.8
1 183 232 -14192.1
1 192 232 -20093.8
1 193 235 -25855.0
1 201 310 -281.03
1 211 195 -3512.9
1 215 261 -14051.6
1 221 339 -14051.6
1 222 324 -3091.35
1 226 354 -12084.4
1 230 358 -6182.71
1 232 347 -1826.71
1 233 341 -7025.81
1 242 618 -7025.81
1 248 344 -14613.7
1 263 345 -22482.6
1 263 427 -140.52
1 263 570 -13068.0
1 264 348 -1967.23
1 265 414 -140.52
1 268 366 -1124.13
1 286 302 -983.61
1 292 360 -281.03
1 293 357 -16299.9
1 295 362 -3653.42
1 297 439 -1044710.0
1 145 166 -5761.16
1 150 121 -9695.61
1 150 127 -1545.68
1 152 118 -16440.4
1 156 124 -6885.29
1 185 168 -8430.97
1 224 257 -4356.0
1 230 223 -12084.4
1 276 358 -5480.13
1 281 445 -702.58
1 282 357 -421.55
1 137 168 -6463.74
1 149 213 -21217.9
1 189 195 -5058.58
1 190 250 -2669.81
1 210 253 -20655.9
1 217 236 -18407.6
1 245 324 -843.1
1 270 480 -140.52
1 291 354 -140.52
1 145 131 -10819.7
1 148 166 -3091.35
1 151 118 -2529.29
1 153 116 -983.61
1 158 114 -3934.45
1 188 197 -12927.5
1 188 204 -9836.13
1 206 169 -843.1
1 206 281 -702.58
1 208 226 -13208.5
1 211 266 -42708.8
1 213 276 -172273.0
1 214 274 -2091.03
1 220 278 -12136.9
1 223 372 -45386.7
1 232 398 -983.61
1 233 375 -1686.19
1 239 385 -3825.26
1 239 416 -28.72
1 241 238 -4637.03
1 245 408 -7728.39
1 246 320 -1967.23
1 248 454 -1264.65
1 259 351 -4495.55
1 265 360 -26964.2
1 265 489 -7211.87
1 269 360 -8447.76
1 272 360 -14473.2
1 273 521 -11522.3
1 274 327 -1264.65
1 274 432 -2388.77
1 274 521 -843.1
1 275 465 -377.98
1 280 371 -843.1
1 290 322 -17143.0
1 294 354 -38141.3
1 147 183 -3934.45
1 205 310 -140.52
1 257 342 -2107.74
1 201 251 -13349.0
1 201 301 -3231.87
1 251 286 -1967.23
1 261 570 -13068.0
1 265 488 -281.03
1 294 356 -281.03
1 144 132 -140.52
1 135 160 -2248.26
1 136 173 -1686.19
1 144 189 -3231.87
1 154 112 -421.55
1 156 131 -702.58
1 164 169 -3653.42
1 167 247 -1124.13
1 183 205 -140.52
1 186 209 -35269.6
1 204 300 -42.84
1 215 269 -29227.3
1 225 242 -20796.4
1 226 375 -69696.2
1 235 420 -3934.45
1 238 302 -4777.55
1 242 355 -219.26
1 245 406 -1686.19
1 247 591 -1405.16
1 248 590 -1405.16
1 248 593 -1405.16
1 255 333 -13448.0
1 256 443 -494.73
1 258 339 -2175.11
1 258 416 -281.78
1 259 414 -1545.68
1 269 482 -140.52
1 270 476 -2107.74
1 273 523 -120844.0
1 274 506 -1124.13
1 275 479 -18548.1
1 280 458 -1889.17
1 293 458 -21358.4
1 297 388 -1695.78
1 298 384 -130.74
1 298 391 -1264.65
1 204 299 -562.06
1 221 300 -1264.65
1 134 167 -7728.39
1 159 157 -12927.5
1 160 117 -3793.94
1 197 298 -36.03
1 211 290 -4637.03
1 221 351 -140.52
1 226 330 -20211.7
1 237 406 -3440.96
1 244 430 -1826.71
1 247 342 -130.62
1 253 427 -3593.12
1 253 443 -1060.9
1 254 398 -214.56
1 254 442 -2888.78
1 254 444 -889.43
1 254 445 -86.66
1 256 445 -1511.56
1 261 346 -826.91
1 261 369 -2222.55
1 262 555 -281.03
1 263 448 -140.52
1 270 319 -1032.82
1 271 364 -2529.29
1 271 471 -281.03
1 271 489 -3027.05
1 272 371 -140.52
1 273 520 -702.58
1 275 371 -702.58
1 277 386 -1405.16
1 262 394 -644551.0
1 271 492 -140.52
1 167 168 -4215.48
1 157 122 -702.58
1 160 136 -562.06
1 169 201 -10257.7
1 199 297 -235.98
1 212 315 -170.85
1 214 287 -438.15
1 224 372 -2950.84
1 246 609 -2533.95
1 247 343 -69.46
1 247 590 -1405.16
1 255 446 -702.48
1 261 524 -45620.2
1 261 525 -45620.2
1 268 567 -13068.0
1 276 386 -1405.16
1 278 371 -1264.65
1 281 446 -843.1
1 284 406 -3231.87
1 291 458 -195.74
1 295 390 -8149.94
1 297 384 -281.03
1 297 387 -281.03
1 165 158 -12927.5
1 240 619 -1264.65
1 257 443 -2325.22
1 162 205 -13208.5
1 170 249 -1124.13
1 244 330 -562.06
1 248 343 -177.42
1 249 589 -1405.16
1 254 394 -44.2
1 261 362 -20093.8
1 276 469 -140.52
1 276 484 -281.03
1 282 451 -562.06
1 207 193 -2669.81
1 134 173 -1686.19
1 145 139 -281.03
1 150 115 -3091.35
1 206 299 -13.12
1 239 305 -1237.08
1 261 461 -140.52
1 233 400 -65761.5
1 268 360 -562.06
1 117 117 -2669.81
1 178 182 -983.61
1 183 311 -2812.44
1 185 196 -10960.3
1 201 309 -281.03
1 220 175 -20234.3
1 244 355 -13191.8
1 245 261 -13191.8
1 259 512 -562.06
1 260 541 -140.52
1 262 563 -13068.0
1 269 319 -18868.2
1 269 429 -3274.26
1 270 496 -10398.2
1 271 512 -562.06
1 273 506 -562.06
1 290 355 -15930.8
1 294 370 -25292.9
