1 62 1 3798.3
1 61 2 3770.7
1 60 3 3749.7
1 59 4 3733.5
1 58 5 3721.5
1 57 6 3713.4
1 56 7 3709.2
1 55 8 3709.0
1 54 9 3713.4
1 53 10 3722.5
1 52 11 3736.7
1 51 12 3755.5
1 49 13 3767.8
1 50 13 3777.1
1 48 14 3789.3
1 47 15 3784.5
1 46 16 3776.7
1 45 17 3766.9
1 45 18 3767.6
1 45 19 3768.3
1 44 20 3756.4
1 44 21 3756.2
1 44 22 3755.5
1 44 23 3754.2
1 44 24 3752.2
1 44 25 3749.4
1 44 26 3745.6
1 44 27 3740.7
1 44 28 3734.5
1 44 29 3727.0
1 44 30 3717.9
1 44 31 3707.0
1 44 32 3694.2
1 44 33 3679.1
1 44 34 3661.5
1 44 35 3641.1
1 44 36 3617.4
1 44 37 3589.8
1 44 38 3557.8
1 44 39 3520.3
1 44 40 3476.1
1 44 41 3422.8
1 43 42 3304.0
1 43 43 3265.0
1 43 44 3203.3
1 42 45 3052.1
1 42 46 2997.6
1 40 47 2765.7
1 41 47 2812.0
1 40 48 2729.6
1 40 49 2663.5
1 40 50 2567.6
1 35 78 4859.7
1 35 79 4888.1
1 34 80 4945.1
1 33 81 5025.5
1 32 82 5089.1
1 31 83 5102.5
1 30 84 5114.2
1 29 85 5123.1
1 28 86 5145.4
1 27 87 5164.2
1 26 88 5190.3
1 25 89 5217.8
1 25 90 5254.2
1 24 91 5241.3
1 24 92 5256.5
1 24 93 5293.6
1 24 94 5330.6
1 23 95 5345.7
1 23 96 5386.0
1 23 97 5422.3
1 22 98 5430.3
1 22 99 5471.4
1 22 100 5508.4
1 22 101 5545.7
1 21 102 5566.0
1 21 103 5611.1
1 20 104 5633.2
1 20 105 5675.7
1 19 106 5707.7
1 19 107 5752.1
1 18 108 5788.7
1 18 109 5828.5
1 17 110 5747.7
1 17 111 5758.8
1 17 112 5868.1
1 65 109 6030.5
1 66 109 6027.0
1 67 109 5976.4
1 68 109 5941.6
1 69 109 5951.1
1 62 110 5964.5
1 63 110 6002.2
1 64 110 6023.1
1 70 110 6040.0
1 60 111 5859.4
1 61 111 5880.9
1 71 111 6106.0
1 37 112 5647.1
1 38 112 5707.3
1 39 112 5768.9
1 40 112 5814.4
1 41 112 5851.4
1 42 112 5873.4
1 43 112 5884.6
1 44 112 5893.7
1 45 112 5900.9
1 46 112 5910.4
1 47 112 5919.3
1 48 112 5936.9
1 55 112 5739.6
1 56 112 5761.3
1 57 112 5778.4
1 58 112 5795.2
1 59 112 5810.1
1 72 112 6143.0
1 16 113 5956.8
1 33 113 5631.7
1 34 113 5615.1
1 35 113 5599.2
1 36 113 5578.7
1 49 113 5930.6
1 50 113 5908.4
1 51 113 5855.3
1 52 113 5800.7
1 53 113 5744.1
1 54 113 5707.4
1 73 113 6175.3
1 16 114 6015.9
1 29 114 5721.3
1 30 114 5696.1
1 31 114 5668.3
1 32 114 5633.3
1 74 114 6198.4
1 75 114 6202.5
1 16 115 6072.6
1 25 115 5833.0
1 26 115 5810.2
1 27 115 5781.0
1 28 115 5741.0
1 76 115 6234.3
1 16 116 6127.9
1 21 116 5975.7
1 22 116 5990.6
1 23 116 5903.4
1 24 116 5863.2
1 77 116 6249.5
1 78 116 6247.6
1 79 116 6260.2
1 16 117 6182.1
1 20 117 6023.7
1 80 117 6281.1
1 81 117 6279.2
1 82 117 6258.6
1 83 117 6231.1
1 84 117 6202.0
1 16 118 6219.5
1 17 118 6185.7
1 18 118 6138.6
1 19 118 6085.1
1 85 118 6131.5
1 85 119 6089.7
1 86 120 6072.5
1 86 121 6095.2
1 86 122 6120.0
1 86 123 6137.3
1 86 124 6149.7
1 86 125 6159.3
1 86 126 6166.4
1 86 127 6170.1
1 86 128 6170.7
1 86 129 6169.0
1 86 130 6166.3
1 86 131 6162.1
1 86 132 6155.2
1 86 133 6146.5
1 86 134 6134.7
1 86 135 6118.8
1 86 136 6099.7
1 85 137 6050.6
1 85 138 6037.7
1 84 139 6032.8
1 83 140 6073.8
1 82 141 6157.7
1 82 142 6174.0
1 81 143 6226.7
1 80 144 6287.2
1 79 145 6356.2
1 78 146 6419.8
1 77 147 6487.1
1 76 148 6559.0
1 75 149 6636.4
1 75 150 6700.7
1 75 151 6761.3
1 75 152 6821.9
1 75 153 6868.8
1 76 154 6862.0
1 77 154 6849.2
1 78 154 6839.0
1 79 155 6827.7
1 80 155 6815.1
1 81 156 6797.5
1 82 157 6771.0
1 82 158 6748.6
1 83 158 6734.5
1 84 159 6704.6
1 84 160 6676.8
1 84 161 6652.4
1 84 162 6628.5
1 85 163 6603.4
1 86 164 6574.0
1 87 165 6537.0
1 88 166 6502.2
1 89 167 6468.6
1 90 168 6387.2
1 90 169 6337.2
1 91 170 6269.8
1 92 171 6198.4
1 93 172 6167.7
1 94 173 6141.2
1 94 174 6138.8
1 95 175 6123.4
1 95 176 6109.0
1 95 177 6113.7
1 95 178 6120.7
1 95 179 6126.0
1 96 180 5954.7
1 97 181 5971.7
1 98 182 5989.2
1 99 183 6006.7
1 100 184 6022.5
1 101 185 6037.9
1 102 185 6046.3
1 103 185 6061.9
1 104 186 6096.3
1 105 186 6097.4
1 106 187 6100.6
1 107 188 6096.4
1 108 189 5914.1
1 108 190 5916.1
1 108 191 5917.1
1 108 192 5916.7
1 108 193 5912.5
1 107 194 5707.4
1 107 195 5703.4
1 107 196 5695.6
1 107 197 5685.3
1 107 198 5673.3
1 106 199 5634.9
1 106 200 5622.0
1 105 201 5576.1
1 105 202 5562.9
1 104 203 5522.4
1 104 204 5513.7
1 104 205 5498.7
1 104 206 5477.3
1 104 207 5444.2
1 98 208 5460.6
1 99 208 5470.7
1 100 208 5483.1
1 101 208 5496.0
1 102 208 5513.7
1 103 208 5542.4
1 97 209 5451.3
1 97 210 5450.1
1 97 211 5446.0
1 97 212 5440.7
1 96 213 5424.1
1 95 214 5416.7
1 95 215 5415.4
1 94 216 5408.0
1 94 217 5407.1
1 94 218 5406.4
1 95 219 5410.6
1 96 220 5414.1
1 97 221 5418.0
1 97 222 5416.9
1 98 223 5420.2
1 98 224 5418.8
1 99 225 5422.9
1 99 226 5421.0
1 100 227 5242.1
1 128 227 5398.5
1 129 227 5461.6
1 101 228 5248.0
1 107 228 5142.9
1 108 228 5167.8
1 109 228 5196.4
1 110 228 5228.4
1 111 228 5263.1
1 125 228 5283.4
1 126 228 5309.8
1 127 228 5318.0
1 130 228 5187.6
1 131 228 5194.1
1 132 228 5188.2
1 133 228 5189.3
1 134 228 5195.5
1 135 228 5209.9
1 136 228 5226.9
1 137 228 5240.2
1 138 228 5267.0
1 102 229 5252.8
1 106 229 5280.7
1 112 229 5117.3
1 118 229 5143.6
1 119 229 5162.0
1 120 229 5177.9
1 121 229 5192.0
1 122 229 5203.3
1 123 229 5212.7
1 124 229 5215.2
1 139 229 5340.3
1 103 230 5256.3
1 104 230 5258.9
1 105 230 5261.9
1 113 230 5133.9
1 114 230 5125.4
1 115 230 5121.1
1 116 230 5118.6
1 117 230 5110.7
1 140 230 5307.1
1 139 231 5374.7
1 137 232 5411.3
1 138 232 5410.6
1 136 233 5414.6
1 135 234 5407.4
1 133 235 5374.7
1 134 235 5388.0
1 132 236 5357.8
1 130 237 5314.5
1 131 237 5329.7
1 129 238 5303.3
1 128 239 5287.2
1 127 240 5267.3
1 127 241 5257.5
1 127 242 5244.6
1 128 243 5252.9
1 129 244 5251.2
1 129 245 5238.5
1 130 246 5234.7
1 131 246 5233.6
1 132 246 5236.5
1 133 246 5245.8
1 134 246 5263.2
1 135 246 5289.6
1 136 246 5316.8
1 137 246 5336.8
1 138 246 5358.8
1 139 247 5409.5
1 140 247 5434.0
1 141 247 5471.5
1 142 247 5514.8
1 143 248 5577.8
1 144 249 5671.3
1 144 250 5698.1
1 145 251 5749.9
1 145 252 5775.5
1 145 253 5795.8
1 146 254 5829.1
1 146 255 5826.5
1 146 256 5820.5
1 146 257 5812.6
1 146 258 5802.4
1 146 259 5790.6
1 146 260 5777.2
1 146 261 5764.9
1 146 262 5751.7
1 146 263 5738.5
1 146 264 5728.4
1 146 265 0.0
1 147 266 5482.8
1 147 267 5453.7
1 147 268 5428.8
1 147 269 5389.1
1 147 270 5356.1
1 148 271 5306.0
1 148 272 5279.2
1 148 273 5252.1
1 148 274 5230.3
1 149 274 5215.4
1 149 275 5175.8
1 149 276 5143.6
1 149 277 5091.0
1 149 278 5036.4
1 150 279 5132.7
1 150 280 5087.7
1 150 281 5046.5
1 150 282 5016.2
1 151 283 4932.5
1 151 284 4888.7
1 151 285 4855.4
1 152 286 4761.4
1 152 287 4706.8
1 152 288 4662.5
1 152 289 4628.0
1 153 290 4722.8
1 153 291 4696.3
1 153 292 4704.2
1 154 293 4715.0
1 154 294 4726.6
1 154 295 4736.1
1 154 296 4742.2
1 155 297 4760.1
1 155 298 4763.9
1 156 299 4586.8
1 157 299 4593.1
1 158 299 4602.6
1 159 299 4615.1
1 160 299 4631.1
1 161 299 4650.5
1 162 300 4681.7
1 162 301 4684.5
1 162 302 4683.6
1 162 303 4681.0
1 162 304 4678.3
1 163 305 4857.4
1 163 306 4848.4
1 163 307 4838.6
1 163 308 4829.3
1 163 309 4823.2
1 164 310 5039.4
1 165 311 5081.0
1 166 312 5152.7
1 167 313 5211.3
1 168 314 5244.2
1 168 315 5076.7
1 168 316 5081.0
1 169 316 5088.5
1 169 317 5094.3
1 170 317 5104.1
1 171 318 5105.2
1 171 319 5081.8
1 172 320 5033.9
1 172 321 4986.4
1 172 322 4938.1
1 172 323 4887.1
1 172 324 4847.4
1 173 325 4845.9
1 173 326 4849.5
1 173 327 4851.3
1 174 328 4860.7
1 174 329 4862.3
1 174 330 4863.3
1 175 331 4867.8
1 176 331 4871.8
1 177 331 4877.7
1 178 332 4887.1
1 179 333 4889.7
1 179 334 4886.6
1 179 335 4883.5
1 180 336 4881.0
1 181 337 4872.5
1 181 338 4867.8
1 187 338 4741.0
1 188 338 4762.1
1 189 338 4779.7
1 190 338 4793.4
1 182 339 4858.5
1 186 339 4873.5
1 191 339 4797.0
1 192 339 5216.0
1 182 340 4852.5
1 186 340 4857.8
1 193 340 5215.3
1 182 341 4848.9
1 186 341 4847.8
1 194 341 5215.2
1 195 341 5216.8
1 183 342 4845.3
1 184 342 4845.1
1 185 342 4844.6
1 186 342 4843.5
1 196 342 5216.5
1 196 343 5214.4
1 197 344 5213.3
1 198 345 5210.9
1 199 346 5208.8
1 200 346 5210.4
1 201 346 5212.6
1 202 346 5214.7
1 203 346 5215.5
1 204 346 4505.33
1 205 347 5199.5
1 206 347 5193.3
1 207 348 5398.8
1 207 349 5496.1
1 207 350 5637.0
1 206 351 5696.9
1 205 352 5701.7
1 205 353 5706.2
1 205 354 5711.2
1 206 355 5734.1
1 206 356 5742.3
1 207 357 5767.0
1 208 357 5784.2
1 209 358 5465.4
1 210 359 5522.7
1 211 359 5550.7
1 212 360 5470.5
1 212 361 5507.7
1 208 362 5529.9
1 209 362 5534.6
1 210 362 5541.7
1 211 362 5547.4
1 207 363 5526.1
1 206 364 5520.7
1 206 365 5522.0
1 206 366 5522.2
1 206 367 5521.4
1 206 368 5520.4
1 206 369 5519.2
1 207 369 5525.6
1 208 369 5542.1
1 209 369 5563.8
1 210 369 5588.2
1 211 369 5618.5
1 212 369 5654.9
1 213 369 5699.1
1 214 370 5595.6
1 215 370 5629.4
1 216 372 5626.7
1 214 373 5263.1
1 215 373 5351.3
1 214 374 5220.0
1 213 375 5270.2
1 212 376 5247.8
1 211 377 5194.7
1 211 378 5183.6
1 211 379 5178.1
1 211 380 5180.2
1 211 381 5189.3
1 211 382 5243.7
1 211 383 5293.5
1 212 384 45000.0
1 212 385 45000.0
1 212 386 45000.0
1 212 387 45000.0
1 212 388 45000.0
1 212 389 45000.0
1 212 390 45000.0
1 212 391 45000.0
1 212 392 45000.0
1 212 393 45000.0
1 213 394 45000.0
1 213 395 45000.0
1 213 396 45000.0
1 213 397 45000.0
1 213 398 45000.0
1 213 399 45000.0
1 213 400 45000.0
1 213 401 45000.0
1 213 402 45000.0
1 214 403 45000.0
1 214 404 45000.0
1 214 405 45000.0
1 214 406 45000.0
1 214 407 45000.0
1 214 409 45000.0
1 214 410 45000.0
1 214 411 45000.0
1 214 412 45000.0
1 214 413 45000.0
1 214 414 45000.0
1 214 415 45000.0
1 215 416 45000.0
1 215 417 45000.0
1 227 417 45000.0
1 228 417 45000.0
1 229 417 45000.0
1 216 418 45000.0
1 226 418 45000.0
1 230 418 45000.0
1 217 419 45000.0
1 218 419 45000.0
1 219 419 45000.0
1 220 419 45000.0
1 221 419 45000.0
1 222 419 45000.0
1 223 419 45000.0
1 224 419 45000.0
1 225 419 45000.0
1 229 419 45000.0
1 229 420 45000.0
1 226 421 45000.0
1 227 421 45000.0
1 228 421 45000.0
1 224 422 45000.0
1 225 422 45000.0
1 224 423 45000.0
1 224 424 45000.0
1 225 424 45000.0
1 226 424 45000.0
1 227 424 45000.0
1 228 424 45000.0
1 229 425 45000.0
1 229 426 45000.0
1 229 427 45000.0
1 229 428 45000.0
1 229 429 45000.0
1 228 430 45000.0
1 228 431 45000.0
1 228 432 45000.0
1 228 433 45000.0
1 228 434 45000.0
1 228 435 45000.0
1 229 435 45000.0
1 230 436 45000.0
1 230 437 45000.0
1 230 438 45000.0
1 230 439 45000.0
1 230 440 45000.0
1 230 441 45000.0
1 230 442 45000.0
1 230 443 45000.0
1 230 444 45000.0
1 230 445 45000.0
1 230 446 45000.0
1 230 447 45000.0
1 230 448 45000.0
1 230 449 45000.0
1 230 450 45000.0
1 230 451 45000.0
1 230 452 45000.0
1 230 453 45000.0
1 230 454 45000.0
1 230 455 45000.0
1 230 456 45000.0
1 231 457 45000.0
1 231 458 45000.0
1 231 459 45000.0
1 231 460 45000.0
1 232 461 45000.0
1 232 462 45000.0
1 232 463 45000.0
1 232 464 45000.0
1 233 464 45000.0
1 234 464 45000.0
1 235 464 45000.0
1 236 464 45000.0
1 237 464 45000.0
1 238 464 45000.0
1 239 465 45000.0
1 239 466 45000.0
1 239 467 5337.1
1 238 468 5337.1
1 238 469 5337.1
1 238 470 5337.1
1 239 471 5337.1
1 240 471 5337.1
1 241 472 5337.1
1 242 472 5337.1
1 243 472 5337.1
1 244 473 5337.1
1 245 474 5337.1
1 246 475 5337.1
1 246 476 5337.1
1 246 477 5337.1
1 246 478 5337.1
1 246 479 5337.1
1 246 480 5337.1
1 245 481 5337.1
1 245 482 5337.1
1 244 483 5337.1
1 243 484 5337.1
1 243 485 5337.1
1 243 486 5337.1
1 243 487 5337.1
1 243 488 5337.1
1 243 489 5337.1
1 242 490 5337.1
1 242 491 5337.1
1 241 492 5337.1
1 241 493 5337.1
1 240 494 5337.1
1 239 495 5337.1
1 238 496 5337.1
1 235 497 5337.1
1 236 497 5337.1
1 237 497 5337.1
1 233 498 5337.1
1 234 498 5337.1
1 233 499 5337.1
1 232 500 5337.1
1 231 501 5337.1
1 231 502 5337.1
1 231 503 5337.1
1 231 504 5337.1
1 231 505 5337.1
1 231 506 5337.1
1 231 507 5337.1
1 231 508 5337.1
1 231 509 5337.1
1 231 510 5337.1
1 231 511 5337.1
1 231 512 5337.1
1 231 513 5337.1
1 231 514 5337.1
1 231 515 5337.1
1 232 516 5337.1
1 232 517 5337.1
1 232 518 5337.1
1 233 519 5337.1
1 233 520 5337.1
1 233 521 5337.1
1 234 522 5337.1
1 234 523 5337.1
1 235 524 5337.1
1 235 525 5337.1
1 236 525 5337.1
1 237 525 5337.1
1 238 525 5337.1
1 239 526 5337.1
1 239 527 5337.1
1 240 528 5437.9
1 240 529 5453.1
1 241 530 5519.7
1 241 531 5549.7
1 241 532 5566.6
1 241 533 5578.1
1 241 534 5586.4
1 242 535 5064.8
1 242 536 5076.1
1 243 536 5094.1
1 244 536 5126.6
1 245 536 5155.2
1 246 537 5210.6
1 246 538 5227.7
1 247 539 5267.6
1 248 540 5303.1
1 249 540 5315.2
1 250 540 5331.6
1 251 541 5365.2
1 250 544 5398.8
1 251 544 5401.1
1 245 545 5344.2
1 246 545 5355.4
1 247 545 5374.0
1 248 545 5387.7
1 249 545 5393.2
1 243 546 5317.7
1 244 546 5321.7
1 243 547 5318.4
1 242 548 5314.5
1 242 549 5314.8
1 241 550 5308.6
1 241 551 5306.9
1 240 552 5296.5
1 239 553 5285.5
1 238 554 0.0
1 237 555 5249.9
1 236 556 5248.8
1 236 557 5248.8
1 232 558 5189.1
1 233 558 5186.1
1 234 558 5193.8
1 235 558 5197.3
1 232 559 5201.2
1 231 560 5201.4
1 231 561 5209.8
1 231 562 5216.5
1 231 563 5221.6
1 231 564 5222.9
1 230 565 5389.7
1 230 566 5382.9
1 230 567 5372.0
1 230 568 5359.6
1 215 371 5678.1
1 39 51 6043.2
1 39 52 5967.8
1 38 53 5714.5
1 38 54 5641.8
1 37 55 5375.6
1 36 56 5152.8
1 35 57 4950.0
1 35 58 4889.0
1 35 59 4787.7
1 35 60 8397.7
1 35 61 8262.3
1 35 62 8125.5
1 35 63 7985.2
1 35 64 7841.2
1 35 65 7693.4
1 35 66 7542.6
1 35 67 7395.4
1 35 68 7276.3
1 36 69 10770.0
1 36 70 10502.6
1 36 71 10250.3
1 36 72 10007.1
1 36 73 9772.1
1 36 74 9559.1
1 36 75 9377.7
1 36 76 9287.9
1 36 77 9255.2
1 230 569 5347.0
1 230 570 5333.5
1 230 571 5317.4
1 230 572 5306.0
1 230 573 5316.9
1 230 574 5332.4
1 230 575 5342.6
1 230 576 5344.7
1 230 577 5179.6
1 230 578 5212.8
1 230 579 5245.9
1 230 580 5275.3
1 230 581 5278.4
1 230 582 5283.8
1 230 583 5286.3
1 230 584 5285.4
1 230 585 5282.0
1 230 586 5277.4
1 230 587 5271.3
1 230 588 5267.4
1 229 589 5251.5
1 229 590 5242.2
1 228 591 5219.5
1 228 592 5203.8
1 228 593 5186.5
1 228 594 5164.3
1 227 595 5120.1
1 227 596 5096.9
1 227 597 5068.8
1 227 598 5035.6
1 227 599 4786.4
1 226 600 4700.2
1 226 601 4698.2
1 226 602 4696.9
1 226 603 4697.6
1 225 604 4268.5
1 224 605 4268.5
1 223 606 4290.4
1 222 607 4310.8
1 223 605 4275.0
1 114 114 -11265.5
1 117 120 -2013.03
1 121 111 -206234.0
1 121 113 -168382.0
1 124 115 -33045.5
1 125 116 -138791.0
1 126 120 -54374.9
1 129 121 -25385.0
1 130 122 -661.1669999999999
1 133 112 -54525.1
1 135 194 -1262.0
1 138 201 -10063.9
1 139 168 -3004.14
1 140 168 -8561.79
1 141 191 -16522.8
1 143 126 -32745.1
1 143 172 -11115.3
1 143 190 -8111.17
1 144 166 -19376.7
1 144 172 -12467.2
1 144 182 -20127.7
1 144 190 -4506.21
1 145 161 -28839.7
1 145 164 -300.41
1 146 117 -18625.7
1 146 188 -300.41
1 146 190 -6158.48
1 147 132 -7510.34
1 147 145 -661.1669999999999
1 148 167 -22981.7
1 148 176 -661.1669999999999
1 148 196 -10514.5
1 149 145 -26736.8
1 149 146 -19226.5
1 150 124 -15321.1
1 150 128 -150.21
1 150 141 -8862.21
1 150 198 -30341.8
1 151 142 -22080.4
1 151 195 -16973.4
1 152 123 -30341.8
1 152 125 -2013.03
1 152 132 -2914.27
1 153 142 -3905.38
1 153 192 -23282.1
1 154 125 -450.62
1 154 171 -4115.93
1 154 249 -450.62
1 155 112 -20878.8
1 155 129 -300.41
1 155 141 -5707.86
1 156 129 -142546.0
1 156 146 -2403.31
1 157 116 -19677.1
1 157 135 -6429.36
1 157 140 -2253.1
1 157 251 -600.83
1 158 133 -16282.7
1 158 137 -18775.9
1 158 181 -60984.0
1 159 119 -51521.0
1 159 173 -18325.2
1 161 125 -300.41
1 161 188 -36049.7
1 162 119 -3905.38
1 162 121 -53924.3
1 162 128 -163575.0
1 162 132 -13068.0
1 162 140 -751.03
1 162 167 -1502.07
1 162 169 -1802.48
1 163 138 -4266.14
1 164 135 -9763.45
1 164 187 -23882.9
1 165 130 -21029.0
1 165 131 -1201.66
1 166 126 -3004.14
1 168 123 -1201.66
1 168 208 -7360.14
1 169 127 -150.21
1 169 163 -24784.1
1 170 131 -15621.5
1 170 132 -3004.14
1 170 163 -10514.5
1 171 131 -13819.0
1 171 132 -12767.6
1 172 130 -15921.9
1 172 218 -33646.3
1 173 224 -12767.6
1 174 123 -1051.45
1 175 134 -17574.2
1 175 204 -1952.69
1 176 176 -6458.9
1 176 202 -300.41
1 177 133 -38002.3
1 177 211 -9162.62
1 178 164 -18926.1
1 179 181 -45362.5
1 179 183 -20127.7
1 179 210 -13368.4
1 180 208 -18475.4
1 183 184 -25685.4
1 184 246 -2703.72
1 187 200 -21629.8
1 188 198 -20728.6
1 188 240 -1351.86
1 188 258 -1502.07
1 191 281 -1051.45
1 193 256 -1051.45
1 193 260 -17091.2
1 197 204 -5707.86
1 197 252 -150.21
1 198 297 -150.21
1 198 298 -661.1669999999999
1 199 211 -9012.41
1 199 231 -450.62
1 199 298 -661.1669999999999
1 200 298 -661.1669999999999
1 203 275 -1952.69
1 203 280 -300.41
1 204 248 -16100.8
1 205 300 -694.757
1 206 286 -1531.47
1 206 300 -1322.33
1 210 264 -150.21
1 211 255 -1802.48
1 212 226 -150.21
1 213 264 -150.21
1 213 300 -150.21
1 214 240 -7209.93
1 215 260 -751.03
1 216 238 -1351.86
1 216 267 -300.41
1 217 264 -600.83
1 217 365 -600.83
1 218 179 -148254.0
1 219 310 -450.62
1 221 284 -10064.3
1 222 352 -7555.25
1 222 369 -14870.5
1 223 271 -600.83
1 224 301 -751.03
1 224 374 -5315.5
1 226 311 -751.03
1 226 350 -139.87
1 226 365 -1596.81
1 226 382 -3187.13
1 228 225 -751.03
1 230 255 -1051.45
1 230 361 -600.83
1 231 401 -661.1669999999999
1 232 256 -450.62
1 232 364 -275.87
1 232 370 -12923.2
1 233 337 -661.1669999999999
1 233 376 -2208.96
1 233 394 -1322.33
1 233 399 -69395.6
1 234 304 -3463.78
1 234 393 -661.1669999999999
1 235 400 -1502.07
1 236 263 -300.41
1 236 351 -600.83
1 237 237 -2253.1
1 237 316 -22948.4
1 237 357 -2111.79
1 237 389 -661.1669999999999
1 238 221 -150.21
1 238 398 -32.57
1 238 605 -3342.18
1 238 609 -1322.33
1 239 338 -300.41
1 239 426 -751.03
1 239 605 -3305.83
1 239 606 -1983.5
1 239 619 -661.1669999999999
1 240 380 -661.1669999999999
1 240 426 -661.1669999999999
1 240 608 -2644.67
1 241 335 -450.62
1 241 342 -751.03
1 241 604 -661.1669999999999
1 242 311 -5392.41
1 243 357 -751.03
1 243 371 -7694.16
1 243 389 -2253.1
1 243 422 -150.21
1 243 431 -117.8
1 243 605 -3305.83
1 244 431 -64.81
1 244 605 -3967.0
1 244 621 -1322.33
1 245 238 -9913.66
1 245 322 -24157.4
1 245 337 -661.1669999999999
1 245 370 -3717.25
1 245 621 -661.1669999999999
1 246 321 -3391.49
1 246 618 -1983.5
1 247 344 -661.1669999999999
1 247 383 -9863.33
1 247 384 -2418210.0
1 248 251 -21519.6
1 248 424 -3004.14
1 248 436 -2403.31
1 248 444 -18898.3
1 248 589 -3755.17
1 249 373 -661.1669999999999
1 249 389 -8111.17
1 249 424 -6218.83
1 249 430 -18165.9
1 249 436 -5089.59
1 249 443 -4083.92
1 249 606 -3305.83
1 250 239 -150.21
1 250 326 -2366.63
1 250 424 -661.1669999999999
1 250 425 -758395.0
1 250 431 -24671.3
1 250 595 -2133.71
1 251 300 -1351.86
1 251 333 -386.95
1 251 356 -22910.1
1 251 408 -390.42
1 251 456 -811.377
1 251 457 -16.34
1 251 594 -661.1669999999999
1 251 595 -684.957
1 251 596 -1322.33
1 252 230 -901.24
1 252 285 -450.62
1 252 329 -27050.6
1 252 450 -901.24
1 252 595 -661.1669999999999
1 252 606 -661.1669999999999
1 253 298 -150.21
1 253 331 -11711.4
1 253 332 -14618.5
1 253 416 -150.21
1 253 420 -8509.87
1 253 445 -62714.7
1 254 338 -901.24
1 254 367 -600.83
1 254 407 -730.16
1 254 597 -661.1669999999999
1 254 607 -961.577
1 255 381 -25535.2
1 255 383 -41006.5
1 255 388 -44761.7
1 255 395 -2403.31
1 255 420 -6458.9
1 255 439 -14419.9
1 255 443 -47032.6
1 255 595 -661.1669999999999
1 255 596 -661.1669999999999
1 255 606 -661.1669999999999
1 255 609 -1322.33
1 255 610 -34194.6
1 256 314 -6010.12
1 256 335 -600.83
1 256 370 -3906.27
1 256 413 -3304.55
1 256 586 -91176.6
1 256 593 -2644.67
1 257 238 -150.21
1 257 324 -4369.79
1 257 413 -2853.93
1 257 576 -4363.83
1 257 599 -7302.38
1 257 600 -77957.4
1 258 325 -7769.66
1 258 336 -3191.58
1 258 418 -61703.6
1 258 420 -471.02
1 258 442 -491092.0
1 258 464 -3755.17
1 258 585 -3967.0
1 258 595 -1322.33
1 258 601 -25084.6
1 258 602 -157254.0
1 259 340 -1862.83
1 259 371 -4724.07
1 259 405 -108905.0
1 259 588 -48725.9
1 259 592 -1072.31
1 259 593 -921.4169999999999
1 260 342 -450.62
1 260 349 -751.03
1 260 407 -2429050.0
1 260 413 -187937.0
1 260 424 -594.89
1 260 461 -1952.69
1 260 463 -56177.4
1 260 464 -28689.5
1 260 585 -29457.2
1 260 586 -92282.8
1 260 587 -14294.1
1 261 337 -4356.0
1 261 355 -751.03
1 261 381 -200954.0
1 261 395 -24964.0
1 261 416 -21029.0
1 261 418 -661.1669999999999
1 261 429 -38283.4
1 261 464 -45512.7
1 261 492 -661.1669999999999
1 261 571 -5557.66
1 261 576 -23029.9
1 262 345 -600.83
1 262 449 -150.21
1 262 540 -361.7
1 262 564 -4516.29
1 262 567 -52658.4
1 262 568 -20878.8
1 262 570 -80360.7
1 262 571 -1502.07
1 263 340 -150.21
1 263 471 -6308.69
1 263 477 -6458.9
1 263 520 -1322.33
1 263 574 -150.21
1 263 582 -3800.09
1 264 344 -300.41
1 264 345 -600.83
1 264 355 -300.41
1 264 367 -1562.41
1 264 383 -26865.2
1 264 407 -4205.79
1 264 428 -123659.0
1 264 468 -69.43
1 264 471 -5557.66
1 264 476 -82764.0
1 264 477 -1051.45
1 264 523 -2584.33
1 264 524 -600.83
1 264 549 -2718.87
1 265 364 -15672.0
1 265 374 -141674.0
1 265 380 -45.94
1 265 422 -81957.4
1 265 523 -2027.16
1 266 337 -661.1669999999999
1 266 462 -150.21
1 267 391 -16072.1
1 267 463 -1652.28
1 267 555 -661.1669999999999
1 267 556 -661.1669999999999
1 268 333 -450.62
1 268 334 -450.62
1 268 436 -1092770.0
1 268 455 -28.08
1 268 479 -450.62
1 268 480 -450.62
1 268 489 -7011.67
1 268 545 -37522.0
1 269 363 -661.1669999999999
1 269 397 -68043.7
1 269 450 -1952.69
1 269 456 -9718.71
1 269 541 -661.1669999999999
1 270 337 -150.21
1 270 397 -22380.8
1 270 412 -2826.12
1 270 417 -182756.0
1 270 429 -806.57
1 270 481 -661.1669999999999
1 270 483 -1405.61
1 270 484 -661.1669999999999
1 270 486 -7274.99
1 270 498 -1502.07
1 271 319 -40102.7
1 271 335 -150.21
1 271 368 -150.21
1 271 371 -2102.9
1 271 415 -5652.23
1 271 451 -6759.31
1 271 485 -263.72
1 271 493 -92036.9
1 271 498 -176643.0
1 271 537 -68809.6
1 272 336 -13.53
1 272 337 -17509.8
1 272 351 -150.21
1 272 366 -600.83
1 272 368 -26584.0
1 272 450 -5707.86
1 272 451 -27487.9
1 272 453 -300.41
1 272 462 -2026800.0
1 272 490 -300.41
1 272 491 -13.27
1 272 497 -28391.9
1 272 498 -93278.5
1 272 530 -8024.08
1 272 532 -46090.5
1 272 535 -3581.45
1 273 363 -300.41
1 273 410 -1502.07
1 273 480 -13518.6
1 273 510 -2013.03
1 273 516 -19500.7
1 273 517 -418772.0
1 273 518 -305.3
1 274 409 -3304.55
1 274 520 -30341.8
1 274 523 -300.41
1 275 367 -71348.3
1 275 441 -263771.0
1 275 450 -25685.4
1 276 364 -2553.52
1 276 366 -56928.4
1 276 446 -2703.72
1 277 294 -69575.8
1 277 390 -4956.83
1 277 407 -970771.0
1 277 431 -4803.12
1 277 454 -5858.07
1 277 468 -150.21
1 277 472 -17067.9
1 277 480 -76892.4
1 277 482 -7510.34
1 278 365 -11716.1
1 278 435 -1547.52
1 278 482 -7510.34
1 279 310 -24677.1
1 279 336 -751.03
1 279 433 -145540.0
1 279 438 -214314.0
1 279 449 -600.83
1 279 475 -79835.0
1 279 485 -13518.6
1 280 433 -10797.7
1 280 442 -11415.7
1 280 469 -19919.8
1 280 471 -43964.1
1 281 458 -1137510.0
1 282 409 -5858.07
1 282 424 -1952.69
1 282 430 -600.83
1 282 436 -2899.27
1 282 454 -812.45
1 282 457 -476.92
1 283 429 -315134.0
1 283 449 -29203.2
1 283 452 -19462.2
1 283 455 -73853.0
1 283 468 -37321.1
1 284 339 -16023.0
1 284 457 -5707.86
1 284 463 -462890.0
1 284 481 -7719.94
1 285 306 -10941.4
1 285 336 -168.38
1 285 374 -600.83
1 285 467 -99253.8
1 285 475 -85889.9
1 286 330 -47984.4
1 286 425 -306163.0
1 286 475 -39075.1
1 286 477 -8372.04
1 287 329 -607.57
1 287 388 -32029.3
1 287 426 -661.1669999999999
1 287 477 -20746.9
1 288 419 -10514.5
1 288 423 -1028.13
1 288 426 -661.1669999999999
1 289 351 -13518.6
1 289 404 -188010.0
1 289 459 -70532.7
1 289 468 -4620.21
1 290 374 -1952.69
1 290 382 -551093.0
1 290 402 -35.49
1 290 411 -7059.72
1 290 412 -19827.3
1 290 413 -19677.1
1 290 420 -733.06
1 291 350 -751.03
1 291 355 -6829.85
1 291 373 -1502.07
1 291 419 -1231240.0
1 292 361 -300.41
1 292 365 -13518.6
1 292 416 -751.03
1 292 469 -45071.1
1 294 435 -11866.3
1 294 447 -46194.9
1 294 458 -12717.5
1 295 391 -38753.4
1 295 430 -49457.1
1 296 388 -2156.41
1 296 398 -10740.6
1 296 406 -22951.6
1 296 433 -9312.83
1 297 381 -300.41
1 297 383 -751.03
1 297 395 -70090.2
1 297 401 -37651.9
1 297 402 -106.02
1 297 413 -1488890.0
1 297 415 -74502.6
1 297 442 -44334.8
1 298 390 -150.21
1 299 355 -1671.26
1 299 387 -532.95
1 334 405 -23582.5
1 102 110 -661.1669999999999
1 102 113 -661.1669999999999
1 103 100 -661.1669999999999
1 103 104 -661.1669999999999
1 104 115 -661.1669999999999
1 105 115 -661.1669999999999
1 105 139 -661.1669999999999
1 108 117 -661.1669999999999
1 109 112 -661.1669999999999
1 111 155 -661.1669999999999
1 111 208 -661.1669999999999
1 112 181 -661.1669999999999
1 113 111 -661.1669999999999
1 113 159 -661.1669999999999
1 113 211 -661.1669999999999
1 114 173 -661.1669999999999
1 114 212 -1322.33
1 115 212 -1322.33
1 116 121 -661.1669999999999
1 116 150 -661.1669999999999
1 116 166 -661.1669999999999
1 117 119 -661.1669999999999
1 117 168 -661.1669999999999
1 117 210 -661.1669999999999
1 119 194 -661.1669999999999
1 119 202 -661.1669999999999
1 119 96 -661.1669999999999
1 120 155 -661.1669999999999
1 120 94 -661.1669999999999
1 121 187 -661.1669999999999
1 123 110 -661.1669999999999
1 123 111 -661.1669999999999
1 123 158 -661.1669999999999
1 123 168 -661.1669999999999
1 123 193 -661.1669999999999
1 123 202 -1322.33
1 125 150 -661.1669999999999
1 125 151 -661.1669999999999
1 125 193 -661.1669999999999
1 125 194 -661.1669999999999
1 126 121 -661.1669999999999
1 126 191 -661.1669999999999
1 126 195 -661.1669999999999
1 127 150 -661.1669999999999
1 127 160 -661.1669999999999
1 127 169 -661.1669999999999
1 127 195 -661.1669999999999
1 127 199 -1322.33
1 128 122 -661.1669999999999
1 128 148 -661.1669999999999
1 128 149 -661.1669999999999
1 128 152 -661.1669999999999
1 128 153 -661.1669999999999
1 128 154 -661.1669999999999
1 128 157 -661.1669999999999
1 128 199 -661.1669999999999
1 129 117 -661.1669999999999
1 129 119 -661.1669999999999
1 129 122 -661.1669999999999
1 129 146 -661.1669999999999
1 129 154 -1322.33
1 129 162 -661.1669999999999
1 129 176 -661.1669999999999
1 130 120 -661.1669999999999
1 130 154 -661.1669999999999
1 130 155 -661.1669999999999
1 130 156 -1983.5
1 130 194 -661.1669999999999
1 131 112 -661.1669999999999
1 131 121 -661.1669999999999
1 131 122 -661.1669999999999
1 131 150 -661.1669999999999
1 131 156 -661.1669999999999
1 131 157 -661.1669999999999
1 131 158 -661.1669999999999
1 131 161 -1322.33
1 131 198 -661.1669999999999
1 132 112 -661.1669999999999
1 132 155 -661.1669999999999
1 132 156 -661.1669999999999
1 132 160 -661.1669999999999
1 132 161 -1322.33
1 133 155 -661.1669999999999
1 133 159 -661.1669999999999
1 133 160 -1322.33
1 133 192 -1322.33
1 133 193 -661.1669999999999
1 134 148 -661.1669999999999
1 134 150 -661.1669999999999
1 134 151 -661.1669999999999
1 134 156 -661.1669999999999
1 134 191 -661.1669999999999
1 134 193 -2644.67
1 135 148 -3305.83
1 135 149 -1322.33
1 135 156 -661.1669999999999
1 135 157 -661.1669999999999
1 135 193 -1983.5
1 136 147 -661.1669999999999
1 136 148 -661.1669999999999
1 136 149 -661.1669999999999
1 136 150 -1322.33
1 136 153 -661.1669999999999
1 136 155 -661.1669999999999
1 137 148 -661.1669999999999
1 137 150 -661.1669999999999
1 137 153 -1322.33
1 137 154 -661.1669999999999
1 137 157 -1983.5
1 137 175 -661.1669999999999
1 137 206 -661.1669999999999
1 138 151 -661.1669999999999
1 138 152 -661.1669999999999
1 138 153 -1983.5
1 138 168 -661.1669999999999
1 138 169 -661.1669999999999
1 139 151 -661.1669999999999
1 140 138 -661.1669999999999
1 140 155 -2644.67
1 140 156 -661.1669999999999
1 140 171 -661.1669999999999
1 140 180 -661.1669999999999
1 141 149 -661.1669999999999
1 141 154 -1322.33
1 141 157 -661.1669999999999
1 141 171 -661.1669999999999
1 141 199 -1322.33
1 142 155 -661.1669999999999
1 142 156 -661.1669999999999
1 142 157 -661.1669999999999
1 142 158 -661.1669999999999
1 142 174 -661.1669999999999
1 142 179 -661.1669999999999
1 142 201 -661.1669999999999
1 143 146 -661.1669999999999
1 143 157 -1983.5
1 144 142 -1322.33
1 144 173 -661.1669999999999
1 145 142 -661.1669999999999
1 145 143 -661.1669999999999
1 145 151 -661.1669999999999
1 145 187 -661.1669999999999
1 145 226 -661.1669999999999
1 146 140 -661.1669999999999
1 146 141 -1322.33
1 146 145 -661.1669999999999
1 146 208 -661.1669999999999
1 146 229 -661.1669999999999
1 146 230 -661.1669999999999
1 146 232 -661.1669999999999
1 147 139 -1983.5
1 147 140 -661.1669999999999
1 147 141 -661.1669999999999
1 147 142 -661.1669999999999
1 147 229 -661.1669999999999
1 147 230 -661.1669999999999
1 147 233 -661.1669999999999
1 147 239 -661.1669999999999
1 147 240 -661.1669999999999
1 148 217 -661.1669999999999
1 148 221 -661.1669999999999
1 149 127 -661.1669999999999
1 149 147 -661.1669999999999
1 149 154 -661.1669999999999
1 149 222 -661.1669999999999
1 149 253 -661.1669999999999
1 150 160 -661.1669999999999
1 150 164 -661.1669999999999
1 150 177 -661.1669999999999
1 150 227 -661.1669999999999
1 150 236 -661.1669999999999
1 151 128 -661.1669999999999
1 151 228 -661.1669999999999
1 152 153 -661.1669999999999
1 152 173 -661.1669999999999
1 152 176 -661.1669999999999
1 152 222 -661.1669999999999
1 152 228 -661.1669999999999
1 153 126 -661.1669999999999
1 153 136 -661.1669999999999
1 153 155 -661.1669999999999
1 153 232 -661.1669999999999
1 153 238 -661.1669999999999
1 153 253 -661.1669999999999
1 154 126 -661.1669999999999
1 154 133 -661.1669999999999
1 154 161 -661.1669999999999
1 154 172 -661.1669999999999
1 154 220 -661.1669999999999
1 154 244 -661.1669999999999
1 155 170 -1322.33
1 155 216 -661.1669999999999
1 155 262 -661.1669999999999
1 156 160 -661.1669999999999
1 156 211 -661.1669999999999
1 156 223 -661.1669999999999
1 157 132 -661.1669999999999
1 157 133 -661.1669999999999
1 157 134 -1983.5
1 157 136 -661.1669999999999
1 157 194 -661.1669999999999
1 157 207 -661.1669999999999
1 157 240 -661.1669999999999
1 158 135 -661.1669999999999
1 158 248 -661.1669999999999
1 159 152 -661.1669999999999
1 159 231 -661.1669999999999
1 159 240 -661.1669999999999
1 159 247 -661.1669999999999
1 159 248 -661.1669999999999
1 159 250 -661.1669999999999
1 159 251 -661.1669999999999
1 159 257 -661.1669999999999
1 160 133 -661.1669999999999
1 160 249 -1322.33
1 160 251 -1322.33
1 160 252 -661.1669999999999
1 160 253 -661.1669999999999
1 160 262 -661.1669999999999
1 161 144 -1322.33
1 161 251 -661.1669999999999
1 161 253 -661.1669999999999
1 162 137 -1322.33
1 162 252 -1322.33
1 162 253 -661.1669999999999
1 163 152 -661.1669999999999
1 163 190 -661.1669999999999
1 163 236 -661.1669999999999
1 164 278 -661.1669999999999
1 164 290 -661.1669999999999
1 164 299 -661.1669999999999
1 165 133 -1322.33
1 165 134 -1322.33
1 165 135 -661.1669999999999
1 165 290 -661.1669999999999
1 166 131 -661.1669999999999
1 166 132 -661.1669999999999
1 166 133 -1322.33
1 166 134 -661.1669999999999
1 166 135 -661.1669999999999
1 166 210 -661.1669999999999
1 166 254 -661.1669999999999
1 166 255 -661.1669999999999
1 167 127 -661.1669999999999
1 167 132 -1322.33
1 167 133 -1322.33
1 167 134 -1983.5
1 167 256 -661.1669999999999
1 167 288 -661.1669999999999
1 167 294 -661.1669999999999
1 168 130 -661.1669999999999
1 168 131 -661.1669999999999
1 168 132 -2644.67
1 168 133 -2644.67
1 168 286 -661.1669999999999
1 168 287 -1322.33
1 168 291 -1322.33
1 169 128 -1322.33
1 169 129 -2644.67
1 169 131 -661.1669999999999
1 169 132 -3305.83
1 169 133 -1983.5
1 169 134 -5950.5
1 169 135 -661.1669999999999
1 169 236 -661.1669999999999
1 169 260 -661.1669999999999
1 169 271 -661.1669999999999
1 169 287 -661.1669999999999
1 169 290 -661.1669999999999
1 170 133 -1983.5
1 170 134 -7934.0
1 170 136 -661.1669999999999
1 170 187 -661.1669999999999
1 170 256 -661.1669999999999
1 170 287 -661.1669999999999
1 170 292 -661.1669999999999
1 171 133 -1322.33
1 171 134 -661.1669999999999
1 171 136 -3305.83
1 171 290 -661.1669999999999
1 172 257 -661.1669999999999
1 172 284 -661.1669999999999
1 172 295 -1322.33
1 172 311 -661.1669999999999
1 173 258 -661.1669999999999
1 173 278 -661.1669999999999
1 173 290 -661.1669999999999
1 173 292 -661.1669999999999
1 173 293 -1322.33
1 173 294 -661.1669999999999
1 174 124 -661.1669999999999
1 174 253 -661.1669999999999
1 174 261 -661.1669999999999
1 174 270 -661.1669999999999
1 174 283 -661.1669999999999
1 174 289 -661.1669999999999
1 174 293 -661.1669999999999
1 175 260 -661.1669999999999
1 175 288 -661.1669999999999
1 175 292 -1322.33
1 175 293 -661.1669999999999
1 175 296 -661.1669999999999
1 175 305 -661.1669999999999
1 176 274 -661.1669999999999
1 176 305 -661.1669999999999
1 177 289 -661.1669999999999
1 177 290 -661.1669999999999
1 178 243 -661.1669999999999
1 178 280 -661.1669999999999
1 178 285 -661.1669999999999
1 178 302 -661.1669999999999
1 178 305 -661.1669999999999
1 178 306 -661.1669999999999
1 178 311 -661.1669999999999
1 179 278 -661.1669999999999
1 179 285 -661.1669999999999
1 180 149 -661.1669999999999
1 180 286 -661.1669999999999
1 181 297 -661.1669999999999
1 181 307 -661.1669999999999
1 181 308 -661.1669999999999
1 183 242 -661.1669999999999
1 183 285 -661.1669999999999
1 183 295 -661.1669999999999
1 183 308 -661.1669999999999
1 183 309 -661.1669999999999
1 183 318 -661.1669999999999
1 184 263 -661.1669999999999
1 184 285 -661.1669999999999
1 184 313 -661.1669999999999
1 184 319 -661.1669999999999
1 185 257 -661.1669999999999
1 185 305 -661.1669999999999
1 185 306 -661.1669999999999
1 185 307 -661.1669999999999
1 185 315 -661.1669999999999
1 186 255 -661.1669999999999
1 186 265 -661.1669999999999
1 186 307 -1322.33
1 186 310 -661.1669999999999
1 188 262 -661.1669999999999
1 188 294 -661.1669999999999
1 188 295 -661.1669999999999
1 189 295 -661.1669999999999
1 189 309 -661.1669999999999
1 190 307 -661.1669999999999
1 190 308 -661.1669999999999
1 190 324 -661.1669999999999
1 191 292 -1322.33
1 191 304 -661.1669999999999
1 191 305 -661.1669999999999
1 192 258 -661.1669999999999
1 192 284 -661.1669999999999
1 192 304 -661.1669999999999
1 192 316 -661.1669999999999
1 192 319 -661.1669999999999
1 193 262 -661.1669999999999
1 193 301 -661.1669999999999
1 193 311 -661.1669999999999
1 193 313 -1322.33
1 194 284 -661.1669999999999
1 194 313 -661.1669999999999
1 195 269 -661.1669999999999
1 195 287 -661.1669999999999
1 195 289 -661.1669999999999
1 195 300 -661.1669999999999
1 195 311 -661.1669999999999
1 195 313 -661.1669999999999
1 196 269 -661.1669999999999
1 196 275 -661.1669999999999
1 196 303 -661.1669999999999
1 196 324 -661.1669999999999
1 196 333 -661.1669999999999
1 197 264 -661.1669999999999
1 197 283 -661.1669999999999
1 197 300 -661.1669999999999
1 197 322 -661.1669999999999
1 197 325 -661.1669999999999
1 198 242 -661.1669999999999
1 198 276 -1322.33
1 198 309 -661.1669999999999
1 198 311 -661.1669999999999
1 199 283 -661.1669999999999
1 199 311 -661.1669999999999
1 199 324 -661.1669999999999
1 200 280 -661.1669999999999
1 200 286 -661.1669999999999
1 200 296 -661.1669999999999
1 200 299 -661.1669999999999
1 200 306 -661.1669999999999
1 200 307 -661.1669999999999
1 200 312 -661.1669999999999
1 200 343 -661.1669999999999
1 200 345 -661.1669999999999
1 201 257 -661.1669999999999
1 202 280 -661.1669999999999
1 202 287 -661.1669999999999
1 202 297 -661.1669999999999
1 202 301 -661.1669999999999
1 202 302 -661.1669999999999
1 203 215 -661.1669999999999
1 203 304 -661.1669999999999
1 203 305 -661.1669999999999
1 203 309 -661.1669999999999
1 203 315 -661.1669999999999
1 205 263 -661.1669999999999
1 205 303 -661.1669999999999
1 205 304 -661.1669999999999
1 205 317 -661.1669999999999
1 205 318 -661.1669999999999
1 205 319 -661.1669999999999
1 206 264 -661.1669999999999
1 206 270 -661.1669999999999
1 206 301 -661.1669999999999
1 206 304 -661.1669999999999
1 206 315 -661.1669999999999
1 206 317 -1322.33
1 207 262 -661.1669999999999
1 207 300 -661.1669999999999
1 207 301 -1322.33
1 207 303 -661.1669999999999
1 207 304 -661.1669999999999
1 207 306 -1322.33
1 207 315 -661.1669999999999
1 207 317 -661.1669999999999
1 208 298 -1322.33
1 208 299 -1322.33
1 208 306 -661.1669999999999
1 208 317 -661.1669999999999
1 208 328 -661.1669999999999
1 209 284 -661.1669999999999
1 209 297 -661.1669999999999
1 209 302 -661.1669999999999
1 210 284 -661.1669999999999
1 210 301 -661.1669999999999
1 210 302 -661.1669999999999
1 210 342 -661.1669999999999
1 211 301 -661.1669999999999
1 211 321 -661.1669999999999
1 212 295 -661.1669999999999
1 212 347 -661.1669999999999
1 213 226 -661.1669999999999
1 213 287 -661.1669999999999
1 213 303 -661.1669999999999
1 213 329 -661.1669999999999
1 214 319 -661.1669999999999
1 215 289 -661.1669999999999
1 215 311 -661.1669999999999
1 215 353 -661.1669999999999
1 216 323 -661.1669999999999
1 216 341 -661.1669999999999
1 217 244 -661.1669999999999
1 217 249 -661.1669999999999
1 217 351 -661.1669999999999
1 218 209 -661.1669999999999
1 218 243 -661.1669999999999
1 218 292 -661.1669999999999
1 218 345 -1322.33
1 221 240 -661.1669999999999
1 221 611 -661.1669999999999
1 222 254 -661.1669999999999
1 222 362 -661.1669999999999
1 224 338 -661.1669999999999
1 224 359 -661.1669999999999
1 225 323 -661.1669999999999
1 225 329 -661.1669999999999
1 225 332 -661.1669999999999
1 225 368 -661.1669999999999
1 225 373 -661.1669999999999
1 225 378 -661.1669999999999
1 225 382 -1322.33
1 226 323 -661.1669999999999
1 226 388 -1322.33
1 226 618 -661.1669999999999
1 227 315 -661.1669999999999
1 228 606 -661.1669999999999
1 229 385 -1322.33
1 229 392 -661.1669999999999
1 229 393 -661.1669999999999
1 229 397 -2644.67
1 229 618 -3305.83
1 230 338 -661.1669999999999
1 230 373 -1322.33
1 230 384 -661.1669999999999
1 230 392 -1322.33
1 230 393 -2644.67
1 230 396 -661.1669999999999
1 230 605 -661.1669999999999
1 231 343 -661.1669999999999
1 231 383 -661.1669999999999
1 231 392 -3305.83
1 231 393 -7272.83
1 231 398 -661.1669999999999
1 231 603 -661.1669999999999
1 231 607 -1322.33
1 232 259 -661.1669999999999
1 232 300 -661.1669999999999
1 232 384 -661.1669999999999
1 232 389 -661.1669999999999
1 232 393 -3967.0
1 232 394 -2644.67
1 232 405 -661.1669999999999
1 232 604 -1322.33
1 232 606 -1322.33
1 232 607 -1983.5
1 232 608 -661.1669999999999
1 233 373 -661.1669999999999
1 233 393 -661.1669999999999
1 233 403 -661.1669999999999
1 233 406 -2644.67
1 233 601 -1322.33
1 233 602 -661.1669999999999
1 234 374 -661.1669999999999
1 234 388 -661.1669999999999
1 234 389 -661.1669999999999
1 234 406 -1983.5
1 234 407 -1322.33
1 234 601 -661.1669999999999
1 234 602 -1322.33
1 234 603 -1983.5
1 234 604 -661.1669999999999
1 234 605 -1322.33
1 234 606 -661.1669999999999
1 234 609 -661.1669999999999
1 234 620 -661.1669999999999
1 234 621 -661.1669999999999
1 235 342 -661.1669999999999
1 235 368 -661.1669999999999
1 235 389 -661.1669999999999
1 235 392 -661.1669999999999
1 235 404 -661.1669999999999
1 235 406 -661.1669999999999
1 235 599 -661.1669999999999
1 235 600 -1322.33
1 235 602 -1983.5
1 235 603 -661.1669999999999
1 235 606 -661.1669999999999
1 235 608 -661.1669999999999
1 236 256 -661.1669999999999
1 236 359 -661.1669999999999
1 236 377 -1322.33
1 236 378 -661.1669999999999
1 236 389 -1322.33
1 236 600 -661.1669999999999
1 236 601 -661.1669999999999
1 236 602 -1322.33
1 236 605 -661.1669999999999
1 236 606 -661.1669999999999
1 236 607 -661.1669999999999
1 236 620 -661.1669999999999
1 237 330 -661.1669999999999
1 237 377 -661.1669999999999
1 237 384 -661.1669999999999
1 237 388 -661.1669999999999
1 237 605 -1322.33
1 237 606 -1983.5
1 237 607 -1322.33
1 237 608 -3305.83
1 237 609 -1983.5
1 237 620 -661.1669999999999
1 238 346 -661.1669999999999
1 238 391 -661.1669999999999
1 238 410 -661.1669999999999
1 238 602 -661.1669999999999
1 238 603 -661.1669999999999
1 238 606 -3305.83
1 238 607 -3967.0
1 238 608 -2644.67
1 238 610 -661.1669999999999
1 239 297 -661.1669999999999
1 239 323 -661.1669999999999
1 239 404 -661.1669999999999
1 239 601 -661.1669999999999
1 239 603 -661.1669999999999
1 239 607 -1322.33
1 239 608 -2644.67
1 239 609 -1983.5
1 239 610 -1322.33
1 239 615 -1322.33
1 240 267 -661.1669999999999
1 240 319 -661.1669999999999
1 240 327 -661.1669999999999
1 240 352 -661.1669999999999
1 240 374 -1322.33
1 240 392 -1322.33
1 240 396 -661.1669999999999
1 240 406 -661.1669999999999
1 240 603 -661.1669999999999
1 240 605 -1983.5
1 240 606 -2644.67
1 240 607 -1322.33
1 240 620 -1322.33
1 240 621 -661.1669999999999
1 241 339 -661.1669999999999
1 241 352 -661.1669999999999
1 241 370 -1322.33
1 241 375 -661.1669999999999
1 241 409 -661.1669999999999
1 241 577 -661.1669999999999
1 241 603 -1322.33
1 241 605 -1983.5
1 241 606 -1322.33
1 241 607 -1322.33
1 241 608 -1322.33
1 241 609 -3305.83
1 241 610 -661.1669999999999
1 241 611 -661.1669999999999
1 241 620 -661.1669999999999
1 241 621 -661.1669999999999
1 242 314 -661.1669999999999
1 242 318 -661.1669999999999
1 242 336 -661.1669999999999
1 242 338 -661.1669999999999
1 242 339 -661.1669999999999
1 242 373 -1983.5
1 242 374 -3967.0
1 242 406 -1322.33
1 242 603 -1322.33
1 242 604 -4628.17
1 242 605 -5950.5
1 242 606 -1983.5
1 242 607 -3305.83
1 242 608 -3305.83
1 242 609 -1983.5
1 242 610 -1983.5
1 242 616 -661.1669999999999
1 242 622 -661.1669999999999
1 242 623 -1983.5
1 243 366 -661.1669999999999
1 243 369 -661.1669999999999
1 243 372 -1322.33
1 243 373 -5289.33
1 243 374 -1983.5
1 243 386 -661.1669999999999
1 243 391 -661.1669999999999
1 243 405 -661.1669999999999
1 243 406 -661.1669999999999
1 243 407 -1322.33
1 243 409 -661.1669999999999
1 243 577 -661.1669999999999
1 243 606 -4628.17
1 243 607 -3305.83
1 243 608 -1322.33
1 243 609 -3967.0
1 243 620 -661.1669999999999
1 243 622 -1322.33
1 243 623 -5289.33
1 244 371 -661.1669999999999
1 244 372 -1322.33
1 244 373 -1983.5
1 244 415 -661.1669999999999
1 244 598 -661.1669999999999
1 244 606 -2644.67
1 244 607 -661.1669999999999
1 244 611 -661.1669999999999
1 244 616 -661.1669999999999
1 244 622 -661.1669999999999
1 244 623 -2644.67
1 244 624 -661.1669999999999
1 245 312 -661.1669999999999
1 245 315 -661.1669999999999
1 245 326 -661.1669999999999
1 245 335 -661.1669999999999
1 245 338 -661.1669999999999
1 245 356 -1322.33
1 245 371 -661.1669999999999
1 245 413 -661.1669999999999
1 245 586 -661.1669999999999
1 245 604 -661.1669999999999
1 245 605 -1983.5
1 245 606 -3305.83
1 245 607 -2644.67
1 245 609 -3305.83
1 245 610 -1322.33
1 245 612 -1322.33
1 245 616 -1322.33
1 245 619 -661.1669999999999
1 245 620 -1322.33
1 245 622 -661.1669999999999
1 246 214 -661.1669999999999
1 246 342 -661.1669999999999
1 246 356 -661.1669999999999
1 246 357 -661.1669999999999
1 246 374 -661.1669999999999
1 246 413 -661.1669999999999
1 246 590 -661.1669999999999
1 246 599 -661.1669999999999
1 246 600 -3967.0
1 246 605 -2644.67
1 246 606 -4628.17
1 246 607 -2644.67
1 246 610 -661.1669999999999
1 246 612 -1322.33
1 246 614 -661.1669999999999
1 246 615 -661.1669999999999
1 246 623 -661.1669999999999
1 247 314 -661.1669999999999
1 247 331 -661.1669999999999
1 247 367 -1322.33
1 247 368 -3305.83
1 247 387 -1322.33
1 247 413 -661.1669999999999
1 247 578 -661.1669999999999
1 247 597 -661.1669999999999
1 247 598 -4628.17
1 247 599 -3967.0
1 247 600 -6611.67
1 247 601 -6611.67
1 247 605 -1322.33
1 247 609 -1322.33
1 247 610 -1322.33
1 247 611 -2644.67
1 247 612 -2644.67
1 247 613 -1322.33
1 247 618 -1322.33
1 247 619 -661.1669999999999
1 247 623 -661.1669999999999
1 248 307 -661.1669999999999
1 248 367 -661.1669999999999
1 248 368 -2644.67
1 248 371 -1322.33
1 248 372 -3305.83
1 248 387 -1322.33
1 248 388 -3967.0
1 248 413 -661.1669999999999
1 248 416 -661.1669999999999
1 248 529 -661.1669999999999
1 248 567 -661.1669999999999
1 248 596 -4628.17
1 248 597 -3305.83
1 248 598 -6611.67
1 248 599 -3967.0
1 248 600 -2644.67
1 248 601 -3967.0
1 248 602 -1983.5
1 248 605 -661.1669999999999
1 248 608 -661.1669999999999
1 248 609 -1322.33
1 248 610 -1983.5
1 248 611 -3967.0
1 248 612 -3967.0
1 248 613 -4628.17
1 248 618 -661.1669999999999
1 248 619 -661.1669999999999
1 248 620 -661.1669999999999
1 248 623 -1322.33
1 249 333 -661.1669999999999
1 249 334 -661.1669999999999
1 249 365 -1322.33
1 249 366 -1983.5
1 249 367 -661.1669999999999
1 249 368 -1983.5
1 249 371 -661.1669999999999
1 249 387 -661.1669999999999
1 249 388 -661.1669999999999
1 249 400 -661.1669999999999
1 249 412 -661.1669999999999
1 249 567 -661.1669999999999
1 249 593 -1322.33
1 249 595 -3967.0
1 249 596 -4628.17
1 249 597 -7272.83
1 249 603 -1983.5
1 249 604 -5289.33
1 249 605 -3305.83
1 249 607 -2644.67
1 249 609 -661.1669999999999
1 249 610 -1322.33
1 249 611 -3305.83
1 249 612 -5950.5
1 249 613 -1322.33
1 249 618 -661.1669999999999
1 249 623 -661.1669999999999
1 250 331 -661.1669999999999
1 250 355 -661.1669999999999
1 250 365 -1322.33
1 250 366 -3305.83
1 250 367 -1983.5
1 250 368 -661.1669999999999
1 250 369 -1322.33
1 250 370 -1322.33
1 250 371 -3967.0
1 250 382 -661.1669999999999
1 250 406 -661.1669999999999
1 250 413 -661.1669999999999
1 250 414 -661.1669999999999
1 250 423 -661.1669999999999
1 250 436 -661.1669999999999
1 250 568 -661.1669999999999
1 250 579 -661.1669999999999
1 250 591 -661.1669999999999
1 250 594 -661.1669999999999
1 250 596 -5289.33
1 250 597 -1322.33
1 250 602 -661.1669999999999
1 250 603 -4628.17
1 250 604 -3967.0
1 250 605 -2644.67
1 250 607 -661.1669999999999
1 250 608 -1983.5
1 250 609 -661.1669999999999
1 250 610 -661.1669999999999
1 250 613 -661.1669999999999
1 251 276 -661.1669999999999
1 251 322 -661.1669999999999
1 251 365 -1983.5
1 251 366 -5950.5
1 251 367 -1322.33
1 251 368 -1322.33
1 251 371 -661.1669999999999
1 251 379 -661.1669999999999
1 251 407 -661.1669999999999
1 251 414 -661.1669999999999
1 251 424 -661.1669999999999
1 251 598 -661.1669999999999
1 251 604 -661.1669999999999
1 251 605 -661.1669999999999
1 251 607 -661.1669999999999
1 251 610 -661.1669999999999
1 252 236 -661.1669999999999
1 252 365 -1983.5
1 252 366 -4628.17
1 252 367 -4628.17
1 252 368 -1322.33
1 252 376 -661.1669999999999
1 252 412 -661.1669999999999
1 252 416 -661.1669999999999
1 252 428 -661.1669999999999
1 252 506 -661.1669999999999
1 252 507 -661.1669999999999
1 252 528 -661.1669999999999
1 252 534 -661.1669999999999
1 252 544 -661.1669999999999
1 252 576 -661.1669999999999
1 252 591 -1322.33
1 252 596 -1322.33
1 252 597 -1322.33
1 252 598 -661.1669999999999
1 252 599 -1322.33
1 252 608 -1322.33
1 252 609 -661.1669999999999
1 252 611 -661.1669999999999
1 252 620 -661.1669999999999
1 253 259 -661.1669999999999
1 253 342 -661.1669999999999
1 253 363 -661.1669999999999
1 253 365 -1322.33
1 253 366 -3967.0
1 253 367 -2644.67
1 253 370 -661.1669999999999
1 253 375 -1322.33
1 253 404 -661.1669999999999
1 253 433 -1322.33
1 253 506 -661.1669999999999
1 253 543 -661.1669999999999
1 253 546 -661.1669999999999
1 253 547 -661.1669999999999
1 253 566 -661.1669999999999
1 253 586 -1322.33
1 253 596 -661.1669999999999
1 253 597 -2644.67
1 253 601 -661.1669999999999
1 253 604 -661.1669999999999
1 253 605 -661.1669999999999
1 253 614 -1983.5
1 254 366 -1322.33
1 254 478 -661.1669999999999
1 254 581 -661.1669999999999
1 254 584 -661.1669999999999
1 254 585 -3967.0
1 254 586 -3305.83
1 254 587 -1983.5
1 254 588 -1983.5
1 254 589 -2644.67
1 254 598 -661.1669999999999
1 254 599 -661.1669999999999
1 254 601 -1322.33
1 254 604 -1322.33
1 254 605 -661.1669999999999
1 254 606 -661.1669999999999
1 254 611 -661.1669999999999
1 255 341 -661.1669999999999
1 255 346 -661.1669999999999
1 255 371 -661.1669999999999
1 255 402 -661.1669999999999
1 255 442 -661.1669999999999
1 255 445 -661.1669999999999
1 255 461 -661.1669999999999
1 255 479 -661.1669999999999
1 255 512 -661.1669999999999
1 255 513 -661.1669999999999
1 255 526 -661.1669999999999
1 255 547 -661.1669999999999
1 255 548 -661.1669999999999
1 255 565 -661.1669999999999
1 255 583 -1983.5
1 255 584 -2644.67
1 255 585 -2644.67
1 255 586 -2644.67
1 255 587 -1322.33
1 255 588 -661.1669999999999
1 255 591 -661.1669999999999
1 255 594 -661.1669999999999
1 255 597 -661.1669999999999
1 255 600 -1322.33
1 255 607 -661.1669999999999
1 256 346 -661.1669999999999
1 256 350 -661.1669999999999
1 256 367 -661.1669999999999
1 256 373 -661.1669999999999
1 256 374 -661.1669999999999
1 256 491 -661.1669999999999
1 256 526 -661.1669999999999
1 256 531 -1983.5
1 256 532 -661.1669999999999
1 256 547 -661.1669999999999
1 256 548 -1322.33
1 256 549 -661.1669999999999
1 256 575 -661.1669999999999
1 256 578 -1322.33
1 256 580 -661.1669999999999
1 256 584 -1983.5
1 256 585 -1322.33
1 256 592 -1322.33
1 256 594 -4628.17
1 256 595 -2644.67
1 256 607 -2644.67
1 256 608 -1322.33
1 256 609 -661.1669999999999
1 257 330 -661.1669999999999
1 257 461 -661.1669999999999
1 257 497 -661.1669999999999
1 257 503 -661.1669999999999
1 257 506 -661.1669999999999
1 257 512 -661.1669999999999
1 257 527 -1983.5
1 257 529 -661.1669999999999
1 257 532 -661.1669999999999
1 257 549 -661.1669999999999
1 257 574 -661.1669999999999
1 257 575 -1983.5
1 257 584 -1983.5
1 257 585 -1983.5
1 257 593 -1322.33
1 257 594 -5289.33
1 257 595 -2644.67
1 257 597 -1322.33
1 257 606 -4628.17
1 257 607 -661.1669999999999
1 258 307 -661.1669999999999
1 258 330 -661.1669999999999
1 258 366 -661.1669999999999
1 258 485 -1322.33
1 258 489 -1322.33
1 258 491 -661.1669999999999
1 258 493 -661.1669999999999
1 258 494 -661.1669999999999
1 258 496 -661.1669999999999
1 258 497 -661.1669999999999
1 258 498 -1983.5
1 258 499 -1322.33
1 258 502 -661.1669999999999
1 258 503 -661.1669999999999
1 258 529 -1322.33
1 258 531 -661.1669999999999
1 258 532 -661.1669999999999
1 258 533 -1322.33
1 258 535 -661.1669999999999
1 258 546 -661.1669999999999
1 258 550 -661.1669999999999
1 258 556 -1322.33
1 258 564 -661.1669999999999
1 258 576 -661.1669999999999
1 258 583 -661.1669999999999
1 258 584 -1983.5
1 258 586 -1983.5
1 258 594 -1983.5
1 258 606 -3305.83
1 258 607 -661.1669999999999
1 259 346 -661.1669999999999
1 259 369 -1322.33
1 259 402 -661.1669999999999
1 259 444 -661.1669999999999
1 259 456 -661.1669999999999
1 259 485 -661.1669999999999
1 259 486 -661.1669999999999
1 259 488 -661.1669999999999
1 259 489 -661.1669999999999
1 259 490 -1322.33
1 259 509 -1322.33
1 259 510 -661.1669999999999
1 259 522 -661.1669999999999
1 259 528 -661.1669999999999
1 259 529 -661.1669999999999
1 259 531 -661.1669999999999
1 259 532 -661.1669999999999
1 259 545 -661.1669999999999
1 259 549 -661.1669999999999
1 259 554 -1322.33
1 259 555 -1322.33
1 259 556 -1983.5
1 259 557 -1983.5
1 259 575 -2644.67
1 259 576 -661.1669999999999
1 259 579 -661.1669999999999
1 259 584 -661.1669999999999
1 259 585 -2644.67
1 259 586 -1322.33
1 260 369 -1322.33
1 260 404 -1322.33
1 260 443 -661.1669999999999
1 260 454 -661.1669999999999
1 260 485 -661.1669999999999
1 260 486 -1322.33
1 260 487 -661.1669999999999
1 260 492 -661.1669999999999
1 260 499 -661.1669999999999
1 260 502 -1322.33
1 260 517 -661.1669999999999
1 260 527 -661.1669999999999
1 260 545 -1983.5
1 260 548 -661.1669999999999
1 260 554 -661.1669999999999
1 260 556 -661.1669999999999
1 260 567 -661.1669999999999
1 260 576 -661.1669999999999
1 260 577 -661.1669999999999
1 261 397 -661.1669999999999
1 261 404 -661.1669999999999
1 261 444 -661.1669999999999
1 261 483 -661.1669999999999
1 261 487 -661.1669999999999
1 261 501 -661.1669999999999
1 261 502 -661.1669999999999
1 261 545 -661.1669999999999
1 261 551 -661.1669999999999
1 261 552 -661.1669999999999
1 261 565 -661.1669999999999
1 262 254 -661.1669999999999
1 262 353 -1322.33
1 262 369 -661.1669999999999
1 262 425 -661.1669999999999
1 262 443 -661.1669999999999
1 262 458 -661.1669999999999
1 262 483 -1322.33
1 262 493 -661.1669999999999
1 262 501 -661.1669999999999
1 262 502 -661.1669999999999
1 262 523 -661.1669999999999
1 262 524 -661.1669999999999
1 262 535 -661.1669999999999
1 262 536 -661.1669999999999
1 262 537 -661.1669999999999
1 262 542 -661.1669999999999
1 262 546 -661.1669999999999
1 262 584 -661.1669999999999
1 262 587 -661.1669999999999
1 263 355 -661.1669999999999
1 263 415 -661.1669999999999
1 263 484 -661.1669999999999
1 263 493 -661.1669999999999
1 263 509 -661.1669999999999
1 263 522 -661.1669999999999
1 263 523 -1322.33
1 263 524 -1322.33
1 263 541 -1322.33
1 263 542 -661.1669999999999
1 263 543 -661.1669999999999
1 263 546 -1322.33
1 263 576 -661.1669999999999
1 263 579 -661.1669999999999
1 263 581 -2644.67
1 264 369 -661.1669999999999
1 264 379 -661.1669999999999
1 264 481 -661.1669999999999
1 264 482 -661.1669999999999
1 264 493 -661.1669999999999
1 264 503 -661.1669999999999
1 264 504 -661.1669999999999
1 264 516 -661.1669999999999
1 264 521 -1983.5
1 264 527 -661.1669999999999
1 264 543 -2644.67
1 264 568 -661.1669999999999
1 264 575 -661.1669999999999
1 264 576 -1322.33
1 265 336 -661.1669999999999
1 265 367 -1322.33
1 265 457 -661.1669999999999
1 265 459 -661.1669999999999
1 265 511 -661.1669999999999
1 265 516 -661.1669999999999
1 265 520 -661.1669999999999
1 265 524 -661.1669999999999
1 265 568 -1322.33
1 266 314 -661.1669999999999
1 266 413 -661.1669999999999
1 266 456 -661.1669999999999
1 266 478 -661.1669999999999
1 266 481 -661.1669999999999
1 266 483 -661.1669999999999
1 266 484 -661.1669999999999
1 266 485 -661.1669999999999
1 266 492 -661.1669999999999
1 266 498 -661.1669999999999
1 266 505 -661.1669999999999
1 266 518 -661.1669999999999
1 266 523 -661.1669999999999
1 266 543 -661.1669999999999
1 266 545 -661.1669999999999
1 266 549 -661.1669999999999
1 266 555 -661.1669999999999
1 267 337 -661.1669999999999
1 267 365 -661.1669999999999
1 267 381 -661.1669999999999
1 267 459 -661.1669999999999
1 267 460 -1322.33
1 267 505 -661.1669999999999
1 267 507 -661.1669999999999
1 267 543 -661.1669999999999
1 267 544 -1322.33
1 267 549 -661.1669999999999
1 267 553 -1983.5
1 267 562 -661.1669999999999
1 268 507 -1322.33
1 268 540 -661.1669999999999
1 268 541 -661.1669999999999
1 268 542 -1322.33
1 268 543 -2644.67
1 268 544 -1322.33
1 268 549 -661.1669999999999
1 268 551 -661.1669999999999
1 268 552 -661.1669999999999
1 268 553 -661.1669999999999
1 269 362 -661.1669999999999
1 269 505 -1322.33
1 269 507 -661.1669999999999
1 269 528 -661.1669999999999
1 269 543 -661.1669999999999
1 269 547 -1322.33
1 270 474 -661.1669999999999
1 270 475 -1322.33
1 270 479 -661.1669999999999
1 270 491 -661.1669999999999
1 270 504 -661.1669999999999
1 270 507 -661.1669999999999
1 270 526 -661.1669999999999
1 271 375 -661.1669999999999
1 271 388 -661.1669999999999
1 271 479 -661.1669999999999
1 271 481 -661.1669999999999
1 271 487 -661.1669999999999
1 271 491 -661.1669999999999
1 271 526 -661.1669999999999
1 272 469 -661.1669999999999
1 272 493 -661.1669999999999
1 272 495 -1322.33
1 272 496 -661.1669999999999
1 272 502 -661.1669999999999
1 272 526 -1983.5
1 273 441 -661.1669999999999
1 273 462 -661.1669999999999
1 273 526 -661.1669999999999
1 275 463 -661.1669999999999
1 275 480 -661.1669999999999
1 275 502 -661.1669999999999
1 275 504 -661.1669999999999
1 276 502 -661.1669999999999
1 277 393 -661.1669999999999
1 279 459 -661.1669999999999
1 280 563 -661.1669999999999
1 282 434 -661.1669999999999
1 282 435 -661.1669999999999
1 283 461 -661.1669999999999
1 283 482 -661.1669999999999
1 283 483 -661.1669999999999
1 285 437 -661.1669999999999
1 285 482 -661.1669999999999
1 285 483 -661.1669999999999
1 286 377 -661.1669999999999
1 286 464 -661.1669999999999
1 288 469 -661.1669999999999
1 289 362 -661.1669999999999
1 289 443 -661.1669999999999
1 292 358 -661.1669999999999
1 293 390 -1983.5
1 293 391 -661.1669999999999
1 296 390 -661.1669999999999
1 301 359 -661.1669999999999
1 301 378 -661.1669999999999
1 85 106 -661.1669999999999
1 92 112 -1322.33
1 93 117 -661.1669999999999
1 97 89 -661.1669999999999
1 98 101 -661.1669999999999
1 99 126 -661.1669999999999
1 99 136 -661.1669999999999
1 147 119 -4055.59
1 148 187 -23282.1
1 150 114 -47315.2
1 153 113 -26736.8
1 167 186 -18024.8
1 197 280 -600.83
1 199 225 -751.03
1 210 300 -150.21
1 211 298 -450.62
1 234 285 -450.62
1 244 234 -1201.66
1 265 469 -150.21
1 267 479 -1502.07
1 271 361 -1238.57
1 272 454 -30.22
1 285 433 -751.03
1 291 453 -12791.9
1 299 360 -600.83
1 109 116 -45362.5
1 131 118 -2102.9
1 132 183 -5107.03
1 137 123 -20578.3
1 140 173 -16072.1
1 141 124 -14870.5
1 142 121 -17574.2
1 152 130 -8111.17
1 155 192 -23582.5
1 157 117 -4956.83
1 157 190 -150.21
1 158 205 -9763.45
1 164 258 -751.03
1 169 164 -189862.0
1 172 162 -7810.76
1 172 163 -21629.8
1 172 164 -3604.97
1 173 196 -600.83
1 195 280 -1051.45
1 226 358 -2654.55
1 247 335 -600.83
1 256 333 -751.03
1 265 349 -751.03
1 267 346 -450.62
1 271 470 -751.03
1 274 431 -1748420.0
1 280 367 -450.62
1 285 357 -901.24
1 289 374 -300.41
1 292 370 -1051.45
1 293 378 -450.62
1 143 152 -20277.9
1 143 154 -17123.6
1 144 130 -13068.0
1 151 143 -21780.0
1 152 183 -12467.2
1 153 185 -22681.2
1 153 212 -15471.3
1 154 128 -450.62
1 155 180 -19376.7
1 155 187 -20428.1
1 161 161 -6158.48
1 162 171 -85467.7
1 164 159 -107398.0
1 167 163 -21179.2
1 170 217 -35749.2
1 174 182 -4806.62
1 175 178 -150.21
1 176 128 -14119.5
1 188 287 -150.21
1 189 206 -36049.7
1 201 279 -1051.45
1 221 294 -1051.45
1 222 252 -150.21
1 222 266 -751.03
1 224 273 -901.24
1 225 248 -600.83
1 226 361 -600.83
1 234 319 -1201.66
1 235 317 -1802.48
1 237 292 -23751.1
1 245 243 -300.41
1 248 331 -450.62
1 256 342 -300.41
1 259 347 -300.41
1 266 345 -751.03
1 271 268 -3304.55
1 274 278 -1051.45
1 289 355 -150.21
1 295 392 -150.21
1 296 391 -300.41
1 296 393 -300.41
1 140 166 -129779.0
1 141 116 -71047.9
1 141 165 -67442.9
1 143 114 -67593.1
1 144 151 -93278.5
1 145 114 -49117.7
1 146 150 -35148.4
1 146 180 -21780.0
1 147 148 -125873.0
1 147 171 -10063.9
1 149 124 -751.03
1 149 181 -33345.9
1 150 172 -26136.0
1 150 183 -37551.7
1 150 186 -24183.3
1 151 189 -25084.6
1 151 211 -19076.3
1 152 180 -58430.5
1 153 188 -23282.1
1 154 113 -751.03
1 158 173 -600.83
1 164 124 -3905.38
1 168 164 -9162.62
1 168 166 -7360.14
1 170 115 -4656.41
1 171 125 -450.62
1 176 222 -10965.1
1 184 210 -43560.0
1 188 207 -30642.2
1 189 288 -300.41
1 193 280 -1502.07
1 206 280 -450.62
1 210 249 -751.03
1 211 263 -901.24
1 211 296 -300.41
1 219 272 -300.41
1 221 317 -1952.69
1 224 287 -600.83
1 227 344 -751.03
1 228 354 -450.62
1 230 352 -901.24
1 231 270 -600.83
1 231 347 -150.21
1 235 295 -600.83
1 236 342 -600.83
1 236 344 -150.21
1 240 330 -751.03
1 240 337 -600.83
1 240 357 -300.41
1 244 333 -3626.01
1 246 332 -600.83
1 246 337 -6008.28
1 251 334 -751.03
1 258 345 -300.41
1 260 345 -300.41
1 261 340 -450.62
1 261 351 -150.21
1 262 286 -150.21
1 262 361 -14720.3
1 263 344 -450.62
1 263 350 -300.41
1 265 517 -150.21
1 267 321 -751.03
1 269 365 -300.41
1 270 267 -7810.76
1 271 267 -10214.1
1 271 355 -300.41
1 275 399 -197.87
1 278 502 -3004.14
1 281 331 -150.21
1 284 333 -150.21
1 289 371 -300.41
1 290 371 -300.41
1 291 365 -150.21
1 296 358 -24784.1
1 297 356 -450.62
1 297 391 -600.83
1 299 347 -150.21
1 125 93 -8411.59
1 131 125 -162223.0
1 134 123 -12917.8
1 134 125 -27788.3
1 135 126 -2553.52
1 138 125 -57529.2
1 142 117 -187458.0
1 142 169 -1502.07
1 145 116 -36049.7
1 146 146 -20728.6
1 152 213 -10063.9
1 161 185 -152009.0
1 163 186 -73601.4
1 166 203 -3604.97
1 183 232 -2102.9
1 192 232 -1952.69
1 193 235 -2102.9
1 211 195 -1652.28
1 215 261 -450.62
1 221 339 -450.62
1 223 263 -450.62
1 226 354 -450.62
1 230 358 -150.21
1 232 274 -600.83
1 232 347 -150.21
1 233 341 -300.41
1 248 344 -450.62
1 263 345 -1201.66
1 263 570 -150.21
1 286 302 -150.21
1 292 360 -150.21
1 293 357 -901.24
1 295 362 -450.62
1 297 439 -2826.12
1 132 120 -178896.0
1 134 124 -56928.4
1 134 126 -19677.1
1 135 122 -68945.0
1 137 128 -27638.1
1 145 166 -3454.76
1 150 127 -3154.34
1 152 118 -25385.0
1 153 123 -19376.7
1 155 125 -40405.7
1 156 124 -47315.2
1 158 138 -4506.21
1 160 139 -31243.0
1 181 126 -159670.0
1 185 168 -60383.2
1 189 126 -50769.9
1 224 257 -10664.7
1 230 223 -9012.41
1 137 168 -3604.97
1 149 213 -25535.2
1 189 195 -38603.2
1 192 197 -36800.7
1 202 228 -150.21
1 210 253 -901.24
1 217 236 -901.24
1 186 159 -9312.83
1 188 160 -22230.6
1 291 354 -150.21
1 145 131 -15921.9
1 153 116 -7510.34
1 158 114 -32294.5
1 160 170 -14269.7
1 187 160 -15621.5
1 188 197 -450.62
1 188 204 -14570.1
1 206 169 -2253.1
1 208 226 -600.83
1 211 266 -29313.7
1 213 265 -150.21
1 213 276 -35360.5
1 214 274 -30913.8
1 220 278 -68875.0
1 223 372 -19677.1
1 233 375 -600.83
1 236 317 -150.21
1 239 385 -21.03
1 239 406 -109.86
1 239 416 -4.29
1 241 238 -600.83
1 244 244 -3004.14
1 245 408 -4956.83
1 246 320 -150.21
1 248 454 -150.21
1 259 351 -2914.9
1 265 360 -1970.49
1 267 407 -300.41
1 267 449 -2102.9
1 268 351 -150.21
1 269 360 -6001.8
1 273 367 -150.21
1 274 327 -300.41
1 274 432 -11265.5
1 275 465 -254.53
1 290 322 -751.03
1 292 458 -54315.9
1 294 354 -5309.1
1 296 371 -31393.2
1 297 377 -600.83
1 147 183 -4956.83
1 156 122 -32444.7
1 173 183 -4356.0
1 257 342 -150.21
1 201 251 -1051.45
1 251 286 -150.21
1 261 570 -150.21
1 265 488 -450.62
1 144 132 -150.21
1 136 173 -2253.1
1 144 189 -6308.69
1 154 112 -31543.4
1 154 122 -21179.2
1 161 179 -32144.3
1 164 169 -7209.93
1 167 128 -150.21
1 167 247 -150.21
1 183 124 -139692.0
1 186 123 -84266.1
1 186 125 -600.83
1 186 209 -18926.1
1 204 300 -25.42
1 215 269 -1952.69
1 218 239 -10822.4
1 225 242 -300.41
1 226 375 -8478.35
1 235 420 -9613.24
1 238 302 -300.41
1 242 355 -76.68
1 245 406 -1201.66
1 247 591 -901.24
1 248 590 -150.21
1 248 593 -1351.86
1 251 614 -919.8
1 255 333 -994.93
1 256 443 -224.62
1 258 339 -413.29
1 258 416 -165.0
1 259 414 -600.83
1 266 470 -1400.17
1 270 476 -1952.69
1 273 523 -29741.0
1 274 506 -150.21
1 275 479 -10214.1
1 278 446 -150.21
1 280 458 -688.04
1 291 374 -150.21
1 293 458 -12617.4
1 297 388 -898.16
1 298 384 -63.3
1 298 391 -150.21
1 134 167 -600.83
1 153 134 -5107.03
1 156 121 -450.62
1 158 122 -450.62
1 159 157 -46864.6
1 160 117 -6759.31
1 176 181 -901.24
1 184 305 -1.23
1 197 298 -12.25
1 211 290 -150.21
1 221 351 -300.41
1 225 289 -600.83
1 226 330 -43733.0
1 228 243 -450.62
1 237 406 -106.49
1 241 343 -751.03
1 244 430 -901.24
1 247 342 -29.0
1 253 427 -2244.83
1 253 443 -104.04
1 254 398 -2.86
1 254 442 -11.03
1 254 444 -8.37
1 254 445 -312.42
1 256 445 -1010.97
1 257 344 -30.12
1 257 387 -44761.7
1 259 345 -150.21
1 261 322 -18.17
1 261 346 -107.61
1 261 369 -429.74
1 262 322 -58.91
1 262 555 -150.21
1 263 448 -150.21
1 265 559 -747.26
1 267 388 -6308.69
1 269 539 -150.21
1 270 319 -5293.05
1 271 364 -150.21
1 271 471 -150.21
1 271 489 -1123.08
1 272 371 -300.41
1 273 520 -18024.8
1 273 522 -300.41
1 274 474 -150.21
1 275 371 -901.24
1 275 449 -11115.3
1 277 386 -751.03
1 289 321 -7360.14
1 295 375 -150.21
1 296 415 -2553.52
1 262 394 -1413.06
