1 62 1 3798.3
1 61 2 3770.7
1 60 3 3749.7
1 59 4 3733.5
1 58 5 3721.5
1 57 6 3713.4
1 56 7 3709.2
1 55 8 3709.0
1 54 9 3713.4
1 53 10 3722.5
1 52 11 3736.7
1 51 12 3755.5
1 49 13 3767.8
1 50 13 3777.1
1 48 14 3789.3
1 47 15 3784.5
1 46 16 3776.7
1 45 17 3766.9
1 45 18 3767.6
1 45 19 3768.3
1 44 20 3756.4
1 44 21 3756.2
1 44 22 3755.5
1 44 23 3754.2
1 44 24 3752.2
1 44 25 3749.4
1 44 26 3745.6
1 44 27 3740.7
1 44 28 3734.5
1 44 29 3727.0
1 44 30 3717.9
1 44 31 3707.0
1 44 32 3694.2
1 44 33 3679.1
1 44 34 3661.5
1 44 35 3641.1
1 44 36 3617.4
1 44 37 3589.8
1 44 38 3557.8
1 44 39 3520.3
1 44 40 3476.1
1 44 41 3422.8
1 43 42 3304.0
1 43 43 3265.0
1 43 44 3203.3
1 42 45 3052.1
1 42 46 2997.6
1 40 47 2765.7
1 41 47 2812.0
1 40 48 2729.6
1 40 49 2663.5
1 40 50 2567.6
1 35 78 4859.7
1 35 79 4888.1
1 34 80 4945.1
1 33 81 5025.5
1 32 82 5089.1
1 31 83 5102.5
1 30 84 5114.2
1 29 85 5123.1
1 28 86 5145.4
1 27 87 5164.2
1 26 88 5190.3
1 25 89 5217.8
1 25 90 5254.2
1 24 91 5241.3
1 24 92 5256.5
1 24 93 5293.6
1 24 94 5330.6
1 23 95 5345.7
1 23 96 5386.0
1 23 97 5422.3
1 22 98 5430.3
1 22 99 5471.4
1 22 100 5508.4
1 22 101 5545.7
1 21 102 5566.0
1 21 103 5611.1
1 20 104 5633.2
1 20 105 5675.7
1 19 106 5707.7
1 19 107 5752.1
1 18 108 5788.7
1 18 109 5828.5
1 17 110 5747.7
1 17 111 5758.8
1 17 112 5868.1
1 65 109 6030.5
1 66 109 6027.0
1 67 109 5976.4
1 68 109 5941.6
1 69 109 5951.1
1 62 110 5964.5
1 63 110 6002.2
1 64 110 6023.1
1 70 110 6040.0
1 60 111 5859.4
1 61 111 5880.9
1 71 111 6106.0
1 37 112 5647.1
1 38 112 5707.3
1 39 112 5768.9
1 40 112 5814.4
1 41 112 5851.4
1 42 112 5873.4
1 43 112 5884.6
1 44 112 5893.7
1 45 112 5900.9
1 46 112 5910.4
1 47 112 5919.3
1 48 112 5936.9
1 55 112 5739.6
1 56 112 5761.3
1 57 112 5778.4
1 58 112 5795.2
1 59 112 5810.1
1 72 112 6143.0
1 16 113 5956.8
1 33 113 5631.7
1 34 113 5615.1
1 35 113 5599.2
1 36 113 5578.7
1 49 113 5930.6
1 50 113 5908.4
1 51 113 5855.3
1 52 113 5800.7
1 53 113 5744.1
1 54 113 5707.4
1 73 113 6175.3
1 16 114 6015.9
1 29 114 5721.3
1 30 114 5696.1
1 31 114 5668.3
1 32 114 5633.3
1 74 114 6198.4
1 75 114 6202.5
1 16 115 6072.6
1 25 115 5833.0
1 26 115 5810.2
1 27 115 5781.0
1 28 115 5741.0
1 76 115 6234.3
1 16 116 6127.9
1 21 116 5975.7
1 22 116 5990.6
1 23 116 5903.4
1 24 116 5863.2
1 77 116 6249.5
1 78 116 6247.6
1 79 116 6260.2
1 16 117 6182.1
1 20 117 6023.7
1 80 117 6281.1
1 81 117 6279.2
1 82 117 6258.6
1 83 117 6231.1
1 84 117 6202.0
1 16 118 6219.5
1 17 118 6185.7
1 18 118 6138.6
1 19 118 6085.1
1 85 118 6131.5
1 85 119 6089.7
1 86 120 6072.5
1 86 121 6095.2
1 86 122 6120.0
1 86 123 6137.3
1 86 124 6149.7
1 86 125 6159.3
1 86 126 6166.4
1 86 127 6170.1
1 86 128 6170.7
1 86 129 6169.0
1 86 130 6166.3
1 86 131 6162.1
1 86 132 6155.2
1 86 133 6146.5
1 86 134 6134.7
1 86 135 6118.8
1 86 136 6099.7
1 85 137 6050.6
1 85 138 6037.7
1 84 139 6032.8
1 83 140 6073.8
1 82 141 6157.7
1 82 142 6174.0
1 81 143 6226.7
1 80 144 6287.2
1 79 145 6356.2
1 78 146 6419.8
1 77 147 6487.1
1 76 148 6559.0
1 75 149 6636.4
1 75 150 6700.7
1 75 151 6761.3
1 75 152 6821.9
1 75 153 6868.8
1 76 154 6862.0
1 77 154 6849.2
1 78 154 6839.0
1 79 155 6827.7
1 80 155 6815.1
1 81 156 6797.5
1 82 157 6771.0
1 82 158 6748.6
1 83 158 6734.5
1 84 159 6704.6
1 84 160 6676.8
1 84 161 6652.4
1 84 162 6628.5
1 85 163 6603.4
1 86 164 6574.0
1 87 165 6537.0
1 88 166 6502.2
1 89 167 6468.6
1 90 168 6387.2
1 90 169 6337.2
1 91 170 6269.8
1 92 171 6198.4
1 93 172 6167.7
1 94 173 6141.2
1 94 174 6138.8
1 95 175 6123.4
1 95 176 6109.0
1 95 177 6113.7
1 95 178 6120.7
1 95 179 6126.0
1 96 180 5954.7
1 97 181 5971.7
1 98 182 5989.2
1 99 183 6006.7
1 100 184 6022.5
1 101 185 6037.9
1 102 185 6046.3
1 103 185 6061.9
1 104 186 6096.3
1 105 186 6097.4
1 106 187 6100.6
1 107 188 6096.4
1 108 189 5914.1
1 108 190 5916.1
1 108 191 5917.1
1 108 192 5916.7
1 108 193 5912.5
1 107 194 5707.4
1 107 195 5703.4
1 107 196 5695.6
1 107 197 5685.3
1 107 198 5673.3
1 106 199 5634.9
1 106 200 5622.0
1 105 201 5576.1
1 105 202 5562.9
1 104 203 5522.4
1 104 204 5513.7
1 104 205 5498.7
1 104 206 5477.3
1 104 207 5444.2
1 98 208 5460.6
1 99 208 5470.7
1 100 208 5483.1
1 101 208 5496.0
1 102 208 5513.7
1 103 208 5542.4
1 97 209 5451.3
1 97 210 5450.1
1 97 211 5446.0
1 97 212 5440.7
1 96 213 5424.1
1 95 214 5416.7
1 95 215 5415.4
1 94 216 5408.0
1 94 217 5407.1
1 94 218 5406.4
1 95 219 5410.6
1 96 220 5414.1
1 97 221 5418.0
1 97 222 5416.9
1 98 223 5420.2
1 98 224 5418.8
1 99 225 5422.9
1 99 226 5421.0
1 100 227 5242.1
1 128 227 5398.5
1 129 227 5461.6
1 101 228 5248.0
1 107 228 5142.9
1 108 228 5167.8
1 109 228 5196.4
1 110 228 5228.4
1 111 228 5263.1
1 125 228 5283.4
1 126 228 5309.8
1 127 228 5318.0
1 130 228 5187.6
1 131 228 5194.1
1 132 228 5188.2
1 133 228 5189.3
1 134 228 5195.5
1 135 228 5209.9
1 136 228 5226.9
1 137 228 5240.2
1 138 228 5267.0
1 102 229 5252.8
1 106 229 5280.7
1 112 229 5117.3
1 118 229 5143.6
1 119 229 5162.0
1 120 229 5177.9
1 121 229 5192.0
1 122 229 5203.3
1 123 229 5212.7
1 124 229 5215.2
1 139 229 5340.3
1 103 230 5256.3
1 104 230 5258.9
1 105 230 5261.9
1 113 230 5133.9
1 114 230 5125.4
1 115 230 5121.1
1 116 230 5118.6
1 117 230 5110.7
1 140 230 5307.1
1 139 231 5374.7
1 137 232 5411.3
1 138 232 5410.6
1 136 233 5414.6
1 135 234 5407.4
1 133 235 5374.7
1 134 235 5388.0
1 132 236 5357.8
1 130 237 5314.5
1 131 237 5329.7
1 129 238 5303.3
1 128 239 5287.2
1 127 240 5267.3
1 127 241 5257.5
1 127 242 5244.6
1 128 243 5252.9
1 129 244 5251.2
1 129 245 5238.5
1 130 246 5234.7
1 131 246 5233.6
1 132 246 5236.5
1 133 246 5245.8
1 134 246 5263.2
1 135 246 5289.6
1 136 246 5316.8
1 137 246 5336.8
1 138 246 5358.8
1 139 247 5409.5
1 140 247 5434.0
1 141 247 5471.5
1 142 247 5514.8
1 143 248 5577.8
1 144 249 5671.3
1 144 250 5698.1
1 145 251 5749.9
1 145 252 5775.5
1 145 253 5795.8
1 146 254 5829.1
1 146 255 5826.5
1 146 256 5820.5
1 146 257 5812.6
1 146 258 5802.4
1 146 259 5790.6
1 146 260 5777.2
1 146 261 5764.9
1 146 262 5751.7
1 146 263 5738.5
1 146 264 5728.4
1 146 265 0.0
1 147 266 5482.8
1 147 267 5453.7
1 147 268 5428.8
1 147 269 5389.1
1 147 270 5356.1
1 148 271 5306.0
1 148 272 5279.2
1 148 273 5252.1
1 148 274 5230.3
1 149 274 5215.4
1 149 275 5175.8
1 149 276 5143.6
1 149 277 5091.0
1 149 278 5036.4
1 150 279 5132.7
1 150 280 5087.7
1 150 281 5046.5
1 150 282 5016.2
1 151 283 4932.5
1 151 284 4888.7
1 151 285 4855.4
1 152 286 4761.4
1 152 287 4706.8
1 152 288 4662.5
1 152 289 4628.0
1 153 290 4722.8
1 153 291 4696.3
1 153 292 4704.2
1 154 293 4715.0
1 154 294 4726.6
1 154 295 4736.1
1 154 296 4742.2
1 155 297 4760.1
1 155 298 4763.9
1 156 299 4586.8
1 157 299 4593.1
1 158 299 4602.6
1 159 299 4615.1
1 160 299 4631.1
1 161 299 4650.5
1 162 300 4681.7
1 162 301 4684.5
1 162 302 4683.6
1 162 303 4681.0
1 162 304 4678.3
1 163 305 4857.4
1 163 306 4848.4
1 163 307 4838.6
1 163 308 4829.3
1 163 309 4823.2
1 164 310 5039.4
1 165 311 5081.0
1 166 312 5152.7
1 167 313 5211.3
1 168 314 5244.2
1 168 315 5076.7
1 168 316 5081.0
1 169 316 5088.5
1 169 317 5094.3
1 170 317 5104.1
1 171 318 5105.2
1 171 319 5081.8
1 172 320 5033.9
1 172 321 4986.4
1 172 322 4938.1
1 172 323 4887.1
1 172 324 4847.4
1 173 325 4845.9
1 173 326 4849.5
1 173 327 4851.3
1 174 328 4860.7
1 174 329 4862.3
1 174 330 4863.3
1 175 331 4867.8
1 176 331 4871.8
1 177 331 4877.7
1 178 332 4887.1
1 179 333 4889.7
1 179 334 4886.6
1 179 335 4883.5
1 180 336 4881.0
1 181 337 4872.5
1 181 338 4867.8
1 187 338 4741.0
1 188 338 4762.1
1 189 338 4779.7
1 190 338 4793.4
1 182 339 4858.5
1 186 339 4873.5
1 191 339 4797.0
1 192 339 5216.0
1 182 340 4852.5
1 186 340 4857.8
1 193 340 5215.3
1 182 341 4848.9
1 186 341 4847.8
1 194 341 5215.2
1 195 341 5216.8
1 183 342 4845.3
1 184 342 4845.1
1 185 342 4844.6
1 186 342 4843.5
1 196 342 5216.5
1 196 343 5214.4
1 197 344 5213.3
1 198 345 5210.9
1 199 346 5208.8
1 200 346 5210.4
1 201 346 5212.6
1 202 346 5214.7
1 203 346 5215.5
1 204 346 4491.08
1 205 347 5199.5
1 206 347 5193.3
1 207 348 5398.8
1 207 349 5496.1
1 207 350 5637.0
1 206 351 5696.9
1 205 352 5701.7
1 205 353 5706.2
1 205 354 5711.2
1 206 355 5734.1
1 206 356 5742.3
1 207 357 5767.0
1 208 357 5784.2
1 209 358 5465.4
1 210 359 5522.7
1 211 359 5550.7
1 212 360 5470.5
1 212 361 5507.7
1 208 362 5529.9
1 209 362 5534.6
1 210 362 5541.7
1 211 362 5547.4
1 207 363 5526.1
1 206 364 5520.7
1 206 365 5522.0
1 206 366 5522.2
1 206 367 5521.4
1 206 368 5520.4
1 206 369 5519.2
1 207 369 5525.6
1 208 369 5542.1
1 209 369 5563.8
1 210 369 5588.2
1 211 369 5618.5
1 212 369 5654.9
1 213 369 5699.1
1 214 370 5595.6
1 215 370 5629.4
1 216 372 5626.7
1 214 373 5263.1
1 215 373 5351.3
1 214 374 5220.0
1 213 375 5270.2
1 212 376 5247.8
1 211 377 5194.7
1 211 378 5183.6
1 211 379 5178.1
1 211 380 5180.2
1 211 381 5189.3
1 211 382 5243.7
1 211 383 5293.5
1 212 384 45000.0
1 212 385 45000.0
1 212 386 45000.0
1 212 387 45000.0
1 212 388 45000.0
1 212 389 45000.0
1 212 390 45000.0
1 212 391 45000.0
1 212 392 45000.0
1 212 393 45000.0
1 213 394 45000.0
1 213 395 45000.0
1 213 396 45000.0
1 213 397 45000.0
1 213 398 45000.0
1 213 399 45000.0
1 213 400 45000.0
1 213 401 45000.0
1 213 402 45000.0
1 214 403 45000.0
1 214 404 45000.0
1 214 405 45000.0
1 214 406 45000.0
1 214 407 45000.0
1 214 409 45000.0
1 214 410 45000.0
1 214 411 45000.0
1 214 412 45000.0
1 214 413 45000.0
1 214 414 45000.0
1 214 415 45000.0
1 215 416 45000.0
1 215 417 45000.0
1 227 417 45000.0
1 228 417 45000.0
1 229 417 45000.0
1 216 418 45000.0
1 226 418 45000.0
1 230 418 45000.0
1 217 419 45000.0
1 218 419 45000.0
1 219 419 45000.0
1 220 419 45000.0
1 221 419 45000.0
1 222 419 45000.0
1 223 419 45000.0
1 224 419 45000.0
1 225 419 45000.0
1 229 419 45000.0
1 229 420 45000.0
1 226 421 45000.0
1 227 421 45000.0
1 228 421 45000.0
1 224 422 45000.0
1 225 422 45000.0
1 224 423 45000.0
1 224 424 45000.0
1 225 424 45000.0
1 226 424 45000.0
1 227 424 45000.0
1 228 424 45000.0
1 229 425 45000.0
1 229 426 45000.0
1 229 427 45000.0
1 229 428 45000.0
1 229 429 45000.0
1 228 430 45000.0
1 228 431 45000.0
1 228 432 45000.0
1 228 433 45000.0
1 228 434 45000.0
1 228 435 45000.0
1 229 435 45000.0
1 230 436 45000.0
1 230 437 45000.0
1 230 438 45000.0
1 230 439 45000.0
1 230 440 45000.0
1 230 441 45000.0
1 230 442 45000.0
1 230 443 45000.0
1 230 444 45000.0
1 230 445 45000.0
1 230 446 45000.0
1 230 447 45000.0
1 230 448 45000.0
1 230 449 45000.0
1 230 450 45000.0
1 230 451 45000.0
1 230 452 45000.0
1 230 453 45000.0
1 230 454 45000.0
1 230 455 45000.0
1 230 456 45000.0
1 231 457 45000.0
1 231 458 45000.0
1 231 459 45000.0
1 231 460 45000.0
1 232 461 45000.0
1 232 462 45000.0
1 232 463 45000.0
1 232 464 45000.0
1 233 464 45000.0
1 234 464 45000.0
1 235 464 45000.0
1 236 464 45000.0
1 237 464 45000.0
1 238 464 45000.0
1 239 465 45000.0
1 239 466 45000.0
1 239 467 5337.1
1 238 468 5337.1
1 238 469 5337.1
1 238 470 5337.1
1 239 471 5337.1
1 240 471 5337.1
1 241 472 5337.1
1 242 472 5337.1
1 243 472 5337.1
1 244 473 5337.1
1 245 474 5337.1
1 246 475 5337.1
1 246 476 5337.1
1 246 477 5337.1
1 246 478 5337.1
1 246 479 5337.1
1 246 480 5337.1
1 245 481 5337.1
1 245 482 5337.1
1 244 483 5337.1
1 243 484 5337.1
1 243 485 5337.1
1 243 486 5337.1
1 243 487 5337.1
1 243 488 5337.1
1 243 489 5337.1
1 242 490 5337.1
1 242 491 5337.1
1 241 492 5337.1
1 241 493 5337.1
1 240 494 5337.1
1 239 495 5337.1
1 238 496 5337.1
1 235 497 5337.1
1 236 497 5337.1
1 237 497 5337.1
1 233 498 5337.1
1 234 498 5337.1
1 233 499 5337.1
1 232 500 5337.1
1 231 501 5337.1
1 231 502 5337.1
1 231 503 5337.1
1 231 504 5337.1
1 231 505 5337.1
1 231 506 5337.1
1 231 507 5337.1
1 231 508 5337.1
1 231 509 5337.1
1 231 510 5337.1
1 231 511 5337.1
1 231 512 5337.1
1 231 513 5337.1
1 231 514 5337.1
1 231 515 5337.1
1 232 516 5337.1
1 232 517 5337.1
1 232 518 5337.1
1 233 519 5337.1
1 233 520 5337.1
1 233 521 5337.1
1 234 522 5337.1
1 234 523 5337.1
1 235 524 5337.1
1 235 525 5337.1
1 236 525 5337.1
1 237 525 5337.1
1 238 525 5337.1
1 239 526 5337.1
1 239 527 5337.1
1 240 528 5437.9
1 240 529 5453.1
1 241 530 5519.7
1 241 531 5549.7
1 241 532 5566.6
1 241 533 5578.1
1 241 534 5586.4
1 242 535 5064.8
1 242 536 5076.1
1 243 536 5094.1
1 244 536 5126.6
1 245 536 5155.2
1 246 537 5210.6
1 246 538 5227.7
1 247 539 5267.6
1 248 540 5303.1
1 249 540 5315.2
1 250 540 5331.6
1 251 541 5365.2
1 250 544 5398.8
1 251 544 5401.1
1 245 545 5344.2
1 246 545 5355.4
1 247 545 5374.0
1 248 545 5387.7
1 249 545 5393.2
1 243 546 5317.7
1 244 546 5321.7
1 243 547 5318.4
1 242 548 5314.5
1 242 549 5314.8
1 241 550 5308.6
1 241 551 5306.9
1 240 552 5296.5
1 239 553 5285.5
1 238 554 0.0
1 237 555 5249.9
1 236 556 5248.8
1 236 557 5248.8
1 232 558 5189.1
1 233 558 5186.1
1 234 558 5193.8
1 235 558 5197.3
1 232 559 5201.2
1 231 560 5201.4
1 231 561 5209.8
1 231 562 5216.5
1 231 563 5221.6
1 231 564 5222.9
1 230 565 5389.7
1 230 566 5382.9
1 230 567 5372.0
1 230 568 5359.6
1 215 371 5678.1
1 39 51 6043.2
1 39 52 5967.8
1 38 53 5714.5
1 38 54 5641.8
1 37 55 5375.6
1 36 56 5152.8
1 35 57 4950.0
1 35 58 4889.0
1 35 59 4787.7
1 35 60 8397.7
1 35 61 8262.3
1 35 62 8125.5
1 35 63 7985.2
1 35 64 7841.2
1 35 65 7693.4
1 35 66 7542.6
1 35 67 7395.4
1 35 68 7276.3
1 36 69 10770.0
1 36 70 10502.6
1 36 71 10250.3
1 36 72 10007.1
1 36 73 9772.1
1 36 74 9559.1
1 36 75 9377.7
1 36 76 9287.9
1 36 77 9255.2
1 230 569 5347.0
1 230 570 5333.5
1 230 571 5317.4
1 230 572 5306.0
1 230 573 5316.9
1 230 574 5332.4
1 230 575 5342.6
1 230 576 5344.7
1 230 577 5179.6
1 230 578 5212.8
1 230 579 5245.9
1 230 580 5275.3
1 230 581 5278.4
1 230 582 5283.8
1 230 583 5286.3
1 230 584 5285.4
1 230 585 5282.0
1 230 586 5277.4
1 230 587 5271.3
1 230 588 5267.4
1 229 589 5251.5
1 229 590 5242.2
1 228 591 5219.5
1 228 592 5203.8
1 228 593 5186.5
1 228 594 5164.3
1 227 595 5120.1
1 227 596 5096.9
1 227 597 5068.8
1 227 598 5035.6
1 227 599 4786.4
1 226 600 4700.2
1 226 601 4698.2
1 226 602 4696.9
1 226 603 4697.6
1 225 604 4268.5
1 224 605 4268.5
1 223 606 4290.4
1 222 607 4310.8
1 223 605 4275.0
1 114 114 -34381.3
1 117 120 -1453.28
1 121 111 -337434.0
1 121 113 -150282.0
1 124 115 -9334.29
1 125 116 -266338.0
1 126 120 -32670.0
1 129 121 -15557.1
1 130 122 -13121.1
1 133 112 -54450.0
1 135 194 -1453.28
1 138 201 -12290.1
1 139 168 -5133.86
1 140 168 -12756.9
1 143 126 -16490.6
1 143 172 -9489.86
1 143 190 -31114.3
1 144 166 -42315.4
1 144 172 -27069.4
1 144 190 -8400.86
1 145 161 -56472.4
1 146 117 -30958.7
1 146 188 -46827.0
1 146 190 -933.43
1 147 132 -5133.86
1 147 145 -675.424
1 148 167 -99410.1
1 148 176 -63526.3
1 148 196 -27691.7
1 149 145 -75141.0
1 149 146 -94276.3
1 150 128 -155.57
1 150 198 -12290.1
1 151 142 -238180.0
1 151 195 -23491.3
1 152 125 -20121.9
1 152 132 -675.424
1 153 142 -59428.3
1 153 192 -36403.7
1 154 125 -622.29
1 154 171 -6898.28
1 154 249 -22246.7
1 155 112 -35159.1
1 155 141 -63939.9
1 156 129 -161172.0
1 156 146 -14001.4
1 157 135 -9907.28
1 157 140 -181552.0
1 157 251 -64873.3
1 158 133 -21677.6
1 158 137 -26291.6
1 158 181 -89920.3
1 159 119 -51805.3
1 159 173 -31736.6
1 160 119 -4511.57
1 161 125 -622.29
1 161 131 -466.71
1 161 188 -21157.7
1 162 119 -4511.57
1 162 121 -34848.0
1 162 128 -186375.0
1 162 132 -27691.7
1 162 140 -1244.57
1 162 167 -4200.43
1 162 169 -17424.0
1 163 137 -2022.43
1 163 138 -3786.85
1 164 135 -33292.3
1 165 130 -46827.0
1 165 131 -1244.57
1 166 126 -4978.29
1 167 259 -1400.14
1 168 123 -8867.57
1 168 208 -42004.3
1 170 131 -18046.3
1 170 132 -2178.0
1 171 130 -15090.4
1 171 131 -25047.0
1 171 132 -29558.6
1 172 130 -14312.6
1 172 218 -64873.3
1 174 135 -7623.0
1 175 134 -124613.0
1 175 204 -4356.0
1 176 176 -13068.0
1 176 202 -23958.0
1 177 133 -55072.3
1 177 211 -12134.6
1 178 261 -23646.9
1 179 210 -20224.3
1 180 208 -18513.0
1 183 184 -57872.6
1 184 246 -7000.71
1 187 200 -63317.6
1 188 198 -42937.7
1 188 209 -21780.0
1 188 240 -47449.3
1 191 191 -100810.0
1 193 260 -19226.2
1 197 252 -2178.0
1 198 298 -705.1039999999999
1 199 211 -51494.1
1 199 231 -25047.0
1 199 298 -675.424
1 200 298 -675.424
1 201 234 -7000.71
1 203 275 -46671.4
1 203 280 -5600.57
1 204 248 -19875.5
1 205 300 -714.534
1 206 286 -15557.1
1 206 300 -1350.85
1 210 264 -4356.0
1 211 255 -133480.0
1 212 258 -263538.0
1 213 264 -311.14
1 213 300 -9178.71
1 214 240 -69229.3
1 215 260 -47293.7
1 216 238 -63784.3
1 216 267 -33136.7
1 217 264 -34536.9
1 217 365 -1400.14
1 218 179 -177663.0
1 219 310 -8712.0
1 221 223 -4511.57
1 221 246 -7467.43
1 221 284 -5306.76
1 222 352 -24560.1
1 222 358 -7000.71
1 222 369 -8556.43
1 223 271 -13845.9
1 224 301 -19602.0
1 224 374 -7277.63
1 226 311 -8400.86
1 226 331 -30966.2
1 226 350 -295.1
1 226 365 -2258.73
1 226 382 -4696.7
1 227 270 -155.57
1 228 225 -37648.3
1 230 255 -9956.57
1 231 401 -675.424
1 232 256 -1555.71
1 232 364 -119.99
1 232 370 -1880.7
1 233 337 -675.424
1 233 376 -2590.26
1 233 394 -1350.85
1 233 399 -76541.1
1 234 304 -4644.9
1 234 393 -703.934
1 235 400 -2333.57
1 235 605 -935.77
1 235 609 -2205.73
1 236 263 -17424.0
1 236 351 -21935.6
1 236 609 -534.77
1 237 237 -16646.1
1 237 316 -25556.9
1 237 357 -3624.81
1 237 389 -675.424
1 238 221 -1711.29
1 238 398 -32.44
1 238 605 -3549.69
1 238 609 -1350.85
1 239 250 -9645.43
1 239 426 -622.29
1 239 605 -3377.12
1 239 606 -2026.27
1 239 619 -675.424
1 240 380 -675.424
1 240 426 -33541.4
1 240 608 -2701.7
1 241 335 -72807.4
1 241 358 -5133.86
1 241 604 -675.424
1 242 311 -6261.51
1 243 357 -19757.6
1 243 371 -6109.53
1 243 389 -2955.86
1 243 422 -155.57
1 243 605 -3999.41
1 244 431 -42.97
1 244 605 -4052.55
1 244 621 -3921.98
1 245 238 -33759.0
1 245 322 -35937.0
1 245 337 -675.424
1 245 370 -10986.5
1 245 621 -675.424
1 246 321 -5129.95
1 246 618 -2026.27
1 247 344 -682.1039999999999
1 247 383 -11832.8
1 247 384 -1772860.0
1 248 251 -22186.2
1 248 424 -4511.57
1 248 442 -1555.71
1 248 444 -17108.3
1 248 589 -4667.14
1 249 373 -691.434
1 249 389 -4200.43
1 249 424 -675.424
1 249 430 -43326.9
1 249 436 -7078.01
1 249 443 -2554.59
1 249 606 -3377.12
1 250 326 -2930.47
1 250 424 -675.424
1 250 425 -628975.0
1 250 431 -33658.9
1 250 595 -4982.13
1 251 300 -51338.6
1 251 356 -29768.6
1 251 408 -965.84
1 251 456 -675.424
1 251 457 -39.86
1 251 594 -675.424
1 251 595 -701.924
1 251 596 -1350.85
1 252 230 -30180.9
1 252 329 -79764.4
1 252 450 -311.14
1 252 595 -675.424
1 252 606 -675.424
1 253 298 -6534.0
1 253 331 -13941.0
1 253 332 -16257.2
1 253 416 -155.57
1 253 420 -6271.82
1 253 445 -4679.59
1 254 338 -2800.29
1 254 367 -933.43
1 254 407 -121702.0
1 254 597 -675.424
1 254 607 -1764.42
1 255 381 -26602.7
1 255 383 -55694.6
1 255 395 -2800.29
1 255 420 -4356.0
1 255 439 -20846.6
1 255 443 -64342.8
1 255 595 -675.424
1 255 596 -675.424
1 255 606 -3942.42
1 255 609 -1350.85
1 255 610 -9007.85
1 256 314 -5915.37
1 256 335 -14157.0
1 256 341 -466.71
1 256 370 -1737.85
1 256 413 -622.29
1 256 586 -51964.7
1 256 593 -2701.7
1 257 238 -933.43
1 257 324 -991.15
1 257 576 -4695.64
1 257 599 -15.56
1 257 600 -98943.4
1 258 325 -32846.8
1 258 336 -2357.56
1 258 418 -295596.0
1 258 420 -55250.6
1 258 442 -707391.0
1 258 464 -5133.86
1 258 585 -4052.55
1 258 595 -1350.85
1 258 601 -25047.0
1 258 602 -9272.06
1 259 340 -3008.99
1 259 371 -7013.46
1 259 405 -1064.67
1 259 588 -23508.7
1 259 592 -17424.5
1 259 593 -868.454
1 260 342 -26602.7
1 260 349 -933.43
1 260 407 -3142020.0
1 260 413 -87731.8
1 260 424 -756.84
1 260 461 -1711.29
1 260 463 -74674.3
1 260 464 -31892.1
1 260 585 -17788.8
1 260 586 -44340.2
1 261 337 -4200.43
1 261 381 -259656.0
1 261 395 -68807.4
1 261 416 -20379.9
1 261 418 -675.424
1 261 429 -26616.7
1 261 464 -14934.9
1 261 492 -675.424
1 261 571 -10890.0
1 261 576 -15841.7
1 262 345 -24424.7
1 262 540 -253.76
1 262 564 -25382.7
1 262 568 -29091.9
1 262 570 -155883.0
1 262 571 -2800.29
1 263 340 -10423.3
1 263 434 -1.3
1 263 471 -40915.3
1 263 477 -6222.86
1 263 520 -1356.57
1 263 574 -1555.71
1 263 582 -16749.1
1 264 265 -29714.1
1 264 344 -8867.57
1 264 345 -20224.3
1 264 355 -466.71
1 264 367 -675.424
1 264 383 -143.13
1 264 407 -4978.29
1 264 428 -162160.0
1 264 468 -62.23
1 264 476 -155.57
1 264 477 -73274.1
1 264 523 -2959.7
1 264 524 -777.86
1 264 549 -3503.92
1 265 364 -16873.6
1 265 374 -43561.6
1 265 380 -36.46
1 265 422 -84067.8
1 265 523 -4262.35
1 266 337 -830.9939999999999
1 266 340 -7467.43
1 266 462 -155.57
1 267 391 -17424.0
1 267 463 -1866.86
1 267 555 -675.424
1 267 556 -675.424
1 268 334 -24735.9
1 268 436 -2292630.0
1 268 455 -13.14
1 268 479 -466.71
1 268 480 -622.29
1 268 489 -1615.96
1 269 363 -675.424
1 269 397 -44649.0
1 269 450 -1400.14
1 269 456 -10703.3
1 269 541 -986.564
1 270 352 -11045.6
1 270 412 -23897.0
1 270 417 -543298.0
1 270 429 -311.14
1 270 481 -675.424
1 270 483 -1854.84
1 270 484 -675.424
1 270 486 -1121.96
1 270 498 -17268.4
1 270 539 -155.57
1 271 319 -50698.4
1 271 335 -622.29
1 271 371 -155.57
1 271 415 -37487.2
1 271 451 -1244.57
1 271 485 -299.87
1 271 493 -103772.0
1 271 498 -13379.1
1 271 537 -1969.39
1 272 351 -11201.1
1 272 366 -155.57
1 272 368 -198047.0
1 272 388 -1148690.0
1 272 396 -13845.9
1 272 450 -7000.71
1 272 451 -20846.6
1 272 453 -777.86
1 272 462 -1632150.0
1 272 490 -777.86
1 272 491 -23.11
1 272 497 -33820.1
1 272 498 -120568.0
1 272 530 -3799.05
1 272 532 -150864.0
1 272 535 -364.04
1 273 363 -1089.0
1 273 392 -611.83
1 273 410 -622.29
1 273 480 -3578.14
1 273 510 -1919.99
1 273 516 -16111.9
1 273 517 -173002.0
1 273 518 -735.96
1 274 409 -3889.29
1 274 520 -43560.0
1 275 367 -157438.0
1 275 441 -307863.0
1 275 450 -9645.43
1 275 506 -2022.43
1 276 366 -53516.6
1 276 392 -311.14
1 276 446 -4044.86
1 276 474 -22343.7
1 277 294 -59211.0
1 277 390 -5911.71
1 277 407 -421250.0
1 277 431 -2348.96
1 277 472 -28572.2
1 277 480 -66549.0
1 277 482 -155.57
1 278 365 -17579.6
1 278 435 -267.36
1 278 482 -4200.43
1 279 310 -28768.3
1 279 433 -196415.0
1 279 438 -278199.0
1 279 475 -72435.9
1 279 485 -17112.9
1 280 365 -20535.4
1 280 433 -12924.1
1 280 442 -1400.14
1 280 469 -37497.4
1 280 471 -30403.3
1 282 409 -6534.0
1 282 424 -11979.0
1 282 430 -466.71
1 282 436 -9319.46
1 282 454 -2353.74
1 283 354 -5289.43
1 283 429 -288585.0
1 283 449 -31781.8
1 283 452 -105932.0
1 283 455 -6984.82
1 283 468 -39323.8
1 284 339 -28537.3
1 284 457 -3889.29
1 284 463 -295.59
1 285 336 -2817.99
1 285 374 -6534.0
1 285 467 -30608.1
1 285 475 -67045.7
1 286 330 -61116.0
1 286 425 -167550.0
1 286 475 -37282.6
1 286 477 -60777.0
1 287 329 -464.53
1 287 388 -1165.82
1 287 426 -675.424
1 287 477 -28755.7
1 288 419 -11512.3
1 288 426 -675.424
1 289 351 -46827.0
1 289 404 -152042.0
1 289 459 -290.92
1 289 468 -141272.0
1 290 382 -139889.0
1 290 402 -24905.4
1 290 411 -9489.86
1 290 412 -19913.1
1 290 413 -1089.0
1 291 350 -622.29
1 291 355 -22581.2
1 291 373 -1089.0
1 291 419 -1379990.0
1 292 361 -18201.9
1 292 365 -19757.6
1 292 416 -1089.0
1 292 469 -5776.92
1 294 435 -622.29
1 294 447 -61349.9
1 294 458 -4.28
1 295 391 -23335.7
1 295 430 -2966760.0
1 296 388 -1854.78
1 296 398 -207924.0
1 296 433 -42004.3
1 297 381 -6222.86
1 297 383 -1089.0
1 297 395 -107556.0
1 297 401 -91533.6
1 297 402 -1169.9
1 297 413 -912731.0
1 297 415 -125391.0
1 297 442 -61832.4
1 298 389 -311.14
1 299 354 -2333.57
1 299 355 -199.09
1 299 387 -92.11
1 102 110 -675.424
1 102 113 -675.424
1 103 100 -675.424
1 103 104 -675.424
1 104 115 -675.424
1 105 115 -675.424
1 105 139 -675.424
1 108 117 -675.424
1 109 112 -675.424
1 111 155 -675.424
1 111 208 -675.424
1 112 181 -675.424
1 113 111 -675.424
1 113 159 -675.424
1 113 211 -675.424
1 114 173 -675.424
1 114 212 -1350.85
1 115 212 -1350.85
1 116 121 -675.424
1 116 150 -675.424
1 116 166 -675.424
1 117 119 -675.424
1 117 168 -675.424
1 117 210 -675.424
1 119 194 -675.424
1 119 202 -675.424
1 119 96 -675.424
1 120 155 -675.424
1 120 94 -675.424
1 121 187 -675.424
1 123 110 -675.424
1 123 111 -675.424
1 123 158 -675.424
1 123 168 -675.424
1 123 193 -675.424
1 123 202 -1350.85
1 125 150 -675.424
1 125 151 -675.424
1 125 193 -675.424
1 125 194 -675.424
1 126 121 -675.424
1 126 191 -675.424
1 126 195 -675.424
1 127 150 -675.424
1 127 160 -675.424
1 127 169 -675.424
1 127 195 -675.424
1 127 199 -1350.85
1 128 122 -675.424
1 128 148 -675.424
1 128 149 -675.424
1 128 152 -675.424
1 128 153 -675.424
1 128 154 -675.424
1 128 157 -675.424
1 128 199 -675.424
1 129 117 -675.424
1 129 119 -675.424
1 129 122 -675.424
1 129 146 -675.424
1 129 154 -1350.85
1 129 162 -675.424
1 129 176 -675.424
1 130 120 -675.424
1 130 154 -675.424
1 130 155 -675.424
1 130 156 -2026.27
1 130 194 -675.424
1 131 112 -675.424
1 131 121 -675.424
1 131 122 -675.424
1 131 150 -675.424
1 131 156 -675.424
1 131 157 -675.424
1 131 158 -675.424
1 131 161 -1350.85
1 131 198 -675.424
1 132 112 -675.424
1 132 155 -675.424
1 132 156 -675.424
1 132 160 -675.424
1 132 161 -1350.85
1 133 155 -675.424
1 133 159 -675.424
1 133 160 -1350.85
1 133 192 -1350.85
1 133 193 -675.424
1 134 148 -675.424
1 134 150 -675.424
1 134 151 -675.424
1 134 156 -675.424
1 134 191 -675.424
1 134 193 -2701.7
1 135 148 -3377.12
1 135 149 -1350.85
1 135 156 -675.424
1 135 157 -675.424
1 135 193 -2026.27
1 136 147 -675.424
1 136 148 -675.424
1 136 149 -675.424
1 136 150 -1350.85
1 136 153 -675.424
1 136 155 -675.424
1 137 148 -675.424
1 137 150 -675.424
1 137 153 -1350.85
1 137 154 -675.424
1 137 157 -2026.27
1 137 175 -675.424
1 137 206 -675.424
1 138 151 -675.424
1 138 152 -675.424
1 138 153 -2026.27
1 138 168 -675.424
1 138 169 -675.424
1 139 151 -675.424
1 140 138 -675.424
1 140 155 -2701.7
1 140 156 -675.424
1 140 171 -675.424
1 140 180 -675.424
1 141 149 -675.424
1 141 154 -1350.85
1 141 157 -675.424
1 141 171 -675.424
1 141 199 -1350.85
1 142 155 -675.424
1 142 156 -675.424
1 142 157 -675.424
1 142 158 -675.424
1 142 174 -675.424
1 142 179 -675.424
1 142 201 -675.424
1 143 146 -675.424
1 143 157 -2026.27
1 144 142 -1350.85
1 144 173 -675.424
1 145 142 -675.424
1 145 143 -675.424
1 145 151 -675.424
1 145 187 -675.424
1 145 226 -675.424
1 146 140 -675.424
1 146 141 -1350.85
1 146 145 -675.424
1 146 208 -675.424
1 146 229 -675.424
1 146 230 -675.424
1 146 232 -675.424
1 147 139 -2026.27
1 147 140 -675.424
1 147 141 -675.424
1 147 142 -675.424
1 147 229 -675.424
1 147 230 -675.424
1 147 233 -675.424
1 147 239 -675.424
1 147 240 -675.424
1 148 217 -675.424
1 148 221 -675.424
1 149 127 -675.424
1 149 147 -675.424
1 149 154 -675.424
1 149 222 -675.424
1 149 253 -675.424
1 150 160 -675.424
1 150 164 -675.424
1 150 177 -675.424
1 150 227 -675.424
1 150 236 -675.424
1 151 128 -675.424
1 151 228 -675.424
1 152 153 -675.424
1 152 173 -675.424
1 152 176 -675.424
1 152 222 -675.424
1 152 228 -675.424
1 153 126 -675.424
1 153 136 -675.424
1 153 155 -675.424
1 153 232 -675.424
1 153 238 -675.424
1 153 253 -675.424
1 154 126 -675.424
1 154 133 -675.424
1 154 161 -675.424
1 154 172 -675.424
1 154 220 -675.424
1 154 244 -675.424
1 155 170 -1350.85
1 155 216 -675.424
1 155 262 -675.424
1 156 160 -675.424
1 156 211 -675.424
1 156 223 -675.424
1 157 132 -675.424
1 157 133 -675.424
1 157 134 -2026.27
1 157 136 -675.424
1 157 194 -675.424
1 157 207 -675.424
1 157 240 -675.424
1 158 135 -675.424
1 158 248 -675.424
1 159 152 -675.424
1 159 231 -675.424
1 159 240 -675.424
1 159 247 -675.424
1 159 248 -675.424
1 159 250 -675.424
1 159 251 -675.424
1 159 257 -675.424
1 160 133 -675.424
1 160 249 -1350.85
1 160 251 -1350.85
1 160 252 -675.424
1 160 253 -675.424
1 160 262 -675.424
1 161 144 -1350.85
1 161 251 -675.424
1 161 253 -675.424
1 162 137 -1350.85
1 162 252 -1350.85
1 162 253 -675.424
1 163 152 -675.424
1 163 190 -675.424
1 163 236 -675.424
1 164 278 -675.424
1 164 290 -675.424
1 164 299 -675.424
1 165 133 -1350.85
1 165 134 -1350.85
1 165 135 -675.424
1 165 290 -675.424
1 166 131 -675.424
1 166 132 -675.424
1 166 133 -1350.85
1 166 134 -675.424
1 166 135 -675.424
1 166 210 -675.424
1 166 254 -675.424
1 166 255 -675.424
1 167 127 -675.424
1 167 132 -1350.85
1 167 133 -1350.85
1 167 134 -2026.27
1 167 256 -675.424
1 167 288 -675.424
1 167 294 -675.424
1 168 130 -675.424
1 168 131 -675.424
1 168 132 -2701.7
1 168 133 -2701.7
1 168 286 -675.424
1 168 287 -1350.85
1 168 291 -1350.85
1 169 128 -1350.85
1 169 129 -2701.7
1 169 131 -675.424
1 169 132 -3377.12
1 169 133 -2026.27
1 169 134 -6078.82
1 169 135 -675.424
1 169 236 -675.424
1 169 260 -675.424
1 169 271 -675.424
1 169 287 -675.424
1 169 290 -675.424
1 170 133 -2026.27
1 170 134 -8105.09
1 170 136 -675.424
1 170 187 -675.424
1 170 256 -675.424
1 170 287 -675.424
1 170 292 -675.424
1 171 133 -1350.85
1 171 134 -675.424
1 171 136 -3377.12
1 171 290 -675.424
1 172 257 -675.424
1 172 284 -675.424
1 172 295 -1350.85
1 172 311 -675.424
1 173 258 -675.424
1 173 278 -675.424
1 173 290 -675.424
1 173 292 -675.424
1 173 293 -1350.85
1 173 294 -675.424
1 174 124 -675.424
1 174 253 -675.424
1 174 261 -675.424
1 174 270 -675.424
1 174 283 -675.424
1 174 289 -675.424
1 174 293 -675.424
1 175 260 -675.424
1 175 288 -675.424
1 175 292 -1350.85
1 175 293 -675.424
1 175 296 -675.424
1 175 305 -675.424
1 176 274 -675.424
1 176 305 -675.424
1 177 289 -675.424
1 177 290 -675.424
1 178 243 -675.424
1 178 280 -675.424
1 178 285 -675.424
1 178 302 -675.424
1 178 305 -675.424
1 178 306 -675.424
1 178 311 -675.424
1 179 278 -675.424
1 179 285 -675.424
1 180 149 -675.424
1 180 286 -675.424
1 181 297 -675.424
1 181 307 -675.424
1 181 308 -675.424
1 183 242 -675.424
1 183 285 -675.424
1 183 295 -675.424
1 183 308 -675.424
1 183 309 -675.424
1 183 318 -675.424
1 184 263 -675.424
1 184 285 -675.424
1 184 313 -675.424
1 184 319 -675.424
1 185 257 -675.424
1 185 305 -675.424
1 185 306 -675.424
1 185 307 -675.424
1 185 315 -675.424
1 186 255 -675.424
1 186 265 -675.424
1 186 307 -1350.85
1 186 310 -675.424
1 188 262 -675.424
1 188 294 -675.424
1 188 295 -675.424
1 189 295 -675.424
1 189 309 -675.424
1 190 307 -675.424
1 190 308 -675.424
1 190 324 -675.424
1 191 292 -1350.85
1 191 304 -675.424
1 191 305 -675.424
1 192 258 -675.424
1 192 284 -675.424
1 192 304 -675.424
1 192 316 -675.424
1 192 319 -675.424
1 193 262 -675.424
1 193 301 -675.424
1 193 311 -675.424
1 193 313 -1350.85
1 194 284 -675.424
1 194 313 -675.424
1 195 269 -675.424
1 195 287 -675.424
1 195 289 -675.424
1 195 300 -675.424
1 195 311 -675.424
1 195 313 -675.424
1 196 269 -675.424
1 196 275 -675.424
1 196 303 -675.424
1 196 324 -675.424
1 196 333 -675.424
1 197 264 -675.424
1 197 283 -675.424
1 197 300 -675.424
1 197 322 -675.424
1 197 325 -675.424
1 198 242 -675.424
1 198 276 -1350.85
1 198 309 -675.424
1 198 311 -675.424
1 199 283 -675.424
1 199 311 -675.424
1 199 324 -675.424
1 200 280 -675.424
1 200 286 -675.424
1 200 296 -675.424
1 200 299 -675.424
1 200 306 -675.424
1 200 307 -675.424
1 200 312 -675.424
1 200 343 -675.424
1 200 345 -675.424
1 201 257 -675.424
1 202 280 -675.424
1 202 287 -675.424
1 202 297 -675.424
1 202 301 -675.424
1 202 302 -675.424
1 203 215 -675.424
1 203 304 -675.424
1 203 305 -675.424
1 203 309 -675.424
1 203 315 -675.424
1 205 263 -675.424
1 205 303 -675.424
1 205 304 -675.424
1 205 317 -675.424
1 205 318 -675.424
1 205 319 -675.424
1 206 264 -675.424
1 206 270 -675.424
1 206 301 -675.424
1 206 304 -675.424
1 206 315 -675.424
1 206 317 -1350.85
1 207 262 -675.424
1 207 300 -675.424
1 207 301 -1350.85
1 207 303 -675.424
1 207 304 -675.424
1 207 306 -1350.85
1 207 315 -675.424
1 207 317 -675.424
1 208 298 -1350.85
1 208 299 -1350.85
1 208 306 -675.424
1 208 317 -675.424
1 208 328 -675.424
1 209 284 -675.424
1 209 297 -675.424
1 209 302 -675.424
1 210 284 -675.424
1 210 301 -675.424
1 210 302 -675.424
1 210 342 -675.424
1 211 301 -675.424
1 211 321 -675.424
1 212 295 -675.424
1 212 347 -675.424
1 213 226 -675.424
1 213 287 -675.424
1 213 303 -675.424
1 213 329 -675.424
1 214 319 -675.424
1 215 289 -675.424
1 215 311 -675.424
1 215 353 -675.424
1 216 323 -675.424
1 216 341 -675.424
1 217 244 -675.424
1 217 249 -675.424
1 217 351 -675.424
1 218 209 -675.424
1 218 243 -675.424
1 218 292 -675.424
1 218 345 -1350.85
1 221 240 -675.424
1 221 611 -675.424
1 222 254 -675.424
1 222 362 -675.424
1 224 338 -675.424
1 224 359 -675.424
1 225 323 -675.424
1 225 329 -675.424
1 225 332 -675.424
1 225 368 -675.424
1 225 373 -675.424
1 225 378 -675.424
1 225 382 -1350.85
1 226 323 -675.424
1 226 388 -1350.85
1 226 618 -675.424
1 227 315 -675.424
1 228 606 -675.424
1 229 385 -1350.85
1 229 392 -675.424
1 229 393 -675.424
1 229 397 -2701.7
1 229 618 -3377.12
1 230 338 -675.424
1 230 373 -1350.85
1 230 384 -675.424
1 230 392 -1350.85
1 230 393 -2701.7
1 230 396 -675.424
1 230 605 -675.424
1 231 343 -675.424
1 231 383 -675.424
1 231 392 -3377.12
1 231 393 -7429.67
1 231 398 -675.424
1 231 603 -675.424
1 231 607 -1350.85
1 232 259 -675.424
1 232 300 -675.424
1 232 384 -675.424
1 232 389 -675.424
1 232 393 -4052.55
1 232 394 -2701.7
1 232 405 -675.424
1 232 604 -1350.85
1 232 606 -1350.85
1 232 607 -2026.27
1 232 608 -675.424
1 233 373 -675.424
1 233 393 -675.424
1 233 403 -675.424
1 233 406 -2701.7
1 233 601 -1350.85
1 233 602 -675.424
1 234 374 -675.424
1 234 388 -675.424
1 234 389 -675.424
1 234 406 -2026.27
1 234 407 -1350.85
1 234 601 -675.424
1 234 602 -1350.85
1 234 603 -2026.27
1 234 604 -675.424
1 234 605 -1350.85
1 234 606 -675.424
1 234 609 -675.424
1 234 620 -675.424
1 234 621 -675.424
1 235 342 -675.424
1 235 368 -675.424
1 235 389 -675.424
1 235 392 -675.424
1 235 404 -675.424
1 235 406 -675.424
1 235 599 -675.424
1 235 600 -1350.85
1 235 602 -2026.27
1 235 603 -675.424
1 235 606 -675.424
1 235 608 -675.424
1 236 256 -675.424
1 236 359 -675.424
1 236 377 -1350.85
1 236 378 -675.424
1 236 389 -1350.85
1 236 600 -675.424
1 236 601 -675.424
1 236 602 -1350.85
1 236 605 -675.424
1 236 606 -675.424
1 236 607 -675.424
1 236 620 -675.424
1 237 330 -675.424
1 237 377 -675.424
1 237 384 -675.424
1 237 388 -675.424
1 237 605 -1350.85
1 237 606 -2026.27
1 237 607 -1350.85
1 237 608 -3377.12
1 237 609 -2026.27
1 237 620 -675.424
1 238 346 -675.424
1 238 391 -675.424
1 238 410 -675.424
1 238 602 -675.424
1 238 603 -675.424
1 238 606 -3377.12
1 238 607 -4052.55
1 238 608 -2701.7
1 238 610 -675.424
1 239 297 -675.424
1 239 323 -675.424
1 239 404 -675.424
1 239 601 -675.424
1 239 603 -675.424
1 239 607 -1350.85
1 239 608 -2701.7
1 239 609 -2026.27
1 239 610 -1350.85
1 239 615 -1350.85
1 240 267 -675.424
1 240 319 -675.424
1 240 327 -675.424
1 240 352 -675.424
1 240 374 -1350.85
1 240 392 -1350.85
1 240 396 -675.424
1 240 406 -675.424
1 240 603 -675.424
1 240 605 -2026.27
1 240 606 -2701.7
1 240 607 -1350.85
1 240 620 -1350.85
1 240 621 -675.424
1 241 339 -675.424
1 241 352 -675.424
1 241 370 -1350.85
1 241 375 -675.424
1 241 409 -675.424
1 241 577 -675.424
1 241 603 -1350.85
1 241 605 -2026.27
1 241 606 -1350.85
1 241 607 -1350.85
1 241 608 -1350.85
1 241 609 -3377.12
1 241 610 -675.424
1 241 611 -675.424
1 241 620 -675.424
1 241 621 -675.424
1 242 314 -675.424
1 242 318 -675.424
1 242 336 -675.424
1 242 338 -675.424
1 242 339 -675.424
1 242 373 -2026.27
1 242 374 -4052.55
1 242 406 -1350.85
1 242 603 -1350.85
1 242 604 -4727.97
1 242 605 -6078.82
1 242 606 -2026.27
1 242 607 -3377.12
1 242 608 -3377.12
1 242 609 -2026.27
1 242 610 -2026.27
1 242 616 -675.424
1 242 622 -675.424
1 242 623 -2026.27
1 243 366 -675.424
1 243 369 -675.424
1 243 372 -1350.85
1 243 373 -5403.39
1 243 374 -2026.27
1 243 386 -675.424
1 243 391 -675.424
1 243 405 -675.424
1 243 406 -675.424
1 243 407 -1350.85
1 243 409 -675.424
1 243 577 -675.424
1 243 606 -4727.97
1 243 607 -3377.12
1 243 608 -1350.85
1 243 609 -4052.55
1 243 620 -675.424
1 243 622 -1350.85
1 243 623 -5403.39
1 244 371 -675.424
1 244 372 -1350.85
1 244 373 -2026.27
1 244 415 -675.424
1 244 598 -675.424
1 244 606 -2701.7
1 244 607 -675.424
1 244 611 -675.424
1 244 616 -675.424
1 244 622 -675.424
1 244 623 -2701.7
1 244 624 -675.424
1 245 312 -675.424
1 245 315 -675.424
1 245 326 -675.424
1 245 335 -675.424
1 245 338 -675.424
1 245 356 -1350.85
1 245 371 -675.424
1 245 413 -675.424
1 245 586 -675.424
1 245 604 -675.424
1 245 605 -2026.27
1 245 606 -3377.12
1 245 607 -2701.7
1 245 609 -3377.12
1 245 610 -1350.85
1 245 612 -1350.85
1 245 616 -1350.85
1 245 619 -675.424
1 245 620 -1350.85
1 245 622 -675.424
1 246 214 -675.424
1 246 342 -675.424
1 246 356 -675.424
1 246 357 -675.424
1 246 374 -675.424
1 246 413 -675.424
1 246 590 -675.424
1 246 599 -675.424
1 246 600 -4052.55
1 246 605 -2701.7
1 246 606 -4727.97
1 246 607 -2701.7
1 246 610 -675.424
1 246 612 -1350.85
1 246 614 -675.424
1 246 615 -675.424
1 246 623 -675.424
1 247 314 -675.424
1 247 331 -675.424
1 247 367 -1350.85
1 247 368 -3377.12
1 247 387 -1350.85
1 247 413 -675.424
1 247 578 -675.424
1 247 597 -675.424
1 247 598 -4727.97
1 247 599 -4052.55
1 247 600 -6754.24
1 247 601 -6754.24
1 247 605 -1350.85
1 247 609 -1350.85
1 247 610 -1350.85
1 247 611 -2701.7
1 247 612 -2701.7
1 247 613 -1350.85
1 247 618 -1350.85
1 247 619 -675.424
1 247 623 -675.424
1 248 307 -675.424
1 248 367 -675.424
1 248 368 -2701.7
1 248 371 -1350.85
1 248 372 -3377.12
1 248 387 -1350.85
1 248 388 -4052.55
1 248 413 -675.424
1 248 416 -675.424
1 248 529 -675.424
1 248 567 -675.424
1 248 596 -4727.97
1 248 597 -3377.12
1 248 598 -6754.24
1 248 599 -4052.55
1 248 600 -2701.7
1 248 601 -4052.55
1 248 602 -2026.27
1 248 605 -675.424
1 248 608 -675.424
1 248 609 -1350.85
1 248 610 -2026.27
1 248 611 -4052.55
1 248 612 -4052.55
1 248 613 -4727.97
1 248 618 -675.424
1 248 619 -675.424
1 248 620 -675.424
1 248 623 -1350.85
1 249 333 -675.424
1 249 334 -675.424
1 249 365 -1350.85
1 249 366 -2026.27
1 249 367 -675.424
1 249 368 -2026.27
1 249 371 -675.424
1 249 387 -675.424
1 249 388 -675.424
1 249 400 -675.424
1 249 412 -675.424
1 249 567 -675.424
1 249 593 -1350.85
1 249 595 -4052.55
1 249 596 -4727.97
1 249 597 -7429.67
1 249 603 -2026.27
1 249 604 -5403.39
1 249 605 -3377.12
1 249 607 -2701.7
1 249 609 -675.424
1 249 610 -1350.85
1 249 611 -3377.12
1 249 612 -6078.82
1 249 613 -1350.85
1 249 618 -675.424
1 249 623 -675.424
1 250 331 -675.424
1 250 355 -675.424
1 250 365 -1350.85
1 250 366 -3377.12
1 250 367 -2026.27
1 250 368 -675.424
1 250 369 -1350.85
1 250 370 -1350.85
1 250 371 -4052.55
1 250 382 -675.424
1 250 406 -675.424
1 250 413 -675.424
1 250 414 -675.424
1 250 423 -675.424
1 250 436 -675.424
1 250 568 -675.424
1 250 579 -675.424
1 250 591 -675.424
1 250 594 -675.424
1 250 596 -5403.39
1 250 597 -1350.85
1 250 602 -675.424
1 250 603 -4727.97
1 250 604 -4052.55
1 250 605 -2701.7
1 250 607 -675.424
1 250 608 -2026.27
1 250 609 -675.424
1 250 610 -675.424
1 250 613 -675.424
1 251 276 -675.424
1 251 322 -675.424
1 251 365 -2026.27
1 251 366 -6078.82
1 251 367 -1350.85
1 251 368 -1350.85
1 251 371 -675.424
1 251 379 -675.424
1 251 407 -675.424
1 251 414 -675.424
1 251 424 -675.424
1 251 598 -675.424
1 251 604 -675.424
1 251 605 -675.424
1 251 607 -675.424
1 251 610 -675.424
1 252 236 -675.424
1 252 365 -2026.27
1 252 366 -4727.97
1 252 367 -4727.97
1 252 368 -1350.85
1 252 376 -675.424
1 252 412 -675.424
1 252 416 -675.424
1 252 428 -675.424
1 252 506 -675.424
1 252 507 -675.424
1 252 528 -675.424
1 252 534 -675.424
1 252 544 -675.424
1 252 576 -675.424
1 252 591 -1350.85
1 252 596 -1350.85
1 252 597 -1350.85
1 252 598 -675.424
1 252 599 -1350.85
1 252 608 -1350.85
1 252 609 -675.424
1 252 611 -675.424
1 252 620 -675.424
1 253 259 -675.424
1 253 342 -675.424
1 253 363 -675.424
1 253 365 -1350.85
1 253 366 -4052.55
1 253 367 -2701.7
1 253 370 -675.424
1 253 375 -1350.85
1 253 404 -675.424
1 253 433 -1350.85
1 253 506 -675.424
1 253 543 -675.424
1 253 546 -675.424
1 253 547 -675.424
1 253 566 -675.424
1 253 586 -1350.85
1 253 596 -675.424
1 253 597 -2701.7
1 253 601 -675.424
1 253 604 -675.424
1 253 605 -675.424
1 253 614 -2026.27
1 254 366 -1350.85
1 254 478 -675.424
1 254 581 -675.424
1 254 584 -675.424
1 254 585 -4052.55
1 254 586 -3377.12
1 254 587 -2026.27
1 254 588 -2026.27
1 254 589 -2701.7
1 254 598 -675.424
1 254 599 -675.424
1 254 601 -1350.85
1 254 604 -1350.85
1 254 605 -675.424
1 254 606 -675.424
1 254 611 -675.424
1 255 341 -675.424
1 255 346 -675.424
1 255 371 -675.424
1 255 402 -675.424
1 255 442 -675.424
1 255 445 -675.424
1 255 461 -675.424
1 255 479 -675.424
1 255 512 -675.424
1 255 513 -675.424
1 255 526 -675.424
1 255 547 -675.424
1 255 548 -675.424
1 255 565 -675.424
1 255 583 -2026.27
1 255 584 -2701.7
1 255 585 -2701.7
1 255 586 -2701.7
1 255 587 -1350.85
1 255 588 -675.424
1 255 591 -675.424
1 255 594 -675.424
1 255 597 -675.424
1 255 600 -1350.85
1 255 607 -675.424
1 256 346 -675.424
1 256 350 -675.424
1 256 367 -675.424
1 256 373 -675.424
1 256 374 -675.424
1 256 491 -675.424
1 256 526 -675.424
1 256 531 -2026.27
1 256 532 -675.424
1 256 547 -675.424
1 256 548 -1350.85
1 256 549 -675.424
1 256 575 -675.424
1 256 578 -1350.85
1 256 580 -675.424
1 256 584 -2026.27
1 256 585 -1350.85
1 256 592 -1350.85
1 256 594 -4727.97
1 256 595 -2701.7
1 256 607 -2701.7
1 256 608 -1350.85
1 256 609 -675.424
1 257 330 -675.424
1 257 461 -675.424
1 257 497 -675.424
1 257 503 -675.424
1 257 506 -675.424
1 257 512 -675.424
1 257 527 -2026.27
1 257 529 -675.424
1 257 532 -675.424
1 257 549 -675.424
1 257 574 -675.424
1 257 575 -2026.27
1 257 584 -2026.27
1 257 585 -2026.27
1 257 593 -1350.85
1 257 594 -5403.39
1 257 595 -2701.7
1 257 597 -1350.85
1 257 606 -4727.97
1 257 607 -675.424
1 258 307 -675.424
1 258 330 -675.424
1 258 366 -675.424
1 258 485 -1350.85
1 258 489 -1350.85
1 258 491 -675.424
1 258 493 -675.424
1 258 494 -675.424
1 258 496 -675.424
1 258 497 -675.424
1 258 498 -2026.27
1 258 499 -1350.85
1 258 502 -675.424
1 258 503 -675.424
1 258 529 -1350.85
1 258 531 -675.424
1 258 532 -675.424
1 258 533 -1350.85
1 258 535 -675.424
1 258 546 -675.424
1 258 550 -675.424
1 258 556 -1350.85
1 258 564 -675.424
1 258 576 -675.424
1 258 583 -675.424
1 258 584 -2026.27
1 258 586 -2026.27
1 258 594 -2026.27
1 258 606 -3377.12
1 258 607 -675.424
1 259 346 -675.424
1 259 369 -1350.85
1 259 402 -675.424
1 259 444 -675.424
1 259 456 -675.424
1 259 485 -675.424
1 259 486 -675.424
1 259 488 -675.424
1 259 489 -675.424
1 259 490 -1350.85
1 259 509 -1350.85
1 259 510 -675.424
1 259 522 -675.424
1 259 528 -675.424
1 259 529 -675.424
1 259 531 -675.424
1 259 532 -675.424
1 259 545 -675.424
1 259 549 -675.424
1 259 554 -1350.85
1 259 555 -1350.85
1 259 556 -2026.27
1 259 557 -2026.27
1 259 575 -2701.7
1 259 576 -675.424
1 259 579 -675.424
1 259 584 -675.424
1 259 585 -2701.7
1 259 586 -1350.85
1 260 369 -1350.85
1 260 404 -1350.85
1 260 443 -675.424
1 260 454 -675.424
1 260 485 -675.424
1 260 486 -1350.85
1 260 487 -675.424
1 260 492 -675.424
1 260 499 -675.424
1 260 502 -1350.85
1 260 517 -675.424
1 260 527 -675.424
1 260 545 -2026.27
1 260 548 -675.424
1 260 554 -675.424
1 260 556 -675.424
1 260 567 -675.424
1 260 576 -675.424
1 260 577 -675.424
1 261 397 -675.424
1 261 404 -675.424
1 261 444 -675.424
1 261 483 -675.424
1 261 487 -675.424
1 261 501 -675.424
1 261 502 -675.424
1 261 545 -675.424
1 261 551 -675.424
1 261 552 -675.424
1 261 565 -675.424
1 262 254 -675.424
1 262 353 -1350.85
1 262 369 -675.424
1 262 425 -675.424
1 262 443 -675.424
1 262 458 -675.424
1 262 483 -1350.85
1 262 493 -675.424
1 262 501 -675.424
1 262 502 -675.424
1 262 523 -675.424
1 262 524 -675.424
1 262 535 -675.424
1 262 536 -675.424
1 262 537 -675.424
1 262 542 -675.424
1 262 546 -675.424
1 262 584 -675.424
1 262 587 -675.424
1 263 355 -675.424
1 263 415 -675.424
1 263 484 -675.424
1 263 493 -675.424
1 263 509 -675.424
1 263 522 -675.424
1 263 523 -1350.85
1 263 524 -1350.85
1 263 541 -1350.85
1 263 542 -675.424
1 263 543 -675.424
1 263 546 -1350.85
1 263 576 -675.424
1 263 579 -675.424
1 263 581 -2701.7
1 264 369 -675.424
1 264 379 -675.424
1 264 481 -675.424
1 264 482 -675.424
1 264 493 -675.424
1 264 503 -675.424
1 264 504 -675.424
1 264 516 -675.424
1 264 521 -2026.27
1 264 527 -675.424
1 264 543 -2701.7
1 264 568 -675.424
1 264 575 -675.424
1 264 576 -1350.85
1 265 336 -675.424
1 265 367 -1350.85
1 265 457 -675.424
1 265 459 -675.424
1 265 511 -675.424
1 265 516 -675.424
1 265 520 -675.424
1 265 524 -675.424
1 265 568 -1350.85
1 266 314 -675.424
1 266 413 -675.424
1 266 456 -675.424
1 266 478 -675.424
1 266 481 -675.424
1 266 483 -675.424
1 266 484 -675.424
1 266 485 -675.424
1 266 492 -675.424
1 266 498 -675.424
1 266 505 -675.424
1 266 518 -675.424
1 266 523 -675.424
1 266 543 -675.424
1 266 545 -675.424
1 266 549 -675.424
1 266 555 -675.424
1 267 337 -675.424
1 267 365 -675.424
1 267 381 -675.424
1 267 459 -675.424
1 267 460 -1350.85
1 267 505 -675.424
1 267 507 -675.424
1 267 543 -675.424
1 267 544 -1350.85
1 267 549 -675.424
1 267 553 -2026.27
1 267 562 -675.424
1 268 507 -1350.85
1 268 540 -675.424
1 268 541 -675.424
1 268 542 -1350.85
1 268 543 -2701.7
1 268 544 -1350.85
1 268 549 -675.424
1 268 551 -675.424
1 268 552 -675.424
1 268 553 -675.424
1 269 362 -675.424
1 269 505 -1350.85
1 269 507 -675.424
1 269 528 -675.424
1 269 543 -675.424
1 269 547 -1350.85
1 270 474 -675.424
1 270 475 -1350.85
1 270 479 -675.424
1 270 491 -675.424
1 270 504 -675.424
1 270 507 -675.424
1 270 526 -675.424
1 271 375 -675.424
1 271 388 -675.424
1 271 479 -675.424
1 271 481 -675.424
1 271 487 -675.424
1 271 491 -675.424
1 271 526 -675.424
1 272 469 -675.424
1 272 493 -675.424
1 272 495 -1350.85
1 272 496 -675.424
1 272 502 -675.424
1 272 526 -2026.27
1 273 441 -675.424
1 273 462 -675.424
1 273 526 -675.424
1 275 463 -675.424
1 275 480 -675.424
1 275 502 -675.424
1 275 504 -675.424
1 276 502 -675.424
1 277 393 -675.424
1 279 459 -675.424
1 280 563 -675.424
1 282 434 -675.424
1 282 435 -675.424
1 283 461 -675.424
1 283 482 -675.424
1 283 483 -675.424
1 285 437 -675.424
1 285 482 -675.424
1 285 483 -675.424
1 286 377 -675.424
1 286 464 -675.424
1 288 469 -675.424
1 289 362 -675.424
1 289 443 -675.424
1 292 358 -675.424
1 293 390 -2026.27
1 293 391 -675.424
1 296 390 -675.424
1 301 359 -675.424
1 301 378 -675.424
1 85 106 -675.424
1 92 112 -1350.85
1 93 117 -675.424
1 97 89 -675.424
1 98 101 -675.424
1 99 126 -675.424
1 99 136 -675.424
1 147 119 -7467.43
1 148 187 -55694.6
1 150 114 -57094.7
1 153 113 -31269.9
1 156 158 -23335.7
1 157 160 -31114.3
1 167 186 -4356.0
1 170 169 -98010.0
1 199 225 -41848.7
1 210 300 -16335.0
1 234 285 -23335.7
1 244 234 -81052.7
1 259 541 -311.14
1 265 469 -155.57
1 267 479 -2022.43
1 271 361 -1483.84
1 272 454 -113.1
1 291 453 -438.71
1 299 360 -11823.4
1 109 116 -40915.3
1 131 118 -6689.57
1 132 183 -11045.6
1 137 123 -36559.3
1 140 173 -46671.4
1 142 121 -53672.1
1 152 130 -12601.3
1 155 192 -43248.9
1 157 117 -15868.3
1 157 190 -155.57
1 158 205 -311.14
1 164 258 -50249.6
1 169 164 -6845.14
1 172 162 -5911.71
1 172 163 -12601.3
1 172 164 -2489.14
1 173 196 -777.86
1 195 280 -38892.9
1 202 295 -76230.0
1 203 296 -159772.0
1 214 174 -301186.0
1 226 358 -8130.17
1 256 333 -19757.6
1 262 350 -13068.0
1 267 346 -35314.7
1 271 470 -933.43
1 274 431 -2469580.0
1 285 357 -50249.6
1 289 374 -2333.57
1 292 370 -32203.3
1 293 370 -79341.4
1 293 378 -20224.3
1 143 154 -41070.9
1 144 130 -1400.14
1 148 113 -89920.3
1 149 118 -78408.0
1 151 143 -40915.3
1 152 183 -41226.4
1 153 185 -42471.0
1 153 212 -35159.1
1 154 128 -1555.71
1 155 180 -40759.7
1 155 187 -85253.1
1 159 188 -61139.6
1 161 161 -23180.1
1 162 171 -98010.0
1 164 159 -51027.4
1 167 163 -68762.6
1 170 217 -16646.1
1 174 182 -16646.1
1 175 178 -5289.43
1 189 206 -82452.9
1 201 279 -52427.6
1 221 294 -113878.0
1 221 361 -1866.86
1 222 252 -53516.6
1 222 266 -7623.0
1 224 273 -63162.0
1 225 248 -4200.43
1 226 361 -14157.0
1 234 319 -32203.3
1 235 317 -43560.0
1 237 292 -51027.4
1 248 331 -11667.9
1 256 342 -16801.7
1 259 347 -15401.6
1 266 345 -32514.4
1 271 268 -60206.1
1 295 392 -6378.43
1 296 391 -7156.29
1 296 393 -7156.29
1 140 166 -155105.0
1 141 116 -37337.1
1 141 165 -155.57
1 143 114 -33914.6
1 144 151 -196953.0
1 145 114 -23958.0
1 146 150 -57561.4
1 147 148 -108900.0
1 149 124 -311.14
1 149 202 -50716.3
1 151 178 -99410.1
1 151 181 -29869.7
1 151 189 -55539.0
1 151 211 -155.57
1 153 188 -58806.0
1 154 113 -1555.71
1 170 115 -26447.1
1 171 125 -2800.29
1 184 210 -113412.0
1 188 207 -3578.14
1 189 288 -12290.1
1 206 280 -46204.7
1 209 281 -32912.4
1 210 249 -20068.7
1 211 263 -119790.0
1 219 272 -4667.14
1 221 302 -1555.71
1 221 317 -15557.1
1 224 287 -48849.4
1 228 354 -41848.7
1 230 352 -46671.4
1 231 270 -23335.7
1 231 347 -3422.57
1 235 295 -109211.0
1 236 342 -29247.4
1 236 344 -11045.6
1 240 357 -35937.0
1 244 333 -4667.14
1 246 332 -23958.0
1 246 337 -20224.3
1 251 334 -13534.7
1 258 343 -1400.14
1 260 345 -4044.86
1 261 340 -11667.9
1 262 361 -15868.3
1 263 344 -15868.3
1 263 350 -8089.71
1 265 517 -155.57
1 267 321 -7778.57
1 269 364 -16646.1
1 269 365 -2022.43
1 270 267 -39670.7
1 270 361 -32047.7
1 271 355 -16957.3
1 271 363 -22869.0
1 278 502 -5133.86
1 281 331 -3889.29
1 284 333 -3267.0
1 291 365 -10734.4
1 296 358 -110456.0
1 297 356 -20068.7
1 297 391 -114345.0
1 299 347 -5911.71
1 125 93 -155.57
1 131 125 -39826.3
1 134 123 -41382.0
1 135 126 -30336.4
1 138 125 -57250.3
1 142 117 -45893.6
1 145 116 -7778.57
1 146 146 -15401.6
1 152 213 -12756.9
1 161 185 -83386.3
1 163 186 -7000.71
1 166 203 -14934.9
1 183 232 -66429.0
1 192 232 -115901.0
1 201 310 -2022.43
1 211 195 -3267.0
1 221 339 -155.57
1 222 324 -4978.29
1 230 358 -8400.86
1 232 274 -23802.4
1 232 347 -11356.7
1 233 341 -16957.3
1 248 344 -28625.1
1 263 345 -91787.1
1 263 427 -155.57
1 263 570 -155.57
1 264 348 -3422.57
1 268 366 -3111.43
1 286 302 -3111.43
1 292 360 -9489.86
1 293 357 -36559.3
1 295 362 -1555.71
1 297 439 -490845.0
1 132 120 -139859.0
1 134 126 -53361.0
1 135 122 -74518.7
1 137 128 -65962.3
1 148 119 -24891.4
1 150 118 -35781.4
1 150 121 -94743.0
1 150 127 -8400.86
1 152 118 -31269.9
1 153 122 -32203.3
1 153 123 -41693.1
1 155 125 -36714.9
1 156 124 -17112.9
1 158 138 -40915.3
1 158 140 -36714.9
1 160 139 -12445.7
1 185 168 -36092.6
1 189 126 -43093.3
1 224 257 -6534.0
1 230 223 -18668.6
1 260 332 -1555.71
1 276 359 -1711.29
1 281 445 -466.71
1 282 357 -466.71
1 137 168 -11512.3
1 149 213 -67051.3
1 189 195 -6845.14
1 190 250 -18513.0
1 192 197 -112789.0
1 202 228 -9801.0
1 210 253 -48227.1
1 217 236 -66895.7
1 245 324 -466.71
1 247 330 -5911.71
1 270 480 -311.14
1 186 159 -622.29
1 291 354 -1866.86
1 145 131 -54138.9
1 148 124 -155.57
1 153 116 -19135.3
1 188 197 -466.71
1 188 204 -39204.0
1 203 340 -640.34
1 206 281 -777.86
1 208 226 -43404.4
1 211 266 -44964.5
1 213 276 -27488.1
1 214 274 -33437.9
1 220 278 -120066.0
1 223 372 -20224.3
1 232 398 -3422.57
1 233 375 -2022.43
1 236 317 -18824.1
1 239 385 -2198.88
1 239 406 -175.22
1 239 416 -10.92
1 241 238 -15868.3
1 245 408 -6534.0
1 246 320 -1555.71
1 248 454 -311.14
1 259 351 -3691.21
1 265 360 -38901.8
1 267 407 -2644.71
1 269 360 -7500.1
1 272 360 -21935.6
1 273 340 -466.71
1 273 521 -16023.9
1 274 327 -7778.57
1 274 432 -8712.0
1 275 465 -402.37
1 290 322 -34070.1
1 292 458 -434.04
1 296 371 -79497.0
1 297 377 -10423.3
1 147 116 -27380.6
1 147 183 -11045.6
1 156 122 -12756.9
1 205 310 -1400.14
1 259 439 -155.57
1 173 183 -16335.0
1 257 342 -8712.0
1 201 251 -39359.6
1 264 441 -155.57
1 265 488 -155.57
1 294 356 -1400.14
1 144 132 -311.14
1 267 385 -16023.9
1 135 160 -6067.29
1 136 173 -9645.43
1 144 189 -9489.86
1 154 112 -20691.0
1 154 122 -32047.7
1 156 131 -311.14
1 167 247 -3422.57
1 183 124 -192442.0
1 183 205 -155.57
1 186 125 -210644.0
1 186 209 -14312.6
1 204 300 -33.39
1 215 269 -61606.3
1 218 239 -59504.9
1 225 242 -43560.0
1 226 375 -36683.0
1 238 302 -8245.29
1 242 355 -169.28
1 244 321 -113567.0
1 245 406 -1244.57
1 247 591 -466.71
1 248 593 -311.14
1 251 614 -1446.26
1 255 333 -28290.4
1 256 443 -464.91
1 258 339 -1515.84
1 258 416 -211.26
1 263 583 -138.86
1 266 470 -140.01
1 270 476 -1555.71
1 273 523 -71874.0
1 274 506 -2644.71
1 275 479 -14157.0
1 280 458 -701.72
1 291 374 -1711.29
1 293 458 -15401.6
1 297 388 -1224.29
1 298 384 -115.01
1 204 299 -622.29
1 221 300 -3889.29
1 134 167 -25824.9
1 153 134 -14157.0
1 159 157 -70629.4
1 184 305 -14.95
1 197 298 -42.72
1 211 290 -6845.14
1 225 289 -84319.7
1 237 406 -1325.84
1 241 343 -9023.14
1 244 430 -1244.57
1 247 342 -214.33
1 253 427 -2859.13
1 253 443 -499.58
1 254 398 -29.36
1 254 442 -1902.06
1 254 444 -611.66
1 254 445 -118.4
1 256 445 -1282.59
1 257 387 -39515.1
1 259 345 -1089.0
1 261 322 -17.7
1 261 369 -556.95
1 262 555 -155.57
1 265 559 -1232.67
1 271 364 -5911.71
1 271 471 -311.14
1 271 489 -3275.39
1 273 520 -622.29
1 273 522 -466.71
1 275 371 -1711.29
1 275 449 -1866.86
1 277 386 -155.57
1 262 394 -531045.0
1 271 492 -155.57
1 157 122 -622.29
1 160 136 -933.43
1 169 201 -49005.0
1 199 297 -222.18
1 211 313 -35.51
1 212 315 -97.84
1 224 372 -2178.0
1 246 609 -1653.49
1 247 343 -74.62
1 250 395 -4200.43
1 255 446 -568.37
1 261 524 -2130.59
1 261 525 -499.89
1 270 482 -48.02
1 276 386 -1711.29
1 281 446 -777.86
1 284 406 -2333.57
1 297 384 -155.57
1 165 158 -39981.9
1 145 147 -155.57
1 257 443 -1627.09
1 272 547 -486.98
1 162 205 -15246.0
1 170 249 -777.86
1 178 255 -6689.57
1 194 320 -622.29
1 196 299 -311.14
1 229 341 -5133.86
1 234 400 -155.57
1 237 378 -3.18
1 240 386 -4.24
1 241 353 -169.92
1 244 330 -17579.6
1 247 341 -107.17
1 248 343 -229.17
1 249 589 -1711.29
1 253 400 -155.57
1 254 394 -40.7
1 254 400 -155.57
1 255 373 -155.57
1 261 362 -39204.0
1 262 441 -155.57
1 263 353 -7.74
1 274 527 -82.79
1 275 356 -21002.1
1 276 469 -155.57
1 276 484 -622.29
1 277 429 -172.04
