1 62 1 3798.3
1 61 2 3770.7
1 60 3 3749.7
1 59 4 3733.5
1 58 5 3721.5
1 57 6 3713.4
1 56 7 3709.2
1 55 8 3709.0
1 54 9 3713.4
1 53 10 3722.5
1 52 11 3736.7
1 51 12 3755.5
1 49 13 3767.8
1 50 13 3777.1
1 48 14 3789.3
1 47 15 3784.5
1 46 16 3776.7
1 45 17 3766.9
1 45 18 3767.6
1 45 19 3768.3
1 44 20 3756.4
1 44 21 3756.2
1 44 22 3755.5
1 44 23 3754.2
1 44 24 3752.2
1 44 25 3749.4
1 44 26 3745.6
1 44 27 3740.7
1 44 28 3734.5
1 44 29 3727.0
1 44 30 3717.9
1 44 31 3707.0
1 44 32 3694.2
1 44 33 3679.1
1 44 34 3661.5
1 44 35 3641.1
1 44 36 3617.4
1 44 37 3589.8
1 44 38 3557.8
1 44 39 3520.3
1 44 40 3476.1
1 44 41 3422.8
1 43 42 3304.0
1 43 43 3265.0
1 43 44 3203.3
1 42 45 3052.1
1 42 46 2997.6
1 40 47 2765.7
1 41 47 2812.0
1 40 48 2729.6
1 40 49 2663.5
1 40 50 2567.6
1 35 78 4859.7
1 35 79 4888.1
1 34 80 4945.1
1 33 81 5025.5
1 32 82 5089.1
1 31 83 5102.5
1 30 84 5114.2
1 29 85 5123.1
1 28 86 5145.4
1 27 87 5164.2
1 26 88 5190.3
1 25 89 5217.8
1 25 90 5254.2
1 24 91 5241.3
1 24 92 5256.5
1 24 93 5293.6
1 24 94 5330.6
1 23 95 5345.7
1 23 96 5386.0
1 23 97 5422.3
1 22 98 5430.3
1 22 99 5471.4
1 22 100 5508.4
1 22 101 5545.7
1 21 102 5566.0
1 21 103 5611.1
1 20 104 5633.2
1 20 105 5675.7
1 19 106 5707.7
1 19 107 5752.1
1 18 108 5788.7
1 18 109 5828.5
1 17 110 5747.7
1 17 111 5758.8
1 17 112 5868.1
1 65 109 6030.5
1 66 109 6027.0
1 67 109 5976.4
1 68 109 5941.6
1 69 109 5951.1
1 62 110 5964.5
1 63 110 6002.2
1 64 110 6023.1
1 70 110 6040.0
1 60 111 5859.4
1 61 111 5880.9
1 71 111 6106.0
1 37 112 5647.1
1 38 112 5707.3
1 39 112 5768.9
1 40 112 5814.4
1 41 112 5851.4
1 42 112 5873.4
1 43 112 5884.6
1 44 112 5893.7
1 45 112 5900.9
1 46 112 5910.4
1 47 112 5919.3
1 48 112 5936.9
1 55 112 5739.6
1 56 112 5761.3
1 57 112 5778.4
1 58 112 5795.2
1 59 112 5810.1
1 72 112 6143.0
1 16 113 5956.8
1 33 113 5631.7
1 34 113 5615.1
1 35 113 5599.2
1 36 113 5578.7
1 49 113 5930.6
1 50 113 5908.4
1 51 113 5855.3
1 52 113 5800.7
1 53 113 5744.1
1 54 113 5707.4
1 73 113 6175.3
1 16 114 6015.9
1 29 114 5721.3
1 30 114 5696.1
1 31 114 5668.3
1 32 114 5633.3
1 74 114 6198.4
1 75 114 6202.5
1 16 115 6072.6
1 25 115 5833.0
1 26 115 5810.2
1 27 115 5781.0
1 28 115 5741.0
1 76 115 6234.3
1 16 116 6127.9
1 21 116 5975.7
1 22 116 5990.6
1 23 116 5903.4
1 24 116 5863.2
1 77 116 6249.5
1 78 116 6247.6
1 79 116 6260.2
1 16 117 6182.1
1 20 117 6023.7
1 80 117 6281.1
1 81 117 6279.2
1 82 117 6258.6
1 83 117 6231.1
1 84 117 6202.0
1 16 118 6219.5
1 17 118 6185.7
1 18 118 6138.6
1 19 118 6085.1
1 85 118 6131.5
1 85 119 6089.7
1 86 120 6072.5
1 86 121 6095.2
1 86 122 6120.0
1 86 123 6137.3
1 86 124 6149.7
1 86 125 6159.3
1 86 126 6166.4
1 86 127 6170.1
1 86 128 6170.7
1 86 129 6169.0
1 86 130 6166.3
1 86 131 6162.1
1 86 132 6155.2
1 86 133 6146.5
1 86 134 6134.7
1 86 135 6118.8
1 86 136 6099.7
1 85 137 6050.6
1 85 138 6037.7
1 84 139 6032.8
1 83 140 6073.8
1 82 141 6157.7
1 82 142 6174.0
1 81 143 6226.7
1 80 144 6287.2
1 79 145 6356.2
1 78 146 6419.8
1 77 147 6487.1
1 76 148 6559.0
1 75 149 6636.4
1 75 150 6700.7
1 75 151 6761.3
1 75 152 6821.9
1 75 153 6868.8
1 76 154 6862.0
1 77 154 6849.2
1 78 154 6839.0
1 79 155 6827.7
1 80 155 6815.1
1 81 156 6797.5
1 82 157 6771.0
1 82 158 6748.6
1 83 158 6734.5
1 84 159 6704.6
1 84 160 6676.8
1 84 161 6652.4
1 84 162 6628.5
1 85 163 6603.4
1 86 164 6574.0
1 87 165 6537.0
1 88 166 6502.2
1 89 167 6468.6
1 90 168 6387.2
1 90 169 6337.2
1 91 170 6269.8
1 92 171 6198.4
1 93 172 6167.7
1 94 173 6141.2
1 94 174 6138.8
1 95 175 6123.4
1 95 176 6109.0
1 95 177 6113.7
1 95 178 6120.7
1 95 179 6126.0
1 96 180 5954.7
1 97 181 5971.7
1 98 182 5989.2
1 99 183 6006.7
1 100 184 6022.5
1 101 185 6037.9
1 102 185 6046.3
1 103 185 6061.9
1 104 186 6096.3
1 105 186 6097.4
1 106 187 6100.6
1 107 188 6096.4
1 108 189 5914.1
1 108 190 5916.1
1 108 191 5917.1
1 108 192 5916.7
1 108 193 5912.5
1 107 194 5707.4
1 107 195 5703.4
1 107 196 5695.6
1 107 197 5685.3
1 107 198 5673.3
1 106 199 5634.9
1 106 200 5622.0
1 105 201 5576.1
1 105 202 5562.9
1 104 203 5522.4
1 104 204 5513.7
1 104 205 5498.7
1 104 206 5477.3
1 104 207 5444.2
1 98 208 5460.6
1 99 208 5470.7
1 100 208 5483.1
1 101 208 5496.0
1 102 208 5513.7
1 103 208 5542.4
1 97 209 5451.3
1 97 210 5450.1
1 97 211 5446.0
1 97 212 5440.7
1 96 213 5424.1
1 95 214 5416.7
1 95 215 5415.4
1 94 216 5408.0
1 94 217 5407.1
1 94 218 5406.4
1 95 219 5410.6
1 96 220 5414.1
1 97 221 5418.0
1 97 222 5416.9
1 98 223 5420.2
1 98 224 5418.8
1 99 225 5422.9
1 99 226 5421.0
1 100 227 5242.1
1 128 227 5398.5
1 129 227 5461.6
1 101 228 5248.0
1 107 228 5142.9
1 108 228 5167.8
1 109 228 5196.4
1 110 228 5228.4
1 111 228 5263.1
1 125 228 5283.4
1 126 228 5309.8
1 127 228 5318.0
1 130 228 5187.6
1 131 228 5194.1
1 132 228 5188.2
1 133 228 5189.3
1 134 228 5195.5
1 135 228 5209.9
1 136 228 5226.9
1 137 228 5240.2
1 138 228 5267.0
1 102 229 5252.8
1 106 229 5280.7
1 112 229 5117.3
1 118 229 5143.6
1 119 229 5162.0
1 120 229 5177.9
1 121 229 5192.0
1 122 229 5203.3
1 123 229 5212.7
1 124 229 5215.2
1 139 229 5340.3
1 103 230 5256.3
1 104 230 5258.9
1 105 230 5261.9
1 113 230 5133.9
1 114 230 5125.4
1 115 230 5121.1
1 116 230 5118.6
1 117 230 5110.7
1 140 230 5307.1
1 139 231 5374.7
1 137 232 5411.3
1 138 232 5410.6
1 136 233 5414.6
1 135 234 5407.4
1 133 235 5374.7
1 134 235 5388.0
1 132 236 5357.8
1 130 237 5314.5
1 131 237 5329.7
1 129 238 5303.3
1 128 239 5287.2
1 127 240 5267.3
1 127 241 5257.5
1 127 242 5244.6
1 128 243 5252.9
1 129 244 5251.2
1 129 245 5238.5
1 130 246 5234.7
1 131 246 5233.6
1 132 246 5236.5
1 133 246 5245.8
1 134 246 5263.2
1 135 246 5289.6
1 136 246 5316.8
1 137 246 5336.8
1 138 246 5358.8
1 139 247 5409.5
1 140 247 5434.0
1 141 247 5471.5
1 142 247 5514.8
1 143 248 5577.8
1 144 249 5671.3
1 144 250 5698.1
1 145 251 5749.9
1 145 252 5775.5
1 145 253 5795.8
1 146 254 5829.1
1 146 255 5826.5
1 146 256 5820.5
1 146 257 5812.6
1 146 258 5802.4
1 146 259 5790.6
1 146 260 5777.2
1 146 261 5764.9
1 146 262 5751.7
1 146 263 5738.5
1 146 264 5728.4
1 146 265 0.0
1 147 266 5482.8
1 147 267 5453.7
1 147 268 5428.8
1 147 269 5389.1
1 147 270 5356.1
1 148 271 5306.0
1 148 272 5279.2
1 148 273 5252.1
1 148 274 5230.3
1 149 274 5215.4
1 149 275 5175.8
1 149 276 5143.6
1 149 277 5091.0
1 149 278 5036.4
1 150 279 5132.7
1 150 280 5087.7
1 150 281 5046.5
1 150 282 5016.2
1 151 283 4932.5
1 151 284 4888.7
1 151 285 4855.4
1 152 286 4761.4
1 152 287 4706.8
1 152 288 4662.5
1 152 289 4628.0
1 153 290 4722.8
1 153 291 4696.3
1 153 292 4704.2
1 154 293 4715.0
1 154 294 4726.6
1 154 295 4736.1
1 154 296 4742.2
1 155 297 4760.1
1 155 298 4763.9
1 156 299 4586.8
1 157 299 4593.1
1 158 299 4602.6
1 159 299 4615.1
1 160 299 4631.1
1 161 299 4650.5
1 162 300 4681.7
1 162 301 4684.5
1 162 302 4683.6
1 162 303 4681.0
1 162 304 4678.3
1 163 305 4857.4
1 163 306 4848.4
1 163 307 4838.6
1 163 308 4829.3
1 163 309 4823.2
1 164 310 5039.4
1 165 311 5081.0
1 166 312 5152.7
1 167 313 5211.3
1 168 314 5244.2
1 168 315 5076.7
1 168 316 5081.0
1 169 316 5088.5
1 169 317 5094.3
1 170 317 5104.1
1 171 318 5105.2
1 171 319 5081.8
1 172 320 5033.9
1 172 321 4986.4
1 172 322 4938.1
1 172 323 4887.1
1 172 324 4847.4
1 173 325 4845.9
1 173 326 4849.5
1 173 327 4851.3
1 174 328 4860.7
1 174 329 4862.3
1 174 330 4863.3
1 175 331 4867.8
1 176 331 4871.8
1 177 331 4877.7
1 178 332 4887.1
1 179 333 4889.7
1 179 334 4886.6
1 179 335 4883.5
1 180 336 4881.0
1 181 337 4872.5
1 181 338 4867.8
1 187 338 4741.0
1 188 338 4762.1
1 189 338 4779.7
1 190 338 4793.4
1 182 339 4858.5
1 186 339 4873.5
1 191 339 4797.0
1 192 339 5216.0
1 182 340 4852.5
1 186 340 4857.8
1 193 340 5215.3
1 182 341 4848.9
1 186 341 4847.8
1 194 341 5215.2
1 195 341 5216.8
1 183 342 4845.3
1 184 342 4845.1
1 185 342 4844.6
1 186 342 4843.5
1 196 342 5216.5
1 196 343 5214.4
1 197 344 5213.3
1 198 345 5210.9
1 199 346 5208.8
1 200 346 5210.4
1 201 346 5212.6
1 202 346 5214.7
1 203 346 5215.5
1 204 346 4148.26
1 205 347 5199.5
1 206 347 5193.3
1 207 348 5398.8
1 207 349 5496.1
1 207 350 5637.0
1 206 351 5696.9
1 205 352 5701.7
1 205 353 5706.2
1 205 354 5711.2
1 206 355 5734.1
1 206 356 5742.3
1 207 357 5767.0
1 208 357 5784.2
1 209 358 5465.4
1 210 359 5522.7
1 211 359 5550.7
1 212 360 5470.5
1 212 361 5507.7
1 208 362 5529.9
1 209 362 5534.6
1 210 362 5541.7
1 211 362 5547.4
1 207 363 5526.1
1 206 364 5520.7
1 206 365 5522.0
1 206 366 5522.2
1 206 367 5521.4
1 206 368 5520.4
1 206 369 5519.2
1 207 369 5525.6
1 208 369 5542.1
1 209 369 5563.8
1 210 369 5588.2
1 211 369 5618.5
1 212 369 5654.9
1 213 369 5699.1
1 214 370 5595.6
1 215 370 5629.4
1 216 372 5626.7
1 214 373 5263.1
1 215 373 5351.3
1 214 374 5220.0
1 213 375 5270.2
1 212 376 5247.8
1 211 377 5194.7
1 211 378 5183.6
1 211 379 5178.1
1 211 380 5180.2
1 211 381 5189.3
1 211 382 5243.7
1 211 383 5293.5
1 212 384 45000.0
1 212 385 45000.0
1 212 386 45000.0
1 212 387 45000.0
1 212 388 45000.0
1 212 389 45000.0
1 212 390 45000.0
1 212 391 45000.0
1 212 392 45000.0
1 212 393 45000.0
1 213 394 45000.0
1 213 395 45000.0
1 213 396 45000.0
1 213 397 45000.0
1 213 398 45000.0
1 213 399 45000.0
1 213 400 45000.0
1 213 401 45000.0
1 213 402 45000.0
1 214 403 45000.0
1 214 404 45000.0
1 214 405 45000.0
1 214 406 45000.0
1 214 407 45000.0
1 214 409 45000.0
1 214 410 45000.0
1 214 411 45000.0
1 214 412 45000.0
1 214 413 45000.0
1 214 414 45000.0
1 214 415 45000.0
1 215 416 45000.0
1 215 417 45000.0
1 227 417 45000.0
1 228 417 45000.0
1 229 417 45000.0
1 216 418 45000.0
1 226 418 45000.0
1 230 418 45000.0
1 217 419 45000.0
1 218 419 45000.0
1 219 419 45000.0
1 220 419 45000.0
1 221 419 45000.0
1 222 419 45000.0
1 223 419 45000.0
1 224 419 45000.0
1 225 419 45000.0
1 229 419 45000.0
1 229 420 45000.0
1 226 421 45000.0
1 227 421 45000.0
1 228 421 45000.0
1 224 422 45000.0
1 225 422 45000.0
1 224 423 45000.0
1 224 424 45000.0
1 225 424 45000.0
1 226 424 45000.0
1 227 424 45000.0
1 228 424 45000.0
1 229 425 45000.0
1 229 426 45000.0
1 229 427 45000.0
1 229 428 45000.0
1 229 429 45000.0
1 228 430 45000.0
1 228 431 45000.0
1 228 432 45000.0
1 228 433 45000.0
1 228 434 45000.0
1 228 435 45000.0
1 229 435 45000.0
1 230 436 45000.0
1 230 437 45000.0
1 230 438 45000.0
1 230 439 45000.0
1 230 440 45000.0
1 230 441 45000.0
1 230 442 45000.0
1 230 443 45000.0
1 230 444 45000.0
1 230 445 45000.0
1 230 446 45000.0
1 230 447 45000.0
1 230 448 45000.0
1 230 449 45000.0
1 230 450 45000.0
1 230 451 45000.0
1 230 452 45000.0
1 230 453 45000.0
1 230 454 45000.0
1 230 455 45000.0
1 230 456 45000.0
1 231 457 45000.0
1 231 458 45000.0
1 231 459 45000.0
1 231 460 45000.0
1 232 461 45000.0
1 232 462 45000.0
1 232 463 45000.0
1 232 464 45000.0
1 233 464 45000.0
1 234 464 45000.0
1 235 464 45000.0
1 236 464 45000.0
1 237 464 45000.0
1 238 464 45000.0
1 239 465 45000.0
1 239 466 45000.0
1 239 467 5337.1
1 238 468 5337.1
1 238 469 5337.1
1 238 470 5337.1
1 239 471 5337.1
1 240 471 5337.1
1 241 472 5337.1
1 242 472 5337.1
1 243 472 5337.1
1 244 473 5337.1
1 245 474 5337.1
1 246 475 5337.1
1 246 476 5337.1
1 246 477 5337.1
1 246 478 5337.1
1 246 479 5337.1
1 246 480 5337.1
1 245 481 5337.1
1 245 482 5337.1
1 244 483 5337.1
1 243 484 5337.1
1 243 485 5337.1
1 243 486 5337.1
1 243 487 5337.1
1 243 488 5337.1
1 243 489 5337.1
1 242 490 5337.1
1 242 491 5337.1
1 241 492 5337.1
1 241 493 5337.1
1 240 494 5337.1
1 239 495 5337.1
1 238 496 5337.1
1 235 497 5337.1
1 236 497 5337.1
1 237 497 5337.1
1 233 498 5337.1
1 234 498 5337.1
1 233 499 5337.1
1 232 500 5337.1
1 231 501 5337.1
1 231 502 5337.1
1 231 503 5337.1
1 231 504 5337.1
1 231 505 5337.1
1 231 506 5337.1
1 231 507 5337.1
1 231 508 5337.1
1 231 509 5337.1
1 231 510 5337.1
1 231 511 5337.1
1 231 512 5337.1
1 231 513 5337.1
1 231 514 5337.1
1 231 515 5337.1
1 232 516 5337.1
1 232 517 5337.1
1 232 518 5337.1
1 233 519 5337.1
1 233 520 5337.1
1 233 521 5337.1
1 234 522 5337.1
1 234 523 5337.1
1 235 524 5337.1
1 235 525 5337.1
1 236 525 5337.1
1 237 525 5337.1
1 238 525 5337.1
1 239 526 5337.1
1 239 527 5337.1
1 240 528 5437.9
1 240 529 5453.1
1 241 530 5519.7
1 241 531 5549.7
1 241 532 5566.6
1 241 533 5578.1
1 241 534 5586.4
1 242 535 5064.8
1 242 536 5076.1
1 243 536 5094.1
1 244 536 5126.6
1 245 536 5155.2
1 246 537 5210.6
1 246 538 5227.7
1 247 539 5267.6
1 248 540 5303.1
1 249 540 5315.2
1 250 540 5331.6
1 251 541 5365.2
1 250 544 5398.8
1 251 544 5401.1
1 245 545 5344.2
1 246 545 5355.4
1 247 545 5374.0
1 248 545 5387.7
1 249 545 5393.2
1 243 546 5317.7
1 244 546 5321.7
1 243 547 5318.4
1 242 548 5314.5
1 242 549 5314.8
1 241 550 5308.6
1 241 551 5306.9
1 240 552 5296.5
1 239 553 5285.5
1 238 554 0.0
1 237 555 5249.9
1 236 556 5248.8
1 236 557 5248.8
1 232 558 5189.1
1 233 558 5186.1
1 234 558 5193.8
1 235 558 5197.3
1 232 559 5201.2
1 231 560 5201.4
1 231 561 5209.8
1 231 562 5216.5
1 231 563 5221.6
1 231 564 5222.9
1 230 565 5389.7
1 230 566 5382.9
1 230 567 5372.0
1 230 568 5359.6
1 215 371 5678.1
1 39 51 6043.2
1 39 52 5967.8
1 38 53 5714.5
1 38 54 5641.8
1 37 55 5375.6
1 36 56 5152.8
1 35 57 4950.0
1 35 58 4889.0
1 35 59 4787.7
1 35 60 8397.7
1 35 61 8262.3
1 35 62 8125.5
1 35 63 7985.2
1 35 64 7841.2
1 35 65 7693.4
1 35 66 7542.6
1 35 67 7395.4
1 35 68 7276.3
1 36 69 10770.0
1 36 70 10502.6
1 36 71 10250.3
1 36 72 10007.1
1 36 73 9772.1
1 36 74 9559.1
1 36 75 9377.7
1 36 76 9287.9
1 36 77 9255.2
1 230 569 5347.0
1 230 570 5333.5
1 230 571 5317.4
1 230 572 5306.0
1 230 573 5316.9
1 230 574 5332.4
1 230 575 5342.6
1 230 576 5344.7
1 230 577 5179.6
1 230 578 5212.8
1 230 579 5245.9
1 230 580 5275.3
1 230 581 5278.4
1 230 582 5283.8
1 230 583 5286.3
1 230 584 5285.4
1 230 585 5282.0
1 230 586 5277.4
1 230 587 5271.3
1 230 588 5267.4
1 229 589 5251.5
1 229 590 5242.2
1 228 591 5219.5
1 228 592 5203.8
1 228 593 5186.5
1 228 594 5164.3
1 227 595 5120.1
1 227 596 5096.9
1 227 597 5068.8
1 227 598 5035.6
1 227 599 4786.4
1 226 600 4700.2
1 226 601 4698.2
1 226 602 4696.9
1 226 603 4697.6
1 225 604 4268.5
1 224 605 4268.5
1 223 606 4290.4
1 222 607 4310.8
1 223 605 4275.0
1 114 114 -42435.9
1 117 120 -1861.34
1 121 111 -164404.0
1 121 113 -133912.0
1 124 115 -31194.6
1 125 116 -90773.4
1 126 120 -65480.5
1 129 121 -66885.7
1 130 122 -1018.24
1 133 112 -74052.0
1 135 194 -1018.24
1 138 201 -17424.0
1 139 168 -8852.52
1 140 168 -23887.7
1 141 191 -15175.7
1 143 126 -93724.3
1 143 172 -23044.7
1 143 190 -33161.8
1 144 166 -35410.1
1 144 172 -61265.0
1 144 182 -82342.5
1 144 190 -25573.9
1 145 161 -29929.9
1 145 164 -702.58
1 146 117 -27260.1
1 146 188 -983.61
1 146 190 -37798.8
1 147 132 -76440.8
1 147 145 -1018.24
1 148 167 -57330.6
1 148 176 -138162.0
1 148 196 -117331.0
1 149 145 -49040.1
1 149 146 -52974.6
1 150 124 -20374.8
1 150 128 -140.52
1 150 141 -6744.77
1 150 198 -40328.1
1 151 142 -17002.4
1 151 195 -37517.8
1 152 123 -134193.0
1 152 125 -2985.47
1 152 132 -9168.18
1 153 133 -140.52
1 153 142 -82623.5
1 153 192 -60140.9
1 154 125 -562.06
1 154 171 -18582.8
1 154 249 -91897.5
1 155 112 -52834.1
1 155 129 -10679.2
1 155 141 -86136.4
1 156 129 -258409.0
1 156 146 -35129.0
1 157 116 -36815.2
1 157 135 -51357.6
1 157 140 -186465.0
1 157 251 -125200.0
1 158 133 -22517.2
1 158 137 -46932.4
1 158 181 -184357.0
1 159 119 -87963.1
1 159 173 -49602.2
1 160 119 -26838.6
1 161 125 -2248.26
1 161 129 -140.52
1 161 140 -3512.9
1 161 188 -63653.8
1 162 119 -8571.48
1 162 121 -138127.0
1 162 128 -291430.0
1 162 132 -38501.4
1 162 140 -702.58
1 162 167 -140.52
1 162 169 -2107.74
1 163 138 -7763.01
1 163 139 -140.52
1 164 135 -29648.9
1 164 187 -82483.0
1 165 130 -64918.4
1 165 131 -2107.74
1 166 126 -2810.32
1 167 259 -7166.32
1 168 123 -7728.39
1 168 208 -22482.6
1 169 127 -140.52
1 169 163 -17705.0
1 170 131 -42435.9
1 170 132 -4074.97
1 170 163 -7587.87
1 171 130 -16018.8
1 171 131 -39344.5
1 171 132 -51147.9
1 172 130 -59859.9
1 172 218 -101874.0
1 173 224 -4074.97
1 174 123 -31475.6
1 174 135 -31194.6
1 175 134 -77283.9
1 175 204 -1124.13
1 176 176 -23325.7
1 176 202 -12084.4
1 177 133 -139814.0
1 177 211 -33442.8
1 178 164 -134614.0
1 178 261 -116628.0
1 179 181 -138408.0
1 179 183 -52693.6
1 180 208 -60281.4
1 183 184 -132226.0
1 184 246 -5199.1
1 187 200 -99485.4
1 187 281 -30632.5
1 188 198 -56347.0
1 188 209 -51709.9
1 188 240 -155270.0
1 188 258 -135036.0
1 189 282 -47494.4
1 190 281 -125621.0
1 191 191 -28103.2
1 191 281 -146980.0
1 193 256 -27962.7
1 193 260 -24714.6
1 195 276 -1545.68
1 197 252 -46510.8
1 198 297 -12505.9
1 198 298 -1018.24
1 199 211 -83185.5
1 199 231 -71803.7
1 199 298 -1018.24
1 200 298 -1018.24
1 201 234 -1405.16
1 203 275 -169181.0
1 203 280 -30211.0
1 204 248 -25018.2
1 205 300 -1055.71
1 206 196 -186184.0
1 206 286 -5533.6
1 206 300 -2036.48
1 210 264 -4918.06
1 211 255 -150212.0
1 211 332 -6857.19
1 212 226 -22763.6
1 212 258 -224685.0
1 213 264 -421.55
1 213 300 -30070.4
1 214 240 -246184.0
1 215 260 -198268.0
1 216 238 -170727.0
1 216 267 -95972.5
1 217 264 -140516.0
1 217 365 -1264.65
1 218 179 -455553.0
1 219 310 -10538.7
1 221 223 -12505.9
1 221 246 -6744.77
1 221 284 -16555.7
1 222 352 -23715.4
1 222 358 -13911.1
1 222 369 -19391.2
1 223 271 -59157.3
1 224 301 -83466.6
1 224 374 -11103.4
1 226 311 -53255.6
1 226 331 -67810.6
1 226 350 -281.42
1 226 365 -3267.99
1 226 382 -18616.6
1 227 270 -19672.3
1 228 225 -76581.3
1 230 255 -132788.0
1 230 361 -120422.0
1 231 401 -2563.92
1 232 364 -213.73
1 232 370 -12688.5
1 233 337 -1018.24
1 233 394 -2036.48
1 233 399 -106090.0
1 234 304 -5505.14
1 234 393 -1018.24
1 235 338 -2248.26
1 235 400 -2669.81
1 235 605 -11157.0
1 235 609 -48519.7
1 236 263 -33583.4
1 236 351 -51147.9
1 236 609 -148.62
1 237 237 -13489.5
1 237 316 -32733.9
1 237 357 -3408.86
1 237 389 -1018.24
1 238 221 -10679.2
1 238 398 -6.8
1 238 605 -5091.21
1 238 609 -2141.62
1 239 250 -1264.65
1 239 338 -49321.2
1 239 426 -983.61
1 239 605 -5091.21
1 239 606 -3054.73
1 239 619 -1018.24
1 240 380 -1018.24
1 240 426 -1018.24
1 240 608 -4072.97
1 241 335 -76721.8
1 241 342 -90211.4
1 241 358 -5058.58
1 241 604 -1018.24
1 242 311 -7742.44
1 243 357 -79110.6
1 243 371 -11838.0
1 243 389 -2248.26
1 243 422 -140.52
1 243 431 -95.04
1 243 605 -5091.21
1 244 431 -197.69
1 244 605 -6109.45
1 244 621 -2036.48
1 245 238 -77705.4
1 245 322 -26291.0
1 245 337 -4250.11
1 245 621 -1018.24
1 246 321 -5932.49
1 246 618 -3054.73
1 247 344 -1018.24
1 247 383 -16729.1
1 247 384 -4207540.0
1 248 251 -33864.4
1 248 436 -5339.61
1 248 444 -35826.1
1 248 589 -5058.58
1 249 373 -1018.24
1 249 389 -2669.81
1 249 424 -9870.76
1 249 430 -63712.0
1 249 436 -10154.3
1 249 606 -5091.21
1 250 239 -75035.6
1 250 326 -3638.74
1 250 424 -1018.24
1 250 425 -733354.0
1 250 431 -76890.8
1 250 595 -3335.76
1 251 300 -127448.0
1 251 333 -1438.74
1 251 356 -29090.7
1 251 408 -899.3
1 251 456 -1158.76
1 251 457 -41.29
1 251 594 -1018.24
1 251 595 -1111.68
1 251 596 -2036.48
1 252 230 -82342.5
1 252 285 -54098.7
1 252 329 -50370.9
1 252 450 -1545.68
1 252 595 -1018.24
1 252 606 -1018.24
1 253 298 -5199.1
1 253 331 -24801.2
1 253 332 -30931.6
1 253 416 -281.03
1 253 420 -8717.32
1 253 445 -87668.7
1 254 338 -118455.0
1 254 367 -843.1
1 254 407 -247.19
1 254 597 -1018.24
1 254 607 -41627.4
1 255 381 -35972.1
1 255 383 -55503.9
1 255 388 -44824.6
1 255 395 -1826.71
1 255 420 -10679.2
1 255 439 -21499.0
1 255 443 -138937.0
1 255 595 -1018.24
1 255 596 -1018.24
1 255 606 -1018.24
1 255 609 -53910.7
1 255 610 -11672.7
1 256 314 -11700.3
1 256 335 -79672.6
1 256 341 -7306.84
1 256 370 -10460.1
1 256 413 -4074.97
1 256 586 -53067.6
1 256 593 -4072.97
1 257 238 -12505.9
1 257 324 -584.98
1 257 413 -4637.03
1 257 576 -6999.33
1 257 599 -16215.5
1 257 600 -68993.4
1 258 325 -19098.8
1 258 336 -4822.14
1 258 420 -106465.0
1 258 442 -1024000.0
1 258 464 -421.55
1 258 585 -6109.45
1 258 595 -2036.48
1 258 601 -29086.8
1 258 602 -127497.0
1 259 340 -120878.0
1 259 371 -3396.05
1 259 405 -183664.0
1 259 588 -33774.4
1 259 592 -1685.12
1 259 593 -1440.37
1 260 342 -62951.2
1 260 349 -1124.13
1 260 407 -3620700.0
1 260 424 -1595.1
1 260 463 -43841.0
1 260 464 -13208.5
1 260 585 -70969.9
1 260 586 -92685.7
1 260 587 -40510.8
1 261 337 -5901.68
1 261 355 -60984.0
1 261 381 -237917.0
1 261 395 -13252.9
1 261 416 -31756.7
1 261 418 -1018.24
1 261 429 -55067.8
1 261 464 -22201.6
1 261 492 -1018.24
1 261 571 -10117.2
1 261 576 -51417.3
1 262 345 -109322.0
1 262 449 -140.52
1 262 540 -409.49
1 262 564 -9613.19
1 262 567 -45111.2
1 262 568 -26136.0
1 262 570 -176348.0
1 262 571 -2950.84
1 263 340 -10398.2
1 263 434 -117951.0
1 263 471 -9133.55
1 263 477 -1405.16
1 263 520 -2036.48
1 263 574 -6182.71
1 263 582 -5633.8
1 264 265 -1124.13
1 264 344 -35831.6
1 264 345 -33864.4
1 264 367 -1018.24
1 264 383 -45805.1
1 264 407 -5339.61
1 264 428 -259237.0
1 264 468 -94.86
1 264 471 -13489.5
1 264 476 -82904.5
1 264 477 -1405.16
1 264 523 -3897.83
1 264 524 -843.1
1 264 549 -5422.93
1 265 364 -27646.6
1 265 374 -164604.0
1 265 380 -93.91
1 265 422 -139598.0
1 265 523 -6161.27
1 265 557 -1124.13
1 266 337 -1018.24
1 266 340 -13770.6
1 266 462 -421.55
1 267 391 -20655.9
1 267 396 -140.52
1 267 463 -3793.94
1 267 555 -2142.37
1 267 556 -1018.24
1 268 333 -43138.4
1 268 334 -25152.4
1 268 379 -2807.3
1 268 436 -3239900.0
1 268 455 -78.22
1 268 479 -1405.16
1 268 480 -140.52
1 268 489 -65515.0
1 269 363 -1018.24
1 269 397 -28103.2
1 269 450 -3091.35
1 269 456 -8041.11
1 269 483 -843.1
1 269 541 -1018.24
1 270 337 -6744.77
1 270 352 -5620.65
1 270 397 -27119.6
1 270 412 -94979.4
1 270 417 -306143.0
1 270 429 -1422.93
1 270 481 -1018.24
1 270 483 -1499.87
1 270 484 -1018.24
1 270 486 -33373.8
1 270 498 -31756.7
1 270 539 -281.03
1 271 319 -68437.6
1 271 335 -4918.06
1 271 368 -10398.2
1 271 371 -421.55
1 271 415 -278312.0
1 271 451 -4777.55
1 271 485 -447.43
1 271 493 -128787.0
1 271 498 -199252.0
1 271 537 -152129.0
1 272 336 -20.55
1 272 337 -26988.2
1 272 351 -31335.1
1 272 366 -1826.71
1 272 368 -25972.9
1 272 388 -1268310.0
1 272 450 -6463.74
1 272 451 -34848.0
1 272 453 -1264.65
1 272 462 -2719060.0
1 272 490 -702.58
1 272 491 -9.19
1 272 497 -48430.3
1 272 498 -702.58
1 272 530 -80148.6
1 272 532 -297133.0
1 272 535 -55322.5
1 273 363 -7728.39
1 273 392 -19.35
1 273 410 -1264.65
1 273 480 -10819.7
1 273 510 -1018.24
1 273 516 -28147.1
1 273 517 -548829.0
1 273 518 -588.87
1 274 409 -2669.81
1 274 520 -43138.4
1 274 523 -1264.65
1 275 367 -243374.0
1 275 441 -363572.0
1 275 450 -41311.7
1 275 506 -1264.65
1 276 364 -25995.5
1 276 366 -142202.0
1 276 392 -421.55
1 276 446 -4215.48
1 276 474 -48070.9
1 277 294 -117044.0
1 277 390 -3091.35
1 277 407 -976741.0
1 277 431 -10423.6
1 277 454 -140.52
1 277 468 -140.52
1 277 472 -14323.9
1 277 480 -100718.0
1 278 365 -40328.1
1 278 435 -25.82
1 278 482 -8993.03
1 279 310 -38577.1
1 279 336 -177893.0
1 279 388 -345.93
1 279 433 -272417.0
1 279 438 -472246.0
1 279 449 -1967.23
1 279 475 -208206.0
1 279 485 -17564.5
1 280 365 -15456.8
1 280 433 -35356.3
1 280 442 -10257.7
1 280 469 -12109.1
1 280 471 -77565.3
1 281 386 -45.53
1 281 388 -321.74
1 281 458 -1144610.0
1 282 409 -7728.39
1 282 424 -3653.42
1 282 430 -983.61
1 282 436 -4993.58
1 282 454 -1504.38
1 282 457 -428.64
1 283 354 -6744.77
1 283 429 -434897.0
1 283 449 -68915.3
1 283 452 -29212.2
1 283 455 -161895.0
1 283 468 -70045.6
1 284 339 -75034.5
1 284 457 -8009.42
1 284 463 -241512.0
1 284 481 -6287.75
1 285 336 -7728.39
1 285 374 -1686.19
1 285 467 -150833.0
1 285 475 -470.43
1 286 330 -79776.2
1 286 425 -397146.0
1 286 475 -34896.1
1 286 477 -78893.3
1 287 329 -2720.78
1 287 388 -62288.8
1 287 426 -385888.0
1 287 477 -138239.0
1 288 372 -2810.32
1 288 419 -13068.0
1 288 423 -1397.63
1 288 426 -1018.24
1 289 351 -96534.6
1 289 404 -222495.0
1 289 459 -163957.0
1 289 468 -26775.7
1 290 374 -190540.0
1 290 382 -49919.4
1 290 402 -7548.22
1 290 411 -7447.35
1 290 412 -28916.8
1 290 413 -26557.6
1 290 420 -736.76
1 290 477 -351114.0
1 291 350 -843.1
1 291 355 -37114.6
1 291 373 -3091.35
1 291 397 -405.22
1 291 419 -1490960.0
1 292 361 -31616.1
1 292 365 -26979.1
1 292 416 -562.06
1 292 469 -52094.2
1 294 435 -17564.5
1 294 447 -38511.5
1 294 458 -40642.3
1 295 391 -12646.5
1 296 388 -1711.78
1 296 398 -5907.83
1 296 406 -56559.9
1 296 433 -11662.8
1 297 381 -29648.9
1 297 383 -2529.29
1 297 395 -230992.0
1 297 401 -103898.0
1 297 402 -47943.9
1 297 413 -2937730.0
1 297 415 -73630.5
1 297 442 -106009.0
1 298 389 -6463.74
1 299 354 -6604.26
1 299 355 -15737.8
1 299 387 -752.57
1 334 405 -24028.3
1 102 110 -1018.24
1 102 113 -1018.24
1 103 100 -1018.24
1 103 104 -1018.24
1 104 115 -1018.24
1 105 115 -1018.24
1 105 139 -1018.24
1 108 117 -1018.24
1 109 112 -1018.24
1 111 155 -1018.24
1 111 208 -1018.24
1 112 181 -1018.24
1 113 111 -1018.24
1 113 159 -1018.24
1 113 211 -1018.24
1 114 173 -1018.24
1 114 212 -2036.48
1 115 212 -2036.48
1 116 121 -1018.24
1 116 150 -1018.24
1 116 166 -1018.24
1 117 119 -1018.24
1 117 168 -1018.24
1 117 210 -1018.24
1 119 194 -1018.24
1 119 202 -1018.24
1 119 96 -1018.24
1 120 155 -1018.24
1 120 94 -1018.24
1 121 187 -1018.24
1 123 110 -1018.24
1 123 111 -1018.24
1 123 158 -1018.24
1 123 168 -1018.24
1 123 193 -1018.24
1 123 202 -2036.48
1 125 150 -1018.24
1 125 151 -1018.24
1 125 193 -1018.24
1 125 194 -1018.24
1 126 121 -1018.24
1 126 191 -1018.24
1 126 195 -1018.24
1 127 150 -1018.24
1 127 160 -1018.24
1 127 169 -1018.24
1 127 195 -1018.24
1 127 199 -2036.48
1 128 122 -1018.24
1 128 148 -1018.24
1 128 149 -1018.24
1 128 152 -1018.24
1 128 153 -1018.24
1 128 154 -1018.24
1 128 157 -1018.24
1 128 199 -1018.24
1 129 117 -1018.24
1 129 119 -1018.24
1 129 122 -1018.24
1 129 146 -1018.24
1 129 154 -2036.48
1 129 162 -1018.24
1 129 176 -1018.24
1 130 120 -1018.24
1 130 154 -1018.24
1 130 155 -1018.24
1 130 156 -3054.73
1 130 194 -1018.24
1 131 112 -1018.24
1 131 121 -1018.24
1 131 122 -1018.24
1 131 150 -1018.24
1 131 156 -1018.24
1 131 157 -1018.24
1 131 158 -1018.24
1 131 161 -2036.48
1 131 198 -1018.24
1 132 112 -1018.24
1 132 155 -1018.24
1 132 156 -1018.24
1 132 160 -1018.24
1 132 161 -2036.48
1 133 155 -1018.24
1 133 159 -1018.24
1 133 160 -2036.48
1 133 192 -2036.48
1 133 193 -1018.24
1 134 148 -1018.24
1 134 150 -1018.24
1 134 151 -1018.24
1 134 156 -1018.24
1 134 191 -1018.24
1 134 193 -4072.97
1 135 148 -5091.21
1 135 149 -2036.48
1 135 156 -1018.24
1 135 157 -1018.24
1 135 193 -3054.73
1 136 147 -1018.24
1 136 148 -1018.24
1 136 149 -1018.24
1 136 150 -2036.48
1 136 153 -1018.24
1 136 155 -1018.24
1 137 148 -1018.24
1 137 150 -1018.24
1 137 153 -2036.48
1 137 154 -1018.24
1 137 157 -3054.73
1 137 175 -1018.24
1 137 206 -1018.24
1 138 151 -1018.24
1 138 152 -1018.24
1 138 153 -3054.73
1 138 168 -1018.24
1 138 169 -1018.24
1 139 151 -1018.24
1 140 138 -1018.24
1 140 155 -4072.97
1 140 156 -1018.24
1 140 171 -1018.24
1 140 180 -1018.24
1 141 149 -1018.24
1 141 154 -2036.48
1 141 157 -1018.24
1 141 171 -1018.24
1 141 199 -2036.48
1 142 155 -1018.24
1 142 156 -1018.24
1 142 157 -1018.24
1 142 158 -1018.24
1 142 174 -1018.24
1 142 179 -1018.24
1 142 201 -1018.24
1 143 146 -1018.24
1 143 157 -3054.73
1 144 142 -2036.48
1 144 173 -1018.24
1 145 142 -1018.24
1 145 143 -1018.24
1 145 151 -1018.24
1 145 187 -1018.24
1 145 226 -1018.24
1 146 140 -1018.24
1 146 141 -2036.48
1 146 145 -1018.24
1 146 208 -1018.24
1 146 229 -1018.24
1 146 230 -1018.24
1 146 232 -1018.24
1 147 139 -3054.73
1 147 140 -1018.24
1 147 141 -1018.24
1 147 142 -1018.24
1 147 229 -1018.24
1 147 230 -1018.24
1 147 233 -1018.24
1 147 239 -1018.24
1 147 240 -1018.24
1 148 217 -1018.24
1 148 221 -1018.24
1 149 127 -1018.24
1 149 147 -1018.24
1 149 154 -1018.24
1 149 222 -1018.24
1 149 253 -1018.24
1 150 160 -1018.24
1 150 164 -1018.24
1 150 177 -1018.24
1 150 227 -1018.24
1 150 236 -1018.24
1 151 128 -1018.24
1 151 228 -1018.24
1 152 153 -1018.24
1 152 173 -1018.24
1 152 176 -1018.24
1 152 222 -1018.24
1 152 228 -1018.24
1 153 126 -1018.24
1 153 136 -1018.24
1 153 155 -1018.24
1 153 232 -1018.24
1 153 238 -1018.24
1 153 253 -1018.24
1 154 126 -1018.24
1 154 133 -1018.24
1 154 161 -1018.24
1 154 172 -1018.24
1 154 220 -1018.24
1 154 244 -1018.24
1 155 170 -2036.48
1 155 216 -1018.24
1 155 262 -1018.24
1 156 160 -1018.24
1 156 211 -1018.24
1 156 223 -1018.24
1 157 132 -1018.24
1 157 133 -1018.24
1 157 134 -3054.73
1 157 136 -1018.24
1 157 194 -1018.24
1 157 207 -1018.24
1 157 240 -1018.24
1 158 135 -1018.24
1 158 248 -1018.24
1 159 152 -1018.24
1 159 231 -1018.24
1 159 240 -1018.24
1 159 247 -1018.24
1 159 248 -1018.24
1 159 250 -1018.24
1 159 251 -1018.24
1 159 257 -1018.24
1 160 133 -1018.24
1 160 249 -2036.48
1 160 251 -2036.48
1 160 252 -1018.24
1 160 253 -1018.24
1 160 262 -1018.24
1 161 144 -2036.48
1 161 251 -1018.24
1 161 253 -1018.24
1 162 137 -2036.48
1 162 252 -2036.48
1 162 253 -1018.24
1 163 152 -1018.24
1 163 190 -1018.24
1 163 236 -1018.24
1 164 278 -1018.24
1 164 290 -1018.24
1 164 299 -1018.24
1 165 133 -2036.48
1 165 134 -2036.48
1 165 135 -1018.24
1 165 290 -1018.24
1 166 131 -1018.24
1 166 132 -1018.24
1 166 133 -2036.48
1 166 134 -1018.24
1 166 135 -1018.24
1 166 210 -1018.24
1 166 254 -1018.24
1 166 255 -1018.24
1 167 127 -1018.24
1 167 132 -2036.48
1 167 133 -2036.48
1 167 134 -3054.73
1 167 256 -1018.24
1 167 288 -1018.24
1 167 294 -1018.24
1 168 130 -1018.24
1 168 131 -1018.24
1 168 132 -4072.97
1 168 133 -4072.97
1 168 286 -1018.24
1 168 287 -2036.48
1 168 291 -2036.48
1 169 128 -2036.48
1 169 129 -4072.97
1 169 131 -1018.24
1 169 132 -5091.21
1 169 133 -3054.73
1 169 134 -9164.18
1 169 135 -1018.24
1 169 236 -1018.24
1 169 260 -1018.24
1 169 271 -1018.24
1 169 287 -1018.24
1 169 290 -1018.24
1 170 133 -3054.73
1 170 134 -12218.9
1 170 136 -1018.24
1 170 187 -1018.24
1 170 256 -1018.24
1 170 287 -1018.24
1 170 292 -1018.24
1 171 133 -2036.48
1 171 134 -1018.24
1 171 136 -5091.21
1 171 290 -1018.24
1 172 257 -1018.24
1 172 284 -1018.24
1 172 295 -2036.48
1 172 311 -1018.24
1 173 258 -1018.24
1 173 278 -1018.24
1 173 290 -1018.24
1 173 292 -1018.24
1 173 293 -2036.48
1 173 294 -1018.24
1 174 124 -1018.24
1 174 253 -1018.24
1 174 261 -1018.24
1 174 270 -1018.24
1 174 283 -1018.24
1 174 289 -1018.24
1 174 293 -1018.24
1 175 260 -1018.24
1 175 288 -1018.24
1 175 292 -2036.48
1 175 293 -1018.24
1 175 296 -1018.24
1 175 305 -1018.24
1 176 274 -1018.24
1 176 305 -1018.24
1 177 289 -1018.24
1 177 290 -1018.24
1 178 243 -1018.24
1 178 280 -1018.24
1 178 285 -1018.24
1 178 302 -1018.24
1 178 305 -1018.24
1 178 306 -1018.24
1 178 311 -1018.24
1 179 278 -1018.24
1 179 285 -1018.24
1 180 149 -1018.24
1 180 286 -1018.24
1 181 297 -1018.24
1 181 307 -1018.24
1 181 308 -1018.24
1 183 242 -1018.24
1 183 285 -1018.24
1 183 295 -1018.24
1 183 308 -1018.24
1 183 309 -1018.24
1 183 318 -1018.24
1 184 263 -1018.24
1 184 285 -1018.24
1 184 313 -1018.24
1 184 319 -1018.24
1 185 257 -1018.24
1 185 305 -1018.24
1 185 306 -1018.24
1 185 307 -1018.24
1 185 315 -1018.24
1 186 255 -1018.24
1 186 265 -1018.24
1 186 307 -2036.48
1 186 310 -1018.24
1 188 262 -1018.24
1 188 294 -1018.24
1 188 295 -1018.24
1 189 295 -1018.24
1 189 309 -1018.24
1 190 307 -1018.24
1 190 308 -1018.24
1 190 324 -1018.24
1 191 292 -2036.48
1 191 304 -1018.24
1 191 305 -1018.24
1 192 258 -1018.24
1 192 284 -1018.24
1 192 304 -1018.24
1 192 316 -1018.24
1 192 319 -1018.24
1 193 262 -1018.24
1 193 301 -1018.24
1 193 311 -1018.24
1 193 313 -2036.48
1 194 284 -1018.24
1 194 313 -1018.24
1 195 269 -1018.24
1 195 287 -1018.24
1 195 289 -1018.24
1 195 300 -1018.24
1 195 311 -1018.24
1 195 313 -1018.24
1 196 269 -1018.24
1 196 275 -1018.24
1 196 303 -1018.24
1 196 324 -1018.24
1 196 333 -1018.24
1 197 264 -1018.24
1 197 283 -1018.24
1 197 300 -1018.24
1 197 322 -1018.24
1 197 325 -1018.24
1 198 242 -1018.24
1 198 276 -2036.48
1 198 309 -1018.24
1 198 311 -1018.24
1 199 283 -1018.24
1 199 311 -1018.24
1 199 324 -1018.24
1 200 280 -1018.24
1 200 286 -1018.24
1 200 296 -1018.24
1 200 299 -1018.24
1 200 306 -1018.24
1 200 307 -1018.24
1 200 312 -1018.24
1 200 343 -1018.24
1 200 345 -1018.24
1 201 257 -1018.24
1 202 280 -1018.24
1 202 287 -1018.24
1 202 297 -1018.24
1 202 301 -1018.24
1 202 302 -1018.24
1 203 215 -1018.24
1 203 304 -1018.24
1 203 305 -1018.24
1 203 309 -1018.24
1 203 315 -1018.24
1 205 263 -1018.24
1 205 303 -1018.24
1 205 304 -1018.24
1 205 317 -1018.24
1 205 318 -1018.24
1 205 319 -1018.24
1 206 264 -1018.24
1 206 270 -1018.24
1 206 301 -1018.24
1 206 304 -1018.24
1 206 315 -1018.24
1 206 317 -2036.48
1 207 262 -1018.24
1 207 300 -1018.24
1 207 301 -2036.48
1 207 303 -1018.24
1 207 304 -1018.24
1 207 306 -2036.48
1 207 315 -1018.24
1 207 317 -1018.24
1 208 298 -2036.48
1 208 299 -2036.48
1 208 306 -1018.24
1 208 317 -1018.24
1 208 328 -1018.24
1 209 284 -1018.24
1 209 297 -1018.24
1 209 302 -1018.24
1 210 284 -1018.24
1 210 301 -1018.24
1 210 302 -1018.24
1 210 342 -1018.24
1 211 301 -1018.24
1 211 321 -1018.24
1 212 295 -1018.24
1 212 347 -1018.24
1 213 226 -1018.24
1 213 287 -1018.24
1 213 303 -1018.24
1 213 329 -1018.24
1 214 319 -1018.24
1 215 289 -1018.24
1 215 311 -1018.24
1 215 353 -1018.24
1 216 323 -1018.24
1 216 341 -1018.24
1 217 244 -1018.24
1 217 249 -1018.24
1 217 351 -1018.24
1 218 209 -1018.24
1 218 243 -1018.24
1 218 292 -1018.24
1 218 345 -2036.48
1 221 240 -1018.24
1 221 611 -1018.24
1 222 254 -1018.24
1 222 362 -1018.24
1 224 338 -1018.24
1 224 359 -1018.24
1 225 323 -1018.24
1 225 329 -1018.24
1 225 332 -1018.24
1 225 368 -1018.24
1 225 373 -1018.24
1 225 378 -1018.24
1 225 382 -2036.48
1 226 323 -1018.24
1 226 388 -2036.48
1 226 618 -1018.24
1 227 315 -1018.24
1 228 606 -1018.24
1 229 385 -2036.48
1 229 392 -1018.24
1 229 393 -1018.24
1 229 397 -4072.97
1 229 618 -5091.21
1 230 338 -1018.24
1 230 373 -2036.48
1 230 384 -1018.24
1 230 392 -2036.48
1 230 393 -4072.97
1 230 396 -1018.24
1 230 605 -1018.24
1 231 343 -1018.24
1 231 383 -1018.24
1 231 392 -5091.21
1 231 393 -11200.7
1 231 398 -1018.24
1 231 603 -1018.24
1 231 607 -2036.48
1 232 259 -1018.24
1 232 300 -1018.24
1 232 384 -1018.24
1 232 389 -1018.24
1 232 393 -6109.45
1 232 394 -4072.97
1 232 405 -1018.24
1 232 604 -2036.48
1 232 606 -2036.48
1 232 607 -3054.73
1 232 608 -1018.24
1 233 373 -1018.24
1 233 393 -1018.24
1 233 403 -1018.24
1 233 406 -4072.97
1 233 601 -2036.48
1 233 602 -1018.24
1 234 374 -1018.24
1 234 388 -1018.24
1 234 389 -1018.24
1 234 406 -3054.73
1 234 407 -2036.48
1 234 601 -1018.24
1 234 602 -2036.48
1 234 603 -3054.73
1 234 604 -1018.24
1 234 605 -2036.48
1 234 606 -1018.24
1 234 609 -1018.24
1 234 620 -1018.24
1 234 621 -1018.24
1 235 342 -1018.24
1 235 368 -1018.24
1 235 389 -1018.24
1 235 392 -1018.24
1 235 404 -1018.24
1 235 406 -1018.24
1 235 599 -1018.24
1 235 600 -2036.48
1 235 602 -3054.73
1 235 603 -1018.24
1 235 606 -1018.24
1 235 608 -1018.24
1 236 256 -1018.24
1 236 359 -1018.24
1 236 377 -2036.48
1 236 378 -1018.24
1 236 389 -2036.48
1 236 600 -1018.24
1 236 601 -1018.24
1 236 602 -2036.48
1 236 605 -1018.24
1 236 606 -1018.24
1 236 607 -1018.24
1 236 620 -1018.24
1 237 330 -1018.24
1 237 377 -1018.24
1 237 384 -1018.24
1 237 388 -1018.24
1 237 605 -2036.48
1 237 606 -3054.73
1 237 607 -2036.48
1 237 608 -5091.21
1 237 609 -3054.73
1 237 620 -1018.24
1 238 346 -1018.24
1 238 391 -1018.24
1 238 410 -1018.24
1 238 602 -1018.24
1 238 603 -1018.24
1 238 606 -5091.21
1 238 607 -6109.45
1 238 608 -4072.97
1 238 610 -1018.24
1 239 297 -1018.24
1 239 323 -1018.24
1 239 404 -1018.24
1 239 601 -1018.24
1 239 603 -1018.24
1 239 607 -2036.48
1 239 608 -4072.97
1 239 609 -3054.73
1 239 610 -2036.48
1 239 615 -2036.48
1 240 267 -1018.24
1 240 319 -1018.24
1 240 327 -1018.24
1 240 352 -1018.24
1 240 374 -2036.48
1 240 392 -2036.48
1 240 396 -1018.24
1 240 406 -1018.24
1 240 603 -1018.24
1 240 605 -3054.73
1 240 606 -4072.97
1 240 607 -2036.48
1 240 620 -2036.48
1 240 621 -1018.24
1 241 339 -1018.24
1 241 352 -1018.24
1 241 370 -2036.48
1 241 375 -1018.24
1 241 409 -1018.24
1 241 577 -1018.24
1 241 603 -2036.48
1 241 605 -3054.73
1 241 606 -2036.48
1 241 607 -2036.48
1 241 608 -2036.48
1 241 609 -5091.21
1 241 610 -1018.24
1 241 611 -1018.24
1 241 620 -1018.24
1 241 621 -1018.24
1 242 314 -1018.24
1 242 318 -1018.24
1 242 336 -1018.24
1 242 338 -1018.24
1 242 339 -1018.24
1 242 373 -3054.73
1 242 374 -6109.45
1 242 406 -2036.48
1 242 603 -2036.48
1 242 604 -7127.7
1 242 605 -9164.18
1 242 606 -3054.73
1 242 607 -5091.21
1 242 608 -5091.21
1 242 609 -3054.73
1 242 610 -3054.73
1 242 616 -1018.24
1 242 622 -1018.24
1 242 623 -3054.73
1 243 366 -1018.24
1 243 369 -1018.24
1 243 372 -2036.48
1 243 373 -8145.94
1 243 374 -3054.73
1 243 386 -1018.24
1 243 391 -1018.24
1 243 405 -1018.24
1 243 406 -1018.24
1 243 407 -2036.48
1 243 409 -1018.24
1 243 577 -1018.24
1 243 606 -7127.7
1 243 607 -5091.21
1 243 608 -2036.48
1 243 609 -6109.45
1 243 620 -1018.24
1 243 622 -2036.48
1 243 623 -8145.94
1 244 371 -1018.24
1 244 372 -2036.48
1 244 373 -3054.73
1 244 415 -1018.24
1 244 598 -1018.24
1 244 606 -4072.97
1 244 607 -1018.24
1 244 611 -1018.24
1 244 616 -1018.24
1 244 622 -1018.24
1 244 623 -4072.97
1 244 624 -1018.24
1 245 312 -1018.24
1 245 315 -1018.24
1 245 326 -1018.24
1 245 335 -1018.24
1 245 338 -1018.24
1 245 356 -2036.48
1 245 371 -1018.24
1 245 413 -1018.24
1 245 586 -1018.24
1 245 604 -1018.24
1 245 605 -3054.73
1 245 606 -5091.21
1 245 607 -4072.97
1 245 609 -5091.21
1 245 610 -2036.48
1 245 612 -2036.48
1 245 616 -2036.48
1 245 619 -1018.24
1 245 620 -2036.48
1 245 622 -1018.24
1 246 214 -1018.24
1 246 342 -1018.24
1 246 356 -1018.24
1 246 357 -1018.24
1 246 374 -1018.24
1 246 413 -1018.24
1 246 590 -1018.24
1 246 599 -1018.24
1 246 600 -6109.45
1 246 605 -4072.97
1 246 606 -7127.7
1 246 607 -4072.97
1 246 610 -1018.24
1 246 612 -2036.48
1 246 614 -1018.24
1 246 615 -1018.24
1 246 623 -1018.24
1 247 314 -1018.24
1 247 331 -1018.24
1 247 367 -2036.48
1 247 368 -5091.21
1 247 387 -2036.48
1 247 413 -1018.24
1 247 578 -1018.24
1 247 597 -1018.24
1 247 598 -7127.7
1 247 599 -6109.45
1 247 600 -10182.4
1 247 601 -10182.4
1 247 605 -2036.48
1 247 609 -2036.48
1 247 610 -2036.48
1 247 611 -4072.97
1 247 612 -4072.97
1 247 613 -2036.48
1 247 618 -2036.48
1 247 619 -1018.24
1 247 623 -1018.24
1 248 307 -1018.24
1 248 367 -1018.24
1 248 368 -4072.97
1 248 371 -2036.48
1 248 372 -5091.21
1 248 387 -2036.48
1 248 388 -6109.45
1 248 413 -1018.24
1 248 416 -1018.24
1 248 529 -1018.24
1 248 567 -1018.24
1 248 596 -7127.7
1 248 597 -5091.21
1 248 598 -10182.4
1 248 599 -6109.45
1 248 600 -4072.97
1 248 601 -6109.45
1 248 602 -3054.73
1 248 605 -1018.24
1 248 608 -1018.24
1 248 609 -2036.48
1 248 610 -3054.73
1 248 611 -6109.45
1 248 612 -6109.45
1 248 613 -7127.7
1 248 618 -1018.24
1 248 619 -1018.24
1 248 620 -1018.24
1 248 623 -2036.48
1 249 333 -1018.24
1 249 334 -1018.24
1 249 365 -2036.48
1 249 366 -3054.73
1 249 367 -1018.24
1 249 368 -3054.73
1 249 371 -1018.24
1 249 387 -1018.24
1 249 388 -1018.24
1 249 400 -1018.24
1 249 412 -1018.24
1 249 567 -1018.24
1 249 593 -2036.48
1 249 595 -6109.45
1 249 596 -7127.7
1 249 597 -11200.7
1 249 603 -3054.73
1 249 604 -8145.94
1 249 605 -5091.21
1 249 607 -4072.97
1 249 609 -1018.24
1 249 610 -2036.48
1 249 611 -5091.21
1 249 612 -9164.18
1 249 613 -2036.48
1 249 618 -1018.24
1 249 623 -1018.24
1 250 331 -1018.24
1 250 355 -1018.24
1 250 365 -2036.48
1 250 366 -5091.21
1 250 367 -3054.73
1 250 368 -1018.24
1 250 369 -2036.48
1 250 370 -2036.48
1 250 371 -6109.45
1 250 382 -1018.24
1 250 406 -1018.24
1 250 413 -1018.24
1 250 414 -1018.24
1 250 423 -1018.24
1 250 436 -1018.24
1 250 568 -1018.24
1 250 579 -1018.24
1 250 591 -1018.24
1 250 594 -1018.24
1 250 596 -8145.94
1 250 597 -2036.48
1 250 602 -1018.24
1 250 603 -7127.7
1 250 604 -6109.45
1 250 605 -4072.97
1 250 607 -1018.24
1 250 608 -3054.73
1 250 609 -1018.24
1 250 610 -1018.24
1 250 613 -1018.24
1 251 276 -1018.24
1 251 322 -1018.24
1 251 365 -3054.73
1 251 366 -9164.18
1 251 367 -2036.48
1 251 368 -2036.48
1 251 371 -1018.24
1 251 379 -1018.24
1 251 407 -1018.24
1 251 414 -1018.24
1 251 424 -1018.24
1 251 598 -1018.24
1 251 604 -1018.24
1 251 605 -1018.24
1 251 607 -1018.24
1 251 610 -1018.24
1 252 236 -1018.24
1 252 365 -3054.73
1 252 366 -7127.7
1 252 367 -7127.7
1 252 368 -2036.48
1 252 376 -1018.24
1 252 412 -1018.24
1 252 416 -1018.24
1 252 428 -1018.24
1 252 506 -1018.24
1 252 507 -1018.24
1 252 528 -1018.24
1 252 534 -1018.24
1 252 544 -1018.24
1 252 576 -1018.24
1 252 591 -2036.48
1 252 596 -2036.48
1 252 597 -2036.48
1 252 598 -1018.24
1 252 599 -2036.48
1 252 608 -2036.48
1 252 609 -1018.24
1 252 611 -1018.24
1 252 620 -1018.24
1 253 259 -1018.24
1 253 342 -1018.24
1 253 363 -1018.24
1 253 365 -2036.48
1 253 366 -6109.45
1 253 367 -4072.97
1 253 370 -1018.24
1 253 375 -2036.48
1 253 404 -1018.24
1 253 433 -2036.48
1 253 506 -1018.24
1 253 543 -1018.24
1 253 546 -1018.24
1 253 547 -1018.24
1 253 566 -1018.24
1 253 586 -2036.48
1 253 596 -1018.24
1 253 597 -4072.97
1 253 601 -1018.24
1 253 604 -1018.24
1 253 605 -1018.24
1 253 614 -3054.73
1 254 366 -2036.48
1 254 478 -1018.24
1 254 581 -1018.24
1 254 584 -1018.24
1 254 585 -6109.45
1 254 586 -5091.21
1 254 587 -3054.73
1 254 588 -3054.73
1 254 589 -4072.97
1 254 598 -1018.24
1 254 599 -1018.24
1 254 601 -2036.48
1 254 604 -2036.48
1 254 605 -1018.24
1 254 606 -1018.24
1 254 611 -1018.24
1 255 341 -1018.24
1 255 346 -1018.24
1 255 371 -1018.24
1 255 402 -1018.24
1 255 442 -1018.24
1 255 445 -1018.24
1 255 461 -1018.24
1 255 479 -1018.24
1 255 512 -1018.24
1 255 513 -1018.24
1 255 526 -1018.24
1 255 547 -1018.24
1 255 548 -1018.24
1 255 565 -1018.24
1 255 583 -3054.73
1 255 584 -4072.97
1 255 585 -4072.97
1 255 586 -4072.97
1 255 587 -2036.48
1 255 588 -1018.24
1 255 591 -1018.24
1 255 594 -1018.24
1 255 597 -1018.24
1 255 600 -2036.48
1 255 607 -1018.24
1 256 346 -1018.24
1 256 350 -1018.24
1 256 367 -1018.24
1 256 373 -1018.24
1 256 374 -1018.24
1 256 491 -1018.24
1 256 526 -1018.24
1 256 531 -3054.73
1 256 532 -1018.24
1 256 547 -1018.24
1 256 548 -2036.48
1 256 549 -1018.24
1 256 575 -1018.24
1 256 578 -2036.48
1 256 580 -1018.24
1 256 584 -3054.73
1 256 585 -2036.48
1 256 592 -2036.48
1 256 594 -7127.7
1 256 595 -4072.97
1 256 607 -4072.97
1 256 608 -2036.48
1 256 609 -1018.24
1 257 330 -1018.24
1 257 461 -1018.24
1 257 497 -1018.24
1 257 503 -1018.24
1 257 506 -1018.24
1 257 512 -1018.24
1 257 527 -3054.73
1 257 529 -1018.24
1 257 532 -1018.24
1 257 549 -1018.24
1 257 574 -1018.24
1 257 575 -3054.73
1 257 584 -3054.73
1 257 585 -3054.73
1 257 593 -2036.48
1 257 594 -8145.94
1 257 595 -4072.97
1 257 597 -2036.48
1 257 606 -7127.7
1 257 607 -1018.24
1 258 307 -1018.24
1 258 330 -1018.24
1 258 366 -1018.24
1 258 485 -2036.48
1 258 489 -2036.48
1 258 491 -1018.24
1 258 493 -1018.24
1 258 494 -1018.24
1 258 496 -1018.24
1 258 497 -1018.24
1 258 498 -3054.73
1 258 499 -2036.48
1 258 502 -1018.24
1 258 503 -1018.24
1 258 529 -2036.48
1 258 531 -1018.24
1 258 532 -1018.24
1 258 533 -2036.48
1 258 535 -1018.24
1 258 546 -1018.24
1 258 550 -1018.24
1 258 556 -2036.48
1 258 564 -1018.24
1 258 576 -1018.24
1 258 583 -1018.24
1 258 584 -3054.73
1 258 586 -3054.73
1 258 594 -3054.73
1 258 606 -5091.21
1 258 607 -1018.24
1 259 346 -1018.24
1 259 369 -2036.48
1 259 402 -1018.24
1 259 444 -1018.24
1 259 456 -1018.24
1 259 485 -1018.24
1 259 486 -1018.24
1 259 488 -1018.24
1 259 489 -1018.24
1 259 490 -2036.48
1 259 509 -2036.48
1 259 510 -1018.24
1 259 522 -1018.24
1 259 528 -1018.24
1 259 529 -1018.24
1 259 531 -1018.24
1 259 532 -1018.24
1 259 545 -1018.24
1 259 549 -1018.24
1 259 554 -2036.48
1 259 555 -2036.48
1 259 556 -3054.73
1 259 557 -3054.73
1 259 575 -4072.97
1 259 576 -1018.24
1 259 579 -1018.24
1 259 584 -1018.24
1 259 585 -4072.97
1 259 586 -2036.48
1 260 369 -2036.48
1 260 404 -2036.48
1 260 443 -1018.24
1 260 454 -1018.24
1 260 485 -1018.24
1 260 486 -2036.48
1 260 487 -1018.24
1 260 492 -1018.24
1 260 499 -1018.24
1 260 502 -2036.48
1 260 517 -1018.24
1 260 527 -1018.24
1 260 545 -3054.73
1 260 548 -1018.24
1 260 554 -1018.24
1 260 556 -1018.24
1 260 567 -1018.24
1 260 576 -1018.24
1 260 577 -1018.24
1 261 397 -1018.24
1 261 404 -1018.24
1 261 444 -1018.24
1 261 483 -1018.24
1 261 487 -1018.24
1 261 501 -1018.24
1 261 502 -1018.24
1 261 545 -1018.24
1 261 551 -1018.24
1 261 552 -1018.24
1 261 565 -1018.24
1 262 254 -1018.24
1 262 353 -2036.48
1 262 369 -1018.24
1 262 425 -1018.24
1 262 443 -1018.24
1 262 458 -1018.24
1 262 483 -2036.48
1 262 493 -1018.24
1 262 501 -1018.24
1 262 502 -1018.24
1 262 523 -1018.24
1 262 524 -1018.24
1 262 535 -1018.24
1 262 536 -1018.24
1 262 537 -1018.24
1 262 542 -1018.24
1 262 546 -1018.24
1 262 584 -1018.24
1 262 587 -1018.24
1 263 355 -1018.24
1 263 415 -1018.24
1 263 484 -1018.24
1 263 493 -1018.24
1 263 509 -1018.24
1 263 522 -1018.24
1 263 523 -2036.48
1 263 524 -2036.48
1 263 541 -2036.48
1 263 542 -1018.24
1 263 543 -1018.24
1 263 546 -2036.48
1 263 576 -1018.24
1 263 579 -1018.24
1 263 581 -4072.97
1 264 369 -1018.24
1 264 379 -1018.24
1 264 481 -1018.24
1 264 482 -1018.24
1 264 493 -1018.24
1 264 503 -1018.24
1 264 504 -1018.24
1 264 516 -1018.24
1 264 521 -3054.73
1 264 527 -1018.24
1 264 543 -4072.97
1 264 568 -1018.24
1 264 575 -1018.24
1 264 576 -2036.48
1 265 336 -1018.24
1 265 367 -2036.48
1 265 457 -1018.24
1 265 459 -1018.24
1 265 511 -1018.24
1 265 516 -1018.24
1 265 520 -1018.24
1 265 524 -1018.24
1 265 568 -2036.48
1 266 314 -1018.24
1 266 413 -1018.24
1 266 456 -1018.24
1 266 478 -1018.24
1 266 481 -1018.24
1 266 483 -1018.24
1 266 484 -1018.24
1 266 485 -1018.24
1 266 492 -1018.24
1 266 498 -1018.24
1 266 505 -1018.24
1 266 518 -1018.24
1 266 523 -1018.24
1 266 543 -1018.24
1 266 545 -1018.24
1 266 549 -1018.24
1 266 555 -1018.24
1 267 337 -1018.24
1 267 365 -1018.24
1 267 381 -1018.24
1 267 459 -1018.24
1 267 460 -2036.48
1 267 505 -1018.24
1 267 507 -1018.24
1 267 543 -1018.24
1 267 544 -2036.48
1 267 549 -1018.24
1 267 553 -3054.73
1 267 562 -1018.24
1 268 507 -2036.48
1 268 540 -1018.24
1 268 541 -1018.24
1 268 542 -2036.48
1 268 543 -4072.97
1 268 544 -2036.48
1 268 549 -1018.24
1 268 551 -1018.24
1 268 552 -1018.24
1 268 553 -1018.24
1 269 362 -1018.24
1 269 505 -2036.48
1 269 507 -1018.24
1 269 528 -1018.24
1 269 543 -1018.24
1 269 547 -2036.48
1 270 474 -1018.24
1 270 475 -2036.48
1 270 479 -1018.24
1 270 491 -1018.24
1 270 504 -1018.24
1 270 507 -1018.24
1 270 526 -1018.24
1 271 375 -1018.24
1 271 388 -1018.24
1 271 479 -1018.24
1 271 481 -1018.24
1 271 487 -1018.24
1 271 491 -1018.24
1 271 526 -1018.24
1 272 469 -1018.24
1 272 493 -1018.24
1 272 495 -2036.48
1 272 496 -1018.24
1 272 502 -1018.24
1 272 526 -3054.73
1 273 441 -1018.24
1 273 462 -1018.24
1 273 526 -1018.24
1 275 463 -1018.24
1 275 480 -1018.24
1 275 502 -1018.24
1 275 504 -1018.24
1 276 502 -1018.24
1 277 393 -1018.24
1 279 459 -1018.24
1 280 563 -1018.24
1 282 434 -1018.24
1 282 435 -1018.24
1 283 461 -1018.24
1 283 482 -1018.24
1 283 483 -1018.24
1 285 437 -1018.24
1 285 482 -1018.24
1 285 483 -1018.24
1 286 377 -1018.24
1 286 464 -1018.24
1 288 469 -1018.24
1 289 362 -1018.24
1 289 443 -1018.24
1 292 358 -1018.24
1 293 390 -3054.73
1 293 391 -1018.24
1 296 390 -1018.24
1 301 359 -1018.24
1 301 378 -1018.24
1 85 106 -1018.24
1 92 112 -2036.48
1 93 117 -1018.24
1 97 89 -1018.24
1 98 101 -1018.24
1 99 126 -1018.24
1 99 136 -1018.24
1 147 119 -17564.5
1 148 187 -66183.1
1 150 114 -56206.4
1 153 113 -49883.2
1 156 158 -12505.9
1 157 160 -15597.3
1 167 186 -82764.0
1 168 169 -130680.0
1 197 280 -76300.3
1 199 225 -74052.0
1 210 300 -12084.4
1 211 298 -61405.6
1 234 285 -132366.0
1 244 234 -78970.1
1 267 479 -3091.35
1 271 361 -18961.8
1 272 454 -52.02
1 285 433 -4215.48
1 291 453 -140809.0
1 299 360 -49321.2
1 131 118 -7025.81
1 132 183 -59016.8
1 137 123 -77845.9
1 140 173 -53396.1
1 141 124 -32318.7
1 142 121 -41733.3
1 152 130 -38220.4
1 155 192 -58876.3
1 157 190 -281.03
1 158 205 -72084.8
1 164 258 -99063.9
1 169 164 -50726.3
1 172 162 -35410.1
1 172 163 -47916.0
1 172 164 -3934.45
1 173 196 -983.61
1 175 213 -71803.7
1 195 280 -114802.0
1 202 295 -73911.5
1 203 296 -143889.0
1 214 174 -412415.0
1 226 358 -8379.45
1 247 335 -115083.0
1 256 333 -37236.8
1 262 350 -103279.0
1 265 349 -91476.0
1 267 346 -190961.0
1 269 347 -155973.0
1 271 470 -562.06
1 274 431 -2427500.0
1 280 367 -42857.4
1 285 357 -27260.1
1 289 374 -42154.8
1 292 370 -96394.1
1 293 370 -105809.0
1 293 378 -75878.7
1 299 335 -281032.0
1 143 152 -57330.6
1 143 154 -41171.2
1 144 130 -17845.6
1 148 113 -238034.0
1 149 118 -116628.0
1 151 143 -58173.7
1 152 177 -117612.0
1 152 183 -91335.5
1 153 185 -57892.6
1 153 212 -28384.3
1 154 128 -2950.84
1 155 180 -77986.5
1 155 187 -88384.6
1 162 171 -253351.0
1 164 159 -276114.0
1 167 163 -75597.7
1 174 182 -77564.9
1 175 178 -5901.68
1 176 128 -62108.1
1 188 287 -17283.5
1 189 206 -125200.0
1 201 279 -133069.0
1 221 294 -109743.0
1 221 361 -6744.77
1 222 252 -59438.3
1 222 266 -61686.6
1 224 273 -87120.0
1 225 248 -109743.0
1 226 361 -91335.5
1 228 373 -140.52
1 234 319 -142343.0
1 235 317 -208947.0
1 237 292 -41715.1
1 245 243 -132366.0
1 248 238 -59438.3
1 248 331 -45667.7
1 256 342 -35129.0
1 259 347 -38641.9
1 266 345 -98361.3
1 271 268 -247168.0
1 274 278 -42154.8
1 280 443 -843.1
1 289 355 -17845.6
1 295 392 -15737.8
1 296 391 -29648.9
1 296 393 -67307.2
1 297 378 -33161.8
1 140 166 -135598.0
1 141 116 -107916.0
1 141 165 -44122.1
1 142 185 -96253.5
1 143 114 -92178.6
1 143 184 -125762.0
1 144 151 -44122.1
1 144 186 -39204.0
1 145 114 -116066.0
1 146 150 -57049.6
1 146 180 -90211.4
1 147 148 -42295.4
1 147 171 -35129.0
1 149 124 -983.61
1 149 181 -101874.0
1 149 202 -26838.6
1 150 172 -85714.8
1 150 183 -99625.9
1 150 186 -90632.9
1 151 178 -145434.0
1 151 181 -126465.0
1 151 189 -52974.6
1 151 211 -42154.8
1 152 180 -85995.9
1 153 188 -87963.1
1 154 113 -9836.13
1 158 173 -140.52
1 164 124 -2810.32
1 165 167 -7025.81
1 168 164 -108338.0
1 168 166 -110867.0
1 171 125 -983.61
1 176 222 -24028.3
1 184 210 -148947.0
1 188 207 -101172.0
1 189 288 -17002.4
1 193 280 -115223.0
1 206 280 -73771.0
1 209 273 -52412.5
1 209 281 -39774.6
1 210 249 -71241.7
1 211 263 -94848.4
1 211 296 -50726.3
1 213 270 -57752.1
1 219 272 -36674.7
1 221 317 -105528.0
1 224 287 -75316.6
1 227 245 -19250.7
1 227 344 -56628.0
1 228 354 -69133.9
1 230 352 -206418.0
1 231 270 -68571.9
1 231 347 -26557.6
1 235 295 -82342.5
1 236 320 -198128.0
1 236 342 -55644.4
1 236 344 -74473.5
1 240 330 -64215.9
1 240 337 -53817.7
1 240 357 -32037.7
1 244 333 -6510.2
1 246 332 -56487.5
1 246 337 -13630.1
1 251 334 -85855.4
1 258 343 -65902.1
1 258 345 -29227.3
1 260 345 -53396.1
1 261 340 -22482.6
1 261 351 -24730.8
1 262 286 -14192.1
1 262 361 -9555.1
1 263 344 -34988.5
1 263 350 -63232.3
1 265 517 -1124.13
1 267 321 -46651.4
1 269 364 -15456.8
1 269 365 -3653.42
1 270 267 -67447.7
1 270 361 -58876.3
1 271 267 -32599.7
1 271 355 -31897.2
1 271 363 -76862.3
1 275 399 -5620.65
1 277 371 -5901.68
1 278 502 -9414.58
1 281 331 -8993.03
1 284 333 -16580.9
1 289 371 -40468.6
1 290 371 -31475.6
1 291 365 -23044.7
1 296 358 -29508.4
1 297 356 -26838.6
1 297 391 -55784.9
1 299 347 -31756.7
1 125 93 -6604.26
1 131 125 -193350.0
1 134 123 -74614.1
1 134 125 -14894.7
1 135 126 -71803.7
1 138 125 -86979.5
1 142 117 -140797.0
1 142 169 -14051.6
1 146 146 -53677.2
1 152 213 -18407.6
1 156 214 -29929.9
1 161 185 -139673.0
1 163 186 -80656.3
1 166 203 -23887.7
1 168 216 -236208.0
1 183 232 -179861.0
1 192 232 -168479.0
1 193 235 -151195.0
1 198 301 -1545.68
1 201 310 -843.1
1 211 195 -1967.23
1 215 261 -57892.6
1 221 339 -94707.9
1 222 324 -1686.19
1 223 263 -42435.9
1 226 354 -60421.9
1 230 358 -56206.4
1 232 274 -32740.3
1 232 347 -35410.1
1 233 341 -44403.1
1 248 344 -100047.0
1 263 345 -158362.0
1 263 570 -140.52
1 264 348 -11943.9
1 286 302 -14754.2
1 292 360 -17986.1
1 293 357 -53958.2
1 295 362 -14332.7
1 297 439 -496543.0
1 132 120 -203046.0
1 134 124 -142202.0
1 134 126 -65902.1
1 135 122 -68712.4
1 137 128 -76019.2
1 150 127 -24871.3
1 152 118 -49602.2
1 153 123 -89087.2
1 155 125 -126043.0
1 156 124 -99766.5
1 158 138 -35831.6
1 158 140 -44965.2
1 160 139 -33021.3
1 181 126 -65480.5
1 185 168 -232133.0
1 189 126 -54801.3
1 224 257 -11522.3
1 260 337 -4496.52
1 276 359 -21077.4
1 137 168 -37377.3
1 149 213 -91757.0
1 189 195 -91757.0
1 190 250 -8712.0
1 192 197 -113397.0
1 202 228 -12787.0
1 210 253 -121125.0
1 217 236 -38782.4
1 245 324 -1405.16
1 270 480 -281.03
1 144 124 -2669.81
1 186 159 -702.58
1 188 160 -6323.23
1 143 166 -9836.13
1 145 131 -3091.35
1 153 116 -38641.9
1 158 114 -28243.7
1 160 170 -11943.9
1 187 160 -20936.9
1 187 263 -281.03
1 188 197 -281.03
1 188 204 -42576.4
1 203 340 -871.2
1 206 169 -3512.9
1 208 226 -82061.4
1 211 266 -39585.1
1 213 276 -45236.7
1 214 274 -79038.0
1 220 278 -83110.8
1 223 372 -10679.2
1 232 398 -7868.9
1 233 375 -1405.16
1 239 385 -1585.2
1 239 406 -187.35
1 239 416 -1.14
1 241 238 -25433.4
1 244 244 -1405.16
1 245 408 -8993.03
1 246 320 -2388.77
1 248 454 -140.52
1 259 351 -4969.17
1 262 585 -12365.4
1 265 360 -14656.1
1 266 560 -2534.39
1 267 407 -281.03
1 269 360 -8210.58
1 272 360 -50445.3
1 273 367 -32318.7
1 274 327 -12646.5
1 274 432 -12365.4
1 275 465 -380.4
1 290 322 -46089.3
1 290 398 -393.04
1 292 458 -803137.0
1 294 354 -4426.88
1 295 337 -64637.4
1 297 377 -18407.6
1 147 116 -88244.1
1 147 183 -6323.23
1 156 122 -73349.4
1 157 186 -3231.87
1 205 310 -562.06
1 258 337 -140.52
1 268 484 -281.03
1 173 183 -75878.7
1 257 342 -16440.4
1 201 251 -109041.0
1 201 301 -4777.55
1 251 286 -3934.45
1 265 488 -983.61
1 294 356 -281.03
1 144 132 -140.52
1 267 385 -12927.5
1 260 388 -140.52
1 135 160 -2950.84
1 136 173 -7868.9
1 136 174 -7868.9
1 144 189 -3091.35
1 154 112 -94145.8
1 154 122 -28243.7
1 156 131 -1545.68
1 159 115 -44262.6
1 161 179 -86136.4
1 164 169 -23044.7
1 167 128 -421.55
1 167 247 -17705.0
1 183 124 -162156.0
1 183 205 -562.06
1 186 123 -92459.6
1 186 125 -15597.3
1 186 209 -127729.0
1 204 300 -42.06
1 215 269 -6323.23
1 218 239 -46324.1
1 225 242 -44824.6
1 226 375 -13252.9
1 235 420 -14332.7
1 238 302 -5339.61
1 242 355 -51.38
1 244 321 -27541.2
1 244 369 -46651.4
1 245 406 -702.58
1 247 591 -562.06
1 248 590 -843.1
1 248 593 -421.55
1 251 614 -810.91
1 255 333 -31897.2
1 256 443 -155.26
1 258 335 -33638.8
1 258 339 -1423.87
1 258 416 -71.27
1 259 414 -281.03
1 263 583 -474.62
1 266 470 -2558.1
1 267 354 -4496.52
1 267 554 -5058.58
1 269 482 -140.52
1 270 476 -983.61
1 273 477 -843.1
1 273 523 -81499.4
1 274 506 -5199.1
1 275 479 -24309.3
1 277 388 -149.72
1 277 389 -306.56
1 278 446 -7025.81
1 279 386 -394.47
1 280 458 -1695.81
1 291 374 -7587.87
1 291 403 -4074.97
1 293 458 -19110.2
1 297 388 -113.26
1 298 384 -169.25
1 298 391 -5058.58
1 297 359 -112413.0
1 201 295 -843.1
1 204 299 -1405.16
1 221 300 -1405.16
1 229 371 -8393.52
1 239 400 -140.52
1 140 116 -140.52
