1 62 1 3798.3
1 61 2 3770.7
1 60 3 3749.7
1 59 4 3733.5
1 58 5 3721.5
1 57 6 3713.4
1 56 7 3709.2
1 55 8 3709.0
1 54 9 3713.4
1 53 10 3722.5
1 52 11 3736.7
1 51 12 3755.5
1 49 13 3767.8
1 50 13 3777.1
1 48 14 3789.3
1 47 15 3784.5
1 46 16 3776.7
1 45 17 3766.9
1 45 18 3767.6
1 45 19 3768.3
1 44 20 3756.4
1 44 21 3756.2
1 44 22 3755.5
1 44 23 3754.2
1 44 24 3752.2
1 44 25 3749.4
1 44 26 3745.6
1 44 27 3740.7
1 44 28 3734.5
1 44 29 3727.0
1 44 30 3717.9
1 44 31 3707.0
1 44 32 3694.2
1 44 33 3679.1
1 44 34 3661.5
1 44 35 3641.1
1 44 36 3617.4
1 44 37 3589.8
1 44 38 3557.8
1 44 39 3520.3
1 44 40 3476.1
1 44 41 3422.8
1 43 42 3304.0
1 43 43 3265.0
1 43 44 3203.3
1 42 45 3052.1
1 42 46 2997.6
1 40 47 2765.7
1 41 47 2812.0
1 40 48 2729.6
1 40 49 2663.5
1 40 50 2567.6
1 35 78 4859.7
1 35 79 4888.1
1 34 80 4945.1
1 33 81 5025.5
1 32 82 5089.1
1 31 83 5102.5
1 30 84 5114.2
1 29 85 5123.1
1 28 86 5145.4
1 27 87 5164.2
1 26 88 5190.3
1 25 89 5217.8
1 25 90 5254.2
1 24 91 5241.3
1 24 92 5256.5
1 24 93 5293.6
1 24 94 5330.6
1 23 95 5345.7
1 23 96 5386.0
1 23 97 5422.3
1 22 98 5430.3
1 22 99 5471.4
1 22 100 5508.4
1 22 101 5545.7
1 21 102 5566.0
1 21 103 5611.1
1 20 104 5633.2
1 20 105 5675.7
1 19 106 5707.7
1 19 107 5752.1
1 18 108 5788.7
1 18 109 5828.5
1 17 110 5747.7
1 17 111 5758.8
1 17 112 5868.1
1 65 109 6030.5
1 66 109 6027.0
1 67 109 5976.4
1 68 109 5941.6
1 69 109 5951.1
1 62 110 5964.5
1 63 110 6002.2
1 64 110 6023.1
1 70 110 6040.0
1 60 111 5859.4
1 61 111 5880.9
1 71 111 6106.0
1 37 112 5647.1
1 38 112 5707.3
1 39 112 5768.9
1 40 112 5814.4
1 41 112 5851.4
1 42 112 5873.4
1 43 112 5884.6
1 44 112 5893.7
1 45 112 5900.9
1 46 112 5910.4
1 47 112 5919.3
1 48 112 5936.9
1 55 112 5739.6
1 56 112 5761.3
1 57 112 5778.4
1 58 112 5795.2
1 59 112 5810.1
1 72 112 6143.0
1 16 113 5956.8
1 33 113 5631.7
1 34 113 5615.1
1 35 113 5599.2
1 36 113 5578.7
1 49 113 5930.6
1 50 113 5908.4
1 51 113 5855.3
1 52 113 5800.7
1 53 113 5744.1
1 54 113 5707.4
1 73 113 6175.3
1 16 114 6015.9
1 29 114 5721.3
1 30 114 5696.1
1 31 114 5668.3
1 32 114 5633.3
1 74 114 6198.4
1 75 114 6202.5
1 16 115 6072.6
1 25 115 5833.0
1 26 115 5810.2
1 27 115 5781.0
1 28 115 5741.0
1 76 115 6234.3
1 16 116 6127.9
1 21 116 5975.7
1 22 116 5990.6
1 23 116 5903.4
1 24 116 5863.2
1 77 116 6249.5
1 78 116 6247.6
1 79 116 6260.2
1 16 117 6182.1
1 20 117 6023.7
1 80 117 6281.1
1 81 117 6279.2
1 82 117 6258.6
1 83 117 6231.1
1 84 117 6202.0
1 16 118 6219.5
1 17 118 6185.7
1 18 118 6138.6
1 19 118 6085.1
1 85 118 6131.5
1 85 119 6089.7
1 86 120 6072.5
1 86 121 6095.2
1 86 122 6120.0
1 86 123 6137.3
1 86 124 6149.7
1 86 125 6159.3
1 86 126 6166.4
1 86 127 6170.1
1 86 128 6170.7
1 86 129 6169.0
1 86 130 6166.3
1 86 131 6162.1
1 86 132 6155.2
1 86 133 6146.5
1 86 134 6134.7
1 86 135 6118.8
1 86 136 6099.7
1 85 137 6050.6
1 85 138 6037.7
1 84 139 6032.8
1 83 140 6073.8
1 82 141 6157.7
1 82 142 6174.0
1 81 143 6226.7
1 80 144 6287.2
1 79 145 6356.2
1 78 146 6419.8
1 77 147 6487.1
1 76 148 6559.0
1 75 149 6636.4
1 75 150 6700.7
1 75 151 6761.3
1 75 152 6821.9
1 75 153 6868.8
1 76 154 6862.0
1 77 154 6849.2
1 78 154 6839.0
1 79 155 6827.7
1 80 155 6815.1
1 81 156 6797.5
1 82 157 6771.0
1 82 158 6748.6
1 83 158 6734.5
1 84 159 6704.6
1 84 160 6676.8
1 84 161 6652.4
1 84 162 6628.5
1 85 163 6603.4
1 86 164 6574.0
1 87 165 6537.0
1 88 166 6502.2
1 89 167 6468.6
1 90 168 6387.2
1 90 169 6337.2
1 91 170 6269.8
1 92 171 6198.4
1 93 172 6167.7
1 94 173 6141.2
1 94 174 6138.8
1 95 175 6123.4
1 95 176 6109.0
1 95 177 6113.7
1 95 178 6120.7
1 95 179 6126.0
1 96 180 5954.7
1 97 181 5971.7
1 98 182 5989.2
1 99 183 6006.7
1 100 184 6022.5
1 101 185 6037.9
1 102 185 6046.3
1 103 185 6061.9
1 104 186 6096.3
1 105 186 6097.4
1 106 187 6100.6
1 107 188 6096.4
1 108 189 5914.1
1 108 190 5916.1
1 108 191 5917.1
1 108 192 5916.7
1 108 193 5912.5
1 107 194 5707.4
1 107 195 5703.4
1 107 196 5695.6
1 107 197 5685.3
1 107 198 5673.3
1 106 199 5634.9
1 106 200 5622.0
1 105 201 5576.1
1 105 202 5562.9
1 104 203 5522.4
1 104 204 5513.7
1 104 205 5498.7
1 104 206 5477.3
1 104 207 5444.2
1 98 208 5460.6
1 99 208 5470.7
1 100 208 5483.1
1 101 208 5496.0
1 102 208 5513.7
1 103 208 5542.4
1 97 209 5451.3
1 97 210 5450.1
1 97 211 5446.0
1 97 212 5440.7
1 96 213 5424.1
1 95 214 5416.7
1 95 215 5415.4
1 94 216 5408.0
1 94 217 5407.1
1 94 218 5406.4
1 95 219 5410.6
1 96 220 5414.1
1 97 221 5418.0
1 97 222 5416.9
1 98 223 5420.2
1 98 224 5418.8
1 99 225 5422.9
1 99 226 5421.0
1 100 227 5242.1
1 128 227 5398.5
1 129 227 5461.6
1 101 228 5248.0
1 107 228 5142.9
1 108 228 5167.8
1 109 228 5196.4
1 110 228 5228.4
1 111 228 5263.1
1 125 228 5283.4
1 126 228 5309.8
1 127 228 5318.0
1 130 228 5187.6
1 131 228 5194.1
1 132 228 5188.2
1 133 228 5189.3
1 134 228 5195.5
1 135 228 5209.9
1 136 228 5226.9
1 137 228 5240.2
1 138 228 5267.0
1 102 229 5252.8
1 106 229 5280.7
1 112 229 5117.3
1 118 229 5143.6
1 119 229 5162.0
1 120 229 5177.9
1 121 229 5192.0
1 122 229 5203.3
1 123 229 5212.7
1 124 229 5215.2
1 139 229 5340.3
1 103 230 5256.3
1 104 230 5258.9
1 105 230 5261.9
1 113 230 5133.9
1 114 230 5125.4
1 115 230 5121.1
1 116 230 5118.6
1 117 230 5110.7
1 140 230 5307.1
1 139 231 5374.7
1 137 232 5411.3
1 138 232 5410.6
1 136 233 5414.6
1 135 234 5407.4
1 133 235 5374.7
1 134 235 5388.0
1 132 236 5357.8
1 130 237 5314.5
1 131 237 5329.7
1 129 238 5303.3
1 128 239 5287.2
1 127 240 5267.3
1 127 241 5257.5
1 127 242 5244.6
1 128 243 5252.9
1 129 244 5251.2
1 129 245 5238.5
1 130 246 5234.7
1 131 246 5233.6
1 132 246 5236.5
1 133 246 5245.8
1 134 246 5263.2
1 135 246 5289.6
1 136 246 5316.8
1 137 246 5336.8
1 138 246 5358.8
1 139 247 5409.5
1 140 247 5434.0
1 141 247 5471.5
1 142 247 5514.8
1 143 248 5577.8
1 144 249 5671.3
1 144 250 5698.1
1 145 251 5749.9
1 145 252 5775.5
1 145 253 5795.8
1 146 254 5829.1
1 146 255 5826.5
1 146 256 5820.5
1 146 257 5812.6
1 146 258 5802.4
1 146 259 5790.6
1 146 260 5777.2
1 146 261 5764.9
1 146 262 5751.7
1 146 263 5738.5
1 146 264 5728.4
1 146 265 0.0
1 147 266 5482.8
1 147 267 5453.7
1 147 268 5428.8
1 147 269 5389.1
1 147 270 5356.1
1 148 271 5306.0
1 148 272 5279.2
1 148 273 5252.1
1 148 274 5230.3
1 149 274 5215.4
1 149 275 5175.8
1 149 276 5143.6
1 149 277 5091.0
1 149 278 5036.4
1 150 279 5132.7
1 150 280 5087.7
1 150 281 5046.5
1 150 282 5016.2
1 151 283 4932.5
1 151 284 4888.7
1 151 285 4855.4
1 152 286 4761.4
1 152 287 4706.8
1 152 288 4662.5
1 152 289 4628.0
1 153 290 4722.8
1 153 291 4696.3
1 153 292 4704.2
1 154 293 4715.0
1 154 294 4726.6
1 154 295 4736.1
1 154 296 4742.2
1 155 297 4760.1
1 155 298 4763.9
1 156 299 4586.8
1 157 299 4593.1
1 158 299 4602.6
1 159 299 4615.1
1 160 299 4631.1
1 161 299 4650.5
1 162 300 4681.7
1 162 301 4684.5
1 162 302 4683.6
1 162 303 4681.0
1 162 304 4678.3
1 163 305 4857.4
1 163 306 4848.4
1 163 307 4838.6
1 163 308 4829.3
1 163 309 4823.2
1 164 310 5039.4
1 165 311 5081.0
1 166 312 5152.7
1 167 313 5211.3
1 168 314 5244.2
1 168 315 5076.7
1 168 316 5081.0
1 169 316 5088.5
1 169 317 5094.3
1 170 317 5104.1
1 171 318 5105.2
1 171 319 5081.8
1 172 320 5033.9
1 172 321 4986.4
1 172 322 4938.1
1 172 323 4887.1
1 172 324 4847.4
1 173 325 4845.9
1 173 326 4849.5
1 173 327 4851.3
1 174 328 4860.7
1 174 329 4862.3
1 174 330 4863.3
1 175 331 4867.8
1 176 331 4871.8
1 177 331 4877.7
1 178 332 4887.1
1 179 333 4889.7
1 179 334 4886.6
1 179 335 4883.5
1 180 336 4881.0
1 181 337 4872.5
1 181 338 4867.8
1 187 338 4741.0
1 188 338 4762.1
1 189 338 4779.7
1 190 338 4793.4
1 182 339 4858.5
1 186 339 4873.5
1 191 339 4797.0
1 192 339 5216.0
1 182 340 4852.5
1 186 340 4857.8
1 193 340 5215.3
1 182 341 4848.9
1 186 341 4847.8
1 194 341 5215.2
1 195 341 5216.8
1 183 342 4845.3
1 184 342 4845.1
1 185 342 4844.6
1 186 342 4843.5
1 196 342 5216.5
1 196 343 5214.4
1 197 344 5213.3
1 198 345 5210.9
1 199 346 5208.8
1 200 346 5210.4
1 201 346 5212.6
1 202 346 5214.7
1 203 346 5215.5
1 204 346 4261.14
1 205 347 5199.5
1 206 347 5193.3
1 207 348 5398.8
1 207 349 5496.1
1 207 350 5637.0
1 206 351 5696.9
1 205 352 5701.7
1 205 353 5706.2
1 205 354 5711.2
1 206 355 5734.1
1 206 356 5742.3
1 207 357 5767.0
1 208 357 5784.2
1 209 358 5465.4
1 210 359 5522.7
1 211 359 5550.7
1 212 360 5470.5
1 212 361 5507.7
1 208 362 5529.9
1 209 362 5534.6
1 210 362 5541.7
1 211 362 5547.4
1 207 363 5526.1
1 206 364 5520.7
1 206 365 5522.0
1 206 366 5522.2
1 206 367 5521.4
1 206 368 5520.4
1 206 369 5519.2
1 207 369 5525.6
1 208 369 5542.1
1 209 369 5563.8
1 210 369 5588.2
1 211 369 5618.5
1 212 369 5654.9
1 213 369 5699.1
1 214 370 5595.6
1 215 370 5629.4
1 216 372 5626.7
1 214 373 5263.1
1 215 373 5351.3
1 214 374 5220.0
1 213 375 5270.2
1 212 376 5247.8
1 211 377 5194.7
1 211 378 5183.6
1 211 379 5178.1
1 211 380 5180.2
1 211 381 5189.3
1 211 382 5243.7
1 211 383 5293.5
1 212 384 45000.0
1 212 385 45000.0
1 212 386 45000.0
1 212 387 45000.0
1 212 388 45000.0
1 212 389 45000.0
1 212 390 45000.0
1 212 391 45000.0
1 212 392 45000.0
1 212 393 45000.0
1 213 394 45000.0
1 213 395 45000.0
1 213 396 45000.0
1 213 397 45000.0
1 213 398 45000.0
1 213 399 45000.0
1 213 400 45000.0
1 213 401 45000.0
1 213 402 45000.0
1 214 403 45000.0
1 214 404 45000.0
1 214 405 45000.0
1 214 406 45000.0
1 214 407 45000.0
1 214 409 45000.0
1 214 410 45000.0
1 214 411 45000.0
1 214 412 45000.0
1 214 413 45000.0
1 214 414 45000.0
1 214 415 45000.0
1 215 416 45000.0
1 215 417 45000.0
1 227 417 45000.0
1 228 417 45000.0
1 229 417 45000.0
1 216 418 45000.0
1 226 418 45000.0
1 230 418 45000.0
1 217 419 45000.0
1 218 419 45000.0
1 219 419 45000.0
1 220 419 45000.0
1 221 419 45000.0
1 222 419 45000.0
1 223 419 45000.0
1 224 419 45000.0
1 225 419 45000.0
1 229 419 45000.0
1 229 420 45000.0
1 226 421 45000.0
1 227 421 45000.0
1 228 421 45000.0
1 224 422 45000.0
1 225 422 45000.0
1 224 423 45000.0
1 224 424 45000.0
1 225 424 45000.0
1 226 424 45000.0
1 227 424 45000.0
1 228 424 45000.0
1 229 425 45000.0
1 229 426 45000.0
1 229 427 45000.0
1 229 428 45000.0
1 229 429 45000.0
1 228 430 45000.0
1 228 431 45000.0
1 228 432 45000.0
1 228 433 45000.0
1 228 434 45000.0
1 228 435 45000.0
1 229 435 45000.0
1 230 436 45000.0
1 230 437 45000.0
1 230 438 45000.0
1 230 439 45000.0
1 230 440 45000.0
1 230 441 45000.0
1 230 442 45000.0
1 230 443 45000.0
1 230 444 45000.0
1 230 445 45000.0
1 230 446 45000.0
1 230 447 45000.0
1 230 448 45000.0
1 230 449 45000.0
1 230 450 45000.0
1 230 451 45000.0
1 230 452 45000.0
1 230 453 45000.0
1 230 454 45000.0
1 230 455 45000.0
1 230 456 45000.0
1 231 457 45000.0
1 231 458 45000.0
1 231 459 45000.0
1 231 460 45000.0
1 232 461 45000.0
1 232 462 45000.0
1 232 463 45000.0
1 232 464 45000.0
1 233 464 45000.0
1 234 464 45000.0
1 235 464 45000.0
1 236 464 45000.0
1 237 464 45000.0
1 238 464 45000.0
1 239 465 45000.0
1 239 466 45000.0
1 239 467 5337.1
1 238 468 5337.1
1 238 469 5337.1
1 238 470 5337.1
1 239 471 5337.1
1 240 471 5337.1
1 241 472 5337.1
1 242 472 5337.1
1 243 472 5337.1
1 244 473 5337.1
1 245 474 5337.1
1 246 475 5337.1
1 246 476 5337.1
1 246 477 5337.1
1 246 478 5337.1
1 246 479 5337.1
1 246 480 5337.1
1 245 481 5337.1
1 245 482 5337.1
1 244 483 5337.1
1 243 484 5337.1
1 243 485 5337.1
1 243 486 5337.1
1 243 487 5337.1
1 243 488 5337.1
1 243 489 5337.1
1 242 490 5337.1
1 242 491 5337.1
1 241 492 5337.1
1 241 493 5337.1
1 240 494 5337.1
1 239 495 5337.1
1 238 496 5337.1
1 235 497 5337.1
1 236 497 5337.1
1 237 497 5337.1
1 233 498 5337.1
1 234 498 5337.1
1 233 499 5337.1
1 232 500 5337.1
1 231 501 5337.1
1 231 502 5337.1
1 231 503 5337.1
1 231 504 5337.1
1 231 505 5337.1
1 231 506 5337.1
1 231 507 5337.1
1 231 508 5337.1
1 231 509 5337.1
1 231 510 5337.1
1 231 511 5337.1
1 231 512 5337.1
1 231 513 5337.1
1 231 514 5337.1
1 231 515 5337.1
1 232 516 5337.1
1 232 517 5337.1
1 232 518 5337.1
1 233 519 5337.1
1 233 520 5337.1
1 233 521 5337.1
1 234 522 5337.1
1 234 523 5337.1
1 235 524 5337.1
1 235 525 5337.1
1 236 525 5337.1
1 237 525 5337.1
1 238 525 5337.1
1 239 526 5337.1
1 239 527 5337.1
1 240 528 5437.9
1 240 529 5453.1
1 241 530 5519.7
1 241 531 5549.7
1 241 532 5566.6
1 241 533 5578.1
1 241 534 5586.4
1 242 535 5064.8
1 242 536 5076.1
1 243 536 5094.1
1 244 536 5126.6
1 245 536 5155.2
1 246 537 5210.6
1 246 538 5227.7
1 247 539 5267.6
1 248 540 5303.1
1 249 540 5315.2
1 250 540 5331.6
1 251 541 5365.2
1 250 544 5398.8
1 251 544 5401.1
1 245 545 5344.2
1 246 545 5355.4
1 247 545 5374.0
1 248 545 5387.7
1 249 545 5393.2
1 243 546 5317.7
1 244 546 5321.7
1 243 547 5318.4
1 242 548 5314.5
1 242 549 5314.8
1 241 550 5308.6
1 241 551 5306.9
1 240 552 5296.5
1 239 553 5285.5
1 238 554 0.0
1 237 555 5249.9
1 236 556 5248.8
1 236 557 5248.8
1 232 558 5189.1
1 233 558 5186.1
1 234 558 5193.8
1 235 558 5197.3
1 232 559 5201.2
1 231 560 5201.4
1 231 561 5209.8
1 231 562 5216.5
1 231 563 5221.6
1 231 564 5222.9
1 230 565 5389.7
1 230 566 5382.9
1 230 567 5372.0
1 230 568 5359.6
1 215 371 5678.1
1 39 51 6043.2
1 39 52 5967.8
1 38 53 5714.5
1 38 54 5641.8
1 37 55 5375.6
1 36 56 5152.8
1 35 57 4950.0
1 35 58 4889.0
1 35 59 4787.7
1 35 60 8397.7
1 35 61 8262.3
1 35 62 8125.5
1 35 63 7985.2
1 35 64 7841.2
1 35 65 7693.4
1 35 66 7542.6
1 35 67 7395.4
1 35 68 7276.3
1 36 69 10770.0
1 36 70 10502.6
1 36 71 10250.3
1 36 72 10007.1
1 36 73 9772.1
1 36 74 9559.1
1 36 75 9377.7
1 36 76 9287.9
1 36 77 9255.2
1 230 569 5347.0
1 230 570 5333.5
1 230 571 5317.4
1 230 572 5306.0
1 230 573 5316.9
1 230 574 5332.4
1 230 575 5342.6
1 230 576 5344.7
1 230 577 5179.6
1 230 578 5212.8
1 230 579 5245.9
1 230 580 5275.3
1 230 581 5278.4
1 230 582 5283.8
1 230 583 5286.3
1 230 584 5285.4
1 230 585 5282.0
1 230 586 5277.4
1 230 587 5271.3
1 230 588 5267.4
1 229 589 5251.5
1 229 590 5242.2
1 228 591 5219.5
1 228 592 5203.8
1 228 593 5186.5
1 228 594 5164.3
1 227 595 5120.1
1 227 596 5096.9
1 227 597 5068.8
1 227 598 5035.6
1 227 599 4786.4
1 226 600 4700.2
1 226 601 4698.2
1 226 602 4696.9
1 226 603 4697.6
1 225 604 4268.5
1 224 605 4268.5
1 223 606 4290.4
1 222 607 4310.8
1 223 605 4275.0
1 114 114 -75649.2
1 117 120 -2502.56
1 121 111 -205313.0
1 121 113 -91766.4
1 124 115 -51110.4
1 125 116 -60403.2
1 126 120 -99026.4
1 129 121 -59532.0
1 130 122 -13973.4
1 133 112 -120080.0
1 135 194 -1776.56
1 138 201 -27297.6
1 139 168 -11470.8
1 140 168 -28023.6
1 141 191 -59532.0
1 143 126 -36300.0
1 143 172 -21054.0
1 143 190 -68679.6
1 144 166 -93508.8
1 144 172 -59822.4
1 144 182 -181500.0
1 144 190 -18440.4
1 145 161 -152460.0
1 146 117 -72745.2
1 146 188 -58515.6
1 146 190 -2178.0
1 147 132 -11325.6
1 147 145 -905.3610000000001
1 148 167 -219252.0
1 148 176 -68713.8
1 148 196 -61129.2
1 149 145 -137795.0
1 149 146 -95832.0
1 150 128 -145.2
1 150 198 -27152.4
1 151 142 -502537.0
1 151 195 -51691.2
1 152 123 -87120.0
1 152 125 -43739.4
1 152 132 -905.3610000000001
1 153 142 -177289.0
1 153 192 -111223.0
1 154 125 -1452.0
1 154 171 -14554.2
1 154 249 -76956.0
1 155 112 -77536.8
1 155 129 -29185.2
1 155 141 -191083.0
1 156 129 -237112.0
1 156 146 -107158.0
1 157 116 -8421.6
1 157 135 -20541.5
1 157 140 -361258.0
1 157 251 -157252.0
1 158 133 -47224.2
1 158 137 -57934.8
1 158 181 -198343.0
1 159 119 -53143.2
1 159 173 -66646.8
1 160 119 -9873.6
1 161 125 -12196.8
1 161 129 -2178.0
1 161 131 -871.2
1 161 188 -91621.2
1 162 119 -10018.8
1 162 121 -76956.0
1 162 128 -362710.0
1 162 132 -61855.2
1 162 140 -1306.8
1 162 167 -2613.6
1 162 169 -16407.6
1 163 137 -4646.4
1 163 138 -7729.76
1 164 135 -56482.8
1 164 187 -131696.0
1 165 130 -103382.0
1 165 131 -2758.8
1 166 126 -10890.0
1 167 259 -4791.6
1 168 123 -3775.2
1 168 208 -88862.4
1 169 127 -145.2
1 169 163 -114418.0
1 170 131 -39930.0
1 170 132 -4936.8
1 170 163 -115289.0
1 171 130 -33396.0
1 171 131 -55321.2
1 171 132 -65049.6
1 172 130 -31508.4
1 172 218 -74632.8
1 174 135 -16698.0
1 175 134 -184840.0
1 175 204 -9583.2
1 176 176 -28749.6
1 176 202 -52707.6
1 177 133 -121678.0
1 177 211 -26862.0
1 178 261 -175402.0
1 179 181 -447071.0
1 179 183 -38187.6
1 179 210 -36154.8
1 180 208 -33105.6
1 183 184 -127776.0
1 184 246 -6679.2
1 187 200 -7114.8
1 187 281 -29040.0
1 188 198 -94815.6
1 188 209 -47916.0
1 188 240 -164221.0
1 188 258 -146652.0
1 189 282 -21780.0
1 190 281 -166399.0
1 191 191 -102947.0
1 191 281 -210395.0
1 193 256 -19311.6
1 193 260 -38495.6
1 197 252 -7695.6
1 198 297 -74052.0
1 198 298 -944.941
1 199 211 -113546.0
1 199 231 -86974.8
1 199 298 -905.3610000000001
1 200 298 -905.3610000000001
1 201 234 -24393.6
1 203 275 -225060.0
1 203 280 -19311.6
1 204 248 -24873.5
1 205 300 -957.5110000000001
1 206 286 -10164.0
1 206 300 -1810.72
1 210 264 -14955.6
1 211 255 -121387.0
1 212 258 -178160.0
1 213 264 -290.4
1 213 300 -80876.4
1 214 240 -119354.0
1 215 260 -28894.8
1 216 238 -113256.0
1 216 267 -114563.0
1 217 264 -119790.0
1 217 365 -1887.6
1 218 179 -120952.0
1 219 310 -30201.6
1 221 223 -12051.6
1 221 246 -10890.0
1 221 284 -7076.01
1 222 352 -32748.3
1 222 358 -24248.4
1 222 369 -5227.2
1 223 271 -47916.0
1 224 301 -68098.8
1 224 374 -14810.4
1 226 311 -17859.6
1 226 331 -42390.2
1 226 350 -393.49
1 226 365 -3446.29
1 226 382 -12013.8
1 227 270 -580.8
1 228 225 -130244.0
1 230 255 -50094.0
1 230 361 -116160.0
1 231 401 -905.3610000000001
1 232 256 -16407.6
1 232 364 -160.0
1 232 370 -3201.65
1 233 337 -905.3610000000001
1 233 376 -3349.76
1 233 394 -1810.72
1 233 399 -111368.0
1 234 304 -6193.49
1 234 393 -943.3810000000001
1 235 400 -2178.0
1 235 605 -3159.32
1 235 609 -6225.07
1 236 263 -39349.2
1 236 351 -76084.8
1 236 609 -713.06
1 237 237 -24248.4
1 237 316 -43459.6
1 237 357 -6085.33
1 237 389 -905.3610000000001
1 238 221 -4791.6
1 238 398 -43.25
1 238 605 -4756.91
1 238 609 -1810.72
1 239 250 -33250.8
1 239 338 -58080.0
1 239 426 -1452.0
1 239 605 -4526.81
1 239 606 -2716.08
1 239 619 -905.3610000000001
1 240 380 -905.3610000000001
1 240 426 -218490.0
1 240 608 -3621.45
1 241 335 -55902.0
1 241 342 -36300.0
1 241 358 -5372.4
1 241 604 -905.3610000000001
1 242 311 -10075.1
1 243 357 -37026.0
1 243 371 -26104.8
1 243 389 -2904.0
1 243 422 -145.2
1 243 431 -352.03
1 243 605 -5398.01
1 244 431 -191.61
1 244 605 -5432.17
1 244 621 -5239.05
1 245 238 -93654.0
1 245 322 -65630.4
1 245 337 -905.3610000000001
1 245 370 -4451.83
1 245 621 -905.3610000000001
1 246 321 -6840.26
1 246 618 -2716.08
1 247 344 -914.2610000000001
1 247 383 -25534.9
1 247 384 -2942690.0
1 248 251 -41280.6
1 248 424 -7695.6
1 248 442 -2323.2
1 248 444 -22812.2
1 248 589 -3049.2
1 249 373 -926.701
1 249 389 -6098.4
1 249 424 -905.3610000000001
1 249 430 -46311.5
1 249 436 -9437.79
1 249 443 -3406.28
1 249 606 -4526.81
1 250 239 -38042.4
1 250 326 -5857.44
1 250 424 -905.3610000000001
1 250 425 -425146.0
1 250 431 -76407.5
1 250 595 -7072.08
1 251 300 -177144.0
1 251 356 -53204.2
1 251 408 -1024.89
1 251 456 -905.3610000000001
1 251 457 -53.14
1 251 594 -905.3610000000001
1 251 595 -940.691
1 251 596 -1810.72
1 252 230 -51255.6
1 252 285 -54304.8
1 252 329 -53828.8
1 252 450 -435.6
1 252 595 -905.3610000000001
1 252 606 -905.3610000000001
1 253 298 -22506.0
1 253 331 -27493.7
1 253 332 -39204.0
1 253 416 -145.2
1 253 420 -17302.4
1 253 445 -30216.1
1 254 338 -131116.0
1 254 367 -2032.8
1 254 407 -176574.0
1 254 597 -905.3610000000001
1 254 607 -12521.4
1 255 381 -34702.8
1 255 383 -73906.8
1 255 395 -2613.6
1 255 420 -11906.4
1 255 439 -28604.4
1 255 443 -124140.0
1 255 595 -905.3610000000001
1 255 596 -905.3610000000001
1 255 606 -12957.0
1 255 609 -1810.72
1 255 610 -4861.73
1 256 314 -9099.2
1 256 335 -49948.8
1 256 341 -435.6
1 256 370 -7499.49
1 256 413 -4501.2
1 256 586 -67809.2
1 256 593 -3621.45
1 257 238 -3049.2
1 257 324 -8428.12
1 257 413 -871.2
1 257 576 -7328.32
1 257 599 -86524.7
1 257 600 -82473.6
1 258 325 -5097.25
1 258 336 -3696.72
1 258 418 -333839.0
1 258 420 -55257.9
1 258 442 -1101740.0
1 258 464 -7260.0
1 258 585 -5432.17
1 258 595 -1810.72
1 258 601 -29620.8
1 258 602 -65688.5
1 259 340 -240485.0
1 259 371 -10360.3
1 259 405 -2294.85
1 259 588 -45571.8
1 259 592 -23238.5
1 259 593 -1162.74
1 260 342 -92347.2
1 260 349 -1306.8
1 260 407 -2010100.0
1 260 413 -130461.0
1 260 424 -1009.16
1 260 461 -2468.4
1 260 463 -91621.2
1 260 464 -31072.8
1 260 585 -26693.2
1 260 586 -49516.5
1 261 337 -7114.8
1 261 355 -89298.0
1 261 381 -303446.0
1 261 395 -137310.0
1 261 416 -80440.8
1 261 418 -905.3610000000001
1 261 429 -55345.9
1 261 464 -19892.4
1 261 492 -905.3610000000001
1 261 571 -11616.0
1 261 576 -21132.8
1 262 345 -84506.4
1 262 540 -338.37
1 262 564 -33845.1
1 262 567 -2098.79
1 262 568 -23958.0
1 262 570 -185420.0
1 262 571 -6098.4
1 263 340 -36300.0
1 263 434 -1.73
1 263 471 -33541.2
1 263 520 -1818.35
1 263 574 -5227.2
1 263 582 -22333.2
1 264 265 -102802.0
1 264 344 -30637.2
1 264 345 -69986.4
1 264 355 -726.0
1 264 367 -905.3610000000001
1 264 383 -60703.8
1 264 407 -3194.4
1 264 428 -203569.0
1 264 468 -58.08
1 264 476 -145.2
1 264 477 -74632.8
1 264 523 -3732.48
1 264 524 -1161.6
1 264 549 -7336.35
1 265 363 -11616.0
1 265 364 -29330.1
1 265 374 -103384.0
1 265 380 -48.62
1 265 422 -240884.0
1 265 523 -5877.84
1 266 337 -1631.36
1 266 340 -25990.8
1 266 462 -290.4
1 267 391 -27007.2
1 267 396 -145.2
1 267 463 -4356.0
1 267 555 -905.3610000000001
1 267 556 -905.3610000000001
1 268 333 -128066.0
1 268 334 -10744.8
1 268 436 -4199950.0
1 268 455 -17.53
1 268 479 -726.0
1 268 480 -726.0
1 268 489 -22280.9
1 269 363 -905.3610000000001
1 269 397 -69550.8
1 269 450 -5372.4
1 269 456 -26803.9
1 269 541 -1921.76
1 270 337 -2904.0
1 270 352 -94815.6
1 270 412 -110183.0
1 270 417 -496077.0
1 270 429 -3775.2
1 270 481 -905.3610000000001
1 270 483 -2560.96
1 270 484 -1050.56
1 270 486 -45077.1
1 270 498 -112675.0
1 270 539 -290.4
1 271 319 -86308.7
1 271 335 -2323.2
1 271 371 -1306.8
1 271 415 -75634.2
1 271 451 -580.8
1 271 485 -399.85
1 271 493 -168021.0
1 271 498 -21054.0
1 271 537 -174961.0
1 272 337 -24329.9
1 272 366 -580.8
1 272 368 -243505.0
1 272 388 -1479240.0
1 272 450 -7550.4
1 272 451 -26716.8
1 272 453 -435.6
1 272 462 -2404480.0
1 272 490 -1161.6
1 272 491 -30.81
1 272 497 -71137.4
1 272 498 -52707.6
1 272 530 -311406.0
1 272 532 -274139.0
1 272 535 -367.36
1 273 363 -1597.2
1 273 392 -815.81
1 273 410 -2613.6
1 273 480 -9438.0
1 273 510 -2792.96
1 273 516 -21483.6
1 273 517 -295247.0
1 273 518 -541.01
1 274 409 -3049.2
1 274 520 -44431.2
1 275 367 -191809.0
1 275 441 -80741.6
1 275 506 -3049.2
1 276 366 -78117.6
1 276 392 -580.8
1 276 446 -5808.0
1 276 474 -29792.9
1 277 294 -84423.8
1 277 390 -8712.0
1 277 407 -916014.0
1 277 431 -48780.1
1 277 468 -145.2
1 277 472 -129285.0
1 277 480 -50223.8
1 277 482 -290.4
1 278 365 -50674.8
1 278 435 -677.32
1 278 482 -6969.6
1 279 310 -38359.5
1 279 336 -130535.0
1 279 433 -236419.0
1 279 438 -526868.0
1 279 475 -111984.0
1 279 485 -24829.2
1 280 365 -53288.4
1 280 433 -1158.57
1 280 442 -17859.6
1 280 469 -27685.3
1 280 471 -60027.1
1 281 458 -1148060.0
1 282 409 -8857.2
1 282 424 -6534.0
1 282 430 -580.8
1 282 436 -28924.1
1 282 454 -7802.5
1 283 354 -18150.0
1 283 429 -312325.0
1 283 449 -73302.6
1 283 452 -156103.0
1 283 455 -18550.4
1 283 468 -70892.5
1 284 339 -3078.89
1 284 457 -8857.2
1 284 463 -177898.0
1 285 336 -9606.8
1 285 374 -10018.8
1 285 467 -169030.0
1 285 475 -110550.0
1 286 330 -105211.0
1 286 425 -17001.1
1 286 475 -48789.0
1 286 477 -83644.0
1 287 329 -619.4
1 287 426 -905.3610000000001
1 287 477 -47051.2
1 288 419 -12196.8
1 288 423 -1751.44
1 288 426 -905.3610000000001
1 289 351 -60403.2
1 289 404 -196946.0
1 289 459 -283207.0
1 289 468 -57429.2
1 290 382 -29947.2
1 290 402 -24203.4
1 290 411 -4501.2
1 290 412 -21925.2
1 290 413 -1887.6
1 291 350 -871.2
1 291 355 -2436.29
1 291 373 -1597.2
1 292 361 -63162.0
1 292 365 -28894.8
1 292 416 -1597.2
1 292 469 -40737.0
1 294 435 -31363.2
1 294 447 -65303.0
1 294 458 -21180.2
1 295 391 -32524.8
1 295 430 -1990560.0
1 296 388 -2473.16
1 296 398 -272000.0
1 296 433 -61129.2
1 297 381 -21489.6
1 297 383 -726.0
1 297 395 -173865.0
1 297 401 -200267.0
1 297 402 -11202.2
1 297 413 -1190240.0
1 297 415 -155654.0
1 297 442 -65816.6
1 299 354 -7840.8
1 299 355 -3299.23
1 299 387 -122.82
1 102 110 -905.3610000000001
1 102 113 -905.3610000000001
1 103 100 -905.3610000000001
1 103 104 -905.3610000000001
1 104 115 -905.3610000000001
1 105 115 -905.3610000000001
1 105 139 -905.3610000000001
1 108 117 -905.3610000000001
1 109 112 -905.3610000000001
1 111 155 -905.3610000000001
1 111 208 -905.3610000000001
1 112 181 -905.3610000000001
1 113 111 -905.3610000000001
1 113 159 -905.3610000000001
1 113 211 -905.3610000000001
1 114 173 -905.3610000000001
1 114 212 -1810.72
1 115 212 -1810.72
1 116 121 -905.3610000000001
1 116 150 -905.3610000000001
1 116 166 -905.3610000000001
1 117 119 -905.3610000000001
1 117 168 -905.3610000000001
1 117 210 -905.3610000000001
1 119 194 -905.3610000000001
1 119 202 -905.3610000000001
1 119 96 -905.3610000000001
1 120 155 -905.3610000000001
1 120 94 -905.3610000000001
1 121 187 -905.3610000000001
1 123 110 -905.3610000000001
1 123 111 -905.3610000000001
1 123 158 -905.3610000000001
1 123 168 -905.3610000000001
1 123 193 -905.3610000000001
1 123 202 -1810.72
1 125 150 -905.3610000000001
1 125 151 -905.3610000000001
1 125 193 -905.3610000000001
1 125 194 -905.3610000000001
1 126 121 -905.3610000000001
1 126 191 -905.3610000000001
1 126 195 -905.3610000000001
1 127 150 -905.3610000000001
1 127 160 -905.3610000000001
1 127 169 -905.3610000000001
1 127 195 -905.3610000000001
1 127 199 -1810.72
1 128 122 -905.3610000000001
1 128 148 -905.3610000000001
1 128 149 -905.3610000000001
1 128 152 -905.3610000000001
1 128 153 -905.3610000000001
1 128 154 -905.3610000000001
1 128 157 -905.3610000000001
1 128 199 -905.3610000000001
1 129 117 -905.3610000000001
1 129 119 -905.3610000000001
1 129 122 -905.3610000000001
1 129 146 -905.3610000000001
1 129 154 -1810.72
1 129 162 -905.3610000000001
1 129 176 -905.3610000000001
1 130 120 -905.3610000000001
1 130 154 -905.3610000000001
1 130 155 -905.3610000000001
1 130 156 -2716.08
1 130 194 -905.3610000000001
1 131 112 -905.3610000000001
1 131 121 -905.3610000000001
1 131 122 -905.3610000000001
1 131 150 -905.3610000000001
1 131 156 -905.3610000000001
1 131 157 -905.3610000000001
1 131 158 -905.3610000000001
1 131 161 -1810.72
1 131 198 -905.3610000000001
1 132 112 -905.3610000000001
1 132 155 -905.3610000000001
1 132 156 -905.3610000000001
1 132 160 -905.3610000000001
1 132 161 -1810.72
1 133 155 -905.3610000000001
1 133 159 -905.3610000000001
1 133 160 -1810.72
1 133 192 -1810.72
1 133 193 -905.3610000000001
1 134 148 -905.3610000000001
1 134 150 -905.3610000000001
1 134 151 -905.3610000000001
1 134 156 -905.3610000000001
1 134 191 -905.3610000000001
1 134 193 -3621.45
1 135 148 -4526.81
1 135 149 -1810.72
1 135 156 -905.3610000000001
1 135 157 -905.3610000000001
1 135 193 -2716.08
1 136 147 -905.3610000000001
1 136 148 -905.3610000000001
1 136 149 -905.3610000000001
1 136 150 -1810.72
1 136 153 -905.3610000000001
1 136 155 -905.3610000000001
1 137 148 -905.3610000000001
1 137 150 -905.3610000000001
1 137 153 -1810.72
1 137 154 -905.3610000000001
1 137 157 -2716.08
1 137 175 -905.3610000000001
1 137 206 -905.3610000000001
1 138 151 -905.3610000000001
1 138 152 -905.3610000000001
1 138 153 -2716.08
1 138 168 -905.3610000000001
1 138 169 -905.3610000000001
1 139 151 -905.3610000000001
1 140 138 -905.3610000000001
1 140 155 -3621.45
1 140 156 -905.3610000000001
1 140 171 -905.3610000000001
1 140 180 -905.3610000000001
1 141 149 -905.3610000000001
1 141 154 -1810.72
1 141 157 -905.3610000000001
1 141 171 -905.3610000000001
1 141 199 -1810.72
1 142 155 -905.3610000000001
1 142 156 -905.3610000000001
1 142 157 -905.3610000000001
1 142 158 -905.3610000000001
1 142 174 -905.3610000000001
1 142 179 -905.3610000000001
1 142 201 -905.3610000000001
1 143 146 -905.3610000000001
1 143 157 -2716.08
1 144 142 -1810.72
1 144 173 -905.3610000000001
1 145 142 -905.3610000000001
1 145 143 -905.3610000000001
1 145 151 -905.3610000000001
1 145 187 -905.3610000000001
1 145 226 -905.3610000000001
1 146 140 -905.3610000000001
1 146 141 -1810.72
1 146 145 -905.3610000000001
1 146 208 -905.3610000000001
1 146 229 -905.3610000000001
1 146 230 -905.3610000000001
1 146 232 -905.3610000000001
1 147 139 -2716.08
1 147 140 -905.3610000000001
1 147 141 -905.3610000000001
1 147 142 -905.3610000000001
1 147 229 -905.3610000000001
1 147 230 -905.3610000000001
1 147 233 -905.3610000000001
1 147 239 -905.3610000000001
1 147 240 -905.3610000000001
1 148 217 -905.3610000000001
1 148 221 -905.3610000000001
1 149 127 -905.3610000000001
1 149 147 -905.3610000000001
1 149 154 -905.3610000000001
1 149 222 -905.3610000000001
1 149 253 -905.3610000000001
1 150 160 -905.3610000000001
1 150 164 -905.3610000000001
1 150 177 -905.3610000000001
1 150 227 -905.3610000000001
1 150 236 -905.3610000000001
1 151 128 -905.3610000000001
1 151 228 -905.3610000000001
1 152 153 -905.3610000000001
1 152 173 -905.3610000000001
1 152 176 -905.3610000000001
1 152 222 -905.3610000000001
1 152 228 -905.3610000000001
1 153 126 -905.3610000000001
1 153 136 -905.3610000000001
1 153 155 -905.3610000000001
1 153 232 -905.3610000000001
1 153 238 -905.3610000000001
1 153 253 -905.3610000000001
1 154 126 -905.3610000000001
1 154 133 -905.3610000000001
1 154 161 -905.3610000000001
1 154 172 -905.3610000000001
1 154 220 -905.3610000000001
1 154 244 -905.3610000000001
1 155 170 -1810.72
1 155 216 -905.3610000000001
1 155 262 -905.3610000000001
1 156 160 -905.3610000000001
1 156 211 -905.3610000000001
1 156 223 -905.3610000000001
1 157 132 -905.3610000000001
1 157 133 -905.3610000000001
1 157 134 -2716.08
1 157 136 -905.3610000000001
1 157 194 -905.3610000000001
1 157 207 -905.3610000000001
1 157 240 -905.3610000000001
1 158 135 -905.3610000000001
1 158 248 -905.3610000000001
1 159 152 -905.3610000000001
1 159 231 -905.3610000000001
1 159 240 -905.3610000000001
1 159 247 -905.3610000000001
1 159 248 -905.3610000000001
1 159 250 -905.3610000000001
1 159 251 -905.3610000000001
1 159 257 -905.3610000000001
1 160 133 -905.3610000000001
1 160 249 -1810.72
1 160 251 -1810.72
1 160 252 -905.3610000000001
1 160 253 -905.3610000000001
1 160 262 -905.3610000000001
1 161 144 -1810.72
1 161 251 -905.3610000000001
1 161 253 -905.3610000000001
1 162 137 -1810.72
1 162 252 -1810.72
1 162 253 -905.3610000000001
1 163 152 -905.3610000000001
1 163 190 -905.3610000000001
1 163 236 -905.3610000000001
1 164 278 -905.3610000000001
1 164 290 -905.3610000000001
1 164 299 -905.3610000000001
1 165 133 -1810.72
1 165 134 -1810.72
1 165 135 -905.3610000000001
1 165 290 -905.3610000000001
1 166 131 -905.3610000000001
1 166 132 -905.3610000000001
1 166 133 -1810.72
1 166 134 -905.3610000000001
1 166 135 -905.3610000000001
1 166 210 -905.3610000000001
1 166 254 -905.3610000000001
1 166 255 -905.3610000000001
1 167 127 -905.3610000000001
1 167 132 -1810.72
1 167 133 -1810.72
1 167 134 -2716.08
1 167 256 -905.3610000000001
1 167 288 -905.3610000000001
1 167 294 -905.3610000000001
1 168 130 -905.3610000000001
1 168 131 -905.3610000000001
1 168 132 -3621.45
1 168 133 -3621.45
1 168 286 -905.3610000000001
1 168 287 -1810.72
1 168 291 -1810.72
1 169 128 -1810.72
1 169 129 -3621.45
1 169 131 -905.3610000000001
1 169 132 -4526.81
1 169 133 -2716.08
1 169 134 -8148.25
1 169 135 -905.3610000000001
1 169 236 -905.3610000000001
1 169 260 -905.3610000000001
1 169 271 -905.3610000000001
1 169 287 -905.3610000000001
1 169 290 -905.3610000000001
1 170 133 -2716.08
1 170 134 -10864.3
1 170 136 -905.3610000000001
1 170 187 -905.3610000000001
1 170 256 -905.3610000000001
1 170 287 -905.3610000000001
1 170 292 -905.3610000000001
1 171 133 -1810.72
1 171 134 -905.3610000000001
1 171 136 -4526.81
1 171 290 -905.3610000000001
1 172 257 -905.3610000000001
1 172 284 -905.3610000000001
1 172 295 -1810.72
1 172 311 -905.3610000000001
1 173 258 -905.3610000000001
1 173 278 -905.3610000000001
1 173 290 -905.3610000000001
1 173 292 -905.3610000000001
1 173 293 -1810.72
1 173 294 -905.3610000000001
1 174 124 -905.3610000000001
1 174 253 -905.3610000000001
1 174 261 -905.3610000000001
1 174 270 -905.3610000000001
1 174 283 -905.3610000000001
1 174 289 -905.3610000000001
1 174 293 -905.3610000000001
1 175 260 -905.3610000000001
1 175 288 -905.3610000000001
1 175 292 -1810.72
1 175 293 -905.3610000000001
1 175 296 -905.3610000000001
1 175 305 -905.3610000000001
1 176 274 -905.3610000000001
1 176 305 -905.3610000000001
1 177 289 -905.3610000000001
1 177 290 -905.3610000000001
1 178 243 -905.3610000000001
1 178 280 -905.3610000000001
1 178 285 -905.3610000000001
1 178 302 -905.3610000000001
1 178 305 -905.3610000000001
1 178 306 -905.3610000000001
1 178 311 -905.3610000000001
1 179 278 -905.3610000000001
1 179 285 -905.3610000000001
1 180 149 -905.3610000000001
1 180 286 -905.3610000000001
1 181 297 -905.3610000000001
1 181 307 -905.3610000000001
1 181 308 -905.3610000000001
1 183 242 -905.3610000000001
1 183 285 -905.3610000000001
1 183 295 -905.3610000000001
1 183 308 -905.3610000000001
1 183 309 -905.3610000000001
1 183 318 -905.3610000000001
1 184 263 -905.3610000000001
1 184 285 -905.3610000000001
1 184 313 -905.3610000000001
1 184 319 -905.3610000000001
1 185 257 -905.3610000000001
1 185 305 -905.3610000000001
1 185 306 -905.3610000000001
1 185 307 -905.3610000000001
1 185 315 -905.3610000000001
1 186 255 -905.3610000000001
1 186 265 -905.3610000000001
1 186 307 -1810.72
1 186 310 -905.3610000000001
1 188 262 -905.3610000000001
1 188 294 -905.3610000000001
1 188 295 -905.3610000000001
1 189 295 -905.3610000000001
1 189 309 -905.3610000000001
1 190 307 -905.3610000000001
1 190 308 -905.3610000000001
1 190 324 -905.3610000000001
1 191 292 -1810.72
1 191 304 -905.3610000000001
1 191 305 -905.3610000000001
1 192 258 -905.3610000000001
1 192 284 -905.3610000000001
1 192 304 -905.3610000000001
1 192 316 -905.3610000000001
1 192 319 -905.3610000000001
1 193 262 -905.3610000000001
1 193 301 -905.3610000000001
1 193 311 -905.3610000000001
1 193 313 -1810.72
1 194 284 -905.3610000000001
1 194 313 -905.3610000000001
1 195 269 -905.3610000000001
1 195 287 -905.3610000000001
1 195 289 -905.3610000000001
1 195 300 -905.3610000000001
1 195 311 -905.3610000000001
1 195 313 -905.3610000000001
1 196 269 -905.3610000000001
1 196 275 -905.3610000000001
1 196 303 -905.3610000000001
1 196 324 -905.3610000000001
1 196 333 -905.3610000000001
1 197 264 -905.3610000000001
1 197 283 -905.3610000000001
1 197 300 -905.3610000000001
1 197 322 -905.3610000000001
1 197 325 -905.3610000000001
1 198 242 -905.3610000000001
1 198 276 -1810.72
1 198 309 -905.3610000000001
1 198 311 -905.3610000000001
1 199 283 -905.3610000000001
1 199 311 -905.3610000000001
1 199 324 -905.3610000000001
1 200 280 -905.3610000000001
1 200 286 -905.3610000000001
1 200 296 -905.3610000000001
1 200 299 -905.3610000000001
1 200 306 -905.3610000000001
1 200 307 -905.3610000000001
1 200 312 -905.3610000000001
1 200 343 -905.3610000000001
1 200 345 -905.3610000000001
1 201 257 -905.3610000000001
1 202 280 -905.3610000000001
1 202 287 -905.3610000000001
1 202 297 -905.3610000000001
1 202 301 -905.3610000000001
1 202 302 -905.3610000000001
1 203 215 -905.3610000000001
1 203 304 -905.3610000000001
1 203 305 -905.3610000000001
1 203 309 -905.3610000000001
1 203 315 -905.3610000000001
1 205 263 -905.3610000000001
1 205 303 -905.3610000000001
1 205 304 -905.3610000000001
1 205 317 -905.3610000000001
1 205 318 -905.3610000000001
1 205 319 -905.3610000000001
1 206 264 -905.3610000000001
1 206 270 -905.3610000000001
1 206 301 -905.3610000000001
1 206 304 -905.3610000000001
1 206 315 -905.3610000000001
1 206 317 -1810.72
1 207 262 -905.3610000000001
1 207 300 -905.3610000000001
1 207 301 -1810.72
1 207 303 -905.3610000000001
1 207 304 -905.3610000000001
1 207 306 -1810.72
1 207 315 -905.3610000000001
1 207 317 -905.3610000000001
1 208 298 -1810.72
1 208 299 -1810.72
1 208 306 -905.3610000000001
1 208 317 -905.3610000000001
1 208 328 -905.3610000000001
1 209 284 -905.3610000000001
1 209 297 -905.3610000000001
1 209 302 -905.3610000000001
1 210 284 -905.3610000000001
1 210 301 -905.3610000000001
1 210 302 -905.3610000000001
1 210 342 -905.3610000000001
1 211 301 -905.3610000000001
1 211 321 -905.3610000000001
1 212 295 -905.3610000000001
1 212 347 -905.3610000000001
1 213 226 -905.3610000000001
1 213 287 -905.3610000000001
1 213 303 -905.3610000000001
1 213 329 -905.3610000000001
1 214 319 -905.3610000000001
1 215 289 -905.3610000000001
1 215 311 -905.3610000000001
1 215 353 -905.3610000000001
1 216 323 -905.3610000000001
1 216 341 -905.3610000000001
1 217 244 -905.3610000000001
1 217 249 -905.3610000000001
1 217 351 -905.3610000000001
1 218 209 -905.3610000000001
1 218 243 -905.3610000000001
1 218 292 -905.3610000000001
1 218 345 -1810.72
1 221 240 -905.3610000000001
1 221 611 -905.3610000000001
1 222 254 -905.3610000000001
1 222 362 -905.3610000000001
1 224 338 -905.3610000000001
1 224 359 -905.3610000000001
1 225 323 -905.3610000000001
1 225 329 -905.3610000000001
1 225 332 -905.3610000000001
1 225 368 -905.3610000000001
1 225 373 -905.3610000000001
1 225 378 -905.3610000000001
1 225 382 -1810.72
1 226 323 -905.3610000000001
1 226 388 -1810.72
1 226 618 -905.3610000000001
1 227 315 -905.3610000000001
1 228 606 -905.3610000000001
1 229 385 -1810.72
1 229 392 -905.3610000000001
1 229 393 -905.3610000000001
1 229 397 -3621.45
1 229 618 -4526.81
1 230 338 -905.3610000000001
1 230 373 -1810.72
1 230 384 -905.3610000000001
1 230 392 -1810.72
1 230 393 -3621.45
1 230 396 -905.3610000000001
1 230 605 -905.3610000000001
1 231 343 -905.3610000000001
1 231 383 -905.3610000000001
1 231 392 -4526.81
1 231 393 -9958.98
1 231 398 -905.3610000000001
1 231 603 -905.3610000000001
1 231 607 -1810.72
1 232 259 -905.3610000000001
1 232 300 -905.3610000000001
1 232 384 -905.3610000000001
1 232 389 -905.3610000000001
1 232 393 -5432.17
1 232 394 -3621.45
1 232 405 -905.3610000000001
1 232 604 -1810.72
1 232 606 -1810.72
1 232 607 -2716.08
1 232 608 -905.3610000000001
1 233 373 -905.3610000000001
1 233 393 -905.3610000000001
1 233 403 -905.3610000000001
1 233 406 -3621.45
1 233 601 -1810.72
1 233 602 -905.3610000000001
1 234 374 -905.3610000000001
1 234 388 -905.3610000000001
1 234 389 -905.3610000000001
1 234 406 -2716.08
1 234 407 -1810.72
1 234 601 -905.3610000000001
1 234 602 -1810.72
1 234 603 -2716.08
1 234 604 -905.3610000000001
1 234 605 -1810.72
1 234 606 -905.3610000000001
1 234 609 -905.3610000000001
1 234 620 -905.3610000000001
1 234 621 -905.3610000000001
1 235 342 -905.3610000000001
1 235 368 -905.3610000000001
1 235 389 -905.3610000000001
1 235 392 -905.3610000000001
1 235 404 -905.3610000000001
1 235 406 -905.3610000000001
1 235 599 -905.3610000000001
1 235 600 -1810.72
1 235 602 -2716.08
1 235 603 -905.3610000000001
1 235 606 -905.3610000000001
1 235 608 -905.3610000000001
1 236 256 -905.3610000000001
1 236 359 -905.3610000000001
1 236 377 -1810.72
1 236 378 -905.3610000000001
1 236 389 -1810.72
1 236 600 -905.3610000000001
1 236 601 -905.3610000000001
1 236 602 -1810.72
1 236 605 -905.3610000000001
1 236 606 -905.3610000000001
1 236 607 -905.3610000000001
1 236 620 -905.3610000000001
1 237 330 -905.3610000000001
1 237 377 -905.3610000000001
1 237 384 -905.3610000000001
1 237 388 -905.3610000000001
1 237 605 -1810.72
1 237 606 -2716.08
1 237 607 -1810.72
1 237 608 -4526.81
1 237 609 -2716.08
1 237 620 -905.3610000000001
1 238 346 -905.3610000000001
1 238 391 -905.3610000000001
1 238 410 -905.3610000000001
1 238 602 -905.3610000000001
1 238 603 -905.3610000000001
1 238 606 -4526.81
1 238 607 -5432.17
1 238 608 -3621.45
1 238 610 -905.3610000000001
1 239 297 -905.3610000000001
1 239 323 -905.3610000000001
1 239 404 -905.3610000000001
1 239 601 -905.3610000000001
1 239 603 -905.3610000000001
1 239 607 -1810.72
1 239 608 -3621.45
1 239 609 -2716.08
1 239 610 -1810.72
1 239 615 -1810.72
1 240 267 -905.3610000000001
1 240 319 -905.3610000000001
1 240 327 -905.3610000000001
1 240 352 -905.3610000000001
1 240 374 -1810.72
1 240 392 -1810.72
1 240 396 -905.3610000000001
1 240 406 -905.3610000000001
1 240 603 -905.3610000000001
1 240 605 -2716.08
1 240 606 -3621.45
1 240 607 -1810.72
1 240 620 -1810.72
1 240 621 -905.3610000000001
1 241 339 -905.3610000000001
1 241 352 -905.3610000000001
1 241 370 -1810.72
1 241 375 -905.3610000000001
1 241 409 -905.3610000000001
1 241 577 -905.3610000000001
1 241 603 -1810.72
1 241 605 -2716.08
1 241 606 -1810.72
1 241 607 -1810.72
1 241 608 -1810.72
1 241 609 -4526.81
1 241 610 -905.3610000000001
1 241 611 -905.3610000000001
1 241 620 -905.3610000000001
1 241 621 -905.3610000000001
1 242 314 -905.3610000000001
1 242 318 -905.3610000000001
1 242 336 -905.3610000000001
1 242 338 -905.3610000000001
1 242 339 -905.3610000000001
1 242 373 -2716.08
1 242 374 -5432.17
1 242 406 -1810.72
1 242 603 -1810.72
1 242 604 -6337.53
1 242 605 -8148.25
1 242 606 -2716.08
1 242 607 -4526.81
1 242 608 -4526.81
1 242 609 -2716.08
1 242 610 -2716.08
1 242 616 -905.3610000000001
1 242 622 -905.3610000000001
1 242 623 -2716.08
1 243 366 -905.3610000000001
1 243 369 -905.3610000000001
1 243 372 -1810.72
1 243 373 -7242.89
1 243 374 -2716.08
1 243 386 -905.3610000000001
1 243 391 -905.3610000000001
1 243 405 -905.3610000000001
1 243 406 -905.3610000000001
1 243 407 -1810.72
1 243 409 -905.3610000000001
1 243 577 -905.3610000000001
1 243 606 -6337.53
1 243 607 -4526.81
1 243 608 -1810.72
1 243 609 -5432.17
1 243 620 -905.3610000000001
1 243 622 -1810.72
1 243 623 -7242.89
1 244 371 -905.3610000000001
1 244 372 -1810.72
1 244 373 -2716.08
1 244 415 -905.3610000000001
1 244 598 -905.3610000000001
1 244 606 -3621.45
1 244 607 -905.3610000000001
1 244 611 -905.3610000000001
1 244 616 -905.3610000000001
1 244 622 -905.3610000000001
1 244 623 -3621.45
1 244 624 -905.3610000000001
1 245 312 -905.3610000000001
1 245 315 -905.3610000000001
1 245 326 -905.3610000000001
1 245 335 -905.3610000000001
1 245 338 -905.3610000000001
1 245 356 -1810.72
1 245 371 -905.3610000000001
1 245 413 -905.3610000000001
1 245 586 -905.3610000000001
1 245 604 -905.3610000000001
1 245 605 -2716.08
1 245 606 -4526.81
1 245 607 -3621.45
1 245 609 -4526.81
1 245 610 -1810.72
1 245 612 -1810.72
1 245 616 -1810.72
1 245 619 -905.3610000000001
1 245 620 -1810.72
1 245 622 -905.3610000000001
1 246 214 -905.3610000000001
1 246 342 -905.3610000000001
1 246 356 -905.3610000000001
1 246 357 -905.3610000000001
1 246 374 -905.3610000000001
1 246 413 -905.3610000000001
1 246 590 -905.3610000000001
1 246 599 -905.3610000000001
1 246 600 -5432.17
1 246 605 -3621.45
1 246 606 -6337.53
1 246 607 -3621.45
1 246 610 -905.3610000000001
1 246 612 -1810.72
1 246 614 -905.3610000000001
1 246 615 -905.3610000000001
1 246 623 -905.3610000000001
1 247 314 -905.3610000000001
1 247 331 -905.3610000000001
1 247 367 -1810.72
1 247 368 -4526.81
1 247 387 -1810.72
1 247 413 -905.3610000000001
1 247 578 -905.3610000000001
1 247 597 -905.3610000000001
1 247 598 -6337.53
1 247 599 -5432.17
1 247 600 -9053.61
1 247 601 -9053.61
1 247 605 -1810.72
1 247 609 -1810.72
1 247 610 -1810.72
1 247 611 -3621.45
1 247 612 -3621.45
1 247 613 -1810.72
1 247 618 -1810.72
1 247 619 -905.3610000000001
1 247 623 -905.3610000000001
1 248 307 -905.3610000000001
1 248 367 -905.3610000000001
1 248 368 -3621.45
1 248 371 -1810.72
1 248 372 -4526.81
1 248 387 -1810.72
1 248 388 -5432.17
1 248 413 -905.3610000000001
1 248 416 -905.3610000000001
1 248 529 -905.3610000000001
1 248 567 -905.3610000000001
1 248 596 -6337.53
1 248 597 -4526.81
1 248 598 -9053.61
1 248 599 -5432.17
1 248 600 -3621.45
1 248 601 -5432.17
1 248 602 -2716.08
1 248 605 -905.3610000000001
1 248 608 -905.3610000000001
1 248 609 -1810.72
1 248 610 -2716.08
1 248 611 -5432.17
1 248 612 -5432.17
1 248 613 -6337.53
1 248 618 -905.3610000000001
1 248 619 -905.3610000000001
1 248 620 -905.3610000000001
1 248 623 -1810.72
1 249 333 -905.3610000000001
1 249 334 -905.3610000000001
1 249 365 -1810.72
1 249 366 -2716.08
1 249 367 -905.3610000000001
1 249 368 -2716.08
1 249 371 -905.3610000000001
1 249 387 -905.3610000000001
1 249 388 -905.3610000000001
1 249 400 -905.3610000000001
1 249 412 -905.3610000000001
1 249 567 -905.3610000000001
1 249 593 -1810.72
1 249 595 -5432.17
1 249 596 -6337.53
1 249 597 -9958.98
1 249 603 -2716.08
1 249 604 -7242.89
1 249 605 -4526.81
1 249 607 -3621.45
1 249 609 -905.3610000000001
1 249 610 -1810.72
1 249 611 -4526.81
1 249 612 -8148.25
1 249 613 -1810.72
1 249 618 -905.3610000000001
1 249 623 -905.3610000000001
1 250 331 -905.3610000000001
1 250 355 -905.3610000000001
1 250 365 -1810.72
1 250 366 -4526.81
1 250 367 -2716.08
1 250 368 -905.3610000000001
1 250 369 -1810.72
1 250 370 -1810.72
1 250 371 -5432.17
1 250 382 -905.3610000000001
1 250 406 -905.3610000000001
1 250 413 -905.3610000000001
1 250 414 -905.3610000000001
1 250 423 -905.3610000000001
1 250 436 -905.3610000000001
1 250 568 -905.3610000000001
1 250 579 -905.3610000000001
1 250 591 -905.3610000000001
1 250 594 -905.3610000000001
1 250 596 -7242.89
1 250 597 -1810.72
1 250 602 -905.3610000000001
1 250 603 -6337.53
1 250 604 -5432.17
1 250 605 -3621.45
1 250 607 -905.3610000000001
1 250 608 -2716.08
1 250 609 -905.3610000000001
1 250 610 -905.3610000000001
1 250 613 -905.3610000000001
1 251 276 -905.3610000000001
1 251 322 -905.3610000000001
1 251 365 -2716.08
1 251 366 -8148.25
1 251 367 -1810.72
1 251 368 -1810.72
1 251 371 -905.3610000000001
1 251 379 -905.3610000000001
1 251 407 -905.3610000000001
1 251 414 -905.3610000000001
1 251 424 -905.3610000000001
1 251 598 -905.3610000000001
1 251 604 -905.3610000000001
1 251 605 -905.3610000000001
1 251 607 -905.3610000000001
1 251 610 -905.3610000000001
1 252 236 -905.3610000000001
1 252 365 -2716.08
1 252 366 -6337.53
1 252 367 -6337.53
1 252 368 -1810.72
1 252 376 -905.3610000000001
1 252 412 -905.3610000000001
1 252 416 -905.3610000000001
1 252 428 -905.3610000000001
1 252 506 -905.3610000000001
1 252 507 -905.3610000000001
1 252 528 -905.3610000000001
1 252 534 -905.3610000000001
1 252 544 -905.3610000000001
1 252 576 -905.3610000000001
1 252 591 -1810.72
1 252 596 -1810.72
1 252 597 -1810.72
1 252 598 -905.3610000000001
1 252 599 -1810.72
1 252 608 -1810.72
1 252 609 -905.3610000000001
1 252 611 -905.3610000000001
1 252 620 -905.3610000000001
1 253 259 -905.3610000000001
1 253 342 -905.3610000000001
1 253 363 -905.3610000000001
1 253 365 -1810.72
1 253 366 -5432.17
1 253 367 -3621.45
1 253 370 -905.3610000000001
1 253 375 -1810.72
1 253 404 -905.3610000000001
1 253 433 -1810.72
1 253 506 -905.3610000000001
1 253 543 -905.3610000000001
1 253 546 -905.3610000000001
1 253 547 -905.3610000000001
1 253 566 -905.3610000000001
1 253 586 -1810.72
1 253 596 -905.3610000000001
1 253 597 -3621.45
1 253 601 -905.3610000000001
1 253 604 -905.3610000000001
1 253 605 -905.3610000000001
1 253 614 -2716.08
1 254 366 -1810.72
1 254 478 -905.3610000000001
1 254 581 -905.3610000000001
1 254 584 -905.3610000000001
1 254 585 -5432.17
1 254 586 -4526.81
1 254 587 -2716.08
1 254 588 -2716.08
1 254 589 -3621.45
1 254 598 -905.3610000000001
1 254 599 -905.3610000000001
1 254 601 -1810.72
1 254 604 -1810.72
1 254 605 -905.3610000000001
1 254 606 -905.3610000000001
1 254 611 -905.3610000000001
1 255 341 -905.3610000000001
1 255 346 -905.3610000000001
1 255 371 -905.3610000000001
1 255 402 -905.3610000000001
1 255 442 -905.3610000000001
1 255 445 -905.3610000000001
1 255 461 -905.3610000000001
1 255 479 -905.3610000000001
1 255 512 -905.3610000000001
1 255 513 -905.3610000000001
1 255 526 -905.3610000000001
1 255 547 -905.3610000000001
1 255 548 -905.3610000000001
1 255 565 -905.3610000000001
1 255 583 -2716.08
1 255 584 -3621.45
1 255 585 -3621.45
1 255 586 -3621.45
1 255 587 -1810.72
1 255 588 -905.3610000000001
1 255 591 -905.3610000000001
1 255 594 -905.3610000000001
1 255 597 -905.3610000000001
1 255 600 -1810.72
1 255 607 -905.3610000000001
1 256 346 -905.3610000000001
1 256 350 -905.3610000000001
1 256 367 -905.3610000000001
1 256 373 -905.3610000000001
1 256 374 -905.3610000000001
1 256 491 -905.3610000000001
1 256 526 -905.3610000000001
1 256 531 -2716.08
1 256 532 -905.3610000000001
1 256 547 -905.3610000000001
1 256 548 -1810.72
1 256 549 -905.3610000000001
1 256 575 -905.3610000000001
1 256 578 -1810.72
1 256 580 -905.3610000000001
1 256 584 -2716.08
1 256 585 -1810.72
1 256 592 -1810.72
1 256 594 -6337.53
1 256 595 -3621.45
1 256 607 -3621.45
1 256 608 -1810.72
1 256 609 -905.3610000000001
1 257 330 -905.3610000000001
1 257 461 -905.3610000000001
1 257 497 -905.3610000000001
1 257 503 -905.3610000000001
1 257 506 -905.3610000000001
1 257 512 -905.3610000000001
1 257 527 -2716.08
1 257 529 -905.3610000000001
1 257 532 -905.3610000000001
1 257 549 -905.3610000000001
1 257 574 -905.3610000000001
1 257 575 -2716.08
1 257 584 -2716.08
1 257 585 -2716.08
1 257 593 -1810.72
1 257 594 -7242.89
1 257 595 -3621.45
1 257 597 -1810.72
1 257 606 -6337.53
1 257 607 -905.3610000000001
1 258 307 -905.3610000000001
1 258 330 -905.3610000000001
1 258 366 -905.3610000000001
1 258 485 -1810.72
1 258 489 -1810.72
1 258 491 -905.3610000000001
1 258 493 -905.3610000000001
1 258 494 -905.3610000000001
1 258 496 -905.3610000000001
1 258 497 -905.3610000000001
1 258 498 -2716.08
1 258 499 -1810.72
1 258 502 -905.3610000000001
1 258 503 -905.3610000000001
1 258 529 -1810.72
1 258 531 -905.3610000000001
1 258 532 -905.3610000000001
1 258 533 -1810.72
1 258 535 -905.3610000000001
1 258 546 -905.3610000000001
1 258 550 -905.3610000000001
1 258 556 -1810.72
1 258 564 -905.3610000000001
1 258 576 -905.3610000000001
1 258 583 -905.3610000000001
1 258 584 -2716.08
1 258 586 -2716.08
1 258 594 -2716.08
1 258 606 -4526.81
1 258 607 -905.3610000000001
1 259 346 -905.3610000000001
1 259 369 -1810.72
1 259 402 -905.3610000000001
1 259 444 -905.3610000000001
1 259 456 -905.3610000000001
1 259 485 -905.3610000000001
1 259 486 -905.3610000000001
1 259 488 -905.3610000000001
1 259 489 -905.3610000000001
1 259 490 -1810.72
1 259 509 -1810.72
1 259 510 -905.3610000000001
1 259 522 -905.3610000000001
1 259 528 -905.3610000000001
1 259 529 -905.3610000000001
1 259 531 -905.3610000000001
1 259 532 -905.3610000000001
1 259 545 -905.3610000000001
1 259 549 -905.3610000000001
1 259 554 -1810.72
1 259 555 -1810.72
1 259 556 -2716.08
1 259 557 -2716.08
1 259 575 -3621.45
1 259 576 -905.3610000000001
1 259 579 -905.3610000000001
1 259 584 -905.3610000000001
1 259 585 -3621.45
1 259 586 -1810.72
1 260 369 -1810.72
1 260 404 -1810.72
1 260 443 -905.3610000000001
1 260 454 -905.3610000000001
1 260 485 -905.3610000000001
1 260 486 -1810.72
1 260 487 -905.3610000000001
1 260 492 -905.3610000000001
1 260 499 -905.3610000000001
1 260 502 -1810.72
1 260 517 -905.3610000000001
1 260 527 -905.3610000000001
1 260 545 -2716.08
1 260 548 -905.3610000000001
1 260 554 -905.3610000000001
1 260 556 -905.3610000000001
1 260 567 -905.3610000000001
1 260 576 -905.3610000000001
1 260 577 -905.3610000000001
1 261 397 -905.3610000000001
1 261 404 -905.3610000000001
1 261 444 -905.3610000000001
1 261 483 -905.3610000000001
1 261 487 -905.3610000000001
1 261 501 -905.3610000000001
1 261 502 -905.3610000000001
1 261 545 -905.3610000000001
1 261 551 -905.3610000000001
1 261 552 -905.3610000000001
1 261 565 -905.3610000000001
1 262 254 -905.3610000000001
1 262 353 -1810.72
1 262 369 -905.3610000000001
1 262 425 -905.3610000000001
1 262 443 -905.3610000000001
1 262 458 -905.3610000000001
1 262 483 -1810.72
1 262 493 -905.3610000000001
1 262 501 -905.3610000000001
1 262 502 -905.3610000000001
1 262 523 -905.3610000000001
1 262 524 -905.3610000000001
1 262 535 -905.3610000000001
1 262 536 -905.3610000000001
1 262 537 -905.3610000000001
1 262 542 -905.3610000000001
1 262 546 -905.3610000000001
1 262 584 -905.3610000000001
1 262 587 -905.3610000000001
1 263 355 -905.3610000000001
1 263 415 -905.3610000000001
1 263 484 -905.3610000000001
1 263 493 -905.3610000000001
1 263 509 -905.3610000000001
1 263 522 -905.3610000000001
1 263 523 -1810.72
1 263 524 -1810.72
1 263 541 -1810.72
1 263 542 -905.3610000000001
1 263 543 -905.3610000000001
1 263 546 -1810.72
1 263 576 -905.3610000000001
1 263 579 -905.3610000000001
1 263 581 -3621.45
1 264 369 -905.3610000000001
1 264 379 -905.3610000000001
1 264 481 -905.3610000000001
1 264 482 -905.3610000000001
1 264 493 -905.3610000000001
1 264 503 -905.3610000000001
1 264 504 -905.3610000000001
1 264 516 -905.3610000000001
1 264 521 -2716.08
1 264 527 -905.3610000000001
1 264 543 -3621.45
1 264 568 -905.3610000000001
1 264 575 -905.3610000000001
1 264 576 -1810.72
1 265 336 -905.3610000000001
1 265 367 -1810.72
1 265 457 -905.3610000000001
1 265 459 -905.3610000000001
1 265 511 -905.3610000000001
1 265 516 -905.3610000000001
1 265 520 -905.3610000000001
1 265 524 -905.3610000000001
1 265 568 -1810.72
1 266 314 -905.3610000000001
1 266 413 -905.3610000000001
1 266 456 -905.3610000000001
1 266 478 -905.3610000000001
1 266 481 -905.3610000000001
1 266 483 -905.3610000000001
1 266 484 -905.3610000000001
1 266 485 -905.3610000000001
1 266 492 -905.3610000000001
1 266 498 -905.3610000000001
1 266 505 -905.3610000000001
1 266 518 -905.3610000000001
1 266 523 -905.3610000000001
1 266 543 -905.3610000000001
1 266 545 -905.3610000000001
1 266 549 -905.3610000000001
1 266 555 -905.3610000000001
1 267 337 -905.3610000000001
1 267 365 -905.3610000000001
1 267 381 -905.3610000000001
1 267 459 -905.3610000000001
1 267 460 -1810.72
1 267 505 -905.3610000000001
1 267 507 -905.3610000000001
1 267 543 -905.3610000000001
1 267 544 -1810.72
1 267 549 -905.3610000000001
1 267 553 -2716.08
1 267 562 -905.3610000000001
1 268 507 -1810.72
1 268 540 -905.3610000000001
1 268 541 -905.3610000000001
1 268 542 -1810.72
1 268 543 -3621.45
1 268 544 -1810.72
1 268 549 -905.3610000000001
1 268 551 -905.3610000000001
1 268 552 -905.3610000000001
1 268 553 -905.3610000000001
1 269 362 -905.3610000000001
1 269 505 -1810.72
1 269 507 -905.3610000000001
1 269 528 -905.3610000000001
1 269 543 -905.3610000000001
1 269 547 -1810.72
1 270 474 -905.3610000000001
1 270 475 -1810.72
1 270 479 -905.3610000000001
1 270 491 -905.3610000000001
1 270 504 -905.3610000000001
1 270 507 -905.3610000000001
1 270 526 -905.3610000000001
1 271 375 -905.3610000000001
1 271 388 -905.3610000000001
1 271 479 -905.3610000000001
1 271 481 -905.3610000000001
1 271 487 -905.3610000000001
1 271 491 -905.3610000000001
1 271 526 -905.3610000000001
1 272 469 -905.3610000000001
1 272 493 -905.3610000000001
1 272 495 -1810.72
1 272 496 -905.3610000000001
1 272 502 -905.3610000000001
1 272 526 -2716.08
1 273 441 -905.3610000000001
1 273 462 -905.3610000000001
1 273 526 -905.3610000000001
1 275 463 -905.3610000000001
1 275 480 -905.3610000000001
1 275 502 -905.3610000000001
1 275 504 -905.3610000000001
1 276 502 -905.3610000000001
1 277 393 -905.3610000000001
1 279 459 -905.3610000000001
1 280 563 -905.3610000000001
1 282 434 -905.3610000000001
1 282 435 -905.3610000000001
1 283 461 -905.3610000000001
1 283 482 -905.3610000000001
1 283 483 -905.3610000000001
1 285 437 -905.3610000000001
1 285 482 -905.3610000000001
1 285 483 -905.3610000000001
1 286 377 -905.3610000000001
1 286 464 -905.3610000000001
1 288 469 -905.3610000000001
1 289 362 -905.3610000000001
1 289 443 -905.3610000000001
1 292 358 -905.3610000000001
1 293 390 -2716.08
1 293 391 -905.3610000000001
1 296 390 -905.3610000000001
1 301 359 -905.3610000000001
1 301 378 -905.3610000000001
1 85 106 -905.3610000000001
1 92 112 -1810.72
1 93 117 -905.3610000000001
1 97 89 -905.3610000000001
1 98 101 -905.3610000000001
1 99 126 -905.3610000000001
1 99 136 -905.3610000000001
1 147 119 -48206.4
1 148 187 -116886.0
1 150 114 -38187.6
1 153 113 -68970.0
1 157 160 -101640.0
1 170 169 -223608.0
1 197 280 -74052.0
1 199 225 -144910.0
1 210 300 -117176.0
1 211 298 -34122.0
1 234 285 -81021.6
1 244 234 -168287.0
1 259 541 -726.0
1 265 469 -145.2
1 267 479 -3194.4
1 271 361 -6175.21
1 272 454 -150.81
1 285 433 -22360.8
1 291 453 -12018.2
1 299 360 -29040.0
1 109 116 -90314.4
1 131 118 -15100.8
1 132 183 -24393.6
1 137 123 -80586.0
1 140 173 -14520.0
1 141 124 -65485.2
1 142 121 -73471.2
1 152 130 -27588.0
1 155 192 -95396.4
1 157 117 -34848.0
1 157 190 -435.6
1 158 205 -726.0
1 164 258 -101204.0
1 169 164 -15246.0
1 172 162 -12922.8
1 172 163 -27878.4
1 172 164 -5517.6
1 173 196 -1597.2
1 175 213 -132277.0
1 195 280 -82764.0
1 202 295 -32960.4
1 203 296 -60548.4
1 214 174 -285318.0
1 226 358 -10840.7
1 247 335 -58080.0
1 256 333 -23086.8
1 262 350 -45157.2
1 265 349 -61419.6
1 267 346 -122694.0
1 269 347 -183242.0
1 271 470 -1452.0
1 274 431 -3240230.0
1 280 367 -126034.0
1 285 357 -175982.0
1 289 374 -8131.2
1 292 370 -111659.0
1 293 370 -111804.0
1 293 378 -70131.6
1 299 335 -302016.0
1 143 152 -95396.4
1 143 154 -90750.0
1 144 130 -3049.2
1 148 113 -216058.0
1 149 118 -235805.0
1 151 143 -90169.2
1 152 177 -155074.0
1 152 183 -50820.0
1 153 185 -21489.6
1 153 212 -77682.0
1 154 128 -3484.8
1 155 180 -62871.6
1 155 187 -33831.6
1 159 188 -17278.8
1 161 161 -51110.4
1 162 171 -81457.2
1 164 159 -112675.0
1 167 163 -151734.0
1 170 217 -59386.8
1 174 182 -105270.0
1 175 178 -11616.0
1 176 128 -87120.0
1 189 206 -123420.0
1 201 279 -320166.0
1 221 294 -220849.0
1 221 361 -6534.0
1 222 252 -31653.6
1 222 266 -151153.0
1 224 273 -72745.2
1 226 361 -66501.6
1 234 319 -111368.0
1 235 317 -150718.0
1 237 292 -246985.0
1 245 243 -151298.0
1 248 238 -151298.0
1 248 331 -40510.8
1 256 342 -58225.2
1 259 347 -53288.4
1 266 345 -112675.0
1 271 268 -208362.0
1 274 278 -75504.0
1 289 355 -15246.0
1 295 392 -22215.6
1 296 391 -24829.2
1 296 393 -24684.0
1 141 116 -183678.0
1 142 185 -169884.0
1 143 114 -182226.0
1 143 184 -142296.0
1 144 151 -133294.0
1 144 186 -116160.0
1 145 114 -146507.0
1 146 150 -173659.0
1 146 180 -218671.0
1 147 148 -130390.0
1 147 171 -95832.0
1 149 124 -290.4
1 149 181 -195730.0
1 149 202 -149266.0
1 150 172 -124872.0
1 150 183 -166544.0
1 150 186 -147088.0
1 151 178 -115289.0
1 151 181 -76520.4
1 151 189 -122549.0
1 151 211 -435.6
1 152 180 -176418.0
1 153 188 -129809.0
1 154 113 -3339.6
1 158 173 -4210.8
1 164 124 -25119.6
1 165 167 -11616.0
1 168 164 -27588.0
1 168 166 -24684.0
1 170 115 -58370.4
1 171 125 -6243.6
1 184 210 -80005.2
1 188 207 -7840.8
1 189 288 -42398.4
1 193 280 -84942.0
1 206 280 -77972.4
1 209 273 -322489.0
1 209 281 -43885.3
1 210 249 -69550.8
1 211 263 -105560.0
1 211 296 -62581.2
1 213 270 -135036.0
1 219 272 -16117.2
1 221 302 -5372.4
1 221 317 -130680.0
1 224 287 -169303.0
1 228 354 -144910.0
1 230 352 -129228.0
1 231 270 -43560.0
1 231 347 -11761.2
1 235 295 -92637.6
1 236 320 -194568.0
1 236 342 -101495.0
1 236 344 -38478.0
1 239 337 -95832.0
1 240 330 -82764.0
1 240 357 -124291.0
1 244 333 -14520.0
1 246 332 -82909.2
1 246 337 -21780.0
1 251 334 -126324.0
1 258 343 -5082.0
1 258 345 -14955.6
1 260 345 -13794.0
1 261 340 -40510.8
1 261 351 -33396.0
1 262 286 -20618.4
1 262 361 -70567.2
1 263 344 -55030.8
1 263 350 -27878.4
1 265 517 -435.6
1 267 321 -113256.0
1 267 428 -38624.6
1 269 364 -57499.2
1 269 365 -6824.4
1 270 267 -112530.0
1 270 361 -111078.0
1 271 355 -58806.0
1 271 363 -79279.2
1 278 502 -7550.4
1 281 331 -13648.8
1 284 333 -11470.8
1 289 371 -35428.8
1 290 371 -143603.0
1 291 365 -37026.0
1 296 358 -184404.0
1 297 356 -29911.2
1 297 391 -108029.0
1 299 347 -20618.4
1 125 93 -435.6
1 131 125 -134891.0
1 134 123 -111804.0
1 135 126 -54885.6
1 138 125 -86539.2
1 142 117 -179322.0
1 142 169 -29040.0
1 145 116 -32670.0
1 146 146 -33976.8
1 152 213 -28314.0
1 156 214 -51981.6
1 161 185 -183968.0
1 163 186 -15536.4
1 166 203 -33105.6
1 168 216 -186146.0
1 183 232 -216493.0
1 192 232 -401914.0
1 193 235 -111949.0
1 201 310 -7114.8
1 211 195 -2904.0
1 215 261 -114272.0
1 221 339 -435.6
1 222 324 -17278.8
1 223 263 -96848.4
1 226 354 -46464.0
1 230 358 -28894.8
1 232 274 -13648.8
1 232 347 -39058.8
1 233 341 -58660.8
1 248 344 -99171.6
1 263 345 -164512.0
1 263 427 -145.2
1 263 570 -145.2
1 264 348 -11906.4
1 268 366 -10890.0
1 286 302 -2904.0
1 292 360 -29620.8
1 293 357 -34412.4
1 295 362 -1452.0
1 297 439 -1023070.0
1 132 120 -217510.0
1 134 124 -124001.0
1 134 126 -95251.2
1 135 122 -34993.2
1 137 128 -171191.0
1 145 166 -122549.0
1 148 119 -71728.8
1 150 118 -172062.0
1 150 121 -164366.0
1 150 127 -18440.4
1 152 118 -68824.8
1 153 122 -9438.0
1 153 123 -138376.0
1 155 125 -138956.0
1 156 124 -38187.6
1 158 138 -40075.2
1 158 140 -90314.4
1 160 139 -152896.0
1 185 168 -90604.8
1 189 126 -209088.0
1 224 257 -5372.4
1 230 223 -27297.6
1 260 332 -5372.4
1 260 337 -11906.4
1 276 358 -108029.0
1 276 359 -5953.2
1 281 445 -726.0
1 282 357 -1597.2
1 137 168 -102221.0
1 149 213 -148104.0
1 170 185 -35864.4
1 189 195 -95541.6
1 190 250 -64033.2
1 192 197 -15246.0
1 202 228 -33686.4
1 210 253 -217800.0
1 217 236 -214896.0
1 245 324 -6969.6
1 247 330 -3049.2
1 270 480 -435.6
1 186 159 -1452.0
1 291 354 -6243.6
1 145 131 -119500.0
1 148 124 -145.2
1 153 116 -42108.0
1 171 128 -38623.2
1 188 197 -1016.4
1 188 204 -86539.2
1 203 340 -853.83
1 206 169 -2468.4
1 206 281 -1161.6
1 208 226 -150282.0
1 211 266 -61297.1
1 213 276 -85333.3
1 214 274 -54527.9
1 220 278 -152540.0
1 223 372 -5227.2
1 232 398 -11616.0
1 233 375 -2904.0
1 236 317 -71438.4
1 239 385 -3222.24
1 239 406 -233.63
1 239 416 -14.56
1 241 238 -54885.6
1 245 408 -9583.2
1 246 320 -15972.0
1 248 454 -435.6
1 259 351 -6421.26
1 265 360 -51871.5
1 267 407 -3775.2
1 269 360 -12106.8
1 272 360 -76084.8
1 273 340 -1452.0
1 273 521 -14665.2
1 274 327 -27152.4
1 275 465 -536.52
1 290 322 -117902.0
1 292 458 -10605.4
1 295 337 -67082.4
1 296 371 -183968.0
1 297 377 -36009.6
1 147 116 -200957.0
1 147 183 -24248.4
1 156 122 -5082.0
1 205 310 -4791.6
1 259 439 -290.4
1 268 484 -145.2
1 173 183 -112385.0
1 257 342 -30346.8
1 201 251 -136198.0
1 201 301 -30782.4
1 251 286 -15246.0
1 259 336 -290.4
1 264 441 -290.4
1 265 488 -290.4
1 294 356 -2032.8
1 144 132 -726.0
1 267 385 -23232.0
1 135 160 -13503.6
1 136 173 -8566.8
1 144 189 -21054.0
1 154 112 -23812.8
1 154 122 -201102.0
1 156 131 -726.0
1 164 169 -17424.0
1 167 247 -11616.0
1 183 124 -253084.0
1 183 205 -290.4
1 186 125 -139247.0
1 186 209 -31363.2
1 204 300 -44.52
1 215 269 -213299.0
1 218 239 -79343.5
1 225 242 -36300.0
1 226 375 -88655.9
1 238 302 -28749.6
1 242 355 -225.72
1 244 321 -165238.0
1 245 406 -1742.4
1 247 591 -726.0
1 248 590 -726.0
1 248 593 -435.6
1 251 614 -1928.43
1 255 333 -39794.8
1 256 443 -619.91
1 258 339 -3587.99
1 258 416 -281.69
1 263 583 -185.15
1 266 470 -3281.52
1 269 482 -145.2
1 270 476 -2323.2
1 273 523 -161172.0
1 274 506 -3630.0
1 275 479 -49513.2
1 280 458 -935.67
1 291 374 -5953.2
1 293 458 -22360.8
1 297 388 -1632.47
1 298 384 -153.35
1 201 295 -145.2
1 204 299 -2032.8
1 221 300 -13503.6
1 153 134 -14084.4
1 159 157 -156090.0
1 160 117 -18730.8
1 184 305 -19.93
1 197 298 -56.96
1 211 290 -23522.4
1 225 289 -292288.0
1 237 406 -1767.87
1 241 343 -31363.2
1 244 430 -1887.6
1 247 342 -285.79
1 253 427 -3812.35
1 253 443 -666.13
1 254 398 -39.15
1 254 442 -2536.19
1 254 444 -590.66
1 254 445 -157.88
1 256 445 -1710.21
1 257 387 -142877.0
1 259 345 -3920.4
1 261 322 -23.6
1 261 369 -712.93
1 262 555 -145.2
1 265 559 -1643.64
1 271 364 -20763.6
1 271 471 -435.6
1 271 489 -4367.39
1 272 371 -193987.0
1 273 520 -1016.4
1 273 522 -580.8
1 275 371 -1597.2
1 275 449 -22506.0
1 277 386 -145.2
1 262 394 -1042360.0
1 271 492 -290.4
1 157 122 -435.6
1 160 136 -1742.4
1 169 201 -17278.8
1 199 297 -296.25
1 211 313 -47.35
1 212 315 -130.46
1 224 372 -3194.4
1 246 609 -2204.75
1 247 343 -99.5
1 247 590 -4646.4
1 250 395 -6098.4
1 255 446 -757.86
1 261 524 -2840.92
1 261 525 -666.56
1 270 482 -64.03
1 276 386 -2468.4
1 281 446 -1161.6
1 284 406 -3484.8
1 295 390 -435.6
1 297 384 -290.4
1 165 158 -88281.6
1 178 212 -19021.2
1 145 147 -145.2
1 240 619 -145.2
1 257 443 -2169.56
1 272 547 -1158.57
1 162 205 -33831.6
1 170 249 -2613.6
1 178 255 -6388.8
1 194 320 -1016.4
1 196 299 -435.6
1 229 341 -17714.4
1 234 400 -145.2
1 237 378 -4.24
1 240 386 -5.65
1 241 353 -226.57
1 244 330 -60693.6
1 247 341 -142.89
1 248 343 -305.58
1 249 589 -145.2
1 252 457 -145.2
1 253 400 -290.4
1 254 370 -145.2
1 254 394 -54.27
1 254 400 -290.4
1 255 373 -290.4
1 261 362 -57063.6
1 262 441 -290.4
1 263 353 -10.32
1 274 527 -110.39
1 275 356 -72745.2
1 276 469 -145.2
1 276 484 -871.2
1 277 429 -229.39
1 282 451 -145.2
1 231 367 -145.2
1 279 477 -145.2
1 130 192 -145.2
1 262 339 -145.2
