1 62 1 3798.3
1 61 2 3770.7
1 60 3 3749.7
1 59 4 3733.5
1 58 5 3721.5
1 57 6 3713.4
1 56 7 3709.2
1 55 8 3709.0
1 54 9 3713.4
1 53 10 3722.5
1 52 11 3736.7
1 51 12 3755.5
1 49 13 3767.8
1 50 13 3777.1
1 48 14 3789.3
1 47 15 3784.5
1 46 16 3776.7
1 45 17 3766.9
1 45 18 3767.6
1 45 19 3768.3
1 44 20 3756.4
1 44 21 3756.2
1 44 22 3755.5
1 44 23 3754.2
1 44 24 3752.2
1 44 25 3749.4
1 44 26 3745.6
1 44 27 3740.7
1 44 28 3734.5
1 44 29 3727.0
1 44 30 3717.9
1 44 31 3707.0
1 44 32 3694.2
1 44 33 3679.1
1 44 34 3661.5
1 44 35 3641.1
1 44 36 3617.4
1 44 37 3589.8
1 44 38 3557.8
1 44 39 3520.3
1 44 40 3476.1
1 44 41 3422.8
1 43 42 3304.0
1 43 43 3265.0
1 43 44 3203.3
1 42 45 3052.1
1 42 46 2997.6
1 40 47 2765.7
1 41 47 2812.0
1 40 48 2729.6
1 40 49 2663.5
1 40 50 2567.6
1 35 78 4859.7
1 35 79 4888.1
1 34 80 4945.1
1 33 81 5025.5
1 32 82 5089.1
1 31 83 5102.5
1 30 84 5114.2
1 29 85 5123.1
1 28 86 5145.4
1 27 87 5164.2
1 26 88 5190.3
1 25 89 5217.8
1 25 90 5254.2
1 24 91 5241.3
1 24 92 5256.5
1 24 93 5293.6
1 24 94 5330.6
1 23 95 5345.7
1 23 96 5386.0
1 23 97 5422.3
1 22 98 5430.3
1 22 99 5471.4
1 22 100 5508.4
1 22 101 5545.7
1 21 102 5566.0
1 21 103 5611.1
1 20 104 5633.2
1 20 105 5675.7
1 19 106 5707.7
1 19 107 5752.1
1 18 108 5788.7
1 18 109 5828.5
1 17 110 5747.7
1 17 111 5758.8
1 17 112 5868.1
1 65 109 6030.5
1 66 109 6027.0
1 67 109 5976.4
1 68 109 5941.6
1 69 109 5951.1
1 62 110 5964.5
1 63 110 6002.2
1 64 110 6023.1
1 70 110 6040.0
1 60 111 5859.4
1 61 111 5880.9
1 71 111 6106.0
1 37 112 5647.1
1 38 112 5707.3
1 39 112 5768.9
1 40 112 5814.4
1 41 112 5851.4
1 42 112 5873.4
1 43 112 5884.6
1 44 112 5893.7
1 45 112 5900.9
1 46 112 5910.4
1 47 112 5919.3
1 48 112 5936.9
1 55 112 5739.6
1 56 112 5761.3
1 57 112 5778.4
1 58 112 5795.2
1 59 112 5810.1
1 72 112 6143.0
1 16 113 5956.8
1 33 113 5631.7
1 34 113 5615.1
1 35 113 5599.2
1 36 113 5578.7
1 49 113 5930.6
1 50 113 5908.4
1 51 113 5855.3
1 52 113 5800.7
1 53 113 5744.1
1 54 113 5707.4
1 73 113 6175.3
1 16 114 6015.9
1 29 114 5721.3
1 30 114 5696.1
1 31 114 5668.3
1 32 114 5633.3
1 74 114 6198.4
1 75 114 6202.5
1 16 115 6072.6
1 25 115 5833.0
1 26 115 5810.2
1 27 115 5781.0
1 28 115 5741.0
1 76 115 6234.3
1 16 116 6127.9
1 21 116 5975.7
1 22 116 5990.6
1 23 116 5903.4
1 24 116 5863.2
1 77 116 6249.5
1 78 116 6247.6
1 79 116 6260.2
1 16 117 6182.1
1 20 117 6023.7
1 80 117 6281.1
1 81 117 6279.2
1 82 117 6258.6
1 83 117 6231.1
1 84 117 6202.0
1 16 118 6219.5
1 17 118 6185.7
1 18 118 6138.6
1 19 118 6085.1
1 85 118 6131.5
1 85 119 6089.7
1 86 120 6072.5
1 86 121 6095.2
1 86 122 6120.0
1 86 123 6137.3
1 86 124 6149.7
1 86 125 6159.3
1 86 126 6166.4
1 86 127 6170.1
1 86 128 6170.7
1 86 129 6169.0
1 86 130 6166.3
1 86 131 6162.1
1 86 132 6155.2
1 86 133 6146.5
1 86 134 6134.7
1 86 135 6118.8
1 86 136 6099.7
1 85 137 6050.6
1 85 138 6037.7
1 84 139 6032.8
1 83 140 6073.8
1 82 141 6157.7
1 82 142 6174.0
1 81 143 6226.7
1 80 144 6287.2
1 79 145 6356.2
1 78 146 6419.8
1 77 147 6487.1
1 76 148 6559.0
1 75 149 6636.4
1 75 150 6700.7
1 75 151 6761.3
1 75 152 6821.9
1 75 153 6868.8
1 76 154 6862.0
1 77 154 6849.2
1 78 154 6839.0
1 79 155 6827.7
1 80 155 6815.1
1 81 156 6797.5
1 82 157 6771.0
1 82 158 6748.6
1 83 158 6734.5
1 84 159 6704.6
1 84 160 6676.8
1 84 161 6652.4
1 84 162 6628.5
1 85 163 6603.4
1 86 164 6574.0
1 87 165 6537.0
1 88 166 6502.2
1 89 167 6468.6
1 90 168 6387.2
1 90 169 6337.2
1 91 170 6269.8
1 92 171 6198.4
1 93 172 6167.7
1 94 173 6141.2
1 94 174 6138.8
1 95 175 6123.4
1 95 176 6109.0
1 95 177 6113.7
1 95 178 6120.7
1 95 179 6126.0
1 96 180 5954.7
1 97 181 5971.7
1 98 182 5989.2
1 99 183 6006.7
1 100 184 6022.5
1 101 185 6037.9
1 102 185 6046.3
1 103 185 6061.9
1 104 186 6096.3
1 105 186 6097.4
1 106 187 6100.6
1 107 188 6096.4
1 108 189 5914.1
1 108 190 5916.1
1 108 191 5917.1
1 108 192 5916.7
1 108 193 5912.5
1 107 194 5707.4
1 107 195 5703.4
1 107 196 5695.6
1 107 197 5685.3
1 107 198 5673.3
1 106 199 5634.9
1 106 200 5622.0
1 105 201 5576.1
1 105 202 5562.9
1 104 203 5522.4
1 104 204 5513.7
1 104 205 5498.7
1 104 206 5477.3
1 104 207 5444.2
1 98 208 5460.6
1 99 208 5470.7
1 100 208 5483.1
1 101 208 5496.0
1 102 208 5513.7
1 103 208 5542.4
1 97 209 5451.3
1 97 210 5450.1
1 97 211 5446.0
1 97 212 5440.7
1 96 213 5424.1
1 95 214 5416.7
1 95 215 5415.4
1 94 216 5408.0
1 94 217 5407.1
1 94 218 5406.4
1 95 219 5410.6
1 96 220 5414.1
1 97 221 5418.0
1 97 222 5416.9
1 98 223 5420.2
1 98 224 5418.8
1 99 225 5422.9
1 99 226 5421.0
1 100 227 5242.1
1 128 227 5398.5
1 129 227 5461.6
1 101 228 5248.0
1 107 228 5142.9
1 108 228 5167.8
1 109 228 5196.4
1 110 228 5228.4
1 111 228 5263.1
1 125 228 5283.4
1 126 228 5309.8
1 127 228 5318.0
1 130 228 5187.6
1 131 228 5194.1
1 132 228 5188.2
1 133 228 5189.3
1 134 228 5195.5
1 135 228 5209.9
1 136 228 5226.9
1 137 228 5240.2
1 138 228 5267.0
1 102 229 5252.8
1 106 229 5280.7
1 112 229 5117.3
1 118 229 5143.6
1 119 229 5162.0
1 120 229 5177.9
1 121 229 5192.0
1 122 229 5203.3
1 123 229 5212.7
1 124 229 5215.2
1 139 229 5340.3
1 103 230 5256.3
1 104 230 5258.9
1 105 230 5261.9
1 113 230 5133.9
1 114 230 5125.4
1 115 230 5121.1
1 116 230 5118.6
1 117 230 5110.7
1 140 230 5307.1
1 139 231 5374.7
1 137 232 5411.3
1 138 232 5410.6
1 136 233 5414.6
1 135 234 5407.4
1 133 235 5374.7
1 134 235 5388.0
1 132 236 5357.8
1 130 237 5314.5
1 131 237 5329.7
1 129 238 5303.3
1 128 239 5287.2
1 127 240 5267.3
1 127 241 5257.5
1 127 242 5244.6
1 128 243 5252.9
1 129 244 5251.2
1 129 245 5238.5
1 130 246 5234.7
1 131 246 5233.6
1 132 246 5236.5
1 133 246 5245.8
1 134 246 5263.2
1 135 246 5289.6
1 136 246 5316.8
1 137 246 5336.8
1 138 246 5358.8
1 139 247 5409.5
1 140 247 5434.0
1 141 247 5471.5
1 142 247 5514.8
1 143 248 5577.8
1 144 249 5671.3
1 144 250 5698.1
1 145 251 5749.9
1 145 252 5775.5
1 145 253 5795.8
1 146 254 5829.1
1 146 255 5826.5
1 146 256 5820.5
1 146 257 5812.6
1 146 258 5802.4
1 146 259 5790.6
1 146 260 5777.2
1 146 261 5764.9
1 146 262 5751.7
1 146 263 5738.5
1 146 264 5728.4
1 146 265 0.0
1 147 266 5482.8
1 147 267 5453.7
1 147 268 5428.8
1 147 269 5389.1
1 147 270 5356.1
1 148 271 5306.0
1 148 272 5279.2
1 148 273 5252.1
1 148 274 5230.3
1 149 274 5215.4
1 149 275 5175.8
1 149 276 5143.6
1 149 277 5091.0
1 149 278 5036.4
1 150 279 5132.7
1 150 280 5087.7
1 150 281 5046.5
1 150 282 5016.2
1 151 283 4932.5
1 151 284 4888.7
1 151 285 4855.4
1 152 286 4761.4
1 152 287 4706.8
1 152 288 4662.5
1 152 289 4628.0
1 153 290 4722.8
1 153 291 4696.3
1 153 292 4704.2
1 154 293 4715.0
1 154 294 4726.6
1 154 295 4736.1
1 154 296 4742.2
1 155 297 4760.1
1 155 298 4763.9
1 156 299 4586.8
1 157 299 4593.1
1 158 299 4602.6
1 159 299 4615.1
1 160 299 4631.1
1 161 299 4650.5
1 162 300 4681.7
1 162 301 4684.5
1 162 302 4683.6
1 162 303 4681.0
1 162 304 4678.3
1 163 305 4857.4
1 163 306 4848.4
1 163 307 4838.6
1 163 308 4829.3
1 163 309 4823.2
1 164 310 5039.4
1 165 311 5081.0
1 166 312 5152.7
1 167 313 5211.3
1 168 314 5244.2
1 168 315 5076.7
1 168 316 5081.0
1 169 316 5088.5
1 169 317 5094.3
1 170 317 5104.1
1 171 318 5105.2
1 171 319 5081.8
1 172 320 5033.9
1 172 321 4986.4
1 172 322 4938.1
1 172 323 4887.1
1 172 324 4847.4
1 173 325 4845.9
1 173 326 4849.5
1 173 327 4851.3
1 174 328 4860.7
1 174 329 4862.3
1 174 330 4863.3
1 175 331 4867.8
1 176 331 4871.8
1 177 331 4877.7
1 178 332 4887.1
1 179 333 4889.7
1 179 334 4886.6
1 179 335 4883.5
1 180 336 4881.0
1 181 337 4872.5
1 181 338 4867.8
1 187 338 4741.0
1 188 338 4762.1
1 189 338 4779.7
1 190 338 4793.4
1 182 339 4858.5
1 186 339 4873.5
1 191 339 4797.0
1 192 339 5216.0
1 182 340 4852.5
1 186 340 4857.8
1 193 340 5215.3
1 182 341 4848.9
1 186 341 4847.8
1 194 341 5215.2
1 195 341 5216.8
1 183 342 4845.3
1 184 342 4845.1
1 185 342 4844.6
1 186 342 4843.5
1 196 342 5216.5
1 196 343 5214.4
1 197 344 5213.3
1 198 345 5210.9
1 199 346 5208.8
1 200 346 5210.4
1 201 346 5212.6
1 202 346 5214.7
1 203 346 5215.5
1 204 346 4180.0
1 205 347 5199.5
1 206 347 5193.3
1 207 348 5398.8
1 207 349 5496.1
1 207 350 5637.0
1 206 351 5696.9
1 205 352 5701.7
1 205 353 5706.2
1 205 354 5711.2
1 206 355 5734.1
1 206 356 5742.3
1 207 357 5767.0
1 208 357 5784.2
1 209 358 5465.4
1 210 359 5522.7
1 211 359 5550.7
1 212 360 5470.5
1 212 361 5507.7
1 208 362 5529.9
1 209 362 5534.6
1 210 362 5541.7
1 211 362 5547.4
1 207 363 5526.1
1 206 364 5520.7
1 206 365 5522.0
1 206 366 5522.2
1 206 367 5521.4
1 206 368 5520.4
1 206 369 5519.2
1 207 369 5525.6
1 208 369 5542.1
1 209 369 5563.8
1 210 369 5588.2
1 211 369 5618.5
1 212 369 5654.9
1 213 369 5699.1
1 214 370 5595.6
1 215 370 5629.4
1 216 372 5626.7
1 214 373 5263.1
1 215 373 5351.3
1 214 374 5220.0
1 213 375 5270.2
1 212 376 5247.8
1 211 377 5194.7
1 211 378 5183.6
1 211 379 5178.1
1 211 380 5180.2
1 211 381 5189.3
1 211 382 5243.7
1 211 383 5293.5
1 212 384 45000.0
1 212 385 45000.0
1 212 386 45000.0
1 212 387 45000.0
1 212 388 45000.0
1 212 389 45000.0
1 212 390 45000.0
1 212 391 45000.0
1 212 392 45000.0
1 212 393 45000.0
1 213 394 45000.0
1 213 395 45000.0
1 213 396 45000.0
1 213 397 45000.0
1 213 398 45000.0
1 213 399 45000.0
1 213 400 45000.0
1 213 401 45000.0
1 213 402 45000.0
1 214 403 45000.0
1 214 404 45000.0
1 214 405 45000.0
1 214 406 45000.0
1 214 407 45000.0
1 214 409 45000.0
1 214 410 45000.0
1 214 411 45000.0
1 214 412 45000.0
1 214 413 45000.0
1 214 414 45000.0
1 214 415 45000.0
1 215 416 45000.0
1 215 417 45000.0
1 227 417 45000.0
1 228 417 45000.0
1 229 417 45000.0
1 216 418 45000.0
1 226 418 45000.0
1 230 418 45000.0
1 217 419 45000.0
1 218 419 45000.0
1 219 419 45000.0
1 220 419 45000.0
1 221 419 45000.0
1 222 419 45000.0
1 223 419 45000.0
1 224 419 45000.0
1 225 419 45000.0
1 229 419 45000.0
1 229 420 45000.0
1 226 421 45000.0
1 227 421 45000.0
1 228 421 45000.0
1 224 422 45000.0
1 225 422 45000.0
1 224 423 45000.0
1 224 424 45000.0
1 225 424 45000.0
1 226 424 45000.0
1 227 424 45000.0
1 228 424 45000.0
1 229 425 45000.0
1 229 426 45000.0
1 229 427 45000.0
1 229 428 45000.0
1 229 429 45000.0
1 228 430 45000.0
1 228 431 45000.0
1 228 432 45000.0
1 228 433 45000.0
1 228 434 45000.0
1 228 435 45000.0
1 229 435 45000.0
1 230 436 45000.0
1 230 437 45000.0
1 230 438 45000.0
1 230 439 45000.0
1 230 440 45000.0
1 230 441 45000.0
1 230 442 45000.0
1 230 443 45000.0
1 230 444 45000.0
1 230 445 45000.0
1 230 446 45000.0
1 230 447 45000.0
1 230 448 45000.0
1 230 449 45000.0
1 230 450 45000.0
1 230 451 45000.0
1 230 452 45000.0
1 230 453 45000.0
1 230 454 45000.0
1 230 455 45000.0
1 230 456 45000.0
1 231 457 45000.0
1 231 458 45000.0
1 231 459 45000.0
1 231 460 45000.0
1 232 461 45000.0
1 232 462 45000.0
1 232 463 45000.0
1 232 464 45000.0
1 233 464 45000.0
1 234 464 45000.0
1 235 464 45000.0
1 236 464 45000.0
1 237 464 45000.0
1 238 464 45000.0
1 239 465 45000.0
1 239 466 45000.0
1 239 467 5337.1
1 238 468 5337.1
1 238 469 5337.1
1 238 470 5337.1
1 239 471 5337.1
1 240 471 5337.1
1 241 472 5337.1
1 242 472 5337.1
1 243 472 5337.1
1 244 473 5337.1
1 245 474 5337.1
1 246 475 5337.1
1 246 476 5337.1
1 246 477 5337.1
1 246 478 5337.1
1 246 479 5337.1
1 246 480 5337.1
1 245 481 5337.1
1 245 482 5337.1
1 244 483 5337.1
1 243 484 5337.1
1 243 485 5337.1
1 243 486 5337.1
1 243 487 5337.1
1 243 488 5337.1
1 243 489 5337.1
1 242 490 5337.1
1 242 491 5337.1
1 241 492 5337.1
1 241 493 5337.1
1 240 494 5337.1
1 239 495 5337.1
1 238 496 5337.1
1 235 497 5337.1
1 236 497 5337.1
1 237 497 5337.1
1 233 498 5337.1
1 234 498 5337.1
1 233 499 5337.1
1 232 500 5337.1
1 231 501 5337.1
1 231 502 5337.1
1 231 503 5337.1
1 231 504 5337.1
1 231 505 5337.1
1 231 506 5337.1
1 231 507 5337.1
1 231 508 5337.1
1 231 509 5337.1
1 231 510 5337.1
1 231 511 5337.1
1 231 512 5337.1
1 231 513 5337.1
1 231 514 5337.1
1 231 515 5337.1
1 232 516 5337.1
1 232 517 5337.1
1 232 518 5337.1
1 233 519 5337.1
1 233 520 5337.1
1 233 521 5337.1
1 234 522 5337.1
1 234 523 5337.1
1 235 524 5337.1
1 235 525 5337.1
1 236 525 5337.1
1 237 525 5337.1
1 238 525 5337.1
1 239 526 5337.1
1 239 527 5337.1
1 240 528 5437.9
1 240 529 5453.1
1 241 530 5519.7
1 241 531 5549.7
1 241 532 5566.6
1 241 533 5578.1
1 241 534 5586.4
1 242 535 5064.8
1 242 536 5076.1
1 243 536 5094.1
1 244 536 5126.6
1 245 536 5155.2
1 246 537 5210.6
1 246 538 5227.7
1 247 539 5267.6
1 248 540 5303.1
1 249 540 5315.2
1 250 540 5331.6
1 251 541 5365.2
1 250 544 5398.8
1 251 544 5401.1
1 245 545 5344.2
1 246 545 5355.4
1 247 545 5374.0
1 248 545 5387.7
1 249 545 5393.2
1 243 546 5317.7
1 244 546 5321.7
1 243 547 5318.4
1 242 548 5314.5
1 242 549 5314.8
1 241 550 5308.6
1 241 551 5306.9
1 240 552 5296.5
1 239 553 5285.5
1 238 554 0.0
1 237 555 5249.9
1 236 556 5248.8
1 236 557 5248.8
1 232 558 5189.1
1 233 558 5186.1
1 234 558 5193.8
1 235 558 5197.3
1 232 559 5201.2
1 231 560 5201.4
1 231 561 5209.8
1 231 562 5216.5
1 231 563 5221.6
1 231 564 5222.9
1 230 565 5389.7
1 230 566 5382.9
1 230 567 5372.0
1 230 568 5359.6
1 215 371 5678.1
1 39 51 6043.2
1 39 52 5967.8
1 38 53 5714.5
1 38 54 5641.8
1 37 55 5375.6
1 36 56 5152.8
1 35 57 4950.0
1 35 58 4889.0
1 35 59 4787.7
1 35 60 8397.7
1 35 61 8262.3
1 35 62 8125.5
1 35 63 7985.2
1 35 64 7841.2
1 35 65 7693.4
1 35 66 7542.6
1 35 67 7395.4
1 35 68 7276.3
1 36 69 10770.0
1 36 70 10502.6
1 36 71 10250.3
1 36 72 10007.1
1 36 73 9772.1
1 36 74 9559.1
1 36 75 9377.7
1 36 76 9287.9
1 36 77 9255.2
1 230 569 5347.0
1 230 570 5333.5
1 230 571 5317.4
1 230 572 5306.0
1 230 573 5316.9
1 230 574 5332.4
1 230 575 5342.6
1 230 576 5344.7
1 230 577 5179.6
1 230 578 5212.8
1 230 579 5245.9
1 230 580 5275.3
1 230 581 5278.4
1 230 582 5283.8
1 230 583 5286.3
1 230 584 5285.4
1 230 585 5282.0
1 230 586 5277.4
1 230 587 5271.3
1 230 588 5267.4
1 229 589 5251.5
1 229 590 5242.2
1 228 591 5219.5
1 228 592 5203.8
1 228 593 5186.5
1 228 594 5164.3
1 227 595 5120.1
1 227 596 5096.9
1 227 597 5068.8
1 227 598 5035.6
1 227 599 4786.4
1 226 600 4700.2
1 226 601 4698.2
1 226 602 4696.9
1 226 603 4697.6
1 225 604 4268.5
1 224 605 4268.5
1 223 606 4290.4
1 222 607 4310.8
1 223 605 4275.0
1 114 114 -7868.9
1 117 120 -986.502
1 129 121 -11803.3
1 130 122 -986.502
1 133 112 -70258.1
1 135 194 -986.502
1 138 201 -6604.26
1 139 168 -983.61
1 140 168 -9274.06
1 141 191 -41030.7
1 143 172 -17002.4
1 143 190 -44543.6
1 144 166 -13208.5
1 144 172 -15878.3
1 145 161 -133350.0
1 145 164 -702.58
1 146 117 -28103.2
1 146 188 -2950.84
1 146 190 -13489.5
1 147 145 -986.502
1 148 176 -25998.4
1 148 196 -36112.6
1 149 145 -35129.0
1 149 146 -33021.3
1 150 124 -20796.4
1 150 141 -3091.35
1 150 198 -16440.4
1 151 142 -25573.9
1 151 195 -16018.8
1 152 123 -23466.2
1 152 125 -3937.34
1 152 132 -2953.73
1 153 111 -4215.48
1 153 142 -10398.2
1 153 192 -33864.4
1 154 125 -281.03
1 154 171 -27825.1
1 154 249 -25292.9
1 155 112 -35129.0
1 155 129 -702.58
1 155 141 -18829.2
1 156 129 -107214.0
1 156 146 -6042.19
1 157 135 -17008.2
1 157 140 -141359.0
1 158 133 -8152.82
1 158 137 -35410.1
1 158 181 -66604.6
1 159 119 -24449.8
1 159 173 -44122.1
1 160 116 -59719.4
1 160 119 -5480.13
1 161 125 -11662.8
1 161 129 -6744.77
1 161 131 -8149.94
1 161 140 -421.55
1 161 188 -40328.1
1 162 121 -53536.6
1 162 128 -432368.0
1 162 132 -66323.6
1 162 140 -1405.16
1 162 167 -140.52
1 162 169 -13489.5
1 163 138 -3515.79
1 163 139 -1124.13
1 164 135 -3934.45
1 164 187 -36815.2
1 165 130 -27400.7
1 165 131 -562.06
1 166 126 -702.58
1 167 259 -1405.16
1 168 123 -2669.81
1 168 208 -11522.3
1 169 127 -702.58
1 169 163 -66042.6
1 170 131 -11943.9
1 170 132 -12646.5
1 171 130 -7728.39
1 171 131 -12787.0
1 171 132 -34567.0
1 172 130 -193912.0
1 172 218 -42154.8
1 173 224 -1967.23
1 175 134 -31756.7
1 175 204 -281.03
1 176 176 -13630.1
1 176 202 -2950.84
1 177 211 -23466.2
1 178 261 -3934.45
1 179 181 -19391.2
1 179 183 -22623.1
1 179 210 -72365.8
1 183 184 -15456.8
1 184 246 -6604.26
1 187 200 -109322.0
1 188 198 -19812.8
1 188 209 -15737.8
1 188 240 -34426.4
1 188 258 -24871.3
1 191 191 -56206.4
1 191 281 -22904.1
1 193 256 -562.06
1 193 260 -26121.9
1 195 276 -562.06
1 197 252 -29508.4
1 198 297 -8852.52
1 198 298 -986.502
1 199 231 -12505.9
1 199 298 -986.502
1 200 298 -986.502
1 203 275 -27962.7
1 203 280 -25292.9
1 204 248 -23634.8
1 205 300 -1002.46
1 206 196 -109462.0
1 206 286 -2810.32
1 206 300 -1973.0
1 210 264 -843.1
1 211 255 -23606.7
1 211 332 -12126.5
1 212 226 -7166.32
1 212 258 -23887.7
1 213 264 -140.52
1 214 240 -31897.2
1 215 260 -13911.1
1 216 238 -24449.8
1 216 267 -18688.7
1 217 264 -19110.2
1 217 365 -1405.16
1 218 179 -35972.1
1 219 310 -1826.71
1 221 223 -13911.1
1 221 246 -1545.68
1 221 284 -17212.3
1 222 352 -25715.5
1 222 369 -5761.16
1 223 271 -18969.7
1 224 301 -11803.3
1 224 374 -10793.2
1 226 311 -1967.23
1 226 331 -32795.3
1 226 350 -330.75
1 226 365 -2790.65
1 226 382 -18558.3
1 227 270 -35972.1
1 230 255 -41030.7
1 230 361 -34988.5
1 231 401 -9136.44
1 232 256 -6323.23
1 232 370 -2666.28
1 233 337 -986.502
1 233 376 -46243.9
1 233 394 -1973.0
1 233 399 -35550.6
1 234 304 -5620.65
1 234 393 -986.502
1 235 338 -23747.2
1 235 367 -21617.5
1 235 400 -2107.74
1 235 609 -1607.99
1 236 263 -14473.2
1 236 351 -35129.0
1 236 609 -19.05
1 237 237 -2669.81
1 237 316 -56410.0
1 237 357 -2635.52
1 237 389 -986.502
1 238 398 -5.17
1 238 605 -4932.51
1 238 609 -1973.0
1 239 338 -9976.65
1 239 361 -5620.65
1 239 426 -843.1
1 239 605 -4932.51
1 239 606 -2959.51
1 239 619 -986.502
1 240 380 -986.502
1 240 426 -986.502
1 240 608 -3946.01
1 241 342 -22061.0
1 241 358 -702.58
1 241 604 -986.502
1 242 311 -12126.5
1 243 357 -8430.97
1 243 371 -986.502
1 243 389 -1545.68
1 243 422 -281.03
1 243 431 -118.91
1 243 605 -4932.51
1 244 431 -6571.47
1 244 605 -5919.01
1 244 621 -1973.0
1 245 238 -84309.7
1 245 322 -19698.4
1 245 337 -9136.44
1 245 370 -10173.4
1 245 621 -986.502
1 246 321 -5519.47
1 246 618 -2959.51
1 247 344 -986.502
1 247 383 -19124.1
1 247 384 -4113930.0
1 247 424 -47916.0
1 248 251 -57753.3
1 248 424 -47916.0
1 248 436 -10679.2
1 248 444 -40368.3
1 248 589 -30913.6
1 249 373 -986.502
1 249 389 -1826.71
1 249 424 -48902.5
1 249 430 -78394.5
1 249 436 -11803.3
1 249 606 -4932.51
1 250 239 -40328.1
1 250 326 -5665.61
1 250 424 -48902.5
1 250 425 -431385.0
1 250 431 -68268.2
1 250 595 -2959.51
1 251 300 -4215.48
1 251 333 -1320.85
1 251 356 -38487.1
1 251 456 -1829.6
1 251 457 -32.19
1 251 594 -986.502
1 251 595 -1027.25
1 251 596 -1973.0
1 252 230 -25292.9
1 252 285 -10398.2
1 252 450 -1405.16
1 252 595 -986.502
1 252 606 -986.502
1 253 298 -5689.81
1 253 416 -140.52
1 253 420 -18104.1
1 253 445 -90605.4
1 254 338 -702.58
1 254 367 -1124.13
1 254 407 -32.8
1 254 597 -986.502
1 254 607 -4780.44
1 255 381 -37096.3
1 255 383 -56768.5
1 255 388 -76019.2
1 255 395 -2388.77
1 255 420 -1363.57
1 255 439 -26276.5
1 255 443 -186523.0
1 255 595 -986.502
1 255 596 -986.502
1 255 606 -986.502
1 255 609 -1973.0
1 255 610 -25493.8
1 256 314 -10929.3
1 256 335 -11381.8
1 256 341 -2810.32
1 256 370 -13868.9
1 256 413 -9133.55
1 256 586 -73153.2
1 256 593 -3946.01
1 257 238 -3372.39
1 257 324 -3299.64
1 257 576 -5485.9
1 257 599 -4118.94
1 257 600 -82623.5
1 258 325 -17536.1
1 258 336 -3259.97
1 258 418 -265651.0
1 258 420 -99027.2
1 258 442 -936166.0
1 258 464 -1124.13
1 258 585 -5919.01
1 258 595 -1973.0
1 258 601 -125200.0
1 258 602 -57289.6
1 259 340 -2391.66
1 259 405 -177078.0
1 259 588 -49830.6
1 259 592 -986.502
1 259 593 -1690.49
1 260 349 -702.58
1 260 358 -421.55
1 260 407 -3822450.0
1 260 413 -320762.0
1 260 424 -2170.69
1 260 463 -32740.3
1 260 464 -42716.9
1 260 585 -22883.0
1 260 586 -43147.7
1 261 337 -8149.94
1 261 355 -16861.9
1 261 381 -272821.0
1 261 395 -30999.8
1 261 416 -64356.4
1 261 418 -986.502
1 261 429 -98914.9
1 261 464 -69555.5
1 261 492 -986.502
1 261 571 -10538.7
1 261 576 -31630.6
1 262 345 -2810.32
1 262 449 -140.52
1 262 540 -434.19
1 262 564 -4886.25
1 262 567 -55148.7
1 262 568 -18969.7
1 262 570 -193069.0
1 262 571 -3512.9
1 263 471 -7728.39
1 263 477 -4637.03
1 263 520 -1973.0
1 263 574 -1686.19
1 263 582 -13810.3
1 264 265 -18267.1
1 264 345 -9555.1
1 264 355 -140.52
1 264 367 -1127.02
1 264 383 -61424.1
1 264 407 -4215.48
1 264 428 -208400.0
1 264 468 -42.15
1 264 471 -7587.87
1 264 476 -97658.7
1 264 477 -1686.19
1 264 523 -3100.03
1 264 549 -7259.06
1 265 364 -21346.9
1 265 374 -147937.0
1 265 380 -104.88
1 265 421 -8611.06
1 265 422 -283734.0
1 265 557 -1967.23
1 266 337 -986.502
1 266 340 -421.55
1 266 425 -15499.9
1 266 462 -281.03
1 267 391 -17283.5
1 267 396 -140.52
1 267 463 -4215.48
1 267 555 -986.502
1 267 556 -986.502
1 268 334 -12646.5
1 268 436 -2959190.0
1 268 455 -43.22
1 268 479 -421.55
1 268 480 -140.52
1 268 489 -54360.3
1 268 545 -309.83
1 269 349 -2669.81
1 269 363 -986.502
1 269 397 -140.52
1 269 456 -22890.1
1 269 483 -140.52
1 269 541 -986.502
1 269 545 -498.76
1 270 352 -10398.2
1 270 397 -58173.7
1 270 412 -269957.0
1 270 417 -46069.2
1 270 429 -6918.7
1 270 481 -986.502
1 270 483 -1029.92
1 270 484 -986.502
1 270 486 -92571.1
1 270 498 -81780.4
1 270 539 -421.55
1 271 319 -78389.6
1 271 371 -140.52
1 271 415 -54249.7
1 271 451 -2669.81
1 271 485 -41.36
1 271 493 -109410.0
1 271 498 -71944.3
1 271 537 -204870.0
1 272 336 -30.98
1 272 337 -24073.4
1 272 351 -23325.7
1 272 368 -27065.6
1 272 388 -984244.0
1 272 450 -7868.9
1 272 451 -34145.4
1 272 453 -140.52
1 272 462 -2687510.0
1 272 490 -562.06
1 272 491 -4.18
1 272 497 -92433.7
1 272 498 -702.58
1 272 530 -40377.7
1 272 532 -204130.0
1 272 535 -67009.0
1 273 363 -7306.84
1 273 392 -681.46
1 273 410 -3512.9
1 273 417 -12486.0
1 273 426 -41333.1
1 273 480 -77143.4
1 273 510 -986.502
1 273 516 -28103.2
1 273 517 -619419.0
1 273 518 -257.07
1 274 520 -29648.9
1 274 523 -1545.68
1 275 367 -2529.29
1 275 441 -322915.0
1 275 450 -113818.0
1 275 506 -9555.1
1 276 364 -4777.55
1 276 366 -48056.5
1 276 446 -17002.4
1 276 474 -41843.7
1 277 294 -105107.0
1 277 407 -861106.0
1 277 431 -19100.3
1 277 454 -140.52
1 277 468 -140.52
1 277 472 -8600.89
1 277 480 -44229.4
1 278 365 -221594.0
1 278 435 -29.3
1 278 482 -8149.94
1 279 336 -3934.45
1 279 433 -258334.0
1 279 438 -322054.0
1 279 449 -1967.23
1 279 475 -182929.0
1 279 485 -15737.8
1 280 365 -4777.55
1 280 433 -51716.6
1 280 442 -9836.13
1 280 469 -8049.18
1 280 471 -56187.7
1 281 388 -548568.0
1 281 458 -848620.0
1 282 409 -6604.26
1 282 424 -2248.26
1 282 430 -421.55
1 282 436 -5328.18
1 282 454 -1158.63
1 282 457 -746.61
1 283 429 -389932.0
1 283 449 -191166.0
1 283 452 -5858.12
1 283 455 -193486.0
1 283 468 -77686.1
1 284 339 -9294.48
1 284 457 -13630.1
1 284 463 -545016.0
1 284 481 -5404.59
1 285 306 -33723.9
1 285 336 -6604.26
1 285 374 -4074.97
1 285 467 -166031.0
1 285 475 -623.05
1 286 330 -71944.1
1 286 425 -367262.0
1 286 475 -73286.5
1 286 477 -548557.0
1 287 329 -9147.73
1 287 388 -70180.1
1 287 424 -3512.9
1 287 426 -238654.0
1 287 477 -97040.6
1 288 419 -11943.9
1 288 423 -1826.71
1 288 426 -986.502
1 289 351 -55784.9
1 289 404 -47133.2
1 289 459 -77465.8
1 289 468 -5392.42
1 290 382 -139069.0
1 290 402 -50655.5
1 290 411 -5761.16
1 290 412 -18840.4
1 290 413 -19391.2
1 290 420 -646.37
1 291 350 -843.1
1 291 355 -31961.1
1 291 399 -165790.0
1 291 419 -1155600.0
1 292 361 -7025.81
1 292 365 -24309.3
1 292 416 -2950.84
1 292 469 -42753.4
1 293 355 -2810.32
1 294 435 -29367.9
1 294 447 -43952.9
1 294 458 -12486.0
1 295 356 -8675.1
1 295 391 -12224.9
1 295 430 -1109100.0
1 295 434 -1.41
1 296 388 -1677.24
1 296 398 -1367.42
1 296 406 -120770.0
1 296 433 -10257.7
1 297 381 -4356.0
1 297 383 -983.61
1 297 395 -328035.0
1 297 401 -157566.0
1 297 402 -95913.8
1 297 413 -1261950.0
1 297 415 -65480.5
1 297 442 -85083.0
1 298 389 -2388.77
1 298 390 -9133.55
1 299 354 -2107.74
1 299 355 -4215.48
1 299 387 -814.99
1 334 405 -24028.3
1 102 110 -986.502
1 102 113 -986.502
1 103 100 -986.502
1 103 104 -986.502
1 104 115 -986.502
1 105 115 -986.502
1 105 139 -986.502
1 108 117 -986.502
1 109 112 -986.502
1 111 155 -986.502
1 111 208 -986.502
1 112 181 -986.502
1 113 111 -986.502
1 113 159 -986.502
1 113 211 -986.502
1 114 173 -986.502
1 114 212 -1973.0
1 115 212 -1973.0
1 116 121 -986.502
1 116 150 -986.502
1 116 166 -986.502
1 117 119 -986.502
1 117 168 -986.502
1 117 210 -986.502
1 119 194 -986.502
1 119 202 -986.502
1 119 96 -986.502
1 120 155 -986.502
1 120 94 -986.502
1 121 187 -986.502
1 123 110 -986.502
1 123 111 -986.502
1 123 158 -986.502
1 123 168 -986.502
1 123 193 -986.502
1 123 202 -1973.0
1 125 150 -986.502
1 125 151 -986.502
1 125 193 -986.502
1 125 194 -986.502
1 126 121 -986.502
1 126 191 -986.502
1 126 195 -986.502
1 127 150 -986.502
1 127 160 -986.502
1 127 169 -986.502
1 127 195 -986.502
1 127 199 -1973.0
1 128 122 -986.502
1 128 148 -986.502
1 128 149 -986.502
1 128 152 -986.502
1 128 153 -986.502
1 128 154 -986.502
1 128 157 -986.502
1 128 199 -986.502
1 129 117 -986.502
1 129 119 -986.502
1 129 122 -986.502
1 129 146 -986.502
1 129 154 -1973.0
1 129 162 -986.502
1 129 176 -986.502
1 130 120 -986.502
1 130 154 -986.502
1 130 155 -986.502
1 130 156 -2959.51
1 130 194 -986.502
1 131 112 -986.502
1 131 121 -986.502
1 131 122 -986.502
1 131 150 -986.502
1 131 156 -986.502
1 131 157 -986.502
1 131 158 -986.502
1 131 161 -1973.0
1 131 198 -986.502
1 132 112 -986.502
1 132 155 -986.502
1 132 156 -986.502
1 132 160 -986.502
1 132 161 -1973.0
1 133 155 -986.502
1 133 159 -986.502
1 133 160 -1973.0
1 133 192 -1973.0
1 133 193 -986.502
1 134 148 -986.502
1 134 150 -986.502
1 134 151 -986.502
1 134 156 -986.502
1 134 191 -986.502
1 134 193 -3946.01
1 135 148 -4932.51
1 135 149 -1973.0
1 135 156 -986.502
1 135 157 -986.502
1 135 193 -2959.51
1 136 147 -986.502
1 136 148 -986.502
1 136 149 -986.502
1 136 150 -1973.0
1 136 153 -986.502
1 136 155 -986.502
1 137 148 -986.502
1 137 150 -986.502
1 137 153 -1973.0
1 137 154 -986.502
1 137 157 -2959.51
1 137 175 -986.502
1 137 206 -986.502
1 138 151 -986.502
1 138 152 -986.502
1 138 153 -2959.51
1 138 168 -986.502
1 138 169 -986.502
1 139 151 -986.502
1 140 138 -986.502
1 140 155 -3946.01
1 140 156 -986.502
1 140 171 -986.502
1 140 180 -986.502
1 141 149 -986.502
1 141 154 -1973.0
1 141 157 -986.502
1 141 171 -986.502
1 141 199 -1973.0
1 142 155 -986.502
1 142 156 -986.502
1 142 157 -986.502
1 142 158 -986.502
1 142 174 -986.502
1 142 179 -986.502
1 142 201 -986.502
1 143 146 -986.502
1 143 157 -2959.51
1 144 142 -1973.0
1 144 173 -986.502
1 145 142 -986.502
1 145 143 -986.502
1 145 151 -986.502
1 145 187 -986.502
1 145 226 -986.502
1 146 140 -986.502
1 146 141 -1973.0
1 146 145 -986.502
1 146 208 -986.502
1 146 229 -986.502
1 146 230 -986.502
1 146 232 -986.502
1 147 139 -2959.51
1 147 140 -986.502
1 147 141 -986.502
1 147 142 -986.502
1 147 229 -986.502
1 147 230 -986.502
1 147 233 -986.502
1 147 239 -986.502
1 147 240 -986.502
1 148 217 -986.502
1 148 221 -986.502
1 149 127 -986.502
1 149 147 -986.502
1 149 154 -986.502
1 149 222 -986.502
1 149 253 -986.502
1 150 160 -986.502
1 150 164 -986.502
1 150 177 -986.502
1 150 227 -986.502
1 150 236 -986.502
1 151 128 -986.502
1 151 228 -986.502
1 152 153 -986.502
1 152 173 -986.502
1 152 176 -986.502
1 152 222 -986.502
1 152 228 -986.502
1 153 126 -986.502
1 153 136 -986.502
1 153 155 -986.502
1 153 232 -986.502
1 153 238 -986.502
1 153 253 -986.502
1 154 126 -986.502
1 154 133 -986.502
1 154 161 -986.502
1 154 172 -986.502
1 154 220 -986.502
1 154 244 -986.502
1 155 170 -1973.0
1 155 216 -986.502
1 155 262 -986.502
1 156 160 -986.502
1 156 211 -986.502
1 156 223 -986.502
1 157 132 -986.502
1 157 133 -986.502
1 157 134 -2959.51
1 157 136 -986.502
1 157 194 -986.502
1 157 207 -986.502
1 157 240 -986.502
1 158 135 -986.502
1 158 248 -986.502
1 159 152 -986.502
1 159 231 -986.502
1 159 240 -986.502
1 159 247 -986.502
1 159 248 -986.502
1 159 250 -986.502
1 159 251 -986.502
1 159 257 -986.502
1 160 133 -986.502
1 160 249 -1973.0
1 160 251 -1973.0
1 160 252 -986.502
1 160 253 -986.502
1 160 262 -986.502
1 161 144 -1973.0
1 161 251 -986.502
1 161 253 -986.502
1 162 137 -1973.0
1 162 252 -1973.0
1 162 253 -986.502
1 163 152 -986.502
1 163 190 -986.502
1 163 236 -986.502
1 164 278 -986.502
1 164 290 -986.502
1 164 299 -986.502
1 165 133 -1973.0
1 165 134 -1973.0
1 165 135 -986.502
1 165 290 -986.502
1 166 131 -986.502
1 166 132 -986.502
1 166 133 -1973.0
1 166 134 -986.502
1 166 135 -986.502
1 166 210 -986.502
1 166 254 -986.502
1 166 255 -986.502
1 167 127 -986.502
1 167 132 -1973.0
1 167 133 -1973.0
1 167 134 -2959.51
1 167 256 -986.502
1 167 288 -986.502
1 167 294 -986.502
1 168 130 -986.502
1 168 131 -986.502
1 168 132 -3946.01
1 168 133 -3946.01
1 168 286 -986.502
1 168 287 -1973.0
1 168 291 -1973.0
1 169 128 -1973.0
1 169 129 -3946.01
1 169 131 -986.502
1 169 132 -4932.51
1 169 133 -2959.51
1 169 134 -8878.52
1 169 135 -986.502
1 169 236 -986.502
1 169 260 -986.502
1 169 271 -986.502
1 169 287 -986.502
1 169 290 -986.502
1 170 133 -2959.51
1 170 134 -11838.0
1 170 136 -986.502
1 170 187 -986.502
1 170 256 -986.502
1 170 287 -986.502
1 170 292 -986.502
1 171 133 -1973.0
1 171 134 -986.502
1 171 136 -4932.51
1 171 290 -986.502
1 172 257 -986.502
1 172 284 -986.502
1 172 295 -1973.0
1 172 311 -986.502
1 173 258 -986.502
1 173 278 -986.502
1 173 290 -986.502
1 173 292 -986.502
1 173 293 -1973.0
1 173 294 -986.502
1 174 124 -986.502
1 174 253 -986.502
1 174 261 -986.502
1 174 270 -986.502
1 174 283 -986.502
1 174 289 -986.502
1 174 293 -986.502
1 175 260 -986.502
1 175 288 -986.502
1 175 292 -1973.0
1 175 293 -986.502
1 175 296 -986.502
1 175 305 -986.502
1 176 274 -986.502
1 176 305 -986.502
1 177 289 -986.502
1 177 290 -986.502
1 178 243 -986.502
1 178 280 -986.502
1 178 285 -986.502
1 178 302 -986.502
1 178 305 -986.502
1 178 306 -986.502
1 178 311 -986.502
1 179 278 -986.502
1 179 285 -986.502
1 180 149 -986.502
1 180 286 -986.502
1 181 297 -986.502
1 181 307 -986.502
1 181 308 -986.502
1 183 242 -986.502
1 183 285 -986.502
1 183 295 -986.502
1 183 308 -986.502
1 183 309 -986.502
1 183 318 -986.502
1 184 263 -986.502
1 184 285 -986.502
1 184 313 -986.502
1 184 319 -986.502
1 185 257 -986.502
1 185 305 -986.502
1 185 306 -986.502
1 185 307 -986.502
1 185 315 -986.502
1 186 255 -986.502
1 186 265 -986.502
1 186 307 -1973.0
1 186 310 -986.502
1 188 262 -986.502
1 188 294 -986.502
1 188 295 -986.502
1 189 295 -986.502
1 189 309 -986.502
1 190 307 -986.502
1 190 308 -986.502
1 190 324 -986.502
1 191 292 -1973.0
1 191 304 -986.502
1 191 305 -986.502
1 192 258 -986.502
1 192 284 -986.502
1 192 304 -986.502
1 192 316 -986.502
1 192 319 -986.502
1 193 262 -986.502
1 193 301 -986.502
1 193 311 -986.502
1 193 313 -1973.0
1 194 284 -986.502
1 194 313 -986.502
1 195 269 -986.502
1 195 287 -986.502
1 195 289 -986.502
1 195 300 -986.502
1 195 311 -986.502
1 195 313 -986.502
1 196 269 -986.502
1 196 275 -986.502
1 196 303 -986.502
1 196 324 -986.502
1 196 333 -986.502
1 197 264 -986.502
1 197 283 -986.502
1 197 300 -986.502
1 197 322 -986.502
1 197 325 -986.502
1 198 242 -986.502
1 198 276 -1973.0
1 198 309 -986.502
1 198 311 -986.502
1 199 283 -986.502
1 199 311 -986.502
1 199 324 -986.502
1 200 280 -986.502
1 200 286 -986.502
1 200 296 -986.502
1 200 299 -986.502
1 200 306 -986.502
1 200 307 -986.502
1 200 312 -986.502
1 200 343 -986.502
1 200 345 -986.502
1 201 257 -986.502
1 202 280 -986.502
1 202 287 -986.502
1 202 297 -986.502
1 202 301 -986.502
1 202 302 -986.502
1 203 215 -986.502
1 203 304 -986.502
1 203 305 -986.502
1 203 309 -986.502
1 203 315 -986.502
1 205 263 -986.502
1 205 303 -986.502
1 205 304 -986.502
1 205 317 -986.502
1 205 318 -986.502
1 205 319 -986.502
1 206 264 -986.502
1 206 270 -986.502
1 206 301 -986.502
1 206 304 -986.502
1 206 315 -986.502
1 206 317 -1973.0
1 207 262 -986.502
1 207 300 -986.502
1 207 301 -1973.0
1 207 303 -986.502
1 207 304 -986.502
1 207 306 -1973.0
1 207 315 -986.502
1 207 317 -986.502
1 208 298 -1973.0
1 208 299 -1973.0
1 208 306 -986.502
1 208 317 -986.502
1 208 328 -986.502
1 209 284 -986.502
1 209 297 -986.502
1 209 302 -986.502
1 210 284 -986.502
1 210 301 -986.502
1 210 302 -986.502
1 210 342 -986.502
1 211 301 -986.502
1 211 321 -986.502
1 212 295 -986.502
1 212 347 -986.502
1 213 226 -986.502
1 213 287 -986.502
1 213 303 -986.502
1 213 329 -986.502
1 214 319 -986.502
1 215 289 -986.502
1 215 311 -986.502
1 215 353 -986.502
1 216 323 -986.502
1 216 341 -986.502
1 217 244 -986.502
1 217 249 -986.502
1 217 351 -986.502
1 218 209 -986.502
1 218 243 -986.502
1 218 292 -986.502
1 218 345 -1973.0
1 221 240 -986.502
1 221 611 -986.502
1 222 254 -986.502
1 222 362 -986.502
1 224 338 -986.502
1 224 359 -986.502
1 225 323 -986.502
1 225 329 -986.502
1 225 332 -986.502
1 225 368 -986.502
1 225 373 -986.502
1 225 378 -986.502
1 225 382 -1973.0
1 226 323 -986.502
1 226 388 -1973.0
1 226 618 -986.502
1 227 315 -986.502
1 228 606 -986.502
1 229 385 -1973.0
1 229 392 -986.502
1 229 393 -986.502
1 229 397 -3946.01
1 229 618 -4932.51
1 230 338 -986.502
1 230 373 -1973.0
1 230 384 -986.502
1 230 392 -1973.0
1 230 393 -3946.01
1 230 396 -986.502
1 230 605 -986.502
1 231 343 -986.502
1 231 383 -986.502
1 231 392 -4932.51
1 231 393 -10851.5
1 231 398 -986.502
1 231 603 -986.502
1 231 607 -1973.0
1 232 259 -986.502
1 232 300 -986.502
1 232 384 -986.502
1 232 389 -986.502
1 232 393 -5919.01
1 232 394 -3946.01
1 232 405 -986.502
1 232 604 -1973.0
1 232 606 -1973.0
1 232 607 -2959.51
1 232 608 -986.502
1 233 373 -986.502
1 233 393 -986.502
1 233 403 -986.502
1 233 406 -3946.01
1 233 601 -1973.0
1 233 602 -986.502
1 234 374 -986.502
1 234 388 -986.502
1 234 389 -986.502
1 234 406 -2959.51
1 234 407 -1973.0
1 234 601 -986.502
1 234 602 -1973.0
1 234 603 -2959.51
1 234 604 -986.502
1 234 605 -1973.0
1 234 606 -986.502
1 234 609 -986.502
1 234 620 -986.502
1 234 621 -986.502
1 235 342 -986.502
1 235 368 -986.502
1 235 389 -986.502
1 235 392 -986.502
1 235 404 -986.502
1 235 406 -986.502
1 235 599 -986.502
1 235 600 -1973.0
1 235 602 -2959.51
1 235 603 -986.502
1 235 606 -986.502
1 235 608 -986.502
1 236 256 -986.502
1 236 359 -986.502
1 236 377 -1973.0
1 236 378 -986.502
1 236 389 -1973.0
1 236 600 -986.502
1 236 601 -986.502
1 236 602 -1973.0
1 236 605 -986.502
1 236 606 -986.502
1 236 607 -986.502
1 236 620 -986.502
1 237 330 -986.502
1 237 377 -986.502
1 237 384 -986.502
1 237 388 -986.502
1 237 605 -1973.0
1 237 606 -2959.51
1 237 607 -1973.0
1 237 608 -4932.51
1 237 609 -2959.51
1 237 620 -986.502
1 238 346 -986.502
1 238 391 -986.502
1 238 410 -986.502
1 238 602 -986.502
1 238 603 -986.502
1 238 606 -4932.51
1 238 607 -5919.01
1 238 608 -3946.01
1 238 610 -986.502
1 239 297 -986.502
1 239 323 -986.502
1 239 404 -986.502
1 239 601 -986.502
1 239 603 -986.502
1 239 607 -1973.0
1 239 608 -3946.01
1 239 609 -2959.51
1 239 610 -1973.0
1 239 615 -1973.0
1 240 267 -986.502
1 240 319 -986.502
1 240 327 -986.502
1 240 352 -986.502
1 240 374 -1973.0
1 240 392 -1973.0
1 240 396 -986.502
1 240 406 -986.502
1 240 603 -986.502
1 240 605 -2959.51
1 240 606 -3946.01
1 240 607 -1973.0
1 240 620 -1973.0
1 240 621 -986.502
1 241 339 -986.502
1 241 352 -986.502
1 241 370 -1973.0
1 241 375 -986.502
1 241 409 -986.502
1 241 577 -986.502
1 241 603 -1973.0
1 241 605 -2959.51
1 241 606 -1973.0
1 241 607 -1973.0
1 241 608 -1973.0
1 241 609 -4932.51
1 241 610 -986.502
1 241 611 -986.502
1 241 620 -986.502
1 241 621 -986.502
1 242 314 -986.502
1 242 318 -986.502
1 242 336 -986.502
1 242 338 -986.502
1 242 339 -986.502
1 242 373 -2959.51
1 242 374 -5919.01
1 242 406 -1973.0
1 242 603 -1973.0
1 242 604 -6905.51
1 242 605 -8878.52
1 242 606 -2959.51
1 242 607 -4932.51
1 242 608 -4932.51
1 242 609 -2959.51
1 242 610 -2959.51
1 242 616 -986.502
1 242 622 -986.502
1 242 623 -2959.51
1 243 366 -986.502
1 243 369 -986.502
1 243 372 -1973.0
1 243 373 -7892.02
1 243 374 -2959.51
1 243 386 -986.502
1 243 391 -986.502
1 243 405 -986.502
1 243 406 -986.502
1 243 407 -1973.0
1 243 409 -986.502
1 243 577 -986.502
1 243 606 -6905.51
1 243 607 -4932.51
1 243 608 -1973.0
1 243 609 -5919.01
1 243 620 -986.502
1 243 622 -1973.0
1 243 623 -7892.02
1 244 371 -986.502
1 244 372 -1973.0
1 244 373 -2959.51
1 244 415 -986.502
1 244 598 -986.502
1 244 606 -3946.01
1 244 607 -986.502
1 244 611 -986.502
1 244 616 -986.502
1 244 622 -986.502
1 244 623 -3946.01
1 244 624 -986.502
1 245 312 -986.502
1 245 315 -986.502
1 245 326 -986.502
1 245 335 -986.502
1 245 338 -986.502
1 245 356 -1973.0
1 245 371 -986.502
1 245 413 -986.502
1 245 586 -986.502
1 245 604 -986.502
1 245 605 -2959.51
1 245 606 -4932.51
1 245 607 -3946.01
1 245 609 -4932.51
1 245 610 -1973.0
1 245 612 -1973.0
1 245 616 -1973.0
1 245 619 -986.502
1 245 620 -1973.0
1 245 622 -986.502
1 246 214 -986.502
1 246 342 -986.502
1 246 356 -986.502
1 246 357 -986.502
1 246 374 -986.502
1 246 413 -986.502
1 246 590 -986.502
1 246 599 -986.502
1 246 600 -5919.01
1 246 605 -3946.01
1 246 606 -6905.51
1 246 607 -3946.01
1 246 610 -986.502
1 246 612 -1973.0
1 246 614 -986.502
1 246 615 -986.502
1 246 623 -986.502
1 247 314 -986.502
1 247 331 -986.502
1 247 367 -1973.0
1 247 368 -4932.51
1 247 387 -1973.0
1 247 413 -986.502
1 247 578 -986.502
1 247 597 -986.502
1 247 598 -6905.51
1 247 599 -5919.01
1 247 600 -9865.02
1 247 601 -9865.02
1 247 605 -1973.0
1 247 609 -1973.0
1 247 610 -1973.0
1 247 611 -3946.01
1 247 612 -3946.01
1 247 613 -1973.0
1 247 618 -1973.0
1 247 619 -986.502
1 247 623 -986.502
1 248 307 -986.502
1 248 367 -986.502
1 248 368 -3946.01
1 248 371 -1973.0
1 248 372 -4932.51
1 248 387 -1973.0
1 248 388 -5919.01
1 248 413 -986.502
1 248 416 -986.502
1 248 529 -986.502
1 248 567 -986.502
1 248 596 -6905.51
1 248 597 -4932.51
1 248 598 -9865.02
1 248 599 -5919.01
1 248 600 -3946.01
1 248 601 -5919.01
1 248 602 -2959.51
1 248 605 -986.502
1 248 608 -986.502
1 248 609 -1973.0
1 248 610 -2959.51
1 248 611 -5919.01
1 248 612 -5919.01
1 248 613 -6905.51
1 248 618 -986.502
1 248 619 -986.502
1 248 620 -986.502
1 248 623 -1973.0
1 249 333 -986.502
1 249 334 -986.502
1 249 365 -1973.0
1 249 366 -2959.51
1 249 367 -986.502
1 249 368 -2959.51
1 249 371 -986.502
1 249 387 -986.502
1 249 388 -986.502
1 249 400 -986.502
1 249 412 -986.502
1 249 567 -986.502
1 249 593 -1973.0
1 249 595 -5919.01
1 249 596 -6905.51
1 249 597 -10851.5
1 249 603 -2959.51
1 249 604 -7892.02
1 249 605 -4932.51
1 249 607 -3946.01
1 249 609 -986.502
1 249 610 -1973.0
1 249 611 -4932.51
1 249 612 -8878.52
1 249 613 -1973.0
1 249 618 -986.502
1 249 623 -986.502
1 250 331 -986.502
1 250 355 -986.502
1 250 365 -1973.0
1 250 366 -4932.51
1 250 367 -2959.51
1 250 368 -986.502
1 250 369 -1973.0
1 250 370 -1973.0
1 250 371 -5919.01
1 250 382 -986.502
1 250 406 -986.502
1 250 413 -986.502
1 250 414 -986.502
1 250 423 -986.502
1 250 436 -986.502
1 250 568 -986.502
1 250 579 -986.502
1 250 591 -986.502
1 250 594 -986.502
1 250 596 -7892.02
1 250 597 -1973.0
1 250 602 -986.502
1 250 603 -6905.51
1 250 604 -5919.01
1 250 605 -3946.01
1 250 607 -986.502
1 250 608 -2959.51
1 250 609 -986.502
1 250 610 -986.502
1 250 613 -986.502
1 251 276 -986.502
1 251 322 -986.502
1 251 365 -2959.51
1 251 366 -8878.52
1 251 367 -1973.0
1 251 368 -1973.0
1 251 371 -986.502
1 251 379 -986.502
1 251 407 -986.502
1 251 414 -986.502
1 251 424 -986.502
1 251 598 -986.502
1 251 604 -986.502
1 251 605 -986.502
1 251 607 -986.502
1 251 610 -986.502
1 252 236 -986.502
1 252 365 -2959.51
1 252 366 -6905.51
1 252 367 -6905.51
1 252 368 -1973.0
1 252 376 -986.502
1 252 412 -986.502
1 252 416 -986.502
1 252 428 -986.502
1 252 506 -986.502
1 252 507 -986.502
1 252 528 -986.502
1 252 534 -986.502
1 252 544 -986.502
1 252 576 -986.502
1 252 591 -1973.0
1 252 596 -1973.0
1 252 597 -1973.0
1 252 598 -986.502
1 252 599 -1973.0
1 252 608 -1973.0
1 252 609 -986.502
1 252 611 -986.502
1 252 620 -986.502
1 253 259 -986.502
1 253 342 -986.502
1 253 363 -986.502
1 253 365 -1973.0
1 253 366 -5919.01
1 253 367 -3946.01
1 253 370 -986.502
1 253 375 -1973.0
1 253 404 -986.502
1 253 433 -1973.0
1 253 506 -986.502
1 253 543 -986.502
1 253 546 -986.502
1 253 547 -986.502
1 253 566 -986.502
1 253 586 -1973.0
1 253 596 -986.502
1 253 597 -3946.01
1 253 601 -986.502
1 253 604 -986.502
1 253 605 -986.502
1 253 614 -2959.51
1 254 366 -1973.0
1 254 478 -986.502
1 254 581 -986.502
1 254 584 -986.502
1 254 585 -5919.01
1 254 586 -4932.51
1 254 587 -2959.51
1 254 588 -2959.51
1 254 589 -3946.01
1 254 598 -986.502
1 254 599 -986.502
1 254 601 -1973.0
1 254 604 -1973.0
1 254 605 -986.502
1 254 606 -986.502
1 254 611 -986.502
1 255 341 -986.502
1 255 346 -986.502
1 255 371 -986.502
1 255 402 -986.502
1 255 442 -986.502
1 255 445 -986.502
1 255 461 -986.502
1 255 479 -986.502
1 255 512 -986.502
1 255 513 -986.502
1 255 526 -986.502
1 255 547 -986.502
1 255 548 -986.502
1 255 565 -986.502
1 255 583 -2959.51
1 255 584 -3946.01
1 255 585 -3946.01
1 255 586 -3946.01
1 255 587 -1973.0
1 255 588 -986.502
1 255 591 -986.502
1 255 594 -986.502
1 255 597 -986.502
1 255 600 -1973.0
1 255 607 -986.502
1 256 346 -986.502
1 256 350 -986.502
1 256 367 -986.502
1 256 373 -986.502
1 256 374 -986.502
1 256 491 -986.502
1 256 526 -986.502
1 256 531 -2959.51
1 256 532 -986.502
1 256 547 -986.502
1 256 548 -1973.0
1 256 549 -986.502
1 256 575 -986.502
1 256 578 -1973.0
1 256 580 -986.502
1 256 584 -2959.51
1 256 585 -1973.0
1 256 592 -1973.0
1 256 594 -6905.51
1 256 595 -3946.01
1 256 607 -3946.01
1 256 608 -1973.0
1 256 609 -986.502
1 257 330 -986.502
1 257 461 -986.502
1 257 497 -986.502
1 257 503 -986.502
1 257 506 -986.502
1 257 512 -986.502
1 257 527 -2959.51
1 257 529 -986.502
1 257 532 -986.502
1 257 549 -986.502
1 257 574 -986.502
1 257 575 -2959.51
1 257 584 -2959.51
1 257 585 -2959.51
1 257 593 -1973.0
1 257 594 -7892.02
1 257 595 -3946.01
1 257 597 -1973.0
1 257 606 -6905.51
1 257 607 -986.502
1 258 307 -986.502
1 258 330 -986.502
1 258 366 -986.502
1 258 485 -1973.0
1 258 489 -1973.0
1 258 491 -986.502
1 258 493 -986.502
1 258 494 -986.502
1 258 496 -986.502
1 258 497 -986.502
1 258 498 -2959.51
1 258 499 -1973.0
1 258 502 -986.502
1 258 503 -986.502
1 258 529 -1973.0
1 258 531 -986.502
1 258 532 -986.502
1 258 533 -1973.0
1 258 535 -986.502
1 258 546 -986.502
1 258 550 -986.502
1 258 556 -1973.0
1 258 564 -986.502
1 258 576 -986.502
1 258 583 -986.502
1 258 584 -2959.51
1 258 586 -2959.51
1 258 594 -2959.51
1 258 606 -4932.51
1 258 607 -986.502
1 259 346 -986.502
1 259 369 -1973.0
1 259 402 -986.502
1 259 444 -986.502
1 259 456 -986.502
1 259 485 -986.502
1 259 486 -986.502
1 259 488 -986.502
1 259 489 -986.502
1 259 490 -1973.0
1 259 509 -1973.0
1 259 510 -986.502
1 259 522 -986.502
1 259 528 -986.502
1 259 529 -986.502
1 259 531 -986.502
1 259 532 -986.502
1 259 545 -986.502
1 259 549 -986.502
1 259 554 -1973.0
1 259 555 -1973.0
1 259 556 -2959.51
1 259 557 -2959.51
1 259 575 -3946.01
1 259 576 -986.502
1 259 579 -986.502
1 259 584 -986.502
1 259 585 -3946.01
1 259 586 -1973.0
1 260 369 -1973.0
1 260 404 -1973.0
1 260 443 -986.502
1 260 454 -986.502
1 260 485 -986.502
1 260 486 -1973.0
1 260 487 -986.502
1 260 492 -986.502
1 260 499 -986.502
1 260 502 -1973.0
1 260 517 -986.502
1 260 527 -986.502
1 260 545 -2959.51
1 260 548 -986.502
1 260 554 -986.502
1 260 556 -986.502
1 260 567 -986.502
1 260 576 -986.502
1 260 577 -986.502
1 261 397 -986.502
1 261 404 -986.502
1 261 444 -986.502
1 261 483 -986.502
1 261 487 -986.502
1 261 501 -986.502
1 261 502 -986.502
1 261 545 -986.502
1 261 551 -986.502
1 261 552 -986.502
1 261 565 -986.502
1 262 254 -986.502
1 262 353 -1973.0
1 262 369 -986.502
1 262 425 -986.502
1 262 443 -986.502
1 262 458 -986.502
1 262 483 -1973.0
1 262 493 -986.502
1 262 501 -986.502
1 262 502 -986.502
1 262 523 -986.502
1 262 524 -986.502
1 262 535 -986.502
1 262 536 -986.502
1 262 537 -986.502
1 262 542 -986.502
1 262 546 -986.502
1 262 584 -986.502
1 262 587 -986.502
1 263 355 -986.502
1 263 415 -986.502
1 263 484 -986.502
1 263 493 -986.502
1 263 509 -986.502
1 263 522 -986.502
1 263 523 -1973.0
1 263 524 -1973.0
1 263 541 -1973.0
1 263 542 -986.502
1 263 543 -986.502
1 263 546 -1973.0
1 263 576 -986.502
1 263 579 -986.502
1 263 581 -3946.01
1 264 369 -986.502
1 264 379 -986.502
1 264 481 -986.502
1 264 482 -986.502
1 264 493 -986.502
1 264 503 -986.502
1 264 504 -986.502
1 264 516 -986.502
1 264 521 -2959.51
1 264 527 -986.502
1 264 543 -3946.01
1 264 568 -986.502
1 264 575 -986.502
1 264 576 -1973.0
1 265 336 -986.502
1 265 367 -1973.0
1 265 457 -986.502
1 265 459 -986.502
1 265 511 -986.502
1 265 516 -986.502
1 265 520 -986.502
1 265 524 -986.502
1 265 568 -1973.0
1 266 314 -986.502
1 266 413 -986.502
1 266 456 -986.502
1 266 478 -986.502
1 266 481 -986.502
1 266 483 -986.502
1 266 484 -986.502
1 266 485 -986.502
1 266 492 -986.502
1 266 498 -986.502
1 266 505 -986.502
1 266 518 -986.502
1 266 523 -986.502
1 266 543 -986.502
1 266 545 -986.502
1 266 549 -986.502
1 266 555 -986.502
1 267 337 -986.502
1 267 365 -986.502
1 267 381 -986.502
1 267 459 -986.502
1 267 460 -1973.0
1 267 505 -986.502
1 267 507 -986.502
1 267 543 -986.502
1 267 544 -1973.0
1 267 549 -986.502
1 267 553 -2959.51
1 267 562 -986.502
1 268 507 -1973.0
1 268 540 -986.502
1 268 541 -986.502
1 268 542 -1973.0
1 268 543 -3946.01
1 268 544 -1973.0
1 268 549 -986.502
1 268 551 -986.502
1 268 552 -986.502
1 268 553 -986.502
1 269 362 -986.502
1 269 505 -1973.0
1 269 507 -986.502
1 269 528 -986.502
1 269 543 -986.502
1 269 547 -1973.0
1 270 474 -986.502
1 270 475 -1973.0
1 270 479 -986.502
1 270 491 -986.502
1 270 504 -986.502
1 270 507 -986.502
1 270 526 -986.502
1 271 375 -986.502
1 271 388 -986.502
1 271 479 -986.502
1 271 481 -986.502
1 271 487 -986.502
1 271 491 -986.502
1 271 526 -986.502
1 272 469 -986.502
1 272 493 -986.502
1 272 495 -1973.0
1 272 496 -986.502
1 272 502 -986.502
1 272 526 -2959.51
1 273 441 -986.502
1 273 462 -986.502
1 273 526 -986.502
1 275 463 -986.502
1 275 480 -986.502
1 275 502 -986.502
1 275 504 -986.502
1 276 502 -986.502
1 277 393 -986.502
1 279 459 -986.502
1 280 563 -986.502
1 282 434 -986.502
1 282 435 -986.502
1 283 461 -986.502
1 283 482 -986.502
1 283 483 -986.502
1 285 437 -986.502
1 285 482 -986.502
1 285 483 -986.502
1 286 377 -986.502
1 286 464 -986.502
1 288 469 -986.502
1 289 362 -986.502
1 289 443 -986.502
1 292 358 -986.502
1 293 390 -2959.51
1 293 391 -986.502
1 296 390 -986.502
1 301 359 -986.502
1 301 378 -986.502
1 85 106 -986.502
1 92 112 -1973.0
1 93 117 -986.502
1 97 89 -986.502
1 98 101 -986.502
1 99 126 -986.502
1 99 136 -986.502
1 147 119 -4496.52
1 150 114 -20655.9
1 156 158 -8290.45
1 157 160 -18407.6
1 167 186 -59016.8
1 168 169 -19672.3
1 199 225 -56206.4
1 210 300 -4074.97
1 211 298 -11522.3
1 244 234 -30211.0
1 259 541 -140.52
1 265 469 -140.52
1 267 479 -3934.45
1 271 361 -10688.5
1 272 454 -8.37
1 285 433 -7306.84
1 291 453 -44912.4
1 299 360 -5761.16
1 132 183 -14051.6
1 137 123 -28103.2
1 155 192 -41733.3
1 157 190 -140.52
1 164 258 -16580.9
1 175 213 -49321.2
1 195 280 -29508.4
1 202 295 -32178.2
1 203 296 -44824.6
1 247 335 -8712.0
1 256 333 -11943.9
1 262 350 -421.55
1 267 346 -54801.3
1 269 347 -421.55
1 271 470 -140.52
1 274 431 -2346510.0
1 285 357 -562.06
1 292 370 -73068.4
1 293 370 -26417.0
1 299 335 -98361.3
1 143 152 -16440.4
1 143 154 -14894.7
1 144 130 -12787.0
1 148 113 -168760.0
1 149 118 -103560.0
1 151 143 -14473.2
1 152 177 -19812.8
1 154 128 -1405.16
1 164 159 -32740.3
1 174 182 -52272.0
1 175 178 -30913.6
1 176 128 -28103.2
1 188 287 -10679.2
1 189 206 -66042.6
1 201 279 -54379.7
1 221 294 -50585.8
1 221 361 -1405.16
1 222 252 -8430.97
1 222 266 -15737.8
1 225 248 -9274.06
1 228 373 -140.52
1 237 292 -54968.5
1 245 243 -28805.8
1 248 238 -43841.0
1 248 331 -8430.97
1 266 345 -33723.9
1 271 268 -112413.0
1 274 278 -25292.9
1 280 443 -6463.74
1 289 355 -8571.48
1 297 378 -7587.87
1 141 116 -33864.4
1 143 114 -36815.2
1 145 114 -31756.7
1 146 180 -43700.5
1 149 181 -32740.3
1 150 186 -45246.2
1 151 178 -42716.9
1 151 181 -34285.9
1 151 189 -29086.8
1 152 180 -30351.5
1 153 188 -42014.3
1 154 113 -14051.6
1 158 173 -421.55
1 164 124 -5761.16
1 165 167 -21077.4
1 176 222 -983.61
1 184 210 -14051.6
1 188 205 -36534.2
1 188 207 -46932.4
1 206 280 -2810.32
1 209 273 -21920.5
1 209 281 -48351.6
1 211 263 -26698.1
1 213 270 -18969.7
1 221 302 -421.55
1 221 317 -16721.4
1 224 287 -23466.2
1 227 245 -3231.87
1 230 352 -172835.0
1 231 270 -70258.1
1 236 342 -15316.3
1 236 344 -19391.2
1 240 330 -42154.8
1 240 337 -19672.3
1 240 357 -3091.35
1 246 332 -21077.4
1 261 351 -2529.29
1 262 286 -8712.0
1 262 361 -19391.2
1 263 350 -3512.9
1 265 517 -562.06
1 267 428 -5.17
1 270 267 -37798.8
1 271 267 -30070.4
1 271 355 -9133.55
1 275 399 -73.07
1 278 502 -9836.13
1 291 365 -20093.8
1 296 358 -70258.1
1 297 356 -16159.3
1 297 391 -1826.71
1 300 335 -13770.6
1 125 93 -1405.16
1 142 117 -60421.9
1 156 214 -7728.39
1 161 185 -151195.0
1 163 186 -94988.9
1 166 203 -6323.23
1 168 216 -38923.0
1 192 232 -20374.8
1 193 235 -84309.7
1 201 310 -140.52
1 211 195 -2950.84
1 215 261 -17002.4
1 232 274 -12646.5
1 232 347 -15597.3
1 242 618 -3372.39
1 263 570 -140.52
1 264 348 -2107.74
1 265 414 -140.52
1 283 431 -140.52
1 286 302 -1405.16
1 292 360 -21358.4
1 293 357 -22904.1
1 297 439 -440886.0
1 148 119 -57471.1
1 150 118 -82201.9
1 150 121 -100469.0
1 150 127 -41592.8
1 152 118 -16861.9
1 153 122 -65199.5
1 153 123 -50304.8
1 155 125 -78408.0
1 156 124 -129275.0
1 158 138 -44403.1
1 158 140 -55784.9
1 160 139 -40468.6
1 181 126 -328386.0
1 189 126 -28665.3
1 230 223 -16159.3
1 260 337 -140.52
1 274 361 -4356.0
1 276 358 -702.58
1 276 359 -2529.29
1 137 168 -281.03
1 149 213 -32178.2
1 170 185 -281.03
1 192 197 -140.52
1 210 253 -31756.7
1 217 236 -23325.7
1 245 324 -1405.16
1 144 124 -3512.9
1 145 131 -31756.7
1 148 124 -140.52
1 148 166 -13911.1
1 151 118 -8571.48
1 158 114 -9976.65
1 160 170 -4637.03
1 165 138 -11241.3
1 171 128 -281.03
1 187 160 -10960.3
1 187 263 -281.03
1 188 197 -1264.65
1 188 204 -16018.8
1 202 298 -7.13
1 203 340 -998.72
1 206 169 -843.1
1 206 281 -140.52
1 208 226 -29227.3
1 211 266 -38759.9
1 213 265 -421.55
1 213 276 -47293.7
1 214 274 -76901.2
1 220 278 -101867.0
1 223 372 -9695.61
1 229 314 -281.03
1 232 398 -1124.13
1 233 375 -1264.65
1 236 317 -23466.2
1 239 385 -1442.34
1 239 406 -237.02
1 239 416 -2.94
1 241 238 -1405.16
1 244 244 -1405.16
1 245 408 -11381.8
1 248 454 -702.58
1 251 425 -843.1
1 258 471 -421.55
1 259 351 -4707.29
1 262 585 -23747.2
1 263 492 -82.72
1 265 360 -19321.0
1 265 489 -11.24
1 267 407 -281.03
1 267 449 -3372.39
1 268 351 -10679.2
1 269 360 -2785.9
1 272 360 -1826.71
1 273 340 -281.03
1 273 367 -5480.13
1 273 521 -34145.4
1 274 327 -1405.16
1 274 521 -31616.1
1 274 522 -12955.6
1 275 357 -2669.81
1 275 465 -192.09
1 278 405 -274.2
1 279 378 -13117.5
1 280 371 -3231.87
1 290 322 -9836.13
1 290 379 -27537.2
1 290 398 -27827.6
1 290 475 -132479.0
1 291 408 -149860.0
1 292 458 -99540.4
1 295 337 -13770.6
1 296 371 -63513.3
1 297 377 -10819.7
1 147 116 -135177.0
1 156 122 -37236.8
1 157 186 -140.52
1 205 310 -140.52
1 268 484 -140.52
1 173 183 -50445.3
1 201 301 -2529.29
1 259 336 -562.06
1 261 570 -140.52
1 264 441 -5761.16
1 294 356 -4215.48
1 144 132 -9836.13
1 257 404 -140.52
1 267 385 -7868.9
