1 62 1 3798.3
1 61 2 3770.7
1 60 3 3749.7
1 59 4 3733.5
1 58 5 3721.5
1 57 6 3713.4
1 56 7 3709.2
1 55 8 3709.0
1 54 9 3713.4
1 53 10 3722.5
1 52 11 3736.7
1 51 12 3755.5
1 49 13 3767.8
1 50 13 3777.1
1 48 14 3789.3
1 47 15 3784.5
1 46 16 3776.7
1 45 17 3766.9
1 45 18 3767.6
1 45 19 3768.3
1 44 20 3756.4
1 44 21 3756.2
1 44 22 3755.5
1 44 23 3754.2
1 44 24 3752.2
1 44 25 3749.4
1 44 26 3745.6
1 44 27 3740.7
1 44 28 3734.5
1 44 29 3727.0
1 44 30 3717.9
1 44 31 3707.0
1 44 32 3694.2
1 44 33 3679.1
1 44 34 3661.5
1 44 35 3641.1
1 44 36 3617.4
1 44 37 3589.8
1 44 38 3557.8
1 44 39 3520.3
1 44 40 3476.1
1 44 41 3422.8
1 43 42 3304.0
1 43 43 3265.0
1 43 44 3203.3
1 42 45 3052.1
1 42 46 2997.6
1 40 47 2765.7
1 41 47 2812.0
1 40 48 2729.6
1 40 49 2663.5
1 40 50 2567.6
1 35 78 4859.7
1 35 79 4888.1
1 34 80 4945.1
1 33 81 5025.5
1 32 82 5089.1
1 31 83 5102.5
1 30 84 5114.2
1 29 85 5123.1
1 28 86 5145.4
1 27 87 5164.2
1 26 88 5190.3
1 25 89 5217.8
1 25 90 5254.2
1 24 91 5241.3
1 24 92 5256.5
1 24 93 5293.6
1 24 94 5330.6
1 23 95 5345.7
1 23 96 5386.0
1 23 97 5422.3
1 22 98 5430.3
1 22 99 5471.4
1 22 100 5508.4
1 22 101 5545.7
1 21 102 5566.0
1 21 103 5611.1
1 20 104 5633.2
1 20 105 5675.7
1 19 106 5707.7
1 19 107 5752.1
1 18 108 5788.7
1 18 109 5828.5
1 17 110 5747.7
1 17 111 5758.8
1 17 112 5868.1
1 65 109 6030.5
1 66 109 6027.0
1 67 109 5976.4
1 68 109 5941.6
1 69 109 5951.1
1 62 110 5964.5
1 63 110 6002.2
1 64 110 6023.1
1 70 110 6040.0
1 60 111 5859.4
1 61 111 5880.9
1 71 111 6106.0
1 37 112 5647.1
1 38 112 5707.3
1 39 112 5768.9
1 40 112 5814.4
1 41 112 5851.4
1 42 112 5873.4
1 43 112 5884.6
1 44 112 5893.7
1 45 112 5900.9
1 46 112 5910.4
1 47 112 5919.3
1 48 112 5936.9
1 55 112 5739.6
1 56 112 5761.3
1 57 112 5778.4
1 58 112 5795.2
1 59 112 5810.1
1 72 112 6143.0
1 16 113 5956.8
1 33 113 5631.7
1 34 113 5615.1
1 35 113 5599.2
1 36 113 5578.7
1 49 113 5930.6
1 50 113 5908.4
1 51 113 5855.3
1 52 113 5800.7
1 53 113 5744.1
1 54 113 5707.4
1 73 113 6175.3
1 16 114 6015.9
1 29 114 5721.3
1 30 114 5696.1
1 31 114 5668.3
1 32 114 5633.3
1 74 114 6198.4
1 75 114 6202.5
1 16 115 6072.6
1 25 115 5833.0
1 26 115 5810.2
1 27 115 5781.0
1 28 115 5741.0
1 76 115 6234.3
1 16 116 6127.9
1 21 116 5975.7
1 22 116 5990.6
1 23 116 5903.4
1 24 116 5863.2
1 77 116 6249.5
1 78 116 6247.6
1 79 116 6260.2
1 16 117 6182.1
1 20 117 6023.7
1 80 117 6281.1
1 81 117 6279.2
1 82 117 6258.6
1 83 117 6231.1
1 84 117 6202.0
1 16 118 6219.5
1 17 118 6185.7
1 18 118 6138.6
1 19 118 6085.1
1 85 118 6131.5
1 85 119 6089.7
1 86 120 6072.5
1 86 121 6095.2
1 86 122 6120.0
1 86 123 6137.3
1 86 124 6149.7
1 86 125 6159.3
1 86 126 6166.4
1 86 127 6170.1
1 86 128 6170.7
1 86 129 6169.0
1 86 130 6166.3
1 86 131 6162.1
1 86 132 6155.2
1 86 133 6146.5
1 86 134 6134.7
1 86 135 6118.8
1 86 136 6099.7
1 85 137 6050.6
1 85 138 6037.7
1 84 139 6032.8
1 83 140 6073.8
1 82 141 6157.7
1 82 142 6174.0
1 81 143 6226.7
1 80 144 6287.2
1 79 145 6356.2
1 78 146 6419.8
1 77 147 6487.1
1 76 148 6559.0
1 75 149 6636.4
1 75 150 6700.7
1 75 151 6761.3
1 75 152 6821.9
1 75 153 6868.8
1 76 154 6862.0
1 77 154 6849.2
1 78 154 6839.0
1 79 155 6827.7
1 80 155 6815.1
1 81 156 6797.5
1 82 157 6771.0
1 82 158 6748.6
1 83 158 6734.5
1 84 159 6704.6
1 84 160 6676.8
1 84 161 6652.4
1 84 162 6628.5
1 85 163 6603.4
1 86 164 6574.0
1 87 165 6537.0
1 88 166 6502.2
1 89 167 6468.6
1 90 168 6387.2
1 90 169 6337.2
1 91 170 6269.8
1 92 171 6198.4
1 93 172 6167.7
1 94 173 6141.2
1 94 174 6138.8
1 95 175 6123.4
1 95 176 6109.0
1 95 177 6113.7
1 95 178 6120.7
1 95 179 6126.0
1 96 180 5954.7
1 97 181 5971.7
1 98 182 5989.2
1 99 183 6006.7
1 100 184 6022.5
1 101 185 6037.9
1 102 185 6046.3
1 103 185 6061.9
1 104 186 6096.3
1 105 186 6097.4
1 106 187 6100.6
1 107 188 6096.4
1 108 189 5914.1
1 108 190 5916.1
1 108 191 5917.1
1 108 192 5916.7
1 108 193 5912.5
1 107 194 5707.4
1 107 195 5703.4
1 107 196 5695.6
1 107 197 5685.3
1 107 198 5673.3
1 106 199 5634.9
1 106 200 5622.0
1 105 201 5576.1
1 105 202 5562.9
1 104 203 5522.4
1 104 204 5513.7
1 104 205 5498.7
1 104 206 5477.3
1 104 207 5444.2
1 98 208 5460.6
1 99 208 5470.7
1 100 208 5483.1
1 101 208 5496.0
1 102 208 5513.7
1 103 208 5542.4
1 97 209 5451.3
1 97 210 5450.1
1 97 211 5446.0
1 97 212 5440.7
1 96 213 5424.1
1 95 214 5416.7
1 95 215 5415.4
1 94 216 5408.0
1 94 217 5407.1
1 94 218 5406.4
1 95 219 5410.6
1 96 220 5414.1
1 97 221 5418.0
1 97 222 5416.9
1 98 223 5420.2
1 98 224 5418.8
1 99 225 5422.9
1 99 226 5421.0
1 100 227 5242.1
1 128 227 5398.5
1 129 227 5461.6
1 101 228 5248.0
1 107 228 5142.9
1 108 228 5167.8
1 109 228 5196.4
1 110 228 5228.4
1 111 228 5263.1
1 125 228 5283.4
1 126 228 5309.8
1 127 228 5318.0
1 130 228 5187.6
1 131 228 5194.1
1 132 228 5188.2
1 133 228 5189.3
1 134 228 5195.5
1 135 228 5209.9
1 136 228 5226.9
1 137 228 5240.2
1 138 228 5267.0
1 102 229 5252.8
1 106 229 5280.7
1 112 229 5117.3
1 118 229 5143.6
1 119 229 5162.0
1 120 229 5177.9
1 121 229 5192.0
1 122 229 5203.3
1 123 229 5212.7
1 124 229 5215.2
1 139 229 5340.3
1 103 230 5256.3
1 104 230 5258.9
1 105 230 5261.9
1 113 230 5133.9
1 114 230 5125.4
1 115 230 5121.1
1 116 230 5118.6
1 117 230 5110.7
1 140 230 5307.1
1 139 231 5374.7
1 137 232 5411.3
1 138 232 5410.6
1 136 233 5414.6
1 135 234 5407.4
1 133 235 5374.7
1 134 235 5388.0
1 132 236 5357.8
1 130 237 5314.5
1 131 237 5329.7
1 129 238 5303.3
1 128 239 5287.2
1 127 240 5267.3
1 127 241 5257.5
1 127 242 5244.6
1 128 243 5252.9
1 129 244 5251.2
1 129 245 5238.5
1 130 246 5234.7
1 131 246 5233.6
1 132 246 5236.5
1 133 246 5245.8
1 134 246 5263.2
1 135 246 5289.6
1 136 246 5316.8
1 137 246 5336.8
1 138 246 5358.8
1 139 247 5409.5
1 140 247 5434.0
1 141 247 5471.5
1 142 247 5514.8
1 143 248 5577.8
1 144 249 5671.3
1 144 250 5698.1
1 145 251 5749.9
1 145 252 5775.5
1 145 253 5795.8
1 146 254 5829.1
1 146 255 5826.5
1 146 256 5820.5
1 146 257 5812.6
1 146 258 5802.4
1 146 259 5790.6
1 146 260 5777.2
1 146 261 5764.9
1 146 262 5751.7
1 146 263 5738.5
1 146 264 5728.4
1 146 265 0.0
1 147 266 5482.8
1 147 267 5453.7
1 147 268 5428.8
1 147 269 5389.1
1 147 270 5356.1
1 148 271 5306.0
1 148 272 5279.2
1 148 273 5252.1
1 148 274 5230.3
1 149 274 5215.4
1 149 275 5175.8
1 149 276 5143.6
1 149 277 5091.0
1 149 278 5036.4
1 150 279 5132.7
1 150 280 5087.7
1 150 281 5046.5
1 150 282 5016.2
1 151 283 4932.5
1 151 284 4888.7
1 151 285 4855.4
1 152 286 4761.4
1 152 287 4706.8
1 152 288 4662.5
1 152 289 4628.0
1 153 290 4722.8
1 153 291 4696.3
1 153 292 4704.2
1 154 293 4715.0
1 154 294 4726.6
1 154 295 4736.1
1 154 296 4742.2
1 155 297 4760.1
1 155 298 4763.9
1 156 299 4586.8
1 157 299 4593.1
1 158 299 4602.6
1 159 299 4615.1
1 160 299 4631.1
1 161 299 4650.5
1 162 300 4681.7
1 162 301 4684.5
1 162 302 4683.6
1 162 303 4681.0
1 162 304 4678.3
1 163 305 4857.4
1 163 306 4848.4
1 163 307 4838.6
1 163 308 4829.3
1 163 309 4823.2
1 164 310 5039.4
1 165 311 5081.0
1 166 312 5152.7
1 167 313 5211.3
1 168 314 5244.2
1 168 315 5076.7
1 168 316 5081.0
1 169 316 5088.5
1 169 317 5094.3
1 170 317 5104.1
1 171 318 5105.2
1 171 319 5081.8
1 172 320 5033.9
1 172 321 4986.4
1 172 322 4938.1
1 172 323 4887.1
1 172 324 4847.4
1 173 325 4845.9
1 173 326 4849.5
1 173 327 4851.3
1 174 328 4860.7
1 174 329 4862.3
1 174 330 4863.3
1 175 331 4867.8
1 176 331 4871.8
1 177 331 4877.7
1 178 332 4887.1
1 179 333 4889.7
1 179 334 4886.6
1 179 335 4883.5
1 180 336 4881.0
1 181 337 4872.5
1 181 338 4867.8
1 187 338 4741.0
1 188 338 4762.1
1 189 338 4779.7
1 190 338 4793.4
1 182 339 4858.5
1 186 339 4873.5
1 191 339 4797.0
1 192 339 5216.0
1 182 340 4852.5
1 186 340 4857.8
1 193 340 5215.3
1 182 341 4848.9
1 186 341 4847.8
1 194 341 5215.2
1 195 341 5216.8
1 183 342 4845.3
1 184 342 4845.1
1 185 342 4844.6
1 186 342 4843.5
1 196 342 5216.5
1 196 343 5214.4
1 197 344 5213.3
1 198 345 5210.9
1 199 346 5208.8
1 200 346 5210.4
1 201 346 5212.6
1 202 346 5214.7
1 203 346 5215.5
1 204 346 4345.21
1 205 347 5199.5
1 206 347 5193.3
1 207 348 5398.8
1 207 349 5496.1
1 207 350 5637.0
1 206 351 5696.9
1 205 352 5701.7
1 205 353 5706.2
1 205 354 5711.2
1 206 355 5734.1
1 206 356 5742.3
1 207 357 5767.0
1 208 357 5784.2
1 209 358 5465.4
1 210 359 5522.7
1 211 359 5550.7
1 212 360 5470.5
1 212 361 5507.7
1 208 362 5529.9
1 209 362 5534.6
1 210 362 5541.7
1 211 362 5547.4
1 207 363 5526.1
1 206 364 5520.7
1 206 365 5522.0
1 206 366 5522.2
1 206 367 5521.4
1 206 368 5520.4
1 206 369 5519.2
1 207 369 5525.6
1 208 369 5542.1
1 209 369 5563.8
1 210 369 5588.2
1 211 369 5618.5
1 212 369 5654.9
1 213 369 5699.1
1 214 370 5595.6
1 215 370 5629.4
1 216 372 5626.7
1 214 373 5263.1
1 215 373 5351.3
1 214 374 5220.0
1 213 375 5270.2
1 212 376 5247.8
1 211 377 5194.7
1 211 378 5183.6
1 211 379 5178.1
1 211 380 5180.2
1 211 381 5189.3
1 211 382 5243.7
1 211 383 5293.5
1 212 384 45000.0
1 212 385 45000.0
1 212 386 45000.0
1 212 387 45000.0
1 212 388 45000.0
1 212 389 45000.0
1 212 390 45000.0
1 212 391 45000.0
1 212 392 45000.0
1 212 393 45000.0
1 213 394 45000.0
1 213 395 45000.0
1 213 396 45000.0
1 213 397 45000.0
1 213 398 45000.0
1 213 399 45000.0
1 213 400 45000.0
1 213 401 45000.0
1 213 402 45000.0
1 214 403 45000.0
1 214 404 45000.0
1 214 405 45000.0
1 214 406 45000.0
1 214 407 45000.0
1 214 409 45000.0
1 214 410 45000.0
1 214 411 45000.0
1 214 412 45000.0
1 214 413 45000.0
1 214 414 45000.0
1 214 415 45000.0
1 215 416 45000.0
1 215 417 45000.0
1 227 417 45000.0
1 228 417 45000.0
1 229 417 45000.0
1 216 418 45000.0
1 226 418 45000.0
1 230 418 45000.0
1 217 419 45000.0
1 218 419 45000.0
1 219 419 45000.0
1 220 419 45000.0
1 221 419 45000.0
1 222 419 45000.0
1 223 419 45000.0
1 224 419 45000.0
1 225 419 45000.0
1 229 419 45000.0
1 229 420 45000.0
1 226 421 45000.0
1 227 421 45000.0
1 228 421 45000.0
1 224 422 45000.0
1 225 422 45000.0
1 224 423 45000.0
1 224 424 45000.0
1 225 424 45000.0
1 226 424 45000.0
1 227 424 45000.0
1 228 424 45000.0
1 229 425 45000.0
1 229 426 45000.0
1 229 427 45000.0
1 229 428 45000.0
1 229 429 45000.0
1 228 430 45000.0
1 228 431 45000.0
1 228 432 45000.0
1 228 433 45000.0
1 228 434 45000.0
1 228 435 45000.0
1 229 435 45000.0
1 230 436 45000.0
1 230 437 45000.0
1 230 438 45000.0
1 230 439 45000.0
1 230 440 45000.0
1 230 441 45000.0
1 230 442 45000.0
1 230 443 45000.0
1 230 444 45000.0
1 230 445 45000.0
1 230 446 45000.0
1 230 447 45000.0
1 230 448 45000.0
1 230 449 45000.0
1 230 450 45000.0
1 230 451 45000.0
1 230 452 45000.0
1 230 453 45000.0
1 230 454 45000.0
1 230 455 45000.0
1 230 456 45000.0
1 231 457 45000.0
1 231 458 45000.0
1 231 459 45000.0
1 231 460 45000.0
1 232 461 45000.0
1 232 462 45000.0
1 232 463 45000.0
1 232 464 45000.0
1 233 464 45000.0
1 234 464 45000.0
1 235 464 45000.0
1 236 464 45000.0
1 237 464 45000.0
1 238 464 45000.0
1 239 465 45000.0
1 239 466 45000.0
1 239 467 5337.1
1 238 468 5337.1
1 238 469 5337.1
1 238 470 5337.1
1 239 471 5337.1
1 240 471 5337.1
1 241 472 5337.1
1 242 472 5337.1
1 243 472 5337.1
1 244 473 5337.1
1 245 474 5337.1
1 246 475 5337.1
1 246 476 5337.1
1 246 477 5337.1
1 246 478 5337.1
1 246 479 5337.1
1 246 480 5337.1
1 245 481 5337.1
1 245 482 5337.1
1 244 483 5337.1
1 243 484 5337.1
1 243 485 5337.1
1 243 486 5337.1
1 243 487 5337.1
1 243 488 5337.1
1 243 489 5337.1
1 242 490 5337.1
1 242 491 5337.1
1 241 492 5337.1
1 241 493 5337.1
1 240 494 5337.1
1 239 495 5337.1
1 238 496 5337.1
1 235 497 5337.1
1 236 497 5337.1
1 237 497 5337.1
1 233 498 5337.1
1 234 498 5337.1
1 233 499 5337.1
1 232 500 5337.1
1 231 501 5337.1
1 231 502 5337.1
1 231 503 5337.1
1 231 504 5337.1
1 231 505 5337.1
1 231 506 5337.1
1 231 507 5337.1
1 231 508 5337.1
1 231 509 5337.1
1 231 510 5337.1
1 231 511 5337.1
1 231 512 5337.1
1 231 513 5337.1
1 231 514 5337.1
1 231 515 5337.1
1 232 516 5337.1
1 232 517 5337.1
1 232 518 5337.1
1 233 519 5337.1
1 233 520 5337.1
1 233 521 5337.1
1 234 522 5337.1
1 234 523 5337.1
1 235 524 5337.1
1 235 525 5337.1
1 236 525 5337.1
1 237 525 5337.1
1 238 525 5337.1
1 239 526 5337.1
1 239 527 5337.1
1 240 528 5437.9
1 240 529 5453.1
1 241 530 5519.7
1 241 531 5549.7
1 241 532 5566.6
1 241 533 5578.1
1 241 534 5586.4
1 242 535 5064.8
1 242 536 5076.1
1 243 536 5094.1
1 244 536 5126.6
1 245 536 5155.2
1 246 537 5210.6
1 246 538 5227.7
1 247 539 5267.6
1 248 540 5303.1
1 249 540 5315.2
1 250 540 5331.6
1 251 541 5365.2
1 250 544 5398.8
1 251 544 5401.1
1 245 545 5344.2
1 246 545 5355.4
1 247 545 5374.0
1 248 545 5387.7
1 249 545 5393.2
1 243 546 5317.7
1 244 546 5321.7
1 243 547 5318.4
1 242 548 5314.5
1 242 549 5314.8
1 241 550 5308.6
1 241 551 5306.9
1 240 552 5296.5
1 239 553 5285.5
1 238 554 0.0
1 237 555 5249.9
1 236 556 5248.8
1 236 557 5248.8
1 232 558 5189.1
1 233 558 5186.1
1 234 558 5193.8
1 235 558 5197.3
1 232 559 5201.2
1 231 560 5201.4
1 231 561 5209.8
1 231 562 5216.5
1 231 563 5221.6
1 231 564 5222.9
1 230 565 5389.7
1 230 566 5382.9
1 230 567 5372.0
1 230 568 5359.6
1 215 371 5678.1
1 39 51 6043.2
1 39 52 5967.8
1 38 53 5714.5
1 38 54 5641.8
1 37 55 5375.6
1 36 56 5152.8
1 35 57 4950.0
1 35 58 4889.0
1 35 59 4787.7
1 35 60 8397.7
1 35 61 8262.3
1 35 62 8125.5
1 35 63 7985.2
1 35 64 7841.2
1 35 65 7693.4
1 35 66 7542.6
1 35 67 7395.4
1 35 68 7276.3
1 36 69 10770.0
1 36 70 10502.6
1 36 71 10250.3
1 36 72 10007.1
1 36 73 9772.1
1 36 74 9559.1
1 36 75 9377.7
1 36 76 9287.9
1 36 77 9255.2
1 230 569 5347.0
1 230 570 5333.5
1 230 571 5317.4
1 230 572 5306.0
1 230 573 5316.9
1 230 574 5332.4
1 230 575 5342.6
1 230 576 5344.7
1 230 577 5179.6
1 230 578 5212.8
1 230 579 5245.9
1 230 580 5275.3
1 230 581 5278.4
1 230 582 5283.8
1 230 583 5286.3
1 230 584 5285.4
1 230 585 5282.0
1 230 586 5277.4
1 230 587 5271.3
1 230 588 5267.4
1 229 589 5251.5
1 229 590 5242.2
1 228 591 5219.5
1 228 592 5203.8
1 228 593 5186.5
1 228 594 5164.3
1 227 595 5120.1
1 227 596 5096.9
1 227 597 5068.8
1 227 598 5035.6
1 227 599 4786.4
1 226 600 4700.2
1 226 601 4698.2
1 226 602 4696.9
1 226 603 4697.6
1 225 604 4268.5
1 224 605 4268.5
1 223 606 4290.4
1 222 607 4310.8
1 223 605 4275.0
1 114 114 -4065.6
1 117 120 -821.289
1 129 121 -145.2
1 130 122 -821.289
1 133 112 -24248.4
1 135 194 -1402.09
1 138 201 -2032.8
1 139 168 -726.0
1 140 168 -6679.2
1 141 191 -20908.8
1 143 172 -12777.6
1 143 190 -4936.8
1 144 166 -18150.0
1 144 172 -8857.2
1 144 182 -23232.0
1 144 190 -4936.8
1 146 117 -17859.6
1 146 188 -1306.8
1 146 190 -1306.8
1 147 132 -1161.6
1 147 145 -821.289
1 148 167 -12922.8
1 148 176 -57739.7
1 148 196 -11325.6
1 149 145 -20473.2
1 149 146 -9147.6
1 150 124 -4501.2
1 150 141 -41091.6
1 150 198 -14229.6
1 151 142 -16117.2
1 151 195 -13939.2
1 152 123 -11325.6
1 152 125 -9823.69
1 152 132 -11420.9
1 153 111 -580.8
1 153 192 -28168.8
1 154 171 -11856.5
1 154 249 -435.6
1 155 112 -16988.4
1 155 129 -8566.8
1 156 129 -170755.0
1 157 116 -4210.8
1 157 135 -8031.38
1 157 251 -13939.2
1 158 133 -14760.5
1 158 181 -35864.4
1 159 119 -52998.0
1 159 173 -27733.2
1 160 119 -1452.0
1 161 125 -1016.4
1 161 129 -145.2
1 161 140 -435.6
1 161 188 -15246.0
1 162 119 -1887.6
1 162 128 -223753.0
1 162 132 -6534.0
1 162 140 -871.2
1 162 167 -2032.8
1 162 169 -3339.6
1 163 137 -435.6
1 163 138 -2563.69
1 164 135 -8857.2
1 165 130 -4356.0
1 165 131 -580.8
1 166 126 -1161.6
1 167 125 -7550.4
1 167 259 -871.2
1 168 123 -4646.4
1 168 208 -21199.2
1 169 163 -63452.4
1 170 131 -10164.0
1 170 132 -580.8
1 171 131 -8857.2
1 171 132 -6679.2
1 173 224 -1742.4
1 174 135 -3194.4
1 175 134 -9728.4
1 175 204 -22941.6
1 176 176 -7840.8
1 176 202 -4210.8
1 177 211 -6679.2
1 178 164 -435.6
1 179 181 -51400.8
1 179 183 -14810.4
1 179 210 -31363.2
1 180 208 -7695.6
1 183 184 -36154.8
1 187 200 -22506.0
1 188 198 -23086.8
1 188 209 -10309.2
1 188 240 -23958.0
1 188 258 -26136.0
1 191 191 -75068.4
1 193 256 -5662.8
1 193 260 -41107.6
1 197 204 -9728.4
1 197 252 -1161.6
1 198 298 -863.659
1 199 211 -12196.8
1 199 231 -14955.6
1 199 298 -821.289
1 200 298 -871.079
1 201 234 -1887.6
1 203 275 -24684.0
1 203 280 -5662.8
1 204 248 -17653.9
1 205 300 -864.039
1 206 196 -4065.6
1 206 286 -9680.8
1 206 300 -1642.58
1 211 255 -35719.2
1 212 258 -66937.2
1 213 264 -290.4
1 213 300 -1452.0
1 214 240 -21780.0
1 215 260 -20328.0
1 216 238 -8566.8
1 216 267 -10018.8
1 217 264 -21780.0
1 217 365 -1306.8
1 218 179 -159139.0
1 219 310 -2904.0
1 221 223 -435.6
1 221 246 -3194.4
1 221 284 -624.85
1 222 352 -43815.0
1 222 369 -5953.2
1 223 271 -10454.4
1 224 301 -4501.2
1 224 374 -1630.9
1 226 350 -257.48
1 226 365 -3491.88
1 226 382 -9577.33
1 228 225 -8131.2
1 230 255 -1742.4
1 231 401 -1692.49
1 232 256 -1597.2
1 232 364 -162.31
1 232 370 -9225.01
1 233 337 -966.4889999999999
1 233 376 -2398.23
1 233 394 -1642.58
1 234 304 -4496.29
1 234 393 -893.709
1 235 367 -4215.4
1 235 400 -435.6
1 235 605 -1026.79
1 235 609 -6664.54
1 236 263 -42543.6
1 236 351 -6824.4
1 237 316 -34552.0
1 237 357 -10828.6
1 237 389 -821.289
1 238 221 -871.2
1 238 398 -18.61
1 238 605 -4155.35
1 238 609 -1642.58
1 239 250 -3194.4
1 239 338 -7405.2
1 239 426 -1161.6
1 239 605 -4106.44
1 239 606 -2463.87
1 239 619 -1837.69
1 240 380 -821.289
1 240 426 -821.289
1 240 608 -3285.16
1 241 335 -9002.4
1 241 342 -10890.0
1 241 604 -821.289
1 242 311 -5712.01
1 243 371 -11555.4
1 243 389 -2323.2
1 243 422 -145.2
1 243 605 -4106.44
1 244 431 -770.89
1 244 605 -4927.73
1 244 621 -5252.39
1 245 238 -19892.4
1 245 337 -821.289
1 245 370 -1017.76
1 245 621 -5414.86
1 246 321 -4477.94
1 246 618 -2463.87
1 247 344 -821.289
1 247 383 -12871.7
1 247 384 -3515180.0
1 248 251 -26811.9
1 248 424 -4791.6
1 248 436 -2904.0
1 248 444 -17158.4
1 248 589 -1742.4
1 249 373 -821.289
1 249 389 -6534.0
1 249 424 -821.289
1 249 430 -63529.5
1 249 436 -9304.5
1 249 443 -8579.2
1 249 606 -4106.44
1 250 326 -3712.52
1 250 424 -821.289
1 250 425 -788726.0
1 250 431 -40576.6
1 250 595 -2899.47
1 251 356 -97043.3
1 251 408 -1035.59
1 251 456 -966.4889999999999
1 251 457 -22.38
1 251 594 -821.289
1 251 595 -843.789
1 251 596 -1642.58
1 252 230 -13794.0
1 252 285 -6534.0
1 252 329 -40264.6
1 252 450 -871.2
1 252 595 -821.289
1 252 606 -821.289
1 253 298 -4501.2
1 253 331 -14820.7
1 253 332 -17547.8
1 253 416 -580.8
1 253 420 -13682.5
1 253 445 -81442.8
1 254 338 -23667.6
1 254 367 -1161.6
1 254 407 -160092.0
1 254 597 -821.289
1 254 607 -3870.49
1 255 381 -40801.2
1 255 383 -27588.0
1 255 388 -59967.6
1 255 395 -2758.8
1 255 420 -10454.4
1 255 439 -29766.0
1 255 443 -123298.0
1 255 595 -821.289
1 255 596 -821.289
1 255 606 -3870.49
1 255 609 -1642.58
1 255 610 -923.57
1 256 314 -38926.8
1 256 335 -9728.4
1 256 341 -145.2
1 256 370 -5929.3
1 256 413 -2613.6
1 256 586 -58779.1
1 256 593 -3285.16
1 257 324 -6325.11
1 257 413 -2613.6
1 257 576 -6196.64
1 257 599 -192474.0
1 257 600 -124872.0
1 258 325 -7309.68
1 258 336 -3133.56
1 258 418 -293587.0
1 258 420 -9374.52
1 258 442 -1022200.0
1 258 464 -1452.0
1 258 585 -4927.73
1 258 595 -1642.58
1 258 601 -63452.4
1 258 602 -48851.4
1 259 340 -1692.49
1 259 371 -5929.3
1 259 405 -4010.42
1 259 588 -40407.2
1 259 592 -996.679
1 259 593 -996.679
1 260 342 -11035.2
1 260 349 -1016.4
1 260 407 -3516960.0
1 260 413 -178516.0
1 260 424 -787.54
1 260 461 -3484.8
1 260 463 -45447.6
1 260 464 -91621.2
1 260 585 -13633.7
1 260 586 -32530.0
1 261 337 -7114.8
1 261 355 -21054.0
1 261 381 -263333.0
1 261 395 -51226.7
1 261 416 -50965.2
1 261 418 -821.289
1 261 429 -79351.8
1 261 464 -45592.8
1 261 492 -821.289
1 261 571 -31653.6
1 261 576 -17350.1
1 262 345 -10744.8
1 262 540 -322.86
1 262 564 -41289.5
1 262 567 -13871.6
1 262 568 -27152.4
1 262 570 -47480.4
1 262 571 -15826.8
1 263 434 -161.57
1 263 471 -16698.0
1 263 477 -22360.8
1 263 520 -1642.58
1 263 582 -29801.9
1 264 265 -9438.0
1 264 344 -3484.8
1 264 345 -2468.4
1 264 355 -435.6
1 264 367 -821.289
1 264 383 -2522.11
1 264 407 -3775.2
1 264 428 -178228.0
1 264 468 -54.19
1 264 471 -16117.2
1 264 476 -145.2
1 264 477 -85232.4
1 264 523 -3044.67
1 264 524 -580.8
1 264 549 -1666.23
1 265 363 -290.4
1 265 364 -27157.0
1 265 374 -135940.0
1 265 380 -47.52
1 265 422 -24702.5
1 266 337 -821.289
1 266 340 -2904.0
1 266 462 -145.2
1 267 391 -19747.2
1 267 396 -145.2
1 267 463 -3339.6
1 267 555 -821.289
1 267 556 -821.289
1 268 333 -6679.2
1 268 334 -5372.4
1 268 436 -4361380.0
1 268 455 -15.59
1 268 479 -871.2
1 268 480 -726.0
1 268 489 -8224.3
1 269 363 -821.289
1 269 397 -55176.0
1 269 450 -3775.2
1 269 456 -23574.5
1 269 541 -966.4889999999999
1 270 337 -726.0
1 270 352 -145.2
1 270 412 -14706.0
1 270 417 -2976.74
1 270 429 -3324.98
1 270 481 -966.4889999999999
1 270 483 -2066.72
1 270 484 -821.289
1 270 486 -29215.1
1 270 498 -56482.8
1 270 539 -290.4
1 271 319 -70008.6
1 271 335 -3194.4
1 271 371 -1016.4
1 271 415 -203529.0
1 271 451 -145.2
1 271 485 -410.74
1 271 493 -137014.0
1 271 498 -9438.0
1 271 537 -56054.5
1 272 336 -18484.2
1 272 337 -31.64
1 272 351 -18295.2
1 272 366 -2178.0
1 272 368 -301468.0
1 272 388 -577888.0
1 272 396 -5517.6
1 272 450 -7114.8
1 272 451 -23522.4
1 272 453 -435.6
1 272 462 -1721360.0
1 272 491 -13.45
1 272 497 -30145.0
1 272 498 -36590.4
1 272 530 -270390.0
1 272 532 -266997.0
1 272 535 -21486.7
1 273 363 -5808.0
1 273 392 -981.41
1 273 410 -1306.8
1 273 480 -1597.2
1 273 510 -1547.29
1 273 516 -16588.0
1 273 517 -219768.0
1 273 518 -285.45
1 274 409 -1306.8
1 274 520 -52707.6
1 274 523 -1161.6
1 275 450 -27297.6
1 275 506 -871.2
1 276 366 -71002.8
1 276 446 -5953.2
1 277 294 -74868.5
1 277 390 -12196.8
1 277 407 -1497880.0
1 277 431 -21700.8
1 277 468 -145.2
1 277 472 -26459.8
1 277 480 -69340.2
1 277 482 -2468.4
1 278 365 -32089.2
1 278 435 -1947.28
1 278 482 -2323.2
1 279 310 -31954.1
1 279 336 -17278.8
1 279 433 -212864.0
1 279 438 -525818.0
1 279 475 -94913.3
1 279 485 -27152.4
1 280 365 -24103.2
1 280 433 -23665.9
1 280 442 -24248.4
1 280 469 -56597.1
1 280 471 -51967.6
1 281 458 -1080820.0
1 282 409 -7405.2
1 282 424 -3194.4
1 282 430 -726.0
1 282 436 -20337.3
1 282 454 -2856.31
1 283 335 -3775.2
1 283 354 -2178.0
1 283 429 -346157.0
1 283 449 -38120.1
1 283 452 -146385.0
1 283 455 -89.12
1 283 468 -50474.1
1 284 339 -60272.5
1 284 457 -8276.4
1 284 463 -598524.0
1 284 481 -768.49
1 285 336 -145.2
1 285 374 -2032.8
1 285 467 -278987.0
1 285 475 -75175.4
1 286 330 -62798.8
1 286 425 -211082.0
1 286 475 -39453.6
1 286 477 -64434.1
1 287 388 -710.86
1 287 426 -821.289
1 287 477 -67914.3
1 288 419 -14665.2
1 288 426 -821.289
1 289 351 -31798.8
1 289 404 -199026.0
1 289 459 -20845.3
1 290 382 -223478.0
1 290 402 -68.62
1 290 411 -5517.6
1 290 412 -24829.2
1 290 413 -7695.6
1 291 350 -4356.0
1 291 355 -2359.58
1 291 373 -1306.8
1 291 399 -132354.0
1 292 327 -21499.8
1 292 361 -4791.6
1 292 365 -27442.8
1 292 416 -580.8
1 293 440 -145.2
1 294 435 -13068.0
1 294 447 -41160.3
1 294 458 -38120.1
1 295 356 -99.13
1 295 391 -40075.2
1 295 430 -964554.0
1 296 388 -566.64
1 296 398 -54666.5
1 296 406 -74.86
1 296 433 -12632.4
1 297 381 -2613.6
1 297 383 -435.6
1 297 395 -50910.1
1 297 401 -116730.0
1 297 402 -10079.5
1 297 413 -1885970.0
1 297 415 -30056.4
1 297 442 -77111.5
1 298 390 -1161.6
1 299 354 -726.0
1 299 355 -391.86
1 299 387 -55.32
1 102 110 -821.289
1 102 113 -821.289
1 103 100 -821.289
1 103 104 -821.289
1 104 115 -821.289
1 105 115 -821.289
1 105 139 -821.289
1 108 117 -821.289
1 109 112 -821.289
1 111 155 -821.289
1 111 208 -821.289
1 112 181 -821.289
1 113 111 -821.289
1 113 159 -821.289
1 113 211 -821.289
1 114 173 -821.289
1 114 212 -1642.58
1 115 212 -1642.58
1 116 121 -821.289
1 116 150 -821.289
1 116 166 -821.289
1 117 119 -821.289
1 117 168 -821.289
1 117 210 -821.289
1 119 194 -821.289
1 119 202 -821.289
1 119 96 -821.289
1 120 155 -821.289
1 120 94 -821.289
1 121 187 -821.289
1 123 110 -821.289
1 123 111 -821.289
1 123 158 -821.289
1 123 168 -821.289
1 123 193 -821.289
1 123 202 -1642.58
1 125 150 -821.289
1 125 151 -821.289
1 125 193 -821.289
1 125 194 -821.289
1 126 121 -821.289
1 126 191 -821.289
1 126 195 -821.289
1 127 150 -821.289
1 127 160 -821.289
1 127 169 -821.289
1 127 195 -821.289
1 127 199 -1642.58
1 128 122 -821.289
1 128 148 -821.289
1 128 149 -821.289
1 128 152 -821.289
1 128 153 -821.289
1 128 154 -821.289
1 128 157 -821.289
1 128 199 -821.289
1 129 117 -821.289
1 129 119 -821.289
1 129 122 -821.289
1 129 146 -821.289
1 129 154 -1642.58
1 129 162 -821.289
1 129 176 -821.289
1 130 120 -821.289
1 130 154 -821.289
1 130 155 -821.289
1 130 156 -2463.87
1 130 194 -821.289
1 131 112 -821.289
1 131 121 -821.289
1 131 122 -821.289
1 131 150 -821.289
1 131 156 -821.289
1 131 157 -821.289
1 131 158 -821.289
1 131 161 -1642.58
1 131 198 -821.289
1 132 112 -821.289
1 132 155 -821.289
1 132 156 -821.289
1 132 160 -821.289
1 132 161 -1642.58
1 133 155 -821.289
1 133 159 -821.289
1 133 160 -1642.58
1 133 192 -1642.58
1 133 193 -821.289
1 134 148 -821.289
1 134 150 -821.289
1 134 151 -821.289
1 134 156 -821.289
1 134 191 -821.289
1 134 193 -3285.16
1 135 148 -4106.44
1 135 149 -1642.58
1 135 156 -821.289
1 135 157 -821.289
1 135 193 -2463.87
1 136 147 -821.289
1 136 148 -821.289
1 136 149 -821.289
1 136 150 -1642.58
1 136 153 -821.289
1 136 155 -821.289
1 137 148 -821.289
1 137 150 -821.289
1 137 153 -1642.58
1 137 154 -821.289
1 137 157 -2463.87
1 137 175 -821.289
1 137 206 -821.289
1 138 151 -821.289
1 138 152 -821.289
1 138 153 -2463.87
1 138 168 -821.289
1 138 169 -821.289
1 139 151 -821.289
1 140 138 -821.289
1 140 155 -3285.16
1 140 156 -821.289
1 140 171 -821.289
1 140 180 -821.289
1 141 149 -821.289
1 141 154 -1642.58
1 141 157 -821.289
1 141 171 -821.289
1 141 199 -1642.58
1 142 155 -821.289
1 142 156 -821.289
1 142 157 -821.289
1 142 158 -821.289
1 142 174 -821.289
1 142 179 -821.289
1 142 201 -821.289
1 143 146 -821.289
1 143 157 -2463.87
1 144 142 -1642.58
1 144 173 -821.289
1 145 142 -821.289
1 145 143 -821.289
1 145 151 -821.289
1 145 187 -821.289
1 145 226 -821.289
1 146 140 -821.289
1 146 141 -1642.58
1 146 145 -821.289
1 146 208 -821.289
1 146 229 -821.289
1 146 230 -821.289
1 146 232 -821.289
1 147 139 -2463.87
1 147 140 -821.289
1 147 141 -821.289
1 147 142 -821.289
1 147 229 -821.289
1 147 230 -821.289
1 147 233 -821.289
1 147 239 -821.289
1 147 240 -821.289
1 148 217 -821.289
1 148 221 -821.289
1 149 127 -821.289
1 149 147 -821.289
1 149 154 -821.289
1 149 222 -821.289
1 149 253 -821.289
1 150 160 -821.289
1 150 164 -821.289
1 150 177 -821.289
1 150 227 -821.289
1 150 236 -821.289
1 151 128 -821.289
1 151 228 -821.289
1 152 153 -821.289
1 152 173 -821.289
1 152 176 -821.289
1 152 222 -821.289
1 152 228 -821.289
1 153 126 -821.289
1 153 136 -821.289
1 153 155 -821.289
1 153 232 -821.289
1 153 238 -821.289
1 153 253 -821.289
1 154 126 -821.289
1 154 133 -821.289
1 154 161 -821.289
1 154 172 -821.289
1 154 220 -821.289
1 154 244 -821.289
1 155 170 -1642.58
1 155 216 -821.289
1 155 262 -821.289
1 156 160 -821.289
1 156 211 -821.289
1 156 223 -821.289
1 157 132 -821.289
1 157 133 -821.289
1 157 134 -2463.87
1 157 136 -821.289
1 157 194 -821.289
1 157 207 -821.289
1 157 240 -821.289
1 158 135 -821.289
1 158 248 -821.289
1 159 152 -821.289
1 159 231 -821.289
1 159 240 -821.289
1 159 247 -821.289
1 159 248 -821.289
1 159 250 -821.289
1 159 251 -821.289
1 159 257 -821.289
1 160 133 -821.289
1 160 249 -1642.58
1 160 251 -1642.58
1 160 252 -821.289
1 160 253 -821.289
1 160 262 -821.289
1 161 144 -1642.58
1 161 251 -821.289
1 161 253 -821.289
1 162 137 -1642.58
1 162 252 -1642.58
1 162 253 -821.289
1 163 152 -821.289
1 163 190 -821.289
1 163 236 -821.289
1 164 278 -821.289
1 164 290 -821.289
1 164 299 -821.289
1 165 133 -1642.58
1 165 134 -1642.58
1 165 135 -821.289
1 165 290 -821.289
1 166 131 -821.289
1 166 132 -821.289
1 166 133 -1642.58
1 166 134 -821.289
1 166 135 -821.289
1 166 210 -821.289
1 166 254 -821.289
1 166 255 -821.289
1 167 127 -821.289
1 167 132 -1642.58
1 167 133 -1642.58
1 167 134 -2463.87
1 167 256 -821.289
1 167 288 -821.289
1 167 294 -821.289
1 168 130 -821.289
1 168 131 -821.289
1 168 132 -3285.16
1 168 133 -3285.16
1 168 286 -821.289
1 168 287 -1642.58
1 168 291 -1642.58
1 169 128 -1642.58
1 169 129 -3285.16
1 169 131 -821.289
1 169 132 -4106.44
1 169 133 -2463.87
1 169 134 -7391.6
1 169 135 -821.289
1 169 236 -821.289
1 169 260 -821.289
1 169 271 -821.289
1 169 287 -821.289
1 169 290 -821.289
1 170 133 -2463.87
1 170 134 -9855.47
1 170 136 -821.289
1 170 187 -821.289
1 170 256 -821.289
1 170 287 -821.289
1 170 292 -821.289
1 171 133 -1642.58
1 171 134 -821.289
1 171 136 -4106.44
1 171 290 -821.289
1 172 257 -821.289
1 172 284 -821.289
1 172 295 -1642.58
1 172 311 -821.289
1 173 258 -821.289
1 173 278 -821.289
1 173 290 -821.289
1 173 292 -821.289
1 173 293 -1642.58
1 173 294 -821.289
1 174 124 -821.289
1 174 253 -821.289
1 174 261 -821.289
1 174 270 -821.289
1 174 283 -821.289
1 174 289 -821.289
1 174 293 -821.289
1 175 260 -821.289
1 175 288 -821.289
1 175 292 -1642.58
1 175 293 -821.289
1 175 296 -821.289
1 175 305 -821.289
1 176 274 -821.289
1 176 305 -821.289
1 177 289 -821.289
1 177 290 -821.289
1 178 243 -821.289
1 178 280 -821.289
1 178 285 -821.289
1 178 302 -821.289
1 178 305 -821.289
1 178 306 -821.289
1 178 311 -821.289
1 179 278 -821.289
1 179 285 -821.289
1 180 149 -821.289
1 180 286 -821.289
1 181 297 -821.289
1 181 307 -821.289
1 181 308 -821.289
1 183 242 -821.289
1 183 285 -821.289
1 183 295 -821.289
1 183 308 -821.289
1 183 309 -821.289
1 183 318 -821.289
1 184 263 -821.289
1 184 285 -821.289
1 184 313 -821.289
1 184 319 -821.289
1 185 257 -821.289
1 185 305 -821.289
1 185 306 -821.289
1 185 307 -821.289
1 185 315 -821.289
1 186 255 -821.289
1 186 265 -821.289
1 186 307 -1642.58
1 186 310 -821.289
1 188 262 -821.289
1 188 294 -821.289
1 188 295 -821.289
1 189 295 -821.289
1 189 309 -821.289
1 190 307 -821.289
1 190 308 -821.289
1 190 324 -821.289
1 191 292 -1642.58
1 191 304 -821.289
1 191 305 -821.289
1 192 258 -821.289
1 192 284 -821.289
1 192 304 -821.289
1 192 316 -821.289
1 192 319 -821.289
1 193 262 -821.289
1 193 301 -821.289
1 193 311 -821.289
1 193 313 -1642.58
1 194 284 -821.289
1 194 313 -821.289
1 195 269 -821.289
1 195 287 -821.289
1 195 289 -821.289
1 195 300 -821.289
1 195 311 -821.289
1 195 313 -821.289
1 196 269 -821.289
1 196 275 -821.289
1 196 303 -821.289
1 196 324 -821.289
1 196 333 -821.289
1 197 264 -821.289
1 197 283 -821.289
1 197 300 -821.289
1 197 322 -821.289
1 197 325 -821.289
1 198 242 -821.289
1 198 276 -1642.58
1 198 309 -821.289
1 198 311 -821.289
1 199 283 -821.289
1 199 311 -821.289
1 199 324 -821.289
1 200 280 -821.289
1 200 286 -821.289
1 200 296 -821.289
1 200 299 -821.289
1 200 306 -821.289
1 200 307 -821.289
1 200 312 -821.289
1 200 343 -821.289
1 200 345 -821.289
1 201 257 -821.289
1 202 280 -821.289
1 202 287 -821.289
1 202 297 -821.289
1 202 301 -821.289
1 202 302 -821.289
1 203 215 -821.289
1 203 304 -821.289
1 203 305 -821.289
1 203 309 -821.289
1 203 315 -821.289
1 205 263 -821.289
1 205 303 -821.289
1 205 304 -821.289
1 205 317 -821.289
1 205 318 -821.289
1 205 319 -821.289
1 206 264 -821.289
1 206 270 -821.289
1 206 301 -821.289
1 206 304 -821.289
1 206 315 -821.289
1 206 317 -1642.58
1 207 262 -821.289
1 207 300 -821.289
1 207 301 -1642.58
1 207 303 -821.289
1 207 304 -821.289
1 207 306 -1642.58
1 207 315 -821.289
1 207 317 -821.289
1 208 298 -1642.58
1 208 299 -1642.58
1 208 306 -821.289
1 208 317 -821.289
1 208 328 -821.289
1 209 284 -821.289
1 209 297 -821.289
1 209 302 -821.289
1 210 284 -821.289
1 210 301 -821.289
1 210 302 -821.289
1 210 342 -821.289
1 211 301 -821.289
1 211 321 -821.289
1 212 295 -821.289
1 212 347 -821.289
1 213 226 -821.289
1 213 287 -821.289
1 213 303 -821.289
1 213 329 -821.289
1 214 319 -821.289
1 215 289 -821.289
1 215 311 -821.289
1 215 353 -821.289
1 216 323 -821.289
1 216 341 -821.289
1 217 244 -821.289
1 217 249 -821.289
1 217 351 -821.289
1 218 209 -821.289
1 218 243 -821.289
1 218 292 -821.289
1 218 345 -1642.58
1 221 240 -821.289
1 221 611 -821.289
1 222 254 -821.289
1 222 362 -821.289
1 224 338 -821.289
1 224 359 -821.289
1 225 323 -821.289
1 225 329 -821.289
1 225 332 -821.289
1 225 368 -821.289
1 225 373 -821.289
1 225 378 -821.289
1 225 382 -1642.58
1 226 323 -821.289
1 226 388 -1642.58
1 226 618 -821.289
1 227 315 -821.289
1 228 606 -821.289
1 229 385 -1642.58
1 229 392 -821.289
1 229 393 -821.289
1 229 397 -3285.16
1 229 618 -4106.44
1 230 338 -821.289
1 230 373 -1642.58
1 230 384 -821.289
1 230 392 -1642.58
1 230 393 -3285.16
1 230 396 -821.289
1 230 605 -821.289
1 231 343 -821.289
1 231 383 -821.289
1 231 392 -4106.44
1 231 393 -9034.18
1 231 398 -821.289
1 231 603 -821.289
1 231 607 -1642.58
1 232 259 -821.289
1 232 300 -821.289
1 232 384 -821.289
1 232 389 -821.289
1 232 393 -4927.73
1 232 394 -3285.16
1 232 405 -821.289
1 232 604 -1642.58
1 232 606 -1642.58
1 232 607 -2463.87
1 232 608 -821.289
1 233 373 -821.289
1 233 393 -821.289
1 233 403 -821.289
1 233 406 -3285.16
1 233 601 -1642.58
1 233 602 -821.289
1 234 374 -821.289
1 234 388 -821.289
1 234 389 -821.289
1 234 406 -2463.87
1 234 407 -1642.58
1 234 601 -821.289
1 234 602 -1642.58
1 234 603 -2463.87
1 234 604 -821.289
1 234 605 -1642.58
1 234 606 -821.289
1 234 609 -821.289
1 234 620 -821.289
1 234 621 -821.289
1 235 342 -821.289
1 235 368 -821.289
1 235 389 -821.289
1 235 392 -821.289
1 235 404 -821.289
1 235 406 -821.289
1 235 599 -821.289
1 235 600 -1642.58
1 235 602 -2463.87
1 235 603 -821.289
1 235 606 -821.289
1 235 608 -821.289
1 236 256 -821.289
1 236 359 -821.289
1 236 377 -1642.58
1 236 378 -821.289
1 236 389 -1642.58
1 236 600 -821.289
1 236 601 -821.289
1 236 602 -1642.58
1 236 605 -821.289
1 236 606 -821.289
1 236 607 -821.289
1 236 620 -821.289
1 237 330 -821.289
1 237 377 -821.289
1 237 384 -821.289
1 237 388 -821.289
1 237 605 -1642.58
1 237 606 -2463.87
1 237 607 -1642.58
1 237 608 -4106.44
1 237 609 -2463.87
1 237 620 -821.289
1 238 346 -821.289
1 238 391 -821.289
1 238 410 -821.289
1 238 602 -821.289
1 238 603 -821.289
1 238 606 -4106.44
1 238 607 -4927.73
1 238 608 -3285.16
1 238 610 -821.289
1 239 297 -821.289
1 239 323 -821.289
1 239 404 -821.289
1 239 601 -821.289
1 239 603 -821.289
1 239 607 -1642.58
1 239 608 -3285.16
1 239 609 -2463.87
1 239 610 -1642.58
1 239 615 -1642.58
1 240 267 -821.289
1 240 319 -821.289
1 240 327 -821.289
1 240 352 -821.289
1 240 374 -1642.58
1 240 392 -1642.58
1 240 396 -821.289
1 240 406 -821.289
1 240 603 -821.289
1 240 605 -2463.87
1 240 606 -3285.16
1 240 607 -1642.58
1 240 620 -1642.58
1 240 621 -821.289
1 241 339 -821.289
1 241 352 -821.289
1 241 370 -1642.58
1 241 375 -821.289
1 241 409 -821.289
1 241 577 -821.289
1 241 603 -1642.58
1 241 605 -2463.87
1 241 606 -1642.58
1 241 607 -1642.58
1 241 608 -1642.58
1 241 609 -4106.44
1 241 610 -821.289
1 241 611 -821.289
1 241 620 -821.289
1 241 621 -821.289
1 242 314 -821.289
1 242 318 -821.289
1 242 336 -821.289
1 242 338 -821.289
1 242 339 -821.289
1 242 373 -2463.87
1 242 374 -4927.73
1 242 406 -1642.58
1 242 603 -1642.58
1 242 604 -5749.02
1 242 605 -7391.6
1 242 606 -2463.87
1 242 607 -4106.44
1 242 608 -4106.44
1 242 609 -2463.87
1 242 610 -2463.87
1 242 616 -821.289
1 242 622 -821.289
1 242 623 -2463.87
1 243 366 -821.289
1 243 369 -821.289
1 243 372 -1642.58
1 243 373 -6570.31
1 243 374 -2463.87
1 243 386 -821.289
1 243 391 -821.289
1 243 405 -821.289
1 243 406 -821.289
1 243 407 -1642.58
1 243 409 -821.289
1 243 577 -821.289
1 243 606 -5749.02
1 243 607 -4106.44
1 243 608 -1642.58
1 243 609 -4927.73
1 243 620 -821.289
1 243 622 -1642.58
1 243 623 -6570.31
1 244 371 -821.289
1 244 372 -1642.58
1 244 373 -2463.87
1 244 415 -821.289
1 244 598 -821.289
1 244 606 -3285.16
1 244 607 -821.289
1 244 611 -821.289
1 244 616 -821.289
1 244 622 -821.289
1 244 623 -3285.16
1 244 624 -821.289
1 245 312 -821.289
1 245 315 -821.289
1 245 326 -821.289
1 245 335 -821.289
1 245 338 -821.289
1 245 356 -1642.58
1 245 371 -821.289
1 245 413 -821.289
1 245 586 -821.289
1 245 604 -821.289
1 245 605 -2463.87
1 245 606 -4106.44
1 245 607 -3285.16
1 245 609 -4106.44
1 245 610 -1642.58
1 245 612 -1642.58
1 245 616 -1642.58
1 245 619 -821.289
1 245 620 -1642.58
1 245 622 -821.289
1 246 214 -821.289
1 246 342 -821.289
1 246 356 -821.289
1 246 357 -821.289
1 246 374 -821.289
1 246 413 -821.289
1 246 590 -821.289
1 246 599 -821.289
1 246 600 -4927.73
1 246 605 -3285.16
1 246 606 -5749.02
1 246 607 -3285.16
1 246 610 -821.289
1 246 612 -1642.58
1 246 614 -821.289
1 246 615 -821.289
1 246 623 -821.289
1 247 314 -821.289
1 247 331 -821.289
1 247 367 -1642.58
1 247 368 -4106.44
1 247 387 -1642.58
1 247 413 -821.289
1 247 578 -821.289
1 247 597 -821.289
1 247 598 -5749.02
1 247 599 -4927.73
1 247 600 -8212.89
1 247 601 -8212.89
1 247 605 -1642.58
1 247 609 -1642.58
1 247 610 -1642.58
1 247 611 -3285.16
1 247 612 -3285.16
1 247 613 -1642.58
1 247 618 -1642.58
1 247 619 -821.289
1 247 623 -821.289
1 248 307 -821.289
1 248 367 -821.289
1 248 368 -3285.16
1 248 371 -1642.58
1 248 372 -4106.44
1 248 387 -1642.58
1 248 388 -4927.73
1 248 413 -821.289
1 248 416 -821.289
1 248 529 -821.289
1 248 567 -821.289
1 248 596 -5749.02
1 248 597 -4106.44
1 248 598 -8212.89
1 248 599 -4927.73
1 248 600 -3285.16
1 248 601 -4927.73
1 248 602 -2463.87
1 248 605 -821.289
1 248 608 -821.289
1 248 609 -1642.58
1 248 610 -2463.87
1 248 611 -4927.73
1 248 612 -4927.73
1 248 613 -5749.02
1 248 618 -821.289
1 248 619 -821.289
1 248 620 -821.289
1 248 623 -1642.58
1 249 333 -821.289
1 249 334 -821.289
1 249 365 -1642.58
1 249 366 -2463.87
1 249 367 -821.289
1 249 368 -2463.87
1 249 371 -821.289
1 249 387 -821.289
1 249 388 -821.289
1 249 400 -821.289
1 249 412 -821.289
1 249 567 -821.289
1 249 593 -1642.58
1 249 595 -4927.73
1 249 596 -5749.02
1 249 597 -9034.18
1 249 603 -2463.87
1 249 604 -6570.31
1 249 605 -4106.44
1 249 607 -3285.16
1 249 609 -821.289
1 249 610 -1642.58
1 249 611 -4106.44
1 249 612 -7391.6
1 249 613 -1642.58
1 249 618 -821.289
1 249 623 -821.289
1 250 331 -821.289
1 250 355 -821.289
1 250 365 -1642.58
1 250 366 -4106.44
1 250 367 -2463.87
1 250 368 -821.289
1 250 369 -1642.58
1 250 370 -1642.58
1 250 371 -4927.73
1 250 382 -821.289
1 250 406 -821.289
1 250 413 -821.289
1 250 414 -821.289
1 250 423 -821.289
1 250 436 -821.289
1 250 568 -821.289
1 250 579 -821.289
1 250 591 -821.289
1 250 594 -821.289
1 250 596 -6570.31
1 250 597 -1642.58
1 250 602 -821.289
1 250 603 -5749.02
1 250 604 -4927.73
1 250 605 -3285.16
1 250 607 -821.289
1 250 608 -2463.87
1 250 609 -821.289
1 250 610 -821.289
1 250 613 -821.289
1 251 276 -821.289
1 251 322 -821.289
1 251 365 -2463.87
1 251 366 -7391.6
1 251 367 -1642.58
1 251 368 -1642.58
1 251 371 -821.289
1 251 379 -821.289
1 251 407 -821.289
1 251 414 -821.289
1 251 424 -821.289
1 251 598 -821.289
1 251 604 -821.289
1 251 605 -821.289
1 251 607 -821.289
1 251 610 -821.289
1 252 236 -821.289
1 252 365 -2463.87
1 252 366 -5749.02
1 252 367 -5749.02
1 252 368 -1642.58
1 252 376 -821.289
1 252 412 -821.289
1 252 416 -821.289
1 252 428 -821.289
1 252 506 -821.289
1 252 507 -821.289
1 252 528 -821.289
1 252 534 -821.289
1 252 544 -821.289
1 252 576 -821.289
1 252 591 -1642.58
1 252 596 -1642.58
1 252 597 -1642.58
1 252 598 -821.289
1 252 599 -1642.58
1 252 608 -1642.58
1 252 609 -821.289
1 252 611 -821.289
1 252 620 -821.289
1 253 259 -821.289
1 253 342 -821.289
1 253 363 -821.289
1 253 365 -1642.58
1 253 366 -4927.73
1 253 367 -3285.16
1 253 370 -821.289
1 253 375 -1642.58
1 253 404 -821.289
1 253 433 -1642.58
1 253 506 -821.289
1 253 543 -821.289
1 253 546 -821.289
1 253 547 -821.289
1 253 566 -821.289
1 253 586 -1642.58
1 253 596 -821.289
1 253 597 -3285.16
1 253 601 -821.289
1 253 604 -821.289
1 253 605 -821.289
1 253 614 -2463.87
1 254 366 -1642.58
1 254 478 -821.289
1 254 581 -821.289
1 254 584 -821.289
1 254 585 -4927.73
1 254 586 -4106.44
1 254 587 -2463.87
1 254 588 -2463.87
1 254 589 -3285.16
1 254 598 -821.289
1 254 599 -821.289
1 254 601 -1642.58
1 254 604 -1642.58
1 254 605 -821.289
1 254 606 -821.289
1 254 611 -821.289
1 255 341 -821.289
1 255 346 -821.289
1 255 371 -821.289
1 255 402 -821.289
1 255 442 -821.289
1 255 445 -821.289
1 255 461 -821.289
1 255 479 -821.289
1 255 512 -821.289
1 255 513 -821.289
1 255 526 -821.289
1 255 547 -821.289
1 255 548 -821.289
1 255 565 -821.289
1 255 583 -2463.87
1 255 584 -3285.16
1 255 585 -3285.16
1 255 586 -3285.16
1 255 587 -1642.58
1 255 588 -821.289
1 255 591 -821.289
1 255 594 -821.289
1 255 597 -821.289
1 255 600 -1642.58
1 255 607 -821.289
1 256 346 -821.289
1 256 350 -821.289
1 256 367 -821.289
1 256 373 -821.289
1 256 374 -821.289
1 256 491 -821.289
1 256 526 -821.289
1 256 531 -2463.87
1 256 532 -821.289
1 256 547 -821.289
1 256 548 -1642.58
1 256 549 -821.289
1 256 575 -821.289
1 256 578 -1642.58
1 256 580 -821.289
1 256 584 -2463.87
1 256 585 -1642.58
1 256 592 -1642.58
1 256 594 -5749.02
1 256 595 -3285.16
1 256 607 -3285.16
1 256 608 -1642.58
1 256 609 -821.289
1 257 330 -821.289
1 257 461 -821.289
1 257 497 -821.289
1 257 503 -821.289
1 257 506 -821.289
1 257 512 -821.289
1 257 527 -2463.87
1 257 529 -821.289
1 257 532 -821.289
1 257 549 -821.289
1 257 574 -821.289
1 257 575 -2463.87
1 257 584 -2463.87
1 257 585 -2463.87
1 257 593 -1642.58
1 257 594 -6570.31
1 257 595 -3285.16
1 257 597 -1642.58
1 257 606 -5749.02
1 257 607 -821.289
1 258 307 -821.289
1 258 330 -821.289
1 258 366 -821.289
1 258 485 -1642.58
1 258 489 -1642.58
1 258 491 -821.289
1 258 493 -821.289
1 258 494 -821.289
1 258 496 -821.289
1 258 497 -821.289
1 258 498 -2463.87
1 258 499 -1642.58
1 258 502 -821.289
1 258 503 -821.289
1 258 529 -1642.58
1 258 531 -821.289
1 258 532 -821.289
1 258 533 -1642.58
1 258 535 -821.289
1 258 546 -821.289
1 258 550 -821.289
1 258 556 -1642.58
1 258 564 -821.289
1 258 576 -821.289
1 258 583 -821.289
1 258 584 -2463.87
1 258 586 -2463.87
1 258 594 -2463.87
1 258 606 -4106.44
1 258 607 -821.289
1 259 346 -821.289
1 259 369 -1642.58
1 259 402 -821.289
1 259 444 -821.289
1 259 456 -821.289
1 259 485 -821.289
1 259 486 -821.289
1 259 488 -821.289
1 259 489 -821.289
1 259 490 -1642.58
1 259 509 -1642.58
1 259 510 -821.289
1 259 522 -821.289
1 259 528 -821.289
1 259 529 -821.289
1 259 531 -821.289
1 259 532 -821.289
1 259 545 -821.289
1 259 549 -821.289
1 259 554 -1642.58
1 259 555 -1642.58
1 259 556 -2463.87
1 259 557 -2463.87
1 259 575 -3285.16
1 259 576 -821.289
1 259 579 -821.289
1 259 584 -821.289
1 259 585 -3285.16
1 259 586 -1642.58
1 260 369 -1642.58
1 260 404 -1642.58
1 260 443 -821.289
1 260 454 -821.289
1 260 485 -821.289
1 260 486 -1642.58
1 260 487 -821.289
1 260 492 -821.289
1 260 499 -821.289
1 260 502 -1642.58
1 260 517 -821.289
1 260 527 -821.289
1 260 545 -2463.87
1 260 548 -821.289
1 260 554 -821.289
1 260 556 -821.289
1 260 567 -821.289
1 260 576 -821.289
1 260 577 -821.289
1 261 397 -821.289
1 261 404 -821.289
1 261 444 -821.289
1 261 483 -821.289
1 261 487 -821.289
1 261 501 -821.289
1 261 502 -821.289
1 261 545 -821.289
1 261 551 -821.289
1 261 552 -821.289
1 261 565 -821.289
1 262 254 -821.289
1 262 353 -1642.58
1 262 369 -821.289
1 262 425 -821.289
1 262 443 -821.289
1 262 458 -821.289
1 262 483 -1642.58
1 262 493 -821.289
1 262 501 -821.289
1 262 502 -821.289
1 262 523 -821.289
1 262 524 -821.289
1 262 535 -821.289
1 262 536 -821.289
1 262 537 -821.289
1 262 542 -821.289
1 262 546 -821.289
1 262 584 -821.289
1 262 587 -821.289
1 263 355 -821.289
1 263 415 -821.289
1 263 484 -821.289
1 263 493 -821.289
1 263 509 -821.289
1 263 522 -821.289
1 263 523 -1642.58
1 263 524 -1642.58
1 263 541 -1642.58
1 263 542 -821.289
1 263 543 -821.289
1 263 546 -1642.58
1 263 576 -821.289
1 263 579 -821.289
1 263 581 -3285.16
1 264 369 -821.289
1 264 379 -821.289
1 264 481 -821.289
1 264 482 -821.289
1 264 493 -821.289
1 264 503 -821.289
1 264 504 -821.289
1 264 516 -821.289
1 264 521 -2463.87
1 264 527 -821.289
1 264 543 -3285.16
1 264 568 -821.289
1 264 575 -821.289
1 264 576 -1642.58
1 265 336 -821.289
1 265 367 -1642.58
1 265 457 -821.289
1 265 459 -821.289
1 265 511 -821.289
1 265 516 -821.289
1 265 520 -821.289
1 265 524 -821.289
1 265 568 -1642.58
1 266 314 -821.289
1 266 413 -821.289
1 266 456 -821.289
1 266 478 -821.289
1 266 481 -821.289
1 266 483 -821.289
1 266 484 -821.289
1 266 485 -821.289
1 266 492 -821.289
1 266 498 -821.289
1 266 505 -821.289
1 266 518 -821.289
1 266 523 -821.289
1 266 543 -821.289
1 266 545 -821.289
1 266 549 -821.289
1 266 555 -821.289
1 267 337 -821.289
1 267 365 -821.289
1 267 381 -821.289
1 267 459 -821.289
1 267 460 -1642.58
1 267 505 -821.289
1 267 507 -821.289
1 267 543 -821.289
1 267 544 -1642.58
1 267 549 -821.289
1 267 553 -2463.87
1 267 562 -821.289
1 268 507 -1642.58
1 268 540 -821.289
1 268 541 -821.289
1 268 542 -1642.58
1 268 543 -3285.16
1 268 544 -1642.58
1 268 549 -821.289
1 268 551 -821.289
1 268 552 -821.289
1 268 553 -821.289
1 269 362 -821.289
1 269 505 -1642.58
1 269 507 -821.289
1 269 528 -821.289
1 269 543 -821.289
1 269 547 -1642.58
1 270 474 -821.289
1 270 475 -1642.58
1 270 479 -821.289
1 270 491 -821.289
1 270 504 -821.289
1 270 507 -821.289
1 270 526 -821.289
1 271 375 -821.289
1 271 388 -821.289
1 271 479 -821.289
1 271 481 -821.289
1 271 487 -821.289
1 271 491 -821.289
1 271 526 -821.289
1 272 469 -821.289
1 272 493 -821.289
1 272 495 -1642.58
1 272 496 -821.289
1 272 502 -821.289
1 272 526 -2463.87
1 273 441 -821.289
1 273 462 -821.289
1 273 526 -821.289
1 275 463 -821.289
1 275 480 -821.289
1 275 502 -821.289
1 275 504 -821.289
1 276 502 -821.289
1 277 393 -821.289
1 279 459 -821.289
1 280 563 -821.289
1 282 434 -821.289
1 282 435 -821.289
1 283 461 -821.289
1 283 482 -821.289
1 283 483 -821.289
1 285 437 -821.289
1 285 482 -821.289
1 285 483 -821.289
1 286 377 -821.289
1 286 464 -821.289
1 288 469 -821.289
1 289 362 -821.289
1 289 443 -821.289
1 292 358 -821.289
1 293 390 -2463.87
1 293 391 -821.289
1 296 390 -821.289
1 301 359 -821.289
1 301 378 -821.289
1 85 106 -821.289
1 92 112 -1642.58
1 93 117 -821.289
1 97 89 -821.289
1 98 101 -821.289
1 99 126 -821.289
1 99 136 -821.289
1 147 119 -2613.6
1 148 187 -20908.8
1 150 114 -19311.6
1 153 113 -17714.4
1 156 158 -18150.0
1 157 160 -13213.2
1 167 186 -12196.8
1 170 169 -111804.0
1 197 280 -11470.8
1 199 225 -19892.4
1 210 300 -3630.0
1 211 298 -3630.0
1 234 285 -11470.8
1 244 234 -37316.4
1 259 541 -290.4
1 265 469 -145.2
1 267 479 -3775.2
1 271 361 -379.69
1 272 454 -69.15
1 285 433 -7695.6
1 291 453 -24681.9
1 299 360 -7695.6
1 131 118 -1742.4
1 132 183 -8566.8
1 140 173 -15681.6
1 141 124 -30492.0
1 142 121 -13794.0
1 155 192 -17569.2
1 157 117 -13213.2
1 157 190 -145.2
1 158 205 -20763.6
1 169 164 -13503.6
1 172 162 -12922.8
1 172 163 -12922.8
1 172 164 -12922.8
1 173 196 -290.4
1 195 280 -13939.2
1 202 295 -4356.0
1 203 296 -50239.2
1 218 173 -93218.4
1 226 358 -7231.56
1 247 335 -16262.4
1 256 333 -5808.0
1 265 349 -7695.6
1 267 346 -5953.2
1 271 470 -3049.2
1 274 431 -2884110.0
1 280 367 -12342.0
1 285 357 -4356.0
1 289 374 -1161.6
1 293 378 -7840.8
1 299 335 -119064.0
1 143 152 -20618.4
1 144 130 -7405.2
1 149 118 -39930.0
1 151 143 -5953.2
1 152 177 -42543.6
1 153 212 -22796.4
1 154 128 -145.2
1 161 161 -15246.0
1 164 159 -19311.6
1 167 163 -28749.6
1 175 178 -3194.4
1 176 128 -2178.0
1 188 287 -726.0
1 189 206 -27588.0
1 201 279 -22506.0
1 221 294 -17133.6
1 221 361 -580.8
1 222 252 -10164.0
1 222 266 -21925.2
1 224 273 -19311.6
1 226 361 -15826.8
1 234 319 -19602.0
1 235 317 -19602.0
1 237 292 -19121.4
1 245 243 -21344.4
1 248 238 -87410.4
1 248 331 -8421.6
1 256 342 -6388.8
1 259 347 -8421.6
1 266 345 -13503.6
1 271 268 -26281.2
1 274 278 -17424.0
1 289 355 -435.6
1 295 392 -3630.0
1 296 391 -4356.0
1 296 393 -7986.0
1 140 166 -871.2
1 146 180 -38478.0
1 147 148 -13794.0
1 149 124 -580.8
1 149 202 -21199.2
1 150 186 -435.6
1 151 189 -399155.0
1 151 211 -4501.2
1 152 180 -580.8
1 153 188 -519816.0
1 158 173 -1016.4
1 164 124 -580.8
1 165 167 -6388.8
1 168 164 -13794.0
1 168 166 -13794.0
1 170 115 -9583.2
1 171 125 -871.2
1 176 222 -4936.8
1 184 210 -23232.0
1 188 207 -46609.2
1 189 288 -2323.2
1 193 280 -12922.8
1 206 280 -8566.8
1 209 281 -38930.6
1 210 249 -13358.4
1 211 263 -17424.0
1 211 296 -4065.6
1 213 270 -51255.6
1 219 272 -4501.2
1 221 302 -580.8
1 221 317 -17424.0
1 224 287 -7550.4
1 230 352 -31944.0
1 231 270 -3920.4
1 231 347 -4646.4
1 235 295 -12342.0
1 236 342 -10164.0
1 236 344 -5227.2
1 240 337 -16552.8
1 240 357 -13358.4
1 244 333 -3620.87
1 246 332 -5082.0
1 246 337 -17714.4
1 251 334 -16698.0
1 258 343 -726.0
1 258 345 -3049.2
1 260 345 -5372.4
1 261 340 -4210.8
1 262 286 -1742.4
1 262 361 -24248.4
1 263 344 -3920.4
1 263 350 -3920.4
1 267 321 -10454.4
1 267 428 -2851.86
1 269 364 -290.4
1 269 365 -1016.4
1 270 267 -18730.8
1 270 361 -4936.8
1 271 267 -18730.8
1 271 355 -7260.0
1 271 363 -13068.0
1 275 399 -185.07
1 281 331 -4356.0
1 284 333 -2468.4
1 289 371 -6824.4
1 290 371 -9292.8
1 291 365 -2178.0
1 296 358 -113504.0
1 297 356 -3920.4
1 297 391 -12632.4
1 299 347 -1452.0
1 125 93 -3339.6
1 142 169 -5082.0
1 145 116 -23667.6
1 146 146 -5808.0
1 152 213 -10744.8
1 155 116 -3775.2
1 161 185 -33250.8
1 166 203 -3339.6
1 168 216 -34848.0
1 183 232 -14955.6
1 192 232 -17569.2
1 193 235 -22796.4
1 201 310 -145.2
1 211 195 -4210.8
1 215 261 -12342.0
1 221 339 -12342.0
1 222 324 -2613.6
1 226 354 -10599.6
1 230 358 -5372.4
1 232 347 -1597.2
1 233 341 -6243.6
1 242 618 -6098.4
1 248 344 -12777.6
1 263 345 -19747.2
1 263 427 -145.2
1 263 570 -15826.8
1 264 348 -1742.4
1 265 414 -145.2
1 268 366 -1016.4
1 286 302 -871.2
1 292 360 -290.4
1 293 357 -17859.6
1 295 362 -3194.4
1 297 439 -1011070.0
1 134 124 -15391.2
1 145 166 -8566.8
1 150 121 -14520.0
1 150 127 -2323.2
1 152 118 -24829.2
1 153 123 -37897.2
1 155 125 -36590.4
1 156 124 -10454.4
1 185 168 -12632.4
1 224 257 -5372.4
1 230 223 -14665.2
1 276 358 -4791.6
1 281 445 -871.2
1 282 357 -290.4
1 137 168 -9728.4
1 149 213 -31798.8
1 189 195 -6969.6
1 190 250 -2323.2
1 210 253 -18150.0
1 217 236 -16117.2
1 245 324 -726.0
1 270 480 -145.2
1 291 354 -145.2
1 145 131 -16117.2
1 148 166 -4501.2
1 151 118 -3920.4
1 153 116 -1452.0
1 158 114 -5953.2
1 188 197 -19311.6
1 188 204 -14810.4
1 206 169 -1306.8
1 206 281 -871.2
1 208 226 -11616.0
1 211 266 -34235.6
1 213 276 -168991.0
1 214 274 -1397.41
1 220 278 -21558.7
1 223 372 -55030.8
1 232 398 -871.2
1 233 375 -2032.8
1 239 385 -4678.21
1 239 416 -29.17
1 241 238 -4065.6
1 245 408 -9438.0
1 246 320 -1742.4
1 248 454 -1452.0
1 259 351 -4565.19
1 265 360 -27381.9
1 265 489 -7323.59
1 269 360 -7673.27
1 272 360 -12777.6
1 273 521 -14084.4
1 274 327 -1161.6
1 274 432 -2904.0
1 274 521 -1016.4
1 275 465 -383.84
1 280 371 -726.0
1 290 322 -15100.8
1 294 354 -38732.2
1 147 183 -5953.2
1 205 310 -145.2
1 257 342 -1887.6
1 201 251 -11761.2
1 201 301 -2758.8
1 251 286 -1742.4
1 261 570 -15826.8
1 265 488 -290.4
1 294 356 -290.4
1 144 132 -145.2
1 135 160 -3484.8
1 136 173 -2613.6
1 144 189 -4936.8
1 154 112 -580.8
1 156 131 -290.4
1 161 179 -76810.8
1 164 169 -5517.6
1 167 247 -1016.4
1 183 205 -145.2
1 186 209 -55176.0
1 204 300 -43.5
1 215 269 -25700.4
1 225 242 -18295.2
1 226 375 -69264.9
1 235 420 -4791.6
1 238 302 -4210.8
1 242 355 -222.66
1 245 406 -1887.6
1 247 591 -1742.4
1 248 590 -1742.4
1 248 593 -1742.4
1 255 333 -11859.2
1 256 443 -502.4
1 258 339 -1997.19
1 258 416 -286.15
1 259 414 -1887.6
1 269 482 -145.2
1 270 476 -2468.4
1 273 523 -146507.0
1 274 506 -871.2
1 275 479 -22506.0
1 280 458 -1918.43
1 293 458 -25845.6
1 297 388 -1722.05
1 298 384 -132.77
1 298 391 -1161.6
1 204 299 -435.6
1 221 300 -1161.6
1 140 116 -145.2
1 134 167 -11616.0
1 159 157 -19311.6
1 160 117 -5662.8
1 197 298 -36.59
1 211 290 -4065.6
1 221 351 -145.2
1 226 330 -19512.9
1 237 406 -3494.27
1 244 430 -2178.0
1 247 342 -132.64
1 253 427 -3648.78
1 253 443 -1077.33
1 254 398 -217.88
1 254 442 -2933.53
1 254 444 -903.21
1 254 445 -88.01
1 256 445 -1534.97
1 261 346 -839.71
1 261 369 -2080.52
1 263 448 -145.2
1 270 319 -1048.82
1 271 364 -2178.0
1 271 471 -435.6
1 271 489 -3073.95
1 272 371 -290.4
1 273 520 -871.2
1 275 371 -871.2
1 275 449 -580.8
1 277 386 -1742.4
1 262 394 -573001.0
1 271 492 -145.2
1 167 168 -6388.8
1 157 122 -726.0
1 160 136 -580.8
1 169 201 -15391.2
1 199 297 -239.63
1 212 315 -173.5
1 214 287 -444.94
1 224 372 -3484.8
1 246 609 -2573.21
1 247 343 -70.53
1 247 590 -1742.4
1 255 446 -713.36
1 261 524 -46326.9
1 261 525 -46326.9
1 268 567 -15826.8
1 276 386 -1742.4
1 278 371 -1161.6
1 281 446 -1161.6
1 284 406 -3920.4
1 291 458 -198.77
1 295 390 -36009.6
1 297 384 -435.6
1 297 387 -435.6
1 165 158 -19311.6
1 240 619 -1016.4
1 257 443 -2361.23
1 162 205 -19892.4
1 170 249 -1016.4
1 244 330 -580.8
1 248 343 -180.16
1 249 589 -1742.4
1 254 394 -44.88
1 261 362 -24248.4
1 276 469 -145.2
1 276 484 -435.6
1 282 451 -726.0
1 207 193 -4065.6
1 134 173 -2613.6
1 145 139 -435.6
1 150 115 -4646.4
1 206 299 -13.33
1 239 305 -1256.24
1 261 461 -290.4
1 233 400 -64468.8
1 268 360 -435.6
1 117 117 -4065.6
1 178 182 -1452.0
1 183 311 -2856.0
1 185 196 -16407.6
1 201 309 -145.2
1 220 175 -30492.0
1 244 355 -13396.1
1 245 261 -13396.1
1 259 512 -726.0
1 260 541 -290.4
1 262 563 -15826.8
1 269 319 -19160.4
1 269 429 -3324.98
1 270 496 -12632.4
1 271 512 -726.0
1 273 506 -435.6
1 290 355 -16177.6
1 294 370 -30637.2
