1 62 1 3798.3
1 61 2 3770.7
1 60 3 3749.7
1 59 4 3733.5
1 58 5 3721.5
1 57 6 3713.4
1 56 7 3709.2
1 55 8 3709.0
1 54 9 3713.4
1 53 10 3722.5
1 52 11 3736.7
1 51 12 3755.5
1 49 13 3767.8
1 50 13 3777.1
1 48 14 3789.3
1 47 15 3784.5
1 46 16 3776.7
1 45 17 3766.9
1 45 18 3767.6
1 45 19 3768.3
1 44 20 3756.4
1 44 21 3756.2
1 44 22 3755.5
1 44 23 3754.2
1 44 24 3752.2
1 44 25 3749.4
1 44 26 3745.6
1 44 27 3740.7
1 44 28 3734.5
1 44 29 3727.0
1 44 30 3717.9
1 44 31 3707.0
1 44 32 3694.2
1 44 33 3679.1
1 44 34 3661.5
1 44 35 3641.1
1 44 36 3617.4
1 44 37 3589.8
1 44 38 3557.8
1 44 39 3520.3
1 44 40 3476.1
1 44 41 3422.8
1 43 42 3304.0
1 43 43 3265.0
1 43 44 3203.3
1 42 45 3052.1
1 42 46 2997.6
1 40 47 2765.7
1 41 47 2812.0
1 40 48 2729.6
1 40 49 2663.5
1 40 50 2567.6
1 35 78 4859.7
1 35 79 4888.1
1 34 80 4945.1
1 33 81 5025.5
1 32 82 5089.1
1 31 83 5102.5
1 30 84 5114.2
1 29 85 5123.1
1 28 86 5145.4
1 27 87 5164.2
1 26 88 5190.3
1 25 89 5217.8
1 25 90 5254.2
1 24 91 5241.3
1 24 92 5256.5
1 24 93 5293.6
1 24 94 5330.6
1 23 95 5345.7
1 23 96 5386.0
1 23 97 5422.3
1 22 98 5430.3
1 22 99 5471.4
1 22 100 5508.4
1 22 101 5545.7
1 21 102 5566.0
1 21 103 5611.1
1 20 104 5633.2
1 20 105 5675.7
1 19 106 5707.7
1 19 107 5752.1
1 18 108 5788.7
1 18 109 5828.5
1 17 110 5747.7
1 17 111 5758.8
1 17 112 5868.1
1 65 109 6030.5
1 66 109 6027.0
1 67 109 5976.4
1 68 109 5941.6
1 69 109 5951.1
1 62 110 5964.5
1 63 110 6002.2
1 64 110 6023.1
1 70 110 6040.0
1 60 111 5859.4
1 61 111 5880.9
1 71 111 6106.0
1 37 112 5647.1
1 38 112 5707.3
1 39 112 5768.9
1 40 112 5814.4
1 41 112 5851.4
1 42 112 5873.4
1 43 112 5884.6
1 44 112 5893.7
1 45 112 5900.9
1 46 112 5910.4
1 47 112 5919.3
1 48 112 5936.9
1 55 112 5739.6
1 56 112 5761.3
1 57 112 5778.4
1 58 112 5795.2
1 59 112 5810.1
1 72 112 6143.0
1 16 113 5956.8
1 33 113 5631.7
1 34 113 5615.1
1 35 113 5599.2
1 36 113 5578.7
1 49 113 5930.6
1 50 113 5908.4
1 51 113 5855.3
1 52 113 5800.7
1 53 113 5744.1
1 54 113 5707.4
1 73 113 6175.3
1 16 114 6015.9
1 29 114 5721.3
1 30 114 5696.1
1 31 114 5668.3
1 32 114 5633.3
1 74 114 6198.4
1 75 114 6202.5
1 16 115 6072.6
1 25 115 5833.0
1 26 115 5810.2
1 27 115 5781.0
1 28 115 5741.0
1 76 115 6234.3
1 16 116 6127.9
1 21 116 5975.7
1 22 116 5990.6
1 23 116 5903.4
1 24 116 5863.2
1 77 116 6249.5
1 78 116 6247.6
1 79 116 6260.2
1 16 117 6182.1
1 20 117 6023.7
1 80 117 6281.1
1 81 117 6279.2
1 82 117 6258.6
1 83 117 6231.1
1 84 117 6202.0
1 16 118 6219.5
1 17 118 6185.7
1 18 118 6138.6
1 19 118 6085.1
1 85 118 6131.5
1 85 119 6089.7
1 86 120 6072.5
1 86 121 6095.2
1 86 122 6120.0
1 86 123 6137.3
1 86 124 6149.7
1 86 125 6159.3
1 86 126 6166.4
1 86 127 6170.1
1 86 128 6170.7
1 86 129 6169.0
1 86 130 6166.3
1 86 131 6162.1
1 86 132 6155.2
1 86 133 6146.5
1 86 134 6134.7
1 86 135 6118.8
1 86 136 6099.7
1 85 137 6050.6
1 85 138 6037.7
1 84 139 6032.8
1 83 140 6073.8
1 82 141 6157.7
1 82 142 6174.0
1 81 143 6226.7
1 80 144 6287.2
1 79 145 6356.2
1 78 146 6419.8
1 77 147 6487.1
1 76 148 6559.0
1 75 149 6636.4
1 75 150 6700.7
1 75 151 6761.3
1 75 152 6821.9
1 75 153 6868.8
1 76 154 6862.0
1 77 154 6849.2
1 78 154 6839.0
1 79 155 6827.7
1 80 155 6815.1
1 81 156 6797.5
1 82 157 6771.0
1 82 158 6748.6
1 83 158 6734.5
1 84 159 6704.6
1 84 160 6676.8
1 84 161 6652.4
1 84 162 6628.5
1 85 163 6603.4
1 86 164 6574.0
1 87 165 6537.0
1 88 166 6502.2
1 89 167 6468.6
1 90 168 6387.2
1 90 169 6337.2
1 91 170 6269.8
1 92 171 6198.4
1 93 172 6167.7
1 94 173 6141.2
1 94 174 6138.8
1 95 175 6123.4
1 95 176 6109.0
1 95 177 6113.7
1 95 178 6120.7
1 95 179 6126.0
1 96 180 5954.7
1 97 181 5971.7
1 98 182 5989.2
1 99 183 6006.7
1 100 184 6022.5
1 101 185 6037.9
1 102 185 6046.3
1 103 185 6061.9
1 104 186 6096.3
1 105 186 6097.4
1 106 187 6100.6
1 107 188 6096.4
1 108 189 5914.1
1 108 190 5916.1
1 108 191 5917.1
1 108 192 5916.7
1 108 193 5912.5
1 107 194 5707.4
1 107 195 5703.4
1 107 196 5695.6
1 107 197 5685.3
1 107 198 5673.3
1 106 199 5634.9
1 106 200 5622.0
1 105 201 5576.1
1 105 202 5562.9
1 104 203 5522.4
1 104 204 5513.7
1 104 205 5498.7
1 104 206 5477.3
1 104 207 5444.2
1 98 208 5460.6
1 99 208 5470.7
1 100 208 5483.1
1 101 208 5496.0
1 102 208 5513.7
1 103 208 5542.4
1 97 209 5451.3
1 97 210 5450.1
1 97 211 5446.0
1 97 212 5440.7
1 96 213 5424.1
1 95 214 5416.7
1 95 215 5415.4
1 94 216 5408.0
1 94 217 5407.1
1 94 218 5406.4
1 95 219 5410.6
1 96 220 5414.1
1 97 221 5418.0
1 97 222 5416.9
1 98 223 5420.2
1 98 224 5418.8
1 99 225 5422.9
1 99 226 5421.0
1 100 227 5242.1
1 128 227 5398.5
1 129 227 5461.6
1 101 228 5248.0
1 107 228 5142.9
1 108 228 5167.8
1 109 228 5196.4
1 110 228 5228.4
1 111 228 5263.1
1 125 228 5283.4
1 126 228 5309.8
1 127 228 5318.0
1 130 228 5187.6
1 131 228 5194.1
1 132 228 5188.2
1 133 228 5189.3
1 134 228 5195.5
1 135 228 5209.9
1 136 228 5226.9
1 137 228 5240.2
1 138 228 5267.0
1 102 229 5252.8
1 106 229 5280.7
1 112 229 5117.3
1 118 229 5143.6
1 119 229 5162.0
1 120 229 5177.9
1 121 229 5192.0
1 122 229 5203.3
1 123 229 5212.7
1 124 229 5215.2
1 139 229 5340.3
1 103 230 5256.3
1 104 230 5258.9
1 105 230 5261.9
1 113 230 5133.9
1 114 230 5125.4
1 115 230 5121.1
1 116 230 5118.6
1 117 230 5110.7
1 140 230 5307.1
1 139 231 5374.7
1 137 232 5411.3
1 138 232 5410.6
1 136 233 5414.6
1 135 234 5407.4
1 133 235 5374.7
1 134 235 5388.0
1 132 236 5357.8
1 130 237 5314.5
1 131 237 5329.7
1 129 238 5303.3
1 128 239 5287.2
1 127 240 5267.3
1 127 241 5257.5
1 127 242 5244.6
1 128 243 5252.9
1 129 244 5251.2
1 129 245 5238.5
1 130 246 5234.7
1 131 246 5233.6
1 132 246 5236.5
1 133 246 5245.8
1 134 246 5263.2
1 135 246 5289.6
1 136 246 5316.8
1 137 246 5336.8
1 138 246 5358.8
1 139 247 5409.5
1 140 247 5434.0
1 141 247 5471.5
1 142 247 5514.8
1 143 248 5577.8
1 144 249 5671.3
1 144 250 5698.1
1 145 251 5749.9
1 145 252 5775.5
1 145 253 5795.8
1 146 254 5829.1
1 146 255 5826.5
1 146 256 5820.5
1 146 257 5812.6
1 146 258 5802.4
1 146 259 5790.6
1 146 260 5777.2
1 146 261 5764.9
1 146 262 5751.7
1 146 263 5738.5
1 146 264 5728.4
1 146 265 0.0
1 147 266 5482.8
1 147 267 5453.7
1 147 268 5428.8
1 147 269 5389.1
1 147 270 5356.1
1 148 271 5306.0
1 148 272 5279.2
1 148 273 5252.1
1 148 274 5230.3
1 149 274 5215.4
1 149 275 5175.8
1 149 276 5143.6
1 149 277 5091.0
1 149 278 5036.4
1 150 279 5132.7
1 150 280 5087.7
1 150 281 5046.5
1 150 282 5016.2
1 151 283 4932.5
1 151 284 4888.7
1 151 285 4855.4
1 152 286 4761.4
1 152 287 4706.8
1 152 288 4662.5
1 152 289 4628.0
1 153 290 4722.8
1 153 291 4696.3
1 153 292 4704.2
1 154 293 4715.0
1 154 294 4726.6
1 154 295 4736.1
1 154 296 4742.2
1 155 297 4760.1
1 155 298 4763.9
1 156 299 4586.8
1 157 299 4593.1
1 158 299 4602.6
1 159 299 4615.1
1 160 299 4631.1
1 161 299 4650.5
1 162 300 4681.7
1 162 301 4684.5
1 162 302 4683.6
1 162 303 4681.0
1 162 304 4678.3
1 163 305 4857.4
1 163 306 4848.4
1 163 307 4838.6
1 163 308 4829.3
1 163 309 4823.2
1 164 310 5039.4
1 165 311 5081.0
1 166 312 5152.7
1 167 313 5211.3
1 168 314 5244.2
1 168 315 5076.7
1 168 316 5081.0
1 169 316 5088.5
1 169 317 5094.3
1 170 317 5104.1
1 171 318 5105.2
1 171 319 5081.8
1 172 320 5033.9
1 172 321 4986.4
1 172 322 4938.1
1 172 323 4887.1
1 172 324 4847.4
1 173 325 4845.9
1 173 326 4849.5
1 173 327 4851.3
1 174 328 4860.7
1 174 329 4862.3
1 174 330 4863.3
1 175 331 4867.8
1 176 331 4871.8
1 177 331 4877.7
1 178 332 4887.1
1 179 333 4889.7
1 179 334 4886.6
1 179 335 4883.5
1 180 336 4881.0
1 181 337 4872.5
1 181 338 4867.8
1 187 338 4741.0
1 188 338 4762.1
1 189 338 4779.7
1 190 338 4793.4
1 182 339 4858.5
1 186 339 4873.5
1 191 339 4797.0
1 192 339 5216.0
1 182 340 4852.5
1 186 340 4857.8
1 193 340 5215.3
1 182 341 4848.9
1 186 341 4847.8
1 194 341 5215.2
1 195 341 5216.8
1 183 342 4845.3
1 184 342 4845.1
1 185 342 4844.6
1 186 342 4843.5
1 196 342 5216.5
1 196 343 5214.4
1 197 344 5213.3
1 198 345 5210.9
1 199 346 5208.8
1 200 346 5210.4
1 201 346 5212.6
1 202 346 5214.7
1 203 346 5215.5
1 204 346 4346.49
1 205 347 5199.5
1 206 347 5193.3
1 207 348 5398.8
1 207 349 5496.1
1 207 350 5637.0
1 206 351 5696.9
1 205 352 5701.7
1 205 353 5706.2
1 205 354 5711.2
1 206 355 5734.1
1 206 356 5742.3
1 207 357 5767.0
1 208 357 5784.2
1 209 358 5465.4
1 210 359 5522.7
1 211 359 5550.7
1 212 360 5470.5
1 212 361 5507.7
1 208 362 5529.9
1 209 362 5534.6
1 210 362 5541.7
1 211 362 5547.4
1 207 363 5526.1
1 206 364 5520.7
1 206 365 5522.0
1 206 366 5522.2
1 206 367 5521.4
1 206 368 5520.4
1 206 369 5519.2
1 207 369 5525.6
1 208 369 5542.1
1 209 369 5563.8
1 210 369 5588.2
1 211 369 5618.5
1 212 369 5654.9
1 213 369 5699.1
1 214 370 5595.6
1 215 370 5629.4
1 216 372 5626.7
1 214 373 5263.1
1 215 373 5351.3
1 214 374 5220.0
1 213 375 5270.2
1 212 376 5247.8
1 211 377 5194.7
1 211 378 5183.6
1 211 379 5178.1
1 211 380 5180.2
1 211 381 5189.3
1 211 382 5243.7
1 211 383 5293.5
1 212 384 45000.0
1 212 385 45000.0
1 212 386 45000.0
1 212 387 45000.0
1 212 388 45000.0
1 212 389 45000.0
1 212 390 45000.0
1 212 391 45000.0
1 212 392 45000.0
1 212 393 45000.0
1 213 394 45000.0
1 213 395 45000.0
1 213 396 45000.0
1 213 397 45000.0
1 213 398 45000.0
1 213 399 45000.0
1 213 400 45000.0
1 213 401 45000.0
1 213 402 45000.0
1 214 403 45000.0
1 214 404 45000.0
1 214 405 45000.0
1 214 406 45000.0
1 214 407 45000.0
1 214 409 45000.0
1 214 410 45000.0
1 214 411 45000.0
1 214 412 45000.0
1 214 413 45000.0
1 214 414 45000.0
1 214 415 45000.0
1 215 416 45000.0
1 215 417 45000.0
1 227 417 45000.0
1 228 417 45000.0
1 229 417 45000.0
1 216 418 45000.0
1 226 418 45000.0
1 230 418 45000.0
1 217 419 45000.0
1 218 419 45000.0
1 219 419 45000.0
1 220 419 45000.0
1 221 419 45000.0
1 222 419 45000.0
1 223 419 45000.0
1 224 419 45000.0
1 225 419 45000.0
1 229 419 45000.0
1 229 420 45000.0
1 226 421 45000.0
1 227 421 45000.0
1 228 421 45000.0
1 224 422 45000.0
1 225 422 45000.0
1 224 423 45000.0
1 224 424 45000.0
1 225 424 45000.0
1 226 424 45000.0
1 227 424 45000.0
1 228 424 45000.0
1 229 425 45000.0
1 229 426 45000.0
1 229 427 45000.0
1 229 428 45000.0
1 229 429 45000.0
1 228 430 45000.0
1 228 431 45000.0
1 228 432 45000.0
1 228 433 45000.0
1 228 434 45000.0
1 228 435 45000.0
1 229 435 45000.0
1 230 436 45000.0
1 230 437 45000.0
1 230 438 45000.0
1 230 439 45000.0
1 230 440 45000.0
1 230 441 45000.0
1 230 442 45000.0
1 230 443 45000.0
1 230 444 45000.0
1 230 445 45000.0
1 230 446 45000.0
1 230 447 45000.0
1 230 448 45000.0
1 230 449 45000.0
1 230 450 45000.0
1 230 451 45000.0
1 230 452 45000.0
1 230 453 45000.0
1 230 454 45000.0
1 230 455 45000.0
1 230 456 45000.0
1 231 457 45000.0
1 231 458 45000.0
1 231 459 45000.0
1 231 460 45000.0
1 232 461 45000.0
1 232 462 45000.0
1 232 463 45000.0
1 232 464 45000.0
1 233 464 45000.0
1 234 464 45000.0
1 235 464 45000.0
1 236 464 45000.0
1 237 464 45000.0
1 238 464 45000.0
1 239 465 45000.0
1 239 466 45000.0
1 239 467 5337.1
1 238 468 5337.1
1 238 469 5337.1
1 238 470 5337.1
1 239 471 5337.1
1 240 471 5337.1
1 241 472 5337.1
1 242 472 5337.1
1 243 472 5337.1
1 244 473 5337.1
1 245 474 5337.1
1 246 475 5337.1
1 246 476 5337.1
1 246 477 5337.1
1 246 478 5337.1
1 246 479 5337.1
1 246 480 5337.1
1 245 481 5337.1
1 245 482 5337.1
1 244 483 5337.1
1 243 484 5337.1
1 243 485 5337.1
1 243 486 5337.1
1 243 487 5337.1
1 243 488 5337.1
1 243 489 5337.1
1 242 490 5337.1
1 242 491 5337.1
1 241 492 5337.1
1 241 493 5337.1
1 240 494 5337.1
1 239 495 5337.1
1 238 496 5337.1
1 235 497 5337.1
1 236 497 5337.1
1 237 497 5337.1
1 233 498 5337.1
1 234 498 5337.1
1 233 499 5337.1
1 232 500 5337.1
1 231 501 5337.1
1 231 502 5337.1
1 231 503 5337.1
1 231 504 5337.1
1 231 505 5337.1
1 231 506 5337.1
1 231 507 5337.1
1 231 508 5337.1
1 231 509 5337.1
1 231 510 5337.1
1 231 511 5337.1
1 231 512 5337.1
1 231 513 5337.1
1 231 514 5337.1
1 231 515 5337.1
1 232 516 5337.1
1 232 517 5337.1
1 232 518 5337.1
1 233 519 5337.1
1 233 520 5337.1
1 233 521 5337.1
1 234 522 5337.1
1 234 523 5337.1
1 235 524 5337.1
1 235 525 5337.1
1 236 525 5337.1
1 237 525 5337.1
1 238 525 5337.1
1 239 526 5337.1
1 239 527 5337.1
1 240 528 5437.9
1 240 529 5453.1
1 241 530 5519.7
1 241 531 5549.7
1 241 532 5566.6
1 241 533 5578.1
1 241 534 5586.4
1 242 535 5064.8
1 242 536 5076.1
1 243 536 5094.1
1 244 536 5126.6
1 245 536 5155.2
1 246 537 5210.6
1 246 538 5227.7
1 247 539 5267.6
1 248 540 5303.1
1 249 540 5315.2
1 250 540 5331.6
1 251 541 5365.2
1 250 544 5398.8
1 251 544 5401.1
1 245 545 5344.2
1 246 545 5355.4
1 247 545 5374.0
1 248 545 5387.7
1 249 545 5393.2
1 243 546 5317.7
1 244 546 5321.7
1 243 547 5318.4
1 242 548 5314.5
1 242 549 5314.8
1 241 550 5308.6
1 241 551 5306.9
1 240 552 5296.5
1 239 553 5285.5
1 238 554 0.0
1 237 555 5249.9
1 236 556 5248.8
1 236 557 5248.8
1 232 558 5189.1
1 233 558 5186.1
1 234 558 5193.8
1 235 558 5197.3
1 232 559 5201.2
1 231 560 5201.4
1 231 561 5209.8
1 231 562 5216.5
1 231 563 5221.6
1 231 564 5222.9
1 230 565 5389.7
1 230 566 5382.9
1 230 567 5372.0
1 230 568 5359.6
1 215 371 5678.1
1 39 51 6043.2
1 39 52 5967.8
1 38 53 5714.5
1 38 54 5641.8
1 37 55 5375.6
1 36 56 5152.8
1 35 57 4950.0
1 35 58 4889.0
1 35 59 4787.7
1 35 60 8397.7
1 35 61 8262.3
1 35 62 8125.5
1 35 63 7985.2
1 35 64 7841.2
1 35 65 7693.4
1 35 66 7542.6
1 35 67 7395.4
1 35 68 7276.3
1 36 69 10770.0
1 36 70 10502.6
1 36 71 10250.3
1 36 72 10007.1
1 36 73 9772.1
1 36 74 9559.1
1 36 75 9377.7
1 36 76 9287.9
1 36 77 9255.2
1 230 569 5347.0
1 230 570 5333.5
1 230 571 5317.4
1 230 572 5306.0
1 230 573 5316.9
1 230 574 5332.4
1 230 575 5342.6
1 230 576 5344.7
1 230 577 5179.6
1 230 578 5212.8
1 230 579 5245.9
1 230 580 5275.3
1 230 581 5278.4
1 230 582 5283.8
1 230 583 5286.3
1 230 584 5285.4
1 230 585 5282.0
1 230 586 5277.4
1 230 587 5271.3
1 230 588 5267.4
1 229 589 5251.5
1 229 590 5242.2
1 228 591 5219.5
1 228 592 5203.8
1 228 593 5186.5
1 228 594 5164.3
1 227 595 5120.1
1 227 596 5096.9
1 227 597 5068.8
1 227 598 5035.6
1 227 599 4786.4
1 226 600 4700.2
1 226 601 4698.2
1 226 602 4696.9
1 226 603 4697.6
1 225 604 4268.5
1 224 605 4268.5
1 223 606 4290.4
1 222 607 4310.8
1 223 605 4275.0
1 114 114 -843.1
1 117 120 -820.013
1 129 121 -1686.19
1 130 122 -820.013
1 133 112 -18548.1
1 135 194 -1241.56
1 140 168 -10679.2
1 141 191 -1405.16
1 143 126 -18407.6
1 144 166 -9133.55
1 144 182 -9133.55
1 146 117 -3512.9
1 146 188 -4918.06
1 146 190 -4637.03
1 147 132 -843.1
1 147 145 -820.013
1 148 167 -3231.87
1 148 176 -820.013
1 148 196 -2529.29
1 149 145 -2669.81
1 150 198 -3512.9
1 151 142 -2248.26
1 151 195 -25292.9
1 152 123 -4356.0
1 152 125 -820.013
1 152 132 -2365.69
1 153 111 -3934.45
1 153 142 -15597.3
1 153 192 -3934.45
1 154 125 -140.52
1 154 171 -7002.72
1 155 112 -6182.71
1 155 129 -6744.77
1 155 141 -140.52
1 156 129 -178174.0
1 157 116 -562.06
1 157 135 -4731.38
1 157 140 -10117.2
1 157 251 -6042.19
1 158 133 -7564.78
1 158 137 -8852.52
1 158 181 -10960.3
1 159 119 -77283.9
1 159 173 -17002.4
1 161 188 -17845.6
1 162 119 -983.61
1 162 121 -12646.5
1 162 128 -153163.0
1 162 132 -2950.84
1 162 140 -1264.65
1 162 167 -1826.71
1 162 169 -281.03
1 163 137 -140.52
1 163 138 -1944.14
1 164 135 -3793.94
1 165 130 -2950.84
1 165 131 -281.03
1 166 126 -140.52
1 167 259 -702.58
1 168 123 -3091.35
1 168 208 -9836.13
1 169 163 -105668.0
1 170 131 -4074.97
1 170 132 -983.61
1 170 163 -52834.1
1 171 130 -702.58
1 171 131 -2388.77
1 171 132 -7025.81
1 172 130 -983.61
1 174 123 -2810.32
1 174 135 -3091.35
1 175 134 -63091.7
1 175 204 -1967.23
1 176 176 -1264.65
1 176 202 -1264.65
1 178 164 -281.03
1 179 181 -8149.94
1 179 183 -6042.19
1 179 210 -28805.8
1 180 208 -8571.48
1 183 184 -13068.0
1 188 198 -4215.48
1 188 209 -3091.35
1 188 240 -9836.13
1 188 258 -12224.9
1 193 256 -140.52
1 193 260 -13063.9
1 197 204 -4496.52
1 197 252 -1545.68
1 198 298 -842.943
1 199 211 -1967.23
1 199 231 -1405.16
1 199 298 -820.013
1 200 298 -820.013
1 201 234 -1124.13
1 203 280 -5199.1
1 204 248 -16403.8
1 205 300 -850.633
1 206 196 -16580.9
1 206 286 -4772.51
1 206 300 -1640.03
1 212 258 -19250.7
1 213 264 -140.52
1 214 240 -8290.45
1 215 260 -18267.1
1 216 267 -702.58
1 217 264 -8430.97
1 217 365 -702.58
1 219 310 -5620.65
1 221 223 -562.06
1 221 246 -5339.61
1 221 284 -483.88
1 222 352 -2081.34
1 222 369 -5480.13
1 223 271 -1826.71
1 224 301 -10257.7
1 224 374 -8371.86
1 226 331 -29884.1
1 226 350 -31.95
1 226 365 -41044.7
1 226 382 -33363.7
1 228 225 -42014.3
1 230 255 -2669.81
1 231 401 -1101.04
1 232 256 -1264.65
1 232 364 -132.17
1 232 370 -8328.74
1 233 337 -820.013
1 233 376 -2408.41
1 233 394 -1640.03
1 234 304 -4320.08
1 234 393 -881.523
1 235 367 -12.27
1 235 605 -2397.63
1 235 609 -4652.95
1 236 263 -3372.39
1 236 351 -3512.9
1 237 237 -18407.6
1 237 316 -38176.6
1 237 357 -5115.66
1 237 389 -820.013
1 238 221 -1545.68
1 238 398 -13.79
1 238 605 -4217.79
1 238 609 -1640.03
1 239 250 -562.06
1 239 338 -281.03
1 239 426 -702.58
1 239 605 -4100.06
1 239 606 -2460.04
1 239 619 -820.013
1 240 380 -820.013
1 240 426 -820.013
1 240 608 -3280.05
1 241 335 -4074.97
1 241 342 -1545.68
1 241 604 -820.013
1 242 311 -6913.51
1 243 371 -19437.0
1 243 389 -2388.77
1 243 422 -140.52
1 243 431 -953.01
1 243 605 -4100.06
1 244 605 -4920.08
1 244 621 -3929.85
1 245 238 -13630.1
1 245 322 -23325.7
1 245 337 -820.013
1 245 370 -9520.66
1 245 621 -820.013
1 246 321 -4121.19
1 246 618 -2460.04
1 247 344 -820.013
1 247 383 -10572.4
1 247 384 -1375290.0
1 248 251 -46564.0
1 248 424 -8149.94
1 248 436 -1686.19
1 248 442 -562.06
1 248 444 -39386.4
1 248 589 -5901.68
1 249 373 -820.013
1 249 424 -820.013
1 249 430 -14230.5
1 249 436 -5259.3
1 249 606 -4100.06
1 250 326 -2916.13
1 250 424 -820.013
1 250 425 -455413.0
1 250 431 -24649.0
1 250 595 -2741.07
1 251 356 -89385.0
1 251 408 -965.5
1 251 456 -1101.04
1 251 457 -42.82
1 251 594 -820.013
1 251 595 -845.863
1 251 596 -1640.03
1 252 230 -14613.7
1 252 285 -1124.13
1 252 329 -30975.1
1 252 450 -702.58
1 252 595 -820.013
1 252 606 -820.013
1 253 298 -2388.77
1 253 331 -15649.3
1 253 332 -14174.5
1 253 416 -140.52
1 253 445 -91998.6
1 254 338 -3793.94
1 254 367 -702.58
1 254 407 -134414.0
1 254 597 -820.013
1 254 607 -820.013
1 255 381 -37236.8
1 255 383 -36674.7
1 255 388 -33161.8
1 255 395 -2107.74
1 255 420 -10257.7
1 255 439 -17845.6
1 255 443 -70967.2
1 255 595 -820.013
1 255 596 -820.013
1 255 606 -820.013
1 255 609 -1640.03
1 255 610 -1139.17
1 256 314 -5904.25
1 256 335 -4777.55
1 256 341 -140.52
1 256 413 -2529.29
1 256 586 -65673.8
1 256 593 -3280.05
1 257 238 -281.03
1 257 324 -1988.54
1 257 576 -5123.43
1 257 599 -36826.9
1 257 600 -92600.1
1 258 325 -13.26
1 258 336 -2783.17
1 258 418 -289392.0
1 258 420 -27559.7
1 258 442 -936932.0
1 258 585 -4920.08
1 258 595 -1640.03
1 258 601 -4621.18
1 258 602 -5597.34
1 259 340 -3911.36
1 259 405 -1043.57
1 259 588 -31966.9
1 259 592 -1202.8
1 259 593 -1202.8
1 260 342 -6744.77
1 260 349 -843.1
1 260 358 -8993.03
1 260 407 -2572600.0
1 260 413 -49549.2
1 260 424 -298.28
1 260 461 -2388.77
1 260 463 -98782.8
1 260 585 -15249.6
1 260 586 -20145.8
1 261 337 -4496.52
1 261 355 -14613.7
1 261 381 -375479.0
1 261 416 -28946.3
1 261 418 -820.013
1 261 429 -32639.7
1 261 464 -16440.4
1 261 492 -820.013
1 261 571 -18829.2
1 261 576 -16560.5
1 262 345 -2810.32
1 262 540 -313.53
1 262 564 -38461.2
1 262 567 -849.52
1 262 568 -26136.0
1 262 570 -120984.0
1 262 571 -2388.77
1 263 434 -18.47
1 263 471 -6604.26
1 263 477 -99907.0
1 263 520 -1640.03
1 263 582 -10470.2
1 264 265 -9976.65
1 264 345 -9555.1
1 264 355 -281.03
1 264 367 -820.013
1 264 383 -61161.1
1 264 407 -3653.42
1 264 428 -171711.0
1 264 468 -67.88
1 264 471 -9555.1
1 264 476 -140.52
1 264 477 -138127.0
1 264 523 -2881.59
1 264 524 -421.55
1 264 549 -3491.35
1 265 364 -22975.8
1 265 374 -6317.49
1 265 380 -24.66
1 265 422 -188364.0
1 266 337 -820.013
1 266 340 -140.52
1 266 462 -140.52
1 267 391 -562.06
1 267 396 -47635.0
1 267 463 -1826.71
1 267 555 -820.013
1 267 556 -820.013
1 268 333 -421.55
1 268 334 -140.52
1 268 436 -3394260.0
1 268 455 -12.2
1 268 479 -843.1
1 268 480 -562.06
1 268 489 -3033.92
1 269 363 -820.013
1 269 397 -91054.5
1 269 450 -1405.16
1 269 456 -11151.2
1 269 541 -820.013
1 270 337 -2669.81
1 270 352 -140.52
1 270 417 -404938.0
1 270 429 -1236.08
1 270 481 -820.013
1 270 483 -1619.94
1 270 484 -820.013
1 270 486 -5475.12
1 270 498 -75597.7
1 271 319 -53735.3
1 271 371 -1545.68
1 271 415 -156610.0
1 271 485 -315.65
1 271 493 -133409.0
1 271 498 -15456.8
1 271 537 -202142.0
1 272 336 -15086.4
1 272 337 -729.13
1 272 366 -5620.65
1 272 368 -151641.0
1 272 388 -699845.0
1 272 396 -3091.35
1 272 450 -6604.26
1 272 451 -20936.9
1 272 453 -702.58
1 272 462 -1915830.0
1 272 491 -14.58
1 272 497 -39259.0
1 272 498 -129977.0
1 272 530 -69418.6
1 272 532 -192679.0
1 272 535 -109041.0
1 273 363 -4777.55
1 273 392 -513.44
1 273 480 -2950.84
1 273 510 -2225.17
1 273 516 -20336.2
1 273 517 -253480.0
1 273 518 -205.83
1 274 409 -1967.23
1 274 520 -25292.9
1 274 523 -140.52
1 275 367 -173537.0
1 275 441 -1131.58
1 275 450 -843.1
1 275 506 -281.03
1 276 366 -126886.0
1 276 392 -1686.19
1 276 446 -2248.26
1 276 474 -23942.6
1 277 294 -56266.6
1 277 390 -10819.7
1 277 407 -1143120.0
1 277 431 -3445.51
1 277 468 -140.52
1 277 472 -24939.7
1 277 480 -76491.2
1 277 482 -281.03
1 278 365 -27541.2
1 278 435 -1004.76
1 278 482 -3934.45
1 279 310 -33685.9
1 279 336 -281.03
1 279 433 -174764.0
1 279 438 -267703.0
1 279 475 -83973.1
1 279 485 -7025.81
1 280 365 -5058.58
1 280 433 -65089.6
1 280 442 -22342.1
1 280 469 -46001.4
1 280 471 -45736.6
1 281 458 -2452060.0
1 282 409 -7306.84
1 282 424 -1545.68
1 282 430 -281.03
1 282 436 -3699.94
1 282 454 -1906.03
1 283 354 -702.58
1 283 429 -340330.0
1 283 449 -9.24
1 283 452 -114457.0
1 283 455 -3204.03
1 283 468 -44890.4
1 284 339 -36434.0
1 284 457 -5761.16
1 284 463 -569.22
1 284 481 -4275.37
1 285 336 -1124.13
1 285 374 -1124.13
1 285 467 -215726.0
1 285 475 -75779.7
1 286 330 -55477.5
1 286 425 -118123.0
1 286 475 -37810.1
1 286 477 -68940.5
1 287 388 -41101.6
1 287 426 -820.013
1 287 477 -35071.8
1 288 419 -13068.0
1 288 423 -1492.34
1 288 426 -820.013
1 289 351 -983.61
1 289 404 -159842.0
1 289 459 -383.79
1 289 468 -612.34
1 290 382 -105218.0
1 290 402 -29468.4
1 290 411 -5199.1
1 290 412 -8430.97
1 290 413 -1124.13
1 291 355 -30972.5
1 291 373 -983.61
1 292 365 -15737.8
1 292 416 -1124.13
1 292 469 -18585.9
1 294 435 -31335.1
1 294 447 -31794.4
1 294 458 -10969.4
1 295 356 -58.6
1 295 391 -27260.1
1 295 430 -495081.0
1 296 388 -2599.16
1 296 398 -153444.0
1 296 406 -23.29
1 296 433 -2388.77
1 297 381 -3372.39
1 297 395 -19927.1
1 297 401 -368601.0
1 297 402 -35114.9
1 297 413 -1446860.0
1 297 415 -61265.0
1 297 442 -65921.9
1 298 390 -3512.9
1 299 354 -140.52
1 299 355 -818.6
1 299 387 -48.26
1 102 110 -820.013
1 102 113 -820.013
1 103 100 -820.013
1 103 104 -820.013
1 104 115 -820.013
1 105 115 -820.013
1 105 139 -820.013
1 108 117 -820.013
1 109 112 -820.013
1 111 155 -820.013
1 111 208 -820.013
1 112 181 -820.013
1 113 111 -820.013
1 113 159 -820.013
1 113 211 -820.013
1 114 173 -820.013
1 114 212 -1640.03
1 115 212 -1640.03
1 116 121 -820.013
1 116 150 -820.013
1 116 166 -820.013
1 117 119 -820.013
1 117 168 -820.013
1 117 210 -820.013
1 119 194 -820.013
1 119 202 -820.013
1 119 96 -820.013
1 120 155 -820.013
1 120 94 -820.013
1 121 187 -820.013
1 123 110 -820.013
1 123 111 -820.013
1 123 158 -820.013
1 123 168 -820.013
1 123 193 -820.013
1 123 202 -1640.03
1 125 150 -820.013
1 125 151 -820.013
1 125 193 -820.013
1 125 194 -820.013
1 126 121 -820.013
1 126 191 -820.013
1 126 195 -820.013
1 127 150 -820.013
1 127 160 -820.013
1 127 169 -820.013
1 127 195 -820.013
1 127 199 -1640.03
1 128 122 -820.013
1 128 148 -820.013
1 128 149 -820.013
1 128 152 -820.013
1 128 153 -820.013
1 128 154 -820.013
1 128 157 -820.013
1 128 199 -820.013
1 129 117 -820.013
1 129 119 -820.013
1 129 122 -820.013
1 129 146 -820.013
1 129 154 -1640.03
1 129 162 -820.013
1 129 176 -820.013
1 130 120 -820.013
1 130 154 -820.013
1 130 155 -820.013
1 130 156 -2460.04
1 130 194 -820.013
1 131 112 -820.013
1 131 121 -820.013
1 131 122 -820.013
1 131 150 -820.013
1 131 156 -820.013
1 131 157 -820.013
1 131 158 -820.013
1 131 161 -1640.03
1 131 198 -820.013
1 132 112 -820.013
1 132 155 -820.013
1 132 156 -820.013
1 132 160 -820.013
1 132 161 -1640.03
1 133 155 -820.013
1 133 159 -820.013
1 133 160 -1640.03
1 133 192 -1640.03
1 133 193 -820.013
1 134 148 -820.013
1 134 150 -820.013
1 134 151 -820.013
1 134 156 -820.013
1 134 191 -820.013
1 134 193 -3280.05
1 135 148 -4100.06
1 135 149 -1640.03
1 135 156 -820.013
1 135 157 -820.013
1 135 193 -2460.04
1 136 147 -820.013
1 136 148 -820.013
1 136 149 -820.013
1 136 150 -1640.03
1 136 153 -820.013
1 136 155 -820.013
1 137 148 -820.013
1 137 150 -820.013
1 137 153 -1640.03
1 137 154 -820.013
1 137 157 -2460.04
1 137 175 -820.013
1 137 206 -820.013
1 138 151 -820.013
1 138 152 -820.013
1 138 153 -2460.04
1 138 168 -820.013
1 138 169 -820.013
1 139 151 -820.013
1 140 138 -820.013
1 140 155 -3280.05
1 140 156 -820.013
1 140 171 -820.013
1 140 180 -820.013
1 141 149 -820.013
1 141 154 -1640.03
1 141 157 -820.013
1 141 171 -820.013
1 141 199 -1640.03
1 142 155 -820.013
1 142 156 -820.013
1 142 157 -820.013
1 142 158 -820.013
1 142 174 -820.013
1 142 179 -820.013
1 142 201 -820.013
1 143 146 -820.013
1 143 157 -2460.04
1 144 142 -1640.03
1 144 173 -820.013
1 145 142 -820.013
1 145 143 -820.013
1 145 151 -820.013
1 145 187 -820.013
1 145 226 -820.013
1 146 140 -820.013
1 146 141 -1640.03
1 146 145 -820.013
1 146 208 -820.013
1 146 229 -820.013
1 146 230 -820.013
1 146 232 -820.013
1 147 139 -2460.04
1 147 140 -820.013
1 147 141 -820.013
1 147 142 -820.013
1 147 229 -820.013
1 147 230 -820.013
1 147 233 -820.013
1 147 239 -820.013
1 147 240 -820.013
1 148 217 -820.013
1 148 221 -820.013
1 149 127 -820.013
1 149 147 -820.013
1 149 154 -820.013
1 149 222 -820.013
1 149 253 -820.013
1 150 160 -820.013
1 150 164 -820.013
1 150 177 -820.013
1 150 227 -820.013
1 150 236 -820.013
1 151 128 -820.013
1 151 228 -820.013
1 152 153 -820.013
1 152 173 -820.013
1 152 176 -820.013
1 152 222 -820.013
1 152 228 -820.013
1 153 126 -820.013
1 153 136 -820.013
1 153 155 -820.013
1 153 232 -820.013
1 153 238 -820.013
1 153 253 -820.013
1 154 126 -820.013
1 154 133 -820.013
1 154 161 -820.013
1 154 172 -820.013
1 154 220 -820.013
1 154 244 -820.013
1 155 170 -1640.03
1 155 216 -820.013
1 155 262 -820.013
1 156 160 -820.013
1 156 211 -820.013
1 156 223 -820.013
1 157 132 -820.013
1 157 133 -820.013
1 157 134 -2460.04
1 157 136 -820.013
1 157 194 -820.013
1 157 207 -820.013
1 157 240 -820.013
1 158 135 -820.013
1 158 248 -820.013
1 159 152 -820.013
1 159 231 -820.013
1 159 240 -820.013
1 159 247 -820.013
1 159 248 -820.013
1 159 250 -820.013
1 159 251 -820.013
1 159 257 -820.013
1 160 133 -820.013
1 160 249 -1640.03
1 160 251 -1640.03
1 160 252 -820.013
1 160 253 -820.013
1 160 262 -820.013
1 161 144 -1640.03
1 161 251 -820.013
1 161 253 -820.013
1 162 137 -1640.03
1 162 252 -1640.03
1 162 253 -820.013
1 163 152 -820.013
1 163 190 -820.013
1 163 236 -820.013
1 164 278 -820.013
1 164 290 -820.013
1 164 299 -820.013
1 165 133 -1640.03
1 165 134 -1640.03
1 165 135 -820.013
1 165 290 -820.013
1 166 131 -820.013
1 166 132 -820.013
1 166 133 -1640.03
1 166 134 -820.013
1 166 135 -820.013
1 166 210 -820.013
1 166 254 -820.013
1 166 255 -820.013
1 167 127 -820.013
1 167 132 -1640.03
1 167 133 -1640.03
1 167 134 -2460.04
1 167 256 -820.013
1 167 288 -820.013
1 167 294 -820.013
1 168 130 -820.013
1 168 131 -820.013
1 168 132 -3280.05
1 168 133 -3280.05
1 168 286 -820.013
1 168 287 -1640.03
1 168 291 -1640.03
1 169 128 -1640.03
1 169 129 -3280.05
1 169 131 -820.013
1 169 132 -4100.06
1 169 133 -2460.04
1 169 134 -7380.12
1 169 135 -820.013
1 169 236 -820.013
1 169 260 -820.013
1 169 271 -820.013
1 169 287 -820.013
1 169 290 -820.013
1 170 133 -2460.04
1 170 134 -9840.16
1 170 136 -820.013
1 170 187 -820.013
1 170 256 -820.013
1 170 287 -820.013
1 170 292 -820.013
1 171 133 -1640.03
1 171 134 -820.013
1 171 136 -4100.06
1 171 290 -820.013
1 172 257 -820.013
1 172 284 -820.013
1 172 295 -1640.03
1 172 311 -820.013
1 173 258 -820.013
1 173 278 -820.013
1 173 290 -820.013
1 173 292 -820.013
1 173 293 -1640.03
1 173 294 -820.013
1 174 124 -820.013
1 174 253 -820.013
1 174 261 -820.013
1 174 270 -820.013
1 174 283 -820.013
1 174 289 -820.013
1 174 293 -820.013
1 175 260 -820.013
1 175 288 -820.013
1 175 292 -1640.03
1 175 293 -820.013
1 175 296 -820.013
1 175 305 -820.013
1 176 274 -820.013
1 176 305 -820.013
1 177 289 -820.013
1 177 290 -820.013
1 178 243 -820.013
1 178 280 -820.013
1 178 285 -820.013
1 178 302 -820.013
1 178 305 -820.013
1 178 306 -820.013
1 178 311 -820.013
1 179 278 -820.013
1 179 285 -820.013
1 180 149 -820.013
1 180 286 -820.013
1 181 297 -820.013
1 181 307 -820.013
1 181 308 -820.013
1 183 242 -820.013
1 183 285 -820.013
1 183 295 -820.013
1 183 308 -820.013
1 183 309 -820.013
1 183 318 -820.013
1 184 263 -820.013
1 184 285 -820.013
1 184 313 -820.013
1 184 319 -820.013
1 185 257 -820.013
1 185 305 -820.013
1 185 306 -820.013
1 185 307 -820.013
1 185 315 -820.013
1 186 255 -820.013
1 186 265 -820.013
1 186 307 -1640.03
1 186 310 -820.013
1 188 262 -820.013
1 188 294 -820.013
1 188 295 -820.013
1 189 295 -820.013
1 189 309 -820.013
1 190 307 -820.013
1 190 308 -820.013
1 190 324 -820.013
1 191 292 -1640.03
1 191 304 -820.013
1 191 305 -820.013
1 192 258 -820.013
1 192 284 -820.013
1 192 304 -820.013
1 192 316 -820.013
1 192 319 -820.013
1 193 262 -820.013
1 193 301 -820.013
1 193 311 -820.013
1 193 313 -1640.03
1 194 284 -820.013
1 194 313 -820.013
1 195 269 -820.013
1 195 287 -820.013
1 195 289 -820.013
1 195 300 -820.013
1 195 311 -820.013
1 195 313 -820.013
1 196 269 -820.013
1 196 275 -820.013
1 196 303 -820.013
1 196 324 -820.013
1 196 333 -820.013
1 197 264 -820.013
1 197 283 -820.013
1 197 300 -820.013
1 197 322 -820.013
1 197 325 -820.013
1 198 242 -820.013
1 198 276 -1640.03
1 198 309 -820.013
1 198 311 -820.013
1 199 283 -820.013
1 199 311 -820.013
1 199 324 -820.013
1 200 280 -820.013
1 200 286 -820.013
1 200 296 -820.013
1 200 299 -820.013
1 200 306 -820.013
1 200 307 -820.013
1 200 312 -820.013
1 200 343 -820.013
1 200 345 -820.013
1 201 257 -820.013
1 202 280 -820.013
1 202 287 -820.013
1 202 297 -820.013
1 202 301 -820.013
1 202 302 -820.013
1 203 215 -820.013
1 203 304 -820.013
1 203 305 -820.013
1 203 309 -820.013
1 203 315 -820.013
1 205 263 -820.013
1 205 303 -820.013
1 205 304 -820.013
1 205 317 -820.013
1 205 318 -820.013
1 205 319 -820.013
1 206 264 -820.013
1 206 270 -820.013
1 206 301 -820.013
1 206 304 -820.013
1 206 315 -820.013
1 206 317 -1640.03
1 207 262 -820.013
1 207 300 -820.013
1 207 301 -1640.03
1 207 303 -820.013
1 207 304 -820.013
1 207 306 -1640.03
1 207 315 -820.013
1 207 317 -820.013
1 208 298 -1640.03
1 208 299 -1640.03
1 208 306 -820.013
1 208 317 -820.013
1 208 328 -820.013
1 209 284 -820.013
1 209 297 -820.013
1 209 302 -820.013
1 210 284 -820.013
1 210 301 -820.013
1 210 302 -820.013
1 210 342 -820.013
1 211 301 -820.013
1 211 321 -820.013
1 212 295 -820.013
1 212 347 -820.013
1 213 226 -820.013
1 213 287 -820.013
1 213 303 -820.013
1 213 329 -820.013
1 214 319 -820.013
1 215 289 -820.013
1 215 311 -820.013
1 215 353 -820.013
1 216 323 -820.013
1 216 341 -820.013
1 217 244 -820.013
1 217 249 -820.013
1 217 351 -820.013
1 218 209 -820.013
1 218 243 -820.013
1 218 292 -820.013
1 218 345 -1640.03
1 221 240 -820.013
1 221 611 -820.013
1 222 254 -820.013
1 222 362 -820.013
1 224 338 -820.013
1 224 359 -820.013
1 225 323 -820.013
1 225 329 -820.013
1 225 332 -820.013
1 225 368 -820.013
1 225 373 -820.013
1 225 378 -820.013
1 225 382 -1640.03
1 226 323 -820.013
1 226 388 -1640.03
1 226 618 -820.013
1 227 315 -820.013
1 228 606 -820.013
1 229 385 -1640.03
1 229 392 -820.013
1 229 393 -820.013
1 229 397 -3280.05
1 229 618 -4100.06
1 230 338 -820.013
1 230 373 -1640.03
1 230 384 -820.013
1 230 392 -1640.03
1 230 393 -3280.05
1 230 396 -820.013
1 230 605 -820.013
1 231 343 -820.013
1 231 383 -820.013
1 231 392 -4100.06
1 231 393 -9020.14
1 231 398 -820.013
1 231 603 -820.013
1 231 607 -1640.03
1 232 259 -820.013
1 232 300 -820.013
1 232 384 -820.013
1 232 389 -820.013
1 232 393 -4920.08
1 232 394 -3280.05
1 232 405 -820.013
1 232 604 -1640.03
1 232 606 -1640.03
1 232 607 -2460.04
1 232 608 -820.013
1 233 373 -820.013
1 233 393 -820.013
1 233 403 -820.013
1 233 406 -3280.05
1 233 601 -1640.03
1 233 602 -820.013
1 234 374 -820.013
1 234 388 -820.013
1 234 389 -820.013
1 234 406 -2460.04
1 234 407 -1640.03
1 234 601 -820.013
1 234 602 -1640.03
1 234 603 -2460.04
1 234 604 -820.013
1 234 605 -1640.03
1 234 606 -820.013
1 234 609 -820.013
1 234 620 -820.013
1 234 621 -820.013
1 235 342 -820.013
1 235 368 -820.013
1 235 389 -820.013
1 235 392 -820.013
1 235 404 -820.013
1 235 406 -820.013
1 235 599 -820.013
1 235 600 -1640.03
1 235 602 -2460.04
1 235 603 -820.013
1 235 606 -820.013
1 235 608 -820.013
1 236 256 -820.013
1 236 359 -820.013
1 236 377 -1640.03
1 236 378 -820.013
1 236 389 -1640.03
1 236 600 -820.013
1 236 601 -820.013
1 236 602 -1640.03
1 236 605 -820.013
1 236 606 -820.013
1 236 607 -820.013
1 236 620 -820.013
1 237 330 -820.013
1 237 377 -820.013
1 237 384 -820.013
1 237 388 -820.013
1 237 605 -1640.03
1 237 606 -2460.04
1 237 607 -1640.03
1 237 608 -4100.06
1 237 609 -2460.04
1 237 620 -820.013
1 238 346 -820.013
1 238 391 -820.013
1 238 410 -820.013
1 238 602 -820.013
1 238 603 -820.013
1 238 606 -4100.06
1 238 607 -4920.08
1 238 608 -3280.05
1 238 610 -820.013
1 239 297 -820.013
1 239 323 -820.013
1 239 404 -820.013
1 239 601 -820.013
1 239 603 -820.013
1 239 607 -1640.03
1 239 608 -3280.05
1 239 609 -2460.04
1 239 610 -1640.03
1 239 615 -1640.03
1 240 267 -820.013
1 240 319 -820.013
1 240 327 -820.013
1 240 352 -820.013
1 240 374 -1640.03
1 240 392 -1640.03
1 240 396 -820.013
1 240 406 -820.013
1 240 603 -820.013
1 240 605 -2460.04
1 240 606 -3280.05
1 240 607 -1640.03
1 240 620 -1640.03
1 240 621 -820.013
1 241 339 -820.013
1 241 352 -820.013
1 241 370 -1640.03
1 241 375 -820.013
1 241 409 -820.013
1 241 577 -820.013
1 241 603 -1640.03
1 241 605 -2460.04
1 241 606 -1640.03
1 241 607 -1640.03
1 241 608 -1640.03
1 241 609 -4100.06
1 241 610 -820.013
1 241 611 -820.013
1 241 620 -820.013
1 241 621 -820.013
1 242 314 -820.013
1 242 318 -820.013
1 242 336 -820.013
1 242 338 -820.013
1 242 339 -820.013
1 242 373 -2460.04
1 242 374 -4920.08
1 242 406 -1640.03
1 242 603 -1640.03
1 242 604 -5740.09
1 242 605 -7380.12
1 242 606 -2460.04
1 242 607 -4100.06
1 242 608 -4100.06
1 242 609 -2460.04
1 242 610 -2460.04
1 242 616 -820.013
1 242 622 -820.013
1 242 623 -2460.04
1 243 366 -820.013
1 243 369 -820.013
1 243 372 -1640.03
1 243 373 -6560.1
1 243 374 -2460.04
1 243 386 -820.013
1 243 391 -820.013
1 243 405 -820.013
1 243 406 -820.013
1 243 407 -1640.03
1 243 409 -820.013
1 243 577 -820.013
1 243 606 -5740.09
1 243 607 -4100.06
1 243 608 -1640.03
1 243 609 -4920.08
1 243 620 -820.013
1 243 622 -1640.03
1 243 623 -6560.1
1 244 371 -820.013
1 244 372 -1640.03
1 244 373 -2460.04
1 244 415 -820.013
1 244 598 -820.013
1 244 606 -3280.05
1 244 607 -820.013
1 244 611 -820.013
1 244 616 -820.013
1 244 622 -820.013
1 244 623 -3280.05
1 244 624 -820.013
1 245 312 -820.013
1 245 315 -820.013
1 245 326 -820.013
1 245 335 -820.013
1 245 338 -820.013
1 245 356 -1640.03
1 245 371 -820.013
1 245 413 -820.013
1 245 586 -820.013
1 245 604 -820.013
1 245 605 -2460.04
1 245 606 -4100.06
1 245 607 -3280.05
1 245 609 -4100.06
1 245 610 -1640.03
1 245 612 -1640.03
1 245 616 -1640.03
1 245 619 -820.013
1 245 620 -1640.03
1 245 622 -820.013
1 246 214 -820.013
1 246 342 -820.013
1 246 356 -820.013
1 246 357 -820.013
1 246 374 -820.013
1 246 413 -820.013
1 246 590 -820.013
1 246 599 -820.013
1 246 600 -4920.08
1 246 605 -3280.05
1 246 606 -5740.09
1 246 607 -3280.05
1 246 610 -820.013
1 246 612 -1640.03
1 246 614 -820.013
1 246 615 -820.013
1 246 623 -820.013
1 247 314 -820.013
1 247 331 -820.013
1 247 367 -1640.03
1 247 368 -4100.06
1 247 387 -1640.03
1 247 413 -820.013
1 247 578 -820.013
1 247 597 -820.013
1 247 598 -5740.09
1 247 599 -4920.08
1 247 600 -8200.13
1 247 601 -8200.13
1 247 605 -1640.03
1 247 609 -1640.03
1 247 610 -1640.03
1 247 611 -3280.05
1 247 612 -3280.05
1 247 613 -1640.03
1 247 618 -1640.03
1 247 619 -820.013
1 247 623 -820.013
1 248 307 -820.013
1 248 367 -820.013
1 248 368 -3280.05
1 248 371 -1640.03
1 248 372 -4100.06
1 248 387 -1640.03
1 248 388 -4920.08
1 248 413 -820.013
1 248 416 -820.013
1 248 529 -820.013
1 248 567 -820.013
1 248 596 -5740.09
1 248 597 -4100.06
1 248 598 -8200.13
1 248 599 -4920.08
1 248 600 -3280.05
1 248 601 -4920.08
1 248 602 -2460.04
1 248 605 -820.013
1 248 608 -820.013
1 248 609 -1640.03
1 248 610 -2460.04
1 248 611 -4920.08
1 248 612 -4920.08
1 248 613 -5740.09
1 248 618 -820.013
1 248 619 -820.013
1 248 620 -820.013
1 248 623 -1640.03
1 249 333 -820.013
1 249 334 -820.013
1 249 365 -1640.03
1 249 366 -2460.04
1 249 367 -820.013
1 249 368 -2460.04
1 249 371 -820.013
1 249 387 -820.013
1 249 388 -820.013
1 249 400 -820.013
1 249 412 -820.013
1 249 567 -820.013
1 249 593 -1640.03
1 249 595 -4920.08
1 249 596 -5740.09
1 249 597 -9020.14
1 249 603 -2460.04
1 249 604 -6560.1
1 249 605 -4100.06
1 249 607 -3280.05
1 249 609 -820.013
1 249 610 -1640.03
1 249 611 -4100.06
1 249 612 -7380.12
1 249 613 -1640.03
1 249 618 -820.013
1 249 623 -820.013
1 250 331 -820.013
1 250 355 -820.013
1 250 365 -1640.03
1 250 366 -4100.06
1 250 367 -2460.04
1 250 368 -820.013
1 250 369 -1640.03
1 250 370 -1640.03
1 250 371 -4920.08
1 250 382 -820.013
1 250 406 -820.013
1 250 413 -820.013
1 250 414 -820.013
1 250 423 -820.013
1 250 436 -820.013
1 250 568 -820.013
1 250 579 -820.013
1 250 591 -820.013
1 250 594 -820.013
1 250 596 -6560.1
1 250 597 -1640.03
1 250 602 -820.013
1 250 603 -5740.09
1 250 604 -4920.08
1 250 605 -3280.05
1 250 607 -820.013
1 250 608 -2460.04
1 250 609 -820.013
1 250 610 -820.013
1 250 613 -820.013
1 251 276 -820.013
1 251 322 -820.013
1 251 365 -2460.04
1 251 366 -7380.12
1 251 367 -1640.03
1 251 368 -1640.03
1 251 371 -820.013
1 251 379 -820.013
1 251 407 -820.013
1 251 414 -820.013
1 251 424 -820.013
1 251 598 -820.013
1 251 604 -820.013
1 251 605 -820.013
1 251 607 -820.013
1 251 610 -820.013
1 252 236 -820.013
1 252 365 -2460.04
1 252 366 -5740.09
1 252 367 -5740.09
1 252 368 -1640.03
1 252 376 -820.013
1 252 412 -820.013
1 252 416 -820.013
1 252 428 -820.013
1 252 506 -820.013
1 252 507 -820.013
1 252 528 -820.013
1 252 534 -820.013
1 252 544 -820.013
1 252 576 -820.013
1 252 591 -1640.03
1 252 596 -1640.03
1 252 597 -1640.03
1 252 598 -820.013
1 252 599 -1640.03
1 252 608 -1640.03
1 252 609 -820.013
1 252 611 -820.013
1 252 620 -820.013
1 253 259 -820.013
1 253 342 -820.013
1 253 363 -820.013
1 253 365 -1640.03
1 253 366 -4920.08
1 253 367 -3280.05
1 253 370 -820.013
1 253 375 -1640.03
1 253 404 -820.013
1 253 433 -1640.03
1 253 506 -820.013
1 253 543 -820.013
1 253 546 -820.013
1 253 547 -820.013
1 253 566 -820.013
1 253 586 -1640.03
1 253 596 -820.013
1 253 597 -3280.05
1 253 601 -820.013
1 253 604 -820.013
1 253 605 -820.013
1 253 614 -2460.04
1 254 366 -1640.03
1 254 478 -820.013
1 254 581 -820.013
1 254 584 -820.013
1 254 585 -4920.08
1 254 586 -4100.06
1 254 587 -2460.04
1 254 588 -2460.04
1 254 589 -3280.05
1 254 598 -820.013
1 254 599 -820.013
1 254 601 -1640.03
1 254 604 -1640.03
1 254 605 -820.013
1 254 606 -820.013
1 254 611 -820.013
1 255 341 -820.013
1 255 346 -820.013
1 255 371 -820.013
1 255 402 -820.013
1 255 442 -820.013
1 255 445 -820.013
1 255 461 -820.013
1 255 479 -820.013
1 255 512 -820.013
1 255 513 -820.013
1 255 526 -820.013
1 255 547 -820.013
1 255 548 -820.013
1 255 565 -820.013
1 255 583 -2460.04
1 255 584 -3280.05
1 255 585 -3280.05
1 255 586 -3280.05
1 255 587 -1640.03
1 255 588 -820.013
1 255 591 -820.013
1 255 594 -820.013
1 255 597 -820.013
1 255 600 -1640.03
1 255 607 -820.013
1 256 346 -820.013
1 256 350 -820.013
1 256 367 -820.013
1 256 373 -820.013
1 256 374 -820.013
1 256 491 -820.013
1 256 526 -820.013
1 256 531 -2460.04
1 256 532 -820.013
1 256 547 -820.013
1 256 548 -1640.03
1 256 549 -820.013
1 256 575 -820.013
1 256 578 -1640.03
1 256 580 -820.013
1 256 584 -2460.04
1 256 585 -1640.03
1 256 592 -1640.03
1 256 594 -5740.09
1 256 595 -3280.05
1 256 607 -3280.05
1 256 608 -1640.03
1 256 609 -820.013
1 257 330 -820.013
1 257 461 -820.013
1 257 497 -820.013
1 257 503 -820.013
1 257 506 -820.013
1 257 512 -820.013
1 257 527 -2460.04
1 257 529 -820.013
1 257 532 -820.013
1 257 549 -820.013
1 257 574 -820.013
1 257 575 -2460.04
1 257 584 -2460.04
1 257 585 -2460.04
1 257 593 -1640.03
1 257 594 -6560.1
1 257 595 -3280.05
1 257 597 -1640.03
1 257 606 -5740.09
1 257 607 -820.013
1 258 307 -820.013
1 258 330 -820.013
1 258 366 -820.013
1 258 485 -1640.03
1 258 489 -1640.03
1 258 491 -820.013
1 258 493 -820.013
1 258 494 -820.013
1 258 496 -820.013
1 258 497 -820.013
1 258 498 -2460.04
1 258 499 -1640.03
1 258 502 -820.013
1 258 503 -820.013
1 258 529 -1640.03
1 258 531 -820.013
1 258 532 -820.013
1 258 533 -1640.03
1 258 535 -820.013
1 258 546 -820.013
1 258 550 -820.013
1 258 556 -1640.03
1 258 564 -820.013
1 258 576 -820.013
1 258 583 -820.013
1 258 584 -2460.04
1 258 586 -2460.04
1 258 594 -2460.04
1 258 606 -4100.06
1 258 607 -820.013
1 259 346 -820.013
1 259 369 -1640.03
1 259 402 -820.013
1 259 444 -820.013
1 259 456 -820.013
1 259 485 -820.013
1 259 486 -820.013
1 259 488 -820.013
1 259 489 -820.013
1 259 490 -1640.03
1 259 509 -1640.03
1 259 510 -820.013
1 259 522 -820.013
1 259 528 -820.013
1 259 529 -820.013
1 259 531 -820.013
1 259 532 -820.013
1 259 545 -820.013
1 259 549 -820.013
1 259 554 -1640.03
1 259 555 -1640.03
1 259 556 -2460.04
1 259 557 -2460.04
1 259 575 -3280.05
1 259 576 -820.013
1 259 579 -820.013
1 259 584 -820.013
1 259 585 -3280.05
1 259 586 -1640.03
1 260 369 -1640.03
1 260 404 -1640.03
1 260 443 -820.013
1 260 454 -820.013
1 260 485 -820.013
1 260 486 -1640.03
1 260 487 -820.013
1 260 492 -820.013
1 260 499 -820.013
1 260 502 -1640.03
1 260 517 -820.013
1 260 527 -820.013
1 260 545 -2460.04
1 260 548 -820.013
1 260 554 -820.013
1 260 556 -820.013
1 260 567 -820.013
1 260 576 -820.013
1 260 577 -820.013
1 261 397 -820.013
1 261 404 -820.013
1 261 444 -820.013
1 261 483 -820.013
1 261 487 -820.013
1 261 501 -820.013
1 261 502 -820.013
1 261 545 -820.013
1 261 551 -820.013
1 261 552 -820.013
1 261 565 -820.013
1 262 254 -820.013
1 262 353 -1640.03
1 262 369 -820.013
1 262 425 -820.013
1 262 443 -820.013
1 262 458 -820.013
1 262 483 -1640.03
1 262 493 -820.013
1 262 501 -820.013
1 262 502 -820.013
1 262 523 -820.013
1 262 524 -820.013
1 262 535 -820.013
1 262 536 -820.013
1 262 537 -820.013
1 262 542 -820.013
1 262 546 -820.013
1 262 584 -820.013
1 262 587 -820.013
1 263 355 -820.013
1 263 415 -820.013
1 263 484 -820.013
1 263 493 -820.013
1 263 509 -820.013
1 263 522 -820.013
1 263 523 -1640.03
1 263 524 -1640.03
1 263 541 -1640.03
1 263 542 -820.013
1 263 543 -820.013
1 263 546 -1640.03
1 263 576 -820.013
1 263 579 -820.013
1 263 581 -3280.05
1 264 369 -820.013
1 264 379 -820.013
1 264 481 -820.013
1 264 482 -820.013
1 264 493 -820.013
1 264 503 -820.013
1 264 504 -820.013
1 264 516 -820.013
1 264 521 -2460.04
1 264 527 -820.013
1 264 543 -3280.05
1 264 568 -820.013
1 264 575 -820.013
1 264 576 -1640.03
1 265 336 -820.013
1 265 367 -1640.03
1 265 457 -820.013
1 265 459 -820.013
1 265 511 -820.013
1 265 516 -820.013
1 265 520 -820.013
1 265 524 -820.013
1 265 568 -1640.03
1 266 314 -820.013
1 266 413 -820.013
1 266 456 -820.013
1 266 478 -820.013
1 266 481 -820.013
1 266 483 -820.013
1 266 484 -820.013
1 266 485 -820.013
1 266 492 -820.013
1 266 498 -820.013
1 266 505 -820.013
1 266 518 -820.013
1 266 523 -820.013
1 266 543 -820.013
1 266 545 -820.013
1 266 549 -820.013
1 266 555 -820.013
1 267 337 -820.013
1 267 365 -820.013
1 267 381 -820.013
1 267 459 -820.013
1 267 460 -1640.03
1 267 505 -820.013
1 267 507 -820.013
1 267 543 -820.013
1 267 544 -1640.03
1 267 549 -820.013
1 267 553 -2460.04
1 267 562 -820.013
1 268 507 -1640.03
1 268 540 -820.013
1 268 541 -820.013
1 268 542 -1640.03
1 268 543 -3280.05
1 268 544 -1640.03
1 268 549 -820.013
1 268 551 -820.013
1 268 552 -820.013
1 268 553 -820.013
1 269 362 -820.013
1 269 505 -1640.03
1 269 507 -820.013
1 269 528 -820.013
1 269 543 -820.013
1 269 547 -1640.03
1 270 474 -820.013
1 270 475 -1640.03
1 270 479 -820.013
1 270 491 -820.013
1 270 504 -820.013
1 270 507 -820.013
1 270 526 -820.013
1 271 375 -820.013
1 271 388 -820.013
1 271 479 -820.013
1 271 481 -820.013
1 271 487 -820.013
1 271 491 -820.013
1 271 526 -820.013
1 272 469 -820.013
1 272 493 -820.013
1 272 495 -1640.03
1 272 496 -820.013
1 272 502 -820.013
1 272 526 -2460.04
1 273 441 -820.013
1 273 462 -820.013
1 273 526 -820.013
1 275 463 -820.013
1 275 480 -820.013
1 275 502 -820.013
1 275 504 -820.013
1 276 502 -820.013
1 277 393 -820.013
1 279 459 -820.013
1 280 563 -820.013
1 282 434 -820.013
1 282 435 -820.013
1 283 461 -820.013
1 283 482 -820.013
1 283 483 -820.013
1 285 437 -820.013
1 285 482 -820.013
1 285 483 -820.013
1 286 377 -820.013
1 286 464 -820.013
1 288 469 -820.013
1 289 362 -820.013
1 289 443 -820.013
1 292 358 -820.013
1 293 390 -2460.04
1 293 391 -820.013
1 296 390 -820.013
1 301 359 -820.013
1 301 378 -820.013
1 85 106 -820.013
1 92 112 -1640.03
1 93 117 -820.013
1 97 89 -820.013
1 98 101 -820.013
1 99 126 -820.013
1 99 136 -820.013
1 147 119 -3091.35
1 150 114 -6463.74
1 153 113 -7447.35
1 156 158 -2248.26
1 157 160 -1686.19
1 170 169 -1405.16
1 197 280 -7166.32
1 199 225 -2248.26
1 210 300 -5761.16
1 211 298 -34567.0
1 234 285 -3653.42
1 244 234 -17705.0
1 259 541 -562.06
1 265 469 -140.52
1 267 479 -1826.71
1 272 454 -93.06
1 285 433 -8430.97
1 291 453 -513.16
1 299 360 -3512.9
1 109 116 -11100.8
1 131 118 -843.1
1 132 183 -6323.23
1 137 123 -8149.94
1 140 173 -3231.87
1 152 130 -2529.29
1 155 192 -13068.0
1 157 117 -4215.48
1 158 205 -1264.65
1 164 258 -8149.94
1 172 162 -7587.87
1 173 196 -421.55
1 175 213 -23887.7
1 195 280 -11241.3
1 226 358 -503.76
1 256 333 -12927.5
1 265 349 -6182.71
1 269 347 -3934.45
1 271 470 -1826.71
1 274 431 -2111690.0
1 280 367 -1264.65
1 285 357 -1264.65
1 292 370 -8430.97
1 293 370 -3091.35
1 293 378 -2669.81
1 299 335 -225809.0
1 143 152 -6182.71
1 144 130 -1264.65
1 151 143 -5058.58
1 153 212 -5480.13
1 154 128 -140.52
1 155 180 -6604.26
1 159 188 -8290.45
1 161 161 -983.61
1 162 171 -140.52
1 164 159 -15175.7
1 167 163 -13770.6
1 175 178 -983.61
1 176 128 -3512.9
1 189 206 -9836.13
1 201 279 -5901.68
1 221 294 -3091.35
1 221 361 -421.55
1 222 252 -702.58
1 226 361 -1826.71
1 234 319 -22623.1
1 235 317 -14473.2
1 238 244 -702.58
1 248 331 -1826.71
1 256 342 -5901.68
1 259 347 -2669.81
1 266 345 -3934.45
1 271 268 -28103.2
1 274 278 -5901.68
1 289 355 -281.03
1 295 392 -2248.26
1 296 391 -3934.45
1 296 393 -6744.77
1 143 114 -3934.45
1 145 114 -43841.0
1 146 180 -140.52
1 149 124 -843.1
1 149 181 -39625.6
1 150 172 -23887.7
1 150 183 -15456.8
1 151 178 -23185.2
1 151 181 -11381.8
1 151 189 -3231.87
1 151 211 -281.03
1 153 188 -4356.0
1 154 113 -281.03
1 165 167 -23466.2
1 170 115 -3653.42
1 171 125 -140.52
1 176 222 -5901.68
1 184 210 -11100.8
1 189 288 -421.55
1 193 280 -12646.5
1 209 281 -2597.04
1 210 249 -421.55
1 211 263 -1545.68
1 211 296 -1545.68
1 221 302 -140.52
1 221 317 -9133.55
1 224 287 -7306.84
1 228 354 -2248.26
1 230 352 -12646.5
1 231 270 -2669.81
1 235 295 -2810.32
1 236 342 -4777.55
1 240 330 -5480.13
1 240 337 -13489.5
1 240 357 -2388.77
1 244 333 -1225.61
1 246 332 -4496.52
1 246 337 -1686.19
1 251 334 -7447.35
1 258 345 -1124.13
1 260 345 -1686.19
1 262 286 -1545.68
1 263 344 -2388.77
1 263 350 -843.1
1 265 517 -281.03
1 267 321 -4777.55
1 267 428 -1.72
1 269 365 -1124.13
1 270 361 -7025.81
1 271 267 -702.58
1 271 363 -6604.26
1 275 399 -98.5
1 284 333 -562.06
1 289 371 -3653.42
1 290 371 -4777.55
1 291 365 -1264.65
1 296 358 -70552.6
1 297 356 -702.58
1 297 391 -5761.16
1 299 347 -281.03
1 125 93 -140.52
1 142 117 -32318.7
1 142 169 -1405.16
1 145 116 -10679.2
1 146 146 -2669.81
1 152 213 -1826.71
1 155 116 -9414.58
1 161 185 -6323.23
1 163 186 -562.06
1 166 203 -281.03
1 192 232 -2529.29
1 201 310 -281.03
1 215 261 -2107.74
1 221 339 -5058.58
1 222 324 -5620.65
1 230 358 -1826.71
1 233 341 -421.55
1 242 618 -7025.81
1 248 344 -3512.9
1 263 345 -4777.55
1 263 570 -140.52
1 286 302 -1686.19
1 292 360 -562.06
1 293 357 -16018.8
1 295 362 -8009.42
1 297 439 -1123590.0
1 132 120 -5901.68
1 134 124 -3793.94
1 134 126 -4215.48
1 145 166 -3793.94
1 150 127 -3091.35
1 152 118 -8009.42
1 215 296 -9695.61
1 224 257 -5058.58
1 276 358 -1264.65
1 281 445 -140.52
1 137 168 -3653.42
1 149 213 -6323.23
1 170 185 -140.52
1 189 195 -6885.29
1 210 253 -12646.5
1 217 236 -2529.29
1 245 324 -281.03
1 270 480 -421.55
1 145 131 -6744.77
1 148 124 -281.03
1 153 116 -6463.74
1 158 114 -1264.65
1 171 128 -421.55
1 188 204 -8009.42
1 206 281 -421.55
1 208 226 -7166.32
1 211 266 -45809.4
1 213 276 -19091.3
1 214 274 -5189.4
1 220 278 -140861.0
1 223 372 -24168.8
1 239 385 -46.53
1 239 416 -18.43
1 241 238 -7166.32
1 245 408 -4918.06
1 246 320 -983.61
1 248 454 -1405.16
1 259 351 -3702.8
1 265 360 -11933.9
1 269 360 -8542.63
1 272 360 -2669.81
1 273 340 -1124.13
1 273 521 -15035.2
1 274 327 -281.03
1 274 432 -13911.1
1 275 465 -352.64
1 290 322 -4496.52
1 294 354 -58.6
1 297 377 -3934.45
1 147 183 -3793.94
1 205 310 -281.03
1 201 251 -562.06
1 201 301 -1967.23
1 251 286 -421.55
1 265 488 -281.03
1 135 160 -4215.48
1 144 189 -3934.45
1 154 112 -2388.77
1 156 131 -421.55
1 161 179 -140.52
1 164 169 -5620.65
1 167 247 -1124.13
1 186 209 -8430.97
1 204 300 -36.85
1 215 269 -17705.0
1 218 239 -4217.77
1 226 375 -42344.0
1 235 420 -14192.1
1 238 302 -4215.48
1 242 355 -150.73
1 245 406 -140.52
1 248 590 -843.1
1 248 593 -421.55
1 255 333 -412.42
1 256 443 -524.84
1 258 339 -2414.45
1 258 416 -299.34
1 266 470 -1438.38
1 269 482 -140.52
1 270 476 -983.61
1 273 523 -144732.0
1 274 506 -421.55
1 275 479 -10819.7
1 280 458 -1366.53
1 293 458 -13489.5
1 298 384 -145.43
1 298 391 -1405.16
1 221 300 -562.06
1 134 167 -6885.29
1 159 157 -15175.7
1 197 298 -32.08
1 211 290 -4215.48
1 237 406 -1968.0
1 244 430 -702.58
1 247 342 -97.7
1 253 427 -3325.38
1 253 443 -158.16
1 254 398 -115.07
1 254 442 -2519.35
1 254 444 -369.21
1 254 445 -63.63
1 256 445 -721.31
1 261 369 -867.63
1 263 448 -421.55
1 271 471 -140.52
1 271 489 -16730.3
1 273 520 -983.61
1 275 371 -983.61
1 275 449 -49461.7
1 296 415 -140.52
1 262 394 -1758790.0
1 157 122 -6042.19
1 160 136 -421.55
1 169 201 -11522.3
1 199 297 -137.34
1 212 315 -241.14
1 214 287 -74.24
1 224 372 -2950.84
1 246 609 -2023.68
1 247 343 -36.32
1 247 590 -140.52
1 255 446 -4807.9
1 276 386 -1124.13
1 281 446 -1264.65
1 284 406 -702.58
1 291 458 -2.52
1 295 390 -12646.5
1 297 384 -702.58
1 165 158 -15175.7
1 178 212 -3512.9
1 145 147 -140.52
1 257 443 -1058.83
1 162 205 -3793.94
1 244 330 -1545.68
1 248 343 -103.8
1 249 589 -281.03
1 254 394 -26.91
1 276 484 -140.52
1 282 451 -281.03
1 134 173 -1967.23
1 145 139 -140.52
1 150 115 -8852.52
1 152 115 -983.61
1 206 299 -4.91
1 239 305 -340.97
1 261 461 -140.52
1 289 412 -140.52
1 233 400 -74895.1
1 268 360 -1967.23
