1 62 1 3798.3
1 61 2 3770.7
1 60 3 3749.7
1 59 4 3733.5
1 58 5 3721.5
1 57 6 3713.4
1 56 7 3709.2
1 55 8 3709.0
1 54 9 3713.4
1 53 10 3722.5
1 52 11 3736.7
1 51 12 3755.5
1 49 13 3767.8
1 50 13 3777.1
1 48 14 3789.3
1 47 15 3784.5
1 46 16 3776.7
1 45 17 3766.9
1 45 18 3767.6
1 45 19 3768.3
1 44 20 3756.4
1 44 21 3756.2
1 44 22 3755.5
1 44 23 3754.2
1 44 24 3752.2
1 44 25 3749.4
1 44 26 3745.6
1 44 27 3740.7
1 44 28 3734.5
1 44 29 3727.0
1 44 30 3717.9
1 44 31 3707.0
1 44 32 3694.2
1 44 33 3679.1
1 44 34 3661.5
1 44 35 3641.1
1 44 36 3617.4
1 44 37 3589.8
1 44 38 3557.8
1 44 39 3520.3
1 44 40 3476.1
1 44 41 3422.8
1 43 42 3304.0
1 43 43 3265.0
1 43 44 3203.3
1 42 45 3052.1
1 42 46 2997.6
1 40 47 2765.7
1 41 47 2812.0
1 40 48 2729.6
1 40 49 2663.5
1 40 50 2567.6
1 35 78 4859.7
1 35 79 4888.1
1 34 80 4945.1
1 33 81 5025.5
1 32 82 5089.1
1 31 83 5102.5
1 30 84 5114.2
1 29 85 5123.1
1 28 86 5145.4
1 27 87 5164.2
1 26 88 5190.3
1 25 89 5217.8
1 25 90 5254.2
1 24 91 5241.3
1 24 92 5256.5
1 24 93 5293.6
1 24 94 5330.6
1 23 95 5345.7
1 23 96 5386.0
1 23 97 5422.3
1 22 98 5430.3
1 22 99 5471.4
1 22 100 5508.4
1 22 101 5545.7
1 21 102 5566.0
1 21 103 5611.1
1 20 104 5633.2
1 20 105 5675.7
1 19 106 5707.7
1 19 107 5752.1
1 18 108 5788.7
1 18 109 5828.5
1 17 110 5747.7
1 17 111 5758.8
1 17 112 5868.1
1 65 109 6030.5
1 66 109 6027.0
1 67 109 5976.4
1 68 109 5941.6
1 69 109 5951.1
1 62 110 5964.5
1 63 110 6002.2
1 64 110 6023.1
1 70 110 6040.0
1 60 111 5859.4
1 61 111 5880.9
1 71 111 6106.0
1 37 112 5647.1
1 38 112 5707.3
1 39 112 5768.9
1 40 112 5814.4
1 41 112 5851.4
1 42 112 5873.4
1 43 112 5884.6
1 44 112 5893.7
1 45 112 5900.9
1 46 112 5910.4
1 47 112 5919.3
1 48 112 5936.9
1 55 112 5739.6
1 56 112 5761.3
1 57 112 5778.4
1 58 112 5795.2
1 59 112 5810.1
1 72 112 6143.0
1 16 113 5956.8
1 33 113 5631.7
1 34 113 5615.1
1 35 113 5599.2
1 36 113 5578.7
1 49 113 5930.6
1 50 113 5908.4
1 51 113 5855.3
1 52 113 5800.7
1 53 113 5744.1
1 54 113 5707.4
1 73 113 6175.3
1 16 114 6015.9
1 29 114 5721.3
1 30 114 5696.1
1 31 114 5668.3
1 32 114 5633.3
1 74 114 6198.4
1 75 114 6202.5
1 16 115 6072.6
1 25 115 5833.0
1 26 115 5810.2
1 27 115 5781.0
1 28 115 5741.0
1 76 115 6234.3
1 16 116 6127.9
1 21 116 5975.7
1 22 116 5990.6
1 23 116 5903.4
1 24 116 5863.2
1 77 116 6249.5
1 78 116 6247.6
1 79 116 6260.2
1 16 117 6182.1
1 20 117 6023.7
1 80 117 6281.1
1 81 117 6279.2
1 82 117 6258.6
1 83 117 6231.1
1 84 117 6202.0
1 16 118 6219.5
1 17 118 6185.7
1 18 118 6138.6
1 19 118 6085.1
1 85 118 6131.5
1 85 119 6089.7
1 86 120 6072.5
1 86 121 6095.2
1 86 122 6120.0
1 86 123 6137.3
1 86 124 6149.7
1 86 125 6159.3
1 86 126 6166.4
1 86 127 6170.1
1 86 128 6170.7
1 86 129 6169.0
1 86 130 6166.3
1 86 131 6162.1
1 86 132 6155.2
1 86 133 6146.5
1 86 134 6134.7
1 86 135 6118.8
1 86 136 6099.7
1 85 137 6050.6
1 85 138 6037.7
1 84 139 6032.8
1 83 140 6073.8
1 82 141 6157.7
1 82 142 6174.0
1 81 143 6226.7
1 80 144 6287.2
1 79 145 6356.2
1 78 146 6419.8
1 77 147 6487.1
1 76 148 6559.0
1 75 149 6636.4
1 75 150 6700.7
1 75 151 6761.3
1 75 152 6821.9
1 75 153 6868.8
1 76 154 6862.0
1 77 154 6849.2
1 78 154 6839.0
1 79 155 6827.7
1 80 155 6815.1
1 81 156 6797.5
1 82 157 6771.0
1 82 158 6748.6
1 83 158 6734.5
1 84 159 6704.6
1 84 160 6676.8
1 84 161 6652.4
1 84 162 6628.5
1 85 163 6603.4
1 86 164 6574.0
1 87 165 6537.0
1 88 166 6502.2
1 89 167 6468.6
1 90 168 6387.2
1 90 169 6337.2
1 91 170 6269.8
1 92 171 6198.4
1 93 172 6167.7
1 94 173 6141.2
1 94 174 6138.8
1 95 175 6123.4
1 95 176 6109.0
1 95 177 6113.7
1 95 178 6120.7
1 95 179 6126.0
1 96 180 5954.7
1 97 181 5971.7
1 98 182 5989.2
1 99 183 6006.7
1 100 184 6022.5
1 101 185 6037.9
1 102 185 6046.3
1 103 185 6061.9
1 104 186 6096.3
1 105 186 6097.4
1 106 187 6100.6
1 107 188 6096.4
1 108 189 5914.1
1 108 190 5916.1
1 108 191 5917.1
1 108 192 5916.7
1 108 193 5912.5
1 107 194 5707.4
1 107 195 5703.4
1 107 196 5695.6
1 107 197 5685.3
1 107 198 5673.3
1 106 199 5634.9
1 106 200 5622.0
1 105 201 5576.1
1 105 202 5562.9
1 104 203 5522.4
1 104 204 5513.7
1 104 205 5498.7
1 104 206 5477.3
1 104 207 5444.2
1 98 208 5460.6
1 99 208 5470.7
1 100 208 5483.1
1 101 208 5496.0
1 102 208 5513.7
1 103 208 5542.4
1 97 209 5451.3
1 97 210 5450.1
1 97 211 5446.0
1 97 212 5440.7
1 96 213 5424.1
1 95 214 5416.7
1 95 215 5415.4
1 94 216 5408.0
1 94 217 5407.1
1 94 218 5406.4
1 95 219 5410.6
1 96 220 5414.1
1 97 221 5418.0
1 97 222 5416.9
1 98 223 5420.2
1 98 224 5418.8
1 99 225 5422.9
1 99 226 5421.0
1 100 227 5242.1
1 128 227 5398.5
1 129 227 5461.6
1 101 228 5248.0
1 107 228 5142.9
1 108 228 5167.8
1 109 228 5196.4
1 110 228 5228.4
1 111 228 5263.1
1 125 228 5283.4
1 126 228 5309.8
1 127 228 5318.0
1 130 228 5187.6
1 131 228 5194.1
1 132 228 5188.2
1 133 228 5189.3
1 134 228 5195.5
1 135 228 5209.9
1 136 228 5226.9
1 137 228 5240.2
1 138 228 5267.0
1 102 229 5252.8
1 106 229 5280.7
1 112 229 5117.3
1 118 229 5143.6
1 119 229 5162.0
1 120 229 5177.9
1 121 229 5192.0
1 122 229 5203.3
1 123 229 5212.7
1 124 229 5215.2
1 139 229 5340.3
1 103 230 5256.3
1 104 230 5258.9
1 105 230 5261.9
1 113 230 5133.9
1 114 230 5125.4
1 115 230 5121.1
1 116 230 5118.6
1 117 230 5110.7
1 140 230 5307.1
1 139 231 5374.7
1 137 232 5411.3
1 138 232 5410.6
1 136 233 5414.6
1 135 234 5407.4
1 133 235 5374.7
1 134 235 5388.0
1 132 236 5357.8
1 130 237 5314.5
1 131 237 5329.7
1 129 238 5303.3
1 128 239 5287.2
1 127 240 5267.3
1 127 241 5257.5
1 127 242 5244.6
1 128 243 5252.9
1 129 244 5251.2
1 129 245 5238.5
1 130 246 5234.7
1 131 246 5233.6
1 132 246 5236.5
1 133 246 5245.8
1 134 246 5263.2
1 135 246 5289.6
1 136 246 5316.8
1 137 246 5336.8
1 138 246 5358.8
1 139 247 5409.5
1 140 247 5434.0
1 141 247 5471.5
1 142 247 5514.8
1 143 248 5577.8
1 144 249 5671.3
1 144 250 5698.1
1 145 251 5749.9
1 145 252 5775.5
1 145 253 5795.8
1 146 254 5829.1
1 146 255 5826.5
1 146 256 5820.5
1 146 257 5812.6
1 146 258 5802.4
1 146 259 5790.6
1 146 260 5777.2
1 146 261 5764.9
1 146 262 5751.7
1 146 263 5738.5
1 146 264 5728.4
1 146 265 0.0
1 147 266 5482.8
1 147 267 5453.7
1 147 268 5428.8
1 147 269 5389.1
1 147 270 5356.1
1 148 271 5306.0
1 148 272 5279.2
1 148 273 5252.1
1 148 274 5230.3
1 149 274 5215.4
1 149 275 5175.8
1 149 276 5143.6
1 149 277 5091.0
1 149 278 5036.4
1 150 279 5132.7
1 150 280 5087.7
1 150 281 5046.5
1 150 282 5016.2
1 151 283 4932.5
1 151 284 4888.7
1 151 285 4855.4
1 152 286 4761.4
1 152 287 4706.8
1 152 288 4662.5
1 152 289 4628.0
1 153 290 4722.8
1 153 291 4696.3
1 153 292 4704.2
1 154 293 4715.0
1 154 294 4726.6
1 154 295 4736.1
1 154 296 4742.2
1 155 297 4760.1
1 155 298 4763.9
1 156 299 4586.8
1 157 299 4593.1
1 158 299 4602.6
1 159 299 4615.1
1 160 299 4631.1
1 161 299 4650.5
1 162 300 4681.7
1 162 301 4684.5
1 162 302 4683.6
1 162 303 4681.0
1 162 304 4678.3
1 163 305 4857.4
1 163 306 4848.4
1 163 307 4838.6
1 163 308 4829.3
1 163 309 4823.2
1 164 310 5039.4
1 165 311 5081.0
1 166 312 5152.7
1 167 313 5211.3
1 168 314 5244.2
1 168 315 5076.7
1 168 316 5081.0
1 169 316 5088.5
1 169 317 5094.3
1 170 317 5104.1
1 171 318 5105.2
1 171 319 5081.8
1 172 320 5033.9
1 172 321 4986.4
1 172 322 4938.1
1 172 323 4887.1
1 172 324 4847.4
1 173 325 4845.9
1 173 326 4849.5
1 173 327 4851.3
1 174 328 4860.7
1 174 329 4862.3
1 174 330 4863.3
1 175 331 4867.8
1 176 331 4871.8
1 177 331 4877.7
1 178 332 4887.1
1 179 333 4889.7
1 179 334 4886.6
1 179 335 4883.5
1 180 336 4881.0
1 181 337 4872.5
1 181 338 4867.8
1 187 338 4741.0
1 188 338 4762.1
1 189 338 4779.7
1 190 338 4793.4
1 182 339 4858.5
1 186 339 4873.5
1 191 339 4797.0
1 192 339 5216.0
1 182 340 4852.5
1 186 340 4857.8
1 193 340 5215.3
1 182 341 4848.9
1 186 341 4847.8
1 194 341 5215.2
1 195 341 5216.8
1 183 342 4845.3
1 184 342 4845.1
1 185 342 4844.6
1 186 342 4843.5
1 196 342 5216.5
1 196 343 5214.4
1 197 344 5213.3
1 198 345 5210.9
1 199 346 5208.8
1 200 346 5210.4
1 201 346 5212.6
1 202 346 5214.7
1 203 346 5215.5
1 204 346 4489.9
1 205 347 5199.5
1 206 347 5193.3
1 207 348 5398.8
1 207 349 5496.1
1 207 350 5637.0
1 206 351 5696.9
1 205 352 5701.7
1 205 353 5706.2
1 205 354 5711.2
1 206 355 5734.1
1 206 356 5742.3
1 207 357 5767.0
1 208 357 5784.2
1 209 358 5465.4
1 210 359 5522.7
1 211 359 5550.7
1 212 360 5470.5
1 212 361 5507.7
1 208 362 5529.9
1 209 362 5534.6
1 210 362 5541.7
1 211 362 5547.4
1 207 363 5526.1
1 206 364 5520.7
1 206 365 5522.0
1 206 366 5522.2
1 206 367 5521.4
1 206 368 5520.4
1 206 369 5519.2
1 207 369 5525.6
1 208 369 5542.1
1 209 369 5563.8
1 210 369 5588.2
1 211 369 5618.5
1 212 369 5654.9
1 213 369 5699.1
1 214 370 5595.6
1 215 370 5629.4
1 216 372 5626.7
1 214 373 5263.1
1 215 373 5351.3
1 214 374 5220.0
1 213 375 5270.2
1 212 376 5247.8
1 211 377 5194.7
1 211 378 5183.6
1 211 379 5178.1
1 211 380 5180.2
1 211 381 5189.3
1 211 382 5243.7
1 211 383 5293.5
1 212 384 45000.0
1 212 385 45000.0
1 212 386 45000.0
1 212 387 45000.0
1 212 388 45000.0
1 212 389 45000.0
1 212 390 45000.0
1 212 391 45000.0
1 212 392 45000.0
1 212 393 45000.0
1 213 394 45000.0
1 213 395 45000.0
1 213 396 45000.0
1 213 397 45000.0
1 213 398 45000.0
1 213 399 45000.0
1 213 400 45000.0
1 213 401 45000.0
1 213 402 45000.0
1 214 403 45000.0
1 214 404 45000.0
1 214 405 45000.0
1 214 406 45000.0
1 214 407 45000.0
1 214 409 45000.0
1 214 410 45000.0
1 214 411 45000.0
1 214 412 45000.0
1 214 413 45000.0
1 214 414 45000.0
1 214 415 45000.0
1 215 416 45000.0
1 215 417 45000.0
1 227 417 45000.0
1 228 417 45000.0
1 229 417 45000.0
1 216 418 45000.0
1 226 418 45000.0
1 230 418 45000.0
1 217 419 45000.0
1 218 419 45000.0
1 219 419 45000.0
1 220 419 45000.0
1 221 419 45000.0
1 222 419 45000.0
1 223 419 45000.0
1 224 419 45000.0
1 225 419 45000.0
1 229 419 45000.0
1 229 420 45000.0
1 226 421 45000.0
1 227 421 45000.0
1 228 421 45000.0
1 224 422 45000.0
1 225 422 45000.0
1 224 423 45000.0
1 224 424 45000.0
1 225 424 45000.0
1 226 424 45000.0
1 227 424 45000.0
1 228 424 45000.0
1 229 425 45000.0
1 229 426 45000.0
1 229 427 45000.0
1 229 428 45000.0
1 229 429 45000.0
1 228 430 45000.0
1 228 431 45000.0
1 228 432 45000.0
1 228 433 45000.0
1 228 434 45000.0
1 228 435 45000.0
1 229 435 45000.0
1 230 436 45000.0
1 230 437 45000.0
1 230 438 45000.0
1 230 439 45000.0
1 230 440 45000.0
1 230 441 45000.0
1 230 442 45000.0
1 230 443 45000.0
1 230 444 45000.0
1 230 445 45000.0
1 230 446 45000.0
1 230 447 45000.0
1 230 448 45000.0
1 230 449 45000.0
1 230 450 45000.0
1 230 451 45000.0
1 230 452 45000.0
1 230 453 45000.0
1 230 454 45000.0
1 230 455 45000.0
1 230 456 45000.0
1 231 457 45000.0
1 231 458 45000.0
1 231 459 45000.0
1 231 460 45000.0
1 232 461 45000.0
1 232 462 45000.0
1 232 463 45000.0
1 232 464 45000.0
1 233 464 45000.0
1 234 464 45000.0
1 235 464 45000.0
1 236 464 45000.0
1 237 464 45000.0
1 238 464 45000.0
1 239 465 45000.0
1 239 466 45000.0
1 239 467 5337.1
1 238 468 5337.1
1 238 469 5337.1
1 238 470 5337.1
1 239 471 5337.1
1 240 471 5337.1
1 241 472 5337.1
1 242 472 5337.1
1 243 472 5337.1
1 244 473 5337.1
1 245 474 5337.1
1 246 475 5337.1
1 246 476 5337.1
1 246 477 5337.1
1 246 478 5337.1
1 246 479 5337.1
1 246 480 5337.1
1 245 481 5337.1
1 245 482 5337.1
1 244 483 5337.1
1 243 484 5337.1
1 243 485 5337.1
1 243 486 5337.1
1 243 487 5337.1
1 243 488 5337.1
1 243 489 5337.1
1 242 490 5337.1
1 242 491 5337.1
1 241 492 5337.1
1 241 493 5337.1
1 240 494 5337.1
1 239 495 5337.1
1 238 496 5337.1
1 235 497 5337.1
1 236 497 5337.1
1 237 497 5337.1
1 233 498 5337.1
1 234 498 5337.1
1 233 499 5337.1
1 232 500 5337.1
1 231 501 5337.1
1 231 502 5337.1
1 231 503 5337.1
1 231 504 5337.1
1 231 505 5337.1
1 231 506 5337.1
1 231 507 5337.1
1 231 508 5337.1
1 231 509 5337.1
1 231 510 5337.1
1 231 511 5337.1
1 231 512 5337.1
1 231 513 5337.1
1 231 514 5337.1
1 231 515 5337.1
1 232 516 5337.1
1 232 517 5337.1
1 232 518 5337.1
1 233 519 5337.1
1 233 520 5337.1
1 233 521 5337.1
1 234 522 5337.1
1 234 523 5337.1
1 235 524 5337.1
1 235 525 5337.1
1 236 525 5337.1
1 237 525 5337.1
1 238 525 5337.1
1 239 526 5337.1
1 239 527 5337.1
1 240 528 5437.9
1 240 529 5453.1
1 241 530 5519.7
1 241 531 5549.7
1 241 532 5566.6
1 241 533 5578.1
1 241 534 5586.4
1 242 535 5064.8
1 242 536 5076.1
1 243 536 5094.1
1 244 536 5126.6
1 245 536 5155.2
1 246 537 5210.6
1 246 538 5227.7
1 247 539 5267.6
1 248 540 5303.1
1 249 540 5315.2
1 250 540 5331.6
1 251 541 5365.2
1 250 544 5398.8
1 251 544 5401.1
1 245 545 5344.2
1 246 545 5355.4
1 247 545 5374.0
1 248 545 5387.7
1 249 545 5393.2
1 243 546 5317.7
1 244 546 5321.7
1 243 547 5318.4
1 242 548 5314.5
1 242 549 5314.8
1 241 550 5308.6
1 241 551 5306.9
1 240 552 5296.5
1 239 553 5285.5
1 238 554 0.0
1 237 555 5249.9
1 236 556 5248.8
1 236 557 5248.8
1 232 558 5189.1
1 233 558 5186.1
1 234 558 5193.8
1 235 558 5197.3
1 232 559 5201.2
1 231 560 5201.4
1 231 561 5209.8
1 231 562 5216.5
1 231 563 5221.6
1 231 564 5222.9
1 230 565 5389.7
1 230 566 5382.9
1 230 567 5372.0
1 230 568 5359.6
1 215 371 5678.1
1 39 51 6043.2
1 39 52 5967.8
1 38 53 5714.5
1 38 54 5641.8
1 37 55 5375.6
1 36 56 5152.8
1 35 57 4950.0
1 35 58 4889.0
1 35 59 4787.7
1 35 60 8397.7
1 35 61 8262.3
1 35 62 8125.5
1 35 63 7985.2
1 35 64 7841.2
1 35 65 7693.4
1 35 66 7542.6
1 35 67 7395.4
1 35 68 7276.3
1 36 69 10770.0
1 36 70 10502.6
1 36 71 10250.3
1 36 72 10007.1
1 36 73 9772.1
1 36 74 9559.1
1 36 75 9377.7
1 36 76 9287.9
1 36 77 9255.2
1 230 569 5347.0
1 230 570 5333.5
1 230 571 5317.4
1 230 572 5306.0
1 230 573 5316.9
1 230 574 5332.4
1 230 575 5342.6
1 230 576 5344.7
1 230 577 5179.6
1 230 578 5212.8
1 230 579 5245.9
1 230 580 5275.3
1 230 581 5278.4
1 230 582 5283.8
1 230 583 5286.3
1 230 584 5285.4
1 230 585 5282.0
1 230 586 5277.4
1 230 587 5271.3
1 230 588 5267.4
1 229 589 5251.5
1 229 590 5242.2
1 228 591 5219.5
1 228 592 5203.8
1 228 593 5186.5
1 228 594 5164.3
1 227 595 5120.1
1 227 596 5096.9
1 227 597 5068.8
1 227 598 5035.6
1 227 599 4786.4
1 226 600 4700.2
1 226 601 4698.2
1 226 602 4696.9
1 226 603 4697.6
1 225 604 4268.5
1 224 605 4268.5
1 223 606 4290.4
1 222 607 4310.8
1 223 605 4275.0
1 114 114 -6243.6
1 117 120 -821.803
1 121 111 -726.0
1 121 113 -580.8
1 124 115 -145.2
1 125 116 -435.6
1 126 120 -290.4
1 129 121 -9873.6
1 130 122 -676.6030000000001
1 133 112 -10890.0
1 135 194 -676.6030000000001
1 138 201 -2613.6
1 139 168 -1306.8
1 140 168 -3484.8
1 143 126 -13648.8
1 143 172 -3339.6
1 143 190 -4791.6
1 144 166 -5082.0
1 144 172 -9002.4
1 144 182 -12051.6
1 144 190 -3775.2
1 145 164 -145.2
1 146 117 -3920.4
1 146 188 -145.2
1 146 190 -5517.6
1 147 132 -11180.4
1 147 145 -676.6030000000001
1 148 167 -8421.6
1 148 176 -676.6030000000001
1 148 196 -17133.6
1 149 145 -7114.8
1 149 146 -7695.6
1 150 128 -145.2
1 150 141 -1016.4
1 150 198 -5953.2
1 151 142 -2468.4
1 151 195 -5517.6
1 152 125 -967.003
1 152 132 -1838.2
1 153 142 -7114.8
1 153 192 -8857.2
1 154 125 -145.2
1 154 171 -3290.2
1 154 249 -5517.6
1 155 112 -7695.6
1 155 129 -4356.0
1 155 141 -7405.2
1 156 129 -104980.0
1 156 146 -3049.2
1 157 116 -5372.4
1 157 135 -8613.21
1 157 140 -54304.8
1 157 251 -7550.4
1 158 133 -3871.0
1 158 137 -6824.4
1 158 181 -26862.0
1 159 119 -35719.2
1 159 173 -13794.0
1 160 119 -3920.4
1 161 125 -871.2
1 161 129 -145.2
1 161 140 -1452.0
1 162 119 -1306.8
1 162 121 -20182.8
1 162 128 -118338.0
1 162 132 -15681.6
1 162 140 -580.8
1 162 167 -145.2
1 162 169 -1742.4
1 163 138 -1693.0
1 164 135 -4356.0
1 164 187 -12051.6
1 165 130 -9438.0
1 165 131 -290.4
1 166 126 -435.6
1 167 259 -435.6
1 168 123 -1016.4
1 168 208 -3339.6
1 169 163 -42834.0
1 170 131 -6243.6
1 170 132 -580.8
1 170 163 -18295.2
1 171 130 -16552.8
1 171 131 -5808.0
1 171 132 -7405.2
1 172 130 -8712.0
1 172 218 -14810.4
1 173 224 -3049.2
1 174 123 -4646.4
1 174 135 -4501.2
1 175 134 -21780.0
1 175 204 -145.2
1 176 176 -3339.6
1 176 202 -1742.4
1 177 133 -20473.2
1 177 211 -4936.8
1 178 164 -19602.0
1 178 261 -18440.4
1 179 181 -34848.0
1 179 183 -7695.6
1 180 208 -24538.8
1 183 184 -19311.6
1 184 246 -580.8
1 188 198 -8276.4
1 188 209 -7550.4
1 188 240 -9438.0
1 188 258 -8131.2
1 191 191 -29040.0
1 191 281 -8857.2
1 193 256 -1742.4
1 193 260 -16545.2
1 195 276 -145.2
1 197 252 -2758.8
1 198 297 -871.2
1 198 298 -676.6030000000001
1 199 211 -12196.8
1 199 231 -4356.0
1 199 298 -676.6030000000001
1 200 298 -676.6030000000001
1 201 234 -145.2
1 203 275 -10309.2
1 203 280 -1887.6
1 204 248 -16748.4
1 205 300 -701.683
1 206 286 -3704.47
1 206 300 -1353.21
1 210 264 -290.4
1 211 255 -9147.6
1 211 332 -6127.44
1 212 226 -1306.8
1 213 264 -290.4
1 213 300 -1887.6
1 214 240 -18150.0
1 215 260 -12051.6
1 216 238 -10454.4
1 216 267 -5808.0
1 217 365 -1016.4
1 218 179 -13503.6
1 219 310 -580.8
1 221 223 -2178.0
1 221 246 -6969.6
1 221 284 -11083.2
1 222 352 -15876.3
1 222 358 -871.2
1 222 369 -15246.0
1 223 271 -3630.0
1 224 301 -5082.0
1 224 374 -6420.56
1 226 311 -3194.4
1 226 331 -42987.3
1 226 350 -188.4
1 226 365 -2187.75
1 226 382 -12536.6
1 227 270 -1161.6
1 228 225 -18295.2
1 230 255 -7986.0
1 230 361 -7260.0
1 231 401 -821.803
1 232 364 -144.91
1 232 370 -16040.8
1 233 337 -676.6030000000001
1 233 394 -1353.21
1 233 399 -83344.8
1 234 304 -3685.41
1 234 393 -676.6030000000001
1 235 338 -145.2
1 235 400 -2032.8
1 235 605 -7986.0
1 235 609 -32481.5
1 236 263 -2032.8
1 236 351 -3049.2
1 236 609 -99.49
1 237 237 -4501.2
1 237 316 -24920.2
1 237 357 -2591.22
1 237 389 -676.6030000000001
1 238 221 -580.8
1 238 398 -4.55
1 238 605 -3383.02
1 238 609 -1423.59
1 239 250 -145.2
1 239 338 -3049.2
1 239 426 -871.2
1 239 605 -3383.02
1 239 606 -2029.81
1 239 619 -676.6030000000001
1 240 380 -676.6030000000001
1 240 426 -676.6030000000001
1 240 608 -2706.41
1 241 335 -4646.4
1 241 342 -5517.6
1 241 358 -290.4
1 241 604 -676.6030000000001
1 242 311 -4777.08
1 243 357 -4791.6
1 243 371 -11000.3
1 243 389 -2323.2
1 243 422 -145.2
1 243 431 -39.34
1 243 605 -3383.02
1 244 431 -81.82
1 244 605 -4059.62
1 244 621 -1353.21
1 245 238 -18440.4
1 245 322 -17837.8
1 245 337 -821.803
1 245 621 -676.6030000000001
1 246 321 -3971.51
1 246 618 -2029.81
1 247 344 -676.6030000000001
1 247 383 -11724.7
1 247 384 -2535800.0
1 248 251 -24156.1
1 248 436 -4210.8
1 248 444 -23983.8
1 248 589 -3920.4
1 249 373 -676.6030000000001
1 249 389 -9583.2
1 249 424 -6920.2
1 249 430 -26368.4
1 249 436 -5075.63
1 249 606 -3383.02
1 250 239 -7986.0
1 250 326 -2435.95
1 250 424 -676.6030000000001
1 250 425 -738778.0
1 250 431 -31822.7
1 250 595 -2320.21
1 251 300 -7695.6
1 251 333 -963.16
1 251 356 -23621.4
1 251 408 -421.08
1 251 456 -821.803
1 251 457 -27.64
1 251 594 -676.6030000000001
1 251 595 -739.153
1 251 596 -1353.21
1 252 230 -4936.8
1 252 285 -3339.6
1 252 329 -27868.9
1 252 450 -1161.6
1 252 595 -676.6030000000001
1 252 606 -676.6030000000001
1 253 298 -290.4
1 253 331 -13721.8
1 253 332 -17113.7
1 253 416 -145.2
1 253 420 -5835.8
1 253 445 -43945.3
1 254 338 -2178.0
1 254 367 -726.0
1 254 407 -159.89
1 254 597 -676.6030000000001
1 254 607 -3145.0
1 255 381 -14955.6
1 255 383 -23232.0
1 255 388 -35283.6
1 255 395 -1887.6
1 255 420 -8421.6
1 255 439 -16843.2
1 255 443 -102328.0
1 255 595 -676.6030000000001
1 255 596 -676.6030000000001
1 255 606 -676.6030000000001
1 255 609 -65657.9
1 255 610 -7814.31
1 256 314 -8429.97
1 256 335 -4791.6
1 256 341 -580.8
1 256 370 -7002.5
1 256 413 -3194.4
1 256 586 -64027.1
1 256 593 -2706.41
1 257 238 -726.0
1 257 324 -391.61
1 257 413 -3630.0
1 257 576 -4675.59
1 257 599 -20101.2
1 257 600 -84070.8
1 258 325 -12785.7
1 258 336 -3228.18
1 258 418 -119600.0
1 258 420 -76233.8
1 258 442 -626610.0
1 258 464 -726.0
1 258 585 -4059.62
1 258 595 -1353.21
1 258 601 -22796.4
1 258 602 -120354.0
1 259 340 -7936.6
1 259 371 -2273.48
1 259 405 -118798.0
1 259 588 -29747.8
1 259 592 -1123.04
1 259 593 -959.203
1 260 342 -3775.2
1 260 349 -871.2
1 260 407 -2791440.0
1 260 413 -199486.0
1 260 424 -1067.84
1 260 463 -85377.6
1 260 464 -25555.2
1 260 585 -60803.1
1 260 586 -71487.7
1 260 587 -37040.5
1 261 337 -4646.4
1 261 355 -3630.0
1 261 381 -222356.0
1 261 395 -13238.2
1 261 416 -24974.4
1 261 418 -676.6030000000001
1 261 429 -23175.8
1 261 464 -43269.6
1 261 492 -676.6030000000001
1 261 571 -7405.2
1 261 576 -62567.0
1 262 345 -2904.0
1 262 540 -274.13
1 262 564 -8467.08
1 262 567 -39732.9
1 262 568 -20473.2
1 262 570 -127631.0
1 262 571 -2178.0
1 263 340 -580.8
1 263 471 -7260.0
1 263 477 -1452.0
1 263 520 -1353.21
1 263 574 -290.4
1 263 582 -6983.82
1 264 344 -2178.0
1 264 345 -2032.8
1 264 367 -676.6030000000001
1 264 383 -29788.5
1 264 407 -4210.8
1 264 428 -176066.0
1 264 468 -63.51
1 264 471 -10599.6
1 264 476 -85087.2
1 264 477 -1452.0
1 264 523 -2610.61
1 264 524 -580.8
1 264 549 -3630.38
1 265 364 -15081.4
1 265 374 -137901.0
1 265 380 -62.87
1 265 422 -88102.6
1 265 523 -4124.66
1 266 337 -676.6030000000001
1 266 340 -871.2
1 266 462 -290.4
1 267 391 -16262.4
1 267 463 -3049.2
1 267 555 -676.6030000000001
1 267 556 -676.6030000000001
1 268 333 -2613.6
1 268 334 -1452.0
1 268 436 -1583560.0
1 268 455 -58.81
1 268 479 -1016.4
1 268 480 -145.2
1 268 489 -3412.88
1 269 363 -676.6030000000001
1 269 397 -22215.6
1 269 450 -2032.8
1 269 456 -5383.12
1 269 541 -676.6030000000001
1 270 337 -435.6
1 270 352 -4065.6
1 270 397 -21344.4
1 270 412 -75777.3
1 270 417 -142425.0
1 270 429 -952.58
1 270 481 -676.6030000000001
1 270 483 -1007.22
1 270 484 -676.6030000000001
1 270 486 -1415.89
1 270 498 -40365.6
1 270 539 -145.2
1 271 319 -52326.0
1 271 335 -290.4
1 271 368 -8131.2
1 271 415 -86276.6
1 271 451 -2758.8
1 271 485 -299.53
1 271 493 -86216.5
1 271 498 -252938.0
1 271 537 -31670.8
1 272 336 -13.76
1 272 337 -18067.2
1 272 351 -23086.8
1 272 366 -145.2
1 272 368 -27556.1
1 272 388 -107275.0
1 272 450 -5082.0
1 272 451 -19892.4
1 272 453 -145.2
1 272 462 -2175630.0
1 272 490 -435.6
1 272 497 -32421.6
1 272 498 -871.2
1 272 530 -16004.2
1 272 532 -59332.1
1 272 535 -11046.9
1 273 363 -6098.4
1 273 392 -16.67
1 273 410 -1016.4
1 273 480 -5372.4
1 273 510 -676.6030000000001
1 273 516 -18843.0
1 273 517 -568574.0
1 273 518 -610.06
1 274 409 -2178.0
1 274 520 -48351.6
1 274 523 -435.6
1 275 367 -95977.2
1 275 441 -338716.0
1 275 450 -31218.0
1 275 506 -145.2
1 276 364 -10309.2
1 276 366 -56047.2
1 276 392 -290.4
1 276 446 -3339.6
1 276 474 -26934.8
1 277 294 -56969.6
1 277 390 -2468.4
1 277 407 -980540.0
1 277 431 -6561.41
1 277 454 -145.2
1 277 468 -145.2
1 277 472 -9990.27
1 277 480 -61802.8
1 278 365 -15536.4
1 278 435 -16.25
1 278 482 -7114.8
1 279 310 -25825.4
1 279 336 -2758.8
1 279 388 -231.58
1 279 433 -171480.0
1 279 438 -325021.0
1 279 449 -1452.0
1 279 475 -134356.0
1 279 485 -13794.0
1 280 365 -871.2
1 280 433 -22256.0
1 280 442 -8131.2
1 280 469 -8445.52
1 280 471 -54098.2
1 281 386 -30.48
1 281 388 -215.39
1 281 458 -917088.0
1 282 409 -6098.4
1 282 424 -2904.0
1 282 430 -871.2
1 282 436 -3143.34
1 282 454 -869.82
1 282 457 -247.84
1 283 354 -435.6
1 283 429 -341656.0
1 283 449 -41084.1
1 283 452 -16890.2
1 283 455 -93606.1
1 283 468 -48853.6
1 284 339 -40278.5
1 284 457 -6388.8
1 284 463 -547668.0
1 284 481 -4209.33
1 285 336 -435.6
1 285 374 -1306.8
1 285 467 -99483.4
1 285 475 -303.57
1 286 330 -55911.8
1 286 425 -200856.0
1 286 475 -22518.6
1 286 477 -52815.1
1 287 329 -1906.88
1 287 388 -31954.3
1 287 426 -258328.0
1 287 477 -89206.1
1 288 372 -2904.0
1 288 419 -10309.2
1 288 423 -935.64
1 288 426 -676.6030000000001
1 289 351 -6388.8
1 289 404 -209265.0
1 289 459 -45380.1
1 289 468 -17660.1
1 290 374 -11616.0
1 290 382 -471098.0
1 290 411 -5808.0
1 290 412 -22531.2
1 290 413 -21054.0
1 290 420 -493.22
1 290 477 -235053.0
1 291 350 -580.8
1 291 355 -19923.1
1 291 373 -2468.4
1 291 397 -271.27
1 291 419 -1379510.0
1 292 361 -1887.6
1 292 365 -21199.2
1 292 416 -435.6
1 292 469 -34359.2
1 294 435 -13794.0
1 294 447 -26098.1
1 294 458 -31497.8
1 295 391 -9583.2
1 295 430 -1049.93
1 296 388 -1145.95
1 296 398 -3369.87
1 296 406 -20756.2
1 296 433 -9147.6
1 297 381 -1742.4
1 297 383 -2032.8
1 297 395 -25795.9
1 297 401 -32771.4
1 297 402 -138.14
1 297 413 -1384990.0
1 297 415 -86684.4
1 297 442 -71839.3
1 298 389 -435.6
1 299 354 -435.6
1 299 355 -871.2
1 299 387 -503.81
1 334 405 -24829.2
1 102 110 -676.6030000000001
1 102 113 -676.6030000000001
1 103 100 -676.6030000000001
1 103 104 -676.6030000000001
1 104 115 -676.6030000000001
1 105 115 -676.6030000000001
1 105 139 -676.6030000000001
1 108 117 -676.6030000000001
1 109 112 -676.6030000000001
1 111 155 -676.6030000000001
1 111 208 -676.6030000000001
1 112 181 -676.6030000000001
1 113 111 -676.6030000000001
1 113 159 -676.6030000000001
1 113 211 -676.6030000000001
1 114 173 -676.6030000000001
1 114 212 -1353.21
1 115 212 -1353.21
1 116 121 -676.6030000000001
1 116 150 -676.6030000000001
1 116 166 -676.6030000000001
1 117 119 -676.6030000000001
1 117 168 -676.6030000000001
1 117 210 -676.6030000000001
1 119 194 -676.6030000000001
1 119 202 -676.6030000000001
1 119 96 -676.6030000000001
1 120 155 -676.6030000000001
1 120 94 -676.6030000000001
1 121 187 -676.6030000000001
1 123 110 -676.6030000000001
1 123 111 -676.6030000000001
1 123 158 -676.6030000000001
1 123 168 -676.6030000000001
1 123 193 -676.6030000000001
1 123 202 -1353.21
1 125 150 -676.6030000000001
1 125 151 -676.6030000000001
1 125 193 -676.6030000000001
1 125 194 -676.6030000000001
1 126 121 -676.6030000000001
1 126 191 -676.6030000000001
1 126 195 -676.6030000000001
1 127 150 -676.6030000000001
1 127 160 -676.6030000000001
1 127 169 -676.6030000000001
1 127 195 -676.6030000000001
1 127 199 -1353.21
1 128 122 -676.6030000000001
1 128 148 -676.6030000000001
1 128 149 -676.6030000000001
1 128 152 -676.6030000000001
1 128 153 -676.6030000000001
1 128 154 -676.6030000000001
1 128 157 -676.6030000000001
1 128 199 -676.6030000000001
1 129 117 -676.6030000000001
1 129 119 -676.6030000000001
1 129 122 -676.6030000000001
1 129 146 -676.6030000000001
1 129 154 -1353.21
1 129 162 -676.6030000000001
1 129 176 -676.6030000000001
1 130 120 -676.6030000000001
1 130 154 -676.6030000000001
1 130 155 -676.6030000000001
1 130 156 -2029.81
1 130 194 -676.6030000000001
1 131 112 -676.6030000000001
1 131 121 -676.6030000000001
1 131 122 -676.6030000000001
1 131 150 -676.6030000000001
1 131 156 -676.6030000000001
1 131 157 -676.6030000000001
1 131 158 -676.6030000000001
1 131 161 -1353.21
1 131 198 -676.6030000000001
1 132 112 -676.6030000000001
1 132 155 -676.6030000000001
1 132 156 -676.6030000000001
1 132 160 -676.6030000000001
1 132 161 -1353.21
1 133 155 -676.6030000000001
1 133 159 -676.6030000000001
1 133 160 -1353.21
1 133 192 -1353.21
1 133 193 -676.6030000000001
1 134 148 -676.6030000000001
1 134 150 -676.6030000000001
1 134 151 -676.6030000000001
1 134 156 -676.6030000000001
1 134 191 -676.6030000000001
1 134 193 -2706.41
1 135 148 -3383.02
1 135 149 -1353.21
1 135 156 -676.6030000000001
1 135 157 -676.6030000000001
1 135 193 -2029.81
1 136 147 -676.6030000000001
1 136 148 -676.6030000000001
1 136 149 -676.6030000000001
1 136 150 -1353.21
1 136 153 -676.6030000000001
1 136 155 -676.6030000000001
1 137 148 -676.6030000000001
1 137 150 -676.6030000000001
1 137 153 -1353.21
1 137 154 -676.6030000000001
1 137 157 -2029.81
1 137 175 -676.6030000000001
1 137 206 -676.6030000000001
1 138 151 -676.6030000000001
1 138 152 -676.6030000000001
1 138 153 -2029.81
1 138 168 -676.6030000000001
1 138 169 -676.6030000000001
1 139 151 -676.6030000000001
1 140 138 -676.6030000000001
1 140 155 -2706.41
1 140 156 -676.6030000000001
1 140 171 -676.6030000000001
1 140 180 -676.6030000000001
1 141 149 -676.6030000000001
1 141 154 -1353.21
1 141 157 -676.6030000000001
1 141 171 -676.6030000000001
1 141 199 -1353.21
1 142 155 -676.6030000000001
1 142 156 -676.6030000000001
1 142 157 -676.6030000000001
1 142 158 -676.6030000000001
1 142 174 -676.6030000000001
1 142 179 -676.6030000000001
1 142 201 -676.6030000000001
1 143 146 -676.6030000000001
1 143 157 -2029.81
1 144 142 -1353.21
1 144 173 -676.6030000000001
1 145 142 -676.6030000000001
1 145 143 -676.6030000000001
1 145 151 -676.6030000000001
1 145 187 -676.6030000000001
1 145 226 -676.6030000000001
1 146 140 -676.6030000000001
1 146 141 -1353.21
1 146 145 -676.6030000000001
1 146 208 -676.6030000000001
1 146 229 -676.6030000000001
1 146 230 -676.6030000000001
1 146 232 -676.6030000000001
1 147 139 -2029.81
1 147 140 -676.6030000000001
1 147 141 -676.6030000000001
1 147 142 -676.6030000000001
1 147 229 -676.6030000000001
1 147 230 -676.6030000000001
1 147 233 -676.6030000000001
1 147 239 -676.6030000000001
1 147 240 -676.6030000000001
1 148 217 -676.6030000000001
1 148 221 -676.6030000000001
1 149 127 -676.6030000000001
1 149 147 -676.6030000000001
1 149 154 -676.6030000000001
1 149 222 -676.6030000000001
1 149 253 -676.6030000000001
1 150 160 -676.6030000000001
1 150 164 -676.6030000000001
1 150 177 -676.6030000000001
1 150 227 -676.6030000000001
1 150 236 -676.6030000000001
1 151 128 -676.6030000000001
1 151 228 -676.6030000000001
1 152 153 -676.6030000000001
1 152 173 -676.6030000000001
1 152 176 -676.6030000000001
1 152 222 -676.6030000000001
1 152 228 -676.6030000000001
1 153 126 -676.6030000000001
1 153 136 -676.6030000000001
1 153 155 -676.6030000000001
1 153 232 -676.6030000000001
1 153 238 -676.6030000000001
1 153 253 -676.6030000000001
1 154 126 -676.6030000000001
1 154 133 -676.6030000000001
1 154 161 -676.6030000000001
1 154 172 -676.6030000000001
1 154 220 -676.6030000000001
1 154 244 -676.6030000000001
1 155 170 -1353.21
1 155 216 -676.6030000000001
1 155 262 -676.6030000000001
1 156 160 -676.6030000000001
1 156 211 -676.6030000000001
1 156 223 -676.6030000000001
1 157 132 -676.6030000000001
1 157 133 -676.6030000000001
1 157 134 -2029.81
1 157 136 -676.6030000000001
1 157 194 -676.6030000000001
1 157 207 -676.6030000000001
1 157 240 -676.6030000000001
1 158 135 -676.6030000000001
1 158 248 -676.6030000000001
1 159 152 -676.6030000000001
1 159 231 -676.6030000000001
1 159 240 -676.6030000000001
1 159 247 -676.6030000000001
1 159 248 -676.6030000000001
1 159 250 -676.6030000000001
1 159 251 -676.6030000000001
1 159 257 -676.6030000000001
1 160 133 -676.6030000000001
1 160 249 -1353.21
1 160 251 -1353.21
1 160 252 -676.6030000000001
1 160 253 -676.6030000000001
1 160 262 -676.6030000000001
1 161 144 -1353.21
1 161 251 -676.6030000000001
1 161 253 -676.6030000000001
1 162 137 -1353.21
1 162 252 -1353.21
1 162 253 -676.6030000000001
1 163 152 -676.6030000000001
1 163 190 -676.6030000000001
1 163 236 -676.6030000000001
1 164 278 -676.6030000000001
1 164 290 -676.6030000000001
1 164 299 -676.6030000000001
1 165 133 -1353.21
1 165 134 -1353.21
1 165 135 -676.6030000000001
1 165 290 -676.6030000000001
1 166 131 -676.6030000000001
1 166 132 -676.6030000000001
1 166 133 -1353.21
1 166 134 -676.6030000000001
1 166 135 -676.6030000000001
1 166 210 -676.6030000000001
1 166 254 -676.6030000000001
1 166 255 -676.6030000000001
1 167 127 -676.6030000000001
1 167 132 -1353.21
1 167 133 -1353.21
1 167 134 -2029.81
1 167 256 -676.6030000000001
1 167 288 -676.6030000000001
1 167 294 -676.6030000000001
1 168 130 -676.6030000000001
1 168 131 -676.6030000000001
1 168 132 -2706.41
1 168 133 -2706.41
1 168 286 -676.6030000000001
1 168 287 -1353.21
1 168 291 -1353.21
1 169 128 -1353.21
1 169 129 -2706.41
1 169 131 -676.6030000000001
1 169 132 -3383.02
1 169 133 -2029.81
1 169 134 -6089.43
1 169 135 -676.6030000000001
1 169 236 -676.6030000000001
1 169 260 -676.6030000000001
1 169 271 -676.6030000000001
1 169 287 -676.6030000000001
1 169 290 -676.6030000000001
1 170 133 -2029.81
1 170 134 -8119.24
1 170 136 -676.6030000000001
1 170 187 -676.6030000000001
1 170 256 -676.6030000000001
1 170 287 -676.6030000000001
1 170 292 -676.6030000000001
1 171 133 -1353.21
1 171 134 -676.6030000000001
1 171 136 -3383.02
1 171 290 -676.6030000000001
1 172 257 -676.6030000000001
1 172 284 -676.6030000000001
1 172 295 -1353.21
1 172 311 -676.6030000000001
1 173 258 -676.6030000000001
1 173 278 -676.6030000000001
1 173 290 -676.6030000000001
1 173 292 -676.6030000000001
1 173 293 -1353.21
1 173 294 -676.6030000000001
1 174 124 -676.6030000000001
1 174 253 -676.6030000000001
1 174 261 -676.6030000000001
1 174 270 -676.6030000000001
1 174 283 -676.6030000000001
1 174 289 -676.6030000000001
1 174 293 -676.6030000000001
1 175 260 -676.6030000000001
1 175 288 -676.6030000000001
1 175 292 -1353.21
1 175 293 -676.6030000000001
1 175 296 -676.6030000000001
1 175 305 -676.6030000000001
1 176 274 -676.6030000000001
1 176 305 -676.6030000000001
1 177 289 -676.6030000000001
1 177 290 -676.6030000000001
1 178 243 -676.6030000000001
1 178 280 -676.6030000000001
1 178 285 -676.6030000000001
1 178 302 -676.6030000000001
1 178 305 -676.6030000000001
1 178 306 -676.6030000000001
1 178 311 -676.6030000000001
1 179 278 -676.6030000000001
1 179 285 -676.6030000000001
1 180 149 -676.6030000000001
1 180 286 -676.6030000000001
1 181 297 -676.6030000000001
1 181 307 -676.6030000000001
1 181 308 -676.6030000000001
1 183 242 -676.6030000000001
1 183 285 -676.6030000000001
1 183 295 -676.6030000000001
1 183 308 -676.6030000000001
1 183 309 -676.6030000000001
1 183 318 -676.6030000000001
1 184 263 -676.6030000000001
1 184 285 -676.6030000000001
1 184 313 -676.6030000000001
1 184 319 -676.6030000000001
1 185 257 -676.6030000000001
1 185 305 -676.6030000000001
1 185 306 -676.6030000000001
1 185 307 -676.6030000000001
1 185 315 -676.6030000000001
1 186 255 -676.6030000000001
1 186 265 -676.6030000000001
1 186 307 -1353.21
1 186 310 -676.6030000000001
1 188 262 -676.6030000000001
1 188 294 -676.6030000000001
1 188 295 -676.6030000000001
1 189 295 -676.6030000000001
1 189 309 -676.6030000000001
1 190 307 -676.6030000000001
1 190 308 -676.6030000000001
1 190 324 -676.6030000000001
1 191 292 -1353.21
1 191 304 -676.6030000000001
1 191 305 -676.6030000000001
1 192 258 -676.6030000000001
1 192 284 -676.6030000000001
1 192 304 -676.6030000000001
1 192 316 -676.6030000000001
1 192 319 -676.6030000000001
1 193 262 -676.6030000000001
1 193 301 -676.6030000000001
1 193 311 -676.6030000000001
1 193 313 -1353.21
1 194 284 -676.6030000000001
1 194 313 -676.6030000000001
1 195 269 -676.6030000000001
1 195 287 -676.6030000000001
1 195 289 -676.6030000000001
1 195 300 -676.6030000000001
1 195 311 -676.6030000000001
1 195 313 -676.6030000000001
1 196 269 -676.6030000000001
1 196 275 -676.6030000000001
1 196 303 -676.6030000000001
1 196 324 -676.6030000000001
1 196 333 -676.6030000000001
1 197 264 -676.6030000000001
1 197 283 -676.6030000000001
1 197 300 -676.6030000000001
1 197 322 -676.6030000000001
1 197 325 -676.6030000000001
1 198 242 -676.6030000000001
1 198 276 -1353.21
1 198 309 -676.6030000000001
1 198 311 -676.6030000000001
1 199 283 -676.6030000000001
1 199 311 -676.6030000000001
1 199 324 -676.6030000000001
1 200 280 -676.6030000000001
1 200 286 -676.6030000000001
1 200 296 -676.6030000000001
1 200 299 -676.6030000000001
1 200 306 -676.6030000000001
1 200 307 -676.6030000000001
1 200 312 -676.6030000000001
1 200 343 -676.6030000000001
1 200 345 -676.6030000000001
1 201 257 -676.6030000000001
1 202 280 -676.6030000000001
1 202 287 -676.6030000000001
1 202 297 -676.6030000000001
1 202 301 -676.6030000000001
1 202 302 -676.6030000000001
1 203 215 -676.6030000000001
1 203 304 -676.6030000000001
1 203 305 -676.6030000000001
1 203 309 -676.6030000000001
1 203 315 -676.6030000000001
1 205 263 -676.6030000000001
1 205 303 -676.6030000000001
1 205 304 -676.6030000000001
1 205 317 -676.6030000000001
1 205 318 -676.6030000000001
1 205 319 -676.6030000000001
1 206 264 -676.6030000000001
1 206 270 -676.6030000000001
1 206 301 -676.6030000000001
1 206 304 -676.6030000000001
1 206 315 -676.6030000000001
1 206 317 -1353.21
1 207 262 -676.6030000000001
1 207 300 -676.6030000000001
1 207 301 -1353.21
1 207 303 -676.6030000000001
1 207 304 -676.6030000000001
1 207 306 -1353.21
1 207 315 -676.6030000000001
1 207 317 -676.6030000000001
1 208 298 -1353.21
1 208 299 -1353.21
1 208 306 -676.6030000000001
1 208 317 -676.6030000000001
1 208 328 -676.6030000000001
1 209 284 -676.6030000000001
1 209 297 -676.6030000000001
1 209 302 -676.6030000000001
1 210 284 -676.6030000000001
1 210 301 -676.6030000000001
1 210 302 -676.6030000000001
1 210 342 -676.6030000000001
1 211 301 -676.6030000000001
1 211 321 -676.6030000000001
1 212 295 -676.6030000000001
1 212 347 -676.6030000000001
1 213 226 -676.6030000000001
1 213 287 -676.6030000000001
1 213 303 -676.6030000000001
1 213 329 -676.6030000000001
1 214 319 -676.6030000000001
1 215 289 -676.6030000000001
1 215 311 -676.6030000000001
1 215 353 -676.6030000000001
1 216 323 -676.6030000000001
1 216 341 -676.6030000000001
1 217 244 -676.6030000000001
1 217 249 -676.6030000000001
1 217 351 -676.6030000000001
1 218 209 -676.6030000000001
1 218 243 -676.6030000000001
1 218 292 -676.6030000000001
1 218 345 -1353.21
1 221 240 -676.6030000000001
1 221 611 -676.6030000000001
1 222 254 -676.6030000000001
1 222 362 -676.6030000000001
1 224 338 -676.6030000000001
1 224 359 -676.6030000000001
1 225 323 -676.6030000000001
1 225 329 -676.6030000000001
1 225 332 -676.6030000000001
1 225 368 -676.6030000000001
1 225 373 -676.6030000000001
1 225 378 -676.6030000000001
1 225 382 -1353.21
1 226 323 -676.6030000000001
1 226 388 -1353.21
1 226 618 -676.6030000000001
1 227 315 -676.6030000000001
1 228 606 -676.6030000000001
1 229 385 -1353.21
1 229 392 -676.6030000000001
1 229 393 -676.6030000000001
1 229 397 -2706.41
1 229 618 -3383.02
1 230 338 -676.6030000000001
1 230 373 -1353.21
1 230 384 -676.6030000000001
1 230 392 -1353.21
1 230 393 -2706.41
1 230 396 -676.6030000000001
1 230 605 -676.6030000000001
1 231 343 -676.6030000000001
1 231 383 -676.6030000000001
1 231 392 -3383.02
1 231 393 -7442.63
1 231 398 -676.6030000000001
1 231 603 -676.6030000000001
1 231 607 -1353.21
1 232 259 -676.6030000000001
1 232 300 -676.6030000000001
1 232 384 -676.6030000000001
1 232 389 -676.6030000000001
1 232 393 -4059.62
1 232 394 -2706.41
1 232 405 -676.6030000000001
1 232 604 -1353.21
1 232 606 -1353.21
1 232 607 -2029.81
1 232 608 -676.6030000000001
1 233 373 -676.6030000000001
1 233 393 -676.6030000000001
1 233 403 -676.6030000000001
1 233 406 -2706.41
1 233 601 -1353.21
1 233 602 -676.6030000000001
1 234 374 -676.6030000000001
1 234 388 -676.6030000000001
1 234 389 -676.6030000000001
1 234 406 -2029.81
1 234 407 -1353.21
1 234 601 -676.6030000000001
1 234 602 -1353.21
1 234 603 -2029.81
1 234 604 -676.6030000000001
1 234 605 -1353.21
1 234 606 -676.6030000000001
1 234 609 -676.6030000000001
1 234 620 -676.6030000000001
1 234 621 -676.6030000000001
1 235 342 -676.6030000000001
1 235 368 -676.6030000000001
1 235 389 -676.6030000000001
1 235 392 -676.6030000000001
1 235 404 -676.6030000000001
1 235 406 -676.6030000000001
1 235 599 -676.6030000000001
1 235 600 -1353.21
1 235 602 -2029.81
1 235 603 -676.6030000000001
1 235 606 -676.6030000000001
1 235 608 -676.6030000000001
1 236 256 -676.6030000000001
1 236 359 -676.6030000000001
1 236 377 -1353.21
1 236 378 -676.6030000000001
1 236 389 -1353.21
1 236 600 -676.6030000000001
1 236 601 -676.6030000000001
1 236 602 -1353.21
1 236 605 -676.6030000000001
1 236 606 -676.6030000000001
1 236 607 -676.6030000000001
1 236 620 -676.6030000000001
1 237 330 -676.6030000000001
1 237 377 -676.6030000000001
1 237 384 -676.6030000000001
1 237 388 -676.6030000000001
1 237 605 -1353.21
1 237 606 -2029.81
1 237 607 -1353.21
1 237 608 -3383.02
1 237 609 -2029.81
1 237 620 -676.6030000000001
1 238 346 -676.6030000000001
1 238 391 -676.6030000000001
1 238 410 -676.6030000000001
1 238 602 -676.6030000000001
1 238 603 -676.6030000000001
1 238 606 -3383.02
1 238 607 -4059.62
1 238 608 -2706.41
1 238 610 -676.6030000000001
1 239 297 -676.6030000000001
1 239 323 -676.6030000000001
1 239 404 -676.6030000000001
1 239 601 -676.6030000000001
1 239 603 -676.6030000000001
1 239 607 -1353.21
1 239 608 -2706.41
1 239 609 -2029.81
1 239 610 -1353.21
1 239 615 -1353.21
1 240 267 -676.6030000000001
1 240 319 -676.6030000000001
1 240 327 -676.6030000000001
1 240 352 -676.6030000000001
1 240 374 -1353.21
1 240 392 -1353.21
1 240 396 -676.6030000000001
1 240 406 -676.6030000000001
1 240 603 -676.6030000000001
1 240 605 -2029.81
1 240 606 -2706.41
1 240 607 -1353.21
1 240 620 -1353.21
1 240 621 -676.6030000000001
1 241 339 -676.6030000000001
1 241 352 -676.6030000000001
1 241 370 -1353.21
1 241 375 -676.6030000000001
1 241 409 -676.6030000000001
1 241 577 -676.6030000000001
1 241 603 -1353.21
1 241 605 -2029.81
1 241 606 -1353.21
1 241 607 -1353.21
1 241 608 -1353.21
1 241 609 -3383.02
1 241 610 -676.6030000000001
1 241 611 -676.6030000000001
1 241 620 -676.6030000000001
1 241 621 -676.6030000000001
1 242 314 -676.6030000000001
1 242 318 -676.6030000000001
1 242 336 -676.6030000000001
1 242 338 -676.6030000000001
1 242 339 -676.6030000000001
1 242 373 -2029.81
1 242 374 -4059.62
1 242 406 -1353.21
1 242 603 -1353.21
1 242 604 -4736.22
1 242 605 -6089.43
1 242 606 -2029.81
1 242 607 -3383.02
1 242 608 -3383.02
1 242 609 -2029.81
1 242 610 -2029.81
1 242 616 -676.6030000000001
1 242 622 -676.6030000000001
1 242 623 -2029.81
1 243 366 -676.6030000000001
1 243 369 -676.6030000000001
1 243 372 -1353.21
1 243 373 -5412.82
1 243 374 -2029.81
1 243 386 -676.6030000000001
1 243 391 -676.6030000000001
1 243 405 -676.6030000000001
1 243 406 -676.6030000000001
1 243 407 -1353.21
1 243 409 -676.6030000000001
1 243 577 -676.6030000000001
1 243 606 -4736.22
1 243 607 -3383.02
1 243 608 -1353.21
1 243 609 -4059.62
1 243 620 -676.6030000000001
1 243 622 -1353.21
1 243 623 -5412.82
1 244 371 -676.6030000000001
1 244 372 -1353.21
1 244 373 -2029.81
1 244 415 -676.6030000000001
1 244 598 -676.6030000000001
1 244 606 -2706.41
1 244 607 -676.6030000000001
1 244 611 -676.6030000000001
1 244 616 -676.6030000000001
1 244 622 -676.6030000000001
1 244 623 -2706.41
1 244 624 -676.6030000000001
1 245 312 -676.6030000000001
1 245 315 -676.6030000000001
1 245 326 -676.6030000000001
1 245 335 -676.6030000000001
1 245 338 -676.6030000000001
1 245 356 -1353.21
1 245 371 -676.6030000000001
1 245 413 -676.6030000000001
1 245 586 -676.6030000000001
1 245 604 -676.6030000000001
1 245 605 -2029.81
1 245 606 -3383.02
1 245 607 -2706.41
1 245 609 -3383.02
1 245 610 -1353.21
1 245 612 -1353.21
1 245 616 -1353.21
1 245 619 -676.6030000000001
1 245 620 -1353.21
1 245 622 -676.6030000000001
1 246 214 -676.6030000000001
1 246 342 -676.6030000000001
1 246 356 -676.6030000000001
1 246 357 -676.6030000000001
1 246 374 -676.6030000000001
1 246 413 -676.6030000000001
1 246 590 -676.6030000000001
1 246 599 -676.6030000000001
1 246 600 -4059.62
1 246 605 -2706.41
1 246 606 -4736.22
1 246 607 -2706.41
1 246 610 -676.6030000000001
1 246 612 -1353.21
1 246 614 -676.6030000000001
1 246 615 -676.6030000000001
1 246 623 -676.6030000000001
1 247 314 -676.6030000000001
1 247 331 -676.6030000000001
1 247 367 -1353.21
1 247 368 -3383.02
1 247 387 -1353.21
1 247 413 -676.6030000000001
1 247 578 -676.6030000000001
1 247 597 -676.6030000000001
1 247 598 -4736.22
1 247 599 -4059.62
1 247 600 -6766.03
1 247 601 -6766.03
1 247 605 -1353.21
1 247 609 -1353.21
1 247 610 -1353.21
1 247 611 -2706.41
1 247 612 -2706.41
1 247 613 -1353.21
1 247 618 -1353.21
1 247 619 -676.6030000000001
1 247 623 -676.6030000000001
1 248 307 -676.6030000000001
1 248 367 -676.6030000000001
1 248 368 -2706.41
1 248 371 -1353.21
1 248 372 -3383.02
1 248 387 -1353.21
1 248 388 -4059.62
1 248 413 -676.6030000000001
1 248 416 -676.6030000000001
1 248 529 -676.6030000000001
1 248 567 -676.6030000000001
1 248 596 -4736.22
1 248 597 -3383.02
1 248 598 -6766.03
1 248 599 -4059.62
1 248 600 -2706.41
1 248 601 -4059.62
1 248 602 -2029.81
1 248 605 -676.6030000000001
1 248 608 -676.6030000000001
1 248 609 -1353.21
1 248 610 -2029.81
1 248 611 -4059.62
1 248 612 -4059.62
1 248 613 -4736.22
1 248 618 -676.6030000000001
1 248 619 -676.6030000000001
1 248 620 -676.6030000000001
1 248 623 -1353.21
1 249 333 -676.6030000000001
1 249 334 -676.6030000000001
1 249 365 -1353.21
1 249 366 -2029.81
1 249 367 -676.6030000000001
1 249 368 -2029.81
1 249 371 -676.6030000000001
1 249 387 -676.6030000000001
1 249 388 -676.6030000000001
1 249 400 -676.6030000000001
1 249 412 -676.6030000000001
1 249 567 -676.6030000000001
1 249 593 -1353.21
1 249 595 -4059.62
1 249 596 -4736.22
1 249 597 -7442.63
1 249 603 -2029.81
1 249 604 -5412.82
1 249 605 -3383.02
1 249 607 -2706.41
1 249 609 -676.6030000000001
1 249 610 -1353.21
1 249 611 -3383.02
1 249 612 -6089.43
1 249 613 -1353.21
1 249 618 -676.6030000000001
1 249 623 -676.6030000000001
1 250 331 -676.6030000000001
1 250 355 -676.6030000000001
1 250 365 -1353.21
1 250 366 -3383.02
1 250 367 -2029.81
1 250 368 -676.6030000000001
1 250 369 -1353.21
1 250 370 -1353.21
1 250 371 -4059.62
1 250 382 -676.6030000000001
1 250 406 -676.6030000000001
1 250 413 -676.6030000000001
1 250 414 -676.6030000000001
1 250 423 -676.6030000000001
1 250 436 -676.6030000000001
1 250 568 -676.6030000000001
1 250 579 -676.6030000000001
1 250 591 -676.6030000000001
1 250 594 -676.6030000000001
1 250 596 -5412.82
1 250 597 -1353.21
1 250 602 -676.6030000000001
1 250 603 -4736.22
1 250 604 -4059.62
1 250 605 -2706.41
1 250 607 -676.6030000000001
1 250 608 -2029.81
1 250 609 -676.6030000000001
1 250 610 -676.6030000000001
1 250 613 -676.6030000000001
1 251 276 -676.6030000000001
1 251 322 -676.6030000000001
1 251 365 -2029.81
1 251 366 -6089.43
1 251 367 -1353.21
1 251 368 -1353.21
1 251 371 -676.6030000000001
1 251 379 -676.6030000000001
1 251 407 -676.6030000000001
1 251 414 -676.6030000000001
1 251 424 -676.6030000000001
1 251 598 -676.6030000000001
1 251 604 -676.6030000000001
1 251 605 -676.6030000000001
1 251 607 -676.6030000000001
1 251 610 -676.6030000000001
1 252 236 -676.6030000000001
1 252 365 -2029.81
1 252 366 -4736.22
1 252 367 -4736.22
1 252 368 -1353.21
1 252 376 -676.6030000000001
1 252 412 -676.6030000000001
1 252 416 -676.6030000000001
1 252 428 -676.6030000000001
1 252 506 -676.6030000000001
1 252 507 -676.6030000000001
1 252 528 -676.6030000000001
1 252 534 -676.6030000000001
1 252 544 -676.6030000000001
1 252 576 -676.6030000000001
1 252 591 -1353.21
1 252 596 -1353.21
1 252 597 -1353.21
1 252 598 -676.6030000000001
1 252 599 -1353.21
1 252 608 -1353.21
1 252 609 -676.6030000000001
1 252 611 -676.6030000000001
1 252 620 -676.6030000000001
1 253 259 -676.6030000000001
1 253 342 -676.6030000000001
1 253 363 -676.6030000000001
1 253 365 -1353.21
1 253 366 -4059.62
1 253 367 -2706.41
1 253 370 -676.6030000000001
1 253 375 -1353.21
1 253 404 -676.6030000000001
1 253 433 -1353.21
1 253 506 -676.6030000000001
1 253 543 -676.6030000000001
1 253 546 -676.6030000000001
1 253 547 -676.6030000000001
1 253 566 -676.6030000000001
1 253 586 -1353.21
1 253 596 -676.6030000000001
1 253 597 -2706.41
1 253 601 -676.6030000000001
1 253 604 -676.6030000000001
1 253 605 -676.6030000000001
1 253 614 -2029.81
1 254 366 -1353.21
1 254 478 -676.6030000000001
1 254 581 -676.6030000000001
1 254 584 -676.6030000000001
1 254 585 -4059.62
1 254 586 -3383.02
1 254 587 -2029.81
1 254 588 -2029.81
1 254 589 -2706.41
1 254 598 -676.6030000000001
1 254 599 -676.6030000000001
1 254 601 -1353.21
1 254 604 -1353.21
1 254 605 -676.6030000000001
1 254 606 -676.6030000000001
1 254 611 -676.6030000000001
1 255 341 -676.6030000000001
1 255 346 -676.6030000000001
1 255 371 -676.6030000000001
1 255 402 -676.6030000000001
1 255 442 -676.6030000000001
1 255 445 -676.6030000000001
1 255 461 -676.6030000000001
1 255 479 -676.6030000000001
1 255 512 -676.6030000000001
1 255 513 -676.6030000000001
1 255 526 -676.6030000000001
1 255 547 -676.6030000000001
1 255 548 -676.6030000000001
1 255 565 -676.6030000000001
1 255 583 -2029.81
1 255 584 -2706.41
1 255 585 -2706.41
1 255 586 -2706.41
1 255 587 -1353.21
1 255 588 -676.6030000000001
1 255 591 -676.6030000000001
1 255 594 -676.6030000000001
1 255 597 -676.6030000000001
1 255 600 -1353.21
1 255 607 -676.6030000000001
1 256 346 -676.6030000000001
1 256 350 -676.6030000000001
1 256 367 -676.6030000000001
1 256 373 -676.6030000000001
1 256 374 -676.6030000000001
1 256 491 -676.6030000000001
1 256 526 -676.6030000000001
1 256 531 -2029.81
1 256 532 -676.6030000000001
1 256 547 -676.6030000000001
1 256 548 -1353.21
1 256 549 -676.6030000000001
1 256 575 -676.6030000000001
1 256 578 -1353.21
1 256 580 -676.6030000000001
1 256 584 -2029.81
1 256 585 -1353.21
1 256 592 -1353.21
1 256 594 -4736.22
1 256 595 -2706.41
1 256 607 -2706.41
1 256 608 -1353.21
1 256 609 -676.6030000000001
1 257 330 -676.6030000000001
1 257 461 -676.6030000000001
1 257 497 -676.6030000000001
1 257 503 -676.6030000000001
1 257 506 -676.6030000000001
1 257 512 -676.6030000000001
1 257 527 -2029.81
1 257 529 -676.6030000000001
1 257 532 -676.6030000000001
1 257 549 -676.6030000000001
1 257 574 -676.6030000000001
1 257 575 -2029.81
1 257 584 -2029.81
1 257 585 -2029.81
1 257 593 -1353.21
1 257 594 -5412.82
1 257 595 -2706.41
1 257 597 -1353.21
1 257 606 -4736.22
1 257 607 -676.6030000000001
1 258 307 -676.6030000000001
1 258 330 -676.6030000000001
1 258 366 -676.6030000000001
1 258 485 -1353.21
1 258 489 -1353.21
1 258 491 -676.6030000000001
1 258 493 -676.6030000000001
1 258 494 -676.6030000000001
1 258 496 -676.6030000000001
1 258 497 -676.6030000000001
1 258 498 -2029.81
1 258 499 -1353.21
1 258 502 -676.6030000000001
1 258 503 -676.6030000000001
1 258 529 -1353.21
1 258 531 -676.6030000000001
1 258 532 -676.6030000000001
1 258 533 -1353.21
1 258 535 -676.6030000000001
1 258 546 -676.6030000000001
1 258 550 -676.6030000000001
1 258 556 -1353.21
1 258 564 -676.6030000000001
1 258 576 -676.6030000000001
1 258 583 -676.6030000000001
1 258 584 -2029.81
1 258 586 -2029.81
1 258 594 -2029.81
1 258 606 -3383.02
1 258 607 -676.6030000000001
1 259 346 -676.6030000000001
1 259 369 -1353.21
1 259 402 -676.6030000000001
1 259 444 -676.6030000000001
1 259 456 -676.6030000000001
1 259 485 -676.6030000000001
1 259 486 -676.6030000000001
1 259 488 -676.6030000000001
1 259 489 -676.6030000000001
1 259 490 -1353.21
1 259 509 -1353.21
1 259 510 -676.6030000000001
1 259 522 -676.6030000000001
1 259 528 -676.6030000000001
1 259 529 -676.6030000000001
1 259 531 -676.6030000000001
1 259 532 -676.6030000000001
1 259 545 -676.6030000000001
1 259 549 -676.6030000000001
1 259 554 -1353.21
1 259 555 -1353.21
1 259 556 -2029.81
1 259 557 -2029.81
1 259 575 -2706.41
1 259 576 -676.6030000000001
1 259 579 -676.6030000000001
1 259 584 -676.6030000000001
1 259 585 -2706.41
1 259 586 -1353.21
1 260 369 -1353.21
1 260 404 -1353.21
1 260 443 -676.6030000000001
1 260 454 -676.6030000000001
1 260 485 -676.6030000000001
1 260 486 -1353.21
1 260 487 -676.6030000000001
1 260 492 -676.6030000000001
1 260 499 -676.6030000000001
1 260 502 -1353.21
1 260 517 -676.6030000000001
1 260 527 -676.6030000000001
1 260 545 -2029.81
1 260 548 -676.6030000000001
1 260 554 -676.6030000000001
1 260 556 -676.6030000000001
1 260 567 -676.6030000000001
1 260 576 -676.6030000000001
1 260 577 -676.6030000000001
1 261 397 -676.6030000000001
1 261 404 -676.6030000000001
1 261 444 -676.6030000000001
1 261 483 -676.6030000000001
1 261 487 -676.6030000000001
1 261 501 -676.6030000000001
1 261 502 -676.6030000000001
1 261 545 -676.6030000000001
1 261 551 -676.6030000000001
1 261 552 -676.6030000000001
1 261 565 -676.6030000000001
1 262 254 -676.6030000000001
1 262 353 -1353.21
1 262 369 -676.6030000000001
1 262 425 -676.6030000000001
1 262 443 -676.6030000000001
1 262 458 -676.6030000000001
1 262 483 -1353.21
1 262 493 -676.6030000000001
1 262 501 -676.6030000000001
1 262 502 -676.6030000000001
1 262 523 -676.6030000000001
1 262 524 -676.6030000000001
1 262 535 -676.6030000000001
1 262 536 -676.6030000000001
1 262 537 -676.6030000000001
1 262 542 -676.6030000000001
1 262 546 -676.6030000000001
1 262 584 -676.6030000000001
1 262 587 -676.6030000000001
1 263 355 -676.6030000000001
1 263 415 -676.6030000000001
1 263 484 -676.6030000000001
1 263 493 -676.6030000000001
1 263 509 -676.6030000000001
1 263 522 -676.6030000000001
1 263 523 -1353.21
1 263 524 -1353.21
1 263 541 -1353.21
1 263 542 -676.6030000000001
1 263 543 -676.6030000000001
1 263 546 -1353.21
1 263 576 -676.6030000000001
1 263 579 -676.6030000000001
1 263 581 -2706.41
1 264 369 -676.6030000000001
1 264 379 -676.6030000000001
1 264 481 -676.6030000000001
1 264 482 -676.6030000000001
1 264 493 -676.6030000000001
1 264 503 -676.6030000000001
1 264 504 -676.6030000000001
1 264 516 -676.6030000000001
1 264 521 -2029.81
1 264 527 -676.6030000000001
1 264 543 -2706.41
1 264 568 -676.6030000000001
1 264 575 -676.6030000000001
1 264 576 -1353.21
1 265 336 -676.6030000000001
1 265 367 -1353.21
1 265 457 -676.6030000000001
1 265 459 -676.6030000000001
1 265 511 -676.6030000000001
1 265 516 -676.6030000000001
1 265 520 -676.6030000000001
1 265 524 -676.6030000000001
1 265 568 -1353.21
1 266 314 -676.6030000000001
1 266 413 -676.6030000000001
1 266 456 -676.6030000000001
1 266 478 -676.6030000000001
1 266 481 -676.6030000000001
1 266 483 -676.6030000000001
1 266 484 -676.6030000000001
1 266 485 -676.6030000000001
1 266 492 -676.6030000000001
1 266 498 -676.6030000000001
1 266 505 -676.6030000000001
1 266 518 -676.6030000000001
1 266 523 -676.6030000000001
1 266 543 -676.6030000000001
1 266 545 -676.6030000000001
1 266 549 -676.6030000000001
1 266 555 -676.6030000000001
1 267 337 -676.6030000000001
1 267 365 -676.6030000000001
1 267 381 -676.6030000000001
1 267 459 -676.6030000000001
1 267 460 -1353.21
1 267 505 -676.6030000000001
1 267 507 -676.6030000000001
1 267 543 -676.6030000000001
1 267 544 -1353.21
1 267 549 -676.6030000000001
1 267 553 -2029.81
1 267 562 -676.6030000000001
1 268 507 -1353.21
1 268 540 -676.6030000000001
1 268 541 -676.6030000000001
1 268 542 -1353.21
1 268 543 -2706.41
1 268 544 -1353.21
1 268 549 -676.6030000000001
1 268 551 -676.6030000000001
1 268 552 -676.6030000000001
1 268 553 -676.6030000000001
1 269 362 -676.6030000000001
1 269 505 -1353.21
1 269 507 -676.6030000000001
1 269 528 -676.6030000000001
1 269 543 -676.6030000000001
1 269 547 -1353.21
1 270 474 -676.6030000000001
1 270 475 -1353.21
1 270 479 -676.6030000000001
1 270 491 -676.6030000000001
1 270 504 -676.6030000000001
1 270 507 -676.6030000000001
1 270 526 -676.6030000000001
1 271 375 -676.6030000000001
1 271 388 -676.6030000000001
1 271 479 -676.6030000000001
1 271 481 -676.6030000000001
1 271 487 -676.6030000000001
1 271 491 -676.6030000000001
1 271 526 -676.6030000000001
1 272 469 -676.6030000000001
1 272 493 -676.6030000000001
1 272 495 -1353.21
1 272 496 -676.6030000000001
1 272 502 -676.6030000000001
1 272 526 -2029.81
1 273 441 -676.6030000000001
1 273 462 -676.6030000000001
1 273 526 -676.6030000000001
1 275 463 -676.6030000000001
1 275 480 -676.6030000000001
1 275 502 -676.6030000000001
1 275 504 -676.6030000000001
1 276 502 -676.6030000000001
1 277 393 -676.6030000000001
1 279 459 -676.6030000000001
1 280 563 -676.6030000000001
1 282 434 -676.6030000000001
1 282 435 -676.6030000000001
1 283 461 -676.6030000000001
1 283 482 -676.6030000000001
1 283 483 -676.6030000000001
1 285 437 -676.6030000000001
1 285 482 -676.6030000000001
1 285 483 -676.6030000000001
1 286 377 -676.6030000000001
1 286 464 -676.6030000000001
1 288 469 -676.6030000000001
1 289 362 -676.6030000000001
1 289 443 -676.6030000000001
1 292 358 -676.6030000000001
1 293 390 -2029.81
1 293 391 -676.6030000000001
1 296 390 -676.6030000000001
1 301 359 -676.6030000000001
1 301 378 -676.6030000000001
1 85 106 -676.6030000000001
1 92 112 -1353.21
1 93 117 -676.6030000000001
1 97 89 -676.6030000000001
1 98 101 -676.6030000000001
1 99 126 -676.6030000000001
1 99 136 -676.6030000000001
1 147 119 -2613.6
1 148 187 -9728.4
1 153 113 -7260.0
1 167 186 -12051.6
1 168 169 -111804.0
1 197 280 -4646.4
1 199 225 -4501.2
1 210 300 -726.0
1 211 298 -3775.2
1 234 285 -7986.0
1 244 234 -9728.4
1 267 479 -2323.2
1 271 361 -1438.56
1 272 454 -34.82
1 285 433 -3339.6
1 291 453 -26491.1
1 299 360 -4210.8
1 131 118 -1016.4
1 132 183 -8566.8
1 137 123 -11325.6
1 141 124 -4646.4
1 142 121 -6098.4
1 152 130 -5662.8
1 155 192 -8566.8
1 157 117 -3920.4
1 158 205 -10454.4
1 164 258 -5953.2
1 169 164 -7405.2
1 172 162 -35428.8
1 172 163 -47916.0
1 172 164 -3920.4
1 173 196 -145.2
1 195 280 -6969.6
1 202 295 -11906.4
1 203 296 -22941.6
1 226 358 -5609.62
1 247 335 -6969.6
1 256 333 -17278.8
1 262 350 -435.6
1 265 349 -5517.6
1 267 346 -2904.0
1 269 347 -580.8
1 271 470 -435.6
1 274 431 -2162390.0
1 280 367 -2613.6
1 285 357 -1597.2
1 289 374 -2613.6
1 292 370 -5808.0
1 293 370 -6388.8
1 299 335 -45012.0
1 143 152 -8421.6
1 143 154 -5953.2
1 144 130 -2613.6
1 148 113 -6243.6
1 149 118 -3049.2
1 152 183 -21489.6
1 153 185 -13648.8
1 153 212 -4210.8
1 154 128 -435.6
1 155 180 -18440.4
1 155 187 -20908.8
1 164 159 -40365.6
1 167 163 -11035.2
1 175 178 -871.2
1 188 287 -1016.4
1 189 206 -18295.2
1 201 279 -8131.2
1 221 294 -6679.2
1 221 361 -435.6
1 222 252 -3630.0
1 222 266 -3775.2
1 224 273 -16407.6
1 225 248 -6679.2
1 226 361 -5517.6
1 237 292 -27926.2
1 245 243 -13939.2
1 248 238 -6243.6
1 248 331 -2758.8
1 259 347 -2323.2
1 266 345 -2904.0
1 271 268 -14955.6
1 274 278 -2613.6
1 289 355 -1016.4
1 295 392 -1016.4
1 296 391 -1742.4
1 296 393 -4065.6
1 297 378 -2032.8
1 141 116 -2468.4
1 143 114 -2178.0
1 144 151 -3630.0
1 145 114 -2613.6
1 146 150 -4646.4
1 146 180 -13213.2
1 147 148 -3484.8
1 149 124 -871.2
1 149 181 -14810.4
1 149 202 -3920.4
1 150 183 -14520.0
1 150 186 -13213.2
1 151 189 -7695.6
1 152 180 -12487.2
1 153 188 -12777.6
1 154 113 -1452.0
1 158 173 -145.2
1 164 124 -2032.8
1 165 167 -14520.0
1 168 164 -7986.0
1 168 166 -8276.4
1 171 125 -145.2
1 176 222 -18730.8
1 184 210 -21780.0
1 188 207 -14810.4
1 189 288 -1016.4
1 209 281 -26627.1
1 210 249 -4356.0
1 211 263 -5808.0
1 211 296 -3049.2
1 219 272 -2178.0
1 221 317 -6388.8
1 224 287 -4501.2
1 227 245 -1161.6
1 227 344 -3484.8
1 228 354 -4210.8
1 230 352 -12487.2
1 231 270 -4210.8
1 231 347 -1597.2
1 235 295 -4936.8
1 236 342 -3339.6
1 236 344 -4501.2
1 240 330 -3920.4
1 240 337 -3194.4
1 240 357 -1887.6
1 244 333 -4358.25
1 246 332 -3484.8
1 246 337 -10454.4
1 251 334 -5227.2
1 258 343 -4065.6
1 258 345 -1742.4
1 260 345 -3194.4
1 261 340 -1306.8
1 261 351 -1452.0
1 262 286 -871.2
1 262 361 -7550.4
1 263 344 -2178.0
1 263 350 -3920.4
1 265 517 -290.4
1 267 321 -2758.8
1 269 365 -145.2
1 270 267 -7695.6
1 271 267 -3775.2
1 271 355 -1887.6
1 277 371 -290.4
1 278 502 -7405.2
1 281 331 -580.8
1 284 333 -1016.4
1 289 371 -2468.4
1 290 371 -1887.6
1 291 365 -1452.0
1 296 358 -23232.0
1 297 356 -1597.2
1 297 391 -3339.6
1 299 347 -12196.8
1 125 93 -871.2
1 131 125 -8857.2
1 134 123 -3339.6
1 134 125 -726.0
1 135 126 -3194.4
1 138 125 -3920.4
1 146 146 -7840.8
1 152 213 -2758.8
1 156 214 -3049.2
1 161 185 -20328.0
1 163 186 -11761.2
1 166 203 -3484.8
1 168 216 -24248.4
1 192 232 -7986.0
1 193 235 -9147.6
1 198 301 -145.2
1 211 195 -1452.0
1 215 261 -3484.8
1 221 339 -5808.0
1 222 324 -145.2
1 223 263 -2613.6
1 226 354 -3630.0
1 232 274 -2032.8
1 232 347 -5662.8
1 233 341 -2758.8
1 248 344 -6098.4
1 263 345 -9583.2
1 264 348 -726.0
1 286 302 -871.2
1 292 360 -1161.6
1 293 357 -3339.6
1 295 362 -871.2
1 134 124 -4646.4
1 134 126 -2178.0
1 137 128 -11035.2
1 148 119 -12632.4
1 150 118 -5372.4
1 150 121 -5953.2
1 150 127 -435.6
1 152 118 -7260.0
1 153 122 -15100.8
1 153 123 -15246.0
1 155 125 -21489.6
1 156 124 -14520.0
1 158 138 -15681.6
1 158 140 -19747.2
1 160 139 -16117.2
1 181 126 -48061.2
1 185 168 -33831.6
1 189 126 -7986.0
1 224 257 -9147.6
1 260 337 -290.4
1 137 168 -5517.6
1 149 213 -13358.4
1 190 250 -580.8
1 202 228 -726.0
1 210 253 -7405.2
1 217 236 -2323.2
1 245 324 -145.2
1 270 480 -145.2
1 144 124 -435.6
1 186 159 -145.2
1 188 160 -871.2
1 143 166 -4065.6
1 145 131 -435.6
1 153 116 -5662.8
1 158 114 -4065.6
1 160 170 -9438.0
1 187 160 -3049.2
1 188 204 -6243.6
1 203 340 -929.28
1 206 169 -580.8
1 208 226 -4936.8
1 211 266 -28558.1
1 213 276 -32635.4
1 214 274 -57020.8
1 220 278 -59959.1
1 223 372 -8421.6
1 232 398 -435.6
1 233 375 -1161.6
1 239 385 -1333.26
1 239 406 -125.42
1 241 238 -1597.2
1 244 244 -1452.0
1 245 408 -7114.8
1 246 320 -145.2
1 248 454 -145.2
1 259 351 -3326.61
1 262 585 -9728.4
1 265 360 -9811.54
1 266 560 -1696.65
1 267 407 -290.4
1 269 360 -6701.86
1 273 367 -1887.6
1 274 327 -726.0
1 274 432 -9728.4
1 275 465 -254.66
1 290 322 -2758.8
1 290 398 -263.12
1 292 458 -51391.1
1 294 354 -2963.57
1 295 337 -13068.0
1 297 377 -1161.6
1 147 116 -2323.2
1 147 183 -871.2
1 156 122 -12487.2
1 157 186 -435.6
1 257 342 -1016.4
1 201 251 -6534.0
1 201 301 -290.4
1 251 286 -290.4
1 265 488 -726.0
1 294 356 -145.2
1 267 385 -10164.0
1 135 160 -435.6
1 136 173 -1161.6
1 136 174 -1161.6
1 144 189 -435.6
1 154 112 -13794.0
1 154 122 -4791.6
1 156 131 -290.4
1 159 115 -34993.2
1 161 179 -12632.4
1 164 169 -3339.6
1 167 247 -1016.4
1 183 124 -118774.0
1 183 205 -145.2
1 186 123 -67808.4
1 186 125 -11470.8
1 186 209 -18585.6
1 204 300 -28.15
1 215 269 -435.6
1 218 239 -31011.7
1 225 242 -2758.8
1 226 375 -8216.82
1 235 420 -11325.6
1 238 302 -290.4
1 242 355 -34.4
1 244 321 -21634.8
1 244 369 -2758.8
1 245 406 -580.8
1 247 591 -435.6
1 248 590 -726.0
1 248 593 -435.6
1 251 614 -542.86
1 255 333 -14810.4
1 256 443 -103.94
1 258 335 -18611.5
1 258 339 -953.21
1 258 416 -47.71
1 259 414 -290.4
1 263 583 -317.74
1 266 470 -1712.52
1 267 354 -290.4
1 267 554 -290.4
1 269 482 -145.2
1 270 476 -1742.4
1 273 477 -726.0
1 273 523 -64033.2
1 274 506 -290.4
1 275 479 -19166.4
1 277 388 -100.23
1 277 389 -205.23
1 278 446 -435.6
1 279 386 -264.08
1 280 458 -1135.26
1 291 374 -435.6
1 291 403 -3194.4
1 293 458 -14955.6
1 297 388 -153.91
1 298 384 -113.31
1 298 391 -290.4
1 204 299 -145.2
1 221 300 -145.2
