1 204 346 -656.029
1 212 384 45000.0
1 212 385 45000.0
1 212 386 45000.0
1 212 387 45000.0
1 212 388 45000.0
1 212 389 45000.0
1 212 390 45000.0
1 212 391 45000.0
1 212 392 45000.0
1 212 393 45000.0
1 213 394 45000.0
1 213 395 45000.0
1 213 396 45000.0
1 213 397 45000.0
1 213 398 45000.0
1 213 399 45000.0
1 213 400 45000.0
1 213 401 45000.0
1 213 402 45000.0
1 214 403 45000.0
1 214 404 45000.0
1 214 405 45000.0
1 214 406 45000.0
1 214 407 45000.0
1 214 409 45000.0
1 214 410 45000.0
1 214 411 45000.0
1 214 412 45000.0
1 214 413 45000.0
1 214 414 45000.0
1 214 415 45000.0
1 215 416 45000.0
1 215 417 45000.0
1 227 417 45000.0
1 228 417 45000.0
1 229 417 45000.0
1 216 418 45000.0
1 226 418 45000.0
1 230 418 45000.0
1 217 419 45000.0
1 218 419 45000.0
1 219 419 45000.0
1 220 419 45000.0
1 221 419 45000.0
1 222 419 45000.0
1 223 419 45000.0
1 224 419 45000.0
1 225 419 45000.0
1 229 419 45000.0
1 229 420 45000.0
1 226 421 45000.0
1 227 421 45000.0
1 228 421 45000.0
1 224 422 45000.0
1 225 422 45000.0
1 224 423 45000.0
1 224 424 45000.0
1 225 424 45000.0
1 226 424 45000.0
1 227 424 45000.0
1 228 424 45000.0
1 229 425 45000.0
1 229 426 45000.0
1 229 427 45000.0
1 229 428 45000.0
1 229 429 45000.0
1 228 430 45000.0
1 228 431 45000.0
1 228 432 45000.0
1 228 433 45000.0
1 228 434 45000.0
1 228 435 45000.0
1 229 435 45000.0
1 230 436 45000.0
1 230 437 45000.0
1 230 438 45000.0
1 230 439 45000.0
1 230 440 45000.0
1 230 441 45000.0
1 230 442 45000.0
1 230 443 45000.0
1 230 444 45000.0
1 230 445 45000.0
1 230 446 45000.0
1 230 447 45000.0
1 230 448 45000.0
1 230 449 45000.0
1 230 450 45000.0
1 230 451 45000.0
1 230 452 45000.0
1 230 453 45000.0
1 230 454 45000.0
1 230 455 45000.0
1 230 456 45000.0
1 231 457 45000.0
1 231 458 45000.0
1 231 459 45000.0
1 231 460 45000.0
1 232 461 45000.0
1 232 462 45000.0
1 232 463 45000.0
1 232 464 45000.0
1 233 464 45000.0
1 234 464 45000.0
1 235 464 45000.0
1 236 464 45000.0
1 237 464 45000.0
1 238 464 45000.0
1 239 465 45000.0
1 239 466 45000.0
1 114 114 -3365.09
1 117 120 -656.029
1 121 111 -2.81032
1 121 113 -21.0774
1 125 116 -12411.8
1 126 120 -4.21548
1 129 121 -7644.73
1 130 122 -656.029
1 133 112 -56073.0
1 135 194 -1532.72
1 140 168 -4424.12
1 141 191 -40827.0
1 143 126 -14715.2
1 143 172 -6164.76
1 143 190 -2950.84
1 144 166 -9290.65
1 144 172 -6890.02
1 144 182 -21951.4
1 145 161 -79700.8
1 146 117 -3198.15
1 146 188 -29015.2
1 147 132 -5496.99
1 147 145 -656.029
1 148 123 -128.208
1 148 167 -12547.1
1 148 176 -656.029
1 148 196 -15990.5
1 149 145 -4711.51
1 150 124 -5004.33
1 150 128 -26.186
1 150 141 -6130.72
1 150 198 -22099.8
1 151 142 -5904.49
1 151 195 -13786.4
1 152 123 -5916.57
1 152 125 -5018.28
1 152 132 -9084.19
1 153 142 -39721.1
1 154 125 -209.577
1 154 171 -15262.7
1 154 249 -5325.32
1 155 112 -21211.8
1 155 141 -85956.5
1 156 129 -159960.0
1 157 135 -1312.06
1 157 140 -12730.8
1 157 251 -39858.4
1 158 133 -656.029
1 158 137 -10031.9
1 158 181 -26717.7
1 159 173 -11759.6
1 161 125 -15929.6
1 161 129 -17926.2
1 161 188 -9987.89
1 162 119 -1218.64
1 162 121 -15930.0
1 162 128 -168985.0
1 162 167 -2033.24
1 163 138 -656.029
1 165 130 -18295.7
1 165 131 -164.125
1 166 126 -858.554
1 167 125 -11388.8
1 168 123 -330.353
1 168 208 -12183.8
1 169 127 -0.344983
1 169 163 -30891.1
1 170 131 -15168.7
1 171 130 -24611.4
1 172 130 -8751.34
1 173 224 -11241.3
1 174 123 -9458.14
1 175 134 -14263.8
1 175 204 -70558.8
1 176 202 -834.666
1 178 261 -24691.5
1 179 181 -41747.3
1 179 183 -22974.4
1 179 210 -48802.1
1 180 208 -784.835
1 184 246 -18177.2
1 187 200 -6460.93
1 188 198 -101.17200000000001
1 188 209 -26044.7
1 188 240 -37321.5
1 188 258 -21798.3
1 191 191 -46367.5
1 191 281 -92740.6
1 193 256 -18084.4
1 193 260 -16429.8
1 197 204 -7473.5
1 197 252 -6582.58
1 198 298 -687.8439999999999
1 199 211 -18449.7
1 199 231 -7819.86
1 199 298 -656.029
1 200 298 -656.029
1 201 234 -688.7819999999999
1 203 275 -43100.5
1 203 280 -7933.49
1 204 248 -14868.7
1 205 300 -669.3969999999999
1 206 196 -23246.4
1 206 286 -1405.16
1 206 300 -1326.72
1 212 258 -100462.0
1 213 264 -264.17
1 214 240 -2904.42
1 216 267 -77283.9
1 217 264 -35311.7
1 217 365 -3.88105
1 218 179 -50105.2
1 219 310 -798.132
1 221 223 -927.4060000000001
1 221 246 -5852.5
1 221 284 -18187.5
1 222 352 -24096.9
1 222 358 -10103.1
1 222 369 -410.10699999999997
1 224 301 -18365.4
1 224 374 -4890.56
1 226 365 -1435.99
1 228 225 -22086.3
1 230 255 -1094.59
1 231 401 -656.029
1 232 364 -119.795
1 232 370 -0.517474
1 233 337 -656.029
1 233 394 -1358.58
1 234 304 -3102.69
1 234 393 -686.34
1 235 367 -23915.9
1 236 263 -62914.7
1 236 351 -2810.32
1 236 609 -125.824
1 237 237 -5098.58
1 237 316 -25834.9
1 237 357 -6097.57
1 237 389 -656.029
1 238 398 -0.431228
1 238 605 -3299.16
1 238 609 -2036.21
1 239 250 -6366.79
1 239 426 -479.094
1 239 605 -3343.84
1 239 606 -2006.21
1 239 619 -656.029
1 240 380 -749.6060000000001
1 240 426 -831.1080000000001
1 240 608 -2653.25
1 241 604 -656.029
1 242 311 -5028.12
1 243 371 -8345.69
1 243 389 -767.069
1 243 422 -63.1749
1 243 431 -30.6172
1 243 605 -3280.15
1 244 431 -28.8923
1 244 605 -3968.31
1 244 621 -1312.06
1 245 322 -5648.23
1 245 337 -656.029
1 245 370 -104.194
1 245 621 -656.029
1 246 321 -2651.62
1 246 618 -1995.51
1 247 344 -719.552
1 247 383 -5869.88
1 247 384 -2318640.0
1 248 251 -20026.2
1 248 424 -2481.72
1 248 436 -1501.97
1 248 444 -2500.26
1 248 589 -3649.92
1 249 373 -673.503
1 249 389 -1409.68
1 249 424 -656.029
1 249 430 -25015.5
1 249 436 -3699.77
1 249 443 -5484.79
1 249 606 -3310.85
1 250 239 -28498.1
1 250 326 -1917.67
1 250 424 -656.029
1 250 425 -400581.0
1 250 431 -11715.6
1 250 595 -2134.59
1 251 300 -49180.6
1 251 356 -90657.1
1 251 408 -826.664
1 251 456 -882.819
1 251 457 -50.0138
1 251 594 -702.43
1 251 595 -16489.1
1 251 596 -1478.06
1 252 230 -33508.9
1 252 329 -24084.1
1 252 450 -636.45
1 252 595 -668.7510000000001
1 252 606 -687.078
1 253 331 -12716.9
1 253 332 -16783.4
1 253 416 -224.55900000000003
1 253 420 -901.698
1 253 445 -12412.9
1 254 338 -618.271
1 254 367 -27566.5
1 254 407 -101666.0
1 254 597 -673.875
1 254 607 -7664.37
1 255 381 -19448.4
1 255 383 -51928.5
1 255 388 -13130.9
1 255 395 -1658.93
1 255 420 -9370.59
1 255 439 -8033.78
1 255 443 -103693.0
1 255 595 -737.95
1 255 596 -713.426
1 255 606 -2054.93
1 255 609 -1312.06
1 256 314 -7546.49
1 256 335 -255.739
1 256 341 -313.934
1 256 370 -5.4924599999999995
1 256 413 -1745.82
1 256 586 -1968.13
1 256 593 -2624.13
1 257 324 -4904.36
1 257 413 -814.3989999999999
1 257 576 -1315.69
1 257 599 -34.7872
1 257 600 -85797.2
1 258 325 -5299.79
1 258 336 -1878.0
1 258 418 -261178.0
1 258 420 -259820.0
1 258 442 -677873.0
1 258 464 -2373.57
1 258 585 -4096.41
1 258 595 -1406.76
1 258 601 -47042.9
1 258 602 -9.60776
1 259 340 -2352.89
1 259 371 -9111.85
1 259 405 -10599.6
1 259 588 -26800.8
1 259 592 -656.029
1 259 593 -656.029
1 260 349 -1724.91
1 260 407 -3630750.0
1 260 424 -246.49
1 260 461 -1818.92
1 260 463 -33897.7
1 260 464 -30753.5
1 260 585 -5598.47
1 260 586 -13953.1
1 261 337 -1996.59
1 261 381 -264696.0
1 261 418 -739.86
1 261 429 -81.9333
1 261 464 -4638.88
1 261 492 -682.076
1 261 571 -176.804
1 261 576 -1334.24
1 262 345 -351.29
1 262 540 -196.769
1 262 564 -41617.8
1 262 568 -25304.5
1 262 570 -76419.7
1 262 571 -5097.98
1 263 471 -1729.44
1 263 477 -12636.6
1 263 520 -1356.56
1 263 574 -780.954
1 263 582 -24.7094
1 264 265 -38136.1
1 264 367 -656.029
1 264 383 -8503.82
1 264 407 -4379.12
1 264 428 -132046.0
1 264 468 -87.6083
1 264 471 -8067.85
1 264 476 -882.7239999999999
1 264 477 -18765.9
1 264 523 -2163.95
1 264 524 -567.4780000000001
1 264 549 -4364.46
1 265 364 -18620.4
1 265 374 -6308.87
1 265 380 -281.032
1 265 422 -275433.0
1 265 523 -2501.55
1 266 337 -656.029
1 266 340 -143.326
1 266 462 -62.1917
1 267 391 -13799.3
1 267 463 -176.804
1 267 555 -656.029
1 267 556 -656.029
1 268 333 -4789.02
1 268 334 -2107.74
1 268 436 -2445270.0
1 268 455 -13.7993
1 268 479 -477.06800000000004
1 268 480 -324.54200000000003
1 268 489 -668.966
1 269 363 -661.696
1 269 397 -32879.2
1 269 456 -8741.43
1 269 483 -40.4917
1 269 541 -656.029
1 270 412 -441691.0
1 270 417 -223863.0
1 270 429 -0.373444
1 270 481 -695.056
1 270 483 -1140.13
1 270 484 -991.74
1 270 486 -90.5579
1 270 498 -67273.0
1 270 539 -166.454
1 271 319 -50367.4
1 271 371 -930.59
1 271 415 -82202.9
1 271 451 -461.98800000000006
1 271 485 -119.191
1 271 498 -5624.94
1 271 537 -8477.68
1 272 336 -13838.1
1 272 337 -30.186
1 272 366 -370.86300000000006
1 272 368 -312757.0
1 272 388 -968584.0
1 272 451 -17686.4
1 272 453 -308.762
1 272 462 -1031410.0
1 272 490 -20.142
1 272 491 -8.02084
1 272 498 -319.971
1 272 530 -110289.0
1 272 532 -147191.0
1 272 535 -14009.9
1 273 392 -409.667
1 273 480 -8298.88
1 273 510 -656.029
1 273 516 -23407.1
1 273 517 -6735.78
1 273 518 -272.407
1 274 409 -4.31228
1 274 520 -42243.1
1 274 523 -299.29900000000004
1 275 367 -320.377
1 275 441 -125820.0
1 275 506 -37.2555
1 276 366 -1172.94
1 276 392 -2107.76
1 276 446 -834.8580000000001
1 276 474 -28357.6
1 277 294 -34558.6
1 277 390 -9461.73
1 277 407 -1631450.0
1 277 431 -77.6211
1 277 454 -34.4983
1 277 468 -125.478
1 277 472 -18218.6
1 277 480 -55024.7
1 278 365 -17985.7
1 278 435 -6360.62
1 278 482 -3359.7
1 279 310 -22337.6
1 279 433 -46857.3
1 279 438 -37873.6
1 279 475 -67254.3
1 279 485 -20758.4
1 280 365 -181.266
1 280 433 -73692.6
1 280 442 -3018.6
1 280 469 -33910.3
1 280 471 -77476.2
1 281 458 -2119260.0
1 282 409 -5196.3
1 282 424 -570.515
1 282 430 -68.3497
1 282 436 -50643.4
1 282 454 -2958.23
1 282 457 -11091.2
1 283 354 -1861.84
1 283 429 -319588.0
1 283 449 -29688.8
1 283 452 -43636.0
1 283 455 -34071.3
1 283 468 -2682.65
1 284 339 -58323.6
1 284 457 -2771.07
1 284 463 -247046.0
1 284 481 -3268.71
1 285 336 -13912.9
1 285 374 -1996.59
1 285 467 -207973.0
1 285 475 -73058.7
1 286 330 -51122.1
1 286 425 -387944.0
1 286 475 -32807.8
1 286 477 -68699.0
1 287 426 -656.029
1 287 477 -34644.9
1 288 372 -195.34599999999998
1 288 419 -10945.5
1 288 423 -911.6160000000001
1 288 426 -656.029
1 289 404 -159624.0
1 289 459 -90.5579
1 290 382 -127076.0
1 290 402 -54.3347
1 290 411 -2794.14
1 290 412 -23169.2
1 290 413 -49.0737
1 290 420 -250.975
1 291 350 -1160.0
1 291 373 -819.765
1 291 399 -45536.4
1 291 419 -1150300.0
1 292 365 -10780.7
1 292 469 -14066.7
1 293 440 -50.2227
1 294 435 -1185.88
1 294 447 -57668.1
1 295 391 -464.86400000000003
1 295 430 -1136290.0
1 296 388 -784.2489999999999
1 296 398 -572399.0
1 296 406 -3968.59
1 296 433 -137.70600000000002
1 297 381 -8600.99
1 297 383 -630.024
1 297 395 -51.7474
1 297 401 -41842.1
1 297 402 -23941.8
1 297 415 -53054.0
1 297 442 -23294.9
1 298 390 -1683.26
1 299 355 -63.2323
1 299 387 -380.25699999999995
1 102 110 -656.029
1 102 113 -656.029
1 103 100 -656.029
1 103 104 -656.029
1 104 115 -656.029
1 105 115 -656.029
1 105 139 -656.029
1 108 117 -656.029
1 109 112 -656.029
1 111 155 -656.029
1 111 208 -656.029
1 112 181 -656.029
1 113 111 -656.029
1 113 159 -656.029
1 113 211 -656.029
1 114 173 -656.029
1 114 212 -1312.06
1 115 212 -1312.06
1 116 121 -656.029
1 116 150 -656.029
1 116 166 -656.029
1 117 119 -656.029
1 117 168 -656.029
1 117 210 -656.029
1 119 194 -656.029
1 119 202 -656.029
1 119 96 -656.029
1 120 155 -656.029
1 120 94 -656.029
1 121 187 -656.029
1 123 110 -656.029
1 123 111 -656.029
1 123 158 -656.029
1 123 168 -656.029
1 123 193 -656.029
1 123 202 -1312.06
1 125 150 -656.029
1 125 151 -656.029
1 125 193 -656.029
1 125 194 -656.029
1 126 121 -656.029
1 126 191 -656.029
1 126 195 -656.029
1 127 150 -656.029
1 127 160 -656.029
1 127 169 -656.029
1 127 195 -656.029
1 127 199 -1312.06
1 128 122 -656.029
1 128 148 -656.029
1 128 149 -656.029
1 128 152 -656.029
1 128 153 -656.029
1 128 154 -656.029
1 128 157 -656.029
1 128 199 -656.029
1 129 117 -656.029
1 129 119 -656.029
1 129 122 -656.029
1 129 146 -656.029
1 129 154 -1312.06
1 129 162 -656.029
1 129 176 -656.029
1 130 120 -656.029
1 130 154 -656.029
1 130 155 -656.029
1 130 156 -1968.09
1 130 194 -656.029
1 131 112 -656.029
1 131 121 -656.029
1 131 122 -656.029
1 131 150 -656.029
1 131 156 -656.029
1 131 157 -656.029
1 131 158 -656.029
1 131 161 -1312.06
1 131 198 -656.029
1 132 112 -656.029
1 132 155 -656.029
1 132 156 -656.029
1 132 160 -656.029
1 132 161 -1312.06
1 133 155 -656.029
1 133 159 -656.029
1 133 160 -1312.06
1 133 192 -1312.06
1 133 193 -656.029
1 134 148 -656.029
1 134 150 -656.029
1 134 151 -656.029
1 134 156 -656.029
1 134 191 -656.029
1 134 193 -2624.12
1 135 148 -3280.15
1 135 149 -1312.06
1 135 156 -656.029
1 135 157 -656.029
1 135 193 -1968.09
1 136 147 -656.029
1 136 148 -656.029
1 136 149 -656.029
1 136 150 -1312.06
1 136 153 -656.029
1 136 155 -656.029
1 137 148 -656.029
1 137 150 -656.029
1 137 153 -1312.06
1 137 154 -656.029
1 137 157 -1968.09
1 137 175 -656.029
1 137 206 -656.029
1 138 151 -656.029
1 138 152 -656.029
1 138 153 -1968.09
1 138 168 -656.029
1 138 169 -656.029
1 139 151 -656.029
1 140 138 -656.029
1 140 155 -2624.12
1 140 156 -656.029
1 140 171 -656.029
1 140 180 -656.029
1 141 149 -656.029
1 141 154 -1312.06
1 141 157 -656.029
1 141 171 -656.029
1 141 199 -1312.06
1 142 155 -656.029
1 142 156 -656.029
1 142 157 -656.029
1 142 158 -656.029
1 142 174 -656.029
1 142 179 -656.029
1 142 201 -656.029
1 143 146 -656.029
1 143 157 -1968.09
1 144 142 -1312.06
1 144 173 -656.029
1 145 142 -656.029
1 145 143 -656.029
1 145 151 -656.029
1 145 187 -656.029
1 145 226 -656.029
1 146 140 -656.029
1 146 141 -1312.06
1 146 145 -656.029
1 146 208 -656.029
1 146 229 -656.029
1 146 230 -656.029
1 146 232 -656.029
1 147 139 -1968.09
1 147 140 -656.029
1 147 141 -656.029
1 147 142 -656.029
1 147 229 -656.029
1 147 230 -656.029
1 147 233 -656.029
1 147 239 -656.029
1 147 240 -656.029
1 148 217 -656.029
1 148 221 -656.029
1 149 127 -656.029
1 149 147 -656.029
1 149 154 -656.029
1 149 222 -656.029
1 149 253 -656.029
1 150 160 -656.029
1 150 164 -656.029
1 150 177 -656.029
1 150 227 -656.029
1 150 236 -656.029
1 151 128 -656.029
1 151 228 -656.029
1 152 153 -656.029
1 152 173 -656.029
1 152 176 -656.029
1 152 222 -656.029
1 152 228 -656.029
1 153 126 -656.029
1 153 136 -656.029
1 153 155 -656.029
1 153 232 -656.029
1 153 238 -656.029
1 153 253 -656.029
1 154 126 -656.029
1 154 133 -656.029
1 154 161 -656.029
1 154 172 -656.029
1 154 220 -656.029
1 154 244 -656.029
1 155 170 -1312.06
1 155 216 -656.029
1 155 262 -656.029
1 156 160 -656.029
1 156 211 -656.029
1 156 223 -656.029
1 157 132 -656.029
1 157 133 -656.029
1 157 134 -1968.09
1 157 136 -656.029
1 157 194 -656.029
1 157 207 -656.029
1 157 240 -656.029
1 158 135 -656.029
1 158 248 -656.029
1 159 152 -656.029
1 159 231 -656.029
1 159 240 -656.029
1 159 247 -656.029
1 159 248 -656.029
1 159 250 -656.029
1 159 251 -656.029
1 159 257 -656.029
1 160 133 -656.029
1 160 249 -1312.06
1 160 251 -1312.06
1 160 252 -656.029
1 160 253 -656.029
1 160 262 -656.029
1 161 144 -1312.06
1 161 251 -656.029
1 161 253 -656.029
1 162 137 -1312.06
1 162 252 -1312.06
1 162 253 -656.029
1 163 152 -656.029
1 163 190 -656.029
1 163 236 -656.029
1 164 278 -656.029
1 164 290 -656.029
1 164 299 -656.029
1 165 133 -1312.06
1 165 134 -1312.06
1 165 135 -656.029
1 165 290 -656.029
1 166 131 -656.029
1 166 132 -656.029
1 166 133 -1312.06
1 166 134 -656.029
1 166 135 -656.029
1 166 210 -656.029
1 166 254 -656.029
1 166 255 -656.029
1 167 127 -656.029
1 167 132 -1312.06
1 167 133 -1312.06
1 167 134 -1968.09
1 167 256 -656.029
1 167 288 -656.029
1 167 294 -656.029
1 168 130 -656.029
1 168 131 -656.029
1 168 132 -2624.12
1 168 133 -2624.12
1 168 286 -656.029
1 168 287 -1312.06
1 168 291 -1312.06
1 169 128 -1312.06
1 169 129 -2624.12
1 169 131 -656.029
1 169 132 -3280.15
1 169 133 -1968.09
1 169 134 -5904.26
1 169 135 -656.029
1 169 236 -656.029
1 169 260 -656.029
1 169 271 -656.029
1 169 287 -656.029
1 169 290 -656.029
1 170 133 -1968.09
1 170 134 -7872.35
1 170 136 -656.029
1 170 187 -656.029
1 170 256 -656.029
1 170 287 -656.029
1 170 292 -656.029
1 171 133 -1312.06
1 171 134 -656.029
1 171 136 -3280.15
1 171 290 -656.029
1 172 257 -656.029
1 172 284 -656.029
1 172 295 -1312.06
1 172 311 -656.029
1 173 258 -656.029
1 173 278 -656.029
1 173 290 -656.029
1 173 292 -656.029
1 173 293 -1312.06
1 173 294 -656.029
1 174 124 -656.029
1 174 253 -656.029
1 174 261 -656.029
1 174 270 -656.029
1 174 283 -656.029
1 174 289 -656.029
1 174 293 -656.029
1 175 260 -656.029
1 175 288 -656.029
1 175 292 -1312.06
1 175 293 -656.029
1 175 296 -656.029
1 175 305 -656.029
1 176 274 -656.029
1 176 305 -656.029
1 177 289 -656.029
1 177 290 -656.029
1 178 243 -656.029
1 178 280 -656.029
1 178 285 -656.029
1 178 302 -656.029
1 178 305 -656.029
1 178 306 -656.029
1 178 311 -656.029
1 179 278 -656.029
1 179 285 -656.029
1 180 149 -656.029
1 180 286 -656.029
1 181 297 -656.029
1 181 307 -656.029
1 181 308 -656.029
1 183 242 -656.029
1 183 285 -656.029
1 183 295 -656.029
1 183 308 -656.029
1 183 309 -656.029
1 183 318 -656.029
1 184 263 -656.029
1 184 285 -656.029
1 184 313 -656.029
1 184 319 -656.029
1 185 257 -656.029
1 185 305 -656.029
1 185 306 -656.029
1 185 307 -656.029
1 185 315 -656.029
1 186 255 -656.029
1 186 265 -656.029
1 186 307 -1312.06
1 186 310 -656.029
1 188 262 -656.029
1 188 294 -656.029
1 188 295 -656.029
1 189 295 -656.029
1 189 309 -656.029
1 190 307 -656.029
1 190 308 -656.029
1 190 324 -656.029
1 191 292 -1312.06
1 191 304 -656.029
1 191 305 -656.029
1 192 258 -656.029
1 192 284 -656.029
1 192 304 -656.029
1 192 316 -656.029
1 192 319 -656.029
1 193 262 -656.029
1 193 301 -656.029
1 193 311 -656.029
1 193 313 -1312.06
1 194 284 -656.029
1 194 313 -656.029
1 195 269 -656.029
1 195 287 -656.029
1 195 289 -656.029
1 195 300 -656.029
1 195 311 -656.029
1 195 313 -656.029
1 196 269 -656.029
1 196 275 -656.029
1 196 303 -656.029
1 196 324 -656.029
1 196 333 -656.029
1 197 264 -656.029
1 197 283 -656.029
1 197 300 -656.029
1 197 322 -656.029
1 197 325 -656.029
1 198 242 -656.029
1 198 276 -1312.06
1 198 309 -656.029
1 198 311 -656.029
1 199 283 -656.029
1 199 311 -656.029
1 199 324 -656.029
1 200 280 -656.029
1 200 286 -656.029
1 200 296 -656.029
1 200 299 -656.029
1 200 306 -656.029
1 200 307 -656.029
1 200 312 -656.029
1 200 343 -656.029
1 200 345 -656.029
1 201 257 -656.029
1 202 280 -656.029
1 202 287 -656.029
1 202 297 -656.029
1 202 301 -656.029
1 202 302 -656.029
1 203 215 -656.029
1 203 304 -656.029
1 203 305 -656.029
1 203 309 -656.029
1 203 315 -656.029
1 205 263 -656.029
1 205 303 -656.029
1 205 304 -656.029
1 205 317 -656.029
1 205 318 -656.029
1 205 319 -656.029
1 206 264 -656.029
1 206 270 -656.029
1 206 301 -656.029
1 206 304 -656.029
1 206 315 -656.029
1 206 317 -1312.06
1 207 262 -656.029
1 207 300 -656.029
1 207 301 -1312.06
1 207 303 -656.029
1 207 304 -656.029
1 207 306 -1312.06
1 207 315 -656.029
1 207 317 -656.029
1 208 298 -1312.06
1 208 299 -1312.06
1 208 306 -656.029
1 208 317 -656.029
1 208 328 -656.029
1 209 284 -656.029
1 209 297 -656.029
1 209 302 -656.029
1 210 284 -656.029
1 210 301 -656.029
1 210 302 -656.029
1 210 342 -656.029
1 211 301 -656.029
1 211 321 -656.029
1 212 295 -656.029
1 212 347 -656.029
1 213 226 -656.029
1 213 287 -656.029
1 213 303 -656.029
1 213 329 -656.029
1 214 319 -656.029
1 215 289 -656.029
1 215 311 -656.029
1 215 353 -656.029
1 216 323 -656.029
1 216 341 -656.029
1 217 244 -656.029
1 217 249 -656.029
1 217 351 -656.029
1 218 209 -656.029
1 218 243 -656.029
1 218 292 -656.029
1 218 345 -1312.06
1 221 240 -656.029
1 221 611 -656.029
1 222 254 -656.029
1 222 362 -656.029
1 224 338 -656.029
1 224 359 -656.029
1 225 323 -656.029
1 225 329 -656.029
1 225 332 -656.029
1 225 368 -656.029
1 225 373 -656.029
1 225 378 -656.029
1 225 382 -1312.06
1 226 323 -656.029
1 226 388 -1312.06
1 226 618 -656.029
1 227 315 -656.029
1 228 606 -656.029
1 229 385 -1312.06
1 229 392 -656.029
1 229 393 -656.029
1 229 397 -2624.12
1 229 618 -3280.15
1 230 338 -656.029
1 230 373 -1312.06
1 230 384 -656.029
1 230 392 -1312.06
1 230 393 -2624.12
1 230 396 -656.029
1 230 605 -656.029
1 231 343 -656.029
1 231 383 -656.029
1 231 392 -3280.15
1 231 393 -7216.32
1 231 398 -656.029
1 231 603 -656.029
1 231 607 -1312.06
1 232 259 -656.029
1 232 300 -656.029
1 232 384 -656.029
1 232 389 -656.029
1 232 393 -3936.18
1 232 394 -2624.12
1 232 405 -656.029
1 232 604 -1312.06
1 232 606 -1312.06
1 232 607 -1968.09
1 232 608 -656.029
1 233 373 -656.029
1 233 393 -656.029
1 233 403 -656.029
1 233 406 -2624.12
1 233 601 -1312.06
1 233 602 -656.029
1 234 374 -656.029
1 234 388 -656.029
1 234 389 -656.029
1 234 406 -1968.09
1 234 407 -1312.06
1 234 601 -656.029
1 234 602 -1312.06
1 234 603 -1968.09
1 234 604 -656.029
1 234 605 -1312.06
1 234 606 -656.029
1 234 609 -656.029
1 234 620 -656.029
1 234 621 -656.029
1 235 342 -656.029
1 235 368 -656.029
1 235 389 -656.029
1 235 392 -656.029
1 235 404 -656.029
1 235 406 -656.029
1 235 599 -656.029
1 235 600 -1312.06
1 235 602 -1968.09
1 235 603 -656.029
1 235 606 -656.029
1 235 608 -656.029
1 236 256 -656.029
1 236 359 -656.029
1 236 377 -1312.06
1 236 378 -656.029
1 236 389 -1312.06
1 236 600 -656.029
1 236 601 -656.029
1 236 602 -1312.06
1 236 605 -656.029
1 236 606 -656.029
1 236 607 -656.029
1 236 620 -656.029
1 237 330 -656.029
1 237 377 -656.029
1 237 384 -656.029
1 237 388 -656.029
1 237 605 -1312.06
1 237 606 -1968.09
1 237 607 -1312.06
1 237 608 -3280.15
1 237 609 -1968.09
1 237 620 -656.029
1 238 346 -656.029
1 238 391 -656.029
1 238 410 -656.029
1 238 602 -656.029
1 238 603 -656.029
1 238 606 -3280.15
1 238 607 -3936.18
1 238 608 -2624.12
1 238 610 -656.029
1 239 297 -656.029
1 239 323 -656.029
1 239 404 -656.029
1 239 601 -656.029
1 239 603 -656.029
1 239 607 -1312.06
1 239 608 -2624.12
1 239 609 -1968.09
1 239 610 -1312.06
1 239 615 -1312.06
1 240 267 -656.029
1 240 319 -656.029
1 240 327 -668.1560000000001
1 240 352 -656.029
1 240 374 -1312.06
1 240 392 -1312.06
1 240 396 -656.029
1 240 406 -656.029
1 240 603 -656.029
1 240 605 -1968.09
1 240 606 -2624.12
1 240 607 -1312.06
1 240 620 -1312.06
1 240 621 -656.029
1 241 339 -656.029
1 241 352 -656.029
1 241 370 -1312.06
1 241 375 -656.029
1 241 409 -656.029
1 241 577 -656.029
1 241 603 -1312.06
1 241 605 -1968.09
1 241 606 -1312.06
1 241 607 -1312.06
1 241 608 -1312.06
1 241 609 -3280.15
1 241 610 -656.029
1 241 611 -656.029
1 241 620 -656.029
1 241 621 -656.029
1 242 314 -656.029
1 242 318 -656.029
1 242 336 -656.029
1 242 338 -656.029
1 242 339 -656.029
1 242 373 -1968.09
1 242 374 -3936.18
1 242 406 -1312.06
1 242 603 -1312.06
1 242 604 -4592.21
1 242 605 -5904.26
1 242 606 -1968.09
1 242 607 -3280.15
1 242 608 -3280.15
1 242 609 -1968.09
1 242 610 -1968.09
1 242 616 -656.029
1 242 622 -656.029
1 242 623 -1968.09
1 243 366 -656.029
1 243 369 -656.029
1 243 372 -1312.06
1 243 373 -5248.23
1 243 374 -1968.09
1 243 386 -656.029
1 243 391 -656.029
1 243 405 -656.029
1 243 406 -656.029
1 243 407 -1312.06
1 243 409 -656.029
1 243 577 -656.029
1 243 606 -4592.21
1 243 607 -3280.15
1 243 608 -1312.06
1 243 609 -3936.18
1 243 620 -656.029
1 243 622 -1312.06
1 243 623 -5248.23
1 244 371 -656.029
1 244 372 -1312.06
1 244 373 -1968.09
1 244 415 -656.029
1 244 598 -656.029
1 244 606 -2628.34
1 244 607 -656.029
1 244 611 -656.029
1 244 616 -656.029
1 244 622 -656.029
1 244 623 -2624.12
1 244 624 -656.029
1 245 312 -656.029
1 245 315 -656.029
1 245 326 -656.029
1 245 335 -656.029
1 245 338 -656.029
1 245 356 -1312.06
1 245 371 -656.029
1 245 413 -656.029
1 245 586 -656.029
1 245 604 -656.029
1 245 605 -1968.09
1 245 606 -3280.15
1 245 607 -2624.12
1 245 609 -3280.15
1 245 610 -1312.06
1 245 612 -1312.06
1 245 616 -1312.06
1 245 619 -656.029
1 245 620 -1312.06
1 245 622 -656.029
1 246 214 -656.029
1 246 342 -656.029
1 246 356 -656.029
1 246 357 -656.029
1 246 374 -656.029
1 246 413 -656.029
1 246 590 -656.029
1 246 599 -656.029
1 246 600 -3936.18
1 246 605 -2624.12
1 246 606 -4592.21
1 246 607 -2624.12
1 246 610 -656.029
1 246 612 -1312.06
1 246 614 -656.029
1 246 615 -656.029
1 246 623 -656.029
1 247 314 -656.029
1 247 331 -656.029
1 247 367 -1312.06
1 247 368 -3280.15
1 247 387 -1312.06
1 247 413 -656.029
1 247 578 -656.029
1 247 597 -656.029
1 247 598 -4592.21
1 247 599 -3936.18
1 247 600 -6560.29
1 247 601 -6560.29
1 247 605 -1312.06
1 247 609 -1312.06
1 247 610 -1312.06
1 247 611 -2624.12
1 247 612 -2624.12
1 247 613 -1312.06
1 247 618 -1312.06
1 247 619 -656.029
1 247 623 -656.029
1 248 307 -656.029
1 248 367 -656.029
1 248 368 -2624.12
1 248 371 -1312.06
1 248 372 -3280.15
1 248 387 -1312.06
1 248 388 -3936.18
1 248 413 -656.029
1 248 416 -656.029
1 248 529 -656.029
1 248 567 -656.029
1 248 596 -4592.21
1 248 597 -3280.15
1 248 598 -6560.29
1 248 599 -3936.18
1 248 600 -2624.12
1 248 601 -3936.18
1 248 602 -1968.09
1 248 605 -656.029
1 248 608 -656.029
1 248 609 -1312.06
1 248 610 -1968.09
1 248 611 -3936.18
1 248 612 -3936.18
1 248 613 -4592.21
1 248 618 -656.029
1 248 619 -656.029
1 248 620 -656.029
1 248 623 -1312.06
1 249 333 -656.029
1 249 334 -656.029
1 249 365 -1312.06
1 249 366 -1968.09
1 249 367 -656.029
1 249 368 -1968.09
1 249 371 -656.029
1 249 387 -656.029
1 249 388 -656.029
1 249 400 -656.029
1 249 412 -656.029
1 249 567 -656.029
1 249 593 -1312.06
1 249 595 -3936.18
1 249 596 -4592.21
1 249 597 -7216.32
1 249 603 -1968.09
1 249 604 -5248.23
1 249 605 -3280.15
1 249 607 -2624.12
1 249 609 -656.029
1 249 610 -1312.06
1 249 611 -3280.15
1 249 612 -5904.26
1 249 613 -1312.06
1 249 618 -656.029
1 249 623 -656.029
1 250 331 -707.7769999999999
1 250 355 -656.029
1 250 365 -1312.06
1 250 366 -3280.15
1 250 367 -1968.09
1 250 368 -656.029
1 250 369 -1312.06
1 250 370 -1312.06
1 250 371 -3949.67
1 250 382 -656.029
1 250 406 -656.029
1 250 413 -656.029
1 250 414 -656.029
1 250 423 -656.029
1 250 436 -656.029
1 250 568 -656.029
1 250 579 -656.029
1 250 591 -656.029
1 250 594 -656.029
1 250 596 -5248.23
1 250 597 -1312.06
1 250 602 -656.029
1 250 603 -4592.21
1 250 604 -3936.18
1 250 605 -2624.12
1 250 607 -656.029
1 250 608 -1968.09
1 250 609 -656.029
1 250 610 -656.029
1 250 613 -656.029
1 251 276 -656.029
1 251 322 -656.029
1 251 365 -1968.09
1 251 366 -5904.26
1 251 367 -1312.06
1 251 368 -1312.06
1 251 371 -656.029
1 251 379 -656.029
1 251 407 -656.029
1 251 414 -656.029
1 251 424 -656.029
1 251 598 -656.029
1 251 604 -656.029
1 251 605 -656.029
1 251 607 -656.029
1 251 610 -656.029
1 252 236 -656.029
1 252 365 -1968.09
1 252 366 -4592.21
1 252 367 -4592.21
1 252 368 -1312.06
1 252 376 -656.029
1 252 412 -656.029
1 252 416 -656.029
1 252 428 -656.029
1 252 506 -656.029
1 252 507 -656.029
1 252 528 -656.029
1 252 534 -656.029
1 252 544 -656.029
1 252 576 -656.029
1 252 591 -1312.06
1 252 596 -1367.27
1 252 597 -1312.06
1 252 598 -656.029
1 252 599 -1312.06
1 252 608 -1312.06
1 252 609 -656.029
1 252 611 -656.029
1 252 620 -656.029
1 253 259 -656.029
1 253 342 -656.029
1 253 363 -656.029
1 253 365 -1312.06
1 253 366 -3936.18
1 253 367 -2624.12
1 253 370 -656.029
1 253 375 -1312.06
1 253 404 -656.029
1 253 433 -1312.06
1 253 506 -656.029
1 253 543 -656.029
1 253 546 -656.029
1 253 547 -656.029
1 253 566 -656.029
1 253 586 -1312.06
1 253 596 -656.029
1 253 597 -2624.12
1 253 601 -656.029
1 253 604 -656.029
1 253 605 -656.029
1 253 614 -1968.09
1 254 366 -1312.06
1 254 478 -656.029
1 254 581 -656.029
1 254 584 -656.029
1 254 585 -3936.18
1 254 586 -3280.15
1 254 587 -1968.09
1 254 588 -1968.09
1 254 589 -2624.12
1 254 598 -656.029
1 254 599 -656.029
1 254 601 -1312.06
1 254 604 -1312.06
1 254 605 -656.029
1 254 606 -656.029
1 254 611 -656.029
1 255 341 -656.029
1 255 346 -656.029
1 255 371 -656.029
1 255 402 -656.029
1 255 442 -656.029
1 255 445 -656.029
1 255 461 -656.029
1 255 479 -656.029
1 255 512 -656.029
1 255 513 -656.029
1 255 526 -656.029
1 255 547 -656.029
1 255 548 -656.029
1 255 565 -656.029
1 255 583 -1968.09
1 255 584 -2624.12
1 255 585 -2624.12
1 255 586 -2624.12
1 255 587 -1312.06
1 255 588 -656.029
1 255 591 -656.029
1 255 594 -656.029
1 255 597 -656.029
1 255 600 -1312.06
1 255 607 -656.029
1 256 346 -656.029
1 256 350 -656.029
1 256 367 -656.029
1 256 373 -656.029
1 256 374 -656.029
1 256 491 -656.029
1 256 526 -656.029
1 256 531 -1968.09
1 256 532 -656.029
1 256 547 -656.029
1 256 548 -1312.06
1 256 549 -656.029
1 256 575 -656.029
1 256 578 -1312.06
1 256 580 -656.029
1 256 584 -1968.09
1 256 585 -1312.06
1 256 592 -1312.06
1 256 594 -4592.92
1 256 595 -2624.12
1 256 607 -2624.12
1 256 608 -1312.06
1 256 609 -656.029
1 257 330 -656.029
1 257 461 -656.029
1 257 497 -656.029
1 257 503 -656.029
1 257 506 -656.029
1 257 512 -656.029
1 257 527 -1968.09
1 257 529 -656.029
1 257 532 -656.029
1 257 549 -656.029
1 257 574 -656.029
1 257 575 -1968.09
1 257 584 -1968.09
1 257 585 -1968.09
1 257 593 -1312.06
1 257 594 -5248.23
1 257 595 -2624.12
1 257 597 -1312.06
1 257 606 -4592.21
1 257 607 -656.029
1 258 307 -656.029
1 258 330 -656.029
1 258 366 -656.029
1 258 485 -1312.06
1 258 489 -1312.06
1 258 491 -656.029
1 258 493 -656.029
1 258 494 -656.029
1 258 496 -656.029
1 258 497 -656.029
1 258 498 -1968.09
1 258 499 -1312.06
1 258 502 -656.029
1 258 503 -656.029
1 258 529 -1312.06
1 258 531 -656.029
1 258 532 -656.029
1 258 533 -1312.06
1 258 535 -656.029
1 258 546 -656.029
1 258 550 -656.029
1 258 556 -1312.06
1 258 564 -656.029
1 258 576 -656.029
1 258 583 -656.029
1 258 584 -1968.09
1 258 586 -1968.09
1 258 594 -1968.09
1 258 606 -3280.15
1 258 607 -656.029
1 259 346 -656.029
1 259 369 -1312.06
1 259 402 -656.029
1 259 444 -656.029
1 259 456 -656.029
1 259 485 -656.029
1 259 486 -656.029
1 259 488 -656.029
1 259 489 -656.029
1 259 490 -1312.06
1 259 509 -1312.06
1 259 510 -656.029
1 259 522 -656.029
1 259 528 -656.029
1 259 529 -656.029
1 259 531 -656.029
1 259 532 -656.029
1 259 545 -656.029
1 259 549 -656.029
1 259 554 -1312.06
1 259 555 -1312.06
1 259 556 -1968.09
1 259 557 -1968.09
1 259 575 -2624.12
1 259 576 -656.029
1 259 579 -656.029
1 259 584 -656.029
1 259 585 -2624.12
1 259 586 -1312.06
1 260 369 -1312.06
1 260 404 -1312.06
1 260 443 -656.029
1 260 454 -656.029
1 260 485 -656.029
1 260 486 -1312.06
1 260 487 -656.029
1 260 492 -656.029
1 260 499 -656.029
1 260 502 -1312.06
1 260 517 -656.029
1 260 527 -656.029
1 260 545 -1968.09
1 260 548 -656.029
1 260 554 -656.029
1 260 556 -656.029
1 260 567 -656.029
1 260 576 -656.029
1 260 577 -656.029
1 261 397 -656.029
1 261 404 -656.029
1 261 444 -656.029
1 261 483 -656.029
1 261 487 -656.029
1 261 501 -656.029
1 261 502 -656.029
1 261 545 -656.029
1 261 551 -656.029
1 261 552 -656.029
1 261 565 -656.029
1 262 254 -656.029
1 262 353 -1312.06
1 262 369 -656.029
1 262 425 -656.029
1 262 443 -656.029
1 262 458 -656.029
1 262 483 -1312.06
1 262 493 -656.029
1 262 501 -656.029
1 262 502 -656.029
1 262 523 -656.029
1 262 524 -656.029
1 262 535 -656.029
1 262 536 -656.029
1 262 537 -656.029
1 262 542 -656.029
1 262 546 -656.029
1 262 584 -656.029
1 262 587 -656.029
1 263 355 -656.029
1 263 415 -656.029
1 263 484 -656.029
1 263 493 -656.029
1 263 509 -656.029
1 263 522 -656.029
1 263 523 -1312.06
1 263 524 -1312.06
1 263 541 -1312.06
1 263 542 -656.029
1 263 543 -656.029
1 263 546 -1312.06
1 263 576 -656.029
1 263 579 -656.029
1 263 581 -2624.12
1 264 369 -656.029
1 264 379 -656.029
1 264 481 -656.029
1 264 482 -656.029
1 264 493 -656.029
1 264 503 -656.029
1 264 504 -656.029
1 264 516 -656.029
1 264 521 -1968.09
1 264 527 -656.029
1 264 543 -2624.12
1 264 568 -656.029
1 264 575 -656.029
1 264 576 -1312.06
1 265 336 -656.029
1 265 367 -1312.06
1 265 457 -656.029
1 265 459 -656.029
1 265 511 -656.029
1 265 516 -656.029
1 265 520 -656.029
1 265 524 -658.013
1 265 568 -1312.06
1 266 314 -656.029
1 266 413 -656.029
1 266 456 -656.029
1 266 478 -656.029
1 266 481 -656.029
1 266 483 -656.029
1 266 484 -656.029
1 266 485 -656.029
1 266 492 -656.029
1 266 498 -656.029
1 266 505 -656.029
1 266 518 -656.029
1 266 523 -656.029
1 266 543 -656.029
1 266 545 -656.029
1 266 549 -656.029
1 266 555 -656.029
1 267 337 -656.029
1 267 365 -656.029
1 267 381 -656.029
1 267 459 -656.029
1 267 460 -1312.06
1 267 505 -656.029
1 267 507 -656.029
1 267 543 -656.029
1 267 544 -1312.06
1 267 549 -656.029
1 267 553 -1968.09
1 267 562 -656.029
1 268 507 -1312.06
1 268 540 -656.029
1 268 541 -656.029
1 268 542 -1312.06
1 268 543 -2624.12
1 268 544 -1312.06
1 268 549 -656.029
1 268 551 -656.029
1 268 552 -656.029
1 268 553 -656.029
1 269 362 -656.029
1 269 505 -1312.06
1 269 507 -656.029
1 269 528 -656.029
1 269 543 -656.029
1 269 547 -1312.06
1 270 474 -656.029
1 270 475 -1312.06
1 270 479 -656.029
1 270 491 -656.029
1 270 504 -656.029
1 270 507 -656.029
1 270 526 -656.029
1 271 375 -656.029
1 271 388 -656.029
1 271 479 -656.029
1 271 481 -656.029
1 271 487 -656.029
1 271 491 -656.029
1 271 526 -656.029
1 272 469 -656.029
1 272 493 -656.029
1 272 495 -1312.06
1 272 496 -656.029
1 272 502 -656.029
1 272 526 -1968.09
1 273 441 -656.029
1 273 462 -656.029
1 273 526 -656.029
1 275 463 -656.029
1 275 480 -656.029
1 275 502 -656.029
1 275 504 -656.029
1 276 502 -656.029
1 277 393 -656.029
1 279 459 -656.029
1 280 563 -656.029
1 282 434 -656.029
1 282 435 -656.029
1 283 461 -656.029
1 283 482 -656.029
1 283 483 -656.029
1 285 437 -656.029
1 285 482 -656.029
1 285 483 -656.029
1 286 377 -656.029
1 286 464 -656.029
1 288 469 -656.029
1 289 362 -656.029
1 289 443 -656.029
1 292 358 -656.029
1 293 390 -1968.09
1 293 391 -656.029
1 296 390 -656.029
1 301 359 -656.029
1 301 378 -656.029
1 85 106 -656.029
1 92 112 -1312.06
1 93 117 -656.029
1 97 89 -656.029
1 98 101 -656.029
1 99 126 -656.029
1 99 136 -656.029
1 147 119 -5199.1
1 150 114 -24595.9
1 153 113 -18091.5
1 156 158 -23571.1
1 157 160 -11821.8
1 167 186 -6857.19
1 170 169 -33723.9
1 197 280 -15255.8
1 210 300 -535.366
1 234 285 -2020.62
1 244 234 -43708.6
1 259 541 -16.1711
1 265 469 -65.1586
1 267 479 -1547.33
1 271 361 -1225.7
1 272 454 -57.0087
1 291 453 -370.856
1 299 360 -900.7080000000001
1 109 116 -15572.2
1 131 118 -459.909
1 132 183 -5346.64
1 137 123 -10174.6
1 140 173 -26617.2
1 141 124 -9779.92
1 142 121 -6119.48
1 152 130 -4950.3
1 155 192 -20159.2
1 157 117 -17838.6
1 157 190 -140.657
1 169 164 -135228.0
1 195 280 -5620.65
1 203 296 -11.1008
1 214 174 -7926.79
1 218 173 -74619.1
1 226 358 -2666.71
1 247 335 -4.21548
1 262 350 -2897.44
1 267 346 -48598.9
1 271 470 -1900.42
1 274 431 -1101710.0
1 293 378 -152.093
1 299 335 -91335.5
1 143 152 -12296.6
1 144 130 -4032.77
1 152 177 -23783.8
1 152 183 -10965.9
1 153 185 -7639.86
1 153 212 -62403.2
1 155 180 -32678.4
1 155 187 -42292.5
1 161 161 -9192.74
1 162 171 -51146.5
1 164 159 -19768.1
1 174 182 -27376.8
1 175 178 -23.8877
1 221 294 -11635.9
1 222 266 -84309.7
1 225 248 -3110.48
1 226 361 -40033.0
1 235 317 -8954.5
1 238 244 -5349.45
1 248 238 -17.2491
1 266 345 -5568.2
1 271 268 -71507.2
1 274 278 -19616.1
1 140 166 -1115.7
1 141 116 -74751.8
1 141 165 -74.4735
1 144 151 -42154.8
1 145 114 -632.323
1 146 150 -39344.5
1 146 180 -29359.1
1 147 148 -49180.6
1 149 181 -29048.6
1 149 202 -25952.2
1 150 183 -14798.2
1 150 186 -16431.2
1 151 181 -14553.3
1 151 189 -1405.16
1 152 180 -35649.6
1 153 188 -18267.1
1 154 113 -26.9073
1 158 173 -9551.7
1 164 124 -1826.71
1 165 167 -76300.3
1 168 164 -14119.7
1 168 166 -8990.9
1 176 222 -25292.9
1 184 210 -63600.4
1 188 207 -47317.4
1 209 273 -149620.0
1 211 296 -1034.2
1 213 270 -29551.9
1 219 272 -12371.2
1 221 317 -28440.5
1 224 287 -2810.32
1 228 354 -120098.0
1 230 352 -33656.8
1 231 347 -20841.4
1 236 342 -12977.8
1 236 344 -9612.43
1 240 330 -67206.1
1 240 337 -14616.2
1 240 357 -8081.71
1 244 333 -14078.3
1 246 332 -42109.9
1 246 337 -84.3097
1 261 340 -6653.56
1 262 286 -8186.47
1 265 517 -65.7192
1 267 428 -43.1228
1 269 365 -1115.7
1 270 361 -10236.6
1 271 267 -18173.5
1 277 371 -285.774
1 281 331 -2466.69
1 290 371 -22482.6
1 296 358 -61448.3
1 297 356 -4016.09
1 125 93 -2022.62
1 134 123 -6164.44
1 142 169 -6890.02
1 146 146 -6092.23
1 152 213 -14329.8
1 156 214 -10786.8
1 161 185 -71435.6
1 166 203 -1828.11
1 168 216 -36048.7
1 192 232 -190023.0
1 193 235 -39860.2
1 201 310 -193.072
1 211 195 -2468.57
1 221 339 -14944.7
1 232 347 -5909.2
1 233 341 -8411.21
1 248 344 -8375.67
1 263 427 -58.0433
1 263 570 -382.19800000000004
1 265 414 -263.48
1 292 360 -0.718477
1 295 362 -895.0880000000001
1 297 439 -623524.0
1 132 120 -3130.7
1 134 124 -5409.87
1 134 126 -7513.4
1 135 122 -6712.46
1 137 128 -8910.13
1 150 127 -1293.35
1 152 118 -5022.19
1 181 126 -46309.9
1 185 168 -86869.9
1 189 126 -72028.6
1 224 257 -2143.79
1 260 337 -323.89799999999997
1 281 445 -309.677
1 137 168 -9588.82
1 189 195 -6157.42
1 202 228 -8158.35
1 210 253 -10958.9
1 245 324 -36.5342
1 270 480 -214.493
1 145 131 -7035.64
1 148 166 -16585.6
1 158 114 -13658.2
1 188 204 -7816.55
1 203 340 -656.288
1 206 281 -263.101
1 208 226 -10109.5
1 211 266 -22087.5
1 213 276 -11456.4
1 214 274 -81462.5
1 220 278 -71906.4
1 223 372 -4458.9
1 239 385 -34.6276
1 239 406 -238.46900000000002
1 239 416 -5.99407
1 241 238 -11674.1
1 246 320 -207.96400000000003
1 248 454 -1083.02
1 259 351 -2819.63
1 262 585 -85.2581
1 263 492 -0.040154199999999994
1 265 360 -17119.8
1 269 360 -6420.99
1 273 521 -14661.8
1 274 327 -2726.74
1 275 465 -136.69899999999998
1 292 458 -263.04900000000004
1 297 377 -6705.15
1 147 183 -9876.88
1 205 310 -186.886
1 258 337 -7.870839999999999
1 259 439 -0.862456
1 268 484 -0.360344
1 173 183 -23622.2
1 257 342 -5550.51
1 268 354 -54426.1
1 201 251 -52087.9
1 264 441 -58.1899
1 136 173 -8009.42
1 144 189 -12646.5
1 154 122 -4459.98
1 161 179 -47196.4
1 164 169 -12646.5
1 167 128 -149362.0
1 167 247 -876.6560000000001
1 183 124 -56102.5
1 186 125 -60597.6
1 186 209 -60153.6
1 204 300 -24.8819
1 215 269 -106792.0
1 225 242 -19672.3
1 226 375 -8571.56
1 238 302 -11468.5
1 242 355 -71.3683
1 244 321 -2227.18
1 245 406 -1209.12
1 248 593 -351.02
1 251 614 -491.255
1 256 443 -44.4423
1 258 335 -1315.68
1 258 416 -46.1414
1 266 470 -1109.32
1 269 482 -165.957
1 273 523 -208645.0
1 274 506 -65.9192
1 280 458 -375.16900000000004
1 298 384 -136.69899999999998
1 204 299 -138.165
1 221 300 -49.2463
1 239 400 -4.1826
1 272 494 -100.11
1 134 167 -3352.71
1 159 157 -36795.5
1 226 330 -14152.9
1 244 430 -460.12
1 247 342 -781.549
1 253 427 -997.431
1 253 443 -697.77
1 254 398 -17.7235
1 254 442 -649.43
1 254 444 -397.92400000000004
1 254 445 -19.3094
1 256 445 -24.1488
1 261 346 -36.7419
1 261 369 -1247.11
1 262 555 -37.2624
1 263 448 -134.112
1 265 559 -623.556
1 271 471 -142.892
1 271 489 -1336.81
1 272 371 -341.145
1 275 371 -8232.15
1 271 492 -51.1437
1 167 168 -34426.5
1 157 122 -754.6489999999999
1 160 136 -756.805
1 169 201 -1861.84
1 199 297 -44.8331
1 211 313 -38.8105
1 214 287 -57.3965
1 224 372 -2253.17
1 246 609 -1996.59
1 247 343 -32.3421
1 247 590 -359.644
1 255 446 -427.347
1 270 482 -86.2456
1 276 386 -760.255
1 284 406 -868.925
1 291 458 -101.559
1 295 390 -19809.3
1 297 384 -138.086
1 297 387 -437.477
1 165 158 -9638.41
1 178 212 -13379.9
1 145 147 -200.00400000000002
1 257 443 -540.3290000000001
1 258 456 -36.2492
1 170 249 -1010.55
1 229 341 -0.0666456
1 234 400 -10.4788
1 237 378 -9.74576
1 240 386 -39.8455
1 241 353 -60.4238
1 247 341 -17.0821
1 248 343 -155.112
1 253 400 -8.53832
1 254 370 -5.08849
1 254 394 -10.7376
1 254 400 -83.8881
1 255 373 -132.81799999999998
1 261 362 -4816.82
1 262 441 -7.6801699999999995
1 263 353 -8.02947
1 274 527 -142.34799999999998
1 276 469 -13.3681
1 276 484 -53.3961
1 282 451 -1250.56
1 130 192 -48.7443
1 262 339 -1.40516
1 207 193 -55452.3
1 206 299 -23.0256
1 239 305 -646.842
1 289 412 -0.6506270000000001
1 233 400 -51846.4
1 117 117 -596.6030000000001
1 183 311 -843.051
1 220 175 -31026.8
1 244 355 -20513.5
1 245 261 -7417.12
1 290 355 -52329.5
1 294 370 -95902.3
1 264 474 -1.6817900000000001
1 157 131 -18.1316
1 164 240 -534.7230000000001
1 201 297 -57.2485
1 207 298 -14.058
1 232 373 -163.67
1 233 392 -45.9258
1 234 236 -2265.86
1 234 401 -36.525
1 235 390 -590.304
1 236 398 -679.072
1 237 390 -369.994
1 237 399 -68.2634
1 237 400 -94.3409
1 248 342 -87.499
1 248 606 -176.79
1 249 344 -85.4608
1 249 411 -255.415
1 253 418 -56979.3
1 253 442 -1035.38
1 254 600 -163.255
1 258 597 -106.729
1 259 428 -8.62456
1 263 467 -23918.1
1 263 468 -21020.6
1 268 457 -80.7707
1 281 429 -540.613
1 283 394 -86.9011
1 284 436 -2104.39
1 296 414 -50.0225
1 223 371 -101.339
1 257 456 -126.177
1 160 142 -6.12514
1 290 441 -149.382
1 257 602 -56.0597
1 176 219 -151.463
1 256 590 -26.361
1 261 581 -3.3506400000000003
1 241 405 -574.396
1 251 362 -1809.14
1 271 484 -167.148
1 235 358 -243.13400000000001
1 240 422 -65.2319
1 254 368 -246.231
1 260 348 -69.4277
1 261 424 -172.49099999999999
1 269 477 -343.971
1 290 463 -2538.65
1 253 407 -57.7415
1 195 301 -184.13400000000001
1 271 397 -88.8478
1 231 201 -107696.0
1 240 393 -16.6023
1 282 445 -15.0574
1 234 395 -19.533
1 255 399 -513.5930000000001
1 167 144 -31.1946
1 261 521 -2.3972700000000002
1 244 406 -155.221
1 162 138 -3.3204599999999997
1 164 144 -88.9337
1 218 352 -5143.41
1 259 459 -5.04537
1 267 360 -6.75712
1 251 431 -648.998
1 292 373 -4.3642199999999995
1 265 476 -25.8737
1 235 401 -7.15839
1 271 480 -27.383000000000003
1 259 438 -11.9235
1 287 390 -21.7253
1 279 460 -10.867
1 272 492 -3977.53
1 243 423 -20.2677
1 259 448 -15.4292
1 244 609 -22.9845
1 156 195 -49.3963
1 269 497 -77.8181
1 217 228 -323.421
1 252 431 -564.909
1 250 444 -219.726
1 201 245 -3384.06
1 237 397 -1406.51
1 252 401 -1545.52
1 261 540 -937.706
