1 204 346 -639.6
1 212 384 45000.0
1 212 385 45000.0
1 212 386 45000.0
1 212 387 45000.0
1 212 388 45000.0
1 212 389 45000.0
1 212 390 45000.0
1 212 391 45000.0
1 212 392 45000.0
1 212 393 45000.0
1 213 394 45000.0
1 213 395 45000.0
1 213 396 45000.0
1 213 397 45000.0
1 213 398 45000.0
1 213 399 45000.0
1 213 400 45000.0
1 213 401 45000.0
1 213 402 45000.0
1 214 403 45000.0
1 214 404 45000.0
1 214 405 45000.0
1 214 406 45000.0
1 214 407 45000.0
1 214 409 45000.0
1 214 410 45000.0
1 214 411 45000.0
1 214 412 45000.0
1 214 413 45000.0
1 214 414 45000.0
1 214 415 45000.0
1 215 416 45000.0
1 215 417 45000.0
1 227 417 45000.0
1 228 417 45000.0
1 229 417 45000.0
1 216 418 45000.0
1 226 418 45000.0
1 230 418 45000.0
1 217 419 45000.0
1 218 419 45000.0
1 219 419 45000.0
1 220 419 45000.0
1 221 419 45000.0
1 222 419 45000.0
1 223 419 45000.0
1 224 419 45000.0
1 225 419 45000.0
1 229 419 45000.0
1 229 420 45000.0
1 226 421 45000.0
1 227 421 45000.0
1 228 421 45000.0
1 224 422 45000.0
1 225 422 45000.0
1 224 423 45000.0
1 224 424 45000.0
1 225 424 45000.0
1 226 424 45000.0
1 227 424 45000.0
1 228 424 45000.0
1 229 425 45000.0
1 229 426 45000.0
1 229 427 45000.0
1 229 428 45000.0
1 229 429 45000.0
1 228 430 45000.0
1 228 431 45000.0
1 228 432 45000.0
1 228 433 45000.0
1 228 434 45000.0
1 228 435 45000.0
1 229 435 45000.0
1 230 436 45000.0
1 230 437 45000.0
1 230 438 45000.0
1 230 439 45000.0
1 230 440 45000.0
1 230 441 45000.0
1 230 442 45000.0
1 230 443 45000.0
1 230 444 45000.0
1 230 445 45000.0
1 230 446 45000.0
1 230 447 45000.0
1 230 448 45000.0
1 230 449 45000.0
1 230 450 45000.0
1 230 451 45000.0
1 230 452 45000.0
1 230 453 45000.0
1 230 454 45000.0
1 230 455 45000.0
1 230 456 45000.0
1 231 457 45000.0
1 231 458 45000.0
1 231 459 45000.0
1 231 460 45000.0
1 232 461 45000.0
1 232 462 45000.0
1 232 463 45000.0
1 232 464 45000.0
1 233 464 45000.0
1 234 464 45000.0
1 235 464 45000.0
1 236 464 45000.0
1 237 464 45000.0
1 238 464 45000.0
1 239 465 45000.0
1 239 466 45000.0
1 114 114 -800.048
1 117 120 -639.6
1 129 121 -30168.8
1 130 122 -639.6
1 133 112 -9390.69
1 135 194 -1523.62
1 139 168 -1405.16
1 141 191 -18687.2
1 143 126 -34447.5
1 143 172 -16861.9
1 143 190 -3091.35
1 144 166 -9914.82
1 144 172 -33723.9
1 144 182 -45625.6
1 144 190 -18.4482
1 145 161 -58415.4
1 146 117 -12715.3
1 146 188 -29979.1
1 146 190 -11258.2
1 147 132 -13465.7
1 147 145 -14430.3
1 148 123 -37.9912
1 148 167 -61827.1
1 148 176 -639.6
1 148 196 -24451.2
1 150 124 -6909.97
1 150 128 -2.1664
1 150 141 -13929.4
1 150 198 -36255.4
1 151 142 -5398.63
1 151 195 -36563.3
1 152 123 -9716.35
1 152 125 -12822.7
1 152 132 -40044.7
1 153 133 -1.9076
1 153 142 -30424.6
1 153 192 -17311.6
1 154 125 -872.9
1 154 171 -6026.99
1 154 249 -13076.4
1 155 112 -56951.2
1 155 129 -1668.85
1 155 141 -75731.2
1 156 129 -179732.0
1 156 146 -8135.88
1 157 135 -1279.2
1 157 140 -135547.0
1 157 251 -19800.1
1 158 133 -639.6
1 158 137 -23547.7
1 159 119 -6420.99
1 159 173 -54376.6
1 161 125 -25321.7
1 161 129 -1513.61
1 161 188 -52739.9
1 162 121 -55888.9
1 162 128 -187032.0
1 163 137 -1815.47
1 163 138 -1121.51
1 164 135 -10030.0
1 164 187 -15878.3
1 165 130 -26694.7
1 165 131 -280.298
1 166 126 -1667.93
1 167 125 -25188.9
1 167 259 -3009.86
1 168 123 -8640.59
1 168 208 -26857.4
1 169 127 -4.01042
1 169 163 -17769.7
1 170 131 -15691.4
1 170 163 -490.401
1 171 130 -22322.4
1 172 130 -28103.2
1 172 218 -115811.0
1 174 123 -42888.3
1 175 134 -28311.2
1 175 204 -53844.4
1 176 176 -13369.5
1 176 202 -6550.86
1 177 133 -31915.4
1 177 211 -10254.9
1 178 164 -36687.2
1 178 261 -4800.03
1 179 181 -59157.3
1 179 183 -16721.4
1 179 210 -36193.0
1 180 208 -3186.78
1 184 246 -15893.8
1 187 281 -28103.2
1 188 198 -59951.2
1 188 209 -51254.7
1 188 240 -140516.0
1 188 258 -10585.0
1 189 282 -15456.8
1 190 281 -63397.2
1 191 191 -4472.63
1 191 281 -71830.4
1 193 256 -29381.9
1 193 260 -25455.4
1 197 204 -5899.65
1 197 252 -10875.9
1 198 297 -989.2339999999999
1 198 298 -651.9119999999999
1 199 211 -31024.2
1 199 231 -42566.1
1 199 298 -677.47
1 200 298 -639.6
1 203 275 -77642.2
1 203 280 -13878.7
1 204 248 -18883.5
1 205 300 -687.8589999999999
1 206 286 -4215.48
1 206 300 -1291.49
1 210 264 -13009.0
1 211 255 -82017.9
1 212 226 -5629.08
1 212 258 -139541.0
1 213 300 -11327.5
1 214 240 -67252.3
1 215 260 -66798.6
1 216 238 -4180.35
1 216 267 -101172.0
1 217 264 -91775.3
1 217 365 -407.51099999999997
1 218 179 -29774.0
1 219 310 -1413.59
1 221 223 -1013.12
1 221 246 -119.191
1 221 284 -61174.0
1 222 352 -28447.4
1 222 369 -528.729
1 223 271 -35338.8
1 224 301 -14079.7
1 224 374 -6474.98
1 226 311 -987.828
1 226 365 -1772.61
1 227 270 -14051.6
1 228 225 -58532.1
1 230 255 -12787.8
1 230 361 -43439.2
1 231 401 -639.6
1 232 364 -180.59799999999998
1 232 370 -1.40516
1 233 337 -639.6
1 233 394 -1334.79
1 234 304 -4320.04
1 234 393 -681.7869999999999
1 235 367 -1427.64
1 235 400 -1462.29
1 235 609 -9620.7
1 236 263 -58010.7
1 236 609 -129.791
1 237 237 -10243.3
1 237 316 -39030.5
1 237 357 -9085.77
1 237 389 -639.6030000000001
1 238 221 -1105.86
1 238 398 -1.72491
1 238 605 -3239.84
1 238 609 -1399.66
1 239 250 -11913.0
1 239 338 -33181.5
1 239 426 -567.927
1 239 605 -3263.55
1 239 606 -1945.41
1 239 619 -5720.66
1 240 380 -805.623
1 240 426 -790.53
1 240 608 -2657.63
1 241 335 -7021.59
1 241 342 -3881.95
1 241 604 -697.6
1 242 311 -9009.65
1 243 371 -6295.37
1 243 389 -860.128
1 243 422 -170.766
1 243 431 -6.46842
1 243 605 -3198.0
1 244 431 -9226.99
1 244 605 -3864.72
1 244 621 -3288.72
1 245 238 -14825.9
1 245 322 -8956.61
1 245 337 -639.6
1 245 370 -1815.47
1 245 621 -639.6
1 246 321 -3322.61
1 246 618 -2002.46
1 247 344 -764.831
1 247 384 -2224710.0
1 248 251 -28336.0
1 248 424 -3271.34
1 248 436 -2934.51
1 248 442 -619.675
1 248 444 -8248.96
1 248 589 -2689.57
1 249 373 -655.943
1 249 389 -1433.4
1 249 424 -14237.6
1 249 430 -28120.4
1 249 436 -6840.53
1 249 606 -3250.18
1 250 326 -2449.81
1 250 424 -639.6
1 250 425 -525408.0
1 250 431 -28711.4
1 250 595 -2067.05
1 251 300 -222015.0
1 251 356 -106293.0
1 251 408 -1232.45
1 251 456 -1072.98
1 251 457 -31.7211
1 251 594 -698.98
1 251 595 -864.2180000000001
1 251 596 -1402.09
1 252 230 -68980.8
1 252 285 -22022.6
1 252 329 -26037.6
1 252 450 -541.9680000000001
1 252 595 -639.6
1 252 606 -738.7819999999999
1 253 298 -21185.6
1 253 331 -12367.6
1 253 332 -19521.7
1 253 420 -12489.4
1 253 445 -63928.2
1 254 338 -13306.9
1 254 367 -35784.6
1 254 407 -58011.8
1 254 597 -645.536
1 254 607 -4172.22
1 255 381 -20723.8
1 255 383 -24873.2
1 255 388 -39918.8
1 255 395 -2552.44
1 255 420 -11841.5
1 255 439 -28012.6
1 255 443 -101205.0
1 255 595 -696.072
1 255 596 -730.8910000000001
1 255 606 -5421.49
1 255 609 -1279.2
1 255 610 -31.2867
1 256 314 -8539.85
1 256 335 -29321.7
1 256 341 -739.962
1 256 370 -5347.23
1 256 413 -1698.29
1 256 586 -14101.3
1 256 593 -2558.4
1 257 238 -0.140516
1 257 324 -5895.75
1 257 413 -2332.04
1 257 576 -4230.77
1 257 599 -12130.9
1 257 600 -76965.6
1 258 325 -6477.48
1 258 336 -1315.84
1 258 442 -411767.0
1 258 464 -1844.79
1 258 585 -3942.69
1 258 595 -1355.03
1 258 601 -43426.0
1 258 602 -7587.58
1 259 340 -76973.6
1 259 371 -3669.75
1 259 405 -46852.9
1 259 588 -25921.1
1 259 592 -639.6
1 259 593 -639.6419999999999
1 260 342 -35338.8
1 260 349 -140.451
1 260 407 -4230820.0
1 260 413 -250820.0
1 260 424 -179.046
1 260 461 -2394.18
1 260 463 -26357.1
1 260 464 -21797.3
1 260 585 -16467.1
1 260 586 -19081.2
1 261 337 -9159.29
1 261 381 -210992.0
1 261 395 -14817.0
1 261 416 -8618.09
1 261 418 -914.7230000000001
1 261 429 -85.7148
1 261 464 -6593.91
1 261 492 -677.905
1 261 571 -353.60699999999997
1 261 576 -11805.3
1 262 345 -17969.2
1 262 540 -283.57599999999996
1 262 564 -27982.4
1 262 567 -4445.96
1 262 568 -24545.5
1 262 570 -119184.0
1 263 471 -1272.12
1 263 477 -62.1012
1 263 520 -1284.8
1 263 574 -1.72491
1 263 582 -19604.4
1 264 265 -9681.56
1 264 344 -30258.7
1 264 355 -456.671
1 264 367 -639.6
1 264 383 -2622.03
1 264 407 -5428.73
1 264 428 -141115.0
1 264 468 -61.5449
1 264 471 -14726.4
1 264 476 -126.781
1 264 477 -243.032
1 264 523 -2325.08
1 264 524 -537.879
1 264 549 -6823.73
1 265 364 -25386.4
1 265 374 -128652.0
1 265 523 -3345.46
1 266 337 -639.6
1 266 462 -120.89299999999999
1 267 391 -13326.3
1 267 396 -20.7205
1 267 463 -616.656
1 267 555 -639.6
1 267 556 -639.6
1 268 333 -9886.71
1 268 334 -17390.7
1 268 436 -3459170.0
1 268 455 -10.5651
1 268 480 -467.45099999999996
1 268 489 -2097.15
1 269 363 -650.337
1 269 397 -46365.8
1 269 456 -12064.5
1 269 483 -61.0904
1 269 541 -639.6
1 270 337 -2810.32
1 270 412 -77138.1
1 270 429 -2141.91
1 270 481 -692.1669999999999
1 270 483 -1680.91
1 270 484 -871.471
1 270 486 -31837.6
1 270 498 -40894.2
1 270 539 -274.26099999999997
1 271 319 -61074.8
1 271 371 -686.515
1 271 415 -88695.0
1 271 451 -2.04402
1 271 485 -279.22
1 271 493 -113141.0
1 271 498 -8351.17
1 271 537 -75049.9
1 272 336 -8413.26
1 272 337 -720.1510000000001
1 272 366 -781.059
1 272 368 -307272.0
1 272 388 -1514130.0
1 272 450 -6326.71
1 272 451 -26127.0
1 272 453 -81.8514
1 272 462 -1094010.0
1 272 491 -17.4647
1 272 497 -14053.7
1 272 498 -239013.0
1 272 530 -152955.0
1 272 532 -195053.0
1 272 535 -44000.6
1 273 363 -257.539
1 273 392 -601.425
1 273 410 -4419.32
1 273 480 -998.388
1 273 510 -639.6
1 273 516 -19823.6
1 274 409 -574.065
1 274 520 -55494.8
1 274 523 -1197.2
1 275 367 -79157.0
1 275 441 -118821.0
1 275 450 -310.48400000000004
1 275 506 -1204.5
1 276 366 -22169.4
1 276 392 -369.30400000000003
1 276 446 -1677.91
1 276 474 -25291.5
1 277 294 -41751.5
1 277 390 -12572.6
1 277 407 -968017.0
1 277 431 -4805.84
1 277 454 -34.4983
1 277 468 -136.514
1 277 472 -41376.1
1 277 480 -29401.1
1 278 365 -47768.0
1 278 435 -25450.0
1 278 482 -4904.27
1 279 310 -25826.3
1 279 336 -26294.8
1 279 433 -62323.9
1 279 438 -8628.88
1 279 475 -78306.7
1 279 485 -21580.7
1 280 365 -11423.7
1 280 433 -54626.5
1 280 442 -4088.04
1 280 469 -14874.9
1 280 471 -19538.8
1 282 409 -5748.27
1 282 424 -854.694
1 282 430 -295.823
1 282 436 -31661.2
1 282 454 -5092.8
1 282 457 -9142.04
1 283 335 -10075.0
1 283 354 -6857.19
1 283 429 -203190.0
1 283 449 -9310.22
1 283 452 -1992.27
1 283 455 -90010.3
1 283 468 -32142.8
1 284 339 -68640.4
1 284 457 -6555.1
1 284 463 -10392.6
1 285 336 -56.2065
1 285 374 -1224.69
1 285 467 -109924.0
1 286 330 -56275.3
1 286 425 -119536.0
1 286 475 -30453.3
1 286 477 -68142.7
1 287 426 -639.6
1 287 477 -35848.0
1 288 372 -188.878
1 288 419 -15929.2
1 288 423 -666.495
1 288 426 -639.6
1 289 404 -159132.0
1 289 459 -103.98200000000001
1 289 468 -9607.76
1 290 382 -255158.0
1 290 402 -1223.9
1 290 411 -3863.38
1 290 412 -27791.2
1 290 413 -1064.12
1 290 420 -219.495
1 291 350 -1638.67
1 291 355 -105544.0
1 291 373 -1261.34
1 291 399 -44877.9
1 291 419 -20060.7
1 292 361 -13593.5
1 292 365 -13126.6
1 292 416 -447.80199999999996
1 292 469 -54973.0
1 293 440 -87.5393
1 294 435 -24652.0
1 294 447 -44.0722
1 294 458 -32549.1
1 295 391 -0.431228
1 295 430 -31514.2
1 296 388 -1026.75
1 296 398 -186722.0
1 296 406 -133.49
1 296 433 -154.56799999999998
1 297 381 -12518.6
1 297 383 -454.514
1 297 395 -296784.0
1 297 401 -291273.0
1 297 402 -123495.0
1 297 413 -1188080.0
1 297 415 -39905.9
1 297 442 -34.9703
1 298 390 -27032.5
1 299 354 -58.9726
1 299 355 -1366.14
1 299 387 -197.696
1 102 110 -639.6
1 102 113 -639.6
1 103 100 -639.6
1 103 104 -639.6
1 104 115 -639.6
1 105 115 -639.6
1 105 139 -639.6
1 108 117 -639.6
1 109 112 -639.6
1 111 155 -639.6
1 111 208 -639.6
1 112 181 -639.6
1 113 111 -639.6
1 113 159 -639.6
1 113 211 -639.6
1 114 173 -639.6
1 114 212 -1279.2
1 115 212 -1279.2
1 116 121 -639.6
1 116 150 -639.6
1 116 166 -639.6
1 117 119 -639.6
1 117 168 -639.6
1 117 210 -639.6
1 119 194 -639.6
1 119 202 -639.6
1 119 96 -639.6
1 120 155 -639.6
1 120 94 -639.6
1 121 187 -639.6
1 123 110 -639.6
1 123 111 -639.6
1 123 158 -639.6
1 123 168 -639.6
1 123 193 -639.6
1 123 202 -1279.2
1 125 150 -639.6
1 125 151 -639.6
1 125 193 -639.6
1 125 194 -639.6
1 126 121 -639.6
1 126 191 -639.6
1 126 195 -639.6
1 127 150 -639.6
1 127 160 -639.6
1 127 169 -639.6
1 127 195 -639.6
1 127 199 -1279.2
1 128 122 -639.6
1 128 148 -639.6
1 128 149 -639.6
1 128 152 -639.6
1 128 153 -639.6
1 128 154 -639.6
1 128 157 -639.6
1 128 199 -639.6
1 129 117 -639.6
1 129 119 -639.6
1 129 122 -639.6
1 129 146 -639.6
1 129 154 -1279.2
1 129 162 -639.6
1 129 176 -639.6
1 130 120 -639.6
1 130 154 -639.6
1 130 155 -639.6
1 130 156 -1918.8
1 130 194 -639.6
1 131 112 -639.6
1 131 121 -639.6
1 131 122 -639.6
1 131 150 -639.6
1 131 156 -639.6
1 131 157 -639.6
1 131 158 -639.6
1 131 161 -1279.2
1 131 198 -639.6
1 132 112 -639.6
1 132 155 -639.6
1 132 156 -639.6
1 132 160 -639.6
1 132 161 -1279.2
1 133 155 -639.6
1 133 159 -639.6
1 133 160 -1279.2
1 133 192 -1279.2
1 133 193 -639.6
1 134 148 -639.6
1 134 150 -639.6
1 134 151 -639.6
1 134 156 -639.6
1 134 191 -639.6
1 134 193 -2558.4
1 135 148 -3198.0
1 135 149 -1279.2
1 135 156 -639.6
1 135 157 -639.6
1 135 193 -1918.8
1 136 147 -639.6
1 136 148 -639.6
1 136 149 -639.6
1 136 150 -1279.2
1 136 153 -639.6
1 136 155 -639.6
1 137 148 -639.6
1 137 150 -639.6
1 137 153 -1279.2
1 137 154 -639.6
1 137 157 -1918.8
1 137 175 -639.6
1 137 206 -73819.0
1 138 151 -639.6
1 138 152 -639.6
1 138 153 -1918.8
1 138 168 -639.6
1 138 169 -639.6
1 139 151 -639.6
1 140 138 -639.6
1 140 155 -2558.4
1 140 156 -639.6
1 140 171 -639.6
1 140 180 -639.6
1 141 149 -639.6
1 141 154 -1279.2
1 141 157 -639.6
1 141 171 -639.6
1 141 199 -1279.2
1 142 155 -639.6
1 142 156 -639.6
1 142 157 -639.6
1 142 158 -639.6
1 142 174 -639.6
1 142 179 -639.6
1 142 201 -639.6
1 143 146 -639.6
1 143 157 -1918.8
1 144 142 -1279.2
1 144 173 -639.6
1 145 142 -639.6
1 145 143 -639.6
1 145 151 -639.6
1 145 187 -639.6
1 145 226 -639.6
1 146 140 -639.6
1 146 141 -1279.2
1 146 145 -639.6
1 146 208 -639.6
1 146 229 -639.6
1 146 230 -639.6
1 146 232 -639.6
1 147 139 -1918.8
1 147 140 -639.6
1 147 141 -639.6
1 147 142 -639.6
1 147 229 -639.6
1 147 230 -639.6
1 147 233 -639.6
1 147 239 -639.6
1 147 240 -639.6
1 148 217 -639.6
1 148 221 -639.6
1 149 127 -639.6
1 149 147 -639.6
1 149 154 -639.6
1 149 222 -639.6
1 149 253 -639.6
1 150 160 -639.6
1 150 164 -639.6
1 150 177 -639.6
1 150 227 -639.6
1 150 236 -639.6
1 151 128 -639.6
1 151 228 -639.6
1 152 153 -639.6
1 152 173 -639.6
1 152 176 -639.6
1 152 222 -639.6
1 152 228 -639.6
1 153 126 -639.6
1 153 136 -639.6
1 153 155 -639.6
1 153 232 -639.6
1 153 238 -639.6
1 153 253 -639.6
1 154 126 -639.6
1 154 133 -639.6
1 154 161 -639.6
1 154 172 -639.6
1 154 220 -639.6
1 154 244 -639.6
1 155 170 -1279.2
1 155 216 -639.6
1 155 262 -639.6
1 156 160 -639.6
1 156 211 -639.6
1 156 223 -639.6
1 157 132 -639.6
1 157 133 -639.6
1 157 134 -1918.8
1 157 136 -639.6
1 157 194 -639.6
1 157 207 -639.6
1 157 240 -639.6
1 158 135 -639.6
1 158 248 -639.6
1 159 152 -639.6
1 159 231 -639.6
1 159 240 -639.6
1 159 247 -639.6
1 159 248 -639.6
1 159 250 -639.6
1 159 251 -639.6
1 159 257 -639.6
1 160 133 -639.6
1 160 249 -1279.2
1 160 251 -1279.2
1 160 252 -639.6
1 160 253 -639.6
1 160 262 -639.6
1 161 144 -1279.2
1 161 251 -639.6
1 161 253 -639.6
1 162 137 -1279.2
1 162 252 -1279.2
1 162 253 -639.6
1 163 152 -639.6
1 163 190 -639.6
1 163 236 -639.6
1 164 278 -639.6
1 164 290 -639.6
1 164 299 -639.6
1 165 133 -1279.2
1 165 134 -1279.2
1 165 135 -639.6
1 165 290 -639.6
1 166 131 -639.6
1 166 132 -639.6
1 166 133 -1279.2
1 166 134 -639.6
1 166 135 -639.6
1 166 210 -639.6
1 166 254 -639.6
1 166 255 -639.6
1 167 127 -639.6
1 167 132 -1279.2
1 167 133 -1279.2
1 167 134 -1918.8
1 167 256 -639.6
1 167 288 -639.6
1 167 294 -639.6
1 168 130 -639.6
1 168 131 -639.6
1 168 132 -2558.4
1 168 133 -2558.4
1 168 286 -639.6
1 168 287 -1279.2
1 168 291 -1279.2
1 169 128 -1279.2
1 169 129 -2558.4
1 169 131 -639.6
1 169 132 -3198.0
1 169 133 -1918.8
1 169 134 -5756.4
1 169 135 -639.6
1 169 236 -639.6
1 169 260 -639.6
1 169 271 -639.6
1 169 287 -639.6
1 169 290 -639.6
1 170 133 -1918.8
1 170 134 -7675.2
1 170 136 -639.6
1 170 187 -639.6
1 170 256 -639.6
1 170 287 -639.6
1 170 292 -639.6
1 171 133 -1279.2
1 171 134 -639.6
1 171 136 -3198.0
1 171 290 -639.6
1 172 257 -639.6
1 172 284 -639.6
1 172 295 -1279.2
1 172 311 -639.6
1 173 258 -639.6
1 173 278 -639.6
1 173 290 -639.6
1 173 292 -639.6
1 173 293 -1279.2
1 173 294 -639.6
1 174 124 -639.6
1 174 253 -639.6
1 174 261 -639.6
1 174 270 -639.6
1 174 283 -639.6
1 174 289 -639.6
1 174 293 -639.6
1 175 260 -639.6
1 175 288 -639.6
1 175 292 -1279.2
1 175 293 -639.6
1 175 296 -639.6
1 175 305 -639.6
1 176 274 -639.6
1 176 305 -639.6
1 177 289 -639.6
1 177 290 -639.6
1 178 243 -639.6
1 178 280 -639.6
1 178 285 -639.6
1 178 302 -639.6
1 178 305 -639.6
1 178 306 -639.6
1 178 311 -639.6
1 179 278 -639.6
1 179 285 -639.6
1 180 149 -639.6
1 180 286 -639.6
1 181 297 -639.6
1 181 307 -639.6
1 181 308 -639.6
1 183 242 -639.6
1 183 285 -639.6
1 183 295 -639.6
1 183 308 -639.6
1 183 309 -639.6
1 183 318 -639.6
1 184 263 -639.6
1 184 285 -639.6
1 184 313 -639.6
1 184 319 -639.6
1 185 257 -639.6
1 185 305 -639.6
1 185 306 -639.6
1 185 307 -639.6
1 185 315 -639.6
1 186 255 -639.6
1 186 265 -639.6
1 186 307 -1279.2
1 186 310 -639.6
1 188 262 -639.6
1 188 294 -639.6
1 188 295 -639.6
1 189 295 -639.6
1 189 309 -639.6
1 190 307 -639.6
1 190 308 -695.573
1 190 324 -639.6
1 191 292 -1279.2
1 191 304 -639.6
1 191 305 -639.6
1 192 258 -639.6
1 192 284 -639.6
1 192 304 -639.6
1 192 316 -639.6
1 192 319 -639.6
1 193 262 -639.6
1 193 301 -639.6
1 193 311 -639.6
1 193 313 -1279.2
1 194 284 -639.6
1 194 313 -639.6
1 195 269 -639.6
1 195 287 -639.6
1 195 289 -639.6
1 195 300 -639.6
1 195 311 -639.6
1 195 313 -639.6
1 196 269 -639.6
1 196 275 -639.6
1 196 303 -639.6
1 196 324 -639.6
1 196 333 -639.6
1 197 264 -639.6
1 197 283 -639.6
1 197 300 -639.6
1 197 322 -639.6
1 197 325 -639.6
1 198 242 -639.6
1 198 276 -1279.2
1 198 309 -639.6
1 198 311 -639.6
1 199 283 -639.6
1 199 311 -639.6
1 199 324 -639.6
1 200 280 -639.6
1 200 286 -639.6
1 200 296 -639.6
1 200 299 -639.6
1 200 306 -639.6
1 200 307 -639.6
1 200 312 -639.6
1 200 343 -639.6
1 200 345 -639.6
1 201 257 -639.6
1 202 280 -639.6
1 202 287 -639.6
1 202 297 -639.6
1 202 301 -639.6
1 202 302 -639.6
1 203 215 -639.6
1 203 304 -639.6
1 203 305 -639.6
1 203 309 -639.6
1 203 315 -639.6
1 205 263 -639.6
1 205 303 -639.6
1 205 304 -639.6
1 205 317 -639.6
1 205 318 -639.6
1 205 319 -639.6
1 206 264 -639.6
1 206 270 -639.6
1 206 301 -639.6
1 206 304 -639.6
1 206 315 -639.6
1 206 317 -1279.2
1 207 262 -639.6
1 207 300 -639.6
1 207 301 -1279.2
1 207 303 -639.6
1 207 304 -639.6
1 207 306 -1279.2
1 207 315 -639.6
1 207 317 -639.6
1 208 298 -1279.2
1 208 299 -1279.2
1 208 306 -639.6
1 208 317 -639.6
1 208 328 -639.6
1 209 284 -639.6
1 209 297 -639.6
1 209 302 -639.6
1 210 284 -639.6
1 210 301 -639.6
1 210 302 -639.6
1 210 342 -639.6
1 211 301 -639.6
1 211 321 -639.6
1 212 295 -639.6
1 212 347 -639.6
1 213 226 -639.6
1 213 287 -639.6
1 213 303 -639.6
1 213 329 -639.6
1 214 319 -639.6
1 215 289 -639.6
1 215 311 -639.6
1 215 353 -639.6
1 216 323 -639.6
1 216 341 -639.6
1 217 244 -639.6
1 217 249 -639.6
1 217 351 -639.6
1 218 209 -639.6
1 218 243 -639.6
1 218 292 -639.6
1 218 345 -1279.2
1 221 240 -639.6
1 221 611 -639.6
1 222 254 -639.6
1 222 362 -639.6
1 224 338 -639.6
1 224 359 -639.6
1 225 323 -639.6
1 225 329 -639.6
1 225 332 -639.6
1 225 368 -639.6
1 225 373 -639.6
1 225 378 -639.6
1 225 382 -1279.2
1 226 323 -639.6
1 226 388 -1279.2
1 226 618 -639.6
1 227 315 -639.6
1 228 606 -639.6
1 229 385 -1279.2
1 229 392 -639.6
1 229 393 -639.6
1 229 397 -2558.4
1 229 618 -3198.0
1 230 338 -639.6
1 230 373 -1279.2
1 230 384 -639.6
1 230 392 -1279.2
1 230 393 -2558.4
1 230 396 -639.6
1 230 605 -639.6
1 231 343 -639.6
1 231 383 -639.6
1 231 392 -3198.0
1 231 393 -7035.6
1 231 398 -639.6
1 231 603 -639.6
1 231 607 -1279.2
1 232 259 -639.6
1 232 300 -639.6
1 232 384 -639.6
1 232 389 -639.6
1 232 393 -3837.6
1 232 394 -2558.4
1 232 405 -639.6
1 232 604 -1279.2
1 232 606 -1279.2
1 232 607 -1918.8
1 232 608 -639.6
1 233 373 -639.6
1 233 393 -639.6
1 233 403 -639.6
1 233 406 -2558.4
1 233 601 -1279.2
1 233 602 -639.6
1 234 374 -639.6
1 234 388 -639.6
1 234 389 -639.6
1 234 406 -1918.8
1 234 407 -1279.2
1 234 601 -639.6
1 234 602 -1279.2
1 234 603 -1918.8
1 234 604 -639.6
1 234 605 -1279.2
1 234 606 -639.6
1 234 609 -639.6
1 234 620 -639.6
1 234 621 -639.6
1 235 342 -639.6
1 235 368 -639.6
1 235 389 -639.6
1 235 392 -639.6
1 235 404 -639.6
1 235 406 -639.6
1 235 599 -639.6
1 235 600 -1279.2
1 235 602 -1918.8
1 235 603 -639.6
1 235 606 -639.6
1 235 608 -639.6
1 236 256 -639.6
1 236 359 -639.6
1 236 377 -1279.2
1 236 378 -639.6
1 236 389 -1279.2
1 236 600 -639.6
1 236 601 -639.6
1 236 602 -1279.2
1 236 605 -639.6
1 236 606 -639.6
1 236 607 -639.6
1 236 620 -639.6
1 237 330 -639.6
1 237 377 -639.6
1 237 384 -639.6
1 237 388 -639.6
1 237 605 -1279.2
1 237 606 -1918.8
1 237 607 -1279.2
1 237 608 -3198.0
1 237 609 -1918.8
1 237 620 -639.6
1 238 346 -639.6
1 238 391 -639.6
1 238 410 -639.6
1 238 602 -639.6
1 238 603 -639.6
1 238 606 -3198.0
1 238 607 -3837.6
1 238 608 -2558.4
1 238 610 -639.6
1 239 297 -23979.3
1 239 323 -639.6
1 239 404 -639.6
1 239 601 -639.6
1 239 603 -639.6
1 239 607 -1279.2
1 239 608 -2558.4
1 239 609 -1918.8
1 239 610 -1279.2
1 239 615 -1279.2
1 240 267 -639.6
1 240 319 -639.6
1 240 327 -639.6
1 240 352 -639.6
1 240 374 -1279.2
1 240 392 -1279.2
1 240 396 -639.6
1 240 406 -639.6
1 240 603 -639.6
1 240 605 -1918.8
1 240 606 -2558.4
1 240 607 -1279.2
1 240 620 -1279.2
1 240 621 -639.6
1 241 339 -639.6
1 241 352 -639.6
1 241 370 -1279.2
1 241 375 -639.6
1 241 409 -639.6
1 241 577 -639.6
1 241 603 -1279.2
1 241 605 -1918.8
1 241 606 -1279.2
1 241 607 -1279.2
1 241 608 -1279.2
1 241 609 -3198.0
1 241 610 -639.6
1 241 611 -639.6
1 241 620 -639.6
1 241 621 -639.6
1 242 314 -639.6
1 242 318 -639.6
1 242 336 -639.6
1 242 338 -639.6
1 242 339 -639.6
1 242 373 -1918.8
1 242 374 -3837.6
1 242 406 -1279.2
1 242 603 -1279.2
1 242 604 -4477.2
1 242 605 -5756.4
1 242 606 -1918.8
1 242 607 -3198.0
1 242 608 -3198.0
1 242 609 -1918.8
1 242 610 -1918.8
1 242 616 -639.6
1 242 622 -639.6
1 242 623 -1918.8
1 243 366 -639.6
1 243 369 -639.6
1 243 372 -1279.2
1 243 373 -5116.8
1 243 374 -1918.8
1 243 386 -639.6
1 243 391 -639.6
1 243 405 -639.6
1 243 406 -639.6
1 243 407 -1279.2
1 243 409 -639.6
1 243 577 -639.6
1 243 606 -4477.2
1 243 607 -3198.0
1 243 608 -1279.2
1 243 609 -3837.6
1 243 620 -639.6
1 243 622 -1279.2
1 243 623 -5116.8
1 244 371 -639.6
1 244 372 -1279.2
1 244 373 -1918.8
1 244 415 -639.6
1 244 598 -639.6
1 244 606 -2566.59
1 244 607 -639.6
1 244 611 -639.6
1 244 616 -639.6
1 244 622 -639.6
1 244 623 -2558.4
1 244 624 -639.6
1 245 312 -639.6
1 245 315 -639.6
1 245 326 -639.6
1 245 335 -639.6
1 245 338 -639.6
1 245 356 -1279.2
1 245 371 -639.6
1 245 413 -639.6
1 245 586 -639.6
1 245 604 -639.6
1 245 605 -1918.8
1 245 606 -3198.0
1 245 607 -2558.4
1 245 609 -3198.0
1 245 610 -1279.2
1 245 612 -1279.2
1 245 616 -1279.2
1 245 619 -639.6
1 245 620 -1279.2
1 245 622 -639.6
1 246 214 -639.6
1 246 342 -639.6
1 246 356 -639.6
1 246 357 -639.6
1 246 374 -639.6
1 246 413 -639.6
1 246 590 -639.6
1 246 599 -639.6
1 246 600 -3837.6
1 246 605 -2558.4
1 246 606 -4477.2
1 246 607 -2558.4
1 246 610 -639.6
1 246 612 -1279.2
1 246 614 -639.6
1 246 615 -639.6
1 246 623 -639.6
1 247 314 -639.6
1 247 331 -639.6
1 247 367 -1279.2
1 247 368 -3198.0
1 247 387 -1279.2
1 247 413 -639.6
1 247 578 -639.6
1 247 597 -639.6
1 247 598 -4477.2
1 247 599 -3837.6
1 247 600 -6396.0
1 247 601 -6396.0
1 247 605 -1279.2
1 247 609 -1279.2
1 247 610 -1279.2
1 247 611 -2558.4
1 247 612 -2558.4
1 247 613 -1279.2
1 247 618 -1279.2
1 247 619 -639.6
1 247 623 -639.6
1 248 307 -639.6
1 248 367 -639.6
1 248 368 -2558.4
1 248 371 -1279.2
1 248 372 -3198.0
1 248 387 -1279.2
1 248 388 -3837.6
1 248 413 -639.6
1 248 416 -639.6
1 248 529 -639.6
1 248 567 -639.6
1 248 596 -4477.2
1 248 597 -3198.0
1 248 598 -6396.0
1 248 599 -3837.6
1 248 600 -2558.4
1 248 601 -3837.6
1 248 602 -1918.8
1 248 605 -639.6
1 248 608 -639.6
1 248 609 -1279.2
1 248 610 -1918.8
1 248 611 -3837.6
1 248 612 -3837.6
1 248 613 -4477.2
1 248 618 -639.6
1 248 619 -639.6
1 248 620 -639.6
1 248 623 -1279.2
1 249 333 -639.6
1 249 334 -639.6
1 249 365 -1279.2
1 249 366 -1918.8
1 249 367 -639.6
1 249 368 -1918.8
1 249 371 -639.6
1 249 387 -639.6
1 249 388 -639.6
1 249 400 -639.6
1 249 412 -639.6
1 249 567 -639.6
1 249 593 -1279.2
1 249 595 -3837.6
1 249 596 -4477.2
1 249 597 -7035.6
1 249 603 -1918.8
1 249 604 -5116.8
1 249 605 -3198.0
1 249 607 -2558.4
1 249 609 -639.6
1 249 610 -1279.2
1 249 611 -3198.0
1 249 612 -5756.4
1 249 613 -1279.2
1 249 618 -639.6
1 249 623 -639.6
1 250 331 -874.188
1 250 355 -639.6
1 250 365 -1279.2
1 250 366 -3198.0
1 250 367 -1918.8
1 250 368 -639.6
1 250 369 -1279.2
1 250 370 -1279.2
1 250 371 -3849.8
1 250 382 -639.6
1 250 406 -639.6
1 250 413 -639.6
1 250 414 -639.6
1 250 423 -639.6
1 250 436 -639.6
1 250 568 -639.6
1 250 579 -639.6
1 250 591 -639.6
1 250 594 -639.6
1 250 596 -5116.8
1 250 597 -1279.2
1 250 602 -639.6
1 250 603 -4477.2
1 250 604 -3837.6
1 250 605 -2558.4
1 250 607 -639.6
1 250 608 -1918.8
1 250 609 -639.6
1 250 610 -639.6
1 250 613 -639.6
1 251 276 -639.6
1 251 322 -639.6
1 251 365 -1918.8
1 251 366 -5756.4
1 251 367 -1279.2
1 251 368 -1279.2
1 251 371 -639.6
1 251 379 -639.6
1 251 407 -639.6
1 251 414 -639.6
1 251 424 -639.6
1 251 598 -639.6
1 251 604 -639.6
1 251 605 -639.6
1 251 607 -639.6
1 251 610 -639.6
1 252 236 -639.6
1 252 365 -1918.8
1 252 366 -4477.2
1 252 367 -4477.2
1 252 368 -1279.2
1 252 376 -639.6
1 252 412 -639.6
1 252 416 -639.6
1 252 428 -639.6
1 252 506 -639.6
1 252 507 -639.6
1 252 528 -639.6
1 252 534 -639.6
1 252 544 -639.6
1 252 576 -639.6
1 252 591 -1279.2
1 252 596 -1353.18
1 252 597 -1279.2
1 252 598 -639.6
1 252 599 -1279.2
1 252 608 -1279.2
1 252 609 -639.6
1 252 611 -639.6
1 252 620 -639.6
1 253 259 -639.6
1 253 342 -639.6
1 253 363 -639.6
1 253 365 -1279.2
1 253 366 -3837.6
1 253 367 -2558.4
1 253 370 -639.6
1 253 375 -1279.2
1 253 404 -639.6
1 253 433 -1279.2
1 253 506 -639.6
1 253 543 -639.6
1 253 546 -639.6
1 253 547 -639.6
1 253 566 -639.6
1 253 586 -1279.2
1 253 596 -639.6
1 253 597 -2558.4
1 253 601 -639.6
1 253 604 -639.6
1 253 605 -639.6
1 253 614 -1918.8
1 254 366 -1279.2
1 254 478 -639.6
1 254 581 -639.6
1 254 584 -639.6
1 254 585 -3837.6
1 254 586 -3198.0
1 254 587 -1918.8
1 254 588 -1918.8
1 254 589 -2558.4
1 254 598 -639.6
1 254 599 -639.6
1 254 601 -1279.2
1 254 604 -1279.2
1 254 605 -639.6
1 254 606 -639.6
1 254 611 -639.6
1 255 341 -639.6
1 255 346 -639.6
1 255 371 -639.6
1 255 402 -639.6
1 255 442 -639.6
1 255 445 -639.6
1 255 461 -639.6
1 255 479 -639.6
1 255 512 -639.6
1 255 513 -639.6
1 255 526 -639.6
1 255 547 -639.6
1 255 548 -639.6
1 255 565 -639.6
1 255 583 -1918.8
1 255 584 -2558.4
1 255 585 -2558.4
1 255 586 -2558.4
1 255 587 -1279.2
1 255 588 -639.6
1 255 591 -639.6
1 255 594 -639.6
1 255 597 -639.6
1 255 600 -1279.2
1 255 607 -639.6
1 256 346 -639.6
1 256 350 -639.6
1 256 367 -639.6
1 256 373 -639.6
1 256 374 -639.6
1 256 491 -639.6
1 256 526 -639.6
1 256 531 -1918.8
1 256 532 -639.6
1 256 547 -639.6
1 256 548 -1279.2
1 256 549 -639.6
1 256 575 -639.6
1 256 578 -1279.2
1 256 580 -639.6
1 256 584 -1918.8
1 256 585 -1279.2
1 256 592 -1279.2
1 256 594 -4477.64
1 256 595 -2558.4
1 256 607 -2558.4
1 256 608 -1279.2
1 256 609 -639.6
1 257 330 -639.6
1 257 461 -639.6
1 257 497 -639.6
1 257 503 -639.6
1 257 506 -639.6
1 257 512 -639.6
1 257 527 -1918.8
1 257 529 -639.6
1 257 532 -639.6
1 257 549 -639.6
1 257 574 -639.6
1 257 575 -1918.8
1 257 584 -1918.8
1 257 585 -1918.8
1 257 593 -1279.2
1 257 594 -5116.8
1 257 595 -2558.4
1 257 597 -1279.2
1 257 606 -4477.2
1 257 607 -639.6
1 258 307 -639.6
1 258 330 -639.6
1 258 366 -639.6
1 258 485 -1279.2
1 258 489 -1279.2
1 258 491 -639.6
1 258 493 -639.6
1 258 494 -639.6
1 258 496 -639.6
1 258 497 -639.6
1 258 498 -1918.8
1 258 499 -1279.2
1 258 502 -639.6
1 258 503 -639.6
1 258 529 -1279.2
1 258 531 -639.6
1 258 532 -639.6
1 258 533 -1279.2
1 258 535 -639.6
1 258 546 -639.6
1 258 550 -639.6
1 258 556 -1279.2
1 258 564 -639.6
1 258 576 -639.6
1 258 583 -639.6
1 258 584 -1918.8
1 258 586 -1918.8
1 258 594 -1918.8
1 258 606 -3198.0
1 258 607 -639.6
1 259 346 -639.6
1 259 369 -1279.2
1 259 402 -639.6
1 259 444 -639.6
1 259 456 -639.6
1 259 485 -639.6
1 259 486 -639.6
1 259 488 -639.6
1 259 489 -639.6
1 259 490 -1279.2
1 259 509 -1279.2
1 259 510 -639.6
1 259 522 -639.6
1 259 528 -639.6
1 259 529 -639.6
1 259 531 -639.6
1 259 532 -639.6
1 259 545 -639.6
1 259 549 -639.6
1 259 554 -1279.2
1 259 555 -1279.2
1 259 556 -1918.8
1 259 557 -1918.8
1 259 575 -2558.4
1 259 576 -639.6
1 259 579 -639.6
1 259 584 -639.6
1 259 585 -2558.4
1 259 586 -1279.2
1 260 369 -1279.2
1 260 404 -1279.2
1 260 443 -639.6
1 260 454 -639.6
1 260 485 -639.6
1 260 486 -1279.2
1 260 487 -639.6
1 260 492 -639.6
1 260 499 -639.6
1 260 502 -1279.2
1 260 517 -639.6
1 260 527 -639.6
1 260 545 -1918.8
1 260 548 -639.6
1 260 554 -639.6
1 260 556 -639.6
1 260 567 -639.6
1 260 576 -639.6
1 260 577 -639.6
1 261 397 -639.6
1 261 404 -639.6
1 261 444 -639.6
1 261 483 -639.6
1 261 487 -639.6
1 261 501 -639.6
1 261 502 -639.6
1 261 545 -639.6
1 261 551 -639.6
1 261 552 -639.6
1 261 565 -639.6
1 262 254 -639.6
1 262 353 -1279.2
1 262 369 -639.6
1 262 425 -639.6
1 262 443 -639.6
1 262 458 -639.6
1 262 483 -1279.2
1 262 493 -639.6
1 262 501 -639.6
1 262 502 -639.6
1 262 523 -639.6
1 262 524 -639.6
1 262 535 -639.6
1 262 536 -639.6
1 262 537 -639.6
1 262 542 -639.6
1 262 546 -639.6
1 262 584 -639.6
1 262 587 -639.6
1 263 355 -639.6
1 263 415 -639.6
1 263 484 -639.6
1 263 493 -639.6
1 263 509 -639.6
1 263 522 -639.6
1 263 523 -1279.2
1 263 524 -1279.2
1 263 541 -1279.2
1 263 542 -639.6
1 263 543 -639.6
1 263 546 -1279.2
1 263 576 -639.6
1 263 579 -639.6
1 263 581 -2558.4
1 264 369 -639.6
1 264 379 -641.484
1 264 481 -639.6
1 264 482 -639.6
1 264 493 -639.6
1 264 503 -639.6
1 264 504 -639.6
1 264 516 -639.6
1 264 521 -1918.8
1 264 527 -639.6
1 264 543 -2558.4
1 264 568 -639.6
1 264 575 -639.6
1 264 576 -1279.2
1 265 336 -639.6
1 265 367 -1341.94
1 265 457 -639.6
1 265 459 -639.6
1 265 511 -639.6
1 265 516 -639.6
1 265 520 -639.6
1 265 524 -724.422
1 265 568 -1279.2
1 266 314 -639.6
1 266 413 -639.6
1 266 456 -639.6
1 266 478 -639.6
1 266 481 -639.6
1 266 483 -639.6
1 266 484 -639.6
1 266 485 -639.6
1 266 492 -639.6
1 266 498 -639.6
1 266 505 -639.6
1 266 518 -639.6
1 266 523 -639.6
1 266 543 -639.6
1 266 545 -639.6
1 266 549 -639.6
1 266 555 -639.6
1 267 337 -639.6
1 267 365 -639.6
1 267 381 -639.6
1 267 459 -639.6
1 267 460 -1279.2
1 267 505 -639.6
1 267 507 -639.6
1 267 543 -639.6
1 267 544 -1279.2
1 267 549 -639.6
1 267 553 -1918.8
1 267 562 -639.6
1 268 507 -1279.2
1 268 540 -639.6
1 268 541 -639.6
1 268 542 -1279.2
1 268 543 -2558.4
1 268 544 -1279.2
1 268 549 -639.6
1 268 551 -639.6
1 268 552 -639.6
1 268 553 -639.6
1 269 362 -639.6
1 269 505 -1279.2
1 269 507 -639.6
1 269 528 -639.6
1 269 543 -639.6
1 269 547 -1279.2
1 270 474 -639.6
1 270 475 -1279.2
1 270 479 -639.6
1 270 491 -639.6
1 270 504 -639.6
1 270 507 -639.6
1 270 526 -639.6
1 271 375 -639.6
1 271 388 -639.6
1 271 479 -639.6
1 271 481 -639.6
1 271 487 -639.6
1 271 491 -639.6
1 271 526 -639.6
1 272 469 -639.6
1 272 493 -639.6
1 272 495 -1279.2
1 272 496 -639.6
1 272 502 -639.6
1 272 526 -1918.8
1 273 441 -639.6
1 273 462 -639.6
1 273 526 -639.6
1 275 463 -639.6
1 275 480 -639.6
1 275 502 -639.6
1 275 504 -639.6
1 276 502 -639.6
1 277 393 -639.6
1 279 459 -639.6
1 280 563 -639.6
1 282 434 -639.6
1 282 435 -639.6
1 283 461 -639.6
1 283 482 -639.6
1 283 483 -639.6
1 285 437 -639.6
1 285 482 -639.6
1 285 483 -639.6
1 286 377 -639.6
1 286 464 -639.6
1 288 469 -639.6
1 289 362 -639.6
1 289 443 -639.6
1 292 358 -639.6
1 293 390 -1918.8
1 293 391 -639.6
1 296 390 -639.6
1 301 359 -639.6
1 301 378 -639.6
1 85 106 -639.6
1 92 112 -1279.2
1 93 117 -639.6
1 97 89 -639.6
1 98 101 -639.6
1 99 126 -639.6
1 99 136 -639.6
1 147 119 -10981.3
1 148 187 -71099.8
1 150 114 -77036.6
1 153 113 -61730.1
1 156 158 -54358.8
1 167 186 -55621.9
1 170 169 -118034.0
1 197 280 -49813.0
1 199 225 -86220.7
1 210 300 -15588.9
1 234 285 -16299.9
1 244 234 -19813.8
1 259 541 -287.845
1 265 469 -113.542
1 267 479 -1564.78
1 272 454 -45.4391
1 291 453 -7511.99
1 299 360 -18299.4
1 109 116 -39132.3
1 131 118 -822.0189999999999
1 132 183 -13417.9
1 137 123 -23072.7
1 140 173 -35013.9
1 141 124 -38540.8
1 142 121 -41532.4
1 155 192 -13974.3
1 157 117 -14973.4
1 157 190 -44.9652
1 158 205 -23967.8
1 164 258 -66871.6
1 169 164 -105353.0
1 172 162 -63160.6
1 173 196 -270.699
1 175 213 -174985.0
1 195 280 -63232.3
1 202 295 -20977.7
1 203 296 -28721.5
1 214 174 -44995.5
1 218 173 -77213.9
1 226 358 -2564.99
1 247 335 -70.2581
1 256 333 -3484.8
1 262 350 -15301.8
1 265 349 -4130.98
1 267 346 -28152.0
1 269 347 -29156.2
1 271 470 -1855.55
1 274 431 -505210.0
1 280 367 -105630.0
1 285 357 -1742.4
1 289 374 -5626.27
1 293 378 -2561.61
1 299 335 -183035.0
1 144 130 -4230.84
1 148 113 -38319.3
1 149 118 -43533.7
1 152 177 -56337.1
1 152 183 -17927.0
1 153 212 -16698.9
1 154 128 -212.828
1 155 180 -24288.2
1 155 187 -29372.1
1 161 161 -26616.6
1 162 171 -60828.0
1 164 159 -52601.2
1 170 217 -127754.0
1 174 182 -71078.2
1 175 178 -3716.65
1 176 128 -282.37
1 189 206 -37939.4
1 201 279 -99387.1
1 221 294 -30299.5
1 221 361 -94483.0
1 222 252 -3365.36
1 222 266 -119439.0
1 224 273 -132071.0
1 225 248 -14443.7
1 228 373 -42.1548
1 234 319 -35129.0
1 235 317 -63232.3
1 237 292 -169994.0
1 238 244 -28980.0
1 245 243 -39544.1
1 248 331 -40547.0
1 256 342 -14051.6
1 259 347 -5571.5
1 266 345 -25817.0
1 271 268 -102241.0
1 274 278 -44049.0
1 289 355 -5659.99
1 295 392 -2342.4
1 296 393 -10000.0
1 140 166 -8324.18
1 141 116 -53123.5
1 141 165 -1164.88
1 142 185 -39344.5
1 143 184 -55363.4
1 144 151 -35129.0
1 145 114 -8485.77
1 146 180 -114122.0
1 147 148 -39344.5
1 149 124 -674.477
1 149 181 -97561.8
1 149 202 -25451.7
1 150 183 -55950.7
1 150 186 -31373.0
1 151 178 -36361.4
1 151 189 -55784.9
1 151 211 -14940.2
1 152 180 -73179.4
1 153 188 -58173.7
1 158 173 -5602.52
1 164 124 -1703.82
1 165 167 -78127.0
1 168 164 -49324.4
1 168 166 -14235.2
1 170 115 -17943.9
1 184 210 -106983.0
1 188 207 -136389.0
1 189 288 -8685.82
1 193 280 -28950.8
1 206 280 -18165.9
1 209 273 -34801.6
1 210 249 -35938.6
1 211 263 -40123.0
1 211 296 -4878.72
1 213 270 -33306.5
1 219 272 -86504.5
1 221 302 -248.71400000000003
1 221 317 -46336.6
1 224 287 -20655.9
1 227 344 -68909.3
1 228 354 -47864.0
1 230 352 -50661.5
1 231 270 -86035.2
1 231 347 -26512.6
1 235 295 -44342.7
1 236 320 -39344.5
1 236 342 -28781.4
1 236 344 -28750.6
1 240 357 -24833.5
1 244 333 -3704.36
1 246 332 -21077.4
1 246 337 -23887.7
1 251 334 -15009.9
1 258 345 -8050.67
1 260 345 -13342.9
1 261 340 -30884.0
1 262 286 -9612.71
1 263 344 -46748.3
1 265 517 -69.3458
1 267 321 -51447.2
1 267 428 -85.7148
1 269 364 -2443.2
1 270 267 -1348.95
1 270 361 -10756.7
1 271 267 -6014.09
1 271 355 -27579.5
1 281 331 -73009.4
1 284 333 -2014.84
1 290 371 -6125.1
1 296 358 -26109.6
1 297 356 -15667.5
1 297 391 -21944.4
1 299 347 -5305.0
1 125 93 -323.784
1 131 125 -8830.03
1 134 123 -24416.1
1 135 126 -18230.6
1 138 125 -20353.8
1 142 117 -130593.0
1 142 169 -14495.0
1 145 116 -17838.5
1 152 213 -21927.5
1 155 116 -1964.42
1 156 214 -8400.05
1 161 185 -68751.7
1 163 186 -647.38
1 168 216 -42135.2
1 183 232 -219770.0
1 192 232 -245333.0
1 193 235 -102920.0
1 201 310 -1538.81
1 215 261 -43453.2
1 221 339 -53889.6
1 222 324 -23651.5
1 223 263 -7975.7
1 226 354 -20560.5
1 230 358 -18676.0
1 232 347 -27059.2
1 233 341 -14485.8
1 242 618 -13992.6
1 248 344 -22798.4
1 263 345 -24170.2
1 263 427 -0.221254
1 263 570 -197.071
1 265 414 -210.00799999999998
1 286 302 -14331.2
1 292 360 -4215.48
1 295 362 -1.40516
1 297 439 -8102.78
1 132 120 -39850.4
1 134 124 -32736.0
1 134 126 -26511.2
1 135 122 -21071.8
1 137 128 -35627.9
1 145 166 -11373.3
1 150 118 -109271.0
1 150 127 -4134.42
1 152 118 -30252.3
1 153 123 -20039.4
1 155 125 -19758.6
1 181 126 -163537.0
1 189 126 -55335.2
1 215 296 -1786.11
1 224 257 -4308.93
1 260 337 -3372.39
1 276 359 -20651.3
1 281 445 -319.712
1 137 168 -54652.3
1 149 213 -84627.2
1 189 195 -2346.62
1 190 250 -41061.6
1 210 253 -226.96400000000003
1 217 236 -253172.0
1 245 324 -6267.02
1 247 330 -2.15614
1 270 480 -88.0568
1 291 354 -5092.27
1 145 131 -10842.2
1 148 166 -22929.4
1 158 114 -12962.6
1 188 197 -38980.4
1 188 204 -25868.9
1 203 340 -665.615
1 206 281 -1921.55
1 208 226 -56699.7
1 211 266 -114819.0
1 213 276 -47179.8
1 220 278 -46674.4
1 233 375 -845.638
1 239 385 -6822.33
1 239 406 -250.112
1 239 416 -3.27509
1 245 408 -5482.2
1 246 320 -7076.39
1 248 454 -1455.35
1 259 351 -2920.33
1 262 363 -12489.4
1 262 585 -145.755
1 263 492 -20.9275
1 267 449 -1660.84
1 272 360 -8824.73
1 273 521 -6037.19
1 274 327 -3442.49
1 275 465 -69.4277
1 290 322 -150188.0
1 292 458 -154.56799999999998
1 147 116 -31186.3
1 147 183 -32951.0
1 156 122 -3483.51
1 258 337 -106.755
1 268 484 -21.9254
1 281 328 -13045.5
1 173 183 -60897.2
1 257 342 -12116.1
1 201 251 -102654.0
1 201 301 -1258.13
1 251 286 -7915.27
1 264 441 -80.0791
1 265 488 -255.62099999999998
1 294 356 -2119.28
1 136 173 -9091.39
1 144 189 -30070.5
1 154 112 -290.653
1 154 122 -35324.3
1 161 179 -63890.9
1 164 169 -37939.4
1 167 128 -100064.0
1 167 247 -983.613
1 183 124 -122794.0
1 183 205 -156.621
1 186 125 -142719.0
1 186 209 -94875.1
1 204 300 -57.4396
1 215 269 -120844.0
1 225 242 -37939.4
1 226 375 -201448.0
1 238 302 -4641.31
1 242 355 -187.24400000000003
1 244 321 -8423.94
1 245 406 -1067.46
1 247 591 -865.9060000000001
1 248 590 -159.986
1 251 614 -1890.81
1 255 333 -11481.6
1 256 443 -634.851
1 258 339 -1984.94
1 258 416 -208.283
1 263 583 -345.284
1 266 470 -779.4019999999999
1 269 482 -178.65
1 270 476 -1923.71
1 274 506 -3659.74
1 275 479 -5628.82
1 280 458 -332.046
1 291 374 -111.61399999999999
1 297 388 -1076.35
1 298 384 -39.2763
1 204 299 -1000.47
1 221 300 -5660.85
1 239 400 -15.2334
1 272 494 -180.926
1 158 122 -2447.21
1 159 157 -54825.5
1 184 305 -0.6533479999999999
1 211 290 -21077.4
1 225 289 -12056.3
1 226 330 -22122.0
1 237 406 -1097.05
1 244 430 -722.307
1 247 342 -719.7139999999999
1 253 427 -715.408
1 253 443 -814.676
1 254 398 -26.8224
1 254 442 -13328.2
1 254 444 -221.5
1 254 445 -18.8566
1 256 445 -1411.84
1 259 345 -5809.39
1 261 346 -74.1983
1 261 369 -1589.24
1 262 555 -51.9371
1 263 448 -138.855
1 265 559 -0.458283
1 271 364 -21475.4
1 271 471 -123.245
1 271 489 -457.102
1 272 371 -377.92800000000005
1 275 371 -1146.2
1 277 386 -228.982
1 262 394 -706602.0
1 271 492 -141.658
1 167 168 -17283.5
1 157 122 -466.212
1 160 136 -356.626
1 169 201 -32202.4
1 199 297 -72.8168
1 211 313 -36.0938
1 212 315 -260.34
1 214 287 -147.48
1 224 372 -1844.79
1 246 609 -1497.66
1 247 343 -38.5518
1 247 590 -2511.05
1 255 446 -422.60400000000004
1 261 524 -99.1037
1 270 482 -81.5452
1 276 386 -180.253
1 278 371 -2651.96
1 281 446 -543.347
1 284 406 -799.928
1 291 458 -113.012
1 295 390 -27602.2
1 297 384 -153.79399999999998
1 297 387 -314.918
1 165 158 -14550.2
1 145 147 -131.352
1 257 443 -498.5
1 162 205 -30146.2
1 170 249 -1884.47
1 178 255 -31790.1
1 194 320 -10.002
1 234 400 -9.616389999999999
1 237 378 -60.2728
1 240 386 -108.109
1 241 353 -110.226
1 247 341 -35.0801
1 248 343 -113.382
1 249 589 -0.431228
1 252 457 -282.282
1 253 400 -395.07
1 254 370 -3.72773
1 254 394 -17.9391
1 254 400 -45.4083
1 255 373 -201.38400000000001
1 261 362 -33989.4
1 262 441 -40.4923
1 263 353 -13.7951
1 274 527 -136.797
1 276 469 -11.6432
1 276 484 -138.393
1 282 451 -2727.95
1 279 477 -361.795
1 207 193 -44973.6
1 145 139 -635.05
1 206 299 -106.06700000000001
1 239 305 -1224.69
1 261 461 -219.581
1 117 117 -336.962
1 183 311 -1080.9
1 185 196 -1491.19
1 220 175 -73631.9
1 244 355 -32808.8
1 245 261 -13497.4
1 294 370 -8688.64
1 264 474 -5.26098
1 157 131 -29.3665
1 149 125 -1499.38
1 164 240 -280.298
1 201 297 -248.764
1 207 298 -20.0521
1 232 373 -241.919
1 233 392 -93.595
1 234 236 -2750.37
1 234 401 -51.1868
1 235 390 -169.438
1 236 398 -1382.25
1 237 390 -356.194
1 237 399 -35.7919
1 248 342 -274.26099999999997
1 248 606 -149.334
1 249 344 -74.8151
1 249 411 -200.328
1 253 442 -482.54400000000004
1 254 600 -39544.1
1 258 597 -142.04
1 259 428 -780.03
1 263 467 -33717.3
1 263 468 -27806.6
1 267 481 -599.4069999999999
1 268 457 -9.4653
1 281 429 -1004.78
1 283 394 -66.2798
1 284 436 -4307.97
1 296 414 -18.3352
1 297 446 -1.2169
1 300 390 -6422.99
1 237 382 -17.2491
1 240 379 -409.667
1 147 130 -13923.7
1 223 371 -107.635
1 257 456 -244.636
1 160 142 -1.98753
1 272 448 -957.327
1 290 441 -232.799
1 176 219 -310.795
1 209 228 -4724.15
1 256 590 -263.825
1 290 403 -41.5652
1 261 581 -67.3692
1 241 405 -974.576
1 251 362 -4496.52
1 271 484 -75.5512
1 235 358 -282.947
1 240 422 -53.4723
1 254 368 -886.6089999999999
1 260 348 -57.3533
1 261 424 -150.93
1 269 477 -1809.58
1 290 463 -10905.8
1 279 465 -47.047
1 195 301 -259.599
1 271 397 -70.7645
1 231 201 -24.1057
1 240 393 -15.4811
1 282 445 -6.942769999999999
1 234 395 -5.60597
1 255 399 -871.943
1 267 483 -1856.01
1 243 350 -104.314
1 261 521 -3.0186
1 244 406 -1.2500799999999999
1 288 370 -249.25
1 162 138 -2.08928
1 164 144 -54.6134
1 218 352 -2027.63
1 259 459 -4.1397900000000005
1 267 360 -2.21254
1 261 433 -5.62065
1 251 431 -994.93
1 292 373 -13.2406
1 265 476 -21.5614
1 235 401 -15.9554
1 271 480 -28.1592
1 259 438 -10.9532
1 250 372 -15.2804
1 279 460 -10.6082
1 268 485 -94.2899
1 272 492 -22.0593
1 243 423 -18.4997
1 259 448 -134.543
1 271 535 -179.252
1 244 609 -26.4343
1 160 144 -56.4494
1 212 180 -301.195
1 217 228 -1129.82
1 245 387 -131.003
1 252 431 -71.5839
1 251 443 -329.66900000000004
1 250 444 -261.001
1 284 437 -799.915
1 201 245 -5606.59
1 237 397 -1694.83
1 252 401 -4396.37
1 201 299 -52751.2
1 175 170 -2950.84
1 258 419 -285352.0
1 261 540 -223.80700000000002
