1 62 1 3798.3
1 61 2 3770.7
1 60 3 3749.7
1 59 4 3733.5
1 58 5 3721.5
1 57 6 3713.4
1 56 7 3709.2
1 55 8 3709.0
1 54 9 3713.4
1 53 10 3722.5
1 52 11 3736.7
1 51 12 3755.5
1 49 13 3767.8
1 50 13 3777.1
1 48 14 3789.3
1 47 15 3784.5
1 46 16 3776.7
1 45 17 3766.9
1 45 18 3767.6
1 45 19 3768.3
1 44 20 3756.4
1 44 21 3756.2
1 44 22 3755.5
1 44 23 3754.2
1 44 24 3752.2
1 44 25 3749.4
1 44 26 3745.6
1 44 27 3740.7
1 44 28 3734.5
1 44 29 3727.0
1 44 30 3717.9
1 44 31 3707.0
1 44 32 3694.2
1 44 33 3679.1
1 44 34 3661.5
1 44 35 3641.1
1 44 36 3617.4
1 44 37 3589.8
1 44 38 3557.8
1 44 39 3520.3
1 44 40 3476.1
1 44 41 3422.8
1 43 42 3304.0
1 43 43 3265.0
1 43 44 3203.3
1 42 45 3052.1
1 42 46 2997.6
1 40 47 2765.7
1 41 47 2812.0
1 40 48 2729.6
1 40 49 2663.5
1 40 50 2567.6
1 35 78 4859.7
1 35 79 4888.1
1 34 80 4945.1
1 33 81 5025.5
1 32 82 5089.1
1 31 83 5102.5
1 30 84 5114.2
1 29 85 5123.1
1 28 86 5145.4
1 27 87 5164.2
1 26 88 5190.3
1 25 89 5217.8
1 25 90 5254.2
1 24 91 5241.3
1 24 92 5256.5
1 24 93 5293.6
1 24 94 5330.6
1 23 95 5345.7
1 23 96 5386.0
1 23 97 5422.3
1 22 98 5430.3
1 22 99 5471.4
1 22 100 5508.4
1 22 101 5545.7
1 21 102 5566.0
1 21 103 5611.1
1 20 104 5633.2
1 20 105 5675.7
1 19 106 5707.7
1 19 107 5752.1
1 18 108 5788.7
1 18 109 5828.5
1 17 110 5747.7
1 17 111 5758.8
1 17 112 5868.1
1 65 109 6030.5
1 66 109 6027.0
1 67 109 5976.4
1 68 109 5941.6
1 69 109 5951.1
1 62 110 5964.5
1 63 110 6002.2
1 64 110 6023.1
1 70 110 6040.0
1 60 111 5859.4
1 61 111 5880.9
1 71 111 6106.0
1 37 112 5647.1
1 38 112 5707.3
1 39 112 5768.9
1 40 112 5814.4
1 41 112 5851.4
1 42 112 5873.4
1 43 112 5884.6
1 44 112 5893.7
1 45 112 5900.9
1 46 112 5910.4
1 47 112 5919.3
1 48 112 5936.9
1 55 112 5739.6
1 56 112 5761.3
1 57 112 5778.4
1 58 112 5795.2
1 59 112 5810.1
1 72 112 6143.0
1 16 113 5956.8
1 33 113 5631.7
1 34 113 5615.1
1 35 113 5599.2
1 36 113 5578.7
1 49 113 5930.6
1 50 113 5908.4
1 51 113 5855.3
1 52 113 5800.7
1 53 113 5744.1
1 54 113 5707.4
1 73 113 6175.3
1 16 114 6015.9
1 29 114 5721.3
1 30 114 5696.1
1 31 114 5668.3
1 32 114 5633.3
1 74 114 6198.4
1 75 114 6202.5
1 16 115 6072.6
1 25 115 5833.0
1 26 115 5810.2
1 27 115 5781.0
1 28 115 5741.0
1 76 115 6234.3
1 16 116 6127.9
1 21 116 5975.7
1 22 116 5990.6
1 23 116 5903.4
1 24 116 5863.2
1 77 116 6249.5
1 78 116 6247.6
1 79 116 6260.2
1 16 117 6182.1
1 20 117 6023.7
1 80 117 6281.1
1 81 117 6279.2
1 82 117 6258.6
1 83 117 6231.1
1 84 117 6202.0
1 16 118 6219.5
1 17 118 6185.7
1 18 118 6138.6
1 19 118 6085.1
1 85 118 6131.5
1 85 119 6089.7
1 86 120 6072.5
1 86 121 6095.2
1 86 122 6120.0
1 86 123 6137.3
1 86 124 6149.7
1 86 125 6159.3
1 86 126 6166.4
1 86 127 6170.1
1 86 128 6170.7
1 86 129 6169.0
1 86 130 6166.3
1 86 131 6162.1
1 86 132 6155.2
1 86 133 6146.5
1 86 134 6134.7
1 86 135 6118.8
1 86 136 6099.7
1 85 137 6050.6
1 85 138 6037.7
1 84 139 6032.8
1 83 140 6073.8
1 82 141 6157.7
1 82 142 6174.0
1 81 143 6226.7
1 80 144 6287.2
1 79 145 6356.2
1 78 146 6419.8
1 77 147 6487.1
1 76 148 6559.0
1 75 149 6636.4
1 75 150 6700.7
1 75 151 6761.3
1 75 152 6821.9
1 75 153 6868.8
1 76 154 6862.0
1 77 154 6849.2
1 78 154 6839.0
1 79 155 6827.7
1 80 155 6815.1
1 81 156 6797.5
1 82 157 6771.0
1 82 158 6748.6
1 83 158 6734.5
1 84 159 6704.6
1 84 160 6676.8
1 84 161 6652.4
1 84 162 6628.5
1 85 163 6603.4
1 86 164 6574.0
1 87 165 6537.0
1 88 166 6502.2
1 89 167 6468.6
1 90 168 6387.2
1 90 169 6337.2
1 91 170 6269.8
1 92 171 6198.4
1 93 172 6167.7
1 94 173 6141.2
1 94 174 6138.8
1 95 175 6123.4
1 95 176 6109.0
1 95 177 6113.7
1 95 178 6120.7
1 95 179 6126.0
1 96 180 5954.7
1 97 181 5971.7
1 98 182 5989.2
1 99 183 6006.7
1 100 184 6022.5
1 101 185 6037.9
1 102 185 6046.3
1 103 185 6061.9
1 104 186 6096.3
1 105 186 6097.4
1 106 187 6100.6
1 107 188 6096.4
1 108 189 5914.1
1 108 190 5916.1
1 108 191 5917.1
1 108 192 5916.7
1 108 193 5912.5
1 107 194 5707.4
1 107 195 5703.4
1 107 196 5695.6
1 107 197 5685.3
1 107 198 5673.3
1 106 199 5634.9
1 106 200 5622.0
1 105 201 5576.1
1 105 202 5562.9
1 104 203 5522.4
1 104 204 5513.7
1 104 205 5498.7
1 104 206 5477.3
1 104 207 5444.2
1 98 208 5460.6
1 99 208 5470.7
1 100 208 5483.1
1 101 208 5496.0
1 102 208 5513.7
1 103 208 5542.4
1 97 209 5451.3
1 97 210 5450.1
1 97 211 5446.0
1 97 212 5440.7
1 96 213 5424.1
1 95 214 5416.7
1 95 215 5415.4
1 94 216 5408.0
1 94 217 5407.1
1 94 218 5406.4
1 95 219 5410.6
1 96 220 5414.1
1 97 221 5418.0
1 97 222 5416.9
1 98 223 5420.2
1 98 224 5418.8
1 99 225 5422.9
1 99 226 5421.0
1 100 227 5242.1
1 128 227 5398.5
1 129 227 5461.6
1 101 228 5248.0
1 107 228 5142.9
1 108 228 5167.8
1 109 228 5196.4
1 110 228 5228.4
1 111 228 5263.1
1 125 228 5283.4
1 126 228 5309.8
1 127 228 5318.0
1 130 228 5187.6
1 131 228 5194.1
1 132 228 5188.2
1 133 228 5189.3
1 134 228 5195.5
1 135 228 5209.9
1 136 228 5226.9
1 137 228 5240.2
1 138 228 5267.0
1 102 229 5252.8
1 106 229 5280.7
1 112 229 5117.3
1 118 229 5143.6
1 119 229 5162.0
1 120 229 5177.9
1 121 229 5192.0
1 122 229 5203.3
1 123 229 5212.7
1 124 229 5215.2
1 139 229 5340.3
1 103 230 5256.3
1 104 230 5258.9
1 105 230 5261.9
1 113 230 5133.9
1 114 230 5125.4
1 115 230 5121.1
1 116 230 5118.6
1 117 230 5110.7
1 140 230 5307.1
1 139 231 5374.7
1 137 232 5411.3
1 138 232 5410.6
1 136 233 5414.6
1 135 234 5407.4
1 133 235 5374.7
1 134 235 5388.0
1 132 236 5357.8
1 130 237 5314.5
1 131 237 5329.7
1 129 238 5303.3
1 128 239 5287.2
1 127 240 5267.3
1 127 241 5257.5
1 127 242 5244.6
1 128 243 5252.9
1 129 244 5251.2
1 129 245 5238.5
1 130 246 5234.7
1 131 246 5233.6
1 132 246 5236.5
1 133 246 5245.8
1 134 246 5263.2
1 135 246 5289.6
1 136 246 5316.8
1 137 246 5336.8
1 138 246 5358.8
1 139 247 5409.5
1 140 247 5434.0
1 141 247 5471.5
1 142 247 5514.8
1 143 248 5577.8
1 144 249 5671.3
1 144 250 5698.1
1 145 251 5749.9
1 145 252 5775.5
1 145 253 5795.8
1 146 254 5829.1
1 146 255 5826.5
1 146 256 5820.5
1 146 257 5812.6
1 146 258 5802.4
1 146 259 5790.6
1 146 260 5777.2
1 146 261 5764.9
1 146 262 5751.7
1 146 263 5738.5
1 146 264 5728.4
1 146 265 0.0
1 147 266 5482.8
1 147 267 5453.7
1 147 268 5428.8
1 147 269 5389.1
1 147 270 5356.1
1 148 271 5306.0
1 148 272 5279.2
1 148 273 5252.1
1 148 274 5230.3
1 149 274 5215.4
1 149 275 5175.8
1 149 276 5143.6
1 149 277 5091.0
1 149 278 5036.4
1 150 279 5132.7
1 150 280 5087.7
1 150 281 5046.5
1 150 282 5016.2
1 151 283 4932.5
1 151 284 4888.7
1 151 285 4855.4
1 152 286 4761.4
1 152 287 4706.8
1 152 288 4662.5
1 152 289 4628.0
1 153 290 4722.8
1 153 291 4696.3
1 153 292 4704.2
1 154 293 4715.0
1 154 294 4726.6
1 154 295 4736.1
1 154 296 4742.2
1 155 297 4760.1
1 155 298 4763.9
1 156 299 4586.8
1 157 299 4593.1
1 158 299 4602.6
1 159 299 4615.1
1 160 299 4631.1
1 161 299 4650.5
1 162 300 4681.7
1 162 301 4684.5
1 162 302 4683.6
1 162 303 4681.0
1 162 304 4678.3
1 163 305 4857.4
1 163 306 4848.4
1 163 307 4838.6
1 163 308 4829.3
1 163 309 4823.2
1 164 310 5039.4
1 165 311 5081.0
1 166 312 5152.7
1 167 313 5211.3
1 168 314 5244.2
1 168 315 5076.7
1 168 316 5081.0
1 169 316 5088.5
1 169 317 5094.3
1 170 317 5104.1
1 171 318 5105.2
1 171 319 5081.8
1 172 320 5033.9
1 172 321 4986.4
1 172 322 4938.1
1 172 323 4887.1
1 172 324 4847.4
1 173 325 4845.9
1 173 326 4849.5
1 173 327 4851.3
1 174 328 4860.7
1 174 329 4862.3
1 174 330 4863.3
1 175 331 4867.8
1 176 331 4871.8
1 177 331 4877.7
1 178 332 4887.1
1 179 333 4889.7
1 179 334 4886.6
1 179 335 4883.5
1 180 336 4881.0
1 181 337 4872.5
1 181 338 4867.8
1 187 338 4741.0
1 188 338 4762.1
1 189 338 4779.7
1 190 338 4793.4
1 182 339 4858.5
1 186 339 4873.5
1 191 339 4797.0
1 192 339 5216.0
1 182 340 4852.5
1 186 340 4857.8
1 193 340 5215.3
1 182 341 4848.9
1 186 341 4847.8
1 194 341 5215.2
1 195 341 5216.8
1 183 342 4845.3
1 184 342 4845.1
1 185 342 4844.6
1 186 342 4843.5
1 196 342 5216.5
1 196 343 5214.4
1 197 344 5213.3
1 198 345 5210.9
1 199 346 5208.8
1 200 346 5210.4
1 201 346 5212.6
1 202 346 5214.7
1 203 346 5215.5
1 204 346 4347.61
1 205 347 5199.5
1 206 347 5193.3
1 207 348 5398.8
1 207 349 5496.1
1 207 350 5637.0
1 206 351 5696.9
1 205 352 5701.7
1 205 353 5706.2
1 205 354 5711.2
1 206 355 5734.1
1 206 356 5742.3
1 207 357 5767.0
1 208 357 5784.2
1 209 358 5465.4
1 210 359 5522.7
1 211 359 5550.7
1 212 360 5470.5
1 212 361 5507.7
1 208 362 5529.9
1 209 362 5534.6
1 210 362 5541.7
1 211 362 5547.4
1 207 363 5526.1
1 206 364 5520.7
1 206 365 5522.0
1 206 366 5522.2
1 206 367 5521.4
1 206 368 5520.4
1 206 369 5519.2
1 207 369 5525.6
1 208 369 5542.1
1 209 369 5563.8
1 210 369 5588.2
1 211 369 5618.5
1 212 369 5654.9
1 213 369 5699.1
1 214 370 5595.6
1 215 370 5629.4
1 216 372 5626.7
1 214 373 5263.1
1 215 373 5351.3
1 214 374 5220.0
1 213 375 5270.2
1 212 376 5247.8
1 211 377 5194.7
1 211 378 5183.6
1 211 379 5178.1
1 211 380 5180.2
1 211 381 5189.3
1 211 382 5243.7
1 211 383 5293.5
1 212 384 45000.0
1 212 385 45000.0
1 212 386 45000.0
1 212 387 45000.0
1 212 388 45000.0
1 212 389 45000.0
1 212 390 45000.0
1 212 391 45000.0
1 212 392 45000.0
1 212 393 45000.0
1 213 394 45000.0
1 213 395 45000.0
1 213 396 45000.0
1 213 397 45000.0
1 213 398 45000.0
1 213 399 45000.0
1 213 400 45000.0
1 213 401 45000.0
1 213 402 45000.0
1 214 403 45000.0
1 214 404 45000.0
1 214 405 45000.0
1 214 406 45000.0
1 214 407 45000.0
1 214 409 45000.0
1 214 410 45000.0
1 214 411 45000.0
1 214 412 45000.0
1 214 413 45000.0
1 214 414 45000.0
1 214 415 45000.0
1 215 416 45000.0
1 215 417 45000.0
1 227 417 45000.0
1 228 417 45000.0
1 229 417 45000.0
1 216 418 45000.0
1 226 418 45000.0
1 230 418 45000.0
1 217 419 45000.0
1 218 419 45000.0
1 219 419 45000.0
1 220 419 45000.0
1 221 419 45000.0
1 222 419 45000.0
1 223 419 45000.0
1 224 419 45000.0
1 225 419 45000.0
1 229 419 45000.0
1 229 420 45000.0
1 226 421 45000.0
1 227 421 45000.0
1 228 421 45000.0
1 224 422 45000.0
1 225 422 45000.0
1 224 423 45000.0
1 224 424 45000.0
1 225 424 45000.0
1 226 424 45000.0
1 227 424 45000.0
1 228 424 45000.0
1 229 425 45000.0
1 229 426 45000.0
1 229 427 45000.0
1 229 428 45000.0
1 229 429 45000.0
1 228 430 45000.0
1 228 431 45000.0
1 228 432 45000.0
1 228 433 45000.0
1 228 434 45000.0
1 228 435 45000.0
1 229 435 45000.0
1 230 436 45000.0
1 230 437 45000.0
1 230 438 45000.0
1 230 439 45000.0
1 230 440 45000.0
1 230 441 45000.0
1 230 442 45000.0
1 230 443 45000.0
1 230 444 45000.0
1 230 445 45000.0
1 230 446 45000.0
1 230 447 45000.0
1 230 448 45000.0
1 230 449 45000.0
1 230 450 45000.0
1 230 451 45000.0
1 230 452 45000.0
1 230 453 45000.0
1 230 454 45000.0
1 230 455 45000.0
1 230 456 45000.0
1 231 457 45000.0
1 231 458 45000.0
1 231 459 45000.0
1 231 460 45000.0
1 232 461 45000.0
1 232 462 45000.0
1 232 463 45000.0
1 232 464 45000.0
1 233 464 45000.0
1 234 464 45000.0
1 235 464 45000.0
1 236 464 45000.0
1 237 464 45000.0
1 238 464 45000.0
1 239 465 45000.0
1 239 466 45000.0
1 239 467 5337.1
1 238 468 5337.1
1 238 469 5337.1
1 238 470 5337.1
1 239 471 5337.1
1 240 471 5337.1
1 241 472 5337.1
1 242 472 5337.1
1 243 472 5337.1
1 244 473 5337.1
1 245 474 5337.1
1 246 475 5337.1
1 246 476 5337.1
1 246 477 5337.1
1 246 478 5337.1
1 246 479 5337.1
1 246 480 5337.1
1 245 481 5337.1
1 245 482 5337.1
1 244 483 5337.1
1 243 484 5337.1
1 243 485 5337.1
1 243 486 5337.1
1 243 487 5337.1
1 243 488 5337.1
1 243 489 5337.1
1 242 490 5337.1
1 242 491 5337.1
1 241 492 5337.1
1 241 493 5337.1
1 240 494 5337.1
1 239 495 5337.1
1 238 496 5337.1
1 235 497 5337.1
1 236 497 5337.1
1 237 497 5337.1
1 233 498 5337.1
1 234 498 5337.1
1 233 499 5337.1
1 232 500 5337.1
1 231 501 5337.1
1 231 502 5337.1
1 231 503 5337.1
1 231 504 5337.1
1 231 505 5337.1
1 231 506 5337.1
1 231 507 5337.1
1 231 508 5337.1
1 231 509 5337.1
1 231 510 5337.1
1 231 511 5337.1
1 231 512 5337.1
1 231 513 5337.1
1 231 514 5337.1
1 231 515 5337.1
1 232 516 5337.1
1 232 517 5337.1
1 232 518 5337.1
1 233 519 5337.1
1 233 520 5337.1
1 233 521 5337.1
1 234 522 5337.1
1 234 523 5337.1
1 235 524 5337.1
1 235 525 5337.1
1 236 525 5337.1
1 237 525 5337.1
1 238 525 5337.1
1 239 526 5337.1
1 239 527 5337.1
1 240 528 5437.9
1 240 529 5453.1
1 241 530 5519.7
1 241 531 5549.7
1 241 532 5566.6
1 241 533 5578.1
1 241 534 5586.4
1 242 535 5064.8
1 242 536 5076.1
1 243 536 5094.1
1 244 536 5126.6
1 245 536 5155.2
1 246 537 5210.6
1 246 538 5227.7
1 247 539 5267.6
1 248 540 5303.1
1 249 540 5315.2
1 250 540 5331.6
1 251 541 5365.2
1 250 544 5398.8
1 251 544 5401.1
1 245 545 5344.2
1 246 545 5355.4
1 247 545 5374.0
1 248 545 5387.7
1 249 545 5393.2
1 243 546 5317.7
1 244 546 5321.7
1 243 547 5318.4
1 242 548 5314.5
1 242 549 5314.8
1 241 550 5308.6
1 241 551 5306.9
1 240 552 5296.5
1 239 553 5285.5
1 238 554 0.0
1 237 555 5249.9
1 236 556 5248.8
1 236 557 5248.8
1 232 558 5189.1
1 233 558 5186.1
1 234 558 5193.8
1 235 558 5197.3
1 232 559 5201.2
1 231 560 5201.4
1 231 561 5209.8
1 231 562 5216.5
1 231 563 5221.6
1 231 564 5222.9
1 230 565 5389.7
1 230 566 5382.9
1 230 567 5372.0
1 230 568 5359.6
1 215 371 5678.1
1 39 51 6043.2
1 39 52 5967.8
1 38 53 5714.5
1 38 54 5641.8
1 37 55 5375.6
1 36 56 5152.8
1 35 57 4950.0
1 35 58 4889.0
1 35 59 4787.7
1 35 60 8397.7
1 35 61 8262.3
1 35 62 8125.5
1 35 63 7985.2
1 35 64 7841.2
1 35 65 7693.4
1 35 66 7542.6
1 35 67 7395.4
1 35 68 7276.3
1 36 69 10770.0
1 36 70 10502.6
1 36 71 10250.3
1 36 72 10007.1
1 36 73 9772.1
1 36 74 9559.1
1 36 75 9377.7
1 36 76 9287.9
1 36 77 9255.2
1 230 569 5347.0
1 230 570 5333.5
1 230 571 5317.4
1 230 572 5306.0
1 230 573 5316.9
1 230 574 5332.4
1 230 575 5342.6
1 230 576 5344.7
1 230 577 5179.6
1 230 578 5212.8
1 230 579 5245.9
1 230 580 5275.3
1 230 581 5278.4
1 230 582 5283.8
1 230 583 5286.3
1 230 584 5285.4
1 230 585 5282.0
1 230 586 5277.4
1 230 587 5271.3
1 230 588 5267.4
1 229 589 5251.5
1 229 590 5242.2
1 228 591 5219.5
1 228 592 5203.8
1 228 593 5186.5
1 228 594 5164.3
1 227 595 5120.1
1 227 596 5096.9
1 227 597 5068.8
1 227 598 5035.6
1 227 599 4786.4
1 226 600 4700.2
1 226 601 4698.2
1 226 602 4696.9
1 226 603 4697.6
1 225 604 4268.5
1 224 605 4268.5
1 223 606 4290.4
1 222 607 4310.8
1 223 605 4275.0
1 114 114 -2323.2
1 117 120 -818.8939999999999
1 121 111 -60112.8
1 121 113 -45738.0
1 124 115 -28604.4
1 125 116 -52707.6
1 126 120 -4646.4
1 129 121 -4791.6
1 130 122 -818.8939999999999
1 133 112 -54885.6
1 135 194 -1254.49
1 140 168 -31653.6
1 141 191 -4065.6
1 143 126 -54159.6
1 143 190 -145.2
1 144 166 -26716.8
1 144 182 -27007.2
1 146 117 -10309.2
1 146 188 -14374.8
1 146 190 -13648.8
1 147 132 -2468.4
1 147 145 -818.8939999999999
1 148 167 -9728.4
1 148 176 -18968.9
1 148 196 -7550.4
1 149 145 -8131.2
1 150 198 -10454.4
1 151 142 -6679.2
1 151 195 -74632.8
1 152 123 -12777.6
1 152 125 -818.8939999999999
1 152 132 -5320.09
1 153 111 -11761.2
1 153 192 -11616.0
1 154 125 -580.8
1 154 171 -19259.3
1 155 112 -18295.2
1 155 129 -164076.0
1 156 129 -176128.0
1 157 116 -1452.0
1 157 135 -10930.6
1 157 140 -67372.8
1 157 251 -16552.8
1 158 133 -20856.5
1 158 137 -26281.2
1 158 181 -32234.4
1 159 173 -25845.6
1 161 125 -290.4
1 162 119 -2758.8
1 162 121 -5808.0
1 162 128 -189341.0
1 162 132 -1306.8
1 162 140 -1161.6
1 162 167 -1161.6
1 162 169 -290.4
1 163 137 -580.8
1 163 138 -4158.49
1 164 135 -11325.6
1 165 130 -8712.0
1 165 131 -871.2
1 166 126 -435.6
1 167 259 -2032.8
1 168 123 -9002.4
1 168 208 -25700.4
1 170 131 -11906.4
1 170 132 -2758.8
1 170 163 -44286.0
1 171 130 -2178.0
1 171 131 -6969.6
1 171 132 -20763.6
1 172 130 -3049.2
1 174 123 -8276.4
1 174 135 -9002.4
1 175 134 -8276.4
1 175 204 -5953.2
1 176 176 -3630.0
1 176 202 -3630.0
1 178 164 -871.2
1 179 181 -24248.4
1 179 183 -17714.4
1 179 210 -36590.4
1 180 208 -10890.0
1 183 184 -38623.2
1 184 246 -3049.2
1 187 200 -15681.6
1 187 281 -10164.0
1 188 198 -12342.0
1 188 209 -9292.8
1 188 240 -27007.2
1 188 258 -33541.2
1 189 282 -31944.0
1 190 281 -31653.6
1 191 281 -167996.0
1 193 256 -435.6
1 193 260 -12582.8
1 197 204 -13213.2
1 197 252 -4065.6
1 198 298 -840.9839999999999
1 199 211 -5953.2
1 199 231 -4065.6
1 199 298 -818.8939999999999
1 200 298 -818.8939999999999
1 201 234 -3049.2
1 203 275 -32960.4
1 203 280 -14374.8
1 204 248 -15799.7
1 205 300 -848.3939999999999
1 206 196 -49077.6
1 206 286 -4596.74
1 206 300 -1637.79
1 211 255 -3484.8
1 212 258 -52998.0
1 213 264 -145.2
1 214 240 -3920.4
1 215 260 -1016.4
1 216 267 -2032.8
1 217 264 -23086.8
1 217 365 -726.0
1 219 310 -15246.0
1 221 223 -1597.2
1 221 246 -5082.0
1 221 284 -466.06
1 222 352 -2004.69
1 222 369 -5227.2
1 223 271 -4936.8
1 224 301 -28314.0
1 224 374 -9314.43
1 226 331 -29262.7
1 226 350 -30.77
1 226 365 -39533.1
1 226 382 -22918.7
1 228 225 -115724.0
1 230 255 -7550.4
1 231 401 -1544.89
1 232 256 -3339.6
1 232 364 -127.3
1 232 370 -15616.6
1 233 337 -818.8939999999999
1 233 376 -2484.23
1 233 394 -1637.79
1 234 304 -4160.98
1 234 393 -878.1439999999999
1 235 367 -5.76
1 235 605 -659.49
1 235 609 -5730.45
1 236 263 -4646.4
1 236 351 -9583.2
1 237 237 -17714.4
1 237 316 -37435.1
1 237 357 -15038.2
1 237 389 -818.8939999999999
1 238 221 -4356.0
1 238 398 -13.28
1 238 605 -4207.86
1 238 609 -1637.79
1 239 250 -1452.0
1 239 338 -1016.4
1 239 426 -726.0
1 239 605 -4094.47
1 239 606 -2456.68
1 239 619 -818.8939999999999
1 240 380 -818.8939999999999
1 240 426 -818.8939999999999
1 240 608 -3275.58
1 241 335 -11325.6
1 241 342 -4065.6
1 241 604 -818.8939999999999
1 242 311 -6658.89
1 243 371 -21756.4
1 243 389 -2468.4
1 243 422 -145.2
1 243 431 -191.61
1 243 605 -4094.47
1 244 605 -4913.37
1 244 621 -4547.57
1 245 238 -17424.0
1 245 322 -22360.8
1 245 337 -818.8939999999999
1 245 370 -5292.87
1 245 621 -818.8939999999999
1 246 321 -3969.42
1 246 618 -2456.68
1 247 344 -818.8939999999999
1 247 383 -11903.4
1 247 384 -1420350.0
1 248 251 -48205.3
1 248 424 -7405.2
1 248 436 -6824.4
1 248 442 -580.8
1 248 444 -37935.9
1 248 589 -5662.8
1 249 373 -818.8939999999999
1 249 424 -818.8939999999999
1 249 430 -33375.6
1 249 436 -5065.61
1 249 606 -4094.47
1 250 326 -2808.74
1 250 424 -818.8939999999999
1 250 425 -677794.0
1 250 431 -16447.2
1 250 595 -2747.08
1 251 356 -63538.4
1 251 408 -929.95
1 251 456 -1109.29
1 251 457 -41.24
1 251 594 -818.8939999999999
1 251 595 -843.794
1 251 596 -1637.79
1 252 230 -40220.4
1 252 285 -3049.2
1 252 329 -31847.2
1 252 450 -726.0
1 252 595 -818.8939999999999
1 252 606 -818.8939999999999
1 253 298 -6679.2
1 253 331 -13452.7
1 253 332 -16621.0
1 253 416 -145.2
1 253 445 -72456.5
1 254 338 -10454.4
1 254 367 -726.0
1 254 407 -154856.0
1 254 597 -818.8939999999999
1 254 607 -818.8939999999999
1 255 381 -37316.4
1 255 383 -40946.4
1 255 388 -31798.8
1 255 395 -2323.2
1 255 420 -9873.6
1 255 439 -17133.6
1 255 443 -99636.7
1 255 595 -818.8939999999999
1 255 596 -818.8939999999999
1 255 606 -818.8939999999999
1 255 609 -1637.79
1 255 610 -1097.22
1 256 314 -6566.0
1 256 335 -13068.0
1 256 341 -580.8
1 256 413 -2468.4
1 256 586 -51726.9
1 256 593 -3275.58
1 257 238 -871.2
1 257 324 -1915.31
1 257 576 -4992.9
1 257 599 -52915.3
1 257 600 -57354.0
1 258 325 -12.77
1 258 336 -2680.67
1 258 418 -272823.0
1 258 420 -21495.9
1 258 442 -1004260.0
1 258 585 -4913.37
1 258 595 -1637.79
1 258 601 -4416.92
1 258 602 -29623.7
1 259 340 -9530.89
1 259 405 -2940.98
1 259 588 -32796.3
1 259 592 -1187.59
1 259 593 -1187.59
1 260 342 -18730.8
1 260 349 -871.2
1 260 358 -24829.2
1 260 407 -2686990.0
1 260 413 -35842.5
1 260 424 -287.3
1 260 461 -2323.2
1 260 463 -34122.0
1 260 464 -38042.4
1 260 585 -11677.2
1 260 586 -35693.4
1 261 337 -4210.8
1 261 355 -40220.4
1 261 381 -347641.0
1 261 395 -92937.5
1 261 416 -27878.4
1 261 418 -818.8939999999999
1 261 429 -31811.6
1 261 464 -12922.8
1 261 492 -818.8939999999999
1 261 571 -5082.0
1 261 576 -15046.0
1 262 345 -7840.8
1 262 540 -301.98
1 262 564 -38134.7
1 262 567 -4268.87
1 262 568 -24974.4
1 262 570 -122984.0
1 262 571 -871.2
1 263 471 -2613.6
1 263 477 -125017.0
1 263 520 -1637.79
1 263 582 -3872.29
1 264 265 -27297.6
1 264 345 -26281.2
1 264 355 -290.4
1 264 367 -818.8939999999999
1 264 383 -61355.0
1 264 407 -3484.8
1 264 428 -171713.0
1 264 468 -65.38
1 264 471 -20037.6
1 264 476 -145.2
1 264 477 -144038.0
1 264 523 -2892.28
1 264 524 -435.6
1 264 549 -3362.77
1 265 364 -21228.5
1 265 374 -15422.3
1 265 380 -23.75
1 265 422 -234451.0
1 266 337 -964.0939999999999
1 266 340 -580.8
1 266 462 -145.2
1 267 391 -580.8
1 267 396 -45738.0
1 267 463 -1742.4
1 267 555 -818.8939999999999
1 267 556 -818.8939999999999
1 268 333 -1016.4
1 268 334 -290.4
1 268 436 -3350570.0
1 268 455 -11.75
1 268 479 -726.0
1 268 480 -580.8
1 268 489 -2951.27
1 269 363 -818.8939999999999
1 269 397 -87410.4
1 269 450 -1306.8
1 269 456 -10740.5
1 269 541 -818.8939999999999
1 270 337 -7260.0
1 270 352 -4936.8
1 270 412 -59486.1
1 270 417 -388416.0
1 270 429 -1190.56
1 270 481 -818.8939999999999
1 270 483 -1589.36
1 270 484 -818.8939999999999
1 270 486 -5273.49
1 270 498 -145.2
1 271 319 -51877.0
1 271 371 -726.0
1 271 415 -122623.0
1 271 485 -304.02
1 271 493 -109534.0
1 271 498 -11325.6
1 271 537 -179060.0
1 272 336 -14530.8
1 272 337 -702.28
1 272 366 -5808.0
1 272 368 -136849.0
1 272 388 -724887.0
1 272 396 -8566.8
1 272 450 -6243.6
1 272 451 -17278.8
1 272 453 -580.8
1 272 462 -2652630.0
1 272 491 -14.05
1 272 497 -28554.2
1 272 498 -59822.4
1 272 530 -90554.2
1 272 532 -179432.0
1 272 535 -62083.6
1 273 363 -4646.4
1 273 392 -494.53
1 273 480 -5372.4
1 273 510 -2125.69
1 273 516 -19587.2
1 273 517 -209611.0
1 273 518 -217.72
1 274 409 -1887.6
1 274 520 -24393.6
1 274 523 -145.2
1 275 367 -119935.0
1 275 450 -435.6
1 275 506 -871.2
1 276 366 -85087.2
1 276 392 -1597.2
1 276 446 -2178.0
1 276 474 -23060.8
1 277 294 -51765.6
1 277 390 -10309.2
1 277 407 -984594.0
1 277 431 -1403.65
1 277 468 -145.2
1 277 472 -49973.0
1 277 480 -55878.6
1 277 482 -290.4
1 278 365 -23232.0
1 278 435 -877.84
1 278 482 -3775.2
1 279 310 -32445.3
1 279 336 -290.4
1 279 433 -177466.0
1 279 438 -281476.0
1 279 475 -94806.4
1 279 485 -6824.4
1 280 365 -14084.4
1 280 433 -16277.9
1 280 442 -21489.6
1 280 469 -35821.0
1 280 471 -45658.6
1 281 458 -1940550.0
1 282 409 -6969.6
1 282 424 -1452.0
1 282 430 -290.4
1 282 436 -245.08
1 282 454 -3921.3
1 283 354 -2032.8
1 283 429 -326700.0
1 283 449 -6906.0
1 283 452 -102743.0
1 283 455 -19882.8
1 283 468 -43386.5
1 284 339 -36407.7
1 284 457 -5517.6
1 284 463 -26147.9
1 284 481 -4117.92
1 285 336 -3194.4
1 285 374 -1161.6
1 285 467 -162471.0
1 285 475 -72027.2
1 286 330 -57652.0
1 286 425 -12929.1
1 286 475 -29801.9
1 286 477 -59706.3
1 287 388 -35432.0
1 287 426 -818.8939999999999
1 287 477 -31593.2
1 288 419 -12487.2
1 288 423 -1437.38
1 288 426 -818.8939999999999
1 289 351 -1597.2
1 289 404 -198153.0
1 289 459 -22.28
1 289 468 -38776.3
1 290 382 -39145.1
1 290 402 -191.61
1 290 411 -5082.0
1 290 412 -8276.4
1 290 413 -1016.4
1 291 355 -22501.4
1 291 373 -871.2
1 292 365 -15246.0
1 292 416 -1161.6
1 292 469 -19530.8
1 294 435 -27297.6
1 294 447 -52371.6
1 294 458 -60851.1
1 295 356 -56.44
1 295 391 -32524.8
1 296 388 -2503.44
1 296 398 -50544.7
1 296 406 -169.77
1 296 433 -2323.2
1 297 381 -9292.8
1 297 395 -81612.1
1 297 401 -19227.8
1 297 402 -38103.5
1 297 413 -1674460.0
1 297 415 -62436.0
1 297 442 -44560.2
1 298 390 -9583.2
1 299 354 -726.0
1 299 355 -1098.57
1 299 387 -46.48
1 102 110 -818.8939999999999
1 102 113 -818.8939999999999
1 103 100 -818.8939999999999
1 103 104 -818.8939999999999
1 104 115 -818.8939999999999
1 105 115 -818.8939999999999
1 105 139 -818.8939999999999
1 108 117 -818.8939999999999
1 109 112 -818.8939999999999
1 111 155 -818.8939999999999
1 111 208 -818.8939999999999
1 112 181 -818.8939999999999
1 113 111 -818.8939999999999
1 113 159 -818.8939999999999
1 113 211 -818.8939999999999
1 114 173 -818.8939999999999
1 114 212 -1637.79
1 115 212 -1637.79
1 116 121 -818.8939999999999
1 116 150 -818.8939999999999
1 116 166 -818.8939999999999
1 117 119 -818.8939999999999
1 117 168 -818.8939999999999
1 117 210 -818.8939999999999
1 119 194 -818.8939999999999
1 119 202 -818.8939999999999
1 119 96 -818.8939999999999
1 120 155 -818.8939999999999
1 120 94 -818.8939999999999
1 121 187 -818.8939999999999
1 123 110 -818.8939999999999
1 123 111 -818.8939999999999
1 123 158 -818.8939999999999
1 123 168 -818.8939999999999
1 123 193 -818.8939999999999
1 123 202 -1637.79
1 125 150 -818.8939999999999
1 125 151 -818.8939999999999
1 125 193 -818.8939999999999
1 125 194 -818.8939999999999
1 126 121 -818.8939999999999
1 126 191 -818.8939999999999
1 126 195 -818.8939999999999
1 127 150 -818.8939999999999
1 127 160 -818.8939999999999
1 127 169 -818.8939999999999
1 127 195 -818.8939999999999
1 127 199 -1637.79
1 128 122 -818.8939999999999
1 128 148 -818.8939999999999
1 128 149 -818.8939999999999
1 128 152 -818.8939999999999
1 128 153 -818.8939999999999
1 128 154 -818.8939999999999
1 128 157 -818.8939999999999
1 128 199 -818.8939999999999
1 129 117 -818.8939999999999
1 129 119 -818.8939999999999
1 129 122 -818.8939999999999
1 129 146 -818.8939999999999
1 129 154 -1637.79
1 129 162 -818.8939999999999
1 129 176 -818.8939999999999
1 130 120 -818.8939999999999
1 130 154 -818.8939999999999
1 130 155 -818.8939999999999
1 130 156 -2456.68
1 130 194 -818.8939999999999
1 131 112 -818.8939999999999
1 131 121 -818.8939999999999
1 131 122 -818.8939999999999
1 131 150 -818.8939999999999
1 131 156 -818.8939999999999
1 131 157 -818.8939999999999
1 131 158 -818.8939999999999
1 131 161 -1637.79
1 131 198 -818.8939999999999
1 132 112 -818.8939999999999
1 132 155 -818.8939999999999
1 132 156 -818.8939999999999
1 132 160 -818.8939999999999
1 132 161 -1637.79
1 133 155 -818.8939999999999
1 133 159 -818.8939999999999
1 133 160 -1637.79
1 133 192 -1637.79
1 133 193 -818.8939999999999
1 134 148 -818.8939999999999
1 134 150 -818.8939999999999
1 134 151 -818.8939999999999
1 134 156 -818.8939999999999
1 134 191 -818.8939999999999
1 134 193 -3275.58
1 135 148 -4094.47
1 135 149 -1637.79
1 135 156 -818.8939999999999
1 135 157 -818.8939999999999
1 135 193 -2456.68
1 136 147 -818.8939999999999
1 136 148 -818.8939999999999
1 136 149 -818.8939999999999
1 136 150 -1637.79
1 136 153 -818.8939999999999
1 136 155 -818.8939999999999
1 137 148 -818.8939999999999
1 137 150 -818.8939999999999
1 137 153 -1637.79
1 137 154 -818.8939999999999
1 137 157 -2456.68
1 137 175 -818.8939999999999
1 137 206 -818.8939999999999
1 138 151 -818.8939999999999
1 138 152 -818.8939999999999
1 138 153 -2456.68
1 138 168 -818.8939999999999
1 138 169 -818.8939999999999
1 139 151 -818.8939999999999
1 140 138 -818.8939999999999
1 140 155 -3275.58
1 140 156 -818.8939999999999
1 140 171 -818.8939999999999
1 140 180 -818.8939999999999
1 141 149 -818.8939999999999
1 141 154 -1637.79
1 141 157 -818.8939999999999
1 141 171 -818.8939999999999
1 141 199 -1637.79
1 142 155 -818.8939999999999
1 142 156 -818.8939999999999
1 142 157 -818.8939999999999
1 142 158 -818.8939999999999
1 142 174 -818.8939999999999
1 142 179 -818.8939999999999
1 142 201 -818.8939999999999
1 143 146 -818.8939999999999
1 143 157 -2456.68
1 144 142 -1637.79
1 144 173 -818.8939999999999
1 145 142 -818.8939999999999
1 145 143 -818.8939999999999
1 145 151 -818.8939999999999
1 145 187 -818.8939999999999
1 145 226 -818.8939999999999
1 146 140 -818.8939999999999
1 146 141 -1637.79
1 146 145 -818.8939999999999
1 146 208 -818.8939999999999
1 146 229 -818.8939999999999
1 146 230 -818.8939999999999
1 146 232 -818.8939999999999
1 147 139 -2456.68
1 147 140 -818.8939999999999
1 147 141 -818.8939999999999
1 147 142 -818.8939999999999
1 147 229 -818.8939999999999
1 147 230 -818.8939999999999
1 147 233 -818.8939999999999
1 147 239 -818.8939999999999
1 147 240 -818.8939999999999
1 148 217 -818.8939999999999
1 148 221 -818.8939999999999
1 149 127 -818.8939999999999
1 149 147 -818.8939999999999
1 149 154 -818.8939999999999
1 149 222 -818.8939999999999
1 149 253 -818.8939999999999
1 150 160 -818.8939999999999
1 150 164 -818.8939999999999
1 150 177 -818.8939999999999
1 150 227 -818.8939999999999
1 150 236 -818.8939999999999
1 151 128 -818.8939999999999
1 151 228 -818.8939999999999
1 152 153 -818.8939999999999
1 152 173 -818.8939999999999
1 152 176 -818.8939999999999
1 152 222 -818.8939999999999
1 152 228 -818.8939999999999
1 153 126 -818.8939999999999
1 153 136 -818.8939999999999
1 153 155 -818.8939999999999
1 153 232 -818.8939999999999
1 153 238 -818.8939999999999
1 153 253 -818.8939999999999
1 154 126 -818.8939999999999
1 154 133 -818.8939999999999
1 154 161 -818.8939999999999
1 154 172 -818.8939999999999
1 154 220 -818.8939999999999
1 154 244 -818.8939999999999
1 155 170 -1637.79
1 155 216 -818.8939999999999
1 155 262 -818.8939999999999
1 156 160 -818.8939999999999
1 156 211 -818.8939999999999
1 156 223 -818.8939999999999
1 157 132 -818.8939999999999
1 157 133 -818.8939999999999
1 157 134 -2456.68
1 157 136 -818.8939999999999
1 157 194 -818.8939999999999
1 157 207 -818.8939999999999
1 157 240 -818.8939999999999
1 158 135 -818.8939999999999
1 158 248 -818.8939999999999
1 159 152 -818.8939999999999
1 159 231 -818.8939999999999
1 159 240 -818.8939999999999
1 159 247 -818.8939999999999
1 159 248 -818.8939999999999
1 159 250 -818.8939999999999
1 159 251 -818.8939999999999
1 159 257 -818.8939999999999
1 160 133 -818.8939999999999
1 160 249 -1637.79
1 160 251 -1637.79
1 160 252 -818.8939999999999
1 160 253 -818.8939999999999
1 160 262 -818.8939999999999
1 161 144 -1637.79
1 161 251 -818.8939999999999
1 161 253 -818.8939999999999
1 162 137 -1637.79
1 162 252 -1637.79
1 162 253 -818.8939999999999
1 163 152 -818.8939999999999
1 163 190 -818.8939999999999
1 163 236 -818.8939999999999
1 164 278 -818.8939999999999
1 164 290 -818.8939999999999
1 164 299 -818.8939999999999
1 165 133 -1637.79
1 165 134 -1637.79
1 165 135 -818.8939999999999
1 165 290 -818.8939999999999
1 166 131 -818.8939999999999
1 166 132 -818.8939999999999
1 166 133 -1637.79
1 166 134 -818.8939999999999
1 166 135 -818.8939999999999
1 166 210 -818.8939999999999
1 166 254 -818.8939999999999
1 166 255 -818.8939999999999
1 167 127 -818.8939999999999
1 167 132 -1637.79
1 167 133 -1637.79
1 167 134 -2456.68
1 167 256 -818.8939999999999
1 167 288 -818.8939999999999
1 167 294 -818.8939999999999
1 168 130 -818.8939999999999
1 168 131 -818.8939999999999
1 168 132 -3275.58
1 168 133 -3275.58
1 168 286 -818.8939999999999
1 168 287 -1637.79
1 168 291 -1637.79
1 169 128 -1637.79
1 169 129 -3275.58
1 169 131 -818.8939999999999
1 169 132 -4094.47
1 169 133 -2456.68
1 169 134 -7370.05
1 169 135 -818.8939999999999
1 169 236 -818.8939999999999
1 169 260 -818.8939999999999
1 169 271 -818.8939999999999
1 169 287 -818.8939999999999
1 169 290 -818.8939999999999
1 170 133 -2456.68
1 170 134 -9826.73
1 170 136 -818.8939999999999
1 170 187 -818.8939999999999
1 170 256 -818.8939999999999
1 170 287 -818.8939999999999
1 170 292 -818.8939999999999
1 171 133 -1637.79
1 171 134 -818.8939999999999
1 171 136 -4094.47
1 171 290 -818.8939999999999
1 172 257 -818.8939999999999
1 172 284 -818.8939999999999
1 172 295 -1637.79
1 172 311 -818.8939999999999
1 173 258 -818.8939999999999
1 173 278 -818.8939999999999
1 173 290 -818.8939999999999
1 173 292 -818.8939999999999
1 173 293 -1637.79
1 173 294 -818.8939999999999
1 174 124 -818.8939999999999
1 174 253 -818.8939999999999
1 174 261 -818.8939999999999
1 174 270 -818.8939999999999
1 174 283 -818.8939999999999
1 174 289 -818.8939999999999
1 174 293 -818.8939999999999
1 175 260 -818.8939999999999
1 175 288 -818.8939999999999
1 175 292 -1637.79
1 175 293 -818.8939999999999
1 175 296 -818.8939999999999
1 175 305 -818.8939999999999
1 176 274 -818.8939999999999
1 176 305 -818.8939999999999
1 177 289 -818.8939999999999
1 177 290 -818.8939999999999
1 178 243 -818.8939999999999
1 178 280 -818.8939999999999
1 178 285 -818.8939999999999
1 178 302 -818.8939999999999
1 178 305 -818.8939999999999
1 178 306 -818.8939999999999
1 178 311 -818.8939999999999
1 179 278 -818.8939999999999
1 179 285 -818.8939999999999
1 180 149 -818.8939999999999
1 180 286 -818.8939999999999
1 181 297 -818.8939999999999
1 181 307 -818.8939999999999
1 181 308 -818.8939999999999
1 183 242 -818.8939999999999
1 183 285 -818.8939999999999
1 183 295 -818.8939999999999
1 183 308 -818.8939999999999
1 183 309 -818.8939999999999
1 183 318 -818.8939999999999
1 184 263 -818.8939999999999
1 184 285 -818.8939999999999
1 184 313 -818.8939999999999
1 184 319 -818.8939999999999
1 185 257 -818.8939999999999
1 185 305 -818.8939999999999
1 185 306 -818.8939999999999
1 185 307 -818.8939999999999
1 185 315 -818.8939999999999
1 186 255 -818.8939999999999
1 186 265 -818.8939999999999
1 186 307 -1637.79
1 186 310 -818.8939999999999
1 188 262 -818.8939999999999
1 188 294 -818.8939999999999
1 188 295 -818.8939999999999
1 189 295 -818.8939999999999
1 189 309 -818.8939999999999
1 190 307 -818.8939999999999
1 190 308 -818.8939999999999
1 190 324 -818.8939999999999
1 191 292 -1637.79
1 191 304 -818.8939999999999
1 191 305 -818.8939999999999
1 192 258 -818.8939999999999
1 192 284 -818.8939999999999
1 192 304 -818.8939999999999
1 192 316 -818.8939999999999
1 192 319 -818.8939999999999
1 193 262 -818.8939999999999
1 193 301 -818.8939999999999
1 193 311 -818.8939999999999
1 193 313 -1637.79
1 194 284 -818.8939999999999
1 194 313 -818.8939999999999
1 195 269 -818.8939999999999
1 195 287 -818.8939999999999
1 195 289 -818.8939999999999
1 195 300 -818.8939999999999
1 195 311 -818.8939999999999
1 195 313 -818.8939999999999
1 196 269 -818.8939999999999
1 196 275 -818.8939999999999
1 196 303 -818.8939999999999
1 196 324 -818.8939999999999
1 196 333 -818.8939999999999
1 197 264 -818.8939999999999
1 197 283 -818.8939999999999
1 197 300 -818.8939999999999
1 197 322 -818.8939999999999
1 197 325 -818.8939999999999
1 198 242 -818.8939999999999
1 198 276 -1637.79
1 198 309 -818.8939999999999
1 198 311 -818.8939999999999
1 199 283 -818.8939999999999
1 199 311 -818.8939999999999
1 199 324 -818.8939999999999
1 200 280 -818.8939999999999
1 200 286 -818.8939999999999
1 200 296 -818.8939999999999
1 200 299 -818.8939999999999
1 200 306 -818.8939999999999
1 200 307 -818.8939999999999
1 200 312 -818.8939999999999
1 200 343 -818.8939999999999
1 200 345 -818.8939999999999
1 201 257 -818.8939999999999
1 202 280 -818.8939999999999
1 202 287 -818.8939999999999
1 202 297 -818.8939999999999
1 202 301 -818.8939999999999
1 202 302 -818.8939999999999
1 203 215 -818.8939999999999
1 203 304 -818.8939999999999
1 203 305 -818.8939999999999
1 203 309 -818.8939999999999
1 203 315 -818.8939999999999
1 205 263 -818.8939999999999
1 205 303 -818.8939999999999
1 205 304 -818.8939999999999
1 205 317 -818.8939999999999
1 205 318 -818.8939999999999
1 205 319 -818.8939999999999
1 206 264 -818.8939999999999
1 206 270 -818.8939999999999
1 206 301 -818.8939999999999
1 206 304 -818.8939999999999
1 206 315 -818.8939999999999
1 206 317 -1637.79
1 207 262 -818.8939999999999
1 207 300 -818.8939999999999
1 207 301 -1637.79
1 207 303 -818.8939999999999
1 207 304 -818.8939999999999
1 207 306 -1637.79
1 207 315 -818.8939999999999
1 207 317 -818.8939999999999
1 208 298 -1637.79
1 208 299 -1637.79
1 208 306 -818.8939999999999
1 208 317 -818.8939999999999
1 208 328 -818.8939999999999
1 209 284 -818.8939999999999
1 209 297 -818.8939999999999
1 209 302 -818.8939999999999
1 210 284 -818.8939999999999
1 210 301 -818.8939999999999
1 210 302 -818.8939999999999
1 210 342 -818.8939999999999
1 211 301 -818.8939999999999
1 211 321 -818.8939999999999
1 212 295 -818.8939999999999
1 212 347 -818.8939999999999
1 213 226 -818.8939999999999
1 213 287 -818.8939999999999
1 213 303 -818.8939999999999
1 213 329 -818.8939999999999
1 214 319 -818.8939999999999
1 215 289 -818.8939999999999
1 215 311 -818.8939999999999
1 215 353 -818.8939999999999
1 216 323 -818.8939999999999
1 216 341 -818.8939999999999
1 217 244 -818.8939999999999
1 217 249 -818.8939999999999
1 217 351 -818.8939999999999
1 218 209 -818.8939999999999
1 218 243 -818.8939999999999
1 218 292 -818.8939999999999
1 218 345 -1637.79
1 221 240 -818.8939999999999
1 221 611 -818.8939999999999
1 222 254 -818.8939999999999
1 222 362 -818.8939999999999
1 224 338 -818.8939999999999
1 224 359 -818.8939999999999
1 225 323 -818.8939999999999
1 225 329 -818.8939999999999
1 225 332 -818.8939999999999
1 225 368 -818.8939999999999
1 225 373 -818.8939999999999
1 225 378 -818.8939999999999
1 225 382 -1637.79
1 226 323 -818.8939999999999
1 226 388 -1637.79
1 226 618 -818.8939999999999
1 227 315 -818.8939999999999
1 228 606 -818.8939999999999
1 229 385 -1637.79
1 229 392 -818.8939999999999
1 229 393 -818.8939999999999
1 229 397 -3275.58
1 229 618 -4094.47
1 230 338 -818.8939999999999
1 230 373 -1637.79
1 230 384 -818.8939999999999
1 230 392 -1637.79
1 230 393 -3275.58
1 230 396 -818.8939999999999
1 230 605 -818.8939999999999
1 231 343 -818.8939999999999
1 231 383 -818.8939999999999
1 231 392 -4094.47
1 231 393 -9007.84
1 231 398 -818.8939999999999
1 231 603 -818.8939999999999
1 231 607 -1637.79
1 232 259 -818.8939999999999
1 232 300 -818.8939999999999
1 232 384 -818.8939999999999
1 232 389 -818.8939999999999
1 232 393 -4913.37
1 232 394 -3275.58
1 232 405 -818.8939999999999
1 232 604 -1637.79
1 232 606 -1637.79
1 232 607 -2456.68
1 232 608 -818.8939999999999
1 233 373 -818.8939999999999
1 233 393 -818.8939999999999
1 233 403 -818.8939999999999
1 233 406 -3275.58
1 233 601 -1637.79
1 233 602 -818.8939999999999
1 234 374 -818.8939999999999
1 234 388 -818.8939999999999
1 234 389 -818.8939999999999
1 234 406 -2456.68
1 234 407 -1637.79
1 234 601 -818.8939999999999
1 234 602 -1637.79
1 234 603 -2456.68
1 234 604 -818.8939999999999
1 234 605 -1637.79
1 234 606 -818.8939999999999
1 234 609 -818.8939999999999
1 234 620 -818.8939999999999
1 234 621 -818.8939999999999
1 235 342 -818.8939999999999
1 235 368 -818.8939999999999
1 235 389 -818.8939999999999
1 235 392 -818.8939999999999
1 235 404 -818.8939999999999
1 235 406 -818.8939999999999
1 235 599 -818.8939999999999
1 235 600 -1637.79
1 235 602 -2456.68
1 235 603 -818.8939999999999
1 235 606 -818.8939999999999
1 235 608 -818.8939999999999
1 236 256 -818.8939999999999
1 236 359 -818.8939999999999
1 236 377 -1637.79
1 236 378 -818.8939999999999
1 236 389 -1637.79
1 236 600 -818.8939999999999
1 236 601 -818.8939999999999
1 236 602 -1637.79
1 236 605 -818.8939999999999
1 236 606 -818.8939999999999
1 236 607 -818.8939999999999
1 236 620 -818.8939999999999
1 237 330 -818.8939999999999
1 237 377 -818.8939999999999
1 237 384 -818.8939999999999
1 237 388 -818.8939999999999
1 237 605 -1637.79
1 237 606 -2456.68
1 237 607 -1637.79
1 237 608 -4094.47
1 237 609 -2456.68
1 237 620 -818.8939999999999
1 238 346 -818.8939999999999
1 238 391 -818.8939999999999
1 238 410 -818.8939999999999
1 238 602 -818.8939999999999
1 238 603 -818.8939999999999
1 238 606 -4094.47
1 238 607 -4913.37
1 238 608 -3275.58
1 238 610 -818.8939999999999
1 239 297 -818.8939999999999
1 239 323 -818.8939999999999
1 239 404 -818.8939999999999
1 239 601 -818.8939999999999
1 239 603 -818.8939999999999
1 239 607 -1637.79
1 239 608 -3275.58
1 239 609 -2456.68
1 239 610 -1637.79
1 239 615 -1637.79
1 240 267 -818.8939999999999
1 240 319 -818.8939999999999
1 240 327 -818.8939999999999
1 240 352 -818.8939999999999
1 240 374 -1637.79
1 240 392 -1637.79
1 240 396 -818.8939999999999
1 240 406 -818.8939999999999
1 240 603 -818.8939999999999
1 240 605 -2456.68
1 240 606 -3275.58
1 240 607 -1637.79
1 240 620 -1637.79
1 240 621 -818.8939999999999
1 241 339 -818.8939999999999
1 241 352 -818.8939999999999
1 241 370 -1637.79
1 241 375 -818.8939999999999
1 241 409 -818.8939999999999
1 241 577 -818.8939999999999
1 241 603 -1637.79
1 241 605 -2456.68
1 241 606 -1637.79
1 241 607 -1637.79
1 241 608 -1637.79
1 241 609 -4094.47
1 241 610 -818.8939999999999
1 241 611 -818.8939999999999
1 241 620 -818.8939999999999
1 241 621 -818.8939999999999
1 242 314 -818.8939999999999
1 242 318 -818.8939999999999
1 242 336 -818.8939999999999
1 242 338 -818.8939999999999
1 242 339 -818.8939999999999
1 242 373 -2456.68
1 242 374 -4913.37
1 242 406 -1637.79
1 242 603 -1637.79
1 242 604 -5732.26
1 242 605 -7370.05
1 242 606 -2456.68
1 242 607 -4094.47
1 242 608 -4094.47
1 242 609 -2456.68
1 242 610 -2456.68
1 242 616 -818.8939999999999
1 242 622 -818.8939999999999
1 242 623 -2456.68
1 243 366 -818.8939999999999
1 243 369 -818.8939999999999
1 243 372 -1637.79
1 243 373 -6551.16
1 243 374 -2456.68
1 243 386 -818.8939999999999
1 243 391 -818.8939999999999
1 243 405 -818.8939999999999
1 243 406 -818.8939999999999
1 243 407 -1637.79
1 243 409 -818.8939999999999
1 243 577 -818.8939999999999
1 243 606 -5732.26
1 243 607 -4094.47
1 243 608 -1637.79
1 243 609 -4913.37
1 243 620 -818.8939999999999
1 243 622 -1637.79
1 243 623 -6551.16
1 244 371 -818.8939999999999
1 244 372 -1637.79
1 244 373 -2456.68
1 244 415 -818.8939999999999
1 244 598 -818.8939999999999
1 244 606 -3275.58
1 244 607 -818.8939999999999
1 244 611 -818.8939999999999
1 244 616 -818.8939999999999
1 244 622 -818.8939999999999
1 244 623 -3275.58
1 244 624 -818.8939999999999
1 245 312 -818.8939999999999
1 245 315 -818.8939999999999
1 245 326 -818.8939999999999
1 245 335 -818.8939999999999
1 245 338 -818.8939999999999
1 245 356 -1637.79
1 245 371 -818.8939999999999
1 245 413 -818.8939999999999
1 245 586 -818.8939999999999
1 245 604 -818.8939999999999
1 245 605 -2456.68
1 245 606 -4094.47
1 245 607 -3275.58
1 245 609 -4094.47
1 245 610 -1637.79
1 245 612 -1637.79
1 245 616 -1637.79
1 245 619 -818.8939999999999
1 245 620 -1637.79
1 245 622 -818.8939999999999
1 246 214 -818.8939999999999
1 246 342 -818.8939999999999
1 246 356 -818.8939999999999
1 246 357 -818.8939999999999
1 246 374 -818.8939999999999
1 246 413 -818.8939999999999
1 246 590 -818.8939999999999
1 246 599 -818.8939999999999
1 246 600 -4913.37
1 246 605 -3275.58
1 246 606 -5732.26
1 246 607 -3275.58
1 246 610 -818.8939999999999
1 246 612 -1637.79
1 246 614 -818.8939999999999
1 246 615 -818.8939999999999
1 246 623 -818.8939999999999
1 247 314 -818.8939999999999
1 247 331 -818.8939999999999
1 247 367 -1637.79
1 247 368 -4094.47
1 247 387 -1637.79
1 247 413 -818.8939999999999
1 247 578 -818.8939999999999
1 247 597 -818.8939999999999
1 247 598 -5732.26
1 247 599 -4913.37
1 247 600 -8188.94
1 247 601 -8188.94
1 247 605 -1637.79
1 247 609 -1637.79
1 247 610 -1637.79
1 247 611 -3275.58
1 247 612 -3275.58
1 247 613 -1637.79
1 247 618 -1637.79
1 247 619 -818.8939999999999
1 247 623 -818.8939999999999
1 248 307 -818.8939999999999
1 248 367 -818.8939999999999
1 248 368 -3275.58
1 248 371 -1637.79
1 248 372 -4094.47
1 248 387 -1637.79
1 248 388 -4913.37
1 248 413 -818.8939999999999
1 248 416 -818.8939999999999
1 248 529 -818.8939999999999
1 248 567 -818.8939999999999
1 248 596 -5732.26
1 248 597 -4094.47
1 248 598 -8188.94
1 248 599 -4913.37
1 248 600 -3275.58
1 248 601 -4913.37
1 248 602 -2456.68
1 248 605 -818.8939999999999
1 248 608 -818.8939999999999
1 248 609 -1637.79
1 248 610 -2456.68
1 248 611 -4913.37
1 248 612 -4913.37
1 248 613 -5732.26
1 248 618 -818.8939999999999
1 248 619 -818.8939999999999
1 248 620 -818.8939999999999
1 248 623 -1637.79
1 249 333 -818.8939999999999
1 249 334 -818.8939999999999
1 249 365 -1637.79
1 249 366 -2456.68
1 249 367 -818.8939999999999
1 249 368 -2456.68
1 249 371 -818.8939999999999
1 249 387 -818.8939999999999
1 249 388 -818.8939999999999
1 249 400 -818.8939999999999
1 249 412 -818.8939999999999
1 249 567 -818.8939999999999
1 249 593 -1637.79
1 249 595 -4913.37
1 249 596 -5732.26
1 249 597 -9007.84
1 249 603 -2456.68
1 249 604 -6551.16
1 249 605 -4094.47
1 249 607 -3275.58
1 249 609 -818.8939999999999
1 249 610 -1637.79
1 249 611 -4094.47
1 249 612 -7370.05
1 249 613 -1637.79
1 249 618 -818.8939999999999
1 249 623 -818.8939999999999
1 250 331 -818.8939999999999
1 250 355 -818.8939999999999
1 250 365 -1637.79
1 250 366 -4094.47
1 250 367 -2456.68
1 250 368 -818.8939999999999
1 250 369 -1637.79
1 250 370 -1637.79
1 250 371 -4913.37
1 250 382 -818.8939999999999
1 250 406 -818.8939999999999
1 250 413 -818.8939999999999
1 250 414 -818.8939999999999
1 250 423 -818.8939999999999
1 250 436 -818.8939999999999
1 250 568 -818.8939999999999
1 250 579 -818.8939999999999
1 250 591 -818.8939999999999
1 250 594 -818.8939999999999
1 250 596 -6551.16
1 250 597 -1637.79
1 250 602 -818.8939999999999
1 250 603 -5732.26
1 250 604 -4913.37
1 250 605 -3275.58
1 250 607 -818.8939999999999
1 250 608 -2456.68
1 250 609 -818.8939999999999
1 250 610 -818.8939999999999
1 250 613 -818.8939999999999
1 251 276 -818.8939999999999
1 251 322 -818.8939999999999
1 251 365 -2456.68
1 251 366 -7370.05
1 251 367 -1637.79
1 251 368 -1637.79
1 251 371 -818.8939999999999
1 251 379 -818.8939999999999
1 251 407 -818.8939999999999
1 251 414 -818.8939999999999
1 251 424 -818.8939999999999
1 251 598 -818.8939999999999
1 251 604 -818.8939999999999
1 251 605 -818.8939999999999
1 251 607 -818.8939999999999
1 251 610 -818.8939999999999
1 252 236 -818.8939999999999
1 252 365 -2456.68
1 252 366 -5732.26
1 252 367 -5732.26
1 252 368 -1637.79
1 252 376 -818.8939999999999
1 252 412 -818.8939999999999
1 252 416 -818.8939999999999
1 252 428 -818.8939999999999
1 252 506 -818.8939999999999
1 252 507 -818.8939999999999
1 252 528 -818.8939999999999
1 252 534 -818.8939999999999
1 252 544 -818.8939999999999
1 252 576 -818.8939999999999
1 252 591 -1637.79
1 252 596 -1637.79
1 252 597 -1637.79
1 252 598 -818.8939999999999
1 252 599 -1637.79
1 252 608 -1637.79
1 252 609 -818.8939999999999
1 252 611 -818.8939999999999
1 252 620 -818.8939999999999
1 253 259 -818.8939999999999
1 253 342 -818.8939999999999
1 253 363 -818.8939999999999
1 253 365 -1637.79
1 253 366 -4913.37
1 253 367 -3275.58
1 253 370 -818.8939999999999
1 253 375 -1637.79
1 253 404 -818.8939999999999
1 253 433 -1637.79
1 253 506 -818.8939999999999
1 253 543 -818.8939999999999
1 253 546 -818.8939999999999
1 253 547 -818.8939999999999
1 253 566 -818.8939999999999
1 253 586 -1637.79
1 253 596 -818.8939999999999
1 253 597 -3275.58
1 253 601 -818.8939999999999
1 253 604 -818.8939999999999
1 253 605 -818.8939999999999
1 253 614 -2456.68
1 254 366 -1637.79
1 254 478 -818.8939999999999
1 254 581 -818.8939999999999
1 254 584 -818.8939999999999
1 254 585 -4913.37
1 254 586 -4094.47
1 254 587 -2456.68
1 254 588 -2456.68
1 254 589 -3275.58
1 254 598 -818.8939999999999
1 254 599 -818.8939999999999
1 254 601 -1637.79
1 254 604 -1637.79
1 254 605 -818.8939999999999
1 254 606 -818.8939999999999
1 254 611 -818.8939999999999
1 255 341 -818.8939999999999
1 255 346 -818.8939999999999
1 255 371 -818.8939999999999
1 255 402 -818.8939999999999
1 255 442 -818.8939999999999
1 255 445 -818.8939999999999
1 255 461 -818.8939999999999
1 255 479 -818.8939999999999
1 255 512 -818.8939999999999
1 255 513 -818.8939999999999
1 255 526 -818.8939999999999
1 255 547 -818.8939999999999
1 255 548 -818.8939999999999
1 255 565 -818.8939999999999
1 255 583 -2456.68
1 255 584 -3275.58
1 255 585 -3275.58
1 255 586 -3275.58
1 255 587 -1637.79
1 255 588 -818.8939999999999
1 255 591 -818.8939999999999
1 255 594 -818.8939999999999
1 255 597 -818.8939999999999
1 255 600 -1637.79
1 255 607 -818.8939999999999
1 256 346 -818.8939999999999
1 256 350 -818.8939999999999
1 256 367 -818.8939999999999
1 256 373 -818.8939999999999
1 256 374 -818.8939999999999
1 256 491 -818.8939999999999
1 256 526 -818.8939999999999
1 256 531 -2456.68
1 256 532 -818.8939999999999
1 256 547 -818.8939999999999
1 256 548 -1637.79
1 256 549 -818.8939999999999
1 256 575 -818.8939999999999
1 256 578 -1637.79
1 256 580 -818.8939999999999
1 256 584 -2456.68
1 256 585 -1637.79
1 256 592 -1637.79
1 256 594 -5732.26
1 256 595 -3275.58
1 256 607 -3275.58
1 256 608 -1637.79
1 256 609 -818.8939999999999
1 257 330 -818.8939999999999
1 257 461 -818.8939999999999
1 257 497 -818.8939999999999
1 257 503 -818.8939999999999
1 257 506 -818.8939999999999
1 257 512 -818.8939999999999
1 257 527 -2456.68
1 257 529 -818.8939999999999
1 257 532 -818.8939999999999
1 257 549 -818.8939999999999
1 257 574 -818.8939999999999
1 257 575 -2456.68
1 257 584 -2456.68
1 257 585 -2456.68
1 257 593 -1637.79
1 257 594 -6551.16
1 257 595 -3275.58
1 257 597 -1637.79
1 257 606 -5732.26
1 257 607 -818.8939999999999
1 258 307 -818.8939999999999
1 258 330 -818.8939999999999
1 258 366 -818.8939999999999
1 258 485 -1637.79
1 258 489 -1637.79
1 258 491 -818.8939999999999
1 258 493 -818.8939999999999
1 258 494 -818.8939999999999
1 258 496 -818.8939999999999
1 258 497 -818.8939999999999
1 258 498 -2456.68
1 258 499 -1637.79
1 258 502 -818.8939999999999
1 258 503 -818.8939999999999
1 258 529 -1637.79
1 258 531 -818.8939999999999
1 258 532 -818.8939999999999
1 258 533 -1637.79
1 258 535 -818.8939999999999
1 258 546 -818.8939999999999
1 258 550 -818.8939999999999
1 258 556 -1637.79
1 258 564 -818.8939999999999
1 258 576 -818.8939999999999
1 258 583 -818.8939999999999
1 258 584 -2456.68
1 258 586 -2456.68
1 258 594 -2456.68
1 258 606 -4094.47
1 258 607 -818.8939999999999
1 259 346 -818.8939999999999
1 259 369 -1637.79
1 259 402 -818.8939999999999
1 259 444 -818.8939999999999
1 259 456 -818.8939999999999
1 259 485 -818.8939999999999
1 259 486 -818.8939999999999
1 259 488 -818.8939999999999
1 259 489 -818.8939999999999
1 259 490 -1637.79
1 259 509 -1637.79
1 259 510 -818.8939999999999
1 259 522 -818.8939999999999
1 259 528 -818.8939999999999
1 259 529 -818.8939999999999
1 259 531 -818.8939999999999
1 259 532 -818.8939999999999
1 259 545 -818.8939999999999
1 259 549 -818.8939999999999
1 259 554 -1637.79
1 259 555 -1637.79
1 259 556 -2456.68
1 259 557 -2456.68
1 259 575 -3275.58
1 259 576 -818.8939999999999
1 259 579 -818.8939999999999
1 259 584 -818.8939999999999
1 259 585 -3275.58
1 259 586 -1637.79
1 260 369 -1637.79
1 260 404 -1637.79
1 260 443 -818.8939999999999
1 260 454 -818.8939999999999
1 260 485 -818.8939999999999
1 260 486 -1637.79
1 260 487 -818.8939999999999
1 260 492 -818.8939999999999
1 260 499 -818.8939999999999
1 260 502 -1637.79
1 260 517 -818.8939999999999
1 260 527 -818.8939999999999
1 260 545 -2456.68
1 260 548 -818.8939999999999
1 260 554 -818.8939999999999
1 260 556 -818.8939999999999
1 260 567 -818.8939999999999
1 260 576 -818.8939999999999
1 260 577 -818.8939999999999
1 261 397 -818.8939999999999
1 261 404 -818.8939999999999
1 261 444 -818.8939999999999
1 261 483 -818.8939999999999
1 261 487 -818.8939999999999
1 261 501 -818.8939999999999
1 261 502 -818.8939999999999
1 261 545 -818.8939999999999
1 261 551 -818.8939999999999
1 261 552 -818.8939999999999
1 261 565 -818.8939999999999
1 262 254 -818.8939999999999
1 262 353 -1637.79
1 262 369 -818.8939999999999
1 262 425 -818.8939999999999
1 262 443 -818.8939999999999
1 262 458 -818.8939999999999
1 262 483 -1637.79
1 262 493 -818.8939999999999
1 262 501 -818.8939999999999
1 262 502 -818.8939999999999
1 262 523 -818.8939999999999
1 262 524 -818.8939999999999
1 262 535 -818.8939999999999
1 262 536 -818.8939999999999
1 262 537 -818.8939999999999
1 262 542 -818.8939999999999
1 262 546 -818.8939999999999
1 262 584 -818.8939999999999
1 262 587 -818.8939999999999
1 263 355 -818.8939999999999
1 263 415 -818.8939999999999
1 263 484 -818.8939999999999
1 263 493 -818.8939999999999
1 263 509 -818.8939999999999
1 263 522 -818.8939999999999
1 263 523 -1637.79
1 263 524 -1637.79
1 263 541 -1637.79
1 263 542 -818.8939999999999
1 263 543 -818.8939999999999
1 263 546 -1637.79
1 263 576 -818.8939999999999
1 263 579 -818.8939999999999
1 263 581 -3275.58
1 264 369 -818.8939999999999
1 264 379 -818.8939999999999
1 264 481 -818.8939999999999
1 264 482 -818.8939999999999
1 264 493 -818.8939999999999
1 264 503 -818.8939999999999
1 264 504 -818.8939999999999
1 264 516 -818.8939999999999
1 264 521 -2456.68
1 264 527 -818.8939999999999
1 264 543 -3275.58
1 264 568 -818.8939999999999
1 264 575 -818.8939999999999
1 264 576 -1637.79
1 265 336 -818.8939999999999
1 265 367 -1637.79
1 265 457 -818.8939999999999
1 265 459 -818.8939999999999
1 265 511 -818.8939999999999
1 265 516 -818.8939999999999
1 265 520 -818.8939999999999
1 265 524 -818.8939999999999
1 265 568 -1637.79
1 266 314 -818.8939999999999
1 266 413 -818.8939999999999
1 266 456 -818.8939999999999
1 266 478 -818.8939999999999
1 266 481 -818.8939999999999
1 266 483 -818.8939999999999
1 266 484 -818.8939999999999
1 266 485 -818.8939999999999
1 266 492 -818.8939999999999
1 266 498 -818.8939999999999
1 266 505 -818.8939999999999
1 266 518 -818.8939999999999
1 266 523 -818.8939999999999
1 266 543 -818.8939999999999
1 266 545 -818.8939999999999
1 266 549 -818.8939999999999
1 266 555 -818.8939999999999
1 267 337 -818.8939999999999
1 267 365 -818.8939999999999
1 267 381 -818.8939999999999
1 267 459 -818.8939999999999
1 267 460 -1637.79
1 267 505 -818.8939999999999
1 267 507 -818.8939999999999
1 267 543 -818.8939999999999
1 267 544 -1637.79
1 267 549 -818.8939999999999
1 267 553 -2456.68
1 267 562 -818.8939999999999
1 268 507 -1637.79
1 268 540 -818.8939999999999
1 268 541 -818.8939999999999
1 268 542 -1637.79
1 268 543 -3275.58
1 268 544 -1637.79
1 268 549 -818.8939999999999
1 268 551 -818.8939999999999
1 268 552 -818.8939999999999
1 268 553 -818.8939999999999
1 269 362 -818.8939999999999
1 269 505 -1637.79
1 269 507 -818.8939999999999
1 269 528 -818.8939999999999
1 269 543 -818.8939999999999
1 269 547 -1637.79
1 270 474 -818.8939999999999
1 270 475 -1637.79
1 270 479 -818.8939999999999
1 270 491 -818.8939999999999
1 270 504 -818.8939999999999
1 270 507 -818.8939999999999
1 270 526 -818.8939999999999
1 271 375 -818.8939999999999
1 271 388 -818.8939999999999
1 271 479 -818.8939999999999
1 271 481 -818.8939999999999
1 271 487 -818.8939999999999
1 271 491 -818.8939999999999
1 271 526 -818.8939999999999
1 272 469 -818.8939999999999
1 272 493 -818.8939999999999
1 272 495 -1637.79
1 272 496 -818.8939999999999
1 272 502 -818.8939999999999
1 272 526 -2456.68
1 273 441 -818.8939999999999
1 273 462 -818.8939999999999
1 273 526 -818.8939999999999
1 275 463 -818.8939999999999
1 275 480 -818.8939999999999
1 275 502 -818.8939999999999
1 275 504 -818.8939999999999
1 276 502 -818.8939999999999
1 277 393 -818.8939999999999
1 279 459 -818.8939999999999
1 280 563 -818.8939999999999
1 282 434 -818.8939999999999
1 282 435 -818.8939999999999
1 283 461 -818.8939999999999
1 283 482 -818.8939999999999
1 283 483 -818.8939999999999
1 285 437 -818.8939999999999
1 285 482 -818.8939999999999
1 285 483 -818.8939999999999
1 286 377 -818.8939999999999
1 286 464 -818.8939999999999
1 288 469 -818.8939999999999
1 289 362 -818.8939999999999
1 289 443 -818.8939999999999
1 292 358 -818.8939999999999
1 293 390 -2456.68
1 293 391 -818.8939999999999
1 296 390 -818.8939999999999
1 301 359 -818.8939999999999
1 301 378 -818.8939999999999
1 85 106 -818.8939999999999
1 92 112 -1637.79
1 93 117 -818.8939999999999
1 97 89 -818.8939999999999
1 98 101 -818.8939999999999
1 99 126 -818.8939999999999
1 99 136 -818.8939999999999
1 147 119 -1887.6
1 150 114 -19166.4
1 153 113 -21780.0
1 156 158 -6534.0
1 157 160 -5082.0
1 170 169 -10164.0
1 197 280 -19747.2
1 199 225 -6243.6
1 210 300 -15972.0
1 211 298 -94960.8
1 234 285 -10018.8
1 244 234 -40801.2
1 259 541 -580.8
1 265 469 -145.2
1 267 479 -1742.4
1 272 454 -89.64
1 285 433 -7986.0
1 291 453 -40.1
1 299 360 -9728.4
1 109 116 -32815.2
1 131 118 -2323.2
1 132 183 -18585.6
1 137 123 -24103.2
1 140 173 -9728.4
1 141 124 -39784.8
1 142 121 -44286.0
1 152 130 -7405.2
1 155 192 -38623.2
1 157 117 -12342.0
1 157 190 -145.2
1 158 205 -3630.0
1 164 258 -26281.2
1 172 162 -22215.6
1 173 196 -1306.8
1 175 213 -70567.2
1 195 280 -40656.0
1 202 295 -4356.0
1 203 296 -92202.0
1 226 358 -485.21
1 256 333 -35574.0
1 265 349 -16843.2
1 269 347 -10890.0
1 271 470 -1742.4
1 274 431 -2663990.0
1 280 367 -3630.0
1 285 357 -290.4
1 292 370 -23086.8
1 293 370 -8421.6
1 293 378 -7260.0
1 299 335 -161462.0
1 143 152 -18295.2
1 144 130 -3920.4
1 148 113 -67372.8
1 149 118 -48061.2
1 151 143 -15100.8
1 152 177 -18295.2
1 153 212 -16407.6
1 154 128 -435.6
1 155 180 -19602.0
1 159 188 -16552.8
1 161 161 -2758.8
1 162 171 -73035.6
1 164 159 -44721.6
1 167 163 -40656.0
1 174 182 -12922.8
1 175 178 -2904.0
1 176 128 -10309.2
1 201 279 -16117.2
1 221 294 -8276.4
1 221 361 -1016.4
1 222 252 -2032.8
1 226 361 -5082.0
1 234 319 -62145.6
1 235 317 -39784.8
1 238 244 -1887.6
1 245 243 -20763.6
1 248 331 -4936.8
1 256 342 -16407.6
1 259 347 -7260.0
1 266 345 -10744.8
1 271 268 -77246.4
1 274 278 -16407.6
1 289 355 -726.0
1 295 392 -6098.4
1 296 391 -10890.0
1 296 393 -18585.6
1 141 116 -28894.8
1 141 165 -17714.4
1 143 114 -16407.6
1 144 151 -43560.0
1 145 114 -10599.6
1 146 150 -20328.0
1 146 180 -78843.6
1 147 148 -21780.0
1 147 171 -10164.0
1 149 124 -726.0
1 149 181 -65194.8
1 150 172 -20328.0
1 150 183 -78988.8
1 150 186 -60984.0
1 151 178 -49948.8
1 151 181 -47190.0
1 151 189 -9728.4
1 151 211 -726.0
1 152 180 -91766.4
1 153 188 -12632.4
1 154 113 -726.0
1 165 167 -69115.2
1 170 115 -10890.0
1 171 125 -290.4
1 176 222 -17278.8
1 184 210 -32815.2
1 189 288 -1306.8
1 193 280 -34848.0
1 206 280 -435.6
1 209 273 -40656.0
1 209 281 -2501.39
1 210 249 -1016.4
1 211 263 -4065.6
1 211 296 -4065.6
1 213 270 -14665.2
1 221 302 -290.4
1 221 317 -25119.6
1 224 287 -20037.6
1 228 354 -6243.6
1 230 352 -34848.0
1 231 270 -7260.0
1 235 295 -7550.4
1 236 342 -12922.8
1 240 330 -15100.8
1 240 337 -37316.4
1 240 357 -6679.2
1 244 333 -1180.47
1 246 332 -12487.2
1 246 337 -1597.2
1 251 334 -20473.2
1 258 345 -2904.0
1 260 345 -4791.6
1 262 286 -4356.0
1 263 344 -6679.2
1 263 350 -2468.4
1 265 517 -435.6
1 267 321 -13358.4
1 267 428 -11.59
1 269 364 -145.2
1 269 365 -3049.2
1 270 361 -19311.6
1 271 267 -41236.8
1 271 363 -18004.8
1 275 399 -94.87
1 284 333 -1452.0
1 289 371 -10164.0
1 290 371 -13068.0
1 291 365 -3339.6
1 296 358 -67975.8
1 297 356 -1306.8
1 297 391 -15972.0
1 299 347 -871.2
1 125 93 -290.4
1 131 125 -58080.0
1 134 123 -45592.8
1 135 126 -18295.2
1 138 125 -36300.0
1 142 169 -4356.0
1 146 146 -7840.8
1 152 213 -5517.6
1 155 116 -27878.4
1 161 185 -18730.8
1 163 186 -1742.4
1 166 203 -871.2
1 183 232 -91040.4
1 192 232 -6969.6
1 201 310 -580.8
1 215 261 -5808.0
1 221 339 -13794.0
1 222 324 -15246.0
1 226 354 -145.2
1 230 358 -4936.8
1 233 341 -1016.4
1 242 618 -19311.6
1 248 344 -9583.2
1 263 345 -13358.4
1 263 570 -145.2
1 264 348 -145.2
1 286 302 -4646.4
1 292 360 -1306.8
1 293 357 -17714.4
1 295 362 -22215.6
1 297 439 -1084830.0
1 132 120 -91911.6
1 134 124 -51110.4
1 134 126 -24393.6
1 135 122 -36445.2
1 137 128 -109771.0
1 145 166 -11180.4
1 150 118 -20328.0
1 150 121 -88136.4
1 152 118 -23812.8
1 153 122 -39058.8
1 153 123 -14665.2
1 156 124 -13358.4
1 158 140 -33250.8
1 160 139 -18295.2
1 215 296 -26862.0
1 224 257 -4791.6
1 276 358 -3484.8
1 281 445 -145.2
1 137 168 -10599.6
1 149 213 -18876.0
1 170 185 -580.8
1 189 195 -31072.8
1 192 197 -61274.4
1 217 236 -7114.8
1 245 324 -871.2
1 270 480 -435.6
1 145 131 -20037.6
1 148 124 -290.4
1 153 116 -18876.0
1 158 114 -3630.0
1 171 128 -1161.6
1 188 204 -23667.6
1 206 281 -435.6
1 208 226 -19892.4
1 211 266 -8399.61
1 213 276 -851.1
1 214 274 -128400.0
1 220 278 -79016.0
1 223 372 -23232.0
1 236 317 -21489.6
1 239 385 -44.82
1 239 416 -17.75
1 241 238 -19747.2
1 245 408 -4791.6
1 246 320 -2904.0
1 248 454 -1306.8
1 259 351 -3566.43
1 265 360 -11494.4
1 269 360 -8265.93
1 272 360 -7260.0
1 273 340 -3194.4
1 273 521 -14374.8
1 274 327 -726.0
1 275 465 -339.65
1 290 322 -12196.8
1 292 458 -98.03
1 294 354 -56.44
1 297 377 -10890.0
1 147 116 -38623.2
1 147 183 -11180.4
1 156 122 -17859.6
1 205 310 -726.0
1 173 183 -13068.0
1 201 251 -1452.0
1 201 301 -5517.6
1 251 286 -1161.6
1 265 488 -290.4
1 144 132 -145.2
1 135 160 -12632.4
1 144 189 -11470.8
1 154 112 -6969.6
1 154 122 -61419.6
1 156 131 -1161.6
1 161 179 -435.6
1 164 169 -16552.8
1 167 247 -3194.4
1 186 209 -24974.4
1 204 300 -35.5
1 215 269 -48932.4
1 218 239 -4062.44
1 226 375 -48294.3
1 235 420 -13503.6
1 238 302 -11616.0
1 242 355 -145.18
1 245 406 -145.2
1 248 590 -871.2
1 248 593 -290.4
1 255 333 -397.24
1 256 443 -505.51
1 258 339 -1615.75
1 258 416 -288.32
1 266 470 -1385.41
1 269 482 -145.2
1 270 476 -871.2
1 273 523 -138956.0
1 274 506 -1306.8
1 275 479 -10309.2
1 280 458 -1316.2
1 293 458 -13068.0
1 298 384 -140.07
1 298 391 -3775.2
1 204 299 -145.2
1 221 300 -1597.2
1 134 167 -20182.8
1 159 157 -44721.6
1 197 298 -30.9
1 211 290 -11761.2
1 237 406 -1895.52
1 244 430 -726.0
1 247 342 -94.11
1 253 427 -3202.91
1 253 443 -152.33
1 254 398 -110.83
1 254 442 -2426.57
1 254 444 -355.61
1 254 445 -61.29
1 256 445 -694.75
1 261 369 -725.0
1 263 448 -435.6
1 271 471 -145.2
1 271 489 -16114.1
1 273 520 -1016.4
1 275 371 -871.2
1 275 449 -22360.8
1 296 415 -580.8
1 262 394 -1724830.0
1 157 122 -5808.0
1 160 136 -580.8
1 169 201 -33976.8
1 199 297 -132.28
1 212 315 -232.26
1 214 287 -71.5
1 224 372 -2904.0
1 246 609 -1949.15
1 247 343 -34.99
1 247 590 -145.2
1 255 446 -4630.84
1 276 386 -1161.6
1 281 446 -1161.6
1 284 406 -580.8
1 291 458 -2.43
1 295 390 -6388.8
1 297 384 -726.0
1 165 158 -44721.6
1 178 212 -10164.0
1 145 147 -145.2
1 257 443 -1019.84
1 162 205 -11180.4
1 244 330 -4356.0
1 248 343 -99.98
1 249 589 -290.4
1 254 394 -25.92
1 276 484 -145.2
1 282 451 -290.4
1 134 173 -5808.0
1 145 139 -580.8
1 150 115 -25990.8
1 152 115 -3049.2
1 206 299 -4.72
1 239 305 -328.41
1 261 461 -145.2
1 289 412 -145.2
1 233 400 -81021.6
1 268 360 -580.8
