1 204 346 -854.301
1 212 384 45000.0
1 212 385 45000.0
1 212 386 45000.0
1 212 387 45000.0
1 212 388 45000.0
1 212 389 45000.0
1 212 390 45000.0
1 212 391 45000.0
1 212 392 45000.0
1 212 393 45000.0
1 213 394 45000.0
1 213 395 45000.0
1 213 396 45000.0
1 213 397 45000.0
1 213 398 45000.0
1 213 399 45000.0
1 213 400 45000.0
1 213 401 45000.0
1 213 402 45000.0
1 214 403 45000.0
1 214 404 45000.0
1 214 405 45000.0
1 214 406 45000.0
1 214 407 45000.0
1 214 409 45000.0
1 214 410 45000.0
1 214 411 45000.0
1 214 412 45000.0
1 214 413 45000.0
1 214 414 45000.0
1 214 415 45000.0
1 215 416 45000.0
1 215 417 45000.0
1 227 417 45000.0
1 228 417 45000.0
1 229 417 45000.0
1 216 418 45000.0
1 226 418 45000.0
1 230 418 45000.0
1 217 419 45000.0
1 218 419 45000.0
1 219 419 45000.0
1 220 419 45000.0
1 221 419 45000.0
1 222 419 45000.0
1 223 419 45000.0
1 224 419 45000.0
1 225 419 45000.0
1 229 419 45000.0
1 229 420 45000.0
1 226 421 45000.0
1 227 421 45000.0
1 228 421 45000.0
1 224 422 45000.0
1 225 422 45000.0
1 224 423 45000.0
1 224 424 45000.0
1 225 424 45000.0
1 226 424 45000.0
1 227 424 45000.0
1 228 424 45000.0
1 229 425 45000.0
1 229 426 45000.0
1 229 427 45000.0
1 229 428 45000.0
1 229 429 45000.0
1 228 430 45000.0
1 228 431 45000.0
1 228 432 45000.0
1 228 433 45000.0
1 228 434 45000.0
1 228 435 45000.0
1 229 435 45000.0
1 230 436 45000.0
1 230 437 45000.0
1 230 438 45000.0
1 230 439 45000.0
1 230 440 45000.0
1 230 441 45000.0
1 230 442 45000.0
1 230 443 45000.0
1 230 444 45000.0
1 230 445 45000.0
1 230 446 45000.0
1 230 447 45000.0
1 230 448 45000.0
1 230 449 45000.0
1 230 450 45000.0
1 230 451 45000.0
1 230 452 45000.0
1 230 453 45000.0
1 230 454 45000.0
1 230 455 45000.0
1 230 456 45000.0
1 231 457 45000.0
1 231 458 45000.0
1 231 459 45000.0
1 231 460 45000.0
1 232 461 45000.0
1 232 462 45000.0
1 232 463 45000.0
1 232 464 45000.0
1 233 464 45000.0
1 234 464 45000.0
1 235 464 45000.0
1 236 464 45000.0
1 237 464 45000.0
1 238 464 45000.0
1 239 465 45000.0
1 239 466 45000.0
1 114 114 -119.935
1 117 120 -854.301
1 130 122 -854.301
1 135 194 -1224.15
1 143 190 -18004.8
1 144 190 -2.76555
1 146 117 -7463.28
1 147 145 -854.301
1 148 123 -110.197
1 148 176 -854.301
1 148 196 -3665.46
1 149 145 -25896.4
1 149 146 -22514.7
1 150 124 -1035.87
1 150 128 -0.324764
1 150 141 -2237.53
1 150 198 -5435.02
1 151 142 -9496.08
1 151 195 -5481.19
1 152 123 -1456.57
1 152 125 -2680.67
1 152 132 -6761.5
1 153 133 -0.6324
1 154 125 -130.856
1 154 171 -3841.07
1 155 129 -125892.0
1 157 135 -1708.6
1 158 133 -854.301
1 158 137 -12944.6
1 159 119 -8876.4
1 159 173 -11141.7
1 161 125 -64385.1
1 161 188 -62.43600000000001
1 162 128 -166557.0
1 162 167 -1256.15
1 163 138 -926.544
1 164 135 -2117.02
1 164 187 -6969.6
1 165 130 -4001.79
1 165 131 -118.976
1 166 126 -20.328
1 167 259 -678.084
1 168 123 -52.4891
1 168 208 -4425.32
1 169 127 -0.044560199999999994
1 169 163 -126.324
1 170 131 -1248.72
1 171 132 -1.452
1 172 130 -21780.0
1 174 123 -5386.92
1 175 134 -15469.6
1 176 176 -2004.21
1 176 202 -656.304
1 178 164 -5499.76
1 178 261 -6422.2
1 179 183 -580.8
1 180 208 -32368.6
1 184 246 -10801.4
1 188 258 -1066.42
1 190 281 -6387.18
1 191 191 -48562.1
1 193 256 -4588.32
1 193 260 -23759.5
1 197 204 -884.413
1 197 252 -1095.73
1 198 297 -726.0
1 198 298 -863.03
1 199 211 -4650.82
1 199 231 -4288.47
1 199 298 -881.1489999999999
1 200 298 -854.301
1 203 275 -18328.6
1 203 280 -1398.26
1 204 248 -12909.1
1 205 300 -888.5139999999999
1 206 286 -7260.0
1 206 300 -1736.54
1 212 258 -6942.01
1 213 300 -1141.23
1 214 240 -13275.3
1 215 260 -22874.8
1 217 264 -20200.2
1 217 365 -181.36
1 218 179 -61442.8
1 221 223 -1032.37
1 221 246 -20.9433
1 221 284 -23135.7
1 222 352 -20167.8
1 222 369 -1508.19
1 223 271 -3560.33
1 224 374 -5233.01
1 226 311 -1226.94
1 226 365 -1256.7
1 228 225 -5897.02
1 230 255 -1288.35
1 231 401 -854.301
1 232 364 -164.42700000000002
1 233 337 -854.301
1 233 394 -1799.33
1 234 304 -3245.32
1 234 393 -891.202
1 235 400 -1716.15
1 235 609 -7601.98
1 236 263 -30759.2
1 236 609 -134.11700000000002
1 237 237 -11149.2
1 237 316 -41057.8
1 237 357 -7124.96
1 237 389 -854.305
1 238 221 -1174.67
1 238 398 -0.44560200000000005
1 238 605 -4307.91
1 238 609 -2412.36
1 239 250 -7562.02
1 239 338 -3342.99
1 239 426 -467.43699999999995
1 239 605 -4339.28
1 239 606 -2590.35
1 239 619 -854.301
1 240 380 -975.951
1 240 426 -1090.47
1 240 608 -3507.02
1 241 342 -391.101
1 241 604 -873.195
1 242 311 -8825.16
1 243 371 -854.301
1 243 389 -895.3939999999999
1 243 422 -57.661
1 243 431 -2297.97
1 243 605 -4271.51
1 244 431 -414.41
1 244 605 -5152.63
1 244 621 -3410.8
1 245 238 -7376.16
1 245 322 -6768.7
1 245 337 -854.301
1 245 621 -854.301
1 246 321 -2425.41
1 246 618 -2633.58
1 247 344 -947.1489999999999
1 247 384 -1911620.0
1 248 251 -26308.4
1 248 424 -2750.08
1 248 436 -2054.23
1 248 442 -151.95
1 248 444 -4079.94
1 248 589 -4087.96
1 249 373 -870.432
1 249 389 -941.112
1 249 424 -14515.0
1 249 430 -22605.4
1 249 436 -6441.27
1 249 606 -4424.48
1 250 326 -4175.29
1 250 424 -854.301
1 250 425 -632898.0
1 250 431 -25889.1
1 250 595 -2606.22
1 251 300 -11616.0
1 251 356 -108788.0
1 251 408 -1116.23
1 251 456 -1032.99
1 251 457 -8.30157
1 251 594 -909.0210000000001
1 251 595 -1065.89
1 251 596 -1852.25
1 252 230 -64319.2
1 252 285 -2218.74
1 252 329 -23002.0
1 252 450 -346.144
1 252 595 -854.301
1 252 606 -861.431
1 253 331 -10899.4
1 253 332 -16148.6
1 253 416 -2582.27
1 253 420 -7697.96
1 253 445 -60652.2
1 254 338 -508.2
1 254 367 -33760.3
1 254 407 -77485.2
1 254 597 -861.279
1 254 607 -854.301
1 255 381 -20819.3
1 255 383 -18176.1
1 255 388 -22462.8
1 255 395 -2319.36
1 255 420 -7628.71
1 255 439 -9660.66
1 255 443 -50873.7
1 255 595 -905.416
1 255 596 -886.073
1 255 606 -854.301
1 255 609 -1708.6
1 255 610 -28.3184
1 256 314 -5977.33
1 256 335 -794.64
1 256 341 -74.55
1 256 370 -7713.38
1 256 413 -1706.11
1 256 586 -13589.5
1 256 593 -3417.2
1 257 238 -0.2904
1 257 324 -4039.83
1 257 413 -2342.78
1 257 576 -4380.14
1 257 599 -10980.0
1 257 600 -88545.7
1 258 325 -6553.03
1 258 336 -932.867
1 258 442 -458592.0
1 258 464 -2102.49
1 258 585 -5220.93
1 258 595 -1797.75
1 258 601 -53239.7
1 258 602 -6867.69
1 259 340 -1798.1
1 259 405 -62580.5
1 259 588 -29842.0
1 259 592 -854.301
1 259 593 -854.34
1 260 342 -3560.33
1 260 349 -103.914
1 260 407 -4337140.0
1 260 424 -152.708
1 260 461 -1353.74
1 260 463 -31067.0
1 260 464 -29967.2
1 260 585 -1708.6
1 260 586 -36068.1
1 261 337 -5324.95
1 261 381 -205281.0
1 261 395 -41351.9
1 261 416 -2299.04
1 261 418 -949.17
1 261 429 -124349.0
1 261 464 -3332.22
1 261 492 -959.3919999999999
1 261 571 -253.993
1 261 576 -11236.0
1 262 540 -236.18200000000002
1 262 564 -25011.7
1 262 568 -16901.7
1 262 570 -145120.0
1 262 571 -2216.43
1 263 471 -7111.81
1 263 477 -27.7744
1 263 520 -1715.89
1 263 582 -17744.4
1 264 355 -495.51
1 264 367 -854.301
1 264 383 -86198.0
1 264 407 -5315.15
1 264 428 -15436.2
1 264 468 -53.0267
1 264 471 -7601.98
1 264 476 -106.945
1 264 477 -62.3621
1 264 523 -3677.55
1 264 524 -1475.68
1 264 549 -5683.28
1 265 364 -19054.0
1 265 374 -5227.2
1 265 523 -2786.34
1 266 337 -854.301
1 266 462 -121.45
1 267 391 -10740.4
1 267 463 -325.29
1 267 555 -854.301
1 267 556 -854.301
1 268 333 -53.724
1 268 334 -1752.08
1 268 436 -2281630.0
1 268 455 -22.5029
1 268 480 -450.32599999999996
1 268 489 -1411.3
1 269 363 -863.971
1 269 397 -51617.2
1 269 456 -6482.62
1 269 483 -167.60299999999998
1 269 541 -854.301
1 270 337 -3484.8
1 270 352 -152.46
1 270 412 -53031.2
1 270 429 -2632.17
1 270 481 -911.071
1 270 483 -2271.94
1 270 484 -1034.41
1 270 486 -3301.91
1 270 498 -112045.0
1 270 539 -102.48899999999999
1 271 319 -64460.8
1 271 371 -852.883
1 271 415 -47086.8
1 271 451 -1439.9
1 271 485 -115.634
1 271 493 -119332.0
1 271 498 -1011330.0
1 271 537 -62506.5
1 272 336 -11607.9
1 272 366 -1043.24
1 272 368 -368830.0
1 272 388 -1335340.0
1 272 396 -29.04
1 272 450 -6355.87
1 272 451 -23222.4
1 272 453 -3.9213
1 272 462 -1554420.0
1 272 491 -11.0064
1 272 497 -27177.3
1 272 498 -35273.9
1 272 530 -127391.0
1 272 532 -162453.0
1 272 535 -36646.8
1 273 363 -258.726
1 273 392 -803.312
1 273 410 -4439.69
1 273 480 -1025.46
1 273 510 -854.301
1 273 516 -668.404
1 274 409 -576.71
1 274 520 -35541.2
1 274 523 -1293.73
1 275 367 -79521.7
1 275 441 -368397.0
1 275 450 -0.44560200000000005
1 275 506 -867.425
1 276 366 -23683.8
1 276 392 -930.819
1 276 446 -2306.88
1 276 474 -23300.6
1 277 294 -28367.1
1 277 390 -9028.19
1 277 407 -1342270.0
1 277 431 -6419.07
1 277 454 -35.6482
1 277 468 -137.143
1 277 472 -44225.4
1 277 480 -27560.5
1 278 365 -42316.6
1 278 435 -33993.1
1 278 482 -1304.24
1 279 310 -25065.1
1 279 336 -11115.1
1 279 433 -83244.8
1 279 438 -72397.0
1 279 475 -62201.6
1 279 485 -5739.18
1 280 365 -1636.68
1 280 433 -72963.5
1 280 442 -3899.02
1 280 469 -15130.2
1 280 471 -52799.5
1 281 458 -2287820.0
1 282 409 -5498.73
1 282 424 -1066.77
1 282 430 -298.108
1 282 436 -42289.2
1 282 454 -3092.48
1 282 457 -1136.29
1 283 354 -3418.01
1 283 429 -204126.0
1 283 449 -115923.0
1 283 452 -90305.8
1 283 455 -1149.65
1 283 468 -31236.5
1 284 339 -63567.4
1 284 457 -1916.54
1 284 463 -49590.2
1 285 374 -2495.37
1 285 467 -3596.01
1 286 330 -54639.8
1 286 425 -553131.0
1 286 475 -16206.6
1 286 477 -63502.8
1 287 388 -92917.0
1 287 426 -854.301
1 287 477 -35639.3
1 288 372 -42.7778
1 288 419 -16002.6
1 288 423 -890.2239999999999
1 288 426 -854.301
1 289 404 -176315.0
1 289 459 -58.08
1 290 382 -85889.9
1 290 402 -1422.96
1 290 411 -2926.87
1 290 412 -22878.2
1 290 413 -1069.02
1 290 420 -166.21
1 291 350 -2642.42
1 291 355 -85842.8
1 291 373 -1045.83
1 291 399 -51516.1
1 291 419 -829387.0
1 292 365 -14834.1
1 292 416 -449.866
1 292 469 -1844.79
1 293 440 -18.7599
1 294 435 -202.74900000000002
1 294 447 -58.8663
1 294 458 -265535.0
1 295 356 -6658.87
1 295 391 -0.8912049999999999
1 295 430 -2330340.0
1 296 398 -392130.0
1 296 433 -450.12
1 297 381 -5254.79
1 297 383 -638.994
1 297 395 -253994.0
1 297 401 -317015.0
1 297 402 -154677.0
1 297 413 -245768.0
1 297 415 -73040.0
1 297 442 -46.7092
1 299 354 -8.449069999999999
1 299 355 -195.72799999999998
1 299 387 -264.059
1 102 110 -854.301
1 102 113 -854.301
1 103 100 -854.301
1 103 104 -854.301
1 104 115 -854.301
1 105 115 -854.301
1 105 139 -854.301
1 108 117 -854.301
1 109 112 -854.301
1 111 155 -854.301
1 111 208 -854.301
1 112 181 -854.301
1 113 111 -854.301
1 113 159 -854.301
1 113 211 -854.301
1 114 173 -854.301
1 114 212 -1708.6
1 115 212 -1708.6
1 116 121 -854.301
1 116 150 -854.301
1 116 166 -854.301
1 117 119 -854.301
1 117 168 -854.301
1 117 210 -854.301
1 119 194 -854.301
1 119 202 -854.301
1 119 96 -854.301
1 120 155 -854.301
1 120 94 -854.301
1 121 187 -854.301
1 123 110 -854.301
1 123 111 -854.301
1 123 158 -854.301
1 123 168 -854.301
1 123 193 -854.301
1 123 202 -1708.6
1 125 150 -854.301
1 125 151 -854.301
1 125 193 -854.301
1 125 194 -854.301
1 126 121 -854.301
1 126 191 -854.301
1 126 195 -854.301
1 127 150 -854.301
1 127 160 -854.301
1 127 169 -854.301
1 127 195 -854.301
1 127 199 -1708.6
1 128 122 -854.301
1 128 148 -854.301
1 128 149 -854.301
1 128 152 -854.301
1 128 153 -854.301
1 128 154 -854.301
1 128 157 -854.301
1 128 199 -854.301
1 129 117 -854.301
1 129 119 -854.301
1 129 122 -854.301
1 129 146 -854.301
1 129 154 -1708.6
1 129 162 -854.301
1 129 176 -854.301
1 130 120 -854.301
1 130 154 -854.301
1 130 155 -854.301
1 130 156 -2562.9
1 130 194 -854.301
1 131 112 -854.301
1 131 121 -854.301
1 131 122 -854.301
1 131 150 -854.301
1 131 156 -854.301
1 131 157 -854.301
1 131 158 -854.301
1 131 161 -1708.6
1 131 198 -854.301
1 132 112 -854.301
1 132 155 -854.301
1 132 156 -854.301
1 132 160 -854.301
1 132 161 -1708.6
1 133 155 -854.301
1 133 159 -854.301
1 133 160 -1708.6
1 133 192 -1708.6
1 133 193 -854.301
1 134 148 -854.301
1 134 150 -854.301
1 134 151 -854.301
1 134 156 -854.301
1 134 191 -854.301
1 134 193 -3417.2
1 135 148 -4271.51
1 135 149 -1708.6
1 135 156 -854.301
1 135 157 -854.301
1 135 193 -2562.9
1 136 147 -854.301
1 136 148 -854.301
1 136 149 -854.301
1 136 150 -1708.6
1 136 153 -854.301
1 136 155 -854.301
1 137 148 -854.301
1 137 150 -854.301
1 137 153 -1708.6
1 137 154 -854.301
1 137 157 -2562.9
1 137 175 -854.301
1 137 206 -854.301
1 138 151 -854.301
1 138 152 -854.301
1 138 153 -2562.9
1 138 168 -854.301
1 138 169 -854.301
1 139 151 -854.301
1 140 138 -854.301
1 140 155 -3417.2
1 140 156 -854.301
1 140 171 -854.301
1 140 180 -854.301
1 141 149 -854.301
1 141 154 -1708.6
1 141 157 -854.301
1 141 171 -854.301
1 141 199 -1708.6
1 142 155 -854.301
1 142 156 -854.301
1 142 157 -854.301
1 142 158 -854.301
1 142 174 -854.301
1 142 179 -854.301
1 142 201 -854.301
1 143 146 -854.301
1 143 157 -2562.9
1 144 142 -1708.6
1 144 173 -854.301
1 145 142 -854.301
1 145 143 -854.301
1 145 151 -854.301
1 145 187 -854.301
1 145 226 -854.301
1 146 140 -854.301
1 146 141 -1708.6
1 146 145 -854.301
1 146 208 -854.301
1 146 229 -854.301
1 146 230 -854.301
1 146 232 -854.301
1 147 139 -2562.9
1 147 140 -854.301
1 147 141 -854.301
1 147 142 -854.301
1 147 229 -854.301
1 147 230 -854.301
1 147 233 -854.301
1 147 239 -854.301
1 147 240 -854.301
1 148 217 -854.301
1 148 221 -854.301
1 149 127 -854.301
1 149 147 -854.301
1 149 154 -854.301
1 149 222 -854.301
1 149 253 -854.301
1 150 160 -854.301
1 150 164 -854.301
1 150 177 -854.301
1 150 227 -854.301
1 150 236 -854.301
1 151 128 -854.301
1 151 228 -854.301
1 152 153 -854.301
1 152 173 -854.301
1 152 176 -854.301
1 152 222 -854.301
1 152 228 -854.301
1 153 126 -854.301
1 153 136 -854.301
1 153 155 -854.301
1 153 232 -854.301
1 153 238 -854.301
1 153 253 -854.301
1 154 126 -854.301
1 154 133 -854.301
1 154 161 -854.301
1 154 172 -854.301
1 154 220 -854.301
1 154 244 -854.301
1 155 170 -1708.6
1 155 216 -854.301
1 155 262 -854.301
1 156 160 -854.301
1 156 211 -854.301
1 156 223 -854.301
1 157 132 -854.301
1 157 133 -854.301
1 157 134 -2562.9
1 157 136 -854.301
1 157 194 -854.301
1 157 207 -854.301
1 157 240 -854.301
1 158 135 -854.301
1 158 248 -854.301
1 159 152 -854.301
1 159 231 -854.301
1 159 240 -854.301
1 159 247 -854.301
1 159 248 -854.301
1 159 250 -854.301
1 159 251 -854.301
1 159 257 -854.301
1 160 133 -854.301
1 160 249 -1708.6
1 160 251 -1708.6
1 160 252 -854.301
1 160 253 -854.301
1 160 262 -854.301
1 161 144 -1708.6
1 161 251 -854.301
1 161 253 -854.301
1 162 137 -1708.6
1 162 252 -1708.6
1 162 253 -854.301
1 163 152 -854.301
1 163 190 -854.301
1 163 236 -854.301
1 164 278 -854.301
1 164 290 -854.301
1 164 299 -854.301
1 165 133 -1708.6
1 165 134 -1708.6
1 165 135 -854.301
1 165 290 -854.301
1 166 131 -854.301
1 166 132 -854.301
1 166 133 -1708.6
1 166 134 -854.301
1 166 135 -854.301
1 166 210 -854.301
1 166 254 -854.301
1 166 255 -854.301
1 167 127 -854.301
1 167 132 -1708.6
1 167 133 -1708.6
1 167 134 -2562.9
1 167 256 -854.301
1 167 288 -854.301
1 167 294 -854.301
1 168 130 -854.301
1 168 131 -854.301
1 168 132 -3417.2
1 168 133 -3417.2
1 168 286 -854.301
1 168 287 -1708.6
1 168 291 -1708.6
1 169 128 -1708.6
1 169 129 -3417.2
1 169 131 -854.301
1 169 132 -4271.51
1 169 133 -2562.9
1 169 134 -7688.71
1 169 135 -854.301
1 169 236 -854.301
1 169 260 -854.301
1 169 271 -854.301
1 169 287 -854.301
1 169 290 -854.301
1 170 133 -2562.9
1 170 134 -10251.6
1 170 136 -854.301
1 170 187 -854.301
1 170 256 -854.301
1 170 287 -854.301
1 170 292 -854.301
1 171 133 -1708.6
1 171 134 -854.301
1 171 136 -4271.51
1 171 290 -854.301
1 172 257 -854.301
1 172 284 -854.301
1 172 295 -1708.6
1 172 311 -854.301
1 173 258 -854.301
1 173 278 -854.301
1 173 290 -854.301
1 173 292 -854.301
1 173 293 -1708.6
1 173 294 -854.301
1 174 124 -854.301
1 174 253 -854.301
1 174 261 -854.301
1 174 270 -854.301
1 174 283 -854.301
1 174 289 -854.301
1 174 293 -854.301
1 175 260 -854.301
1 175 288 -854.301
1 175 292 -1708.6
1 175 293 -854.301
1 175 296 -854.301
1 175 305 -854.301
1 176 274 -854.301
1 176 305 -854.301
1 177 289 -854.301
1 177 290 -854.301
1 178 243 -854.301
1 178 280 -854.301
1 178 285 -854.301
1 178 302 -854.301
1 178 305 -854.301
1 178 306 -854.301
1 178 311 -854.301
1 179 278 -854.301
1 179 285 -854.301
1 180 149 -854.301
1 180 286 -854.301
1 181 297 -854.301
1 181 307 -854.301
1 181 308 -854.301
1 183 242 -854.301
1 183 285 -854.301
1 183 295 -854.301
1 183 308 -854.301
1 183 309 -854.301
1 183 318 -854.301
1 184 263 -854.301
1 184 285 -854.301
1 184 313 -854.301
1 184 319 -854.301
1 185 257 -854.301
1 185 305 -854.301
1 185 306 -854.301
1 185 307 -854.301
1 185 315 -854.301
1 186 255 -854.301
1 186 265 -854.301
1 186 307 -1708.6
1 186 310 -854.301
1 188 262 -854.301
1 188 294 -854.301
1 188 295 -854.301
1 189 295 -854.301
1 189 309 -854.301
1 190 307 -854.301
1 190 308 -927.202
1 190 324 -854.301
1 191 292 -1708.6
1 191 304 -854.301
1 191 305 -854.301
1 192 258 -854.301
1 192 284 -854.301
1 192 304 -854.301
1 192 316 -854.301
1 192 319 -854.301
1 193 262 -854.301
1 193 301 -854.301
1 193 311 -854.301
1 193 313 -1708.6
1 194 284 -854.301
1 194 313 -854.301
1 195 269 -854.301
1 195 287 -854.301
1 195 289 -854.301
1 195 300 -854.301
1 195 311 -854.301
1 195 313 -854.301
1 196 269 -854.301
1 196 275 -854.301
1 196 303 -854.301
1 196 324 -854.301
1 196 333 -854.301
1 197 264 -854.301
1 197 283 -854.301
1 197 300 -854.301
1 197 322 -854.301
1 197 325 -854.301
1 198 242 -854.301
1 198 276 -1708.6
1 198 309 -854.301
1 198 311 -854.301
1 199 283 -854.301
1 199 311 -854.301
1 199 324 -854.301
1 200 280 -854.301
1 200 286 -854.301
1 200 296 -854.301
1 200 299 -854.301
1 200 306 -854.301
1 200 307 -854.301
1 200 312 -854.301
1 200 343 -854.301
1 200 345 -854.301
1 201 257 -854.301
1 202 280 -854.301
1 202 287 -854.301
1 202 297 -854.301
1 202 301 -854.301
1 202 302 -854.301
1 203 215 -854.301
1 203 304 -854.301
1 203 305 -854.301
1 203 309 -854.301
1 203 315 -854.301
1 205 263 -854.301
1 205 303 -854.301
1 205 304 -854.301
1 205 317 -854.301
1 205 318 -854.301
1 205 319 -854.301
1 206 264 -854.301
1 206 270 -854.301
1 206 301 -854.301
1 206 304 -854.301
1 206 315 -854.301
1 206 317 -1708.6
1 207 262 -854.301
1 207 300 -854.301
1 207 301 -1708.6
1 207 303 -854.301
1 207 304 -854.301
1 207 306 -1708.6
1 207 315 -854.301
1 207 317 -854.301
1 208 298 -1708.6
1 208 299 -1708.6
1 208 306 -854.301
1 208 317 -854.301
1 208 328 -854.301
1 209 284 -854.301
1 209 297 -854.301
1 209 302 -854.301
1 210 284 -854.301
1 210 301 -854.301
1 210 302 -854.301
1 210 342 -854.301
1 211 301 -854.301
1 211 321 -854.301
1 212 295 -854.301
1 212 347 -854.301
1 213 226 -854.301
1 213 287 -854.301
1 213 303 -854.301
1 213 329 -854.301
1 214 319 -854.301
1 215 289 -854.301
1 215 311 -854.301
1 215 353 -854.301
1 216 323 -854.301
1 216 341 -854.301
1 217 244 -854.301
1 217 249 -854.301
1 217 351 -854.301
1 218 209 -854.301
1 218 243 -854.301
1 218 292 -854.301
1 218 345 -1708.6
1 221 240 -854.301
1 221 611 -854.301
1 222 254 -854.301
1 222 362 -854.301
1 224 338 -854.301
1 224 359 -854.301
1 225 323 -854.301
1 225 329 -854.301
1 225 332 -854.301
1 225 368 -854.301
1 225 373 -854.301
1 225 378 -854.301
1 225 382 -1708.6
1 226 323 -854.301
1 226 388 -1708.6
1 226 618 -854.301
1 227 315 -854.301
1 228 606 -854.301
1 229 385 -1708.6
1 229 392 -854.301
1 229 393 -854.301
1 229 397 -3417.2
1 229 618 -4271.51
1 230 338 -854.301
1 230 373 -1708.6
1 230 384 -854.301
1 230 392 -1708.6
1 230 393 -3417.2
1 230 396 -854.301
1 230 605 -854.301
1 231 343 -854.301
1 231 383 -854.301
1 231 392 -4271.51
1 231 393 -9397.31
1 231 398 -854.301
1 231 603 -854.301
1 231 607 -1708.6
1 232 259 -854.301
1 232 300 -854.301
1 232 384 -854.301
1 232 389 -854.301
1 232 393 -5125.81
1 232 394 -3417.2
1 232 405 -854.301
1 232 604 -1708.6
1 232 606 -1708.6
1 232 607 -2562.9
1 232 608 -854.301
1 233 373 -854.301
1 233 393 -854.301
1 233 403 -854.301
1 233 406 -3417.2
1 233 601 -1708.6
1 233 602 -854.301
1 234 374 -854.301
1 234 388 -854.301
1 234 389 -854.301
1 234 406 -2562.9
1 234 407 -1708.6
1 234 601 -854.301
1 234 602 -1708.6
1 234 603 -2562.9
1 234 604 -854.301
1 234 605 -1708.6
1 234 606 -854.301
1 234 609 -854.301
1 234 620 -854.301
1 234 621 -854.301
1 235 342 -854.301
1 235 368 -854.301
1 235 389 -854.301
1 235 392 -854.301
1 235 404 -854.301
1 235 406 -854.301
1 235 599 -854.301
1 235 600 -1708.6
1 235 602 -2562.9
1 235 603 -854.301
1 235 606 -854.301
1 235 608 -854.301
1 236 256 -854.301
1 236 359 -854.301
1 236 377 -1708.6
1 236 378 -854.301
1 236 389 -1708.6
1 236 600 -854.301
1 236 601 -854.301
1 236 602 -1708.6
1 236 605 -854.301
1 236 606 -854.301
1 236 607 -854.301
1 236 620 -854.301
1 237 330 -854.301
1 237 377 -854.301
1 237 384 -854.301
1 237 388 -854.301
1 237 605 -1708.6
1 237 606 -2562.9
1 237 607 -1708.6
1 237 608 -4271.51
1 237 609 -2562.9
1 237 620 -854.301
1 238 346 -854.301
1 238 391 -854.301
1 238 410 -854.301
1 238 602 -854.301
1 238 603 -854.301
1 238 606 -4271.51
1 238 607 -5125.81
1 238 608 -3417.2
1 238 610 -854.301
1 239 297 -24797.8
1 239 323 -854.301
1 239 404 -854.301
1 239 601 -854.301
1 239 603 -854.301
1 239 607 -1708.6
1 239 608 -3417.2
1 239 609 -2562.9
1 239 610 -1708.6
1 239 615 -1708.6
1 240 267 -854.301
1 240 319 -854.301
1 240 327 -854.301
1 240 352 -854.301
1 240 374 -1708.6
1 240 392 -1708.6
1 240 396 -854.301
1 240 406 -854.301
1 240 603 -854.301
1 240 605 -2562.9
1 240 606 -3417.2
1 240 607 -1708.6
1 240 620 -1708.6
1 240 621 -854.301
1 241 339 -854.301
1 241 352 -854.301
1 241 370 -1708.6
1 241 375 -854.301
1 241 409 -854.301
1 241 577 -854.301
1 241 603 -1708.6
1 241 605 -2562.9
1 241 606 -1708.6
1 241 607 -1708.6
1 241 608 -1708.6
1 241 609 -4271.51
1 241 610 -854.301
1 241 611 -854.301
1 241 620 -854.301
1 241 621 -854.301
1 242 314 -854.301
1 242 318 -854.301
1 242 336 -854.301
1 242 338 -854.301
1 242 339 -854.301
1 242 373 -2562.9
1 242 374 -5125.81
1 242 406 -1708.6
1 242 603 -1708.6
1 242 604 -5980.11
1 242 605 -7688.71
1 242 606 -2562.9
1 242 607 -4271.51
1 242 608 -4271.51
1 242 609 -2562.9
1 242 610 -2562.9
1 242 616 -854.301
1 242 622 -854.301
1 242 623 -2562.9
1 243 366 -854.301
1 243 369 -854.301
1 243 372 -1708.6
1 243 373 -6834.41
1 243 374 -2562.9
1 243 386 -854.301
1 243 391 -854.301
1 243 405 -854.301
1 243 406 -854.301
1 243 407 -1708.6
1 243 409 -854.301
1 243 577 -854.301
1 243 606 -5980.11
1 243 607 -4271.51
1 243 608 -1708.6
1 243 609 -5125.81
1 243 620 -854.301
1 243 622 -1708.6
1 243 623 -6834.41
1 244 371 -854.301
1 244 372 -1708.6
1 244 373 -2562.9
1 244 415 -854.301
1 244 598 -854.301
1 244 606 -3425.14
1 244 607 -854.301
1 244 611 -854.301
1 244 616 -854.301
1 244 622 -854.301
1 244 623 -3417.2
1 244 624 -854.301
1 245 312 -854.301
1 245 315 -854.301
1 245 326 -854.301
1 245 335 -854.301
1 245 338 -854.301
1 245 356 -1708.6
1 245 371 -854.301
1 245 413 -854.301
1 245 586 -854.301
1 245 604 -854.301
1 245 605 -2562.9
1 245 606 -4271.51
1 245 607 -3417.2
1 245 609 -4271.51
1 245 610 -1708.6
1 245 612 -1708.6
1 245 616 -1708.6
1 245 619 -854.301
1 245 620 -1708.6
1 245 622 -854.301
1 246 214 -854.301
1 246 342 -854.301
1 246 356 -854.301
1 246 357 -854.301
1 246 374 -854.301
1 246 413 -854.301
1 246 590 -854.301
1 246 599 -854.301
1 246 600 -5125.81
1 246 605 -3417.2
1 246 606 -5980.11
1 246 607 -3417.2
1 246 610 -854.301
1 246 612 -1708.6
1 246 614 -854.301
1 246 615 -854.301
1 246 623 -854.301
1 247 314 -854.301
1 247 331 -854.301
1 247 367 -1708.6
1 247 368 -4271.51
1 247 387 -1708.6
1 247 413 -854.301
1 247 578 -854.301
1 247 597 -854.301
1 247 598 -5980.11
1 247 599 -5125.81
1 247 600 -8543.01
1 247 601 -8543.01
1 247 605 -1708.6
1 247 609 -1708.6
1 247 610 -1708.6
1 247 611 -3417.2
1 247 612 -3417.2
1 247 613 -1708.6
1 247 618 -1708.6
1 247 619 -854.301
1 247 623 -854.301
1 248 307 -854.301
1 248 367 -854.301
1 248 368 -3417.2
1 248 371 -1708.6
1 248 372 -4271.51
1 248 387 -1708.6
1 248 388 -5125.81
1 248 413 -854.301
1 248 416 -854.301
1 248 529 -854.301
1 248 567 -854.301
1 248 596 -5980.11
1 248 597 -4271.51
1 248 598 -8543.01
1 248 599 -5125.81
1 248 600 -3417.2
1 248 601 -5125.81
1 248 602 -2562.9
1 248 605 -854.301
1 248 608 -854.301
1 248 609 -1708.6
1 248 610 -2562.9
1 248 611 -5125.81
1 248 612 -5125.81
1 248 613 -5980.11
1 248 618 -854.301
1 248 619 -854.301
1 248 620 -854.301
1 248 623 -1708.6
1 249 333 -854.301
1 249 334 -854.301
1 249 365 -1708.6
1 249 366 -2562.9
1 249 367 -854.301
1 249 368 -2562.9
1 249 371 -854.301
1 249 387 -854.301
1 249 388 -854.301
1 249 400 -854.301
1 249 412 -854.301
1 249 567 -854.301
1 249 593 -1708.6
1 249 595 -5125.81
1 249 596 -5980.11
1 249 597 -9397.31
1 249 603 -2562.9
1 249 604 -6834.41
1 249 605 -4271.51
1 249 607 -3417.2
1 249 609 -854.301
1 249 610 -1708.6
1 249 611 -4271.51
1 249 612 -7688.71
1 249 613 -1708.6
1 249 618 -854.301
1 249 623 -854.301
1 250 331 -881.929
1 250 355 -854.301
1 250 365 -1708.6
1 250 366 -4271.51
1 250 367 -2562.9
1 250 368 -854.301
1 250 369 -1708.6
1 250 370 -1708.6
1 250 371 -5143.36
1 250 382 -854.301
1 250 406 -854.301
1 250 413 -854.301
1 250 414 -854.301
1 250 423 -854.301
1 250 436 -854.301
1 250 568 -854.301
1 250 579 -854.301
1 250 591 -854.301
1 250 594 -854.301
1 250 596 -6834.41
1 250 597 -1708.6
1 250 602 -854.301
1 250 603 -5980.11
1 250 604 -5125.81
1 250 605 -3417.2
1 250 607 -854.301
1 250 608 -2562.9
1 250 609 -854.301
1 250 610 -854.301
1 250 613 -854.301
1 251 276 -854.301
1 251 322 -854.301
1 251 365 -2562.9
1 251 366 -7688.71
1 251 367 -1708.6
1 251 368 -1708.6
1 251 371 -854.301
1 251 379 -854.301
1 251 407 -854.301
1 251 414 -854.301
1 251 424 -854.301
1 251 598 -854.301
1 251 604 -854.301
1 251 605 -854.301
1 251 607 -854.301
1 251 610 -854.301
1 252 236 -854.301
1 252 365 -2562.9
1 252 366 -5980.11
1 252 367 -5980.11
1 252 368 -1708.6
1 252 376 -854.301
1 252 412 -854.301
1 252 416 -854.301
1 252 428 -854.301
1 252 506 -854.301
1 252 507 -854.301
1 252 528 -854.301
1 252 534 -854.301
1 252 544 -854.301
1 252 576 -854.301
1 252 591 -1708.6
1 252 596 -1796.44
1 252 597 -1708.6
1 252 598 -854.301
1 252 599 -1708.6
1 252 608 -1708.6
1 252 609 -854.301
1 252 611 -854.301
1 252 620 -854.301
1 253 259 -854.301
1 253 342 -854.301
1 253 363 -854.301
1 253 365 -1708.6
1 253 366 -5125.81
1 253 367 -3417.2
1 253 370 -854.301
1 253 375 -1708.6
1 253 404 -854.301
1 253 433 -1708.6
1 253 506 -854.301
1 253 543 -854.301
1 253 546 -854.301
1 253 547 -854.301
1 253 566 -854.301
1 253 586 -1708.6
1 253 596 -854.301
1 253 597 -3417.2
1 253 601 -854.301
1 253 604 -854.301
1 253 605 -854.301
1 253 614 -2562.9
1 254 366 -1708.6
1 254 478 -854.301
1 254 581 -854.301
1 254 584 -854.301
1 254 585 -5125.81
1 254 586 -4271.51
1 254 587 -2562.9
1 254 588 -2562.9
1 254 589 -3417.2
1 254 598 -854.301
1 254 599 -854.301
1 254 601 -1708.6
1 254 604 -1708.6
1 254 605 -854.301
1 254 606 -854.301
1 254 611 -854.301
1 255 341 -854.301
1 255 346 -854.301
1 255 371 -854.301
1 255 402 -854.301
1 255 442 -854.301
1 255 445 -854.301
1 255 461 -854.301
1 255 479 -854.301
1 255 512 -854.301
1 255 513 -854.301
1 255 526 -854.301
1 255 547 -854.301
1 255 548 -854.301
1 255 565 -854.301
1 255 583 -2562.9
1 255 584 -3417.2
1 255 585 -3417.2
1 255 586 -3417.2
1 255 587 -1708.6
1 255 588 -854.301
1 255 591 -854.301
1 255 594 -854.301
1 255 597 -854.301
1 255 600 -1708.6
1 255 607 -854.301
1 256 346 -854.301
1 256 350 -854.301
1 256 367 -854.301
1 256 373 -854.301
1 256 374 -854.301
1 256 491 -854.301
1 256 526 -854.301
1 256 531 -2562.9
1 256 532 -854.301
1 256 547 -854.301
1 256 548 -1708.6
1 256 549 -854.301
1 256 575 -854.301
1 256 578 -1708.6
1 256 580 -854.301
1 256 584 -2562.9
1 256 585 -1708.6
1 256 592 -1708.6
1 256 594 -5980.67
1 256 595 -3417.2
1 256 607 -3417.2
1 256 608 -1708.6
1 256 609 -854.301
1 257 330 -854.301
1 257 461 -854.301
1 257 497 -854.301
1 257 503 -854.301
1 257 506 -854.301
1 257 512 -854.301
1 257 527 -2562.9
1 257 529 -854.301
1 257 532 -854.301
1 257 549 -854.301
1 257 574 -854.301
1 257 575 -2562.9
1 257 584 -2562.9
1 257 585 -2562.9
1 257 593 -1708.6
1 257 594 -6834.41
1 257 595 -3417.2
1 257 597 -1708.6
1 257 606 -5980.11
1 257 607 -854.301
1 258 307 -854.301
1 258 330 -854.301
1 258 366 -854.301
1 258 485 -1708.6
1 258 489 -1708.6
1 258 491 -854.301
1 258 493 -854.301
1 258 494 -854.301
1 258 496 -854.301
1 258 497 -854.301
1 258 498 -2562.9
1 258 499 -1708.6
1 258 502 -854.301
1 258 503 -854.301
1 258 529 -1708.6
1 258 531 -854.301
1 258 532 -854.301
1 258 533 -1708.6
1 258 535 -854.301
1 258 546 -854.301
1 258 550 -854.301
1 258 556 -1708.6
1 258 564 -854.301
1 258 576 -854.301
1 258 583 -854.301
1 258 584 -2562.9
1 258 586 -2562.9
1 258 594 -2562.9
1 258 606 -4271.51
1 258 607 -854.301
1 259 346 -854.301
1 259 369 -1708.6
1 259 402 -854.301
1 259 444 -854.301
1 259 456 -854.301
1 259 485 -854.301
1 259 486 -854.301
1 259 488 -854.301
1 259 489 -854.301
1 259 490 -1708.6
1 259 509 -1708.6
1 259 510 -854.301
1 259 522 -854.301
1 259 528 -854.301
1 259 529 -854.301
1 259 531 -854.301
1 259 532 -854.301
1 259 545 -854.301
1 259 549 -854.301
1 259 554 -1708.6
1 259 555 -1708.6
1 259 556 -2562.9
1 259 557 -2562.9
1 259 575 -3417.2
1 259 576 -854.301
1 259 579 -854.301
1 259 584 -854.301
1 259 585 -3417.2
1 259 586 -1708.6
1 260 369 -1708.6
1 260 404 -1708.6
1 260 443 -854.301
1 260 454 -854.301
1 260 485 -854.301
1 260 486 -1708.6
1 260 487 -854.301
1 260 492 -854.301
1 260 499 -854.301
1 260 502 -1708.6
1 260 517 -854.301
1 260 527 -854.301
1 260 545 -2562.9
1 260 548 -854.301
1 260 554 -854.301
1 260 556 -854.301
1 260 567 -854.301
1 260 576 -854.301
1 260 577 -854.301
1 261 397 -854.301
1 261 404 -854.301
1 261 444 -854.301
1 261 483 -854.301
1 261 487 -854.301
1 261 501 -854.301
1 261 502 -854.301
1 261 545 -854.301
1 261 551 -854.301
1 261 552 -854.301
1 261 565 -854.301
1 262 254 -854.301
1 262 353 -1708.6
1 262 369 -854.301
1 262 425 -854.301
1 262 443 -854.301
1 262 458 -854.301
1 262 483 -1708.6
1 262 493 -854.301
1 262 501 -854.301
1 262 502 -854.301
1 262 523 -854.301
1 262 524 -854.301
1 262 535 -854.301
1 262 536 -854.301
1 262 537 -854.301
1 262 542 -854.301
1 262 546 -854.301
1 262 584 -854.301
1 262 587 -854.301
1 263 355 -854.301
1 263 415 -854.301
1 263 484 -854.301
1 263 493 -854.301
1 263 509 -854.301
1 263 522 -854.301
1 263 523 -1708.6
1 263 524 -1708.6
1 263 541 -1708.6
1 263 542 -854.301
1 263 543 -854.301
1 263 546 -1708.6
1 263 576 -854.301
1 263 579 -854.301
1 263 581 -3417.2
1 264 369 -854.301
1 264 379 -855.5039999999999
1 264 481 -854.301
1 264 482 -854.301
1 264 493 -854.301
1 264 503 -854.301
1 264 504 -854.301
1 264 516 -854.301
1 264 521 -2562.9
1 264 527 -854.301
1 264 543 -3417.2
1 264 568 -854.301
1 264 575 -854.301
1 264 576 -1708.6
1 265 336 -854.301
1 265 367 -1989.11
1 265 457 -854.301
1 265 459 -854.301
1 265 511 -854.301
1 265 516 -854.301
1 265 520 -854.301
1 265 524 -1014.58
1 265 568 -1708.6
1 266 314 -854.301
1 266 413 -854.301
1 266 456 -854.301
1 266 478 -854.301
1 266 481 -854.301
1 266 483 -854.301
1 266 484 -854.301
1 266 485 -854.301
1 266 492 -854.301
1 266 498 -854.301
1 266 505 -854.301
1 266 518 -854.301
1 266 523 -854.301
1 266 543 -854.301
1 266 545 -854.301
1 266 549 -854.301
1 266 555 -854.301
1 267 337 -854.301
1 267 365 -854.301
1 267 381 -854.301
1 267 459 -854.301
1 267 460 -1708.6
1 267 505 -854.301
1 267 507 -854.301
1 267 543 -854.301
1 267 544 -1708.6
1 267 549 -854.301
1 267 553 -2562.9
1 267 562 -854.301
1 268 507 -1708.6
1 268 540 -854.301
1 268 541 -854.301
1 268 542 -1708.6
1 268 543 -3417.2
1 268 544 -1708.6
1 268 549 -854.301
1 268 551 -854.301
1 268 552 -854.301
1 268 553 -854.301
1 269 362 -854.301
1 269 505 -1708.6
1 269 507 -854.301
1 269 528 -854.301
1 269 543 -854.301
1 269 547 -1708.6
1 270 474 -854.301
1 270 475 -1708.6
1 270 479 -854.301
1 270 491 -854.301
1 270 504 -854.301
1 270 507 -854.301
1 270 526 -854.301
1 271 375 -854.301
1 271 388 -854.301
1 271 479 -854.301
1 271 481 -854.301
1 271 487 -854.301
1 271 491 -854.301
1 271 526 -854.301
1 272 469 -854.301
1 272 493 -854.301
1 272 495 -1708.6
1 272 496 -854.301
1 272 502 -854.301
1 272 526 -2562.9
1 273 441 -854.301
1 273 462 -854.301
1 273 526 -854.301
1 275 463 -854.301
1 275 480 -854.301
1 275 502 -854.301
1 275 504 -854.301
1 276 502 -854.301
1 277 393 -854.301
1 279 459 -854.301
1 280 563 -854.301
1 282 434 -854.301
1 282 435 -854.301
1 283 461 -854.301
1 283 482 -854.301
1 283 483 -854.301
1 285 437 -854.301
1 285 482 -854.301
1 285 483 -854.301
1 286 377 -854.301
1 286 464 -854.301
1 288 469 -854.301
1 289 362 -854.301
1 289 443 -854.301
1 292 358 -854.301
1 293 390 -2562.9
1 293 391 -854.301
1 296 390 -854.301
1 301 359 -854.301
1 301 378 -854.301
1 85 106 -854.301
1 92 112 -1708.6
1 93 117 -854.301
1 97 89 -854.301
1 98 101 -854.301
1 99 126 -854.301
1 99 136 -854.301
1 147 119 -7473.44
1 156 158 -8148.89
1 170 169 -110352.0
1 199 225 -6882.48
1 234 285 -4051.08
1 244 234 -53294.0
1 259 541 -8.02084
1 265 469 -121.78299999999999
1 267 479 -4293.02
1 272 454 -60.6921
1 291 453 -7900.33
1 299 360 -2726.86
1 132 183 -4585.42
1 140 173 -5248.91
1 152 130 -8497.1
1 157 190 -26.136
1 164 258 -13640.1
1 172 162 -8793.31
1 173 196 -40.5803
1 175 213 -43133.1
1 195 280 -17424.0
1 202 295 -85.66799999999999
1 203 296 -4835.16
1 214 174 -6745.24
1 218 173 -11575.1
1 226 358 -1818.45
1 262 350 -2192.3
1 265 349 -591.85
1 267 346 -4033.37
1 269 347 -4177.24
1 271 470 -1864.1
1 274 431 -2007200.0
1 285 357 -275.88
1 289 374 -2860.44
1 299 335 -8712.0
1 144 130 -634.243
1 148 113 -5744.42
1 149 118 -6526.12
1 154 128 -31.9049
1 161 161 -3990.07
1 164 159 -7885.41
1 174 182 -10655.3
1 176 128 -42.3299
1 222 252 -21614.5
1 225 248 -25690.2
1 226 361 -214.896
1 228 373 -43.56
1 238 244 -5105.23
1 245 243 -7138.03
1 248 331 -4085.05
1 259 347 -561.32
1 266 345 -4666.73
1 271 268 -12632.4
1 274 278 -1183.38
1 296 393 -1432.71
1 144 151 -39204.0
1 146 150 -42108.0
1 147 148 -46464.0
1 149 202 -11086.0
1 151 211 -2239.68
1 158 173 -445.602
1 164 124 -255.419
1 165 167 -37752.0
1 168 164 -7394.19
1 168 166 -2133.99
1 189 288 -875.0830000000001
1 193 280 -2916.75
1 210 249 -3620.76
1 224 287 -3586.44
1 227 344 -6942.51
1 230 352 -5104.07
1 236 342 -2899.68
1 236 344 -2896.58
1 240 357 -2501.93
1 244 333 -2626.21
1 258 345 -811.0930000000001
1 260 345 -1344.27
1 265 517 -26.1123
1 267 428 -71.2932
1 269 364 -350.04
1 270 361 -1541.13
1 271 355 -3951.34
1 284 333 -288.668
1 296 358 -26229.9
1 297 356 -7567.82
1 299 347 -760.054
1 125 93 -9695.63
1 135 126 -143.748
1 142 169 -2172.94
1 155 116 -12629.5
1 156 214 -29703.6
1 163 186 -97.0484
1 168 216 -22018.1
1 192 232 -54570.5
1 201 310 -155.032
1 221 339 -5429.3
1 222 324 -2382.85
1 226 354 -2071.44
1 233 341 -1459.42
1 248 344 -3123.6
1 263 427 -0.222273
1 263 570 -145.89
1 265 414 -90.0117
1 286 302 -2764.61
1 297 439 -1258260.0
1 137 128 -5340.96
1 145 166 -1704.96
1 150 118 -16380.8
1 150 127 -619.789
1 152 118 -4542.79
1 153 123 -3004.1
1 155 125 -2961.99
1 185 168 -20707.0
1 215 296 -179.94799999999998
1 224 257 -4215.45
1 230 223 -100996.0
1 276 359 -2958.73
1 281 445 -321.185
1 137 168 -15205.3
1 149 213 -5.808
1 189 195 -2514.86
1 190 250 -13017.2
1 210 253 -0.19606500000000002
1 245 324 -43.56
1 270 480 -80.7432
1 291 354 -729.575
1 158 114 -12725.3
1 187 263 -182.952
1 188 197 -5843.53
1 188 204 -3877.98
1 203 340 -471.889
1 206 281 -831.4939999999999
1 208 226 -5712.41
1 211 266 -37501.9
1 213 276 -9191.44
1 214 274 -76321.9
1 220 278 -72827.5
1 223 372 -1074.48
1 233 375 -520.018
1 239 385 -7059.55
1 239 406 -231.713
1 239 416 -4.37447
1 245 408 -5423.43
1 246 320 -736.164
1 248 454 -1229.28
1 259 351 -3900.63
1 262 363 -7697.96
1 263 492 -17.4299
1 267 449 -1668.49
1 272 360 -1264.33
1 273 521 -4723.39
1 274 327 -346.82599999999996
1 275 465 -161.754
1 290 322 -10178.5
1 292 458 -151.00799999999998
1 294 354 -4116.42
1 147 116 -4675.11
1 156 122 -522.21
1 258 337 -10.7554
1 268 484 -17.7235
1 281 328 -1314.32
1 173 183 -9129.07
1 257 342 -1220.68
1 201 301 -126.755
1 251 286 -4890.34
1 264 441 -144.687
1 265 488 -701.301
1 294 356 -2129.04
1 136 173 -4588.32
1 154 112 -43.5716
1 154 122 -5295.44
1 161 179 -9577.85
1 183 205 -23.479
1 186 209 -19478.6
1 204 300 -16.1308
1 225 242 -10164.0
1 226 375 -235577.0
1 238 302 -16044.4
1 242 355 -132.747
1 244 321 -4549.12
1 247 591 -373.415
1 248 590 -27.1817
1 251 614 -1200.14
1 256 443 -778.678
1 258 339 -3748.41
1 258 416 -65.058
1 263 583 -339.594
1 266 470 -593.141
1 269 482 -503.423
1 270 476 -1840.78
1 274 506 -3135.45
1 280 458 -610.475
1 291 374 -15.991
1 297 388 -913.485
1 298 384 -57.9283
1 221 300 -572.312
1 239 400 -15.3036
1 272 494 -1.76459
1 134 167 -19815.4
1 158 122 -366.85900000000004
1 159 157 -8218.86
1 184 305 -0.463192
1 226 330 -20279.4
1 237 406 -1465.31
1 244 430 -639.44
1 247 342 -894.216
1 253 427 -982.553
1 253 443 -891.205
1 254 398 -10.6499
1 254 442 -16645.0
1 254 444 -295.85400000000004
1 254 445 -25.1863
1 256 445 -644.341
1 259 345 -585.2869999999999
1 261 346 -52.603
1 261 369 -1928.26
1 263 448 -37.4306
1 265 559 -0.38169000000000003
1 271 364 -3076.81
1 271 471 -516.5419999999999
1 271 489 -1118.46
1 272 371 -380.277
1 275 371 -2025.71
1 262 394 -510023.0
1 271 492 -27.4046
1 167 168 -24829.2
1 157 122 -210.699
1 169 201 -4827.44
1 199 297 -51.6236
1 211 313 -41.4856
1 212 315 -184.56799999999998
1 214 287 -144.375
1 224 372 -1634.47
1 246 609 -1335.02
1 247 343 -31.6378
1 247 590 -2951.78
1 255 446 -246.418
1 261 524 -82.5404
1 270 482 -60.5574
1 278 371 -379.949
1 281 446 -458.971
1 284 406 -743.71
1 291 458 -116.699
1 295 390 -27033.6
1 297 384 -154.503
1 297 387 -316.369
1 165 158 -2181.2
1 178 212 -4069.96
1 145 147 -192.188
1 257 443 -45.4515
1 162 205 -4519.2
1 178 255 -8778.37
1 194 320 -10.8865
1 234 400 -18.2697
1 240 386 -121.02600000000001
1 241 353 -96.3972
1 247 341 -24.8701
1 248 343 -84.9063
1 249 589 -3.5648199999999997
1 252 457 -157.075
1 253 400 -105.456
1 254 370 -3.7449
1 254 400 -83.3722
1 255 373 -214.78
1 262 441 -8.86749
1 263 353 -18.4258
1 274 527 -113.934
1 276 469 -29.8554
1 276 484 -379.684
1 282 451 -1617.09
1 279 477 -51.8348
1 145 139 -95.2
1 206 299 -55.0464
1 239 305 -1172.83
1 261 461 -263.306
1 117 117 -50.5137
1 183 311 -766.304
1 185 196 -4095.53
1 220 175 -11038.1
1 244 355 -14654.8
1 245 261 -8564.48
1 294 370 -8728.67
1 264 474 -11.9867
1 157 131 -4.40231
1 149 125 -224.77200000000002
1 164 240 -325.29
1 201 297 -176.362
1 207 298 -12.967
1 232 373 -352.026
1 233 392 -103.22
1 234 236 -3572.39
1 234 401 -5.97107
1 235 390 -203.82299999999998
1 236 398 -1475.31
1 237 390 -276.719
1 237 399 -65.9492
1 241 374 -2.3349599999999997
1 248 342 -122.49600000000001
1 248 606 -174.542
1 249 344 -55.6571
1 249 411 -267.574
1 253 418 -217.67700000000002
1 253 442 -787.38
1 254 600 -7138.06
1 258 597 -128.564
1 259 428 -783.625
1 263 467 -33872.7
1 263 468 -27934.7
1 267 481 -579.283
1 268 457 -9.50892
1 281 429 -1412.96
1 283 394 -70.5834
1 284 436 -2383.97
1 296 414 -24.49
1 297 446 -1.2225
1 300 390 -5113.94
1 237 382 -712.9639999999999
1 240 379 -396.586
1 147 130 -2087.29
1 223 371 -8.02084
1 257 456 -233.808
1 160 142 -1.79687
1 247 419 -290.533
1 290 441 -171.86900000000003
1 176 219 -46.5911
1 256 590 -136.484
1 290 403 -41.7567
1 261 581 -79.1938
1 241 405 -432.23400000000004
1 271 484 -90.7692
1 235 358 -200.59599999999998
1 240 422 -60.2454
1 254 368 -1184.23
1 260 348 -58.3739
1 269 477 -259.26099999999997
1 290 463 -5926.51
1 279 465 -42.4214
1 195 301 -44.1146
1 271 397 -54.4526
1 231 201 -120.58
1 240 393 -15.5515
1 282 445 -0.356482
1 234 395 -5.347230000000001
1 255 399 -1026.22
1 267 483 -1433.29
1 243 350 -1362.07
1 261 521 -3.9658599999999997
1 244 406 -1.25584
1 288 370 -38.7674
1 162 138 -0.69263
1 164 144 -18.1052
1 218 352 -9112.14
1 259 459 -3.7876199999999995
1 267 360 -2.22273
1 261 433 -4.356
1 251 431 -595.325
1 292 373 -13.3016
1 265 476 -8.91205
1 235 401 -8.91205
1 271 480 -28.2958
1 259 438 -26.1123
1 250 372 -20.4097
1 279 460 -8.91205
1 268 485 -76.2197
1 272 492 -60.52
1 243 423 -15.2396
1 259 448 -110.465
1 271 535 -207.207
1 244 609 -29.4989
1 160 144 -18.7139
1 212 180 -45.1519
1 217 228 -962.5010000000001
1 245 387 -174.979
1 252 431 -2572.46
1 190 304 -145.2
1 251 443 -440.332
1 250 444 -269.70099999999996
1 284 437 -1068.43
1 237 397 -1702.64
1 252 401 -1957.98
1 201 299 -5314.61
1 258 419 -278461.0
1 261 540 -164.873
