1 62 1 3798.3
1 61 2 3770.7
1 60 3 3749.7
1 59 4 3733.5
1 58 5 3721.5
1 57 6 3713.4
1 56 7 3709.2
1 55 8 3709.0
1 54 9 3713.4
1 53 10 3722.5
1 52 11 3736.7
1 51 12 3755.5
1 49 13 3767.8
1 50 13 3777.1
1 48 14 3789.3
1 47 15 3784.5
1 46 16 3776.7
1 45 17 3766.9
1 45 18 3767.6
1 45 19 3768.3
1 44 20 3756.4
1 44 21 3756.2
1 44 22 3755.5
1 44 23 3754.2
1 44 24 3752.2
1 44 25 3749.4
1 44 26 3745.6
1 44 27 3740.7
1 44 28 3734.5
1 44 29 3727.0
1 44 30 3717.9
1 44 31 3707.0
1 44 32 3694.2
1 44 33 3679.1
1 44 34 3661.5
1 44 35 3641.1
1 44 36 3617.4
1 44 37 3589.8
1 44 38 3557.8
1 44 39 3520.3
1 44 40 3476.1
1 44 41 3422.8
1 43 42 3304.0
1 43 43 3265.0
1 43 44 3203.3
1 42 45 3052.1
1 42 46 2997.6
1 40 47 2765.7
1 41 47 2812.0
1 40 48 2729.6
1 40 49 2663.5
1 40 50 2567.6
1 35 78 4859.7
1 35 79 4888.1
1 34 80 4945.1
1 33 81 5025.5
1 32 82 5089.1
1 31 83 5102.5
1 30 84 5114.2
1 29 85 5123.1
1 28 86 5145.4
1 27 87 5164.2
1 26 88 5190.3
1 25 89 5217.8
1 25 90 5254.2
1 24 91 5241.3
1 24 92 5256.5
1 24 93 5293.6
1 24 94 5330.6
1 23 95 5345.7
1 23 96 5386.0
1 23 97 5422.3
1 22 98 5430.3
1 22 99 5471.4
1 22 100 5508.4
1 22 101 5545.7
1 21 102 5566.0
1 21 103 5611.1
1 20 104 5633.2
1 20 105 5675.7
1 19 106 5707.7
1 19 107 5752.1
1 18 108 5788.7
1 18 109 5828.5
1 17 110 5747.7
1 17 111 5758.8
1 17 112 5868.1
1 65 109 6030.5
1 66 109 6027.0
1 67 109 5976.4
1 68 109 5941.6
1 69 109 5951.1
1 62 110 5964.5
1 63 110 6002.2
1 64 110 6023.1
1 70 110 6040.0
1 60 111 5859.4
1 61 111 5880.9
1 71 111 6106.0
1 37 112 5647.1
1 38 112 5707.3
1 39 112 5768.9
1 40 112 5814.4
1 41 112 5851.4
1 42 112 5873.4
1 43 112 5884.6
1 44 112 5893.7
1 45 112 5900.9
1 46 112 5910.4
1 47 112 5919.3
1 48 112 5936.9
1 55 112 5739.6
1 56 112 5761.3
1 57 112 5778.4
1 58 112 5795.2
1 59 112 5810.1
1 72 112 6143.0
1 16 113 5956.8
1 33 113 5631.7
1 34 113 5615.1
1 35 113 5599.2
1 36 113 5578.7
1 49 113 5930.6
1 50 113 5908.4
1 51 113 5855.3
1 52 113 5800.7
1 53 113 5744.1
1 54 113 5707.4
1 73 113 6175.3
1 16 114 6015.9
1 29 114 5721.3
1 30 114 5696.1
1 31 114 5668.3
1 32 114 5633.3
1 74 114 6198.4
1 75 114 6202.5
1 16 115 6072.6
1 25 115 5833.0
1 26 115 5810.2
1 27 115 5781.0
1 28 115 5741.0
1 76 115 6234.3
1 16 116 6127.9
1 21 116 5975.7
1 22 116 5990.6
1 23 116 5903.4
1 24 116 5863.2
1 77 116 6249.5
1 78 116 6247.6
1 79 116 6260.2
1 16 117 6182.1
1 20 117 6023.7
1 80 117 6281.1
1 81 117 6279.2
1 82 117 6258.6
1 83 117 6231.1
1 84 117 6202.0
1 16 118 6219.5
1 17 118 6185.7
1 18 118 6138.6
1 19 118 6085.1
1 85 118 6131.5
1 85 119 6089.7
1 86 120 6072.5
1 86 121 6095.2
1 86 122 6120.0
1 86 123 6137.3
1 86 124 6149.7
1 86 125 6159.3
1 86 126 6166.4
1 86 127 6170.1
1 86 128 6170.7
1 86 129 6169.0
1 86 130 6166.3
1 86 131 6162.1
1 86 132 6155.2
1 86 133 6146.5
1 86 134 6134.7
1 86 135 6118.8
1 86 136 6099.7
1 85 137 6050.6
1 85 138 6037.7
1 84 139 6032.8
1 83 140 6073.8
1 82 141 6157.7
1 82 142 6174.0
1 81 143 6226.7
1 80 144 6287.2
1 79 145 6356.2
1 78 146 6419.8
1 77 147 6487.1
1 76 148 6559.0
1 75 149 6636.4
1 75 150 6700.7
1 75 151 6761.3
1 75 152 6821.9
1 75 153 6868.8
1 76 154 6862.0
1 77 154 6849.2
1 78 154 6839.0
1 79 155 6827.7
1 80 155 6815.1
1 81 156 6797.5
1 82 157 6771.0
1 82 158 6748.6
1 83 158 6734.5
1 84 159 6704.6
1 84 160 6676.8
1 84 161 6652.4
1 84 162 6628.5
1 85 163 6603.4
1 86 164 6574.0
1 87 165 6537.0
1 88 166 6502.2
1 89 167 6468.6
1 90 168 6387.2
1 90 169 6337.2
1 91 170 6269.8
1 92 171 6198.4
1 93 172 6167.7
1 94 173 6141.2
1 94 174 6138.8
1 95 175 6123.4
1 95 176 6109.0
1 95 177 6113.7
1 95 178 6120.7
1 95 179 6126.0
1 96 180 5954.7
1 97 181 5971.7
1 98 182 5989.2
1 99 183 6006.7
1 100 184 6022.5
1 101 185 6037.9
1 102 185 6046.3
1 103 185 6061.9
1 104 186 6096.3
1 105 186 6097.4
1 106 187 6100.6
1 107 188 6096.4
1 108 189 5914.1
1 108 190 5916.1
1 108 191 5917.1
1 108 192 5916.7
1 108 193 5912.5
1 107 194 5707.4
1 107 195 5703.4
1 107 196 5695.6
1 107 197 5685.3
1 107 198 5673.3
1 106 199 5634.9
1 106 200 5622.0
1 105 201 5576.1
1 105 202 5562.9
1 104 203 5522.4
1 104 204 5513.7
1 104 205 5498.7
1 104 206 5477.3
1 104 207 5444.2
1 98 208 5460.6
1 99 208 5470.7
1 100 208 5483.1
1 101 208 5496.0
1 102 208 5513.7
1 103 208 5542.4
1 97 209 5451.3
1 97 210 5450.1
1 97 211 5446.0
1 97 212 5440.7
1 96 213 5424.1
1 95 214 5416.7
1 95 215 5415.4
1 94 216 5408.0
1 94 217 5407.1
1 94 218 5406.4
1 95 219 5410.6
1 96 220 5414.1
1 97 221 5418.0
1 97 222 5416.9
1 98 223 5420.2
1 98 224 5418.8
1 99 225 5422.9
1 99 226 5421.0
1 100 227 5242.1
1 128 227 5398.5
1 129 227 5461.6
1 101 228 5248.0
1 107 228 5142.9
1 108 228 5167.8
1 109 228 5196.4
1 110 228 5228.4
1 111 228 5263.1
1 125 228 5283.4
1 126 228 5309.8
1 127 228 5318.0
1 130 228 5187.6
1 131 228 5194.1
1 132 228 5188.2
1 133 228 5189.3
1 134 228 5195.5
1 135 228 5209.9
1 136 228 5226.9
1 137 228 5240.2
1 138 228 5267.0
1 102 229 5252.8
1 106 229 5280.7
1 112 229 5117.3
1 118 229 5143.6
1 119 229 5162.0
1 120 229 5177.9
1 121 229 5192.0
1 122 229 5203.3
1 123 229 5212.7
1 124 229 5215.2
1 139 229 5340.3
1 103 230 5256.3
1 104 230 5258.9
1 105 230 5261.9
1 113 230 5133.9
1 114 230 5125.4
1 115 230 5121.1
1 116 230 5118.6
1 117 230 5110.7
1 140 230 5307.1
1 139 231 5374.7
1 137 232 5411.3
1 138 232 5410.6
1 136 233 5414.6
1 135 234 5407.4
1 133 235 5374.7
1 134 235 5388.0
1 132 236 5357.8
1 130 237 5314.5
1 131 237 5329.7
1 129 238 5303.3
1 128 239 5287.2
1 127 240 5267.3
1 127 241 5257.5
1 127 242 5244.6
1 128 243 5252.9
1 129 244 5251.2
1 129 245 5238.5
1 130 246 5234.7
1 131 246 5233.6
1 132 246 5236.5
1 133 246 5245.8
1 134 246 5263.2
1 135 246 5289.6
1 136 246 5316.8
1 137 246 5336.8
1 138 246 5358.8
1 139 247 5409.5
1 140 247 5434.0
1 141 247 5471.5
1 142 247 5514.8
1 143 248 5577.8
1 144 249 5671.3
1 144 250 5698.1
1 145 251 5749.9
1 145 252 5775.5
1 145 253 5795.8
1 146 254 5829.1
1 146 255 5826.5
1 146 256 5820.5
1 146 257 5812.6
1 146 258 5802.4
1 146 259 5790.6
1 146 260 5777.2
1 146 261 5764.9
1 146 262 5751.7
1 146 263 5738.5
1 146 264 5728.4
1 146 265 0.0
1 147 266 5482.8
1 147 267 5453.7
1 147 268 5428.8
1 147 269 5389.1
1 147 270 5356.1
1 148 271 5306.0
1 148 272 5279.2
1 148 273 5252.1
1 148 274 5230.3
1 149 274 5215.4
1 149 275 5175.8
1 149 276 5143.6
1 149 277 5091.0
1 149 278 5036.4
1 150 279 5132.7
1 150 280 5087.7
1 150 281 5046.5
1 150 282 5016.2
1 151 283 4932.5
1 151 284 4888.7
1 151 285 4855.4
1 152 286 4761.4
1 152 287 4706.8
1 152 288 4662.5
1 152 289 4628.0
1 153 290 4722.8
1 153 291 4696.3
1 153 292 4704.2
1 154 293 4715.0
1 154 294 4726.6
1 154 295 4736.1
1 154 296 4742.2
1 155 297 4760.1
1 155 298 4763.9
1 156 299 4586.8
1 157 299 4593.1
1 158 299 4602.6
1 159 299 4615.1
1 160 299 4631.1
1 161 299 4650.5
1 162 300 4681.7
1 162 301 4684.5
1 162 302 4683.6
1 162 303 4681.0
1 162 304 4678.3
1 163 305 4857.4
1 163 306 4848.4
1 163 307 4838.6
1 163 308 4829.3
1 163 309 4823.2
1 164 310 5039.4
1 165 311 5081.0
1 166 312 5152.7
1 167 313 5211.3
1 168 314 5244.2
1 168 315 5076.7
1 168 316 5081.0
1 169 316 5088.5
1 169 317 5094.3
1 170 317 5104.1
1 171 318 5105.2
1 171 319 5081.8
1 172 320 5033.9
1 172 321 4986.4
1 172 322 4938.1
1 172 323 4887.1
1 172 324 4847.4
1 173 325 4845.9
1 173 326 4849.5
1 173 327 4851.3
1 174 328 4860.7
1 174 329 4862.3
1 174 330 4863.3
1 175 331 4867.8
1 176 331 4871.8
1 177 331 4877.7
1 178 332 4887.1
1 179 333 4889.7
1 179 334 4886.6
1 179 335 4883.5
1 180 336 4881.0
1 181 337 4872.5
1 181 338 4867.8
1 187 338 4741.0
1 188 338 4762.1
1 189 338 4779.7
1 190 338 4793.4
1 182 339 4858.5
1 186 339 4873.5
1 191 339 4797.0
1 192 339 5216.0
1 182 340 4852.5
1 186 340 4857.8
1 193 340 5215.3
1 182 341 4848.9
1 186 341 4847.8
1 194 341 5215.2
1 195 341 5216.8
1 183 342 4845.3
1 184 342 4845.1
1 185 342 4844.6
1 186 342 4843.5
1 196 342 5216.5
1 196 343 5214.4
1 197 344 5213.3
1 198 345 5210.9
1 199 346 5208.8
1 200 346 5210.4
1 201 346 5212.6
1 202 346 5214.7
1 203 346 5215.5
1 204 346 4548.72
1 205 347 5199.5
1 206 347 5193.3
1 207 348 5398.8
1 207 349 5496.1
1 207 350 5637.0
1 206 351 5696.9
1 205 352 5701.7
1 205 353 5706.2
1 205 354 5711.2
1 206 355 5734.1
1 206 356 5742.3
1 207 357 5767.0
1 208 357 5784.2
1 209 358 5465.4
1 210 359 5522.7
1 211 359 5550.7
1 212 360 5470.5
1 212 361 5507.7
1 208 362 5529.9
1 209 362 5534.6
1 210 362 5541.7
1 211 362 5547.4
1 207 363 5526.1
1 206 364 5520.7
1 206 365 5522.0
1 206 366 5522.2
1 206 367 5521.4
1 206 368 5520.4
1 206 369 5519.2
1 207 369 5525.6
1 208 369 5542.1
1 209 369 5563.8
1 210 369 5588.2
1 211 369 5618.5
1 212 369 5654.9
1 213 369 5699.1
1 214 370 5595.6
1 215 370 5629.4
1 216 372 5626.7
1 214 373 5263.1
1 215 373 5351.3
1 214 374 5220.0
1 213 375 5270.2
1 212 376 5247.8
1 211 377 5194.7
1 211 378 5183.6
1 211 379 5178.1
1 211 380 5180.2
1 211 381 5189.3
1 211 382 5243.7
1 211 383 5293.5
1 212 384 45000.0
1 212 385 45000.0
1 212 386 45000.0
1 212 387 45000.0
1 212 388 45000.0
1 212 389 45000.0
1 212 390 45000.0
1 212 391 45000.0
1 212 392 45000.0
1 212 393 45000.0
1 213 394 45000.0
1 213 395 45000.0
1 213 396 45000.0
1 213 397 45000.0
1 213 398 45000.0
1 213 399 45000.0
1 213 400 45000.0
1 213 401 45000.0
1 213 402 45000.0
1 214 403 45000.0
1 214 404 45000.0
1 214 405 45000.0
1 214 406 45000.0
1 214 407 45000.0
1 214 409 45000.0
1 214 410 45000.0
1 214 411 45000.0
1 214 412 45000.0
1 214 413 45000.0
1 214 414 45000.0
1 214 415 45000.0
1 215 416 45000.0
1 215 417 45000.0
1 227 417 45000.0
1 228 417 45000.0
1 229 417 45000.0
1 216 418 45000.0
1 226 418 45000.0
1 230 418 45000.0
1 217 419 45000.0
1 218 419 45000.0
1 219 419 45000.0
1 220 419 45000.0
1 221 419 45000.0
1 222 419 45000.0
1 223 419 45000.0
1 224 419 45000.0
1 225 419 45000.0
1 229 419 45000.0
1 229 420 45000.0
1 226 421 45000.0
1 227 421 45000.0
1 228 421 45000.0
1 224 422 45000.0
1 225 422 45000.0
1 224 423 45000.0
1 224 424 45000.0
1 225 424 45000.0
1 226 424 45000.0
1 227 424 45000.0
1 228 424 45000.0
1 229 425 45000.0
1 229 426 45000.0
1 229 427 45000.0
1 229 428 45000.0
1 229 429 45000.0
1 228 430 45000.0
1 228 431 45000.0
1 228 432 45000.0
1 228 433 45000.0
1 228 434 45000.0
1 228 435 45000.0
1 229 435 45000.0
1 230 436 45000.0
1 230 437 45000.0
1 230 438 45000.0
1 230 439 45000.0
1 230 440 45000.0
1 230 441 45000.0
1 230 442 45000.0
1 230 443 45000.0
1 230 444 45000.0
1 230 445 45000.0
1 230 446 45000.0
1 230 447 45000.0
1 230 448 45000.0
1 230 449 45000.0
1 230 450 45000.0
1 230 451 45000.0
1 230 452 45000.0
1 230 453 45000.0
1 230 454 45000.0
1 230 455 45000.0
1 230 456 45000.0
1 231 457 45000.0
1 231 458 45000.0
1 231 459 45000.0
1 231 460 45000.0
1 232 461 45000.0
1 232 462 45000.0
1 232 463 45000.0
1 232 464 45000.0
1 233 464 45000.0
1 234 464 45000.0
1 235 464 45000.0
1 236 464 45000.0
1 237 464 45000.0
1 238 464 45000.0
1 239 465 45000.0
1 239 466 45000.0
1 239 467 5337.1
1 238 468 5337.1
1 238 469 5337.1
1 238 470 5337.1
1 239 471 5337.1
1 240 471 5337.1
1 241 472 5337.1
1 242 472 5337.1
1 243 472 5337.1
1 244 473 5337.1
1 245 474 5337.1
1 246 475 5337.1
1 246 476 5337.1
1 246 477 5337.1
1 246 478 5337.1
1 246 479 5337.1
1 246 480 5337.1
1 245 481 5337.1
1 245 482 5337.1
1 244 483 5337.1
1 243 484 5337.1
1 243 485 5337.1
1 243 486 5337.1
1 243 487 5337.1
1 243 488 5337.1
1 243 489 5337.1
1 242 490 5337.1
1 242 491 5337.1
1 241 492 5337.1
1 241 493 5337.1
1 240 494 5337.1
1 239 495 5337.1
1 238 496 5337.1
1 235 497 5337.1
1 236 497 5337.1
1 237 497 5337.1
1 233 498 5337.1
1 234 498 5337.1
1 233 499 5337.1
1 232 500 5337.1
1 231 501 5337.1
1 231 502 5337.1
1 231 503 5337.1
1 231 504 5337.1
1 231 505 5337.1
1 231 506 5337.1
1 231 507 5337.1
1 231 508 5337.1
1 231 509 5337.1
1 231 510 5337.1
1 231 511 5337.1
1 231 512 5337.1
1 231 513 5337.1
1 231 514 5337.1
1 231 515 5337.1
1 232 516 5337.1
1 232 517 5337.1
1 232 518 5337.1
1 233 519 5337.1
1 233 520 5337.1
1 233 521 5337.1
1 234 522 5337.1
1 234 523 5337.1
1 235 524 5337.1
1 235 525 5337.1
1 236 525 5337.1
1 237 525 5337.1
1 238 525 5337.1
1 239 526 5337.1
1 239 527 5337.1
1 240 528 5437.9
1 240 529 5453.1
1 241 530 5519.7
1 241 531 5549.7
1 241 532 5566.6
1 241 533 5578.1
1 241 534 5586.4
1 242 535 5064.8
1 242 536 5076.1
1 243 536 5094.1
1 244 536 5126.6
1 245 536 5155.2
1 246 537 5210.6
1 246 538 5227.7
1 247 539 5267.6
1 248 540 5303.1
1 249 540 5315.2
1 250 540 5331.6
1 251 541 5365.2
1 250 544 5398.8
1 251 544 5401.1
1 245 545 5344.2
1 246 545 5355.4
1 247 545 5374.0
1 248 545 5387.7
1 249 545 5393.2
1 243 546 5317.7
1 244 546 5321.7
1 243 547 5318.4
1 242 548 5314.5
1 242 549 5314.8
1 241 550 5308.6
1 241 551 5306.9
1 240 552 5296.5
1 239 553 5285.5
1 238 554 0.0
1 237 555 5249.9
1 236 556 5248.8
1 236 557 5248.8
1 232 558 5189.1
1 233 558 5186.1
1 234 558 5193.8
1 235 558 5197.3
1 232 559 5201.2
1 231 560 5201.4
1 231 561 5209.8
1 231 562 5216.5
1 231 563 5221.6
1 231 564 5222.9
1 230 565 5389.7
1 230 566 5382.9
1 230 567 5372.0
1 230 568 5359.6
1 215 371 5678.1
1 39 51 6043.2
1 39 52 5967.8
1 38 53 5714.5
1 38 54 5641.8
1 37 55 5375.6
1 36 56 5152.8
1 35 57 4950.0
1 35 58 4889.0
1 35 59 4787.7
1 35 60 8397.7
1 35 61 8262.3
1 35 62 8125.5
1 35 63 7985.2
1 35 64 7841.2
1 35 65 7693.4
1 35 66 7542.6
1 35 67 7395.4
1 35 68 7276.3
1 36 69 10770.0
1 36 70 10502.6
1 36 71 10250.3
1 36 72 10007.1
1 36 73 9772.1
1 36 74 9559.1
1 36 75 9377.7
1 36 76 9287.9
1 36 77 9255.2
1 230 569 5347.0
1 230 570 5333.5
1 230 571 5317.4
1 230 572 5306.0
1 230 573 5316.9
1 230 574 5332.4
1 230 575 5342.6
1 230 576 5344.7
1 230 577 5179.6
1 230 578 5212.8
1 230 579 5245.9
1 230 580 5275.3
1 230 581 5278.4
1 230 582 5283.8
1 230 583 5286.3
1 230 584 5285.4
1 230 585 5282.0
1 230 586 5277.4
1 230 587 5271.3
1 230 588 5267.4
1 229 589 5251.5
1 229 590 5242.2
1 228 591 5219.5
1 228 592 5203.8
1 228 593 5186.5
1 228 594 5164.3
1 227 595 5120.1
1 227 596 5096.9
1 227 597 5068.8
1 227 598 5035.6
1 227 599 4786.4
1 226 600 4700.2
1 226 601 4698.2
1 226 602 4696.9
1 226 603 4697.6
1 225 604 4268.5
1 224 605 4268.5
1 223 606 4290.4
1 222 607 4310.8
1 223 605 4275.0
1 114 114 -1264.65
1 117 120 -617.783
1 129 121 -2810.32
1 130 122 -617.783
1 133 112 -31616.1
1 135 194 -1039.33
1 140 168 -18267.1
1 141 191 -2248.26
1 143 126 -31194.6
1 143 190 -140.52
1 144 166 -15456.8
1 144 182 -15456.8
1 146 117 -6042.19
1 146 188 -8290.45
1 146 190 -7868.9
1 147 132 -1405.16
1 147 145 -617.783
1 148 167 -5620.65
1 148 176 -617.783
1 148 196 -4356.0
1 149 145 -4637.03
1 150 198 -6042.19
1 151 142 -3934.45
1 151 195 -42997.9
1 152 123 -7447.35
1 152 125 -617.783
1 152 132 -3147.07
1 153 111 -6744.77
1 153 142 -43700.5
1 153 192 -6604.26
1 154 125 -281.03
1 154 171 -11156.5
1 155 112 -10538.7
1 155 129 -93583.7
1 155 141 -36815.2
1 156 146 -4215.48
1 157 116 -843.1
1 157 135 -6575.18
1 157 140 -26136.0
1 157 251 -8571.48
1 158 133 -12140.1
1 158 137 -15175.7
1 158 181 -18548.1
1 159 119 -33442.8
1 159 173 -17143.0
1 161 125 -1124.13
1 161 129 -140.52
1 162 119 -1545.68
1 162 128 -228901.0
1 162 132 -12224.9
1 162 140 -983.61
1 162 167 -1264.65
1 162 169 -281.03
1 163 137 -281.03
1 163 138 -2444.49
1 164 135 -6463.74
1 165 130 -5058.58
1 165 131 -562.06
1 166 126 -140.52
1 167 259 -1124.13
1 168 123 -5199.1
1 168 208 -15175.7
1 169 163 -25152.4
1 170 131 -6885.29
1 170 132 -1545.68
1 170 163 -31475.6
1 171 130 -1264.65
1 171 131 -4074.97
1 171 132 -11943.9
1 172 130 -1686.19
1 172 218 -33442.8
1 174 123 -4777.55
1 174 135 -5199.1
1 175 134 -136301.0
1 175 204 -3512.9
1 176 176 -2107.74
1 176 202 -2107.74
1 178 164 -562.06
1 178 261 -22342.1
1 179 181 -14051.6
1 179 183 -10257.7
1 179 210 -25433.4
1 180 208 -7587.87
1 183 184 -22201.6
1 188 198 -7025.81
1 188 209 -5339.61
1 188 240 -14051.6
1 188 258 -17424.0
1 189 282 -9836.13
1 190 281 -50866.8
1 191 191 -72506.3
1 191 281 -45667.7
1 193 256 -140.52
1 193 260 -11829.4
1 197 204 -7587.87
1 197 252 -2107.74
1 198 298 -638.553
1 199 211 -3372.39
1 199 231 -2107.74
1 199 298 -617.783
1 200 298 -617.783
1 201 234 -1545.68
1 203 280 -7447.35
1 204 248 -14853.7
1 205 300 -645.513
1 206 196 -28243.7
1 206 286 -4321.52
1 206 300 -1235.57
1 212 258 -27541.2
1 213 264 -140.52
1 214 240 -11522.3
1 215 260 -25433.4
1 216 267 -983.61
1 217 264 -11943.9
1 217 365 -562.06
1 218 179 -68009.8
1 219 310 -8009.42
1 221 223 -843.1
1 221 246 -4074.97
1 221 284 -438.15
1 222 352 -1884.66
1 222 369 -4215.48
1 223 271 -2529.29
1 224 301 -14613.7
1 224 374 -8169.19
1 226 331 -25692.6
1 226 350 -28.93
1 226 365 -37166.1
1 226 382 -13192.6
1 228 225 -60140.9
1 230 255 -3934.45
1 231 401 -1039.33
1 232 256 -1686.19
1 232 364 -119.68
1 232 370 -1917.67
1 233 337 -617.783
1 233 376 -2655.5
1 233 394 -1235.57
1 234 304 -3911.85
1 234 393 -673.4830000000001
1 235 367 -21.05
1 235 605 -1914.65
1 235 609 -4924.63
1 236 263 -8430.97
1 236 351 -4918.06
1 237 237 -14051.6
1 237 316 -26878.4
1 237 357 -830.11
1 237 389 -617.783
1 238 221 -2248.26
1 238 398 -12.48
1 238 605 -3195.52
1 238 609 -1235.57
1 239 250 -702.58
1 239 338 -562.06
1 239 426 -562.06
1 239 605 -3088.92
1 239 606 -1853.35
1 239 619 -617.783
1 240 380 -617.783
1 240 426 -617.783
1 240 608 -2471.13
1 241 335 -5901.68
1 241 342 -2107.74
1 241 604 -617.783
1 242 311 -6260.2
1 243 371 -18660.4
1 243 389 -2107.74
1 243 422 -140.52
1 243 605 -3088.92
1 244 605 -3706.7
1 244 621 -3124.35
1 245 238 -11943.9
1 245 322 -17705.0
1 245 337 -617.783
1 245 370 -722.31
1 245 621 -617.783
1 246 321 -3731.75
1 246 618 -1853.35
1 247 344 -617.783
1 247 383 -9553.43
1 247 384 -909667.0
1 248 251 -37499.6
1 248 424 -7447.35
1 248 436 -4074.97
1 248 442 -421.55
1 248 444 -35664.5
1 248 589 -4496.52
1 249 373 -617.783
1 249 424 -617.783
1 249 430 -29030.3
1 249 436 -4762.31
1 249 606 -3088.92
1 250 326 -2640.57
1 250 424 -617.783
1 250 425 -397801.0
1 250 431 -26438.6
1 250 595 -2134.38
1 251 356 -47918.1
1 251 408 -874.27
1 251 456 -898.813
1 251 457 -38.77
1 251 594 -617.783
1 251 595 -641.193
1 251 596 -1235.57
1 252 230 -20936.9
1 252 285 -1686.19
1 252 329 -28038.5
1 252 450 -562.06
1 252 595 -617.783
1 252 606 -617.783
1 253 298 -3512.9
1 253 331 -12898.0
1 253 332 -14674.7
1 253 416 -140.52
1 253 445 -228.05
1 254 338 -5339.61
1 254 367 -562.06
1 254 407 -123150.0
1 254 597 -617.783
1 254 607 -617.783
1 255 381 -33161.8
1 255 383 -27962.7
1 255 388 -25292.9
1 255 395 -1686.19
1 255 420 -7868.9
1 255 439 -13630.1
1 255 443 -136212.0
1 255 595 -617.783
1 255 596 -617.783
1 255 606 -617.783
1 255 609 -1235.57
1 255 610 -1031.52
1 256 314 -5622.16
1 256 335 -6744.77
1 256 341 -281.03
1 256 413 -1967.23
1 256 586 -50310.5
1 256 593 -2471.13
1 257 238 -421.55
1 257 324 -1800.63
1 257 576 -4389.8
1 257 599 -125285.0
1 257 600 -93162.2
1 258 325 -12.0
1 258 336 -2520.17
1 258 418 -208335.0
1 258 420 -13.86
1 258 442 -760067.0
1 258 464 -5199.1
1 258 585 -3706.7
1 258 595 -1235.57
1 258 601 -3686.63
1 258 602 -62135.7
1 259 340 -5114.3
1 259 405 -1582.61
1 259 588 -29327.8
1 259 592 -964.403
1 259 593 -964.403
1 260 342 -9695.61
1 260 349 -702.58
1 260 358 -12927.5
1 260 407 -2005890.0
1 260 413 -16982.9
1 260 424 -270.09
1 260 461 -1826.71
1 260 463 -57892.6
1 260 464 -18969.7
1 260 585 -11360.8
1 260 586 -25716.4
1 261 337 -3372.39
1 261 355 -20796.4
1 261 381 -299083.0
1 261 395 -85020.6
1 261 416 -22061.0
1 261 418 -617.783
1 261 429 -26576.6
1 261 464 -9976.65
1 261 492 -617.783
1 261 571 -18829.2
1 261 576 -13521.3
1 262 345 -4074.97
1 262 540 -283.9
1 262 564 -29646.9
1 262 568 -19812.8
1 262 570 -122811.0
1 262 571 -2388.77
1 263 434 -2900.53
1 263 471 -5901.68
1 263 477 -85714.8
1 263 520 -1235.57
1 263 582 -14566.9
1 264 265 -14192.1
1 264 345 -13630.1
1 264 355 -140.52
1 264 367 -617.783
1 264 383 -52075.1
1 264 407 -2810.32
1 264 428 -159623.0
1 264 468 -61.46
1 264 471 -12927.5
1 264 476 -281.03
1 264 477 -134614.0
1 264 523 -2274.9
1 264 524 -421.55
1 264 549 -3161.43
1 265 364 -18016.7
1 265 374 -26585.2
1 265 380 -22.33
1 265 422 -280377.0
1 266 337 -617.783
1 266 340 -281.03
1 266 462 -140.52
1 267 391 -421.55
1 267 396 -36253.2
1 267 463 -1405.16
1 267 555 -617.783
1 267 556 -617.783
1 268 333 -562.06
1 268 334 -140.52
1 268 436 -2036370.0
1 268 455 -11.04
1 268 479 -562.06
1 268 480 -421.55
1 268 489 -2622.48
1 269 363 -617.783
1 269 397 -69274.5
1 269 450 -983.61
1 269 456 -10097.5
1 269 541 -617.783
1 270 337 -3793.94
1 270 412 -91713.1
1 270 417 -868.31
1 270 429 -1119.27
1 270 481 -617.783
1 270 483 -1342.11
1 270 484 -617.783
1 270 486 -4957.74
1 270 498 -26136.0
1 271 319 -47288.5
1 271 371 -702.58
1 271 415 -26275.7
1 271 485 -285.82
1 271 493 -91450.6
1 271 498 -11662.8
1 271 537 -67926.7
1 272 336 -13660.8
1 272 337 -660.23
1 272 366 -13349.0
1 272 368 -153194.0
1 272 388 -569580.0
1 272 396 -4496.52
1 272 450 -5058.58
1 272 451 -14754.2
1 272 453 -562.06
1 272 462 -1706140.0
1 272 491 -13.2
1 272 497 -46020.7
1 272 498 -63653.8
1 272 530 -27262.8
1 272 532 -162739.0
1 272 535 -316.95
1 273 363 -3653.42
1 273 392 -464.92
1 273 480 -3091.35
1 273 510 -1601.39
1 273 516 -18414.5
1 273 517 -392353.0
1 273 518 -307.38
1 274 409 -1545.68
1 274 520 -19250.7
1 275 367 -44965.2
1 275 441 -114123.0
1 275 506 -421.55
1 276 366 -89368.3
1 276 392 -1264.65
1 276 446 -1686.19
1 276 474 -21680.1
1 277 294 -47448.0
1 277 390 -8149.94
1 277 407 -688645.0
1 277 431 -1642.98
1 277 472 -26870.5
1 277 480 -67508.8
1 277 482 -140.52
1 278 365 -15035.2
1 278 435 -1552.42
1 278 482 -2950.84
1 279 310 -30502.7
1 279 336 -702.58
1 279 433 -221802.0
1 279 438 -271320.0
1 279 475 -70661.0
1 279 485 -5339.61
1 280 365 -7306.84
1 280 433 -43213.4
1 280 442 -17002.4
1 280 469 -33548.4
1 280 471 -42611.6
1 281 458 -1924140.0
1 282 409 -5480.13
1 282 424 -1124.13
1 282 430 -281.03
1 282 436 -61135.2
1 283 354 -983.61
1 283 429 -258831.0
1 283 449 -5085.16
1 283 452 -79949.7
1 283 455 -28180.8
1 283 468 -40519.1
1 284 339 -32266.0
1 284 457 -4356.0
1 284 463 -22730.0
1 284 481 -3871.36
1 285 336 -1686.19
1 285 374 -843.1
1 285 467 -187748.0
1 285 475 -70501.5
1 286 330 -50069.9
1 286 425 -4258.42
1 286 475 -31449.5
1 286 477 -103.49
1 287 388 -16308.5
1 287 426 -617.783
1 287 477 -41449.6
1 288 419 -9976.65
1 288 423 -1351.31
1 288 426 -617.783
1 289 351 -281.03
1 289 404 -173136.0
1 289 459 -815.02
1 289 468 -4144.1
1 290 382 -26769.8
1 290 402 -367.41
1 290 411 -3934.45
1 290 412 -6463.74
1 290 413 -843.1
1 291 355 -15815.6
1 291 373 -702.58
1 292 365 -12084.4
1 292 416 -843.1
1 292 469 -16291.8
1 294 435 -22623.1
1 294 447 -40375.9
1 294 458 -164263.0
1 295 356 -53.06
1 295 391 -30913.6
1 296 388 -2353.55
1 296 398 -52006.1
1 296 433 -1826.71
1 297 381 -4918.06
1 297 395 -55662.9
1 297 401 -8939.36
1 297 402 -68220.3
1 297 413 -1102280.0
1 297 415 -63372.8
1 297 442 -50164.8
1 298 390 -5058.58
1 299 354 -281.03
1 299 355 -767.8
1 299 387 -43.7
1 102 110 -617.783
1 102 113 -617.783
1 103 100 -617.783
1 103 104 -617.783
1 104 115 -617.783
1 105 115 -617.783
1 105 139 -617.783
1 108 117 -617.783
1 109 112 -617.783
1 111 155 -617.783
1 111 208 -617.783
1 112 181 -617.783
1 113 111 -617.783
1 113 159 -617.783
1 113 211 -617.783
1 114 173 -617.783
1 114 212 -1235.57
1 115 212 -1235.57
1 116 121 -617.783
1 116 150 -617.783
1 116 166 -617.783
1 117 119 -617.783
1 117 168 -617.783
1 117 210 -617.783
1 119 194 -617.783
1 119 202 -617.783
1 119 96 -617.783
1 120 155 -617.783
1 120 94 -617.783
1 121 187 -617.783
1 123 110 -617.783
1 123 111 -617.783
1 123 158 -617.783
1 123 168 -617.783
1 123 193 -617.783
1 123 202 -1235.57
1 125 150 -617.783
1 125 151 -617.783
1 125 193 -617.783
1 125 194 -617.783
1 126 121 -617.783
1 126 191 -617.783
1 126 195 -617.783
1 127 150 -617.783
1 127 160 -617.783
1 127 169 -617.783
1 127 195 -617.783
1 127 199 -1235.57
1 128 122 -617.783
1 128 148 -617.783
1 128 149 -617.783
1 128 152 -617.783
1 128 153 -617.783
1 128 154 -617.783
1 128 157 -617.783
1 128 199 -617.783
1 129 117 -617.783
1 129 119 -617.783
1 129 122 -617.783
1 129 146 -617.783
1 129 154 -1235.57
1 129 162 -617.783
1 129 176 -617.783
1 130 120 -617.783
1 130 154 -617.783
1 130 155 -617.783
1 130 156 -1853.35
1 130 194 -617.783
1 131 112 -617.783
1 131 121 -617.783
1 131 122 -617.783
1 131 150 -617.783
1 131 156 -617.783
1 131 157 -617.783
1 131 158 -617.783
1 131 161 -1235.57
1 131 198 -617.783
1 132 112 -617.783
1 132 155 -617.783
1 132 156 -617.783
1 132 160 -617.783
1 132 161 -1235.57
1 133 155 -617.783
1 133 159 -617.783
1 133 160 -1235.57
1 133 192 -1235.57
1 133 193 -617.783
1 134 148 -617.783
1 134 150 -617.783
1 134 151 -617.783
1 134 156 -617.783
1 134 191 -617.783
1 134 193 -2471.13
1 135 148 -3088.92
1 135 149 -1235.57
1 135 156 -617.783
1 135 157 -617.783
1 135 193 -1853.35
1 136 147 -617.783
1 136 148 -617.783
1 136 149 -617.783
1 136 150 -1235.57
1 136 153 -617.783
1 136 155 -617.783
1 137 148 -617.783
1 137 150 -617.783
1 137 153 -1235.57
1 137 154 -617.783
1 137 157 -1853.35
1 137 175 -617.783
1 137 206 -617.783
1 138 151 -617.783
1 138 152 -617.783
1 138 153 -1853.35
1 138 168 -617.783
1 138 169 -617.783
1 139 151 -617.783
1 140 138 -617.783
1 140 155 -2471.13
1 140 156 -617.783
1 140 171 -617.783
1 140 180 -617.783
1 141 149 -617.783
1 141 154 -1235.57
1 141 157 -617.783
1 141 171 -617.783
1 141 199 -1235.57
1 142 155 -617.783
1 142 156 -617.783
1 142 157 -617.783
1 142 158 -617.783
1 142 174 -617.783
1 142 179 -617.783
1 142 201 -617.783
1 143 146 -617.783
1 143 157 -1853.35
1 144 142 -1235.57
1 144 173 -617.783
1 145 142 -617.783
1 145 143 -617.783
1 145 151 -617.783
1 145 187 -617.783
1 145 226 -617.783
1 146 140 -617.783
1 146 141 -1235.57
1 146 145 -617.783
1 146 208 -617.783
1 146 229 -617.783
1 146 230 -617.783
1 146 232 -617.783
1 147 139 -1853.35
1 147 140 -617.783
1 147 141 -617.783
1 147 142 -617.783
1 147 229 -617.783
1 147 230 -617.783
1 147 233 -617.783
1 147 239 -617.783
1 147 240 -617.783
1 148 217 -617.783
1 148 221 -617.783
1 149 127 -617.783
1 149 147 -617.783
1 149 154 -617.783
1 149 222 -617.783
1 149 253 -617.783
1 150 160 -617.783
1 150 164 -617.783
1 150 177 -617.783
1 150 227 -617.783
1 150 236 -617.783
1 151 128 -617.783
1 151 228 -617.783
1 152 153 -617.783
1 152 173 -617.783
1 152 176 -617.783
1 152 222 -617.783
1 152 228 -617.783
1 153 126 -617.783
1 153 136 -617.783
1 153 155 -617.783
1 153 232 -617.783
1 153 238 -617.783
1 153 253 -617.783
1 154 126 -617.783
1 154 133 -617.783
1 154 161 -617.783
1 154 172 -617.783
1 154 220 -617.783
1 154 244 -617.783
1 155 170 -1235.57
1 155 216 -617.783
1 155 262 -617.783
1 156 160 -617.783
1 156 211 -617.783
1 156 223 -617.783
1 157 132 -617.783
1 157 133 -617.783
1 157 134 -1853.35
1 157 136 -617.783
1 157 194 -617.783
1 157 207 -617.783
1 157 240 -617.783
1 158 135 -617.783
1 158 248 -617.783
1 159 152 -617.783
1 159 231 -617.783
1 159 240 -617.783
1 159 247 -617.783
1 159 248 -617.783
1 159 250 -617.783
1 159 251 -617.783
1 159 257 -617.783
1 160 133 -617.783
1 160 249 -1235.57
1 160 251 -1235.57
1 160 252 -617.783
1 160 253 -617.783
1 160 262 -617.783
1 161 144 -1235.57
1 161 251 -617.783
1 161 253 -617.783
1 162 137 -1235.57
1 162 252 -1235.57
1 162 253 -617.783
1 163 152 -617.783
1 163 190 -617.783
1 163 236 -617.783
1 164 278 -617.783
1 164 290 -617.783
1 164 299 -617.783
1 165 133 -1235.57
1 165 134 -1235.57
1 165 135 -617.783
1 165 290 -617.783
1 166 131 -617.783
1 166 132 -617.783
1 166 133 -1235.57
1 166 134 -617.783
1 166 135 -617.783
1 166 210 -617.783
1 166 254 -617.783
1 166 255 -617.783
1 167 127 -617.783
1 167 132 -1235.57
1 167 133 -1235.57
1 167 134 -1853.35
1 167 256 -617.783
1 167 288 -617.783
1 167 294 -617.783
1 168 130 -617.783
1 168 131 -617.783
1 168 132 -2471.13
1 168 133 -2471.13
1 168 286 -617.783
1 168 287 -1235.57
1 168 291 -1235.57
1 169 128 -1235.57
1 169 129 -2471.13
1 169 131 -617.783
1 169 132 -3088.92
1 169 133 -1853.35
1 169 134 -5560.05
1 169 135 -617.783
1 169 236 -617.783
1 169 260 -617.783
1 169 271 -617.783
1 169 287 -617.783
1 169 290 -617.783
1 170 133 -1853.35
1 170 134 -7413.4
1 170 136 -617.783
1 170 187 -617.783
1 170 256 -617.783
1 170 287 -617.783
1 170 292 -617.783
1 171 133 -1235.57
1 171 134 -617.783
1 171 136 -3088.92
1 171 290 -617.783
1 172 257 -617.783
1 172 284 -617.783
1 172 295 -1235.57
1 172 311 -617.783
1 173 258 -617.783
1 173 278 -617.783
1 173 290 -617.783
1 173 292 -617.783
1 173 293 -1235.57
1 173 294 -617.783
1 174 124 -617.783
1 174 253 -617.783
1 174 261 -617.783
1 174 270 -617.783
1 174 283 -617.783
1 174 289 -617.783
1 174 293 -617.783
1 175 260 -617.783
1 175 288 -617.783
1 175 292 -1235.57
1 175 293 -617.783
1 175 296 -617.783
1 175 305 -617.783
1 176 274 -617.783
1 176 305 -617.783
1 177 289 -617.783
1 177 290 -617.783
1 178 243 -617.783
1 178 280 -617.783
1 178 285 -617.783
1 178 302 -617.783
1 178 305 -617.783
1 178 306 -617.783
1 178 311 -617.783
1 179 278 -617.783
1 179 285 -617.783
1 180 149 -617.783
1 180 286 -617.783
1 181 297 -617.783
1 181 307 -617.783
1 181 308 -617.783
1 183 242 -617.783
1 183 285 -617.783
1 183 295 -617.783
1 183 308 -617.783
1 183 309 -617.783
1 183 318 -617.783
1 184 263 -617.783
1 184 285 -617.783
1 184 313 -617.783
1 184 319 -617.783
1 185 257 -617.783
1 185 305 -617.783
1 185 306 -617.783
1 185 307 -617.783
1 185 315 -617.783
1 186 255 -617.783
1 186 265 -617.783
1 186 307 -1235.57
1 186 310 -617.783
1 188 262 -617.783
1 188 294 -617.783
1 188 295 -617.783
1 189 295 -617.783
1 189 309 -617.783
1 190 307 -617.783
1 190 308 -617.783
1 190 324 -617.783
1 191 292 -1235.57
1 191 304 -617.783
1 191 305 -617.783
1 192 258 -617.783
1 192 284 -617.783
1 192 304 -617.783
1 192 316 -617.783
1 192 319 -617.783
1 193 262 -617.783
1 193 301 -617.783
1 193 311 -617.783
1 193 313 -1235.57
1 194 284 -617.783
1 194 313 -617.783
1 195 269 -617.783
1 195 287 -617.783
1 195 289 -617.783
1 195 300 -617.783
1 195 311 -617.783
1 195 313 -617.783
1 196 269 -617.783
1 196 275 -617.783
1 196 303 -617.783
1 196 324 -617.783
1 196 333 -617.783
1 197 264 -617.783
1 197 283 -617.783
1 197 300 -617.783
1 197 322 -617.783
1 197 325 -617.783
1 198 242 -617.783
1 198 276 -1235.57
1 198 309 -617.783
1 198 311 -617.783
1 199 283 -617.783
1 199 311 -617.783
1 199 324 -617.783
1 200 280 -617.783
1 200 286 -617.783
1 200 296 -617.783
1 200 299 -617.783
1 200 306 -617.783
1 200 307 -617.783
1 200 312 -617.783
1 200 343 -617.783
1 200 345 -617.783
1 201 257 -617.783
1 202 280 -617.783
1 202 287 -617.783
1 202 297 -617.783
1 202 301 -617.783
1 202 302 -617.783
1 203 215 -617.783
1 203 304 -617.783
1 203 305 -617.783
1 203 309 -617.783
1 203 315 -617.783
1 205 263 -617.783
1 205 303 -617.783
1 205 304 -617.783
1 205 317 -617.783
1 205 318 -617.783
1 205 319 -617.783
1 206 264 -617.783
1 206 270 -617.783
1 206 301 -617.783
1 206 304 -617.783
1 206 315 -617.783
1 206 317 -1235.57
1 207 262 -617.783
1 207 300 -617.783
1 207 301 -1235.57
1 207 303 -617.783
1 207 304 -617.783
1 207 306 -1235.57
1 207 315 -617.783
1 207 317 -617.783
1 208 298 -1235.57
1 208 299 -1235.57
1 208 306 -617.783
1 208 317 -617.783
1 208 328 -617.783
1 209 284 -617.783
1 209 297 -617.783
1 209 302 -617.783
1 210 284 -617.783
1 210 301 -617.783
1 210 302 -617.783
1 210 342 -617.783
1 211 301 -617.783
1 211 321 -617.783
1 212 295 -617.783
1 212 347 -617.783
1 213 226 -617.783
1 213 287 -617.783
1 213 303 -617.783
1 213 329 -617.783
1 214 319 -617.783
1 215 289 -617.783
1 215 311 -617.783
1 215 353 -617.783
1 216 323 -617.783
1 216 341 -617.783
1 217 244 -617.783
1 217 249 -617.783
1 217 351 -617.783
1 218 209 -617.783
1 218 243 -617.783
1 218 292 -617.783
1 218 345 -1235.57
1 221 240 -617.783
1 221 611 -617.783
1 222 254 -617.783
1 222 362 -617.783
1 224 338 -617.783
1 224 359 -617.783
1 225 323 -617.783
1 225 329 -617.783
1 225 332 -617.783
1 225 368 -617.783
1 225 373 -617.783
1 225 378 -617.783
1 225 382 -1235.57
1 226 323 -617.783
1 226 388 -1235.57
1 226 618 -617.783
1 227 315 -617.783
1 228 606 -617.783
1 229 385 -1235.57
1 229 392 -617.783
1 229 393 -617.783
1 229 397 -2471.13
1 229 618 -3088.92
1 230 338 -617.783
1 230 373 -1235.57
1 230 384 -617.783
1 230 392 -1235.57
1 230 393 -2471.13
1 230 396 -617.783
1 230 605 -617.783
1 231 343 -617.783
1 231 383 -617.783
1 231 392 -3088.92
1 231 393 -6795.62
1 231 398 -617.783
1 231 603 -617.783
1 231 607 -1235.57
1 232 259 -617.783
1 232 300 -617.783
1 232 384 -617.783
1 232 389 -617.783
1 232 393 -3706.7
1 232 394 -2471.13
1 232 405 -617.783
1 232 604 -1235.57
1 232 606 -1235.57
1 232 607 -1853.35
1 232 608 -617.783
1 233 373 -617.783
1 233 393 -617.783
1 233 403 -617.783
1 233 406 -2471.13
1 233 601 -1235.57
1 233 602 -617.783
1 234 374 -617.783
1 234 388 -617.783
1 234 389 -617.783
1 234 406 -1853.35
1 234 407 -1235.57
1 234 601 -617.783
1 234 602 -1235.57
1 234 603 -1853.35
1 234 604 -617.783
1 234 605 -1235.57
1 234 606 -617.783
1 234 609 -617.783
1 234 620 -617.783
1 234 621 -617.783
1 235 342 -617.783
1 235 368 -617.783
1 235 389 -617.783
1 235 392 -617.783
1 235 404 -617.783
1 235 406 -617.783
1 235 599 -617.783
1 235 600 -1235.57
1 235 602 -1853.35
1 235 603 -617.783
1 235 606 -617.783
1 235 608 -617.783
1 236 256 -617.783
1 236 359 -617.783
1 236 377 -1235.57
1 236 378 -617.783
1 236 389 -1235.57
1 236 600 -617.783
1 236 601 -617.783
1 236 602 -1235.57
1 236 605 -617.783
1 236 606 -617.783
1 236 607 -617.783
1 236 620 -617.783
1 237 330 -617.783
1 237 377 -617.783
1 237 384 -617.783
1 237 388 -617.783
1 237 605 -1235.57
1 237 606 -1853.35
1 237 607 -1235.57
1 237 608 -3088.92
1 237 609 -1853.35
1 237 620 -617.783
1 238 346 -617.783
1 238 391 -617.783
1 238 410 -617.783
1 238 602 -617.783
1 238 603 -617.783
1 238 606 -3088.92
1 238 607 -3706.7
1 238 608 -2471.13
1 238 610 -617.783
1 239 297 -617.783
1 239 323 -617.783
1 239 404 -617.783
1 239 601 -617.783
1 239 603 -617.783
1 239 607 -1235.57
1 239 608 -2471.13
1 239 609 -1853.35
1 239 610 -1235.57
1 239 615 -1235.57
1 240 267 -617.783
1 240 319 -617.783
1 240 327 -617.783
1 240 352 -617.783
1 240 374 -1235.57
1 240 392 -1235.57
1 240 396 -617.783
1 240 406 -617.783
1 240 603 -617.783
1 240 605 -1853.35
1 240 606 -2471.13
1 240 607 -1235.57
1 240 620 -1235.57
1 240 621 -617.783
1 241 339 -617.783
1 241 352 -617.783
1 241 370 -1235.57
1 241 375 -617.783
1 241 409 -617.783
1 241 577 -617.783
1 241 603 -1235.57
1 241 605 -1853.35
1 241 606 -1235.57
1 241 607 -1235.57
1 241 608 -1235.57
1 241 609 -3088.92
1 241 610 -617.783
1 241 611 -617.783
1 241 620 -617.783
1 241 621 -617.783
1 242 314 -617.783
1 242 318 -617.783
1 242 336 -617.783
1 242 338 -617.783
1 242 339 -617.783
1 242 373 -1853.35
1 242 374 -3706.7
1 242 406 -1235.57
1 242 603 -1235.57
1 242 604 -4324.48
1 242 605 -5560.05
1 242 606 -1853.35
1 242 607 -3088.92
1 242 608 -3088.92
1 242 609 -1853.35
1 242 610 -1853.35
1 242 616 -617.783
1 242 622 -617.783
1 242 623 -1853.35
1 243 366 -617.783
1 243 369 -617.783
1 243 372 -1235.57
1 243 373 -4942.27
1 243 374 -1853.35
1 243 386 -617.783
1 243 391 -617.783
1 243 405 -617.783
1 243 406 -617.783
1 243 407 -1235.57
1 243 409 -617.783
1 243 577 -617.783
1 243 606 -4324.48
1 243 607 -3088.92
1 243 608 -1235.57
1 243 609 -3706.7
1 243 620 -617.783
1 243 622 -1235.57
1 243 623 -4942.27
1 244 371 -617.783
1 244 372 -1235.57
1 244 373 -1853.35
1 244 415 -617.783
1 244 598 -617.783
1 244 606 -2471.13
1 244 607 -617.783
1 244 611 -617.783
1 244 616 -617.783
1 244 622 -617.783
1 244 623 -2471.13
1 244 624 -617.783
1 245 312 -617.783
1 245 315 -617.783
1 245 326 -617.783
1 245 335 -617.783
1 245 338 -617.783
1 245 356 -1235.57
1 245 371 -617.783
1 245 413 -617.783
1 245 586 -617.783
1 245 604 -617.783
1 245 605 -1853.35
1 245 606 -3088.92
1 245 607 -2471.13
1 245 609 -3088.92
1 245 610 -1235.57
1 245 612 -1235.57
1 245 616 -1235.57
1 245 619 -617.783
1 245 620 -1235.57
1 245 622 -617.783
1 246 214 -617.783
1 246 342 -617.783
1 246 356 -617.783
1 246 357 -617.783
1 246 374 -617.783
1 246 413 -617.783
1 246 590 -617.783
1 246 599 -617.783
1 246 600 -3706.7
1 246 605 -2471.13
1 246 606 -4324.48
1 246 607 -2471.13
1 246 610 -617.783
1 246 612 -1235.57
1 246 614 -617.783
1 246 615 -617.783
1 246 623 -617.783
1 247 314 -617.783
1 247 331 -617.783
1 247 367 -1235.57
1 247 368 -3088.92
1 247 387 -1235.57
1 247 413 -617.783
1 247 578 -617.783
1 247 597 -617.783
1 247 598 -4324.48
1 247 599 -3706.7
1 247 600 -6177.83
1 247 601 -6177.83
1 247 605 -1235.57
1 247 609 -1235.57
1 247 610 -1235.57
1 247 611 -2471.13
1 247 612 -2471.13
1 247 613 -1235.57
1 247 618 -1235.57
1 247 619 -617.783
1 247 623 -617.783
1 248 307 -617.783
1 248 367 -617.783
1 248 368 -2471.13
1 248 371 -1235.57
1 248 372 -3088.92
1 248 387 -1235.57
1 248 388 -3706.7
1 248 413 -617.783
1 248 416 -617.783
1 248 529 -617.783
1 248 567 -617.783
1 248 596 -4324.48
1 248 597 -3088.92
1 248 598 -6177.83
1 248 599 -3706.7
1 248 600 -2471.13
1 248 601 -3706.7
1 248 602 -1853.35
1 248 605 -617.783
1 248 608 -617.783
1 248 609 -1235.57
1 248 610 -1853.35
1 248 611 -3706.7
1 248 612 -3706.7
1 248 613 -4324.48
1 248 618 -617.783
1 248 619 -617.783
1 248 620 -617.783
1 248 623 -1235.57
1 249 333 -617.783
1 249 334 -617.783
1 249 365 -1235.57
1 249 366 -1853.35
1 249 367 -617.783
1 249 368 -1853.35
1 249 371 -617.783
1 249 387 -617.783
1 249 388 -617.783
1 249 400 -617.783
1 249 412 -617.783
1 249 567 -617.783
1 249 593 -1235.57
1 249 595 -3706.7
1 249 596 -4324.48
1 249 597 -6795.62
1 249 603 -1853.35
1 249 604 -4942.27
1 249 605 -3088.92
1 249 607 -2471.13
1 249 609 -617.783
1 249 610 -1235.57
1 249 611 -3088.92
1 249 612 -5560.05
1 249 613 -1235.57
1 249 618 -617.783
1 249 623 -617.783
1 250 331 -617.783
1 250 355 -617.783
1 250 365 -1235.57
1 250 366 -3088.92
1 250 367 -1853.35
1 250 368 -617.783
1 250 369 -1235.57
1 250 370 -1235.57
1 250 371 -3706.7
1 250 382 -617.783
1 250 406 -617.783
1 250 413 -617.783
1 250 414 -617.783
1 250 423 -617.783
1 250 436 -617.783
1 250 568 -617.783
1 250 579 -617.783
1 250 591 -617.783
1 250 594 -617.783
1 250 596 -4942.27
1 250 597 -1235.57
1 250 602 -617.783
1 250 603 -4324.48
1 250 604 -3706.7
1 250 605 -2471.13
1 250 607 -617.783
1 250 608 -1853.35
1 250 609 -617.783
1 250 610 -617.783
1 250 613 -617.783
1 251 276 -617.783
1 251 322 -617.783
1 251 365 -1853.35
1 251 366 -5560.05
1 251 367 -1235.57
1 251 368 -1235.57
1 251 371 -617.783
1 251 379 -617.783
1 251 407 -617.783
1 251 414 -617.783
1 251 424 -617.783
1 251 598 -617.783
1 251 604 -617.783
1 251 605 -617.783
1 251 607 -617.783
1 251 610 -617.783
1 252 236 -617.783
1 252 365 -1853.35
1 252 366 -4324.48
1 252 367 -4324.48
1 252 368 -1235.57
1 252 376 -617.783
1 252 412 -617.783
1 252 416 -617.783
1 252 428 -617.783
1 252 506 -617.783
1 252 507 -617.783
1 252 528 -617.783
1 252 534 -617.783
1 252 544 -617.783
1 252 576 -617.783
1 252 591 -1235.57
1 252 596 -1235.57
1 252 597 -1235.57
1 252 598 -617.783
1 252 599 -1235.57
1 252 608 -1235.57
1 252 609 -617.783
1 252 611 -617.783
1 252 620 -617.783
1 253 259 -617.783
1 253 342 -617.783
1 253 363 -617.783
1 253 365 -1235.57
1 253 366 -3706.7
1 253 367 -2471.13
1 253 370 -617.783
1 253 375 -1235.57
1 253 404 -617.783
1 253 433 -1235.57
1 253 506 -617.783
1 253 543 -617.783
1 253 546 -617.783
1 253 547 -617.783
1 253 566 -617.783
1 253 586 -1235.57
1 253 596 -617.783
1 253 597 -2471.13
1 253 601 -617.783
1 253 604 -617.783
1 253 605 -617.783
1 253 614 -1853.35
1 254 366 -1235.57
1 254 478 -617.783
1 254 581 -617.783
1 254 584 -617.783
1 254 585 -3706.7
1 254 586 -3088.92
1 254 587 -1853.35
1 254 588 -1853.35
1 254 589 -2471.13
1 254 598 -617.783
1 254 599 -617.783
1 254 601 -1235.57
1 254 604 -1235.57
1 254 605 -617.783
1 254 606 -617.783
1 254 611 -617.783
1 255 341 -617.783
1 255 346 -617.783
1 255 371 -617.783
1 255 402 -617.783
1 255 442 -617.783
1 255 445 -617.783
1 255 461 -617.783
1 255 479 -617.783
1 255 512 -617.783
1 255 513 -617.783
1 255 526 -617.783
1 255 547 -617.783
1 255 548 -617.783
1 255 565 -617.783
1 255 583 -1853.35
1 255 584 -2471.13
1 255 585 -2471.13
1 255 586 -2471.13
1 255 587 -1235.57
1 255 588 -617.783
1 255 591 -617.783
1 255 594 -617.783
1 255 597 -617.783
1 255 600 -1235.57
1 255 607 -617.783
1 256 346 -617.783
1 256 350 -617.783
1 256 367 -617.783
1 256 373 -617.783
1 256 374 -617.783
1 256 491 -617.783
1 256 526 -617.783
1 256 531 -1853.35
1 256 532 -617.783
1 256 547 -617.783
1 256 548 -1235.57
1 256 549 -617.783
1 256 575 -617.783
1 256 578 -1235.57
1 256 580 -617.783
1 256 584 -1853.35
1 256 585 -1235.57
1 256 592 -1235.57
1 256 594 -4324.48
1 256 595 -2471.13
1 256 607 -2471.13
1 256 608 -1235.57
1 256 609 -617.783
1 257 330 -617.783
1 257 461 -617.783
1 257 497 -617.783
1 257 503 -617.783
1 257 506 -617.783
1 257 512 -617.783
1 257 527 -1853.35
1 257 529 -617.783
1 257 532 -617.783
1 257 549 -617.783
1 257 574 -617.783
1 257 575 -1853.35
1 257 584 -1853.35
1 257 585 -1853.35
1 257 593 -1235.57
1 257 594 -4942.27
1 257 595 -2471.13
1 257 597 -1235.57
1 257 606 -4324.48
1 257 607 -617.783
1 258 307 -617.783
1 258 330 -617.783
1 258 366 -617.783
1 258 485 -1235.57
1 258 489 -1235.57
1 258 491 -617.783
1 258 493 -617.783
1 258 494 -617.783
1 258 496 -617.783
1 258 497 -617.783
1 258 498 -1853.35
1 258 499 -1235.57
1 258 502 -617.783
1 258 503 -617.783
1 258 529 -1235.57
1 258 531 -617.783
1 258 532 -617.783
1 258 533 -1235.57
1 258 535 -617.783
1 258 546 -617.783
1 258 550 -617.783
1 258 556 -1235.57
1 258 564 -617.783
1 258 576 -617.783
1 258 583 -617.783
1 258 584 -1853.35
1 258 586 -1853.35
1 258 594 -1853.35
1 258 606 -3088.92
1 258 607 -617.783
1 259 346 -617.783
1 259 369 -1235.57
1 259 402 -617.783
1 259 444 -617.783
1 259 456 -617.783
1 259 485 -617.783
1 259 486 -617.783
1 259 488 -617.783
1 259 489 -617.783
1 259 490 -1235.57
1 259 509 -1235.57
1 259 510 -617.783
1 259 522 -617.783
1 259 528 -617.783
1 259 529 -617.783
1 259 531 -617.783
1 259 532 -617.783
1 259 545 -617.783
1 259 549 -617.783
1 259 554 -1235.57
1 259 555 -1235.57
1 259 556 -1853.35
1 259 557 -1853.35
1 259 575 -2471.13
1 259 576 -617.783
1 259 579 -617.783
1 259 584 -617.783
1 259 585 -2471.13
1 259 586 -1235.57
1 260 369 -1235.57
1 260 404 -1235.57
1 260 443 -617.783
1 260 454 -617.783
1 260 485 -617.783
1 260 486 -1235.57
1 260 487 -617.783
1 260 492 -617.783
1 260 499 -617.783
1 260 502 -1235.57
1 260 517 -617.783
1 260 527 -617.783
1 260 545 -1853.35
1 260 548 -617.783
1 260 554 -617.783
1 260 556 -617.783
1 260 567 -617.783
1 260 576 -617.783
1 260 577 -617.783
1 261 397 -617.783
1 261 404 -617.783
1 261 444 -617.783
1 261 483 -617.783
1 261 487 -617.783
1 261 501 -617.783
1 261 502 -617.783
1 261 545 -617.783
1 261 551 -617.783
1 261 552 -617.783
1 261 565 -617.783
1 262 254 -617.783
1 262 353 -1235.57
1 262 369 -617.783
1 262 425 -617.783
1 262 443 -617.783
1 262 458 -617.783
1 262 483 -1235.57
1 262 493 -617.783
1 262 501 -617.783
1 262 502 -617.783
1 262 523 -617.783
1 262 524 -617.783
1 262 535 -617.783
1 262 536 -617.783
1 262 537 -617.783
1 262 542 -617.783
1 262 546 -617.783
1 262 584 -617.783
1 262 587 -617.783
1 263 355 -617.783
1 263 415 -617.783
1 263 484 -617.783
1 263 493 -617.783
1 263 509 -617.783
1 263 522 -617.783
1 263 523 -1235.57
1 263 524 -1235.57
1 263 541 -1235.57
1 263 542 -617.783
1 263 543 -617.783
1 263 546 -1235.57
1 263 576 -617.783
1 263 579 -617.783
1 263 581 -2471.13
1 264 369 -617.783
1 264 379 -617.783
1 264 481 -617.783
1 264 482 -617.783
1 264 493 -617.783
1 264 503 -617.783
1 264 504 -617.783
1 264 516 -617.783
1 264 521 -1853.35
1 264 527 -617.783
1 264 543 -2471.13
1 264 568 -617.783
1 264 575 -617.783
1 264 576 -1235.57
1 265 336 -617.783
1 265 367 -1235.57
1 265 457 -617.783
1 265 459 -617.783
1 265 511 -617.783
1 265 516 -617.783
1 265 520 -617.783
1 265 524 -617.783
1 265 568 -1235.57
1 266 314 -617.783
1 266 413 -617.783
1 266 456 -617.783
1 266 478 -617.783
1 266 481 -617.783
1 266 483 -617.783
1 266 484 -617.783
1 266 485 -617.783
1 266 492 -617.783
1 266 498 -617.783
1 266 505 -617.783
1 266 518 -617.783
1 266 523 -617.783
1 266 543 -617.783
1 266 545 -617.783
1 266 549 -617.783
1 266 555 -617.783
1 267 337 -617.783
1 267 365 -617.783
1 267 381 -617.783
1 267 459 -617.783
1 267 460 -1235.57
1 267 505 -617.783
1 267 507 -617.783
1 267 543 -617.783
1 267 544 -1235.57
1 267 549 -617.783
1 267 553 -1853.35
1 267 562 -617.783
1 268 507 -1235.57
1 268 540 -617.783
1 268 541 -617.783
1 268 542 -1235.57
1 268 543 -2471.13
1 268 544 -1235.57
1 268 549 -617.783
1 268 551 -617.783
1 268 552 -617.783
1 268 553 -617.783
1 269 362 -617.783
1 269 505 -1235.57
1 269 507 -617.783
1 269 528 -617.783
1 269 543 -617.783
1 269 547 -1235.57
1 270 474 -617.783
1 270 475 -1235.57
1 270 479 -617.783
1 270 491 -617.783
1 270 504 -617.783
1 270 507 -617.783
1 270 526 -617.783
1 271 375 -617.783
1 271 388 -617.783
1 271 479 -617.783
1 271 481 -617.783
1 271 487 -617.783
1 271 491 -617.783
1 271 526 -617.783
1 272 469 -617.783
1 272 493 -617.783
1 272 495 -1235.57
1 272 496 -617.783
1 272 502 -617.783
1 272 526 -1853.35
1 273 441 -617.783
1 273 462 -617.783
1 273 526 -617.783
1 275 463 -617.783
1 275 480 -617.783
1 275 502 -617.783
1 275 504 -617.783
1 276 502 -617.783
1 277 393 -617.783
1 279 459 -617.783
1 280 563 -617.783
1 282 434 -617.783
1 282 435 -617.783
1 283 461 -617.783
1 283 482 -617.783
1 283 483 -617.783
1 285 437 -617.783
1 285 482 -617.783
1 285 483 -617.783
1 286 377 -617.783
1 286 464 -617.783
1 288 469 -617.783
1 289 362 -617.783
1 289 443 -617.783
1 292 358 -617.783
1 293 390 -1853.35
1 293 391 -617.783
1 296 390 -617.783
1 301 359 -617.783
1 301 378 -617.783
1 85 106 -617.783
1 92 112 -1235.57
1 93 117 -617.783
1 97 89 -617.783
1 98 101 -617.783
1 99 126 -617.783
1 99 136 -617.783
1 147 119 -2388.77
1 148 187 -3653.42
1 150 114 -11100.8
1 153 113 -12505.9
1 156 158 -3793.94
1 157 160 -2950.84
1 170 169 -29508.4
1 197 280 -10257.7
1 199 225 -3231.87
1 210 300 -8290.45
1 211 298 -49321.2
1 234 285 -5199.1
1 244 234 -22342.1
1 259 541 -421.55
1 267 479 -1405.16
1 272 454 -84.27
1 285 433 -6323.23
1 291 453 -763.27
1 299 360 -5058.58
1 109 116 -18969.7
1 131 118 -1264.65
1 132 183 -10679.2
1 137 123 -13911.1
1 140 173 -5620.65
1 152 130 -4215.48
1 155 192 -22201.6
1 157 117 -7166.32
1 158 205 -2107.74
1 172 162 -12787.0
1 173 196 -702.58
1 175 213 -40609.2
1 202 295 -20515.3
1 218 173 -1826.71
1 226 358 -456.16
1 256 333 -18548.1
1 265 349 -8712.0
1 269 347 -5620.65
1 271 470 -1405.16
1 274 431 -2023800.0
1 280 367 -1826.71
1 285 357 -14051.6
1 292 370 -11943.9
1 293 370 -4356.0
1 293 378 -3793.94
1 143 152 -10538.7
1 144 130 -2248.26
1 151 143 -8712.0
1 153 212 -9414.58
1 154 128 -281.03
1 155 180 -11241.3
1 161 161 -1545.68
1 164 159 -25714.4
1 167 163 -23466.2
1 170 217 -15175.7
1 174 182 -8571.48
1 175 178 -1686.19
1 176 128 -5901.68
1 201 279 -8290.45
1 221 294 -4356.0
1 221 361 -562.06
1 222 252 -983.61
1 226 361 -2669.81
1 234 319 -32318.7
1 235 317 -20655.9
1 237 292 -36393.7
1 238 244 -983.61
1 245 243 -19672.3
1 248 238 -7025.81
1 248 331 -2529.29
1 256 342 -8571.48
1 259 347 -3793.94
1 266 345 -5620.65
1 271 268 -40047.1
1 274 278 -8571.48
1 289 355 -421.55
1 295 392 -3231.87
1 296 391 -5761.16
1 296 393 -9695.61
1 140 166 -114802.0
1 141 116 -13349.0
1 141 165 -19250.7
1 143 114 -9976.65
1 143 184 -14051.6
1 144 151 -25292.9
1 145 114 -7447.35
1 146 150 -28103.2
1 146 180 -9274.06
1 147 148 -19672.3
1 149 124 -562.06
1 149 181 -16861.9
1 149 202 -19953.3
1 150 172 -11241.3
1 150 183 -17564.5
1 150 186 -10679.2
1 151 189 -5620.65
1 151 211 -421.55
1 152 180 -28103.2
1 153 188 -7306.84
1 154 113 -421.55
1 165 167 -39906.6
1 170 115 -6323.23
1 171 125 -140.52
1 176 222 -9976.65
1 184 210 -18829.2
1 189 288 -702.58
1 193 280 -18126.6
1 209 281 -2351.63
1 210 249 -562.06
1 211 263 -2107.74
1 211 296 -2107.74
1 213 270 -140.52
1 221 302 -140.52
1 221 317 -13068.0
1 224 287 -10398.2
1 228 354 -3231.87
1 230 352 -18126.6
1 231 270 -3793.94
1 235 295 -3934.45
1 236 320 -44965.2
1 236 342 -6744.77
1 240 330 -7868.9
1 240 337 -19391.2
1 240 357 -3512.9
1 244 333 -1109.79
1 246 332 -6463.74
1 246 337 -1264.65
1 251 334 -10679.2
1 258 345 -1545.68
1 260 345 -2529.29
1 262 286 -2248.26
1 263 344 -3512.9
1 263 350 -1264.65
1 265 517 -140.52
1 267 321 -6885.29
1 269 364 -140.52
1 269 365 -1545.68
1 270 361 -9976.65
1 271 363 -9414.58
1 275 399 -89.19
1 284 333 -702.58
1 289 371 -5339.61
1 290 371 -6744.77
1 291 365 -1686.19
1 296 358 -61544.6
1 297 356 -702.58
1 297 391 -8290.45
1 299 347 -421.55
1 125 93 -140.52
1 131 125 -21358.4
1 134 123 -27400.7
1 138 125 -11241.3
1 142 169 -2529.29
1 146 146 -4496.52
1 152 213 -3231.87
1 155 116 -16018.8
1 161 185 -10819.7
1 163 186 -983.61
1 166 203 -421.55
1 183 232 -45246.2
1 192 232 -41452.3
1 193 235 -29508.4
1 201 310 -281.03
1 215 261 -3091.35
1 221 339 -7166.32
1 222 324 -8009.42
1 223 263 -15456.8
1 230 358 -2529.29
1 233 341 -562.06
1 242 618 -10117.2
1 248 344 -4918.06
1 263 345 -6885.29
1 263 570 -140.52
1 264 348 -140.52
1 286 302 -2388.77
1 292 360 -702.58
1 293 357 -18267.1
1 295 362 -11522.3
1 297 439 -911404.0
1 132 120 -53115.1
1 134 124 -57049.6
1 134 126 -16018.8
1 137 128 -15878.3
1 145 166 -6463.74
1 148 119 -281.03
1 150 118 -25573.9
1 150 121 -23325.7
1 150 127 -562.06
1 152 118 -13770.6
1 153 123 -10960.3
1 155 125 -10819.7
1 156 124 -5339.61
1 158 140 -4777.55
1 160 139 -3512.9
1 215 296 -13911.1
1 224 257 -3793.94
1 276 358 -1826.71
1 281 445 -140.52
1 137 168 -6042.19
1 149 213 -10819.7
1 170 185 -281.03
1 192 197 -28665.3
1 210 253 -7025.81
1 217 236 -3653.42
1 245 324 -421.55
1 270 480 -281.03
1 145 131 -11522.3
1 148 124 -140.52
1 153 116 -10819.7
1 158 114 -2107.74
1 171 128 -562.06
1 188 204 -13630.1
1 206 281 -281.03
1 208 226 -10398.2
1 211 266 -38362.1
1 213 276 -3935.39
1 214 274 -43390.2
1 220 278 -132273.0
1 223 372 -18407.6
1 236 317 -22201.6
1 239 385 -42.13
1 239 416 -16.69
1 241 238 -10257.7
1 245 408 -3793.94
1 246 320 -1545.68
1 248 454 -983.61
1 259 351 -3352.9
1 265 360 -10806.2
1 269 360 -7490.43
1 272 360 -3793.94
1 273 340 -1686.19
1 273 521 -11381.8
1 274 327 -421.55
1 275 465 -319.31
1 290 322 -6323.23
1 292 458 -1604.17
1 294 354 -53.06
1 297 377 -5620.65
1 147 183 -6463.74
1 205 310 -421.55
1 173 183 -8149.94
1 201 251 -702.58
1 201 301 -2810.32
1 251 286 -562.06
1 265 488 -140.52
1 135 160 -7306.84
1 144 189 -6604.26
1 154 112 -4074.97
1 154 122 -14754.2
1 156 131 -702.58
1 161 179 -281.03
1 164 169 -9555.1
1 167 247 -1686.19
1 186 209 -14332.7
1 204 300 -33.37
1 215 269 -25433.4
1 218 239 -3819.2
1 226 375 -16678.0
1 235 420 -10679.2
1 238 302 -6042.19
1 242 355 -136.49
1 245 406 -140.52
1 248 590 -702.58
1 248 593 -281.03
1 255 333 -373.45
1 256 443 -475.25
1 258 339 -1290.23
1 258 416 -271.06
1 266 470 -1302.46
1 269 482 -140.52
1 270 476 -702.58
1 273 523 -110024.0
1 274 506 -702.58
1 275 479 -8149.94
1 280 458 -1237.39
1 293 458 -10257.7
1 298 384 -131.69
1 298 391 -1967.23
1 221 300 -843.1
1 134 167 -11662.8
1 159 157 -25714.4
1 197 298 -29.05
1 211 290 -6042.19
1 237 406 -1782.03
1 244 430 -562.06
1 247 342 -88.47
1 253 427 -3011.14
1 253 443 -143.21
1 254 398 -104.2
1 254 442 -2281.28
1 254 444 -334.32
1 254 445 -57.62
1 256 445 -653.15
1 261 369 -802.52
1 263 448 -281.03
1 271 471 -140.52
1 271 489 -15149.3
1 273 520 -843.1
1 275 371 -702.58
1 275 449 -14754.2
1 262 394 -983778.0
1 157 122 -4637.03
1 160 136 -421.55
1 169 201 -19531.7
1 199 297 -124.36
1 212 315 -218.36
1 214 287 -67.22
1 224 372 -2248.26
1 246 609 -1832.44
1 247 343 -32.89
1 247 590 -140.52
1 255 446 -4353.57
1 276 386 -843.1
1 281 446 -983.61
1 284 406 -421.55
1 291 458 -2.28
1 297 384 -562.06
1 165 158 -25714.4
1 178 212 -5901.68
1 257 443 -958.78
1 162 205 -6463.74
1 244 330 -2248.26
1 248 343 -93.99
1 249 589 -140.52
1 254 394 -24.37
1 276 484 -140.52
1 282 451 -281.03
1 134 173 -3372.39
1 145 139 -281.03
1 150 115 -15035.2
1 152 115 -1686.19
1 206 299 -4.44
1 239 305 -308.75
1 261 461 -140.52
1 289 412 -140.52
1 233 400 -49040.1
