1 204 346 -974.841
1 212 384 45000.0
1 212 385 45000.0
1 212 386 45000.0
1 212 387 45000.0
1 212 388 45000.0
1 212 389 45000.0
1 212 390 45000.0
1 212 391 45000.0
1 212 392 45000.0
1 212 393 45000.0
1 213 394 45000.0
1 213 395 45000.0
1 213 396 45000.0
1 213 397 45000.0
1 213 398 45000.0
1 213 399 45000.0
1 213 400 45000.0
1 213 401 45000.0
1 213 402 45000.0
1 214 403 45000.0
1 214 404 45000.0
1 214 405 45000.0
1 214 406 45000.0
1 214 407 45000.0
1 214 409 45000.0
1 214 410 45000.0
1 214 411 45000.0
1 214 412 45000.0
1 214 413 45000.0
1 214 414 45000.0
1 214 415 45000.0
1 215 416 45000.0
1 215 417 45000.0
1 227 417 45000.0
1 228 417 45000.0
1 229 417 45000.0
1 216 418 45000.0
1 226 418 45000.0
1 230 418 45000.0
1 217 419 45000.0
1 218 419 45000.0
1 219 419 45000.0
1 220 419 45000.0
1 221 419 45000.0
1 222 419 45000.0
1 223 419 45000.0
1 224 419 45000.0
1 225 419 45000.0
1 229 419 45000.0
1 229 420 45000.0
1 226 421 45000.0
1 227 421 45000.0
1 228 421 45000.0
1 224 422 45000.0
1 225 422 45000.0
1 224 423 45000.0
1 224 424 45000.0
1 225 424 45000.0
1 226 424 45000.0
1 227 424 45000.0
1 228 424 45000.0
1 229 425 45000.0
1 229 426 45000.0
1 229 427 45000.0
1 229 428 45000.0
1 229 429 45000.0
1 228 430 45000.0
1 228 431 45000.0
1 228 432 45000.0
1 228 433 45000.0
1 228 434 45000.0
1 228 435 45000.0
1 229 435 45000.0
1 230 436 45000.0
1 230 437 45000.0
1 230 438 45000.0
1 230 439 45000.0
1 230 440 45000.0
1 230 441 45000.0
1 230 442 45000.0
1 230 443 45000.0
1 230 444 45000.0
1 230 445 45000.0
1 230 446 45000.0
1 230 447 45000.0
1 230 448 45000.0
1 230 449 45000.0
1 230 450 45000.0
1 230 451 45000.0
1 230 452 45000.0
1 230 453 45000.0
1 230 454 45000.0
1 230 455 45000.0
1 230 456 45000.0
1 231 457 45000.0
1 231 458 45000.0
1 231 459 45000.0
1 231 460 45000.0
1 232 461 45000.0
1 232 462 45000.0
1 232 463 45000.0
1 232 464 45000.0
1 233 464 45000.0
1 234 464 45000.0
1 235 464 45000.0
1 236 464 45000.0
1 237 464 45000.0
1 238 464 45000.0
1 239 465 45000.0
1 239 466 45000.0
1 117 120 -974.841
1 130 122 -974.841
1 135 194 -4265.11
1 139 168 -892.1610000000001
1 141 191 -5325.56
1 143 172 -2862.35
1 143 190 -7684.96
1 144 166 -1502.62
1 144 172 -3011.04
1 145 161 -5005.21
1 146 117 -559.273
1 147 145 -974.841
1 148 167 -5390.14
1 148 176 -974.841
1 150 124 -1622.17
1 150 141 -2541.94
1 152 123 -3828.3
1 152 125 -1914.84
1 152 132 -2630.62
1 153 133 -2.9641900000000003
1 153 142 -1332.74
1 154 125 -99.9592
1 154 171 -8202.76
1 155 129 -19841.9
1 155 141 -2849.38
1 156 129 -149331.0
1 157 135 -1949.68
1 157 140 -2853.61
1 157 251 -54416.3
1 158 133 -974.841
1 159 119 -57990.4
1 159 173 -14338.0
1 161 125 -48235.1
1 161 131 -14.0675
1 161 188 -54.8013
1 162 128 -66275.6
1 162 169 -2664.99
1 163 138 -974.841
1 164 135 -1399.54
1 164 187 -2294.9
1 165 131 -137.987
1 166 126 -349.467
1 167 259 -1268.86
1 168 123 -1926.48
1 168 208 -1116.59
1 169 127 -13.6656
1 170 131 -13226.8
1 170 163 -689.934
1 171 130 -5620.65
1 171 132 -8955.09
1 172 130 -19475.5
1 174 123 -3894.1
1 174 135 -184.38
1 175 134 -6710.83
1 175 204 -1867.22
1 176 176 -2402.78
1 177 133 -5843.28
1 177 211 -173.042
1 178 164 -90.0711
1 178 261 -14026.3
1 179 210 -36779.4
1 180 208 -56.0597
1 184 246 -15659.1
1 188 198 -745.8839999999999
1 188 240 -8526.88
1 193 256 -2950.84
1 193 260 -28788.8
1 197 252 -1362.17
1 198 298 -974.841
1 199 231 -112.413
1 199 298 -974.841
1 200 298 -992.091
1 201 234 -277.124
1 203 280 -2746.94
1 204 248 -17835.6
1 205 300 -974.841
1 206 196 -15612.7
1 206 286 -5620.65
1 206 300 -1970.64
1 212 258 -39360.0
1 213 264 -133.422
1 213 300 -127.90299999999999
1 214 240 -9596.41
1 215 260 -27545.4
1 217 264 -67200.4
1 218 179 -26081.1
1 221 223 -1190.17
1 221 246 -29869.5
1 222 352 -12917.6
1 222 369 -2401.44
1 223 271 -1262.02
1 224 301 -78.689
1 224 374 -5903.51
1 226 311 -2818.75
1 226 365 -1923.06
1 227 270 -4476.61
1 228 225 -5528.62
1 231 401 -974.841
1 232 364 -154.85399999999998
1 233 337 -1784.9
1 233 394 -1961.8
1 234 304 -5078.25
1 234 393 -1004.51
1 235 605 -2772.8
1 235 609 -6994.52
1 236 263 -4836.66
1 236 351 -9836.13
1 236 609 -94.4405
1 237 237 -10043.9
1 237 316 -44912.4
1 237 357 -11807.0
1 237 389 -979.125
1 238 221 -1482.45
1 238 605 -4938.85
1 238 609 -1949.68
1 239 338 -3133.03
1 239 426 -524.125
1 239 605 -4874.21
1 239 606 -2924.52
1 239 619 -6054.5
1 240 380 -1218.49
1 240 426 -992.953
1 240 608 -3899.37
1 241 342 -2070.5
1 241 604 -974.841
1 242 311 -9247.69
1 243 371 -974.841
1 243 389 -1390.5
1 243 422 -112.98200000000001
1 243 431 -30650.4
1 243 605 -4874.21
1 244 431 -43.1228
1 244 605 -5849.05
1 244 621 -5421.07
1 245 238 -12101.2
1 245 322 -13295.2
1 245 337 -974.841
1 245 621 -974.841
1 246 321 -2831.88
1 246 618 -2924.52
1 247 344 -1048.84
1 247 384 -2026790.0
1 248 251 -29848.4
1 248 436 -5995.8
1 248 442 -299.704
1 248 589 -4209.86
1 249 373 -986.0830000000001
1 249 389 -1555.01
1 249 424 -974.841
1 249 430 -31315.8
1 249 436 -10457.9
1 249 606 -4874.21
1 250 326 -2918.12
1 250 424 -974.841
1 250 425 -352904.0
1 250 431 -15335.0
1 250 595 -3193.03
1 251 356 -153828.0
1 251 408 -1082.81
1 251 456 -995.1089999999999
1 251 457 -16.8619
1 251 594 -1011.71
1 251 595 -1129.05
1 251 596 -1970.76
1 252 230 -21740.7
1 252 285 -46.3703
1 252 329 -28793.1
1 252 450 -574.18
1 252 595 -1023.25
1 252 606 -974.841
1 253 331 -17658.8
1 253 332 -25123.4
1 253 416 -269.034
1 253 420 -11583.7
1 253 445 -32164.0
1 254 338 -449.652
1 254 367 -50594.5
1 254 407 -82317.1
1 254 597 -974.841
1 254 607 -974.841
1 255 381 -21082.7
1 255 383 -43929.2
1 255 388 -64279.1
1 255 395 -2319.92
1 255 420 -11470.7
1 255 439 -17339.7
1 255 443 -41656.6
1 255 595 -1149.23
1 255 596 -974.841
1 255 606 -1783.65
1 255 609 -1949.68
1 256 314 -10913.5
1 256 335 -888.062
1 256 341 -145.899
1 256 370 -9137.72
1 256 413 -2790.91
1 256 586 -20159.9
1 256 593 -3899.37
1 257 238 -0.140516
1 257 324 -6348.54
1 257 413 -5843.14
1 257 576 -5070.67
1 257 599 -75695.0
1 257 600 -136268.0
1 258 325 -6770.71
1 258 336 -1487.74
1 258 442 -335659.0
1 258 585 -5849.05
1 258 595 -2113.71
1 258 601 -50774.1
1 258 602 -47958.1
1 259 340 -19782.9
1 259 371 -4.31228
1 259 405 -67927.1
1 259 588 -31941.1
1 259 592 -974.841
1 259 593 -974.841
1 260 349 -755.977
1 260 407 -4364390.0
1 260 413 -147096.0
1 260 424 -324.469
1 260 461 -2296.03
1 260 585 -11069.7
1 260 586 -57715.7
1 261 337 -8097.94
1 261 355 -13340.6
1 261 381 -243581.0
1 261 395 -1082.38
1 261 416 -9048.89
1 261 418 -1025.15
1 261 429 -166383.0
1 261 492 -1020.2
1 261 571 -60.3657
1 261 576 -1958.09
1 262 345 -3378.1
1 262 540 -293.53700000000003
1 262 564 -51303.2
1 262 568 -7421.44
1 262 570 -64239.8
1 262 571 -2942.27
1 263 471 -25984.5
1 263 477 -18019.8
1 263 520 -1949.68
1 263 582 -8213.42
1 264 265 -34952.0
1 264 345 -6590.21
1 264 355 -301.86
1 264 367 -974.841
1 264 383 -31120.0
1 264 407 -5276.08
1 264 428 -570.515
1 264 468 -45.1668
1 264 471 -85.3832
1 264 476 -333.339
1 264 477 -27735.1
1 264 523 -3307.28
1 264 549 -7784.96
1 265 364 -33178.7
1 265 374 -1927.59
1 265 422 -225656.0
1 265 523 -3635.15
1 266 337 -974.841
1 266 340 -556.444
1 266 462 -177.458
1 267 391 -18190.2
1 267 555 -974.841
1 267 556 -974.841
1 268 333 -9260.01
1 268 334 -5851.09
1 268 436 -2606760.0
1 268 455 -12.3331
1 268 479 -1087.59
1 268 480 -414.54
1 268 489 -980.462
1 269 363 -974.841
1 269 397 -67874.2
1 269 456 -18484.6
1 269 483 -31.7736
1 269 541 -1160.83
1 270 352 -4184.57
1 270 412 -24377.3
1 270 429 -1912.7
1 270 481 -989.7189999999999
1 270 483 -2136.57
1 270 484 -1070.16
1 270 486 -123064.0
1 270 498 -55393.6
1 270 539 -147.911
1 271 319 -28004.0
1 271 371 -1038.4
1 271 415 -50091.5
1 271 451 -24984.8
1 271 485 -408.977
1 271 493 -161693.0
1 271 498 -11610.4
1 271 537 -209774.0
1 272 336 -5558.82
1 272 337 -16417.9
1 272 368 -400999.0
1 272 388 -1343410.0
1 272 396 -27.6817
1 272 450 -6078.59
1 272 462 -1095340.0
1 272 491 -13.9287
1 272 498 -129699.0
1 272 530 -178897.0
1 272 532 -142873.0
1 272 535 -194266.0
1 273 363 -2.81032
1 273 392 -973.2819999999999
1 273 410 -1098.84
1 273 480 -538.346
1 273 510 -974.841
1 273 516 -428.602
1 273 517 -112740.0
1 273 518 -1600.93
1 274 409 -2624.84
1 274 523 -1450.13
1 275 367 -81920.9
1 276 366 -6571.92
1 276 392 -398.455
1 276 446 -1387.26
1 276 474 -37499.6
1 277 294 -39565.2
1 277 390 -20690.0
1 277 407 -828420.0
1 277 431 -20086.6
1 277 468 -85.7891
1 277 472 -51541.3
1 277 480 -12195.1
1 277 482 -3991.43
1 278 365 -43645.0
1 278 435 -49401.5
1 278 482 -1089.91
1 279 310 -25647.0
1 279 336 -14473.2
1 279 433 -51442.0
1 279 438 -12018.3
1 279 475 -110088.0
1 279 485 -18527.9
1 280 365 -1250.59
1 280 433 -38944.2
1 280 442 -2265.76
1 280 469 -20608.5
1 280 471 -67390.9
1 281 458 -3377980.0
1 282 409 -6809.09
1 282 424 -2617.99
1 282 430 -436.834
1 282 436 -17887.3
1 283 335 -11272.2
1 283 354 -982.1189999999999
1 283 429 -179018.0
1 283 449 -206545.0
1 283 452 -11082.6
1 283 455 -121736.0
1 283 468 -44137.9
1 284 339 -70047.8
1 284 457 -8899.73
1 284 463 -395.436
1 284 481 -11354.2
1 285 306 -8.62456
1 285 374 -4152.73
1 286 330 -65913.2
1 286 425 -457697.0
1 286 475 -16779.1
1 286 477 -115940.0
1 287 388 -91243.6
1 287 426 -974.841
1 287 477 -101852.0
1 288 372 -128.506
1 288 419 -16158.5
1 288 423 -1320.85
1 288 426 -974.841
1 289 351 -1604.69
1 289 404 -193302.0
1 289 459 -39457.4
1 290 382 -265718.0
1 290 402 -133.681
1 290 411 -849.951
1 290 412 -24041.4
1 290 413 -1038.79
1 291 350 -3040.16
1 291 373 -1185.02
1 291 399 -84103.6
1 291 419 -702014.0
1 292 361 -6320.36
1 292 365 -16748.9
1 292 416 -864.25
1 293 355 -110.839
1 293 440 -35.1191
1 294 435 -474.945
1 294 447 -38845.0
1 294 458 -256115.0
1 295 391 -14337.3
1 295 430 -2037900.0
1 296 398 -207415.0
1 296 406 -293334.0
1 296 433 -112.67399999999999
1 297 381 -3355.53
1 297 383 -524.805
1 297 395 -59026.5
1 297 401 -356104.0
1 297 402 -193803.0
1 297 413 -1479170.0
1 297 415 -3351.22
1 297 442 -64132.3
1 299 354 -264.389
1 299 387 -134.974
1 102 110 -974.841
1 102 113 -974.841
1 103 100 -974.841
1 103 104 -974.841
1 104 115 -974.841
1 105 115 -974.841
1 105 139 -974.841
1 108 117 -974.841
1 109 112 -974.841
1 111 155 -974.841
1 111 208 -974.841
1 112 181 -974.841
1 113 111 -974.841
1 113 159 -974.841
1 113 211 -974.841
1 114 173 -974.841
1 114 212 -1949.68
1 115 212 -1949.68
1 116 121 -974.841
1 116 150 -974.841
1 116 166 -974.841
1 117 119 -974.841
1 117 168 -974.841
1 117 210 -974.841
1 119 194 -974.841
1 119 202 -974.841
1 119 96 -974.841
1 120 155 -974.841
1 120 94 -974.841
1 121 187 -974.841
1 123 110 -974.841
1 123 111 -974.841
1 123 158 -974.841
1 123 168 -974.841
1 123 193 -974.841
1 123 202 -1949.68
1 125 150 -974.841
1 125 151 -974.841
1 125 193 -974.841
1 125 194 -974.841
1 126 121 -974.841
1 126 191 -974.841
1 126 195 -974.841
1 127 150 -974.841
1 127 160 -974.841
1 127 169 -974.841
1 127 195 -974.841
1 127 199 -1949.68
1 128 122 -974.841
1 128 148 -974.841
1 128 149 -974.841
1 128 152 -974.841
1 128 153 -974.841
1 128 154 -974.841
1 128 157 -974.841
1 128 199 -974.841
1 129 117 -974.841
1 129 119 -974.841
1 129 122 -974.841
1 129 146 -974.841
1 129 154 -1949.68
1 129 162 -974.841
1 129 176 -974.841
1 130 120 -974.841
1 130 154 -974.841
1 130 155 -974.841
1 130 156 -2924.52
1 130 194 -974.841
1 131 112 -1001.54
1 131 121 -974.841
1 131 122 -974.841
1 131 150 -974.841
1 131 156 -974.841
1 131 157 -974.841
1 131 158 -974.841
1 131 161 -1949.68
1 131 198 -974.841
1 132 112 -974.841
1 132 155 -974.841
1 132 156 -974.841
1 132 160 -974.841
1 132 161 -1949.68
1 133 155 -974.841
1 133 159 -974.841
1 133 160 -1949.68
1 133 192 -1949.68
1 133 193 -974.841
1 134 148 -974.841
1 134 150 -974.841
1 134 151 -974.841
1 134 156 -974.841
1 134 191 -974.841
1 134 193 -3899.37
1 135 148 -4874.21
1 135 149 -1949.68
1 135 156 -974.841
1 135 157 -974.841
1 135 193 -2924.52
1 136 147 -974.841
1 136 148 -974.841
1 136 149 -974.841
1 136 150 -1949.68
1 136 153 -974.841
1 136 155 -974.841
1 137 148 -974.841
1 137 150 -974.841
1 137 153 -1949.68
1 137 154 -974.841
1 137 157 -2924.52
1 137 175 -974.841
1 137 206 -974.841
1 138 151 -974.841
1 138 152 -974.841
1 138 153 -2924.52
1 138 168 -974.841
1 138 169 -974.841
1 139 151 -974.841
1 140 138 -974.841
1 140 155 -3899.37
1 140 156 -974.841
1 140 171 -974.841
1 140 180 -974.841
1 141 149 -974.841
1 141 154 -1949.68
1 141 157 -974.841
1 141 171 -974.841
1 141 199 -1949.68
1 142 155 -974.841
1 142 156 -974.841
1 142 157 -974.841
1 142 158 -974.841
1 142 174 -974.841
1 142 179 -974.841
1 142 201 -974.841
1 143 146 -974.841
1 143 157 -2924.52
1 144 142 -1949.68
1 144 173 -974.841
1 145 142 -974.841
1 145 143 -974.841
1 145 151 -974.841
1 145 187 -974.841
1 145 226 -974.841
1 146 140 -974.841
1 146 141 -1949.68
1 146 145 -974.841
1 146 208 -974.841
1 146 229 -974.841
1 146 230 -974.841
1 146 232 -974.841
1 147 139 -2924.52
1 147 140 -974.841
1 147 141 -974.841
1 147 142 -974.841
1 147 229 -974.841
1 147 230 -974.841
1 147 233 -974.841
1 147 239 -974.841
1 147 240 -974.841
1 148 217 -974.841
1 148 221 -974.841
1 149 127 -974.841
1 149 147 -974.841
1 149 154 -974.841
1 149 222 -974.841
1 149 253 -974.841
1 150 160 -974.841
1 150 164 -974.841
1 150 177 -974.841
1 150 227 -974.841
1 150 236 -974.841
1 151 128 -974.841
1 151 228 -974.841
1 152 153 -974.841
1 152 173 -974.841
1 152 176 -974.841
1 152 222 -974.841
1 152 228 -974.841
1 153 126 -974.841
1 153 136 -974.841
1 153 155 -974.841
1 153 232 -974.841
1 153 238 -974.841
1 153 253 -974.841
1 154 126 -974.841
1 154 133 -974.841
1 154 161 -974.841
1 154 172 -974.841
1 154 220 -974.841
1 154 244 -974.841
1 155 170 -1949.68
1 155 216 -974.841
1 155 262 -974.841
1 156 160 -974.841
1 156 211 -974.841
1 156 223 -974.841
1 157 132 -974.841
1 157 133 -974.841
1 157 134 -2924.52
1 157 136 -974.841
1 157 194 -974.841
1 157 207 -974.841
1 157 240 -974.841
1 158 135 -974.841
1 158 248 -974.841
1 159 152 -974.841
1 159 231 -974.841
1 159 240 -974.841
1 159 247 -974.841
1 159 248 -974.841
1 159 250 -974.841
1 159 251 -974.841
1 159 257 -974.841
1 160 133 -974.841
1 160 249 -1949.68
1 160 251 -1949.68
1 160 252 -974.841
1 160 253 -974.841
1 160 262 -974.841
1 161 144 -1949.68
1 161 251 -974.841
1 161 253 -974.841
1 162 137 -1949.68
1 162 252 -1949.68
1 162 253 -974.841
1 163 152 -974.841
1 163 190 -974.841
1 163 236 -974.841
1 164 278 -974.841
1 164 290 -974.841
1 164 299 -974.841
1 165 133 -1949.68
1 165 134 -1949.68
1 165 135 -974.841
1 165 290 -974.841
1 166 131 -974.841
1 166 132 -974.841
1 166 133 -1949.68
1 166 134 -974.841
1 166 135 -974.841
1 166 210 -974.841
1 166 254 -974.841
1 166 255 -974.841
1 167 127 -974.841
1 167 132 -1949.68
1 167 133 -1949.68
1 167 134 -2924.52
1 167 256 -974.841
1 167 288 -974.841
1 167 294 -974.841
1 168 130 -974.841
1 168 131 -974.841
1 168 132 -3899.37
1 168 133 -3899.37
1 168 286 -974.841
1 168 287 -1949.68
1 168 291 -1949.68
1 169 128 -1949.68
1 169 129 -3899.37
1 169 131 -974.841
1 169 132 -4874.21
1 169 133 -2924.52
1 169 134 -8773.57
1 169 135 -974.841
1 169 236 -974.841
1 169 260 -974.841
1 169 271 -974.841
1 169 287 -974.841
1 169 290 -974.841
1 170 133 -2924.52
1 170 134 -11698.1
1 170 136 -974.841
1 170 187 -974.841
1 170 256 -974.841
1 170 287 -974.841
1 170 292 -974.841
1 171 133 -1949.68
1 171 134 -974.841
1 171 136 -4874.21
1 171 290 -974.841
1 172 257 -974.841
1 172 284 -974.841
1 172 295 -1949.68
1 172 311 -974.841
1 173 258 -974.841
1 173 278 -974.841
1 173 290 -974.841
1 173 292 -974.841
1 173 293 -1949.68
1 173 294 -974.841
1 174 124 -974.841
1 174 253 -974.841
1 174 261 -974.841
1 174 270 -974.841
1 174 283 -974.841
1 174 289 -974.841
1 174 293 -974.841
1 175 260 -974.841
1 175 288 -974.841
1 175 292 -1949.68
1 175 293 -974.841
1 175 296 -974.841
1 175 305 -974.841
1 176 274 -974.841
1 176 305 -974.841
1 177 289 -974.841
1 177 290 -974.841
1 178 243 -974.841
1 178 280 -974.841
1 178 285 -974.841
1 178 302 -974.841
1 178 305 -974.841
1 178 306 -974.841
1 178 311 -974.841
1 179 278 -974.841
1 179 285 -974.841
1 180 149 -974.841
1 180 286 -974.841
1 181 297 -974.841
1 181 307 -974.841
1 181 308 -974.841
1 183 242 -974.841
1 183 285 -974.841
1 183 295 -974.841
1 183 308 -974.841
1 183 309 -974.841
1 183 318 -974.841
1 184 263 -974.841
1 184 285 -974.841
1 184 313 -974.841
1 184 319 -974.841
1 185 257 -974.841
1 185 305 -974.841
1 185 306 -974.841
1 185 307 -974.841
1 185 315 -974.841
1 186 255 -974.841
1 186 265 -974.841
1 186 307 -1949.68
1 186 310 -974.841
1 188 262 -974.841
1 188 294 -974.841
1 188 295 -974.841
1 189 295 -974.841
1 189 309 -974.841
1 190 307 -974.841
1 190 308 -974.841
1 190 324 -974.841
1 191 292 -1949.68
1 191 304 -974.841
1 191 305 -974.841
1 192 258 -974.841
1 192 284 -974.841
1 192 304 -974.841
1 192 316 -974.841
1 192 319 -974.841
1 193 262 -974.841
1 193 301 -974.841
1 193 311 -974.841
1 193 313 -1949.68
1 194 284 -974.841
1 194 313 -974.841
1 195 269 -974.841
1 195 287 -974.841
1 195 289 -974.841
1 195 300 -974.841
1 195 311 -974.841
1 195 313 -974.841
1 196 269 -974.841
1 196 275 -974.841
1 196 303 -974.841
1 196 324 -974.841
1 196 333 -974.841
1 197 264 -974.841
1 197 283 -974.841
1 197 300 -974.841
1 197 322 -974.841
1 197 325 -974.841
1 198 242 -974.841
1 198 276 -1949.68
1 198 309 -974.841
1 198 311 -974.841
1 199 283 -974.841
1 199 311 -974.841
1 199 324 -974.841
1 200 280 -974.841
1 200 286 -974.841
1 200 296 -974.841
1 200 299 -974.841
1 200 306 -974.841
1 200 307 -974.841
1 200 312 -974.841
1 200 343 -974.841
1 200 345 -974.841
1 201 257 -974.841
1 202 280 -974.841
1 202 287 -974.841
1 202 297 -974.841
1 202 301 -974.841
1 202 302 -974.841
1 203 215 -974.841
1 203 304 -974.841
1 203 305 -974.841
1 203 309 -974.841
1 203 315 -974.841
1 205 263 -974.841
1 205 303 -974.841
1 205 304 -974.841
1 205 317 -974.841
1 205 318 -974.841
1 205 319 -974.841
1 206 264 -974.841
1 206 270 -974.841
1 206 301 -974.841
1 206 304 -974.841
1 206 315 -974.841
1 206 317 -1949.68
1 207 262 -974.841
1 207 300 -974.841
1 207 301 -1949.68
1 207 303 -974.841
1 207 304 -974.841
1 207 306 -1949.68
1 207 315 -974.841
1 207 317 -974.841
1 208 298 -1949.68
1 208 299 -1949.68
1 208 306 -974.841
1 208 317 -974.841
1 208 328 -974.841
1 209 284 -974.841
1 209 297 -974.841
1 209 302 -974.841
1 210 284 -974.841
1 210 301 -974.841
1 210 302 -974.841
1 210 342 -974.841
1 211 301 -974.841
1 211 321 -974.841
1 212 295 -974.841
1 212 347 -974.841
1 213 226 -974.841
1 213 287 -974.841
1 213 303 -974.841
1 213 329 -974.841
1 214 319 -974.841
1 215 289 -974.841
1 215 311 -974.841
1 215 353 -974.841
1 216 323 -974.841
1 216 341 -974.841
1 217 244 -974.841
1 217 249 -974.841
1 217 351 -974.841
1 218 209 -974.841
1 218 243 -974.841
1 218 292 -974.841
1 218 345 -1949.68
1 221 240 -974.841
1 221 611 -974.841
1 222 254 -974.841
1 222 362 -974.841
1 224 338 -974.841
1 224 359 -974.841
1 225 323 -974.841
1 225 329 -974.841
1 225 332 -974.841
1 225 368 -974.841
1 225 373 -974.841
1 225 378 -974.841
1 225 382 -1949.68
1 226 323 -974.841
1 226 388 -1949.68
1 226 618 -974.841
1 227 315 -974.841
1 228 606 -974.841
1 229 385 -1949.68
1 229 392 -974.841
1 229 393 -974.841
1 229 397 -3899.37
1 229 618 -4874.21
1 230 338 -974.841
1 230 373 -1949.68
1 230 384 -974.841
1 230 392 -1949.68
1 230 393 -3899.37
1 230 396 -974.841
1 230 605 -974.841
1 231 343 -974.841
1 231 383 -974.841
1 231 392 -4874.21
1 231 393 -10723.3
1 231 398 -974.841
1 231 603 -974.841
1 231 607 -1949.68
1 232 259 -974.841
1 232 300 -974.841
1 232 384 -974.841
1 232 389 -974.841
1 232 393 -5849.05
1 232 394 -3899.37
1 232 405 -974.841
1 232 604 -1949.68
1 232 606 -1949.68
1 232 607 -2924.52
1 232 608 -974.841
1 233 373 -974.841
1 233 393 -974.841
1 233 403 -974.841
1 233 406 -3899.37
1 233 601 -1949.68
1 233 602 -974.841
1 234 374 -974.841
1 234 388 -974.841
1 234 389 -974.841
1 234 406 -2924.52
1 234 407 -1949.68
1 234 601 -974.841
1 234 602 -1949.68
1 234 603 -2924.52
1 234 604 -974.841
1 234 605 -1949.68
1 234 606 -974.841
1 234 609 -974.841
1 234 620 -974.841
1 234 621 -974.841
1 235 342 -974.841
1 235 368 -974.841
1 235 389 -974.841
1 235 392 -974.841
1 235 404 -974.841
1 235 406 -974.841
1 235 599 -974.841
1 235 600 -1949.68
1 235 602 -2924.52
1 235 603 -974.841
1 235 606 -974.841
1 235 608 -974.841
1 236 256 -974.841
1 236 359 -974.841
1 236 377 -1949.68
1 236 378 -974.841
1 236 389 -1949.68
1 236 600 -974.841
1 236 601 -974.841
1 236 602 -1949.68
1 236 605 -974.841
1 236 606 -974.841
1 236 607 -974.841
1 236 620 -974.841
1 237 330 -974.841
1 237 377 -974.841
1 237 384 -974.841
1 237 388 -974.841
1 237 605 -1949.68
1 237 606 -2924.52
1 237 607 -1949.68
1 237 608 -4874.21
1 237 609 -2924.52
1 237 620 -974.841
1 238 346 -974.841
1 238 391 -974.841
1 238 410 -974.841
1 238 602 -974.841
1 238 603 -974.841
1 238 606 -4874.21
1 238 607 -5849.05
1 238 608 -3899.37
1 238 610 -974.841
1 239 297 -5047.28
1 239 323 -974.841
1 239 404 -974.841
1 239 601 -974.841
1 239 603 -974.841
1 239 607 -1949.68
1 239 608 -3899.37
1 239 609 -2924.52
1 239 610 -1949.68
1 239 615 -1949.68
1 240 267 -974.841
1 240 319 -974.841
1 240 327 -974.841
1 240 352 -974.841
1 240 374 -1949.68
1 240 392 -1949.68
1 240 396 -974.841
1 240 406 -974.841
1 240 603 -974.841
1 240 605 -2924.52
1 240 606 -3899.37
1 240 607 -1949.68
1 240 620 -1949.68
1 240 621 -974.841
1 241 339 -974.841
1 241 352 -974.841
1 241 370 -1949.68
1 241 375 -974.841
1 241 409 -974.841
1 241 577 -974.841
1 241 603 -1949.68
1 241 605 -2924.52
1 241 606 -1949.68
1 241 607 -1949.68
1 241 608 -1949.68
1 241 609 -4874.21
1 241 610 -974.841
1 241 611 -974.841
1 241 620 -974.841
1 241 621 -974.841
1 242 314 -974.841
1 242 318 -974.841
1 242 336 -974.841
1 242 338 -974.841
1 242 339 -974.841
1 242 373 -2924.52
1 242 374 -5849.05
1 242 406 -1949.68
1 242 603 -1949.68
1 242 604 -6823.89
1 242 605 -8773.57
1 242 606 -2924.52
1 242 607 -4874.21
1 242 608 -4874.21
1 242 609 -2924.52
1 242 610 -2924.52
1 242 616 -974.841
1 242 622 -974.841
1 242 623 -2924.52
1 243 366 -974.841
1 243 369 -974.841
1 243 372 -1949.68
1 243 373 -7798.73
1 243 374 -2924.52
1 243 386 -974.841
1 243 391 -974.841
1 243 405 -974.841
1 243 406 -974.841
1 243 407 -1949.68
1 243 409 -974.841
1 243 577 -974.841
1 243 606 -6823.89
1 243 607 -4874.21
1 243 608 -1949.68
1 243 609 -5849.05
1 243 620 -974.841
1 243 622 -1949.68
1 243 623 -7798.73
1 244 371 -974.841
1 244 372 -1949.68
1 244 373 -2924.52
1 244 415 -974.841
1 244 598 -974.841
1 244 606 -3899.37
1 244 607 -974.841
1 244 611 -974.841
1 244 616 -974.841
1 244 622 -974.841
1 244 623 -3899.37
1 244 624 -974.841
1 245 312 -974.841
1 245 315 -974.841
1 245 326 -974.841
1 245 335 -974.841
1 245 338 -974.841
1 245 356 -1949.68
1 245 371 -974.841
1 245 413 -974.841
1 245 586 -974.841
1 245 604 -974.841
1 245 605 -2924.52
1 245 606 -4874.21
1 245 607 -3899.37
1 245 609 -4874.21
1 245 610 -1949.68
1 245 612 -1949.68
1 245 616 -1949.68
1 245 619 -974.841
1 245 620 -1949.68
1 245 622 -974.841
1 246 214 -974.841
1 246 342 -974.841
1 246 356 -974.841
1 246 357 -974.841
1 246 374 -974.841
1 246 413 -974.841
1 246 590 -974.841
1 246 599 -974.841
1 246 600 -5849.05
1 246 605 -3899.37
1 246 606 -6823.89
1 246 607 -3899.37
1 246 610 -974.841
1 246 612 -1949.68
1 246 614 -974.841
1 246 615 -974.841
1 246 623 -974.841
1 247 314 -974.841
1 247 331 -974.841
1 247 367 -1949.68
1 247 368 -4874.21
1 247 387 -1949.68
1 247 413 -974.841
1 247 578 -974.841
1 247 597 -974.841
1 247 598 -6823.89
1 247 599 -5849.05
1 247 600 -9748.42
1 247 601 -9748.42
1 247 605 -1949.68
1 247 609 -1949.68
1 247 610 -1949.68
1 247 611 -3899.37
1 247 612 -3899.37
1 247 613 -1949.68
1 247 618 -1949.68
1 247 619 -974.841
1 247 623 -974.841
1 248 307 -974.841
1 248 367 -974.841
1 248 368 -3899.37
1 248 371 -1949.68
1 248 372 -4874.21
1 248 387 -1949.68
1 248 388 -5849.05
1 248 413 -974.841
1 248 416 -974.841
1 248 529 -974.841
1 248 567 -974.841
1 248 596 -6823.89
1 248 597 -4874.21
1 248 598 -9748.42
1 248 599 -5849.05
1 248 600 -3899.37
1 248 601 -5849.05
1 248 602 -2924.52
1 248 605 -974.841
1 248 608 -974.841
1 248 609 -1949.68
1 248 610 -2924.52
1 248 611 -5849.05
1 248 612 -5849.05
1 248 613 -6823.89
1 248 618 -974.841
1 248 619 -974.841
1 248 620 -974.841
1 248 623 -1949.68
1 249 333 -974.841
1 249 334 -974.841
1 249 365 -1949.68
1 249 366 -2924.52
1 249 367 -974.841
1 249 368 -2924.52
1 249 371 -974.841
1 249 387 -974.841
1 249 388 -974.841
1 249 400 -974.841
1 249 412 -974.841
1 249 567 -974.841
1 249 593 -1949.68
1 249 595 -5849.05
1 249 596 -6823.89
1 249 597 -10723.3
1 249 603 -2924.52
1 249 604 -7798.73
1 249 605 -4874.21
1 249 607 -3899.37
1 249 609 -974.841
1 249 610 -1949.68
1 249 611 -4874.21
1 249 612 -8773.57
1 249 613 -1949.68
1 249 618 -974.841
1 249 623 -974.841
1 250 331 -974.841
1 250 355 -974.841
1 250 365 -1949.68
1 250 366 -4874.21
1 250 367 -2924.52
1 250 368 -974.841
1 250 369 -1949.68
1 250 370 -1949.68
1 250 371 -5849.05
1 250 382 -974.841
1 250 406 -974.841
1 250 413 -974.841
1 250 414 -974.841
1 250 423 -974.841
1 250 436 -974.841
1 250 568 -974.841
1 250 579 -974.841
1 250 591 -974.841
1 250 594 -974.841
1 250 596 -7798.73
1 250 597 -1949.68
1 250 602 -974.841
1 250 603 -6823.89
1 250 604 -5849.05
1 250 605 -3899.37
1 250 607 -974.841
1 250 608 -2924.52
1 250 609 -974.841
1 250 610 -974.841
1 250 613 -974.841
1 251 276 -974.841
1 251 322 -974.841
1 251 365 -2924.52
1 251 366 -8773.57
1 251 367 -1949.68
1 251 368 -1949.68
1 251 371 -974.841
1 251 379 -974.841
1 251 407 -974.841
1 251 414 -974.841
1 251 424 -974.841
1 251 598 -974.841
1 251 604 -974.841
1 251 605 -974.841
1 251 607 -974.841
1 251 610 -974.841
1 252 236 -974.841
1 252 365 -2924.52
1 252 366 -6823.89
1 252 367 -6823.89
1 252 368 -1949.68
1 252 376 -974.841
1 252 412 -974.841
1 252 416 -974.841
1 252 428 -974.841
1 252 506 -974.841
1 252 507 -974.841
1 252 528 -974.841
1 252 534 -974.841
1 252 544 -974.841
1 252 576 -974.841
1 252 591 -1949.68
1 252 596 -2033.61
1 252 597 -1949.68
1 252 598 -974.841
1 252 599 -1949.68
1 252 608 -1949.68
1 252 609 -974.841
1 252 611 -974.841
1 252 620 -974.841
1 253 259 -974.841
1 253 342 -974.841
1 253 363 -974.841
1 253 365 -1949.68
1 253 366 -5849.05
1 253 367 -3899.37
1 253 370 -974.841
1 253 375 -1949.68
1 253 404 -974.841
1 253 433 -1949.68
1 253 506 -974.841
1 253 543 -974.841
1 253 546 -974.841
1 253 547 -974.841
1 253 566 -974.841
1 253 586 -1949.68
1 253 596 -974.841
1 253 597 -3899.37
1 253 601 -974.841
1 253 604 -974.841
1 253 605 -974.841
1 253 614 -2924.52
1 254 366 -1949.68
1 254 478 -974.841
1 254 581 -974.841
1 254 584 -974.841
1 254 585 -5849.05
1 254 586 -4874.21
1 254 587 -2924.52
1 254 588 -2924.52
1 254 589 -3899.37
1 254 598 -974.841
1 254 599 -974.841
1 254 601 -1949.68
1 254 604 -1949.68
1 254 605 -974.841
1 254 606 -974.841
1 254 611 -974.841
1 255 341 -974.841
1 255 346 -974.841
1 255 371 -974.841
1 255 402 -974.841
1 255 442 -974.841
1 255 445 -974.841
1 255 461 -974.841
1 255 479 -974.841
1 255 512 -974.841
1 255 513 -974.841
1 255 526 -974.841
1 255 547 -974.841
1 255 548 -974.841
1 255 565 -974.841
1 255 583 -2924.52
1 255 584 -3899.37
1 255 585 -3899.37
1 255 586 -3899.37
1 255 587 -1949.68
1 255 588 -974.841
1 255 591 -974.841
1 255 594 -974.841
1 255 597 -974.841
1 255 600 -1949.68
1 255 607 -974.841
1 256 346 -974.841
1 256 350 -974.841
1 256 367 -974.841
1 256 373 -974.841
1 256 374 -974.841
1 256 491 -974.841
1 256 526 -974.841
1 256 531 -2924.52
1 256 532 -974.841
1 256 547 -974.841
1 256 548 -1949.68
1 256 549 -974.841
1 256 575 -974.841
1 256 578 -1949.68
1 256 580 -974.841
1 256 584 -2924.52
1 256 585 -1949.68
1 256 592 -1949.68
1 256 594 -6898.49
1 256 595 -3899.37
1 256 607 -3899.37
1 256 608 -1949.68
1 256 609 -974.841
1 257 330 -974.841
1 257 461 -974.841
1 257 497 -974.841
1 257 503 -974.841
1 257 506 -974.841
1 257 512 -974.841
1 257 527 -2924.52
1 257 529 -974.841
1 257 532 -974.841
1 257 549 -974.841
1 257 574 -974.841
1 257 575 -2924.52
1 257 584 -2924.52
1 257 585 -2924.52
1 257 593 -1949.68
1 257 594 -7798.73
1 257 595 -3899.37
1 257 597 -1949.68
1 257 606 -6823.89
1 257 607 -974.841
1 258 307 -974.841
1 258 330 -974.841
1 258 366 -974.841
1 258 485 -1949.68
1 258 489 -1949.68
1 258 491 -974.841
1 258 493 -974.841
1 258 494 -974.841
1 258 496 -974.841
1 258 497 -974.841
1 258 498 -2924.52
1 258 499 -1949.68
1 258 502 -974.841
1 258 503 -974.841
1 258 529 -1949.68
1 258 531 -974.841
1 258 532 -974.841
1 258 533 -1949.68
1 258 535 -974.841
1 258 546 -974.841
1 258 550 -974.841
1 258 556 -1949.68
1 258 564 -974.841
1 258 576 -974.841
1 258 583 -974.841
1 258 584 -2924.52
1 258 586 -2924.52
1 258 594 -2924.52
1 258 606 -4874.21
1 258 607 -974.841
1 259 346 -974.841
1 259 369 -1949.68
1 259 402 -974.841
1 259 444 -974.841
1 259 456 -974.841
1 259 485 -974.841
1 259 486 -974.841
1 259 488 -974.841
1 259 489 -974.841
1 259 490 -1949.68
1 259 509 -1949.68
1 259 510 -974.841
1 259 522 -974.841
1 259 528 -974.841
1 259 529 -974.841
1 259 531 -974.841
1 259 532 -974.841
1 259 545 -974.841
1 259 549 -974.841
1 259 554 -1949.68
1 259 555 -1949.68
1 259 556 -2924.52
1 259 557 -2924.52
1 259 575 -3899.37
1 259 576 -974.841
1 259 579 -974.841
1 259 584 -974.841
1 259 585 -3899.37
1 259 586 -1949.68
1 260 369 -1949.68
1 260 404 -1949.68
1 260 443 -974.841
1 260 454 -974.841
1 260 485 -974.841
1 260 486 -1949.68
1 260 487 -974.841
1 260 492 -974.841
1 260 499 -974.841
1 260 502 -1949.68
1 260 517 -974.841
1 260 527 -974.841
1 260 545 -2924.52
1 260 548 -974.841
1 260 554 -974.841
1 260 556 -974.841
1 260 567 -974.841
1 260 576 -974.841
1 260 577 -974.841
1 261 397 -974.841
1 261 404 -974.841
1 261 444 -974.841
1 261 483 -974.841
1 261 487 -974.841
1 261 501 -974.841
1 261 502 -974.841
1 261 545 -974.841
1 261 551 -974.841
1 261 552 -974.841
1 261 565 -974.841
1 262 254 -974.841
1 262 353 -1949.68
1 262 369 -974.841
1 262 425 -974.841
1 262 443 -974.841
1 262 458 -974.841
1 262 483 -1949.68
1 262 493 -974.841
1 262 501 -974.841
1 262 502 -974.841
1 262 523 -974.841
1 262 524 -974.841
1 262 535 -974.841
1 262 536 -974.841
1 262 537 -974.841
1 262 542 -974.841
1 262 546 -974.841
1 262 584 -974.841
1 262 587 -974.841
1 263 355 -974.841
1 263 415 -974.841
1 263 484 -974.841
1 263 493 -974.841
1 263 509 -974.841
1 263 522 -974.841
1 263 523 -1949.68
1 263 524 -1949.68
1 263 541 -1949.68
1 263 542 -974.841
1 263 543 -974.841
1 263 546 -1949.68
1 263 576 -974.841
1 263 579 -974.841
1 263 581 -3899.37
1 264 369 -974.841
1 264 379 -1037.37
1 264 481 -974.841
1 264 482 -974.841
1 264 493 -974.841
1 264 503 -974.841
1 264 504 -974.841
1 264 516 -974.841
1 264 521 -2924.52
1 264 527 -974.841
1 264 543 -3899.37
1 264 568 -974.841
1 264 575 -974.841
1 264 576 -1949.68
1 265 336 -974.841
1 265 367 -1982.03
1 265 457 -974.841
1 265 459 -974.841
1 265 511 -974.841
1 265 516 -974.841
1 265 520 -974.841
1 265 524 -1236.73
1 265 568 -1949.68
1 266 314 -974.841
1 266 413 -974.841
1 266 456 -974.841
1 266 478 -974.841
1 266 481 -974.841
1 266 483 -974.841
1 266 484 -974.841
1 266 485 -974.841
1 266 492 -974.841
1 266 498 -974.841
1 266 505 -974.841
1 266 518 -974.841
1 266 523 -974.841
1 266 543 -974.841
1 266 545 -974.841
1 266 549 -974.841
1 266 555 -974.841
1 267 337 -974.841
1 267 365 -974.841
1 267 381 -974.841
1 267 459 -974.841
1 267 460 -1949.68
1 267 505 -974.841
1 267 507 -974.841
1 267 543 -974.841
1 267 544 -1949.68
1 267 549 -974.841
1 267 553 -2924.52
1 267 562 -974.841
1 268 507 -1949.68
1 268 540 -974.841
1 268 541 -974.841
1 268 542 -1949.68
1 268 543 -3899.37
1 268 544 -1949.68
1 268 549 -974.841
1 268 551 -974.841
1 268 552 -974.841
1 268 553 -974.841
1 269 362 -974.841
1 269 505 -1949.68
1 269 507 -974.841
1 269 528 -974.841
1 269 543 -974.841
1 269 547 -1949.68
1 270 474 -974.841
1 270 475 -1949.68
1 270 479 -974.841
1 270 491 -974.841
1 270 504 -974.841
1 270 507 -974.841
1 270 526 -974.841
1 271 375 -974.841
1 271 388 -974.841
1 271 479 -974.841
1 271 481 -974.841
1 271 487 -974.841
1 271 491 -974.841
1 271 526 -974.841
1 272 469 -974.841
1 272 493 -974.841
1 272 495 -1949.68
1 272 496 -974.841
1 272 502 -974.841
1 272 526 -2924.52
1 273 441 -974.841
1 273 462 -974.841
1 273 526 -974.841
1 275 463 -974.841
1 275 480 -974.841
1 275 502 -974.841
1 275 504 -974.841
1 276 502 -974.841
1 277 393 -974.841
1 279 459 -974.841
1 280 563 -974.841
1 282 434 -974.841
1 282 435 -1488.32
1 283 461 -974.841
1 283 482 -974.841
1 283 483 -974.841
1 285 437 -974.841
1 285 482 -974.841
1 285 483 -974.841
1 286 377 -974.841
1 286 464 -974.841
1 288 469 -974.841
1 289 362 -974.841
1 289 443 -974.841
1 292 358 -974.841
1 293 390 -2924.52
1 293 391 -974.841
1 296 390 -974.841
1 301 359 -974.841
1 301 378 -974.841
1 85 106 -974.841
1 92 112 -1949.68
1 93 117 -974.841
1 97 89 -974.841
1 98 101 -974.841
1 99 126 -974.841
1 99 136 -974.841
1 147 119 -9171.49
1 156 158 -30913.5
1 170 169 -7323.15
1 199 225 -98.3613
1 210 300 -4149.44
1 234 285 -8563.05
1 244 234 -27240.4
1 259 541 -33.7239
1 267 479 -1129.95
1 271 361 -296.814
1 272 454 -50.195
1 291 453 -54528.8
1 299 360 -12698.4
1 140 173 -22482.6
1 141 124 -8206.14
1 142 121 -120.844
1 157 190 -8.71344
1 164 258 -6541.03
1 172 162 -3394.87
1 173 196 -223.37599999999998
1 203 296 -22981.1
1 214 174 -10741.2
1 218 173 -10917.7
1 256 333 -4.21548
1 262 350 -328.80800000000005
1 267 346 -6659.06
1 269 347 -32043.3
1 271 470 -1486.26
1 274 431 -2193910.0
1 285 357 -168.61900000000003
1 293 378 -5132.13
1 144 130 -820.045
1 154 128 -333.023
1 162 171 -49.1806
1 167 163 -15456.8
1 174 182 -21047.9
1 175 178 -533.961
1 188 287 -163.887
1 189 206 -27.5083
1 222 266 -7085.76
1 225 248 -639.3480000000001
1 226 361 -12189.8
1 237 292 -35033.5
1 238 244 -2852.48
1 245 243 -18472.2
1 248 238 -47.7755
1 256 342 -30913.5
1 266 345 -8286.24
1 271 268 -7434.71
1 274 278 -1828.11
1 295 392 -417.973
1 296 391 -851.872
1 140 166 -3598.68
1 141 165 -12.862
1 146 150 -21077.4
1 146 180 -2167.36
1 147 148 -22482.6
1 149 181 -1970.23
1 150 183 -6480.95
1 150 186 -3957.33
1 151 211 -3297.8
1 152 180 -8998.86
1 158 173 -73.327
1 164 124 -331.17800000000005
1 165 167 -8267.84
1 170 115 -2394.26
1 184 210 -18945.8
1 209 273 -2966.97
1 211 296 -3616.89
1 213 270 -1964.04
1 224 287 -0.341075
1 227 344 -57.6116
1 230 352 -1222.71
1 231 270 -16904.1
1 236 320 -25292.9
1 236 342 -5510.71
1 236 344 -0.0426344
1 240 337 -2141.44
1 240 357 -2391.11
1 244 333 -3170.1
1 246 332 -21.0774
1 263 344 -13.3872
1 265 517 -92.8434
1 267 321 -9226.29
1 267 428 -8084.23
1 271 355 -5070.42
1 277 371 -7217.02
1 284 333 -5.2611
1 289 371 -0.862456
1 296 358 -54801.3
1 297 356 -3045.04
1 142 117 -108730.0
1 145 116 -103.98200000000001
1 146 146 -2973.87
1 155 116 -150.218
1 161 185 -6366.79
1 183 232 -14.0516
1 211 195 -1207.74
1 221 339 -8345.13
1 222 324 -2875.01
1 248 344 -5620.65
1 263 345 -18884.0
1 263 427 -91.1102
1 263 570 -102.977
1 265 414 -0.6917409999999999
1 286 302 -1374.25
1 293 357 -12136.4
1 295 362 -2317.37
1 297 439 -2008850.0
1 150 118 -1029.44
1 150 121 -5119.7
1 150 127 -24.5344
1 153 123 -94.1458
1 156 124 -42.1548
1 158 138 -141.408
1 160 139 -346.605
1 181 126 -12030.6
1 189 126 -13223.5
1 215 296 -3695.57
1 224 257 -626.4209999999999
1 281 445 -29.226
1 189 195 -5198.25
1 190 250 -3078.76
1 192 197 -12948.0
1 210 253 -1221.09
1 217 236 -11138.7
1 245 324 -6379.43
1 247 330 -1.72491
1 270 480 -113.97399999999999
1 272 486 -0.152397
1 148 166 -2662.21
1 188 204 -6593.0
1 203 340 -487.374
1 206 281 -1837.95
1 208 226 -7031.4
1 211 266 -51984.6
1 213 276 -13802.3
1 214 274 -20593.3
1 220 278 -154187.0
1 223 372 -1433.96
1 236 317 -40749.7
1 239 385 -7968.15
1 239 406 -381.773
1 239 416 -7.02902
1 241 238 -4935.66
1 245 408 -9934.49
1 246 320 -4073.56
1 248 454 -1918.95
1 259 351 -3223.86
1 262 585 -375.17800000000005
1 265 360 -30678.1
1 267 449 -1183.09
1 269 360 -9400.77
1 273 521 -8941.08
1 274 327 -383.411
1 274 521 -10.6612
1 275 465 -67.7028
1 290 322 -36750.9
1 292 458 -24433.4
1 156 122 -28.1032
1 258 337 -18.2049
1 259 439 -312.64
1 268 484 -11.9631
1 173 183 -19877.4
1 257 342 -168.61900000000003
1 251 286 -9793.97
1 261 570 -2232.42
1 264 441 -53.1273
1 294 356 -6.89965
1 144 132 -2.00736
1 144 189 -3031.82
1 154 122 -247.308
1 183 124 -7015.58
1 186 125 -1844.1
1 204 300 -36.2663
1 226 375 -277819.0
1 238 302 -10824.3
1 244 321 -28791.8
1 245 406 -1494.25
1 248 593 -205.15400000000002
1 256 443 -906.576
1 258 339 -1899.56
1 258 416 -106.08200000000001
1 259 414 -1497.75
1 263 583 -661.547
1 266 470 -440.284
1 269 482 -297.499
1 270 476 -2400.65
1 273 523 -269877.0
1 275 479 -8808.33
1 291 374 -3.91028
1 297 388 -1591.66
1 298 384 -0.536428
1 204 299 -351.29
1 221 300 -39.2237
1 239 400 -21.843000000000004
1 272 494 -338.152
1 225 289 -3489.63
1 226 330 -32022.2
1 244 430 -852.933
1 247 342 -159.511
1 253 427 -10071.3
1 253 443 -570.601
1 254 442 -5234.76
1 254 444 -427.16900000000004
1 254 445 -1.7135900000000002
1 256 445 -3537.36
1 261 346 -189.202
1 261 369 -272.536
1 270 319 -30401.6
1 271 471 -226.65400000000002
1 271 489 -582.158
1 272 371 -286.422
1 275 371 -1337.91
1 262 394 -1422630.0
1 167 168 -5870.08
1 157 122 -663.212
1 211 313 -44.5027
1 212 315 -306.952
1 214 287 -220.358
1 224 372 -2202.71
1 246 609 -2025.48
1 247 590 -4471.22
1 255 446 -646.411
1 270 482 -134.586
1 276 386 -1749.92
1 281 446 -470.039
1 284 406 -1627.46
1 291 458 -71.4114
1 295 390 -567.685
1 297 384 -187.422
1 297 387 -81.9846
1 145 147 -52.8255
1 257 443 -650.7230000000001
1 194 320 -63.7943
1 196 299 -0.876418
1 234 400 -23.8877
1 240 386 -159.235
1 241 353 -5.83462
1 244 330 -1511.35
1 253 400 -170.861
1 254 400 -51.5188
1 255 373 -176.804
1 261 362 -35076.1
1 262 441 -12.5444
1 263 353 -6.632289999999999
1 276 469 -21.1302
1 276 484 -117.11200000000001
1 277 429 -1206.07
1 282 451 -1489.46
1 279 477 -66.1334
1 207 193 -20084.0
1 145 139 -1261.13
1 206 299 -17.4647
1 239 305 -1121.19
1 261 461 -113.068
1 289 412 -15.2715
1 183 311 -1941.48
1 220 175 -11292.9
1 244 355 -31396.9
1 245 261 -14196.3
1 290 355 -100844.0
1 264 474 -2.458
1 149 125 -2169.57
1 201 297 -47.6536
1 207 298 -16.861
1 232 373 -36.7838
1 233 392 -170.235
1 234 236 -3053.53
1 235 390 -259.005
1 236 398 -466.087
1 237 390 -112.084
1 237 399 -132.30100000000002
1 241 374 -78.2769
1 248 606 -203.851
1 249 411 -203.755
1 253 418 -133.466
1 253 442 -1000.88
1 258 597 -233.51
1 259 428 -320.834
1 263 467 -69150.0
1 263 468 -9358.95
1 281 429 -712.615
1 284 436 -3018.6
1 296 414 -35.0765
1 144 126 -299.58
1 146 126 -5134.46
1 147 130 -1610.57
1 148 141 -12751.8
1 223 371 -696.175
1 257 456 -837.6610000000001
1 160 142 -6.4078599999999994
1 247 419 -1592.09
1 272 448 -9590.95
1 257 602 -213.803
1 176 219 -60.6223
1 209 228 -16.8619
1 256 590 -19.4484
1 261 581 -70.6375
1 241 405 -470.091
1 251 362 -3860.35
1 271 484 -114.60799999999999
1 235 358 -530.405
1 240 422 -34.55
1 254 368 -3652.5
1 269 477 -4312.04
1 290 463 -10384.0
1 175 246 -0.876418
1 231 201 -14661.5
1 282 445 -1.62142
1 255 399 -608.4630000000001
1 267 483 -924.2080000000001
1 273 513 -0.304794
1 243 350 -7907.43
1 244 406 -2.15614
1 288 370 -207.56799999999998
1 162 138 -1.499
1 164 144 -42.6821
1 218 352 -1773.64
1 259 459 -252.929
1 251 431 -2349.55
1 292 373 -16.655
1 265 476 -38.8105
1 251 330 -173.606
1 235 401 -11.3844
1 274 481 -67.8753
1 271 480 -17.3354
1 286 460 -99.7703
1 259 438 -19.6723
1 272 492 -43.306999999999995
1 243 423 -18.2671
1 271 535 -313.89099999999996
1 244 609 -26.2618
1 160 144 -79.7964
1 271 517 -1630.04
1 228 357 -125.35799999999999
1 268 481 -38.8105
1 249 326 -60.2234
1 212 180 -6210.81
1 271 536 -321.428
1 217 228 -556.284
1 166 141 -1379.15
1 252 431 -1279.24
1 174 184 -316.52099999999996
1 251 443 -1334.1
1 250 444 -394.611
1 197 178 -532.806
1 226 368 -691.4789999999999
1 237 397 -2378.65
1 252 401 -4424.83
1 201 299 -12434.2
1 277 382 -86584.6
1 258 419 -670563.0
1 261 540 -143.326
