1 62 1 3798.3
1 61 2 3770.7
1 60 3 3749.7
1 59 4 3733.5
1 58 5 3721.5
1 57 6 3713.4
1 56 7 3709.2
1 55 8 3709.0
1 54 9 3713.4
1 53 10 3722.5
1 52 11 3736.7
1 51 12 3755.5
1 49 13 3767.8
1 50 13 3777.1
1 48 14 3789.3
1 47 15 3784.5
1 46 16 3776.7
1 45 17 3766.9
1 45 18 3767.6
1 45 19 3768.3
1 44 20 3756.4
1 44 21 3756.2
1 44 22 3755.5
1 44 23 3754.2
1 44 24 3752.2
1 44 25 3749.4
1 44 26 3745.6
1 44 27 3740.7
1 44 28 3734.5
1 44 29 3727.0
1 44 30 3717.9
1 44 31 3707.0
1 44 32 3694.2
1 44 33 3679.1
1 44 34 3661.5
1 44 35 3641.1
1 44 36 3617.4
1 44 37 3589.8
1 44 38 3557.8
1 44 39 3520.3
1 44 40 3476.1
1 44 41 3422.8
1 43 42 3304.0
1 43 43 3265.0
1 43 44 3203.3
1 42 45 3052.1
1 42 46 2997.6
1 40 47 2765.7
1 41 47 2812.0
1 40 48 2729.6
1 40 49 2663.5
1 40 50 2567.6
1 35 78 4859.7
1 35 79 4888.1
1 34 80 4945.1
1 33 81 5025.5
1 32 82 5089.1
1 31 83 5102.5
1 30 84 5114.2
1 29 85 5123.1
1 28 86 5145.4
1 27 87 5164.2
1 26 88 5190.3
1 25 89 5217.8
1 25 90 5254.2
1 24 91 5241.3
1 24 92 5256.5
1 24 93 5293.6
1 24 94 5330.6
1 23 95 5345.7
1 23 96 5386.0
1 23 97 5422.3
1 22 98 5430.3
1 22 99 5471.4
1 22 100 5508.4
1 22 101 5545.7
1 21 102 5566.0
1 21 103 5611.1
1 20 104 5633.2
1 20 105 5675.7
1 19 106 5707.7
1 19 107 5752.1
1 18 108 5788.7
1 18 109 5828.5
1 17 110 5747.7
1 17 111 5758.8
1 17 112 5868.1
1 65 109 6030.5
1 66 109 6027.0
1 67 109 5976.4
1 68 109 5941.6
1 69 109 5951.1
1 62 110 5964.5
1 63 110 6002.2
1 64 110 6023.1
1 70 110 6040.0
1 60 111 5859.4
1 61 111 5880.9
1 71 111 6106.0
1 37 112 5647.1
1 38 112 5707.3
1 39 112 5768.9
1 40 112 5814.4
1 41 112 5851.4
1 42 112 5873.4
1 43 112 5884.6
1 44 112 5893.7
1 45 112 5900.9
1 46 112 5910.4
1 47 112 5919.3
1 48 112 5936.9
1 55 112 5739.6
1 56 112 5761.3
1 57 112 5778.4
1 58 112 5795.2
1 59 112 5810.1
1 72 112 6143.0
1 16 113 5956.8
1 33 113 5631.7
1 34 113 5615.1
1 35 113 5599.2
1 36 113 5578.7
1 49 113 5930.6
1 50 113 5908.4
1 51 113 5855.3
1 52 113 5800.7
1 53 113 5744.1
1 54 113 5707.4
1 73 113 6175.3
1 16 114 6015.9
1 29 114 5721.3
1 30 114 5696.1
1 31 114 5668.3
1 32 114 5633.3
1 74 114 6198.4
1 75 114 6202.5
1 16 115 6072.6
1 25 115 5833.0
1 26 115 5810.2
1 27 115 5781.0
1 28 115 5741.0
1 76 115 6234.3
1 16 116 6127.9
1 21 116 5975.7
1 22 116 5990.6
1 23 116 5903.4
1 24 116 5863.2
1 77 116 6249.5
1 78 116 6247.6
1 79 116 6260.2
1 16 117 6182.1
1 20 117 6023.7
1 80 117 6281.1
1 81 117 6279.2
1 82 117 6258.6
1 83 117 6231.1
1 84 117 6202.0
1 16 118 6219.5
1 17 118 6185.7
1 18 118 6138.6
1 19 118 6085.1
1 85 118 6131.5
1 85 119 6089.7
1 86 120 6072.5
1 86 121 6095.2
1 86 122 6120.0
1 86 123 6137.3
1 86 124 6149.7
1 86 125 6159.3
1 86 126 6166.4
1 86 127 6170.1
1 86 128 6170.7
1 86 129 6169.0
1 86 130 6166.3
1 86 131 6162.1
1 86 132 6155.2
1 86 133 6146.5
1 86 134 6134.7
1 86 135 6118.8
1 86 136 6099.7
1 85 137 6050.6
1 85 138 6037.7
1 84 139 6032.8
1 83 140 6073.8
1 82 141 6157.7
1 82 142 6174.0
1 81 143 6226.7
1 80 144 6287.2
1 79 145 6356.2
1 78 146 6419.8
1 77 147 6487.1
1 76 148 6559.0
1 75 149 6636.4
1 75 150 6700.7
1 75 151 6761.3
1 75 152 6821.9
1 75 153 6868.8
1 76 154 6862.0
1 77 154 6849.2
1 78 154 6839.0
1 79 155 6827.7
1 80 155 6815.1
1 81 156 6797.5
1 82 157 6771.0
1 82 158 6748.6
1 83 158 6734.5
1 84 159 6704.6
1 84 160 6676.8
1 84 161 6652.4
1 84 162 6628.5
1 85 163 6603.4
1 86 164 6574.0
1 87 165 6537.0
1 88 166 6502.2
1 89 167 6468.6
1 90 168 6387.2
1 90 169 6337.2
1 91 170 6269.8
1 92 171 6198.4
1 93 172 6167.7
1 94 173 6141.2
1 94 174 6138.8
1 95 175 6123.4
1 95 176 6109.0
1 95 177 6113.7
1 95 178 6120.7
1 95 179 6126.0
1 96 180 5954.7
1 97 181 5971.7
1 98 182 5989.2
1 99 183 6006.7
1 100 184 6022.5
1 101 185 6037.9
1 102 185 6046.3
1 103 185 6061.9
1 104 186 6096.3
1 105 186 6097.4
1 106 187 6100.6
1 107 188 6096.4
1 108 189 5914.1
1 108 190 5916.1
1 108 191 5917.1
1 108 192 5916.7
1 108 193 5912.5
1 107 194 5707.4
1 107 195 5703.4
1 107 196 5695.6
1 107 197 5685.3
1 107 198 5673.3
1 106 199 5634.9
1 106 200 5622.0
1 105 201 5576.1
1 105 202 5562.9
1 104 203 5522.4
1 104 204 5513.7
1 104 205 5498.7
1 104 206 5477.3
1 104 207 5444.2
1 98 208 5460.6
1 99 208 5470.7
1 100 208 5483.1
1 101 208 5496.0
1 102 208 5513.7
1 103 208 5542.4
1 97 209 5451.3
1 97 210 5450.1
1 97 211 5446.0
1 97 212 5440.7
1 96 213 5424.1
1 95 214 5416.7
1 95 215 5415.4
1 94 216 5408.0
1 94 217 5407.1
1 94 218 5406.4
1 95 219 5410.6
1 96 220 5414.1
1 97 221 5418.0
1 97 222 5416.9
1 98 223 5420.2
1 98 224 5418.8
1 99 225 5422.9
1 99 226 5421.0
1 100 227 5242.1
1 128 227 5398.5
1 129 227 5461.6
1 101 228 5248.0
1 107 228 5142.9
1 108 228 5167.8
1 109 228 5196.4
1 110 228 5228.4
1 111 228 5263.1
1 125 228 5283.4
1 126 228 5309.8
1 127 228 5318.0
1 130 228 5187.6
1 131 228 5194.1
1 132 228 5188.2
1 133 228 5189.3
1 134 228 5195.5
1 135 228 5209.9
1 136 228 5226.9
1 137 228 5240.2
1 138 228 5267.0
1 102 229 5252.8
1 106 229 5280.7
1 112 229 5117.3
1 118 229 5143.6
1 119 229 5162.0
1 120 229 5177.9
1 121 229 5192.0
1 122 229 5203.3
1 123 229 5212.7
1 124 229 5215.2
1 139 229 5340.3
1 103 230 5256.3
1 104 230 5258.9
1 105 230 5261.9
1 113 230 5133.9
1 114 230 5125.4
1 115 230 5121.1
1 116 230 5118.6
1 117 230 5110.7
1 140 230 5307.1
1 139 231 5374.7
1 137 232 5411.3
1 138 232 5410.6
1 136 233 5414.6
1 135 234 5407.4
1 133 235 5374.7
1 134 235 5388.0
1 132 236 5357.8
1 130 237 5314.5
1 131 237 5329.7
1 129 238 5303.3
1 128 239 5287.2
1 127 240 5267.3
1 127 241 5257.5
1 127 242 5244.6
1 128 243 5252.9
1 129 244 5251.2
1 129 245 5238.5
1 130 246 5234.7
1 131 246 5233.6
1 132 246 5236.5
1 133 246 5245.8
1 134 246 5263.2
1 135 246 5289.6
1 136 246 5316.8
1 137 246 5336.8
1 138 246 5358.8
1 139 247 5409.5
1 140 247 5434.0
1 141 247 5471.5
1 142 247 5514.8
1 143 248 5577.8
1 144 249 5671.3
1 144 250 5698.1
1 145 251 5749.9
1 145 252 5775.5
1 145 253 5795.8
1 146 254 5829.1
1 146 255 5826.5
1 146 256 5820.5
1 146 257 5812.6
1 146 258 5802.4
1 146 259 5790.6
1 146 260 5777.2
1 146 261 5764.9
1 146 262 5751.7
1 146 263 5738.5
1 146 264 5728.4
1 146 265 0.0
1 147 266 5482.8
1 147 267 5453.7
1 147 268 5428.8
1 147 269 5389.1
1 147 270 5356.1
1 148 271 5306.0
1 148 272 5279.2
1 148 273 5252.1
1 148 274 5230.3
1 149 274 5215.4
1 149 275 5175.8
1 149 276 5143.6
1 149 277 5091.0
1 149 278 5036.4
1 150 279 5132.7
1 150 280 5087.7
1 150 281 5046.5
1 150 282 5016.2
1 151 283 4932.5
1 151 284 4888.7
1 151 285 4855.4
1 152 286 4761.4
1 152 287 4706.8
1 152 288 4662.5
1 152 289 4628.0
1 153 290 4722.8
1 153 291 4696.3
1 153 292 4704.2
1 154 293 4715.0
1 154 294 4726.6
1 154 295 4736.1
1 154 296 4742.2
1 155 297 4760.1
1 155 298 4763.9
1 156 299 4586.8
1 157 299 4593.1
1 158 299 4602.6
1 159 299 4615.1
1 160 299 4631.1
1 161 299 4650.5
1 162 300 4681.7
1 162 301 4684.5
1 162 302 4683.6
1 162 303 4681.0
1 162 304 4678.3
1 163 305 4857.4
1 163 306 4848.4
1 163 307 4838.6
1 163 308 4829.3
1 163 309 4823.2
1 164 310 5039.4
1 165 311 5081.0
1 166 312 5152.7
1 167 313 5211.3
1 168 314 5244.2
1 168 315 5076.7
1 168 316 5081.0
1 169 316 5088.5
1 169 317 5094.3
1 170 317 5104.1
1 171 318 5105.2
1 171 319 5081.8
1 172 320 5033.9
1 172 321 4986.4
1 172 322 4938.1
1 172 323 4887.1
1 172 324 4847.4
1 173 325 4845.9
1 173 326 4849.5
1 173 327 4851.3
1 174 328 4860.7
1 174 329 4862.3
1 174 330 4863.3
1 175 331 4867.8
1 176 331 4871.8
1 177 331 4877.7
1 178 332 4887.1
1 179 333 4889.7
1 179 334 4886.6
1 179 335 4883.5
1 180 336 4881.0
1 181 337 4872.5
1 181 338 4867.8
1 187 338 4741.0
1 188 338 4762.1
1 189 338 4779.7
1 190 338 4793.4
1 182 339 4858.5
1 186 339 4873.5
1 191 339 4797.0
1 192 339 5216.0
1 182 340 4852.5
1 186 340 4857.8
1 193 340 5215.3
1 182 341 4848.9
1 186 341 4847.8
1 194 341 5215.2
1 195 341 5216.8
1 183 342 4845.3
1 184 342 4845.1
1 185 342 4844.6
1 186 342 4843.5
1 196 342 5216.5
1 196 343 5214.4
1 197 344 5213.3
1 198 345 5210.9
1 199 346 5208.8
1 200 346 5210.4
1 201 346 5212.6
1 202 346 5214.7
1 203 346 5215.5
1 204 346 4490.26
1 205 347 5199.5
1 206 347 5193.3
1 207 348 5398.8
1 207 349 5496.1
1 207 350 5637.0
1 206 351 5696.9
1 205 352 5701.7
1 205 353 5706.2
1 205 354 5711.2
1 206 355 5734.1
1 206 356 5742.3
1 207 357 5767.0
1 208 357 5784.2
1 209 358 5465.4
1 210 359 5522.7
1 211 359 5550.7
1 212 360 5470.5
1 212 361 5507.7
1 208 362 5529.9
1 209 362 5534.6
1 210 362 5541.7
1 211 362 5547.4
1 207 363 5526.1
1 206 364 5520.7
1 206 365 5522.0
1 206 366 5522.2
1 206 367 5521.4
1 206 368 5520.4
1 206 369 5519.2
1 207 369 5525.6
1 208 369 5542.1
1 209 369 5563.8
1 210 369 5588.2
1 211 369 5618.5
1 212 369 5654.9
1 213 369 5699.1
1 214 370 5595.6
1 215 370 5629.4
1 216 372 5626.7
1 214 373 5263.1
1 215 373 5351.3
1 214 374 5220.0
1 213 375 5270.2
1 212 376 5247.8
1 211 377 5194.7
1 211 378 5183.6
1 211 379 5178.1
1 211 380 5180.2
1 211 381 5189.3
1 211 382 5243.7
1 211 383 5293.5
1 212 384 45000.0
1 212 385 45000.0
1 212 386 45000.0
1 212 387 45000.0
1 212 388 45000.0
1 212 389 45000.0
1 212 390 45000.0
1 212 391 45000.0
1 212 392 45000.0
1 212 393 45000.0
1 213 394 45000.0
1 213 395 45000.0
1 213 396 45000.0
1 213 397 45000.0
1 213 398 45000.0
1 213 399 45000.0
1 213 400 45000.0
1 213 401 45000.0
1 213 402 45000.0
1 214 403 45000.0
1 214 404 45000.0
1 214 405 45000.0
1 214 406 45000.0
1 214 407 45000.0
1 214 409 45000.0
1 214 410 45000.0
1 214 411 45000.0
1 214 412 45000.0
1 214 413 45000.0
1 214 414 45000.0
1 214 415 45000.0
1 215 416 45000.0
1 215 417 45000.0
1 227 417 45000.0
1 228 417 45000.0
1 229 417 45000.0
1 216 418 45000.0
1 226 418 45000.0
1 230 418 45000.0
1 217 419 45000.0
1 218 419 45000.0
1 219 419 45000.0
1 220 419 45000.0
1 221 419 45000.0
1 222 419 45000.0
1 223 419 45000.0
1 224 419 45000.0
1 225 419 45000.0
1 229 419 45000.0
1 229 420 45000.0
1 226 421 45000.0
1 227 421 45000.0
1 228 421 45000.0
1 224 422 45000.0
1 225 422 45000.0
1 224 423 45000.0
1 224 424 45000.0
1 225 424 45000.0
1 226 424 45000.0
1 227 424 45000.0
1 228 424 45000.0
1 229 425 45000.0
1 229 426 45000.0
1 229 427 45000.0
1 229 428 45000.0
1 229 429 45000.0
1 228 430 45000.0
1 228 431 45000.0
1 228 432 45000.0
1 228 433 45000.0
1 228 434 45000.0
1 228 435 45000.0
1 229 435 45000.0
1 230 436 45000.0
1 230 437 45000.0
1 230 438 45000.0
1 230 439 45000.0
1 230 440 45000.0
1 230 441 45000.0
1 230 442 45000.0
1 230 443 45000.0
1 230 444 45000.0
1 230 445 45000.0
1 230 446 45000.0
1 230 447 45000.0
1 230 448 45000.0
1 230 449 45000.0
1 230 450 45000.0
1 230 451 45000.0
1 230 452 45000.0
1 230 453 45000.0
1 230 454 45000.0
1 230 455 45000.0
1 230 456 45000.0
1 231 457 45000.0
1 231 458 45000.0
1 231 459 45000.0
1 231 460 45000.0
1 232 461 45000.0
1 232 462 45000.0
1 232 463 45000.0
1 232 464 45000.0
1 233 464 45000.0
1 234 464 45000.0
1 235 464 45000.0
1 236 464 45000.0
1 237 464 45000.0
1 238 464 45000.0
1 239 465 45000.0
1 239 466 45000.0
1 239 467 5337.1
1 238 468 5337.1
1 238 469 5337.1
1 238 470 5337.1
1 239 471 5337.1
1 240 471 5337.1
1 241 472 5337.1
1 242 472 5337.1
1 243 472 5337.1
1 244 473 5337.1
1 245 474 5337.1
1 246 475 5337.1
1 246 476 5337.1
1 246 477 5337.1
1 246 478 5337.1
1 246 479 5337.1
1 246 480 5337.1
1 245 481 5337.1
1 245 482 5337.1
1 244 483 5337.1
1 243 484 5337.1
1 243 485 5337.1
1 243 486 5337.1
1 243 487 5337.1
1 243 488 5337.1
1 243 489 5337.1
1 242 490 5337.1
1 242 491 5337.1
1 241 492 5337.1
1 241 493 5337.1
1 240 494 5337.1
1 239 495 5337.1
1 238 496 5337.1
1 235 497 5337.1
1 236 497 5337.1
1 237 497 5337.1
1 233 498 5337.1
1 234 498 5337.1
1 233 499 5337.1
1 232 500 5337.1
1 231 501 5337.1
1 231 502 5337.1
1 231 503 5337.1
1 231 504 5337.1
1 231 505 5337.1
1 231 506 5337.1
1 231 507 5337.1
1 231 508 5337.1
1 231 509 5337.1
1 231 510 5337.1
1 231 511 5337.1
1 231 512 5337.1
1 231 513 5337.1
1 231 514 5337.1
1 231 515 5337.1
1 232 516 5337.1
1 232 517 5337.1
1 232 518 5337.1
1 233 519 5337.1
1 233 520 5337.1
1 233 521 5337.1
1 234 522 5337.1
1 234 523 5337.1
1 235 524 5337.1
1 235 525 5337.1
1 236 525 5337.1
1 237 525 5337.1
1 238 525 5337.1
1 239 526 5337.1
1 239 527 5337.1
1 240 528 5437.9
1 240 529 5453.1
1 241 530 5519.7
1 241 531 5549.7
1 241 532 5566.6
1 241 533 5578.1
1 241 534 5586.4
1 242 535 5064.8
1 242 536 5076.1
1 243 536 5094.1
1 244 536 5126.6
1 245 536 5155.2
1 246 537 5210.6
1 246 538 5227.7
1 247 539 5267.6
1 248 540 5303.1
1 249 540 5315.2
1 250 540 5331.6
1 251 541 5365.2
1 250 544 5398.8
1 251 544 5401.1
1 245 545 5344.2
1 246 545 5355.4
1 247 545 5374.0
1 248 545 5387.7
1 249 545 5393.2
1 243 546 5317.7
1 244 546 5321.7
1 243 547 5318.4
1 242 548 5314.5
1 242 549 5314.8
1 241 550 5308.6
1 241 551 5306.9
1 240 552 5296.5
1 239 553 5285.5
1 238 554 0.0
1 237 555 5249.9
1 236 556 5248.8
1 236 557 5248.8
1 232 558 5189.1
1 233 558 5186.1
1 234 558 5193.8
1 235 558 5197.3
1 232 559 5201.2
1 231 560 5201.4
1 231 561 5209.8
1 231 562 5216.5
1 231 563 5221.6
1 231 564 5222.9
1 230 565 5389.7
1 230 566 5382.9
1 230 567 5372.0
1 230 568 5359.6
1 215 371 5678.1
1 39 51 6043.2
1 39 52 5967.8
1 38 53 5714.5
1 38 54 5641.8
1 37 55 5375.6
1 36 56 5152.8
1 35 57 4950.0
1 35 58 4889.0
1 35 59 4787.7
1 35 60 8397.7
1 35 61 8262.3
1 35 62 8125.5
1 35 63 7985.2
1 35 64 7841.2
1 35 65 7693.4
1 35 66 7542.6
1 35 67 7395.4
1 35 68 7276.3
1 36 69 10770.0
1 36 70 10502.6
1 36 71 10250.3
1 36 72 10007.1
1 36 73 9772.1
1 36 74 9559.1
1 36 75 9377.7
1 36 76 9287.9
1 36 77 9255.2
1 230 569 5347.0
1 230 570 5333.5
1 230 571 5317.4
1 230 572 5306.0
1 230 573 5316.9
1 230 574 5332.4
1 230 575 5342.6
1 230 576 5344.7
1 230 577 5179.6
1 230 578 5212.8
1 230 579 5245.9
1 230 580 5275.3
1 230 581 5278.4
1 230 582 5283.8
1 230 583 5286.3
1 230 584 5285.4
1 230 585 5282.0
1 230 586 5277.4
1 230 587 5271.3
1 230 588 5267.4
1 229 589 5251.5
1 229 590 5242.2
1 228 591 5219.5
1 228 592 5203.8
1 228 593 5186.5
1 228 594 5164.3
1 227 595 5120.1
1 227 596 5096.9
1 227 597 5068.8
1 227 598 5035.6
1 227 599 4786.4
1 226 600 4700.2
1 226 601 4698.2
1 226 602 4696.9
1 226 603 4697.6
1 225 604 4268.5
1 224 605 4268.5
1 223 606 4290.4
1 222 607 4310.8
1 223 605 4275.0
1 114 114 -7986.0
1 117 120 -676.242
1 129 121 -4356.0
1 130 122 -676.242
1 133 112 -37606.8
1 135 194 -1257.04
1 143 126 -15536.4
1 143 172 -5662.8
1 143 190 -13939.2
1 144 166 -6098.4
1 144 172 -2758.8
1 144 182 -17569.2
1 144 190 -10454.4
1 146 117 -11035.2
1 147 132 -3339.6
1 147 145 -1111.84
1 148 167 -9873.6
1 148 176 -676.242
1 148 196 -5808.0
1 150 141 -3775.2
1 150 198 -8712.0
1 151 142 -21925.2
1 151 195 -8131.2
1 152 125 -676.242
1 152 132 -181015.0
1 153 192 -13503.6
1 154 125 -290.4
1 154 171 -2418.64
1 155 112 -12922.8
1 156 129 -175547.0
1 157 135 -1352.48
1 157 140 -46609.2
1 158 133 -676.242
1 158 137 -8566.8
1 158 181 -20908.8
1 159 119 -46899.6
1 159 173 -15826.8
1 160 119 -3484.8
1 161 125 -290.4
1 161 188 -145.2
1 162 119 -726.0
1 162 121 -18295.2
1 162 128 -192680.0
1 162 132 -1742.4
1 162 167 -1597.2
1 162 169 -726.0
1 163 137 -2904.0
1 163 138 -4015.84
1 164 135 -1597.2
1 165 131 -435.6
1 167 125 -3194.4
1 167 259 -580.8
1 168 123 -4791.6
1 168 208 -10309.2
1 170 131 -8712.0
1 173 224 -4210.8
1 174 135 -2904.0
1 175 134 -13794.0
1 175 204 -7114.8
1 176 176 -1742.4
1 176 202 -145.2
1 177 133 -14520.0
1 177 211 -2613.6
1 178 164 -5808.0
1 179 181 -6824.4
1 179 183 -16552.8
1 179 210 -12051.6
1 180 208 -24974.4
1 183 184 -2613.6
1 184 246 -30492.0
1 187 200 -15536.4
1 187 281 -2613.6
1 188 209 -42688.8
1 188 240 -25555.2
1 188 258 -58515.6
1 190 281 -19456.8
1 191 191 -11616.0
1 191 281 -63307.2
1 193 256 -290.4
1 193 260 -22191.0
1 197 204 -5953.2
1 197 252 -2758.8
1 198 297 -435.6
1 198 298 -790.252
1 199 211 -5662.8
1 199 231 -142006.0
1 199 298 -676.242
1 200 298 -720.802
1 201 234 -1016.4
1 203 275 -45883.2
1 203 280 -6679.2
1 204 248 -14147.9
1 205 300 -721.582
1 206 196 -17278.8
1 206 286 -5808.0
1 206 300 -1369.86
1 210 264 -871.2
1 211 255 -26426.4
1 212 226 -9002.4
1 212 258 -26426.4
1 213 264 -290.4
1 214 240 -145.2
1 215 260 -21344.4
1 217 264 -7260.0
1 217 365 -580.8
1 218 179 -23667.6
1 219 310 -3775.2
1 221 223 -1016.4
1 221 246 -36445.2
1 221 284 -21892.7
1 222 352 -34015.9
1 222 369 -2178.0
1 223 271 -12051.6
1 224 374 -5656.03
1 226 350 -207.81
1 226 365 -2034.62
1 230 255 -31944.0
1 231 401 -676.242
1 232 364 -134.13
1 232 370 -5.67
1 233 337 -676.242
1 233 394 -1375.34
1 234 304 -4884.25
1 234 393 -726.332
1 235 367 -29730.6
1 235 400 -1887.6
1 235 605 -884.84
1 235 609 -5741.39
1 236 263 -61710.0
1 236 351 -11616.0
1 237 237 -5372.4
1 237 316 -24766.6
1 237 389 -676.242
1 238 221 -1452.0
1 238 605 -3396.18
1 238 609 -1352.48
1 239 426 -726.0
1 239 605 -3381.21
1 239 606 -2076.36
1 239 619 -5903.44
1 240 380 -819.722
1 240 426 -818.3919999999999
1 240 608 -2727.83
1 241 604 -722.182
1 242 311 -6751.06
1 243 371 -9322.71
1 243 389 -1161.6
1 243 422 -145.2
1 243 431 -96.25
1 243 605 -3381.21
1 244 431 -180.47
1 244 605 -4108.28
1 244 621 -3376.13
1 245 238 -9147.6
1 245 322 -6005.83
1 245 337 -676.242
1 245 370 -14.52
1 245 621 -676.242
1 246 321 -4110.24
1 246 618 -2088.79
1 247 344 -718.072
1 247 383 -8060.95
1 247 384 -2517060.0
1 248 251 -16420.4
1 248 424 -2468.4
1 248 436 -5227.2
1 248 442 -1161.6
1 248 444 -18305.8
1 248 589 -4646.4
1 249 373 -692.4119999999999
1 249 424 -676.242
1 249 430 -26018.7
1 249 436 -5941.84
1 249 443 -3387.02
1 249 606 -3424.92
1 250 326 -2790.81
1 250 424 -676.242
1 250 425 -1040790.0
1 250 431 -1947.28
1 250 595 -2196.35
1 251 356 -119341.0
1 251 408 -639.89
1 251 456 -1111.84
1 251 457 -8.42
1 251 594 -676.242
1 251 595 -984.062
1 251 596 -1480.19
1 252 230 -30782.4
1 252 285 -4356.0
1 252 329 -29833.1
1 252 450 -1161.6
1 252 595 -710.9119999999999
1 252 606 -696.722
1 253 331 -13118.5
1 253 332 -17833.0
1 253 416 -435.6
1 253 420 -13112.3
1 253 445 -5099.03
1 254 338 -1306.8
1 254 367 -22083.7
1 254 407 -111267.0
1 254 597 -676.242
1 254 607 -6629.44
1 255 381 -49368.0
1 255 383 -16407.6
1 255 388 -19747.2
1 255 395 -4791.6
1 255 420 -12342.0
1 255 439 -13503.6
1 255 443 -126578.0
1 255 595 -886.742
1 255 596 -704.452
1 255 606 -15922.2
1 255 609 -1352.48
1 256 314 -5538.84
1 256 335 -2758.8
1 256 341 -435.6
1 256 370 -75.75
1 256 413 -4065.6
1 256 586 -57287.9
1 256 593 -2850.17
1 257 238 -2613.6
1 257 324 -5294.65
1 257 413 -580.8
1 257 576 -4342.48
1 257 599 -77869.0
1 257 600 -123420.0
1 258 325 -57652.0
1 258 336 -2054.67
1 258 418 -1120.22
1 258 420 -134675.0
1 258 442 -854177.0
1 258 464 -2323.2
1 258 585 -4164.21
1 258 595 -1497.68
1 258 601 -53433.6
1 258 602 -20462.1
1 259 340 -1837.84
1 259 371 -10182.0
1 259 405 -23982.3
1 259 588 -32288.3
1 259 592 -676.242
1 259 593 -676.242
1 260 349 -871.2
1 260 407 -3706640.0
1 260 413 -224700.0
1 260 424 -166.29
1 260 461 -2758.8
1 260 463 -27588.0
1 260 585 -4534.08
1 260 586 -21239.7
1 261 337 -5662.8
1 261 381 -359891.0
1 261 395 -42117.9
1 261 416 -29911.2
1 261 418 -676.242
1 261 429 -128592.0
1 261 464 -16843.2
1 261 492 -676.242
1 261 571 -145.2
1 261 576 -13664.5
1 262 540 -196.07
1 262 564 -49969.9
1 262 568 -25264.8
1 262 570 -113401.0
1 262 571 -3049.2
1 263 471 -7405.2
1 263 477 -17424.0
1 263 520 -1429.02
1 263 574 -726.0
1 263 582 -14553.4
1 264 265 -1016.4
1 264 355 -1597.2
1 264 367 -676.242
1 264 383 -71822.2
1 264 407 -4065.6
1 264 428 -164.87
1 264 468 -90.72
1 264 471 -6969.6
1 264 476 -290.4
1 264 477 -38623.2
1 264 523 -2464.33
1 264 549 -6489.35
1 265 364 -64910.9
1 265 374 -31.19
1 265 380 -2.23
1 265 422 -373936.0
1 265 523 -2956.13
1 265 557 -145.2
1 266 337 -676.242
1 266 340 -290.4
1 266 462 -3775.2
1 267 391 -17714.4
1 267 463 -2178.0
1 267 555 -676.242
1 267 556 -676.242
1 268 333 -145.2
1 268 334 -290.4
1 268 436 -3537270.0
1 268 455 -7.17
1 268 479 -580.8
1 268 480 -726.0
1 268 489 -1803.61
1 269 363 -681.442
1 269 397 -46464.0
1 269 450 -3194.4
1 269 456 -24198.9
1 269 541 -676.242
1 270 337 -10164.0
1 270 429 -3106.74
1 270 481 -821.442
1 270 483 -3401.84
1 270 484 -821.442
1 270 486 -7793.59
1 270 498 -113401.0
1 270 539 -145.2
1 271 319 -71002.3
1 271 371 -871.2
1 271 415 -1088.59
1 271 485 -366.73
1 271 493 -106022.0
1 271 498 -8421.6
1 271 537 -108796.0
1 272 336 -15520.3
1 272 351 -6679.2
1 272 366 -726.0
1 272 368 -299895.0
1 272 388 -647318.0
1 272 396 -726.0
1 272 450 -8131.2
1 272 451 -19892.4
1 272 453 -1452.0
1 272 462 -1181450.0
1 272 490 -435.6
1 272 491 -5.12
1 272 497 -18715.3
1 272 498 -72454.8
1 272 530 -162634.0
1 272 532 -228898.0
1 272 535 -113705.0
1 273 363 -726.0
1 273 392 -1261.95
1 273 410 -580.8
1 273 480 -871.2
1 273 510 -676.242
1 273 516 -24423.5
1 273 517 -266898.0
1 273 518 -491.28
1 274 409 -2758.8
1 274 520 -43269.6
1 274 523 -3194.4
1 275 367 -114563.0
1 275 450 -1887.6
1 276 366 -90169.2
1 276 392 -726.0
1 276 446 -3775.2
1 276 474 -30880.2
1 277 294 -60749.0
1 277 390 -12196.8
1 277 407 -2107220.0
1 277 431 -15097.0
1 277 472 -20599.5
1 277 480 -74865.7
1 278 365 -227528.0
1 278 435 -499.07
1 278 482 -3484.8
1 279 310 -28300.2
1 279 336 -4356.0
1 279 433 -145926.0
1 279 438 -25160.2
1 279 475 -91303.9
1 279 485 -17278.8
1 280 433 -62749.7
1 280 469 -56297.7
1 280 471 -38974.9
1 281 458 -641309.0
1 282 409 -9292.8
1 282 424 -2758.8
1 282 454 -3515.8
1 282 457 -13368.1
1 283 354 -1452.0
1 283 429 -298531.0
1 283 449 -31719.8
1 283 452 -90328.1
1 283 455 -17084.4
1 283 468 -38660.9
1 284 339 -91299.9
1 284 457 -6243.6
1 284 463 -739918.0
1 284 481 -6728.6
1 285 374 -1742.4
1 285 467 -219054.0
1 285 475 -79419.7
1 286 330 -56698.4
1 286 425 -441642.0
1 286 475 -29904.4
1 286 477 -67798.4
1 287 426 -676.242
1 287 477 -33241.9
1 288 419 -13213.2
1 288 423 -1835.88
1 288 426 -676.242
1 289 351 -75939.6
1 289 404 -150213.0
1 289 459 -5587.85
1 289 468 -15275.2
1 290 382 -121579.0
1 290 411 -435.6
1 290 412 -23086.8
1 290 413 -1306.8
1 290 420 -113.18
1 291 350 -3049.2
1 291 373 -1016.4
1 291 399 -123762.0
1 291 419 -951849.0
1 292 361 -35719.2
1 292 365 -14955.6
1 292 416 -448.11
1 292 469 -28179.9
1 293 440 -145.2
1 294 435 -13939.2
1 294 447 -35545.7
1 294 458 -208624.0
1 295 391 -20618.4
1 295 430 -1260090.0
1 296 388 -1190.65
1 296 398 -78782.5
1 296 406 -121063.0
1 296 433 -290.4
1 297 395 -7.73
1 297 401 -119234.0
1 297 413 -12758.8
1 297 415 -87991.2
1 297 442 -62642.8
1 298 390 -5953.2
1 299 354 -290.4
1 299 355 -8190.66
1 299 387 -381.12
1 102 110 -676.242
1 102 113 -676.242
1 103 100 -676.242
1 103 104 -676.242
1 104 115 -676.242
1 105 115 -676.242
1 105 139 -676.242
1 108 117 -676.242
1 109 112 -676.242
1 111 155 -676.242
1 111 208 -676.242
1 112 181 -676.242
1 113 111 -676.242
1 113 159 -676.242
1 113 211 -676.242
1 114 173 -676.242
1 114 212 -1352.48
1 115 212 -1352.48
1 116 121 -676.242
1 116 150 -676.242
1 116 166 -676.242
1 117 119 -676.242
1 117 168 -676.242
1 117 210 -676.242
1 119 194 -676.242
1 119 202 -676.242
1 119 96 -676.242
1 120 155 -676.242
1 120 94 -676.242
1 121 187 -676.242
1 123 110 -676.242
1 123 111 -676.242
1 123 158 -676.242
1 123 168 -676.242
1 123 193 -676.242
1 123 202 -1352.48
1 125 150 -676.242
1 125 151 -676.242
1 125 193 -676.242
1 125 194 -676.242
1 126 121 -676.242
1 126 191 -676.242
1 126 195 -676.242
1 127 150 -676.242
1 127 160 -676.242
1 127 169 -676.242
1 127 195 -676.242
1 127 199 -1352.48
1 128 122 -676.242
1 128 148 -676.242
1 128 149 -676.242
1 128 152 -676.242
1 128 153 -676.242
1 128 154 -676.242
1 128 157 -676.242
1 128 199 -676.242
1 129 117 -676.242
1 129 119 -676.242
1 129 122 -676.242
1 129 146 -676.242
1 129 154 -1352.48
1 129 162 -676.242
1 129 176 -676.242
1 130 120 -676.242
1 130 154 -676.242
1 130 155 -676.242
1 130 156 -2028.73
1 130 194 -676.242
1 131 112 -676.242
1 131 121 -676.242
1 131 122 -676.242
1 131 150 -676.242
1 131 156 -676.242
1 131 157 -676.242
1 131 158 -676.242
1 131 161 -1352.48
1 131 198 -676.242
1 132 112 -676.242
1 132 155 -676.242
1 132 156 -676.242
1 132 160 -676.242
1 132 161 -1352.48
1 133 155 -676.242
1 133 159 -676.242
1 133 160 -1352.48
1 133 192 -1352.48
1 133 193 -676.242
1 134 148 -676.242
1 134 150 -676.242
1 134 151 -676.242
1 134 156 -676.242
1 134 191 -676.242
1 134 193 -2704.97
1 135 148 -3381.21
1 135 149 -1352.48
1 135 156 -676.242
1 135 157 -676.242
1 135 193 -2028.73
1 136 147 -676.242
1 136 148 -676.242
1 136 149 -676.242
1 136 150 -1352.48
1 136 153 -676.242
1 136 155 -676.242
1 137 148 -676.242
1 137 150 -676.242
1 137 153 -1352.48
1 137 154 -676.242
1 137 157 -2028.73
1 137 175 -676.242
1 137 206 -676.242
1 138 151 -676.242
1 138 152 -676.242
1 138 153 -2028.73
1 138 168 -676.242
1 138 169 -676.242
1 139 151 -676.242
1 140 138 -676.242
1 140 155 -2704.97
1 140 156 -676.242
1 140 171 -676.242
1 140 180 -676.242
1 141 149 -676.242
1 141 154 -1352.48
1 141 157 -676.242
1 141 171 -676.242
1 141 199 -1352.48
1 142 155 -676.242
1 142 156 -676.242
1 142 157 -676.242
1 142 158 -676.242
1 142 174 -676.242
1 142 179 -676.242
1 142 201 -676.242
1 143 146 -676.242
1 143 157 -2028.73
1 144 142 -1352.48
1 144 173 -676.242
1 145 142 -676.242
1 145 143 -676.242
1 145 151 -676.242
1 145 187 -676.242
1 145 226 -676.242
1 146 140 -676.242
1 146 141 -1352.48
1 146 145 -676.242
1 146 208 -676.242
1 146 229 -676.242
1 146 230 -676.242
1 146 232 -676.242
1 147 139 -2028.73
1 147 140 -676.242
1 147 141 -676.242
1 147 142 -676.242
1 147 229 -676.242
1 147 230 -676.242
1 147 233 -676.242
1 147 239 -676.242
1 147 240 -676.242
1 148 217 -676.242
1 148 221 -676.242
1 149 127 -676.242
1 149 147 -676.242
1 149 154 -676.242
1 149 222 -676.242
1 149 253 -676.242
1 150 160 -676.242
1 150 164 -676.242
1 150 177 -676.242
1 150 227 -676.242
1 150 236 -676.242
1 151 128 -676.242
1 151 228 -676.242
1 152 153 -676.242
1 152 173 -676.242
1 152 176 -676.242
1 152 222 -676.242
1 152 228 -676.242
1 153 126 -676.242
1 153 136 -676.242
1 153 155 -676.242
1 153 232 -676.242
1 153 238 -676.242
1 153 253 -676.242
1 154 126 -676.242
1 154 133 -676.242
1 154 161 -676.242
1 154 172 -676.242
1 154 220 -676.242
1 154 244 -676.242
1 155 170 -1352.48
1 155 216 -676.242
1 155 262 -676.242
1 156 160 -676.242
1 156 211 -676.242
1 156 223 -676.242
1 157 132 -676.242
1 157 133 -676.242
1 157 134 -2028.73
1 157 136 -676.242
1 157 194 -676.242
1 157 207 -676.242
1 157 240 -676.242
1 158 135 -676.242
1 158 248 -676.242
1 159 152 -676.242
1 159 231 -676.242
1 159 240 -676.242
1 159 247 -676.242
1 159 248 -676.242
1 159 250 -676.242
1 159 251 -676.242
1 159 257 -676.242
1 160 133 -676.242
1 160 249 -1352.48
1 160 251 -1352.48
1 160 252 -676.242
1 160 253 -676.242
1 160 262 -676.242
1 161 144 -1352.48
1 161 251 -676.242
1 161 253 -676.242
1 162 137 -1352.48
1 162 252 -1352.48
1 162 253 -676.242
1 163 152 -676.242
1 163 190 -676.242
1 163 236 -676.242
1 164 278 -676.242
1 164 290 -676.242
1 164 299 -676.242
1 165 133 -1352.48
1 165 134 -1352.48
1 165 135 -676.242
1 165 290 -676.242
1 166 131 -676.242
1 166 132 -676.242
1 166 133 -1352.48
1 166 134 -676.242
1 166 135 -676.242
1 166 210 -676.242
1 166 254 -676.242
1 166 255 -676.242
1 167 127 -676.242
1 167 132 -1352.48
1 167 133 -1352.48
1 167 134 -2028.73
1 167 256 -676.242
1 167 288 -676.242
1 167 294 -676.242
1 168 130 -676.242
1 168 131 -676.242
1 168 132 -2704.97
1 168 133 -2704.97
1 168 286 -676.242
1 168 287 -1352.48
1 168 291 -1352.48
1 169 128 -1352.48
1 169 129 -2704.97
1 169 131 -676.242
1 169 132 -3381.21
1 169 133 -2028.73
1 169 134 -6086.18
1 169 135 -676.242
1 169 236 -676.242
1 169 260 -676.242
1 169 271 -676.242
1 169 287 -676.242
1 169 290 -676.242
1 170 133 -2028.73
1 170 134 -8114.91
1 170 136 -676.242
1 170 187 -676.242
1 170 256 -676.242
1 170 287 -676.242
1 170 292 -676.242
1 171 133 -1352.48
1 171 134 -676.242
1 171 136 -3381.21
1 171 290 -676.242
1 172 257 -676.242
1 172 284 -676.242
1 172 295 -1352.48
1 172 311 -676.242
1 173 258 -676.242
1 173 278 -676.242
1 173 290 -676.242
1 173 292 -676.242
1 173 293 -1352.48
1 173 294 -676.242
1 174 124 -676.242
1 174 253 -676.242
1 174 261 -676.242
1 174 270 -676.242
1 174 283 -676.242
1 174 289 -676.242
1 174 293 -676.242
1 175 260 -676.242
1 175 288 -676.242
1 175 292 -1352.48
1 175 293 -676.242
1 175 296 -676.242
1 175 305 -676.242
1 176 274 -676.242
1 176 305 -676.242
1 177 289 -676.242
1 177 290 -676.242
1 178 243 -676.242
1 178 280 -676.242
1 178 285 -676.242
1 178 302 -676.242
1 178 305 -676.242
1 178 306 -676.242
1 178 311 -676.242
1 179 278 -676.242
1 179 285 -676.242
1 180 149 -676.242
1 180 286 -676.242
1 181 297 -676.242
1 181 307 -676.242
1 181 308 -676.242
1 183 242 -676.242
1 183 285 -676.242
1 183 295 -676.242
1 183 308 -676.242
1 183 309 -676.242
1 183 318 -676.242
1 184 263 -676.242
1 184 285 -676.242
1 184 313 -676.242
1 184 319 -676.242
1 185 257 -676.242
1 185 305 -676.242
1 185 306 -676.242
1 185 307 -676.242
1 185 315 -676.242
1 186 255 -676.242
1 186 265 -676.242
1 186 307 -1352.48
1 186 310 -676.242
1 188 262 -676.242
1 188 294 -676.242
1 188 295 -676.242
1 189 295 -676.242
1 189 309 -676.242
1 190 307 -676.242
1 190 308 -676.242
1 190 324 -676.242
1 191 292 -1352.48
1 191 304 -676.242
1 191 305 -676.242
1 192 258 -676.242
1 192 284 -676.242
1 192 304 -676.242
1 192 316 -676.242
1 192 319 -676.242
1 193 262 -676.242
1 193 301 -676.242
1 193 311 -676.242
1 193 313 -1352.48
1 194 284 -676.242
1 194 313 -676.242
1 195 269 -676.242
1 195 287 -676.242
1 195 289 -676.242
1 195 300 -676.242
1 195 311 -676.242
1 195 313 -676.242
1 196 269 -676.242
1 196 275 -676.242
1 196 303 -676.242
1 196 324 -676.242
1 196 333 -676.242
1 197 264 -676.242
1 197 283 -676.242
1 197 300 -676.242
1 197 322 -676.242
1 197 325 -676.242
1 198 242 -676.242
1 198 276 -1352.48
1 198 309 -676.242
1 198 311 -676.242
1 199 283 -676.242
1 199 311 -676.242
1 199 324 -676.242
1 200 280 -676.242
1 200 286 -676.242
1 200 296 -676.242
1 200 299 -676.242
1 200 306 -676.242
1 200 307 -676.242
1 200 312 -676.242
1 200 343 -676.242
1 200 345 -676.242
1 201 257 -676.242
1 202 280 -676.242
1 202 287 -676.242
1 202 297 -676.242
1 202 301 -676.242
1 202 302 -676.242
1 203 215 -676.242
1 203 304 -676.242
1 203 305 -676.242
1 203 309 -676.242
1 203 315 -676.242
1 205 263 -676.242
1 205 303 -676.242
1 205 304 -676.242
1 205 317 -676.242
1 205 318 -676.242
1 205 319 -676.242
1 206 264 -676.242
1 206 270 -676.242
1 206 301 -676.242
1 206 304 -676.242
1 206 315 -676.242
1 206 317 -1352.48
1 207 262 -676.242
1 207 300 -676.242
1 207 301 -1352.48
1 207 303 -676.242
1 207 304 -676.242
1 207 306 -1352.48
1 207 315 -676.242
1 207 317 -676.242
1 208 298 -1352.48
1 208 299 -1352.48
1 208 306 -676.242
1 208 317 -676.242
1 208 328 -676.242
1 209 284 -676.242
1 209 297 -676.242
1 209 302 -676.242
1 210 284 -676.242
1 210 301 -676.242
1 210 302 -676.242
1 210 342 -676.242
1 211 301 -676.242
1 211 321 -676.242
1 212 295 -676.242
1 212 347 -676.242
1 213 226 -676.242
1 213 287 -676.242
1 213 303 -676.242
1 213 329 -676.242
1 214 319 -676.242
1 215 289 -676.242
1 215 311 -676.242
1 215 353 -676.242
1 216 323 -676.242
1 216 341 -676.242
1 217 244 -676.242
1 217 249 -676.242
1 217 351 -676.242
1 218 209 -676.242
1 218 243 -676.242
1 218 292 -676.242
1 218 345 -1352.48
1 221 240 -676.242
1 221 611 -676.242
1 222 254 -676.242
1 222 362 -676.242
1 224 338 -676.242
1 224 359 -676.242
1 225 323 -676.242
1 225 329 -676.242
1 225 332 -676.242
1 225 368 -676.242
1 225 373 -676.242
1 225 378 -676.242
1 225 382 -1352.48
1 226 323 -676.242
1 226 388 -1352.48
1 226 618 -676.242
1 227 315 -676.242
1 228 606 -676.242
1 229 385 -1352.48
1 229 392 -676.242
1 229 393 -676.242
1 229 397 -2704.97
1 229 618 -3381.21
1 230 338 -676.242
1 230 373 -1352.48
1 230 384 -676.242
1 230 392 -1352.48
1 230 393 -2704.97
1 230 396 -676.242
1 230 605 -676.242
1 231 343 -676.242
1 231 383 -676.242
1 231 392 -3381.21
1 231 393 -7438.67
1 231 398 -676.242
1 231 603 -676.242
1 231 607 -1352.48
1 232 259 -676.242
1 232 300 -676.242
1 232 384 -676.242
1 232 389 -676.242
1 232 393 -4057.45
1 232 394 -2704.97
1 232 405 -676.242
1 232 604 -1352.48
1 232 606 -1352.48
1 232 607 -2028.73
1 232 608 -676.242
1 233 373 -676.242
1 233 393 -676.242
1 233 403 -676.242
1 233 406 -2704.97
1 233 601 -1352.48
1 233 602 -676.242
1 234 374 -676.242
1 234 388 -676.242
1 234 389 -676.242
1 234 406 -2028.73
1 234 407 -1352.48
1 234 601 -676.242
1 234 602 -1352.48
1 234 603 -2028.73
1 234 604 -676.242
1 234 605 -1352.48
1 234 606 -676.242
1 234 609 -676.242
1 234 620 -676.242
1 234 621 -676.242
1 235 342 -676.242
1 235 368 -676.242
1 235 389 -676.242
1 235 392 -676.242
1 235 404 -676.242
1 235 406 -676.242
1 235 599 -676.242
1 235 600 -1352.48
1 235 602 -2028.73
1 235 603 -676.242
1 235 606 -676.242
1 235 608 -676.242
1 236 256 -676.242
1 236 359 -676.242
1 236 377 -1352.48
1 236 378 -676.242
1 236 389 -1352.48
1 236 600 -676.242
1 236 601 -676.242
1 236 602 -1352.48
1 236 605 -676.242
1 236 606 -676.242
1 236 607 -676.242
1 236 620 -676.242
1 237 330 -676.242
1 237 377 -676.242
1 237 384 -676.242
1 237 388 -676.242
1 237 605 -1352.48
1 237 606 -2028.73
1 237 607 -1352.48
1 237 608 -3381.21
1 237 609 -2028.73
1 237 620 -676.242
1 238 346 -676.242
1 238 391 -676.242
1 238 410 -676.242
1 238 602 -676.242
1 238 603 -676.242
1 238 606 -3381.21
1 238 607 -4057.45
1 238 608 -2704.97
1 238 610 -676.242
1 239 297 -676.242
1 239 323 -676.242
1 239 404 -676.242
1 239 601 -676.242
1 239 603 -676.242
1 239 607 -1352.48
1 239 608 -2704.97
1 239 609 -2028.73
1 239 610 -1352.48
1 239 615 -1352.48
1 240 267 -676.242
1 240 319 -676.242
1 240 327 -676.242
1 240 352 -676.242
1 240 374 -1352.48
1 240 392 -1352.48
1 240 396 -676.242
1 240 406 -676.242
1 240 603 -676.242
1 240 605 -2028.73
1 240 606 -2704.97
1 240 607 -1352.48
1 240 620 -1352.48
1 240 621 -676.242
1 241 339 -676.242
1 241 352 -676.242
1 241 370 -1352.48
1 241 375 -676.242
1 241 409 -676.242
1 241 577 -676.242
1 241 603 -1352.48
1 241 605 -2028.73
1 241 606 -1352.48
1 241 607 -1352.48
1 241 608 -1352.48
1 241 609 -3381.21
1 241 610 -676.242
1 241 611 -676.242
1 241 620 -676.242
1 241 621 -676.242
1 242 314 -676.242
1 242 318 -676.242
1 242 336 -676.242
1 242 338 -676.242
1 242 339 -676.242
1 242 373 -2028.73
1 242 374 -4057.45
1 242 406 -1352.48
1 242 603 -1352.48
1 242 604 -4733.7
1 242 605 -6086.18
1 242 606 -2028.73
1 242 607 -3381.21
1 242 608 -3381.21
1 242 609 -2028.73
1 242 610 -2028.73
1 242 616 -676.242
1 242 622 -676.242
1 242 623 -2028.73
1 243 366 -676.242
1 243 369 -676.242
1 243 372 -1352.48
1 243 373 -5409.94
1 243 374 -2028.73
1 243 386 -676.242
1 243 391 -676.242
1 243 405 -676.242
1 243 406 -676.242
1 243 407 -1352.48
1 243 409 -676.242
1 243 577 -676.242
1 243 606 -4733.7
1 243 607 -3381.21
1 243 608 -1352.48
1 243 609 -4057.45
1 243 620 -676.242
1 243 622 -1352.48
1 243 623 -5409.94
1 244 371 -676.242
1 244 372 -1352.48
1 244 373 -2028.73
1 244 415 -676.242
1 244 598 -676.242
1 244 606 -2704.97
1 244 607 -676.242
1 244 611 -676.242
1 244 616 -676.242
1 244 622 -676.242
1 244 623 -2704.97
1 244 624 -676.242
1 245 312 -676.242
1 245 315 -676.242
1 245 326 -676.242
1 245 335 -676.242
1 245 338 -676.242
1 245 356 -1352.48
1 245 371 -676.242
1 245 413 -676.242
1 245 586 -676.242
1 245 604 -676.242
1 245 605 -2028.73
1 245 606 -3381.21
1 245 607 -2704.97
1 245 609 -3381.21
1 245 610 -1352.48
1 245 612 -1352.48
1 245 616 -1352.48
1 245 619 -676.242
1 245 620 -1352.48
1 245 622 -676.242
1 246 214 -676.242
1 246 342 -676.242
1 246 356 -676.242
1 246 357 -676.242
1 246 374 -676.242
1 246 413 -676.242
1 246 590 -676.242
1 246 599 -676.242
1 246 600 -4057.45
1 246 605 -2704.97
1 246 606 -4733.7
1 246 607 -2704.97
1 246 610 -676.242
1 246 612 -1352.48
1 246 614 -676.242
1 246 615 -676.242
1 246 623 -676.242
1 247 314 -676.242
1 247 331 -676.242
1 247 367 -1352.48
1 247 368 -3381.21
1 247 387 -1352.48
1 247 413 -676.242
1 247 578 -676.242
1 247 597 -676.242
1 247 598 -4733.7
1 247 599 -4057.45
1 247 600 -6762.42
1 247 601 -6762.42
1 247 605 -1352.48
1 247 609 -1352.48
1 247 610 -1352.48
1 247 611 -2704.97
1 247 612 -2704.97
1 247 613 -1352.48
1 247 618 -1352.48
1 247 619 -676.242
1 247 623 -676.242
1 248 307 -676.242
1 248 367 -676.242
1 248 368 -2704.97
1 248 371 -1352.48
1 248 372 -3381.21
1 248 387 -1352.48
1 248 388 -4057.45
1 248 413 -676.242
1 248 416 -676.242
1 248 529 -676.242
1 248 567 -676.242
1 248 596 -4733.7
1 248 597 -3381.21
1 248 598 -6762.42
1 248 599 -4057.45
1 248 600 -2704.97
1 248 601 -4057.45
1 248 602 -2028.73
1 248 605 -676.242
1 248 608 -676.242
1 248 609 -1352.48
1 248 610 -2028.73
1 248 611 -4057.45
1 248 612 -4057.45
1 248 613 -4733.7
1 248 618 -676.242
1 248 619 -676.242
1 248 620 -676.242
1 248 623 -1352.48
1 249 333 -676.242
1 249 334 -676.242
1 249 365 -1352.48
1 249 366 -2028.73
1 249 367 -676.242
1 249 368 -2028.73
1 249 371 -676.242
1 249 387 -676.242
1 249 388 -676.242
1 249 400 -676.242
1 249 412 -676.242
1 249 567 -676.242
1 249 593 -1352.48
1 249 595 -4057.45
1 249 596 -4733.7
1 249 597 -7438.67
1 249 603 -2028.73
1 249 604 -5409.94
1 249 605 -3381.21
1 249 607 -2704.97
1 249 609 -676.242
1 249 610 -1352.48
1 249 611 -3381.21
1 249 612 -6086.18
1 249 613 -1352.48
1 249 618 -676.242
1 249 623 -676.242
1 250 331 -676.242
1 250 355 -676.242
1 250 365 -1352.48
1 250 366 -3381.21
1 250 367 -2028.73
1 250 368 -676.242
1 250 369 -1352.48
1 250 370 -1352.48
1 250 371 -4057.45
1 250 382 -676.242
1 250 406 -676.242
1 250 413 -676.242
1 250 414 -676.242
1 250 423 -676.242
1 250 436 -676.242
1 250 568 -676.242
1 250 579 -676.242
1 250 591 -676.242
1 250 594 -676.242
1 250 596 -5409.94
1 250 597 -1352.48
1 250 602 -676.242
1 250 603 -4733.7
1 250 604 -4057.45
1 250 605 -2704.97
1 250 607 -676.242
1 250 608 -2028.73
1 250 609 -676.242
1 250 610 -676.242
1 250 613 -676.242
1 251 276 -676.242
1 251 322 -676.242
1 251 365 -2028.73
1 251 366 -6086.18
1 251 367 -1352.48
1 251 368 -1352.48
1 251 371 -676.242
1 251 379 -676.242
1 251 407 -676.242
1 251 414 -676.242
1 251 424 -676.242
1 251 598 -676.242
1 251 604 -676.242
1 251 605 -676.242
1 251 607 -676.242
1 251 610 -676.242
1 252 236 -676.242
1 252 365 -2028.73
1 252 366 -4733.7
1 252 367 -4733.7
1 252 368 -1352.48
1 252 376 -676.242
1 252 412 -676.242
1 252 416 -676.242
1 252 428 -676.242
1 252 506 -676.242
1 252 507 -676.242
1 252 528 -676.242
1 252 534 -676.242
1 252 544 -676.242
1 252 576 -676.242
1 252 591 -1352.48
1 252 596 -1352.48
1 252 597 -1352.48
1 252 598 -676.242
1 252 599 -1352.48
1 252 608 -1352.48
1 252 609 -676.242
1 252 611 -676.242
1 252 620 -676.242
1 253 259 -676.242
1 253 342 -676.242
1 253 363 -676.242
1 253 365 -1352.48
1 253 366 -4057.45
1 253 367 -2704.97
1 253 370 -676.242
1 253 375 -1352.48
1 253 404 -676.242
1 253 433 -1352.48
1 253 506 -676.242
1 253 543 -676.242
1 253 546 -676.242
1 253 547 -676.242
1 253 566 -676.242
1 253 586 -1352.48
1 253 596 -676.242
1 253 597 -2704.97
1 253 601 -676.242
1 253 604 -676.242
1 253 605 -676.242
1 253 614 -2028.73
1 254 366 -1352.48
1 254 478 -676.242
1 254 581 -676.242
1 254 584 -676.242
1 254 585 -4057.45
1 254 586 -3381.21
1 254 587 -2028.73
1 254 588 -2028.73
1 254 589 -2704.97
1 254 598 -676.242
1 254 599 -676.242
1 254 601 -1352.48
1 254 604 -1352.48
1 254 605 -676.242
1 254 606 -676.242
1 254 611 -676.242
1 255 341 -676.242
1 255 346 -676.242
1 255 371 -676.242
1 255 402 -676.242
1 255 442 -676.242
1 255 445 -676.242
1 255 461 -676.242
1 255 479 -676.242
1 255 512 -676.242
1 255 513 -676.242
1 255 526 -676.242
1 255 547 -676.242
1 255 548 -676.242
1 255 565 -676.242
1 255 583 -2028.73
1 255 584 -2704.97
1 255 585 -2704.97
1 255 586 -2704.97
1 255 587 -1352.48
1 255 588 -676.242
1 255 591 -676.242
1 255 594 -676.242
1 255 597 -676.242
1 255 600 -1352.48
1 255 607 -676.242
1 256 346 -676.242
1 256 350 -676.242
1 256 367 -676.242
1 256 373 -676.242
1 256 374 -676.242
1 256 491 -676.242
1 256 526 -676.242
1 256 531 -2028.73
1 256 532 -676.242
1 256 547 -676.242
1 256 548 -1352.48
1 256 549 -676.242
1 256 575 -676.242
1 256 578 -1352.48
1 256 580 -676.242
1 256 584 -2028.73
1 256 585 -1352.48
1 256 592 -1352.48
1 256 594 -4733.7
1 256 595 -2704.97
1 256 607 -2704.97
1 256 608 -1352.48
1 256 609 -676.242
1 257 330 -676.242
1 257 461 -676.242
1 257 497 -676.242
1 257 503 -676.242
1 257 506 -676.242
1 257 512 -676.242
1 257 527 -2028.73
1 257 529 -676.242
1 257 532 -676.242
1 257 549 -676.242
1 257 574 -676.242
1 257 575 -2028.73
1 257 584 -2028.73
1 257 585 -2028.73
1 257 593 -1352.48
1 257 594 -5409.94
1 257 595 -2704.97
1 257 597 -1352.48
1 257 606 -4733.7
1 257 607 -676.242
1 258 307 -676.242
1 258 330 -676.242
1 258 366 -676.242
1 258 485 -1352.48
1 258 489 -1352.48
1 258 491 -676.242
1 258 493 -676.242
1 258 494 -676.242
1 258 496 -676.242
1 258 497 -676.242
1 258 498 -2028.73
1 258 499 -1352.48
1 258 502 -676.242
1 258 503 -676.242
1 258 529 -1352.48
1 258 531 -676.242
1 258 532 -676.242
1 258 533 -1352.48
1 258 535 -676.242
1 258 546 -676.242
1 258 550 -676.242
1 258 556 -1352.48
1 258 564 -676.242
1 258 576 -676.242
1 258 583 -676.242
1 258 584 -2028.73
1 258 586 -2028.73
1 258 594 -2028.73
1 258 606 -3381.21
1 258 607 -676.242
1 259 346 -676.242
1 259 369 -1352.48
1 259 402 -676.242
1 259 444 -676.242
1 259 456 -676.242
1 259 485 -676.242
1 259 486 -676.242
1 259 488 -676.242
1 259 489 -676.242
1 259 490 -1352.48
1 259 509 -1352.48
1 259 510 -676.242
1 259 522 -676.242
1 259 528 -676.242
1 259 529 -676.242
1 259 531 -676.242
1 259 532 -676.242
1 259 545 -676.242
1 259 549 -676.242
1 259 554 -1352.48
1 259 555 -1352.48
1 259 556 -2028.73
1 259 557 -2028.73
1 259 575 -2704.97
1 259 576 -676.242
1 259 579 -676.242
1 259 584 -676.242
1 259 585 -2704.97
1 259 586 -1352.48
1 260 369 -1352.48
1 260 404 -1352.48
1 260 443 -676.242
1 260 454 -676.242
1 260 485 -676.242
1 260 486 -1352.48
1 260 487 -676.242
1 260 492 -676.242
1 260 499 -676.242
1 260 502 -1352.48
1 260 517 -676.242
1 260 527 -676.242
1 260 545 -2028.73
1 260 548 -676.242
1 260 554 -676.242
1 260 556 -676.242
1 260 567 -676.242
1 260 576 -676.242
1 260 577 -676.242
1 261 397 -676.242
1 261 404 -676.242
1 261 444 -676.242
1 261 483 -676.242
1 261 487 -676.242
1 261 501 -676.242
1 261 502 -676.242
1 261 545 -676.242
1 261 551 -676.242
1 261 552 -676.242
1 261 565 -676.242
1 262 254 -676.242
1 262 353 -1352.48
1 262 369 -676.242
1 262 425 -676.242
1 262 443 -676.242
1 262 458 -676.242
1 262 483 -1352.48
1 262 493 -676.242
1 262 501 -676.242
1 262 502 -676.242
1 262 523 -676.242
1 262 524 -676.242
1 262 535 -676.242
1 262 536 -676.242
1 262 537 -676.242
1 262 542 -676.242
1 262 546 -676.242
1 262 584 -676.242
1 262 587 -676.242
1 263 355 -676.242
1 263 415 -676.242
1 263 484 -676.242
1 263 493 -676.242
1 263 509 -676.242
1 263 522 -676.242
1 263 523 -1352.48
1 263 524 -1352.48
1 263 541 -1352.48
1 263 542 -676.242
1 263 543 -676.242
1 263 546 -1352.48
1 263 576 -676.242
1 263 579 -676.242
1 263 581 -2704.97
1 264 369 -676.242
1 264 379 -676.242
1 264 481 -676.242
1 264 482 -676.242
1 264 493 -676.242
1 264 503 -676.242
1 264 504 -676.242
1 264 516 -676.242
1 264 521 -2028.73
1 264 527 -676.242
1 264 543 -2704.97
1 264 568 -676.242
1 264 575 -676.242
1 264 576 -1352.48
1 265 336 -676.242
1 265 367 -1352.48
1 265 457 -676.242
1 265 459 -676.242
1 265 511 -676.242
1 265 516 -676.242
1 265 520 -676.242
1 265 524 -676.242
1 265 568 -1352.48
1 266 314 -676.242
1 266 413 -676.242
1 266 456 -676.242
1 266 478 -676.242
1 266 481 -676.242
1 266 483 -676.242
1 266 484 -676.242
1 266 485 -676.242
1 266 492 -676.242
1 266 498 -676.242
1 266 505 -676.242
1 266 518 -676.242
1 266 523 -676.242
1 266 543 -676.242
1 266 545 -676.242
1 266 549 -676.242
1 266 555 -676.242
1 267 337 -676.242
1 267 365 -676.242
1 267 381 -676.242
1 267 459 -676.242
1 267 460 -1352.48
1 267 505 -676.242
1 267 507 -676.242
1 267 543 -676.242
1 267 544 -1352.48
1 267 549 -676.242
1 267 553 -2028.73
1 267 562 -676.242
1 268 507 -1352.48
1 268 540 -676.242
1 268 541 -676.242
1 268 542 -1352.48
1 268 543 -2704.97
1 268 544 -1352.48
1 268 549 -676.242
1 268 551 -676.242
1 268 552 -676.242
1 268 553 -676.242
1 269 362 -676.242
1 269 505 -1352.48
1 269 507 -676.242
1 269 528 -676.242
1 269 543 -676.242
1 269 547 -1352.48
1 270 474 -676.242
1 270 475 -1352.48
1 270 479 -676.242
1 270 491 -676.242
1 270 504 -676.242
1 270 507 -676.242
1 270 526 -676.242
1 271 375 -676.242
1 271 388 -676.242
1 271 479 -676.242
1 271 481 -676.242
1 271 487 -676.242
1 271 491 -676.242
1 271 526 -676.242
1 272 469 -676.242
1 272 493 -676.242
1 272 495 -1352.48
1 272 496 -676.242
1 272 502 -676.242
1 272 526 -2028.73
1 273 441 -676.242
1 273 462 -676.242
1 273 526 -676.242
1 275 463 -676.242
1 275 480 -676.242
1 275 502 -676.242
1 275 504 -676.242
1 276 502 -676.242
1 277 393 -676.242
1 279 459 -676.242
1 280 563 -676.242
1 282 434 -676.242
1 282 435 -676.242
1 283 461 -676.242
1 283 482 -676.242
1 283 483 -676.242
1 285 437 -676.242
1 285 482 -676.242
1 285 483 -676.242
1 286 377 -676.242
1 286 464 -676.242
1 288 469 -676.242
1 289 362 -676.242
1 289 443 -676.242
1 292 358 -676.242
1 293 390 -2028.73
1 293 391 -676.242
1 296 390 -676.242
1 301 359 -676.242
1 301 378 -676.242
1 85 106 -676.242
1 92 112 -1352.48
1 93 117 -676.242
1 97 89 -676.242
1 98 101 -676.242
1 99 126 -676.242
1 99 136 -676.242
1 147 119 -12051.6
1 150 114 -18730.8
1 153 113 -25845.6
1 156 158 -8566.8
1 157 160 -8276.4
1 170 169 -74052.0
1 197 280 -16262.4
1 199 225 -145.2
1 210 300 -8276.4
1 234 285 -8712.0
1 244 234 -145.2
1 259 541 -435.6
1 267 479 -290.4
1 271 361 -1310.61
1 291 453 -3694.04
1 109 116 -11470.8
1 131 118 -1742.4
1 132 183 -145.2
1 137 123 -11761.2
1 140 173 -6824.4
1 152 130 -3194.4
1 157 117 -15826.8
1 157 190 -145.2
1 158 205 -20328.0
1 169 164 -59532.0
1 172 162 -13068.0
1 172 163 -9292.8
1 173 196 -145.2
1 175 213 -19602.0
1 202 295 -13213.2
1 203 296 -19747.2
1 218 173 -115434.0
1 267 346 -5517.6
1 271 470 -2323.2
1 274 431 -2127900.0
1 299 335 -123420.0
1 144 130 -14520.0
1 148 113 -14955.6
1 149 118 -14520.0
1 151 143 -290.4
1 153 185 -5953.2
1 153 212 -18585.6
1 159 188 -19021.2
1 161 161 -10018.8
1 164 159 -21780.0
1 175 178 -1016.4
1 176 128 -14520.0
1 188 287 -1597.2
1 189 206 -63888.0
1 221 361 -1597.2
1 222 266 -14520.0
1 224 273 -13213.2
1 237 292 -10316.5
1 245 243 -3775.2
1 248 238 -9873.6
1 248 331 -9728.4
1 266 345 -11906.4
1 271 268 -40656.0
1 274 278 -8712.0
1 289 355 -1161.6
1 296 391 -145.2
1 296 393 -6388.8
1 141 165 -290.4
1 144 151 -26281.2
1 146 150 -23812.8
1 147 148 -30056.4
1 147 171 -33250.8
1 149 124 -726.0
1 151 211 -6969.6
1 154 113 -435.6
1 158 173 -4936.8
1 164 124 -2323.2
1 165 167 -32089.2
1 168 164 -8566.8
1 168 166 -10164.0
1 176 222 -2032.8
1 184 210 -13213.2
1 211 296 -2904.0
1 213 270 -21199.2
1 221 302 -2032.8
1 221 317 -19166.4
1 228 354 -15972.0
1 231 270 -17424.0
1 236 342 -7260.0
1 236 344 -5082.0
1 240 337 -13358.4
1 240 357 -14520.0
1 246 337 -4356.0
1 262 286 -5808.0
1 267 428 -52893.0
1 270 361 -15972.0
1 271 363 -10599.6
1 275 399 -950.8
1 284 333 -1161.6
1 290 371 -112094.0
1 296 358 -35864.4
1 297 356 -8857.2
1 299 347 -8131.2
1 142 169 -1597.2
1 146 146 -3484.8
1 155 116 -10744.8
1 156 214 -13358.4
1 161 185 -2178.0
1 163 186 -3049.2
1 166 203 -1016.4
1 168 216 -23086.8
1 183 232 -7840.8
1 201 310 -290.4
1 211 195 -2758.8
1 222 324 -30782.4
1 223 263 -39058.8
1 226 354 -6969.6
1 230 358 -3630.0
1 232 347 -145.2
1 242 618 -6388.8
1 248 344 -123.04
1 263 427 -290.4
1 263 570 -145.2
1 286 302 -2904.0
1 292 360 -290.4
1 293 357 -9292.8
1 295 362 -16552.8
1 297 439 -233355.0
1 132 120 -13068.0
1 134 124 -13648.8
1 134 126 -7405.2
1 135 122 -8276.4
1 137 128 -18440.4
1 148 119 -5372.4
1 150 118 -15972.0
1 150 121 -15681.6
1 150 127 -1016.4
1 152 118 -7114.8
1 153 122 -6534.0
1 153 123 -7840.8
1 155 125 -9728.4
1 156 124 -5227.2
1 158 138 -6534.0
1 158 140 -13648.8
1 160 139 -12051.6
1 185 168 -17859.6
1 189 126 -29330.4
1 230 223 -8566.8
1 260 337 -2904.0
1 276 358 -145.2
1 281 445 -145.2
1 137 168 -11470.8
1 149 213 -6679.2
1 189 195 -5662.8
1 210 253 -435.6
1 245 324 -435.6
1 270 480 -435.6
1 144 124 -2178.0
1 145 131 -8276.4
1 148 124 -145.2
1 148 166 -6243.6
1 158 114 -8421.6
1 188 204 -2758.8
1 203 340 -1048.5
1 208 226 -580.8
1 211 266 -38558.0
1 213 276 -20063.2
1 214 274 -7812.3
1 220 278 -125330.0
1 232 398 -1306.8
1 233 375 -2032.8
1 239 385 -5158.35
1 239 406 -348.96
1 239 416 -2.18
1 241 238 -5662.8
1 245 408 -8276.4
1 246 320 -290.4
1 248 454 -580.8
1 259 351 -4781.09
1 263 492 -2.54
1 265 360 -36432.5
1 269 360 -8680.34
1 272 360 -6679.2
1 273 521 -13794.0
1 274 327 -3775.2
1 274 521 -435.6
1 275 465 -85.11
1 290 322 -74197.2
1 294 354 -2904.0
1 297 377 -1887.6
1 147 116 -9728.4
1 147 183 -16117.2
1 156 122 -3049.2
1 205 310 -145.2
1 259 439 -580.8
1 257 342 -2468.4
1 201 251 -4065.6
1 201 301 -4065.6
1 264 441 -145.2
1 265 488 -290.4
1 135 160 -7986.0
1 136 173 -10599.6
1 144 189 -3920.4
1 154 112 -2613.6
1 154 122 -11325.6
1 156 131 -145.2
1 161 179 -40656.0
1 164 169 -1161.6
1 167 128 -726.0
1 167 247 -1016.4
1 183 124 -16117.2
1 186 125 -18150.0
1 186 209 -21489.6
1 204 300 -9.31
1 215 269 -91476.0
1 225 242 -10164.0
1 226 375 -196471.0
1 238 302 -14229.6
1 242 355 -163.89
1 244 321 -24103.2
1 245 406 -2032.8
1 247 591 -1742.4
1 248 593 -145.2
1 251 614 -1999.77
1 255 333 -290.4
1 256 443 -208.24
1 258 335 -28179.9
1 258 339 -2138.0
1 258 416 -127.44
1 263 583 -345.47
1 266 470 -444.49
1 269 482 -145.2
1 270 476 -580.8
1 273 523 -128647.0
1 274 506 -580.8
1 280 458 -490.16
1 297 388 -1298.49
1 298 384 -244.15
1 204 299 -435.6
1 221 300 -9583.2
1 272 494 -290.4
1 159 157 -27733.2
1 184 305 -48.81
1 197 298 -13.24
1 211 290 -20328.0
1 226 330 -17463.2
1 237 406 -9361.66
1 244 430 -1161.6
1 247 342 -340.41
1 253 427 -1781.52
1 253 443 -934.68
1 254 398 -152.62
1 254 442 -2154.93
1 254 444 -251.25
1 254 445 -42.03
1 256 445 -1028.0
1 261 346 -15543.2
1 261 369 -1954.41
1 262 555 -145.2
1 263 448 -145.2
1 265 559 -1541.34
1 271 364 -5082.0
1 271 471 -145.2
1 271 489 -5979.98
1 272 371 -145.2
1 275 449 -12342.0
1 262 394 -535988.0
1 167 168 -13213.2
1 157 122 -290.4
1 160 136 -871.2
1 169 201 -14665.2
1 211 313 -32.22
1 212 315 -217.68
1 214 287 -171.56
1 224 372 -1742.4
1 246 609 -1549.81
1 247 343 -29.01
1 247 590 -4646.4
1 255 446 -475.78
1 261 524 -36.09
1 261 525 -28.29
1 270 482 -57.93
1 276 386 -2468.4
1 281 446 -290.4
1 291 458 -14.79
1 295 390 -8566.8
1 297 384 -290.4
1 297 387 -1161.6
1 165 158 -8566.8
1 178 212 -1306.8
1 145 147 -145.2
1 257 443 -2785.02
1 162 205 -12777.6
1 170 249 -1161.6
1 194 320 -1742.4
1 196 299 -6534.0
1 237 378 -7.4
1 240 386 -92.21
1 241 353 -143.07
1 247 341 -106.06
1 248 343 -173.21
1 252 457 -145.2
1 253 400 -145.2
1 254 394 -23.08
1 254 400 -290.4
1 255 373 -145.2
1 261 362 -25410.0
1 263 353 -4.89
1 274 527 -128.42
1 276 469 -145.2
1 276 484 -726.0
1 277 429 -4.37
1 282 451 -1597.2
1 207 193 -43705.2
1 145 139 -871.2
1 206 299 -57.1
1 261 461 -290.4
1 233 400 -52998.0
1 117 117 -2758.8
1 244 355 -23461.0
1 245 261 -19401.5
1 290 355 -53255.7
1 264 474 -290.4
1 264 351 -290.4
1 164 240 -726.0
1 173 170 -5372.4
1 181 179 -20763.6
1 201 297 -74.44
1 207 298 -18.8
1 232 373 -979.7
1 233 392 -207.41
1 234 236 -1742.4
1 235 390 -228.84
1 236 398 -871.2
1 237 390 -858.08
1 237 399 -145.2
1 237 400 -290.4
1 241 374 -32.12
1 248 342 -18.9
1 248 606 -32.4
1 249 343 -52.76
1 249 344 -67.29
1 249 411 -513.33
1 253 418 -147.72
1 253 442 -2153.62
1 254 600 -166.71
1 256 442 -34.02
1 258 597 -136.49
1 259 335 -15275.2
1 259 428 -580.8
1 263 467 -43560.0
1 263 468 -13213.2
1 267 481 -292.76
1 268 457 -145.2
1 278 469 -135.91
1 281 429 -8028.42
1 283 394 -52.72
1 284 436 -3484.8
1 292 376 -145.2
1 296 414 -3.43
1 297 446 -145.2
1 300 390 -6040.52
1 162 179 -11035.2
1 240 379 -580.8
1 223 371 -580.8
1 257 456 -290.4
1 247 419 -1742.4
1 290 441 -290.4
1 257 602 -145.2
1 256 590 -32.69
1 250 618 -1452.0
1 261 581 -145.2
1 241 405 -580.8
1 251 362 -6973.23
