1 62 1 3798.3
1 61 2 3770.7
1 60 3 3749.7
1 59 4 3733.5
1 58 5 3721.5
1 57 6 3713.4
1 56 7 3709.2
1 55 8 3709.0
1 54 9 3713.4
1 53 10 3722.5
1 52 11 3736.7
1 51 12 3755.5
1 49 13 3767.8
1 50 13 3777.1
1 48 14 3789.3
1 47 15 3784.5
1 46 16 3776.7
1 45 17 3766.9
1 45 18 3767.6
1 45 19 3768.3
1 44 20 3756.4
1 44 21 3756.2
1 44 22 3755.5
1 44 23 3754.2
1 44 24 3752.2
1 44 25 3749.4
1 44 26 3745.6
1 44 27 3740.7
1 44 28 3734.5
1 44 29 3727.0
1 44 30 3717.9
1 44 31 3707.0
1 44 32 3694.2
1 44 33 3679.1
1 44 34 3661.5
1 44 35 3641.1
1 44 36 3617.4
1 44 37 3589.8
1 44 38 3557.8
1 44 39 3520.3
1 44 40 3476.1
1 44 41 3422.8
1 43 42 3304.0
1 43 43 3265.0
1 43 44 3203.3
1 42 45 3052.1
1 42 46 2997.6
1 40 47 2765.7
1 41 47 2812.0
1 40 48 2729.6
1 40 49 2663.5
1 40 50 2567.6
1 35 78 4859.7
1 35 79 4888.1
1 34 80 4945.1
1 33 81 5025.5
1 32 82 5089.1
1 31 83 5102.5
1 30 84 5114.2
1 29 85 5123.1
1 28 86 5145.4
1 27 87 5164.2
1 26 88 5190.3
1 25 89 5217.8
1 25 90 5254.2
1 24 91 5241.3
1 24 92 5256.5
1 24 93 5293.6
1 24 94 5330.6
1 23 95 5345.7
1 23 96 5386.0
1 23 97 5422.3
1 22 98 5430.3
1 22 99 5471.4
1 22 100 5508.4
1 22 101 5545.7
1 21 102 5566.0
1 21 103 5611.1
1 20 104 5633.2
1 20 105 5675.7
1 19 106 5707.7
1 19 107 5752.1
1 18 108 5788.7
1 18 109 5828.5
1 17 110 5747.7
1 17 111 5758.8
1 17 112 5868.1
1 65 109 6030.5
1 66 109 6027.0
1 67 109 5976.4
1 68 109 5941.6
1 69 109 5951.1
1 62 110 5964.5
1 63 110 6002.2
1 64 110 6023.1
1 70 110 6040.0
1 60 111 5859.4
1 61 111 5880.9
1 71 111 6106.0
1 37 112 5647.1
1 38 112 5707.3
1 39 112 5768.9
1 40 112 5814.4
1 41 112 5851.4
1 42 112 5873.4
1 43 112 5884.6
1 44 112 5893.7
1 45 112 5900.9
1 46 112 5910.4
1 47 112 5919.3
1 48 112 5936.9
1 55 112 5739.6
1 56 112 5761.3
1 57 112 5778.4
1 58 112 5795.2
1 59 112 5810.1
1 72 112 6143.0
1 16 113 5956.8
1 33 113 5631.7
1 34 113 5615.1
1 35 113 5599.2
1 36 113 5578.7
1 49 113 5930.6
1 50 113 5908.4
1 51 113 5855.3
1 52 113 5800.7
1 53 113 5744.1
1 54 113 5707.4
1 73 113 6175.3
1 16 114 6015.9
1 29 114 5721.3
1 30 114 5696.1
1 31 114 5668.3
1 32 114 5633.3
1 74 114 6198.4
1 75 114 6202.5
1 16 115 6072.6
1 25 115 5833.0
1 26 115 5810.2
1 27 115 5781.0
1 28 115 5741.0
1 76 115 6234.3
1 16 116 6127.9
1 21 116 5975.7
1 22 116 5990.6
1 23 116 5903.4
1 24 116 5863.2
1 77 116 6249.5
1 78 116 6247.6
1 79 116 6260.2
1 16 117 6182.1
1 20 117 6023.7
1 80 117 6281.1
1 81 117 6279.2
1 82 117 6258.6
1 83 117 6231.1
1 84 117 6202.0
1 16 118 6219.5
1 17 118 6185.7
1 18 118 6138.6
1 19 118 6085.1
1 85 118 6131.5
1 85 119 6089.7
1 86 120 6072.5
1 86 121 6095.2
1 86 122 6120.0
1 86 123 6137.3
1 86 124 6149.7
1 86 125 6159.3
1 86 126 6166.4
1 86 127 6170.1
1 86 128 6170.7
1 86 129 6169.0
1 86 130 6166.3
1 86 131 6162.1
1 86 132 6155.2
1 86 133 6146.5
1 86 134 6134.7
1 86 135 6118.8
1 86 136 6099.7
1 85 137 6050.6
1 85 138 6037.7
1 84 139 6032.8
1 83 140 6073.8
1 82 141 6157.7
1 82 142 6174.0
1 81 143 6226.7
1 80 144 6287.2
1 79 145 6356.2
1 78 146 6419.8
1 77 147 6487.1
1 76 148 6559.0
1 75 149 6636.4
1 75 150 6700.7
1 75 151 6761.3
1 75 152 6821.9
1 75 153 6868.8
1 76 154 6862.0
1 77 154 6849.2
1 78 154 6839.0
1 79 155 6827.7
1 80 155 6815.1
1 81 156 6797.5
1 82 157 6771.0
1 82 158 6748.6
1 83 158 6734.5
1 84 159 6704.6
1 84 160 6676.8
1 84 161 6652.4
1 84 162 6628.5
1 85 163 6603.4
1 86 164 6574.0
1 87 165 6537.0
1 88 166 6502.2
1 89 167 6468.6
1 90 168 6387.2
1 90 169 6337.2
1 91 170 6269.8
1 92 171 6198.4
1 93 172 6167.7
1 94 173 6141.2
1 94 174 6138.8
1 95 175 6123.4
1 95 176 6109.0
1 95 177 6113.7
1 95 178 6120.7
1 95 179 6126.0
1 96 180 5954.7
1 97 181 5971.7
1 98 182 5989.2
1 99 183 6006.7
1 100 184 6022.5
1 101 185 6037.9
1 102 185 6046.3
1 103 185 6061.9
1 104 186 6096.3
1 105 186 6097.4
1 106 187 6100.6
1 107 188 6096.4
1 108 189 5914.1
1 108 190 5916.1
1 108 191 5917.1
1 108 192 5916.7
1 108 193 5912.5
1 107 194 5707.4
1 107 195 5703.4
1 107 196 5695.6
1 107 197 5685.3
1 107 198 5673.3
1 106 199 5634.9
1 106 200 5622.0
1 105 201 5576.1
1 105 202 5562.9
1 104 203 5522.4
1 104 204 5513.7
1 104 205 5498.7
1 104 206 5477.3
1 104 207 5444.2
1 98 208 5460.6
1 99 208 5470.7
1 100 208 5483.1
1 101 208 5496.0
1 102 208 5513.7
1 103 208 5542.4
1 97 209 5451.3
1 97 210 5450.1
1 97 211 5446.0
1 97 212 5440.7
1 96 213 5424.1
1 95 214 5416.7
1 95 215 5415.4
1 94 216 5408.0
1 94 217 5407.1
1 94 218 5406.4
1 95 219 5410.6
1 96 220 5414.1
1 97 221 5418.0
1 97 222 5416.9
1 98 223 5420.2
1 98 224 5418.8
1 99 225 5422.9
1 99 226 5421.0
1 100 227 5242.1
1 128 227 5398.5
1 129 227 5461.6
1 101 228 5248.0
1 107 228 5142.9
1 108 228 5167.8
1 109 228 5196.4
1 110 228 5228.4
1 111 228 5263.1
1 125 228 5283.4
1 126 228 5309.8
1 127 228 5318.0
1 130 228 5187.6
1 131 228 5194.1
1 132 228 5188.2
1 133 228 5189.3
1 134 228 5195.5
1 135 228 5209.9
1 136 228 5226.9
1 137 228 5240.2
1 138 228 5267.0
1 102 229 5252.8
1 106 229 5280.7
1 112 229 5117.3
1 118 229 5143.6
1 119 229 5162.0
1 120 229 5177.9
1 121 229 5192.0
1 122 229 5203.3
1 123 229 5212.7
1 124 229 5215.2
1 139 229 5340.3
1 103 230 5256.3
1 104 230 5258.9
1 105 230 5261.9
1 113 230 5133.9
1 114 230 5125.4
1 115 230 5121.1
1 116 230 5118.6
1 117 230 5110.7
1 140 230 5307.1
1 139 231 5374.7
1 137 232 5411.3
1 138 232 5410.6
1 136 233 5414.6
1 135 234 5407.4
1 133 235 5374.7
1 134 235 5388.0
1 132 236 5357.8
1 130 237 5314.5
1 131 237 5329.7
1 129 238 5303.3
1 128 239 5287.2
1 127 240 5267.3
1 127 241 5257.5
1 127 242 5244.6
1 128 243 5252.9
1 129 244 5251.2
1 129 245 5238.5
1 130 246 5234.7
1 131 246 5233.6
1 132 246 5236.5
1 133 246 5245.8
1 134 246 5263.2
1 135 246 5289.6
1 136 246 5316.8
1 137 246 5336.8
1 138 246 5358.8
1 139 247 5409.5
1 140 247 5434.0
1 141 247 5471.5
1 142 247 5514.8
1 143 248 5577.8
1 144 249 5671.3
1 144 250 5698.1
1 145 251 5749.9
1 145 252 5775.5
1 145 253 5795.8
1 146 254 5829.1
1 146 255 5826.5
1 146 256 5820.5
1 146 257 5812.6
1 146 258 5802.4
1 146 259 5790.6
1 146 260 5777.2
1 146 261 5764.9
1 146 262 5751.7
1 146 263 5738.5
1 146 264 5728.4
1 146 265 0.0
1 147 266 5482.8
1 147 267 5453.7
1 147 268 5428.8
1 147 269 5389.1
1 147 270 5356.1
1 148 271 5306.0
1 148 272 5279.2
1 148 273 5252.1
1 148 274 5230.3
1 149 274 5215.4
1 149 275 5175.8
1 149 276 5143.6
1 149 277 5091.0
1 149 278 5036.4
1 150 279 5132.7
1 150 280 5087.7
1 150 281 5046.5
1 150 282 5016.2
1 151 283 4932.5
1 151 284 4888.7
1 151 285 4855.4
1 152 286 4761.4
1 152 287 4706.8
1 152 288 4662.5
1 152 289 4628.0
1 153 290 4722.8
1 153 291 4696.3
1 153 292 4704.2
1 154 293 4715.0
1 154 294 4726.6
1 154 295 4736.1
1 154 296 4742.2
1 155 297 4760.1
1 155 298 4763.9
1 156 299 4586.8
1 157 299 4593.1
1 158 299 4602.6
1 159 299 4615.1
1 160 299 4631.1
1 161 299 4650.5
1 162 300 4681.7
1 162 301 4684.5
1 162 302 4683.6
1 162 303 4681.0
1 162 304 4678.3
1 163 305 4857.4
1 163 306 4848.4
1 163 307 4838.6
1 163 308 4829.3
1 163 309 4823.2
1 164 310 5039.4
1 165 311 5081.0
1 166 312 5152.7
1 167 313 5211.3
1 168 314 5244.2
1 168 315 5076.7
1 168 316 5081.0
1 169 316 5088.5
1 169 317 5094.3
1 170 317 5104.1
1 171 318 5105.2
1 171 319 5081.8
1 172 320 5033.9
1 172 321 4986.4
1 172 322 4938.1
1 172 323 4887.1
1 172 324 4847.4
1 173 325 4845.9
1 173 326 4849.5
1 173 327 4851.3
1 174 328 4860.7
1 174 329 4862.3
1 174 330 4863.3
1 175 331 4867.8
1 176 331 4871.8
1 177 331 4877.7
1 178 332 4887.1
1 179 333 4889.7
1 179 334 4886.6
1 179 335 4883.5
1 180 336 4881.0
1 181 337 4872.5
1 181 338 4867.8
1 187 338 4741.0
1 188 338 4762.1
1 189 338 4779.7
1 190 338 4793.4
1 182 339 4858.5
1 186 339 4873.5
1 191 339 4797.0
1 192 339 5216.0
1 182 340 4852.5
1 186 340 4857.8
1 193 340 5215.3
1 182 341 4848.9
1 186 341 4847.8
1 194 341 5215.2
1 195 341 5216.8
1 183 342 4845.3
1 184 342 4845.1
1 185 342 4844.6
1 186 342 4843.5
1 196 342 5216.5
1 196 343 5214.4
1 197 344 5213.3
1 198 345 5210.9
1 199 346 5208.8
1 200 346 5210.4
1 201 346 5212.6
1 202 346 5214.7
1 203 346 5215.5
1 204 346 4406.09
1 205 347 5199.5
1 206 347 5193.3
1 207 348 5398.8
1 207 349 5496.1
1 207 350 5637.0
1 206 351 5696.9
1 205 352 5701.7
1 205 353 5706.2
1 205 354 5711.2
1 206 355 5734.1
1 206 356 5742.3
1 207 357 5767.0
1 208 357 5784.2
1 209 358 5465.4
1 210 359 5522.7
1 211 359 5550.7
1 212 360 5470.5
1 212 361 5507.7
1 208 362 5529.9
1 209 362 5534.6
1 210 362 5541.7
1 211 362 5547.4
1 207 363 5526.1
1 206 364 5520.7
1 206 365 5522.0
1 206 366 5522.2
1 206 367 5521.4
1 206 368 5520.4
1 206 369 5519.2
1 207 369 5525.6
1 208 369 5542.1
1 209 369 5563.8
1 210 369 5588.2
1 211 369 5618.5
1 212 369 5654.9
1 213 369 5699.1
1 214 370 5595.6
1 215 370 5629.4
1 216 372 5626.7
1 214 373 5263.1
1 215 373 5351.3
1 214 374 5220.0
1 213 375 5270.2
1 212 376 5247.8
1 211 377 5194.7
1 211 378 5183.6
1 211 379 5178.1
1 211 380 5180.2
1 211 381 5189.3
1 211 382 5243.7
1 211 383 5293.5
1 212 384 45000.0
1 212 385 45000.0
1 212 386 45000.0
1 212 387 45000.0
1 212 388 45000.0
1 212 389 45000.0
1 212 390 45000.0
1 212 391 45000.0
1 212 392 45000.0
1 212 393 45000.0
1 213 394 45000.0
1 213 395 45000.0
1 213 396 45000.0
1 213 397 45000.0
1 213 398 45000.0
1 213 399 45000.0
1 213 400 45000.0
1 213 401 45000.0
1 213 402 45000.0
1 214 403 45000.0
1 214 404 45000.0
1 214 405 45000.0
1 214 406 45000.0
1 214 407 45000.0
1 214 409 45000.0
1 214 410 45000.0
1 214 411 45000.0
1 214 412 45000.0
1 214 413 45000.0
1 214 414 45000.0
1 214 415 45000.0
1 215 416 45000.0
1 215 417 45000.0
1 227 417 45000.0
1 228 417 45000.0
1 229 417 45000.0
1 216 418 45000.0
1 226 418 45000.0
1 230 418 45000.0
1 217 419 45000.0
1 218 419 45000.0
1 219 419 45000.0
1 220 419 45000.0
1 221 419 45000.0
1 222 419 45000.0
1 223 419 45000.0
1 224 419 45000.0
1 225 419 45000.0
1 229 419 45000.0
1 229 420 45000.0
1 226 421 45000.0
1 227 421 45000.0
1 228 421 45000.0
1 224 422 45000.0
1 225 422 45000.0
1 224 423 45000.0
1 224 424 45000.0
1 225 424 45000.0
1 226 424 45000.0
1 227 424 45000.0
1 228 424 45000.0
1 229 425 45000.0
1 229 426 45000.0
1 229 427 45000.0
1 229 428 45000.0
1 229 429 45000.0
1 228 430 45000.0
1 228 431 45000.0
1 228 432 45000.0
1 228 433 45000.0
1 228 434 45000.0
1 228 435 45000.0
1 229 435 45000.0
1 230 436 45000.0
1 230 437 45000.0
1 230 438 45000.0
1 230 439 45000.0
1 230 440 45000.0
1 230 441 45000.0
1 230 442 45000.0
1 230 443 45000.0
1 230 444 45000.0
1 230 445 45000.0
1 230 446 45000.0
1 230 447 45000.0
1 230 448 45000.0
1 230 449 45000.0
1 230 450 45000.0
1 230 451 45000.0
1 230 452 45000.0
1 230 453 45000.0
1 230 454 45000.0
1 230 455 45000.0
1 230 456 45000.0
1 231 457 45000.0
1 231 458 45000.0
1 231 459 45000.0
1 231 460 45000.0
1 232 461 45000.0
1 232 462 45000.0
1 232 463 45000.0
1 232 464 45000.0
1 233 464 45000.0
1 234 464 45000.0
1 235 464 45000.0
1 236 464 45000.0
1 237 464 45000.0
1 238 464 45000.0
1 239 465 45000.0
1 239 466 45000.0
1 239 467 5337.1
1 238 468 5337.1
1 238 469 5337.1
1 238 470 5337.1
1 239 471 5337.1
1 240 471 5337.1
1 241 472 5337.1
1 242 472 5337.1
1 243 472 5337.1
1 244 473 5337.1
1 245 474 5337.1
1 246 475 5337.1
1 246 476 5337.1
1 246 477 5337.1
1 246 478 5337.1
1 246 479 5337.1
1 246 480 5337.1
1 245 481 5337.1
1 245 482 5337.1
1 244 483 5337.1
1 243 484 5337.1
1 243 485 5337.1
1 243 486 5337.1
1 243 487 5337.1
1 243 488 5337.1
1 243 489 5337.1
1 242 490 5337.1
1 242 491 5337.1
1 241 492 5337.1
1 241 493 5337.1
1 240 494 5337.1
1 239 495 5337.1
1 238 496 5337.1
1 235 497 5337.1
1 236 497 5337.1
1 237 497 5337.1
1 233 498 5337.1
1 234 498 5337.1
1 233 499 5337.1
1 232 500 5337.1
1 231 501 5337.1
1 231 502 5337.1
1 231 503 5337.1
1 231 504 5337.1
1 231 505 5337.1
1 231 506 5337.1
1 231 507 5337.1
1 231 508 5337.1
1 231 509 5337.1
1 231 510 5337.1
1 231 511 5337.1
1 231 512 5337.1
1 231 513 5337.1
1 231 514 5337.1
1 231 515 5337.1
1 232 516 5337.1
1 232 517 5337.1
1 232 518 5337.1
1 233 519 5337.1
1 233 520 5337.1
1 233 521 5337.1
1 234 522 5337.1
1 234 523 5337.1
1 235 524 5337.1
1 235 525 5337.1
1 236 525 5337.1
1 237 525 5337.1
1 238 525 5337.1
1 239 526 5337.1
1 239 527 5337.1
1 240 528 5437.9
1 240 529 5453.1
1 241 530 5519.7
1 241 531 5549.7
1 241 532 5566.6
1 241 533 5578.1
1 241 534 5586.4
1 242 535 5064.8
1 242 536 5076.1
1 243 536 5094.1
1 244 536 5126.6
1 245 536 5155.2
1 246 537 5210.6
1 246 538 5227.7
1 247 539 5267.6
1 248 540 5303.1
1 249 540 5315.2
1 250 540 5331.6
1 251 541 5365.2
1 250 544 5398.8
1 251 544 5401.1
1 245 545 5344.2
1 246 545 5355.4
1 247 545 5374.0
1 248 545 5387.7
1 249 545 5393.2
1 243 546 5317.7
1 244 546 5321.7
1 243 547 5318.4
1 242 548 5314.5
1 242 549 5314.8
1 241 550 5308.6
1 241 551 5306.9
1 240 552 5296.5
1 239 553 5285.5
1 238 554 0.0
1 237 555 5249.9
1 236 556 5248.8
1 236 557 5248.8
1 232 558 5189.1
1 233 558 5186.1
1 234 558 5193.8
1 235 558 5197.3
1 232 559 5201.2
1 231 560 5201.4
1 231 561 5209.8
1 231 562 5216.5
1 231 563 5221.6
1 231 564 5222.9
1 230 565 5389.7
1 230 566 5382.9
1 230 567 5372.0
1 230 568 5359.6
1 215 371 5678.1
1 39 51 6043.2
1 39 52 5967.8
1 38 53 5714.5
1 38 54 5641.8
1 37 55 5375.6
1 36 56 5152.8
1 35 57 4950.0
1 35 58 4889.0
1 35 59 4787.7
1 35 60 8397.7
1 35 61 8262.3
1 35 62 8125.5
1 35 63 7985.2
1 35 64 7841.2
1 35 65 7693.4
1 35 66 7542.6
1 35 67 7395.4
1 35 68 7276.3
1 36 69 10770.0
1 36 70 10502.6
1 36 71 10250.3
1 36 72 10007.1
1 36 73 9772.1
1 36 74 9559.1
1 36 75 9377.7
1 36 76 9287.9
1 36 77 9255.2
1 230 569 5347.0
1 230 570 5333.5
1 230 571 5317.4
1 230 572 5306.0
1 230 573 5316.9
1 230 574 5332.4
1 230 575 5342.6
1 230 576 5344.7
1 230 577 5179.6
1 230 578 5212.8
1 230 579 5245.9
1 230 580 5275.3
1 230 581 5278.4
1 230 582 5283.8
1 230 583 5286.3
1 230 584 5285.4
1 230 585 5282.0
1 230 586 5277.4
1 230 587 5271.3
1 230 588 5267.4
1 229 589 5251.5
1 229 590 5242.2
1 228 591 5219.5
1 228 592 5203.8
1 228 593 5186.5
1 228 594 5164.3
1 227 595 5120.1
1 227 596 5096.9
1 227 597 5068.8
1 227 598 5035.6
1 227 599 4786.4
1 226 600 4700.2
1 226 601 4698.2
1 226 602 4696.9
1 226 603 4697.6
1 225 604 4268.5
1 224 605 4268.5
1 223 606 4290.4
1 222 607 4310.8
1 223 605 4275.0
1 114 114 -8009.42
1 117 120 -760.408
1 129 121 -4356.0
1 130 122 -760.408
1 133 112 -37096.3
1 135 194 -1462.99
1 143 126 -15597.3
1 143 172 -5620.65
1 143 190 -14051.6
1 144 166 -6042.19
1 144 172 -2810.32
1 144 182 -58033.2
1 144 190 -10538.7
1 146 117 -11100.8
1 146 188 -19672.3
1 147 132 -3372.39
1 147 145 -1322.47
1 148 167 -9836.13
1 148 176 -760.408
1 148 196 -5761.16
1 150 141 -8571.48
1 150 198 -8852.52
1 151 142 -19391.2
1 151 195 -8149.94
1 152 125 -760.408
1 152 132 -27458.5
1 153 133 -140.52
1 153 142 -1686.19
1 153 192 -13489.5
1 154 125 -281.03
1 154 171 -2446.6
1 155 112 -12927.5
1 156 129 -215833.0
1 157 135 -1520.82
1 157 140 -33583.4
1 158 133 -760.408
1 158 137 -8571.48
1 158 181 -20936.9
1 159 119 -47494.4
1 159 173 -18688.7
1 160 119 -3512.9
1 161 188 -140.52
1 162 119 -843.1
1 162 121 -18407.6
1 162 128 -219205.0
1 162 167 -2107.74
1 162 169 -1967.23
1 163 138 -5397.44
1 164 135 -15035.2
1 165 131 -421.55
1 167 125 -3231.87
1 167 259 -421.55
1 168 123 -6182.71
1 168 208 -1686.19
1 170 131 -8712.0
1 173 224 -4215.48
1 174 135 -2950.84
1 175 134 -20936.9
1 175 204 -7025.81
1 176 176 -1826.71
1 176 202 -2388.77
1 177 133 -24590.3
1 177 211 -2669.81
1 178 164 -5901.68
1 178 261 -281.03
1 179 181 -6885.29
1 179 183 -16580.9
1 179 210 -30492.0
1 180 208 -11522.3
1 183 184 -2669.81
1 184 246 -28946.3
1 187 200 -15597.3
1 187 281 -1826.71
1 188 240 -18407.6
1 188 258 -11522.3
1 190 281 -14051.6
1 191 191 -90773.4
1 193 256 -140.52
1 193 260 -29884.1
1 197 204 -5901.68
1 197 252 -1967.23
1 198 297 -281.03
1 198 298 -891.818
1 199 211 -5620.65
1 199 298 -760.408
1 200 298 -803.528
1 201 234 -702.58
1 203 275 -16861.9
1 203 280 -4777.55
1 204 248 -15084.4
1 205 300 -812.668
1 206 196 -4777.55
1 206 286 -11241.3
1 206 300 -1533.78
1 210 264 -843.1
1 211 255 -1264.65
1 212 258 -2669.81
1 213 264 -421.55
1 214 240 -702.58
1 215 260 -12646.5
1 217 264 -8430.97
1 217 365 -702.58
1 218 179 -233538.0
1 219 310 -2669.81
1 221 223 -843.1
1 221 246 -44403.1
1 221 284 -25232.9
1 222 352 -39205.8
1 222 369 -4637.03
1 223 271 -8712.0
1 224 374 -7004.01
1 226 350 -239.51
1 226 365 -2520.1
1 230 255 -30913.6
1 231 401 -760.408
1 232 364 -113.15
1 232 370 -8.71
1 233 337 -760.408
1 233 394 -1547.0
1 234 304 -4247.17
1 234 393 -785.378
1 235 367 -32881.1
1 235 400 -1686.19
1 235 605 -1019.84
1 235 609 -6617.37
1 236 263 -26557.6
1 236 351 -5620.65
1 237 237 -19953.3
1 237 316 -26809.5
1 237 389 -760.408
1 238 221 -983.61
1 238 605 -3806.83
1 238 609 -1520.82
1 239 426 -702.58
1 239 605 -3802.04
1 239 606 -2336.13
1 239 619 -10596.5
1 240 380 -898.828
1 240 426 -965.668
1 240 608 -3067.98
1 241 604 -824.658
1 242 311 -9434.14
1 243 371 -9178.42
1 243 389 -1405.16
1 243 422 -140.52
1 243 431 -241.49
1 243 605 -3802.04
1 244 431 -793.89
1 244 605 -4621.03
1 244 621 -3853.22
1 245 238 -10960.3
1 245 322 -5672.81
1 245 337 -760.408
1 245 370 -14.05
1 245 621 -760.408
1 246 321 -3961.26
1 246 618 -2339.36
1 247 344 -805.4680000000001
1 247 383 -9294.26
1 247 384 -2674550.0
1 248 251 -15955.4
1 248 424 -2810.32
1 248 436 -4918.06
1 248 442 -140.52
1 248 444 -4790.94
1 248 589 -3653.42
1 249 373 -776.048
1 249 424 -760.408
1 249 430 -42156.9
1 249 436 -7372.15
1 249 606 -3852.42
1 250 326 -2845.24
1 250 424 -760.408
1 250 425 -769185.0
1 250 431 -44304.4
1 250 595 -2307.07
1 251 356 -105966.0
1 251 408 -563.62
1 251 456 -760.408
1 251 457 -18.91
1 251 594 -760.408
1 251 595 -1057.48
1 251 596 -1628.84
1 252 230 -34988.5
1 252 285 -3091.35
1 252 329 -31272.7
1 252 450 -281.03
1 252 595 -865.5880000000001
1 252 606 -780.248
1 253 331 -14131.3
1 253 332 -19487.2
1 253 416 -421.55
1 253 420 -10963.5
1 253 445 -13989.0
1 254 338 -983.61
1 254 367 -23681.6
1 254 407 -123853.0
1 254 597 -760.408
1 254 607 -7364.67
1 255 381 -17986.1
1 255 383 -40609.2
1 255 388 -91054.5
1 255 395 -281.03
1 255 420 -9695.61
1 255 439 -27119.6
1 255 443 -156575.0
1 255 595 -1003.02
1 255 596 -910.868
1 255 606 -6943.12
1 255 609 -1520.82
1 256 314 -5368.79
1 256 335 -6744.77
1 256 341 -421.55
1 256 370 -6218.31
1 256 413 -1967.23
1 256 586 -65210.4
1 256 593 -3182.15
1 257 238 -2248.26
1 257 324 -6092.82
1 257 413 -421.55
1 257 576 -5048.27
1 257 599 -107570.0
1 257 600 -121125.0
1 258 325 -64598.0
1 258 336 -1942.68
1 258 420 -459.21
1 258 442 -819789.0
1 258 464 -1686.19
1 258 585 -4685.49
1 258 595 -1661.34
1 258 601 -52272.0
1 258 602 -59048.1
1 259 340 -1603.51
1 259 371 -5217.86
1 259 405 -21561.4
1 259 588 -33678.9
1 259 592 -760.408
1 259 593 -760.408
1 260 349 -562.06
1 260 407 -3709260.0
1 260 413 -478146.0
1 260 424 -253.25
1 260 461 -2950.84
1 260 463 -20796.4
1 260 585 -6130.65
1 260 586 -16700.0
1 261 337 -7025.81
1 261 381 -359308.0
1 261 395 -39961.9
1 261 416 -17283.5
1 261 418 -760.408
1 261 429 -119166.0
1 261 464 -12084.4
1 261 492 -760.408
1 261 571 -140.52
1 261 576 -14854.4
1 262 540 -275.17
1 262 564 -51777.6
1 262 568 -26557.6
1 262 570 -86839.0
1 262 571 -3231.87
1 263 434 -1758.49
1 263 471 -15316.3
1 263 477 -17845.6
1 263 520 -1593.31
1 263 574 -562.06
1 263 582 -14528.1
1 264 367 -760.408
1 264 383 -96086.3
1 264 407 -5480.13
1 264 428 -76448.1
1 264 468 -87.8
1 264 471 -17705.0
1 264 476 -281.03
1 264 477 -43560.0
1 264 523 -2843.29
1 264 549 -3954.88
1 265 364 -23532.1
1 265 374 -17283.6
1 265 422 -302691.0
1 265 523 -3218.26
1 265 557 -140.52
1 266 337 -760.408
1 266 340 -421.55
1 266 462 -3512.9
1 267 391 -16580.9
1 267 463 -2248.26
1 267 555 -760.408
1 267 556 -760.408
1 268 333 -140.52
1 268 334 -140.52
1 268 436 -3867880.0
1 268 455 -6.47
1 268 479 -983.61
1 268 480 -983.61
1 268 489 -988.9580000000001
1 269 363 -766.618
1 269 397 -43279.0
1 269 450 -843.1
1 269 456 -12740.6
1 269 541 -760.408
1 270 337 -9133.55
1 270 429 -3801.28
1 270 481 -900.928
1 270 483 -1597.6
1 270 484 -760.408
1 270 486 -25701.2
1 270 498 -103701.0
1 270 539 -140.52
1 271 319 -61687.2
1 271 371 -702.58
1 271 485 -403.2
1 271 493 -123995.0
1 271 498 -8712.0
1 272 336 -12712.6
1 272 351 -4777.55
1 272 366 -562.06
1 272 368 -243368.0
1 272 388 -589995.0
1 272 450 -8571.48
1 272 451 -16159.3
1 272 453 -1405.16
1 272 462 -1367750.0
1 272 490 -281.03
1 272 491 -7.98
1 272 497 -17783.8
1 272 498 -110305.0
1 272 530 -196569.0
1 272 532 -277545.0
1 272 535 -179678.0
1 273 363 -702.58
1 273 392 -554.56
1 273 480 -983.61
1 273 510 -760.408
1 273 516 -22169.4
1 273 517 -250500.0
1 273 518 -307.21
1 274 409 -3231.87
1 274 520 -42997.9
1 274 523 -3512.9
1 275 367 -17705.0
1 275 450 -1405.16
1 276 366 -23606.7
1 276 392 -421.55
1 276 446 -3372.39
1 276 474 -39759.2
1 277 294 -61549.2
1 277 390 -10398.2
1 277 407 -2869960.0
1 277 431 -10681.5
1 277 472 -17867.5
1 277 480 -81420.2
1 278 365 -61265.0
1 278 435 -7572.37
1 278 482 -2669.81
1 279 310 -30276.5
1 279 336 -1826.71
1 279 433 -203199.0
1 279 438 -50855.1
1 279 475 -94206.1
1 279 485 -26698.1
1 280 365 -29508.4
1 280 433 -37413.4
1 280 469 -58974.9
1 280 471 -41907.1
1 281 458 -3379800.0
1 282 409 -7306.84
1 282 424 -2810.32
1 282 430 -281.03
1 282 454 -3061.72
1 282 457 -6912.59
1 283 354 -1405.16
1 283 429 -320096.0
1 283 449 -38821.8
1 283 452 -111921.0
1 283 455 -26520.5
1 283 468 -39589.6
1 284 339 -96568.6
1 284 457 -8009.42
1 284 463 -688240.0
1 284 481 -13510.4
1 285 374 -1686.19
1 285 467 -239086.0
1 285 475 -87673.0
1 286 330 -58944.6
1 286 425 -360995.0
1 286 475 -34110.1
1 286 477 -71937.5
1 287 426 -760.408
1 287 477 -39323.7
1 288 419 -13068.0
1 288 423 -893.07
1 288 426 -760.408
1 289 351 -106933.0
1 289 404 -144577.0
1 289 459 -17.25
1 289 468 -1543.8
1 290 382 -119885.0
1 290 411 -4496.52
1 290 412 -22061.0
1 290 413 -1405.16
1 290 420 -113.84
1 291 350 -2950.84
1 291 373 -1124.13
1 291 399 -114629.0
1 291 419 -931224.0
1 292 365 -13489.5
1 292 416 -1560.1
1 292 469 -19081.8
1 293 440 -140.52
1 294 435 -281.03
1 294 447 -25533.0
1 294 458 -30919.6
1 295 391 -19531.7
1 295 430 -87816.4
1 296 388 -1047.45
1 296 398 -69608.9
1 296 406 -43133.6
1 296 433 -562.06
1 297 395 -30.47
1 297 401 -170706.0
1 297 415 -86839.0
1 297 442 -77664.2
1 298 390 -4215.48
1 299 354 -421.55
1 299 355 -289.35
1 299 387 -561.37
1 102 110 -760.408
1 102 113 -760.408
1 103 100 -760.408
1 103 104 -760.408
1 104 115 -760.408
1 105 115 -760.408
1 105 139 -760.408
1 108 117 -760.408
1 109 112 -760.408
1 111 155 -760.408
1 111 208 -760.408
1 112 181 -760.408
1 113 111 -760.408
1 113 159 -760.408
1 113 211 -760.408
1 114 173 -760.408
1 114 212 -1520.82
1 115 212 -1520.82
1 116 121 -760.408
1 116 150 -760.408
1 116 166 -760.408
1 117 119 -760.408
1 117 168 -760.408
1 117 210 -760.408
1 119 194 -760.408
1 119 202 -760.408
1 119 96 -760.408
1 120 155 -760.408
1 120 94 -760.408
1 121 187 -760.408
1 123 110 -760.408
1 123 111 -760.408
1 123 158 -760.408
1 123 168 -760.408
1 123 193 -760.408
1 123 202 -1520.82
1 125 150 -760.408
1 125 151 -760.408
1 125 193 -760.408
1 125 194 -760.408
1 126 121 -760.408
1 126 191 -760.408
1 126 195 -760.408
1 127 150 -760.408
1 127 160 -760.408
1 127 169 -760.408
1 127 195 -760.408
1 127 199 -1520.82
1 128 122 -760.408
1 128 148 -760.408
1 128 149 -760.408
1 128 152 -760.408
1 128 153 -760.408
1 128 154 -760.408
1 128 157 -760.408
1 128 199 -760.408
1 129 117 -760.408
1 129 119 -760.408
1 129 122 -760.408
1 129 146 -760.408
1 129 154 -1520.82
1 129 162 -760.408
1 129 176 -760.408
1 130 120 -760.408
1 130 154 -760.408
1 130 155 -760.408
1 130 156 -2281.23
1 130 194 -760.408
1 131 112 -760.408
1 131 121 -760.408
1 131 122 -760.408
1 131 150 -760.408
1 131 156 -760.408
1 131 157 -760.408
1 131 158 -760.408
1 131 161 -1520.82
1 131 198 -760.408
1 132 112 -760.408
1 132 155 -760.408
1 132 156 -760.408
1 132 160 -760.408
1 132 161 -1520.82
1 133 155 -760.408
1 133 159 -760.408
1 133 160 -1520.82
1 133 192 -1520.82
1 133 193 -760.408
1 134 148 -760.408
1 134 150 -760.408
1 134 151 -760.408
1 134 156 -760.408
1 134 191 -760.408
1 134 193 -3041.63
1 135 148 -3802.04
1 135 149 -1520.82
1 135 156 -760.408
1 135 157 -760.408
1 135 193 -2281.23
1 136 147 -760.408
1 136 148 -760.408
1 136 149 -760.408
1 136 150 -1520.82
1 136 153 -760.408
1 136 155 -760.408
1 137 148 -760.408
1 137 150 -760.408
1 137 153 -1520.82
1 137 154 -760.408
1 137 157 -2281.23
1 137 175 -760.408
1 137 206 -760.408
1 138 151 -760.408
1 138 152 -760.408
1 138 153 -2281.23
1 138 168 -760.408
1 138 169 -760.408
1 139 151 -760.408
1 140 138 -760.408
1 140 155 -3041.63
1 140 156 -760.408
1 140 171 -760.408
1 140 180 -760.408
1 141 149 -760.408
1 141 154 -1520.82
1 141 157 -760.408
1 141 171 -760.408
1 141 199 -1520.82
1 142 155 -760.408
1 142 156 -760.408
1 142 157 -760.408
1 142 158 -760.408
1 142 174 -760.408
1 142 179 -760.408
1 142 201 -760.408
1 143 146 -760.408
1 143 157 -2281.23
1 144 142 -1520.82
1 144 173 -760.408
1 145 142 -760.408
1 145 143 -760.408
1 145 151 -760.408
1 145 187 -760.408
1 145 226 -760.408
1 146 140 -760.408
1 146 141 -1520.82
1 146 145 -760.408
1 146 208 -760.408
1 146 229 -760.408
1 146 230 -760.408
1 146 232 -760.408
1 147 139 -2281.23
1 147 140 -760.408
1 147 141 -760.408
1 147 142 -760.408
1 147 229 -760.408
1 147 230 -760.408
1 147 233 -760.408
1 147 239 -760.408
1 147 240 -760.408
1 148 217 -760.408
1 148 221 -760.408
1 149 127 -760.408
1 149 147 -760.408
1 149 154 -760.408
1 149 222 -760.408
1 149 253 -760.408
1 150 160 -760.408
1 150 164 -760.408
1 150 177 -760.408
1 150 227 -760.408
1 150 236 -760.408
1 151 128 -760.408
1 151 228 -760.408
1 152 153 -760.408
1 152 173 -760.408
1 152 176 -760.408
1 152 222 -760.408
1 152 228 -760.408
1 153 126 -760.408
1 153 136 -760.408
1 153 155 -760.408
1 153 232 -760.408
1 153 238 -760.408
1 153 253 -760.408
1 154 126 -760.408
1 154 133 -760.408
1 154 161 -760.408
1 154 172 -760.408
1 154 220 -760.408
1 154 244 -760.408
1 155 170 -1520.82
1 155 216 -760.408
1 155 262 -760.408
1 156 160 -760.408
1 156 211 -760.408
1 156 223 -760.408
1 157 132 -760.408
1 157 133 -760.408
1 157 134 -2281.23
1 157 136 -760.408
1 157 194 -760.408
1 157 207 -760.408
1 157 240 -760.408
1 158 135 -760.408
1 158 248 -760.408
1 159 152 -760.408
1 159 231 -760.408
1 159 240 -760.408
1 159 247 -760.408
1 159 248 -760.408
1 159 250 -760.408
1 159 251 -760.408
1 159 257 -760.408
1 160 133 -760.408
1 160 249 -1520.82
1 160 251 -1520.82
1 160 252 -760.408
1 160 253 -760.408
1 160 262 -760.408
1 161 144 -1520.82
1 161 251 -760.408
1 161 253 -760.408
1 162 137 -1520.82
1 162 252 -1520.82
1 162 253 -760.408
1 163 152 -760.408
1 163 190 -760.408
1 163 236 -760.408
1 164 278 -760.408
1 164 290 -760.408
1 164 299 -760.408
1 165 133 -1520.82
1 165 134 -1520.82
1 165 135 -760.408
1 165 290 -760.408
1 166 131 -760.408
1 166 132 -760.408
1 166 133 -1520.82
1 166 134 -760.408
1 166 135 -760.408
1 166 210 -760.408
1 166 254 -760.408
1 166 255 -760.408
1 167 127 -760.408
1 167 132 -1520.82
1 167 133 -1520.82
1 167 134 -2281.23
1 167 256 -760.408
1 167 288 -760.408
1 167 294 -760.408
1 168 130 -760.408
1 168 131 -760.408
1 168 132 -3041.63
1 168 133 -3041.63
1 168 286 -760.408
1 168 287 -1520.82
1 168 291 -1520.82
1 169 128 -1520.82
1 169 129 -3041.63
1 169 131 -760.408
1 169 132 -3802.04
1 169 133 -2281.23
1 169 134 -6843.68
1 169 135 -760.408
1 169 236 -760.408
1 169 260 -760.408
1 169 271 -760.408
1 169 287 -760.408
1 169 290 -760.408
1 170 133 -2281.23
1 170 134 -9124.9
1 170 136 -760.408
1 170 187 -760.408
1 170 256 -760.408
1 170 287 -760.408
1 170 292 -760.408
1 171 133 -1520.82
1 171 134 -760.408
1 171 136 -3802.04
1 171 290 -760.408
1 172 257 -760.408
1 172 284 -760.408
1 172 295 -1520.82
1 172 311 -760.408
1 173 258 -760.408
1 173 278 -760.408
1 173 290 -760.408
1 173 292 -760.408
1 173 293 -1520.82
1 173 294 -760.408
1 174 124 -760.408
1 174 253 -760.408
1 174 261 -760.408
1 174 270 -760.408
1 174 283 -760.408
1 174 289 -760.408
1 174 293 -760.408
1 175 260 -760.408
1 175 288 -760.408
1 175 292 -1520.82
1 175 293 -760.408
1 175 296 -760.408
1 175 305 -760.408
1 176 274 -760.408
1 176 305 -760.408
1 177 289 -760.408
1 177 290 -760.408
1 178 243 -760.408
1 178 280 -760.408
1 178 285 -760.408
1 178 302 -760.408
1 178 305 -760.408
1 178 306 -760.408
1 178 311 -760.408
1 179 278 -760.408
1 179 285 -760.408
1 180 149 -760.408
1 180 286 -760.408
1 181 297 -760.408
1 181 307 -760.408
1 181 308 -760.408
1 183 242 -760.408
1 183 285 -760.408
1 183 295 -760.408
1 183 308 -760.408
1 183 309 -760.408
1 183 318 -760.408
1 184 263 -760.408
1 184 285 -760.408
1 184 313 -760.408
1 184 319 -760.408
1 185 257 -760.408
1 185 305 -760.408
1 185 306 -760.408
1 185 307 -760.408
1 185 315 -760.408
1 186 255 -760.408
1 186 265 -760.408
1 186 307 -1520.82
1 186 310 -760.408
1 188 262 -760.408
1 188 294 -760.408
1 188 295 -760.408
1 189 295 -760.408
1 189 309 -760.408
1 190 307 -760.408
1 190 308 -760.408
1 190 324 -760.408
1 191 292 -1520.82
1 191 304 -760.408
1 191 305 -760.408
1 192 258 -760.408
1 192 284 -760.408
1 192 304 -760.408
1 192 316 -760.408
1 192 319 -760.408
1 193 262 -760.408
1 193 301 -760.408
1 193 311 -760.408
1 193 313 -1520.82
1 194 284 -760.408
1 194 313 -760.408
1 195 269 -760.408
1 195 287 -760.408
1 195 289 -760.408
1 195 300 -760.408
1 195 311 -760.408
1 195 313 -760.408
1 196 269 -760.408
1 196 275 -760.408
1 196 303 -760.408
1 196 324 -760.408
1 196 333 -760.408
1 197 264 -760.408
1 197 283 -760.408
1 197 300 -760.408
1 197 322 -760.408
1 197 325 -760.408
1 198 242 -760.408
1 198 276 -1520.82
1 198 309 -760.408
1 198 311 -760.408
1 199 283 -760.408
1 199 311 -760.408
1 199 324 -760.408
1 200 280 -760.408
1 200 286 -760.408
1 200 296 -760.408
1 200 299 -760.408
1 200 306 -760.408
1 200 307 -760.408
1 200 312 -760.408
1 200 343 -760.408
1 200 345 -760.408
1 201 257 -760.408
1 202 280 -760.408
1 202 287 -760.408
1 202 297 -760.408
1 202 301 -760.408
1 202 302 -760.408
1 203 215 -760.408
1 203 304 -760.408
1 203 305 -760.408
1 203 309 -760.408
1 203 315 -760.408
1 205 263 -760.408
1 205 303 -760.408
1 205 304 -760.408
1 205 317 -760.408
1 205 318 -760.408
1 205 319 -760.408
1 206 264 -760.408
1 206 270 -760.408
1 206 301 -760.408
1 206 304 -760.408
1 206 315 -760.408
1 206 317 -1520.82
1 207 262 -760.408
1 207 300 -760.408
1 207 301 -1520.82
1 207 303 -760.408
1 207 304 -760.408
1 207 306 -1520.82
1 207 315 -760.408
1 207 317 -760.408
1 208 298 -1520.82
1 208 299 -1520.82
1 208 306 -760.408
1 208 317 -760.408
1 208 328 -760.408
1 209 284 -760.408
1 209 297 -760.408
1 209 302 -760.408
1 210 284 -760.408
1 210 301 -760.408
1 210 302 -760.408
1 210 342 -760.408
1 211 301 -760.408
1 211 321 -760.408
1 212 295 -760.408
1 212 347 -760.408
1 213 226 -760.408
1 213 287 -760.408
1 213 303 -760.408
1 213 329 -760.408
1 214 319 -760.408
1 215 289 -760.408
1 215 311 -760.408
1 215 353 -760.408
1 216 323 -760.408
1 216 341 -760.408
1 217 244 -760.408
1 217 249 -760.408
1 217 351 -760.408
1 218 209 -760.408
1 218 243 -760.408
1 218 292 -760.408
1 218 345 -1520.82
1 221 240 -760.408
1 221 611 -760.408
1 222 254 -760.408
1 222 362 -760.408
1 224 338 -760.408
1 224 359 -760.408
1 225 323 -760.408
1 225 329 -760.408
1 225 332 -760.408
1 225 368 -760.408
1 225 373 -760.408
1 225 378 -760.408
1 225 382 -1520.82
1 226 323 -760.408
1 226 388 -1520.82
1 226 618 -760.408
1 227 315 -760.408
1 228 606 -760.408
1 229 385 -1520.82
1 229 392 -760.408
1 229 393 -760.408
1 229 397 -3041.63
1 229 618 -3802.04
1 230 338 -760.408
1 230 373 -1520.82
1 230 384 -760.408
1 230 392 -1520.82
1 230 393 -3041.63
1 230 396 -760.408
1 230 605 -760.408
1 231 343 -760.408
1 231 383 -760.408
1 231 392 -3802.04
1 231 393 -8364.49
1 231 398 -760.408
1 231 603 -760.408
1 231 607 -1520.82
1 232 259 -760.408
1 232 300 -760.408
1 232 384 -760.408
1 232 389 -760.408
1 232 393 -4562.45
1 232 394 -3041.63
1 232 405 -760.408
1 232 604 -1520.82
1 232 606 -1520.82
1 232 607 -2281.23
1 232 608 -760.408
1 233 373 -760.408
1 233 393 -760.408
1 233 403 -760.408
1 233 406 -3041.63
1 233 601 -1520.82
1 233 602 -760.408
1 234 374 -760.408
1 234 388 -760.408
1 234 389 -760.408
1 234 406 -2281.23
1 234 407 -1520.82
1 234 601 -760.408
1 234 602 -1520.82
1 234 603 -2281.23
1 234 604 -760.408
1 234 605 -1520.82
1 234 606 -760.408
1 234 609 -760.408
1 234 620 -760.408
1 234 621 -760.408
1 235 342 -760.408
1 235 368 -760.408
1 235 389 -760.408
1 235 392 -760.408
1 235 404 -760.408
1 235 406 -760.408
1 235 599 -760.408
1 235 600 -1520.82
1 235 602 -2281.23
1 235 603 -760.408
1 235 606 -760.408
1 235 608 -760.408
1 236 256 -760.408
1 236 359 -760.408
1 236 377 -1520.82
1 236 378 -760.408
1 236 389 -1520.82
1 236 600 -760.408
1 236 601 -760.408
1 236 602 -1520.82
1 236 605 -760.408
1 236 606 -760.408
1 236 607 -760.408
1 236 620 -760.408
1 237 330 -760.408
1 237 377 -760.408
1 237 384 -760.408
1 237 388 -760.408
1 237 605 -1520.82
1 237 606 -2281.23
1 237 607 -1520.82
1 237 608 -3802.04
1 237 609 -2281.23
1 237 620 -760.408
1 238 346 -760.408
1 238 391 -760.408
1 238 410 -760.408
1 238 602 -760.408
1 238 603 -760.408
1 238 606 -3802.04
1 238 607 -4562.45
1 238 608 -3041.63
1 238 610 -760.408
1 239 297 -760.408
1 239 323 -760.408
1 239 404 -760.408
1 239 601 -760.408
1 239 603 -760.408
1 239 607 -1520.82
1 239 608 -3041.63
1 239 609 -2281.23
1 239 610 -1520.82
1 239 615 -1520.82
1 240 267 -760.408
1 240 319 -760.408
1 240 327 -760.408
1 240 352 -760.408
1 240 374 -1520.82
1 240 392 -1520.82
1 240 396 -760.408
1 240 406 -760.408
1 240 603 -760.408
1 240 605 -2281.23
1 240 606 -3041.63
1 240 607 -1520.82
1 240 620 -1520.82
1 240 621 -760.408
1 241 339 -760.408
1 241 352 -760.408
1 241 370 -1520.82
1 241 375 -760.408
1 241 409 -760.408
1 241 577 -760.408
1 241 603 -1520.82
1 241 605 -2281.23
1 241 606 -1520.82
1 241 607 -1520.82
1 241 608 -1520.82
1 241 609 -3802.04
1 241 610 -760.408
1 241 611 -760.408
1 241 620 -760.408
1 241 621 -760.408
1 242 314 -760.408
1 242 318 -760.408
1 242 336 -760.408
1 242 338 -760.408
1 242 339 -760.408
1 242 373 -2281.23
1 242 374 -4562.45
1 242 406 -1520.82
1 242 603 -1520.82
1 242 604 -5322.86
1 242 605 -6843.68
1 242 606 -2281.23
1 242 607 -3802.04
1 242 608 -3802.04
1 242 609 -2281.23
1 242 610 -2281.23
1 242 616 -760.408
1 242 622 -760.408
1 242 623 -2281.23
1 243 366 -760.408
1 243 369 -760.408
1 243 372 -1520.82
1 243 373 -6083.27
1 243 374 -2281.23
1 243 386 -760.408
1 243 391 -760.408
1 243 405 -760.408
1 243 406 -760.408
1 243 407 -1520.82
1 243 409 -760.408
1 243 577 -760.408
1 243 606 -5322.86
1 243 607 -3802.04
1 243 608 -1520.82
1 243 609 -4562.45
1 243 620 -760.408
1 243 622 -1520.82
1 243 623 -6083.27
1 244 371 -760.408
1 244 372 -1520.82
1 244 373 -2281.23
1 244 415 -760.408
1 244 598 -760.408
1 244 606 -3041.63
1 244 607 -760.408
1 244 611 -760.408
1 244 616 -760.408
1 244 622 -760.408
1 244 623 -3041.63
1 244 624 -760.408
1 245 312 -760.408
1 245 315 -760.408
1 245 326 -760.408
1 245 335 -760.408
1 245 338 -760.408
1 245 356 -1520.82
1 245 371 -760.408
1 245 413 -760.408
1 245 586 -760.408
1 245 604 -760.408
1 245 605 -2281.23
1 245 606 -3802.04
1 245 607 -3041.63
1 245 609 -3802.04
1 245 610 -1520.82
1 245 612 -1520.82
1 245 616 -1520.82
1 245 619 -760.408
1 245 620 -1520.82
1 245 622 -760.408
1 246 214 -760.408
1 246 342 -760.408
1 246 356 -760.408
1 246 357 -760.408
1 246 374 -760.408
1 246 413 -760.408
1 246 590 -760.408
1 246 599 -760.408
1 246 600 -4562.45
1 246 605 -3041.63
1 246 606 -5322.86
1 246 607 -3041.63
1 246 610 -760.408
1 246 612 -1520.82
1 246 614 -760.408
1 246 615 -760.408
1 246 623 -760.408
1 247 314 -760.408
1 247 331 -760.408
1 247 367 -1520.82
1 247 368 -3802.04
1 247 387 -1520.82
1 247 413 -760.408
1 247 578 -760.408
1 247 597 -760.408
1 247 598 -5322.86
1 247 599 -4562.45
1 247 600 -7604.08
1 247 601 -7604.08
1 247 605 -1520.82
1 247 609 -1520.82
1 247 610 -1520.82
1 247 611 -3041.63
1 247 612 -3041.63
1 247 613 -1520.82
1 247 618 -1520.82
1 247 619 -760.408
1 247 623 -760.408
1 248 307 -760.408
1 248 367 -760.408
1 248 368 -3041.63
1 248 371 -1520.82
1 248 372 -3802.04
1 248 387 -1520.82
1 248 388 -4562.45
1 248 413 -760.408
1 248 416 -760.408
1 248 529 -760.408
1 248 567 -760.408
1 248 596 -5322.86
1 248 597 -3802.04
1 248 598 -7604.08
1 248 599 -4562.45
1 248 600 -3041.63
1 248 601 -4562.45
1 248 602 -2281.23
1 248 605 -760.408
1 248 608 -760.408
1 248 609 -1520.82
1 248 610 -2281.23
1 248 611 -4562.45
1 248 612 -4562.45
1 248 613 -5322.86
1 248 618 -760.408
1 248 619 -760.408
1 248 620 -760.408
1 248 623 -1520.82
1 249 333 -760.408
1 249 334 -760.408
1 249 365 -1520.82
1 249 366 -2281.23
1 249 367 -760.408
1 249 368 -2281.23
1 249 371 -760.408
1 249 387 -760.408
1 249 388 -760.408
1 249 400 -760.408
1 249 412 -760.408
1 249 567 -760.408
1 249 593 -1520.82
1 249 595 -4562.45
1 249 596 -5322.86
1 249 597 -8364.49
1 249 603 -2281.23
1 249 604 -6083.27
1 249 605 -3802.04
1 249 607 -3041.63
1 249 609 -760.408
1 249 610 -1520.82
1 249 611 -3802.04
1 249 612 -6843.68
1 249 613 -1520.82
1 249 618 -760.408
1 249 623 -760.408
1 250 331 -760.408
1 250 355 -760.408
1 250 365 -1520.82
1 250 366 -3802.04
1 250 367 -2281.23
1 250 368 -760.408
1 250 369 -1520.82
1 250 370 -1520.82
1 250 371 -4562.45
1 250 382 -760.408
1 250 406 -760.408
1 250 413 -760.408
1 250 414 -760.408
1 250 423 -760.408
1 250 436 -760.408
1 250 568 -760.408
1 250 579 -760.408
1 250 591 -760.408
1 250 594 -760.408
1 250 596 -6083.27
1 250 597 -1520.82
1 250 602 -760.408
1 250 603 -5322.86
1 250 604 -4562.45
1 250 605 -3041.63
1 250 607 -760.408
1 250 608 -2281.23
1 250 609 -760.408
1 250 610 -760.408
1 250 613 -760.408
1 251 276 -760.408
1 251 322 -760.408
1 251 365 -2281.23
1 251 366 -6843.68
1 251 367 -1520.82
1 251 368 -1520.82
1 251 371 -760.408
1 251 379 -760.408
1 251 407 -760.408
1 251 414 -760.408
1 251 424 -760.408
1 251 598 -760.408
1 251 604 -760.408
1 251 605 -760.408
1 251 607 -760.408
1 251 610 -760.408
1 252 236 -760.408
1 252 365 -2281.23
1 252 366 -5322.86
1 252 367 -5322.86
1 252 368 -1520.82
1 252 376 -760.408
1 252 412 -760.408
1 252 416 -760.408
1 252 428 -760.408
1 252 506 -760.408
1 252 507 -760.408
1 252 528 -760.408
1 252 534 -760.408
1 252 544 -760.408
1 252 576 -760.408
1 252 591 -1520.82
1 252 596 -1520.82
1 252 597 -1520.82
1 252 598 -760.408
1 252 599 -1520.82
1 252 608 -1520.82
1 252 609 -760.408
1 252 611 -760.408
1 252 620 -760.408
1 253 259 -760.408
1 253 342 -760.408
1 253 363 -760.408
1 253 365 -1520.82
1 253 366 -4562.45
1 253 367 -3041.63
1 253 370 -760.408
1 253 375 -1520.82
1 253 404 -760.408
1 253 433 -1520.82
1 253 506 -760.408
1 253 543 -760.408
1 253 546 -760.408
1 253 547 -760.408
1 253 566 -760.408
1 253 586 -1520.82
1 253 596 -760.408
1 253 597 -3041.63
1 253 601 -760.408
1 253 604 -760.408
1 253 605 -760.408
1 253 614 -2281.23
1 254 366 -1520.82
1 254 478 -760.408
1 254 581 -760.408
1 254 584 -760.408
1 254 585 -4562.45
1 254 586 -3802.04
1 254 587 -2281.23
1 254 588 -2281.23
1 254 589 -3041.63
1 254 598 -760.408
1 254 599 -760.408
1 254 601 -1520.82
1 254 604 -1520.82
1 254 605 -760.408
1 254 606 -760.408
1 254 611 -760.408
1 255 341 -760.408
1 255 346 -760.408
1 255 371 -760.408
1 255 402 -760.408
1 255 442 -760.408
1 255 445 -760.408
1 255 461 -760.408
1 255 479 -760.408
1 255 512 -760.408
1 255 513 -760.408
1 255 526 -760.408
1 255 547 -760.408
1 255 548 -760.408
1 255 565 -760.408
1 255 583 -2281.23
1 255 584 -3041.63
1 255 585 -3041.63
1 255 586 -3041.63
1 255 587 -1520.82
1 255 588 -760.408
1 255 591 -760.408
1 255 594 -760.408
1 255 597 -760.408
1 255 600 -1520.82
1 255 607 -760.408
1 256 346 -760.408
1 256 350 -760.408
1 256 367 -760.408
1 256 373 -760.408
1 256 374 -760.408
1 256 491 -760.408
1 256 526 -760.408
1 256 531 -2281.23
1 256 532 -760.408
1 256 547 -760.408
1 256 548 -1520.82
1 256 549 -760.408
1 256 575 -760.408
1 256 578 -1520.82
1 256 580 -760.408
1 256 584 -2281.23
1 256 585 -1520.82
1 256 592 -1520.82
1 256 594 -5322.86
1 256 595 -3041.63
1 256 607 -3041.63
1 256 608 -1520.82
1 256 609 -760.408
1 257 330 -760.408
1 257 461 -760.408
1 257 497 -760.408
1 257 503 -760.408
1 257 506 -760.408
1 257 512 -760.408
1 257 527 -2281.23
1 257 529 -760.408
1 257 532 -760.408
1 257 549 -760.408
1 257 574 -760.408
1 257 575 -2281.23
1 257 584 -2281.23
1 257 585 -2281.23
1 257 593 -1520.82
1 257 594 -6083.27
1 257 595 -3041.63
1 257 597 -1520.82
1 257 606 -5322.86
1 257 607 -760.408
1 258 307 -760.408
1 258 330 -760.408
1 258 366 -760.408
1 258 485 -1520.82
1 258 489 -1520.82
1 258 491 -760.408
1 258 493 -760.408
1 258 494 -760.408
1 258 496 -760.408
1 258 497 -760.408
1 258 498 -2281.23
1 258 499 -1520.82
1 258 502 -760.408
1 258 503 -760.408
1 258 529 -1520.82
1 258 531 -760.408
1 258 532 -760.408
1 258 533 -1520.82
1 258 535 -760.408
1 258 546 -760.408
1 258 550 -760.408
1 258 556 -1520.82
1 258 564 -760.408
1 258 576 -760.408
1 258 583 -760.408
1 258 584 -2281.23
1 258 586 -2281.23
1 258 594 -2281.23
1 258 606 -3802.04
1 258 607 -760.408
1 259 346 -760.408
1 259 369 -1520.82
1 259 402 -760.408
1 259 444 -760.408
1 259 456 -760.408
1 259 485 -760.408
1 259 486 -760.408
1 259 488 -760.408
1 259 489 -760.408
1 259 490 -1520.82
1 259 509 -1520.82
1 259 510 -760.408
1 259 522 -760.408
1 259 528 -760.408
1 259 529 -760.408
1 259 531 -760.408
1 259 532 -760.408
1 259 545 -760.408
1 259 549 -760.408
1 259 554 -1520.82
1 259 555 -1520.82
1 259 556 -2281.23
1 259 557 -2281.23
1 259 575 -3041.63
1 259 576 -760.408
1 259 579 -760.408
1 259 584 -760.408
1 259 585 -3041.63
1 259 586 -1520.82
1 260 369 -1520.82
1 260 404 -1520.82
1 260 443 -760.408
1 260 454 -760.408
1 260 485 -760.408
1 260 486 -1520.82
1 260 487 -760.408
1 260 492 -760.408
1 260 499 -760.408
1 260 502 -1520.82
1 260 517 -760.408
1 260 527 -760.408
1 260 545 -2281.23
1 260 548 -760.408
1 260 554 -760.408
1 260 556 -760.408
1 260 567 -760.408
1 260 576 -760.408
1 260 577 -760.408
1 261 397 -760.408
1 261 404 -760.408
1 261 444 -760.408
1 261 483 -760.408
1 261 487 -760.408
1 261 501 -760.408
1 261 502 -760.408
1 261 545 -760.408
1 261 551 -760.408
1 261 552 -760.408
1 261 565 -760.408
1 262 254 -760.408
1 262 353 -1520.82
1 262 369 -760.408
1 262 425 -760.408
1 262 443 -760.408
1 262 458 -760.408
1 262 483 -1520.82
1 262 493 -760.408
1 262 501 -760.408
1 262 502 -760.408
1 262 523 -760.408
1 262 524 -760.408
1 262 535 -760.408
1 262 536 -760.408
1 262 537 -760.408
1 262 542 -760.408
1 262 546 -760.408
1 262 584 -760.408
1 262 587 -760.408
1 263 355 -760.408
1 263 415 -760.408
1 263 484 -760.408
1 263 493 -760.408
1 263 509 -760.408
1 263 522 -760.408
1 263 523 -1520.82
1 263 524 -1520.82
1 263 541 -1520.82
1 263 542 -760.408
1 263 543 -760.408
1 263 546 -1520.82
1 263 576 -760.408
1 263 579 -760.408
1 263 581 -3041.63
1 264 369 -760.408
1 264 379 -760.408
1 264 481 -760.408
1 264 482 -760.408
1 264 493 -760.408
1 264 503 -760.408
1 264 504 -760.408
1 264 516 -760.408
1 264 521 -2281.23
1 264 527 -760.408
1 264 543 -3041.63
1 264 568 -760.408
1 264 575 -760.408
1 264 576 -1520.82
1 265 336 -760.408
1 265 367 -1520.82
1 265 457 -760.408
1 265 459 -760.408
1 265 511 -760.408
1 265 516 -760.408
1 265 520 -760.408
1 265 524 -760.408
1 265 568 -1520.82
1 266 314 -760.408
1 266 413 -760.408
1 266 456 -760.408
1 266 478 -760.408
1 266 481 -760.408
1 266 483 -760.408
1 266 484 -760.408
1 266 485 -760.408
1 266 492 -760.408
1 266 498 -760.408
1 266 505 -760.408
1 266 518 -760.408
1 266 523 -760.408
1 266 543 -760.408
1 266 545 -760.408
1 266 549 -760.408
1 266 555 -760.408
1 267 337 -760.408
1 267 365 -760.408
1 267 381 -760.408
1 267 459 -760.408
1 267 460 -1520.82
1 267 505 -760.408
1 267 507 -760.408
1 267 543 -760.408
1 267 544 -1520.82
1 267 549 -760.408
1 267 553 -2281.23
1 267 562 -760.408
1 268 507 -1520.82
1 268 540 -760.408
1 268 541 -760.408
1 268 542 -1520.82
1 268 543 -3041.63
1 268 544 -1520.82
1 268 549 -760.408
1 268 551 -760.408
1 268 552 -760.408
1 268 553 -760.408
1 269 362 -760.408
1 269 505 -1520.82
1 269 507 -760.408
1 269 528 -760.408
1 269 543 -760.408
1 269 547 -1520.82
1 270 474 -760.408
1 270 475 -1520.82
1 270 479 -760.408
1 270 491 -760.408
1 270 504 -760.408
1 270 507 -760.408
1 270 526 -760.408
1 271 375 -760.408
1 271 388 -760.408
1 271 479 -760.408
1 271 481 -760.408
1 271 487 -760.408
1 271 491 -760.408
1 271 526 -760.408
1 272 469 -760.408
1 272 493 -760.408
1 272 495 -1520.82
1 272 496 -760.408
1 272 502 -760.408
1 272 526 -2281.23
1 273 441 -760.408
1 273 462 -760.408
1 273 526 -760.408
1 275 463 -760.408
1 275 480 -760.408
1 275 502 -760.408
1 275 504 -760.408
1 276 502 -760.408
1 277 393 -760.408
1 279 459 -760.408
1 280 563 -760.408
1 282 434 -760.408
1 282 435 -760.408
1 283 461 -760.408
1 283 482 -760.408
1 283 483 -760.408
1 285 437 -760.408
1 285 482 -760.408
1 285 483 -760.408
1 286 377 -760.408
1 286 464 -760.408
1 288 469 -760.408
1 289 362 -760.408
1 289 443 -760.408
1 292 358 -760.408
1 293 390 -2281.23
1 293 391 -760.408
1 296 390 -760.408
1 301 359 -760.408
1 301 378 -760.408
1 85 106 -760.408
1 92 112 -1520.82
1 93 117 -760.408
1 97 89 -760.408
1 98 101 -760.408
1 99 126 -760.408
1 99 136 -760.408
1 147 119 -19391.2
1 156 158 -8571.48
1 157 160 -8290.45
1 170 169 -178455.0
1 197 280 -79251.1
1 199 225 -140.52
1 210 300 -7166.32
1 234 285 -14332.7
1 244 234 -108478.0
1 259 541 -421.55
1 267 479 -702.58
1 271 361 -1577.87
1 291 453 -457.1
1 109 116 -11522.3
1 131 118 -2107.74
1 132 183 -7868.9
1 137 123 -11803.3
1 140 173 -6885.29
1 152 130 -3231.87
1 157 190 -140.52
1 158 205 -26838.6
1 164 258 -31475.6
1 169 164 -59719.4
1 172 162 -13068.0
1 172 163 -9414.58
1 173 196 -140.52
1 175 213 -19672.3
1 195 280 -25292.9
1 202 295 -3653.42
1 203 296 -129134.0
1 218 173 -50023.7
1 267 346 -3934.45
1 271 470 -2107.74
1 274 431 -2694680.0
1 299 335 -178455.0
1 144 130 -10398.2
1 148 113 -15035.2
1 149 118 -14613.7
1 151 143 -281.03
1 153 212 -18548.1
1 161 161 -9976.65
1 162 171 -281.03
1 164 159 -21780.0
1 175 178 -983.61
1 176 128 -12646.5
1 188 287 -1124.13
1 189 206 -25995.5
1 221 361 -3653.42
1 222 266 -29508.4
1 224 273 -9555.1
1 245 243 -22061.0
1 248 238 -48056.5
1 248 331 -7025.81
1 266 345 -6042.19
1 271 268 -23887.7
1 274 278 -5620.65
1 289 355 -843.1
1 296 391 -140.52
1 296 393 -4637.03
1 141 165 -281.03
1 146 150 -41733.3
1 147 148 -62389.2
1 149 124 -2107.74
1 151 211 -12787.0
1 154 113 -421.55
1 158 173 -5339.61
1 164 124 -2248.26
1 165 167 -32178.2
1 168 164 -8571.48
1 168 166 -10117.2
1 176 222 -1967.23
1 206 280 -1124.13
1 211 296 -5901.68
1 213 270 -8149.94
1 221 302 -1967.23
1 221 317 -13911.1
1 228 354 -11522.3
1 236 342 -5199.1
1 236 344 -3653.42
1 240 337 -9555.1
1 240 357 -10538.7
1 262 286 -702.58
1 263 344 -140.52
1 265 517 -140.52
1 267 428 -86.25
1 270 361 -11522.3
1 271 363 -7587.87
1 275 399 -1095.86
1 284 333 -843.1
1 296 358 -34145.4
1 297 356 -12646.5
1 299 347 -9274.06
1 142 169 -1686.19
1 146 146 -3372.39
1 156 214 -13349.0
1 161 185 -2107.74
1 163 186 -3091.35
1 166 203 -983.61
1 168 216 -23185.2
1 201 310 -281.03
1 211 195 -2669.81
1 230 358 -2669.81
1 232 347 -140.52
1 242 618 -15878.3
1 248 344 -150.84
1 263 427 -140.52
1 263 570 -140.52
1 286 302 -1405.16
1 292 360 -1545.68
1 293 357 -25573.9
1 297 439 -1345270.0
1 132 120 -13068.0
1 134 124 -13630.1
1 134 126 -7447.35
1 135 122 -8430.97
1 137 128 -18407.6
1 145 166 -49602.2
1 148 119 -5339.61
1 150 118 -16018.8
1 150 121 -15597.3
1 150 127 -983.61
1 152 118 -7025.81
1 153 122 -6463.74
1 153 123 -7868.9
1 155 125 -9695.61
1 156 124 -5199.1
1 158 138 -6463.74
1 158 140 -13630.1
1 160 139 -12084.4
1 185 168 -17845.6
1 189 126 -29508.4
1 230 223 -8149.94
1 276 358 -140.52
1 276 359 -18548.1
1 281 445 -140.52
1 137 168 -25714.4
1 149 213 -281.03
1 189 195 -29929.9
1 190 250 -36112.6
1 202 228 -9414.58
1 210 253 -1545.68
1 245 324 -2529.29
1 270 480 -562.06
1 144 124 -2248.26
1 145 131 -8290.45
1 148 124 -281.03
1 148 166 -6323.23
1 158 114 -7025.81
1 188 204 -5620.65
1 203 340 -1322.58
1 208 226 -421.55
1 211 266 -53342.9
1 213 276 -27167.4
1 220 278 -141466.0
1 232 398 -281.03
1 233 375 -1405.16
1 239 385 -3244.07
1 239 406 -402.21
1 241 238 -4074.97
1 245 408 -12224.9
1 246 320 -421.55
1 248 454 -843.1
1 259 351 -2876.21
1 263 492 -2.92
1 269 360 -9008.36
1 272 360 -4777.55
1 273 521 -7728.39
1 274 327 -2669.81
1 274 521 -421.55
1 275 465 -63.82
1 290 322 -47916.0
1 294 354 -2810.32
1 297 377 -1264.65
1 147 116 -9695.61
1 147 183 -16159.3
1 156 122 -3091.35
1 205 310 -1545.68
1 257 342 -1686.19
1 201 251 -8290.45
1 201 301 -2950.84
1 264 441 -140.52
1 265 488 -281.03
1 136 173 -15175.7
1 144 189 -3934.45
1 154 112 -2669.81
1 154 122 -11241.3
1 156 131 -421.55
1 161 179 -40749.7
1 164 169 -1124.13
1 167 128 -702.58
1 167 247 -702.58
1 183 124 -16159.3
1 186 125 -18267.1
1 204 300 -34.8
1 225 242 -19672.3
1 226 375 -12620.1
1 238 302 -14613.7
1 242 355 -218.03
1 244 321 -22763.6
1 245 406 -1124.13
1 247 591 -1124.13
1 248 590 -140.52
1 248 593 -140.52
1 251 614 -1280.06
1 256 443 -240.02
1 258 335 -19081.8
1 258 339 -1503.69
1 258 416 -78.48
1 263 583 -419.28
1 266 470 -512.31
1 269 482 -140.52
1 273 523 -168198.0
1 274 506 -562.06
1 275 479 -11241.3
1 280 458 -767.59
1 297 388 -1191.48
1 298 384 -174.91
1 221 300 -9414.58
1 272 494 -281.03
1 134 167 -11943.9
1 159 157 -27822.2
1 184 305 -56.26
1 197 298 -15.26
1 226 330 -17865.8
1 237 406 -10383.5
1 244 430 -1405.16
1 247 342 -446.99
1 253 427 -1011.23
1 253 443 -1077.28
1 254 398 -137.99
1 254 442 -2948.74
1 254 444 -243.15
1 254 445 -48.45
1 256 445 -247.52
1 261 346 -17914.7
1 261 369 -1799.95
1 263 448 -140.52
1 265 559 -1854.28
1 271 364 -3653.42
1 271 471 -140.52
1 271 489 -35119.2
1 272 371 -281.03
1 275 449 -4356.0
1 262 394 -544099.0
1 271 492 -140.52
1 167 168 -13208.5
1 157 122 -562.06
1 160 136 -702.58
1 169 201 -8149.94
1 211 313 -41.4
1 212 315 -250.9
1 214 287 -140.58
1 224 372 -1826.71
1 246 609 -2592.97
1 247 343 -21.78
1 247 590 -3372.39
1 255 446 -548.37
1 261 525 -32.6
1 270 482 -56.06
1 276 386 -1545.68
1 278 371 -5761.16
1 281 446 -843.1
1 291 458 -14.43
1 295 390 -7025.81
1 297 384 -281.03
1 297 387 -2529.29
1 165 158 -8571.48
1 178 212 -1264.65
1 257 443 -539.04
1 162 205 -12787.0
1 170 249 -843.1
1 196 299 -6744.77
1 237 378 -8.97
1 240 386 -97.33
1 241 353 -194.29
1 247 341 -122.24
1 248 343 -436.14
1 252 457 -140.52
1 253 400 -140.52
1 254 394 -29.28
1 254 400 -281.03
1 255 373 -140.52
1 261 362 -50445.3
1 263 353 -12.94
1 274 527 -364.43
1 277 429 -5.03
1 282 451 -1545.68
1 207 193 -84590.7
1 145 139 -1405.16
1 206 299 -93.6
1 239 305 -1.29
1 261 461 -281.03
1 233 400 -24168.8
1 117 117 -2810.32
1 244 355 -22799.0
1 245 261 -21488.1
1 290 355 -55639.2
1 264 474 -140.52
1 264 351 -281.03
1 164 240 -562.06
1 173 170 -4918.06
1 181 179 -15597.3
1 201 297 -85.8
1 207 298 -24.02
1 232 373 -1129.17
1 233 392 -200.91
1 234 236 -1686.19
1 235 390 -96.4
1 236 398 -562.06
1 237 390 -989.0
1 237 399 -140.52
1 237 400 -281.03
1 241 374 -37.02
1 248 342 -18.22
1 248 606 -44.37
1 249 343 -50.97
1 249 344 -48.38
1 249 411 -588.28
1 253 418 -153.65
1 253 442 -915.02
1 254 600 -165.31
1 256 442 -39.21
1 258 597 -101.04
1 259 335 -1543.8
1 259 428 -843.1
1 263 467 -67728.8
1 263 468 -53536.6
1 267 481 -57.35
1 268 457 -140.52
1 278 469 -285.47
1 281 429 -1371.74
1 283 394 -68.95
1 284 436 -4918.06
1 292 376 -140.52
1 296 414 -3.95
1 297 446 -140.52
1 300 390 -6962.14
1 162 179 -20936.9
1 237 382 -140.52
1 240 379 -1405.16
1 223 371 -702.58
1 257 456 -140.52
1 160 142 -140.52
1 272 448 -3512.9
1 290 441 -140.52
1 257 602 -140.52
1 256 590 -28.91
1 250 618 -1405.16
1 261 581 -140.52
1 241 405 -843.1
1 251 362 -5082.02
