1 62 1 3798.3
1 61 2 3770.7
1 60 3 3749.7
1 59 4 3733.5
1 58 5 3721.5
1 57 6 3713.4
1 56 7 3709.2
1 55 8 3709.0
1 54 9 3713.4
1 53 10 3722.5
1 52 11 3736.7
1 51 12 3755.5
1 49 13 3767.8
1 50 13 3777.1
1 48 14 3789.3
1 47 15 3784.5
1 46 16 3776.7
1 45 17 3766.9
1 45 18 3767.6
1 45 19 3768.3
1 44 20 3756.4
1 44 21 3756.2
1 44 22 3755.5
1 44 23 3754.2
1 44 24 3752.2
1 44 25 3749.4
1 44 26 3745.6
1 44 27 3740.7
1 44 28 3734.5
1 44 29 3727.0
1 44 30 3717.9
1 44 31 3707.0
1 44 32 3694.2
1 44 33 3679.1
1 44 34 3661.5
1 44 35 3641.1
1 44 36 3617.4
1 44 37 3589.8
1 44 38 3557.8
1 44 39 3520.3
1 44 40 3476.1
1 44 41 3422.8
1 43 42 3304.0
1 43 43 3265.0
1 43 44 3203.3
1 42 45 3052.1
1 42 46 2997.6
1 40 47 2765.7
1 41 47 2812.0
1 40 48 2729.6
1 40 49 2663.5
1 40 50 2567.6
1 35 78 4859.7
1 35 79 4888.1
1 34 80 4945.1
1 33 81 5025.5
1 32 82 5089.1
1 31 83 5102.5
1 30 84 5114.2
1 29 85 5123.1
1 28 86 5145.4
1 27 87 5164.2
1 26 88 5190.3
1 25 89 5217.8
1 25 90 5254.2
1 24 91 5241.3
1 24 92 5256.5
1 24 93 5293.6
1 24 94 5330.6
1 23 95 5345.7
1 23 96 5386.0
1 23 97 5422.3
1 22 98 5430.3
1 22 99 5471.4
1 22 100 5508.4
1 22 101 5545.7
1 21 102 5566.0
1 21 103 5611.1
1 20 104 5633.2
1 20 105 5675.7
1 19 106 5707.7
1 19 107 5752.1
1 18 108 5788.7
1 18 109 5828.5
1 17 110 5747.7
1 17 111 5758.8
1 17 112 5868.1
1 65 109 6030.5
1 66 109 6027.0
1 67 109 5976.4
1 68 109 5941.6
1 69 109 5951.1
1 62 110 5964.5
1 63 110 6002.2
1 64 110 6023.1
1 70 110 6040.0
1 60 111 5859.4
1 61 111 5880.9
1 71 111 6106.0
1 37 112 5647.1
1 38 112 5707.3
1 39 112 5768.9
1 40 112 5814.4
1 41 112 5851.4
1 42 112 5873.4
1 43 112 5884.6
1 44 112 5893.7
1 45 112 5900.9
1 46 112 5910.4
1 47 112 5919.3
1 48 112 5936.9
1 55 112 5739.6
1 56 112 5761.3
1 57 112 5778.4
1 58 112 5795.2
1 59 112 5810.1
1 72 112 6143.0
1 16 113 5956.8
1 33 113 5631.7
1 34 113 5615.1
1 35 113 5599.2
1 36 113 5578.7
1 49 113 5930.6
1 50 113 5908.4
1 51 113 5855.3
1 52 113 5800.7
1 53 113 5744.1
1 54 113 5707.4
1 73 113 6175.3
1 16 114 6015.9
1 29 114 5721.3
1 30 114 5696.1
1 31 114 5668.3
1 32 114 5633.3
1 74 114 6198.4
1 75 114 6202.5
1 16 115 6072.6
1 25 115 5833.0
1 26 115 5810.2
1 27 115 5781.0
1 28 115 5741.0
1 76 115 6234.3
1 16 116 6127.9
1 21 116 5975.7
1 22 116 5990.6
1 23 116 5903.4
1 24 116 5863.2
1 77 116 6249.5
1 78 116 6247.6
1 79 116 6260.2
1 16 117 6182.1
1 20 117 6023.7
1 80 117 6281.1
1 81 117 6279.2
1 82 117 6258.6
1 83 117 6231.1
1 84 117 6202.0
1 16 118 6219.5
1 17 118 6185.7
1 18 118 6138.6
1 19 118 6085.1
1 85 118 6131.5
1 85 119 6089.7
1 86 120 6072.5
1 86 121 6095.2
1 86 122 6120.0
1 86 123 6137.3
1 86 124 6149.7
1 86 125 6159.3
1 86 126 6166.4
1 86 127 6170.1
1 86 128 6170.7
1 86 129 6169.0
1 86 130 6166.3
1 86 131 6162.1
1 86 132 6155.2
1 86 133 6146.5
1 86 134 6134.7
1 86 135 6118.8
1 86 136 6099.7
1 85 137 6050.6
1 85 138 6037.7
1 84 139 6032.8
1 83 140 6073.8
1 82 141 6157.7
1 82 142 6174.0
1 81 143 6226.7
1 80 144 6287.2
1 79 145 6356.2
1 78 146 6419.8
1 77 147 6487.1
1 76 148 6559.0
1 75 149 6636.4
1 75 150 6700.7
1 75 151 6761.3
1 75 152 6821.9
1 75 153 6868.8
1 76 154 6862.0
1 77 154 6849.2
1 78 154 6839.0
1 79 155 6827.7
1 80 155 6815.1
1 81 156 6797.5
1 82 157 6771.0
1 82 158 6748.6
1 83 158 6734.5
1 84 159 6704.6
1 84 160 6676.8
1 84 161 6652.4
1 84 162 6628.5
1 85 163 6603.4
1 86 164 6574.0
1 87 165 6537.0
1 88 166 6502.2
1 89 167 6468.6
1 90 168 6387.2
1 90 169 6337.2
1 91 170 6269.8
1 92 171 6198.4
1 93 172 6167.7
1 94 173 6141.2
1 94 174 6138.8
1 95 175 6123.4
1 95 176 6109.0
1 95 177 6113.7
1 95 178 6120.7
1 95 179 6126.0
1 96 180 5954.7
1 97 181 5971.7
1 98 182 5989.2
1 99 183 6006.7
1 100 184 6022.5
1 101 185 6037.9
1 102 185 6046.3
1 103 185 6061.9
1 104 186 6096.3
1 105 186 6097.4
1 106 187 6100.6
1 107 188 6096.4
1 108 189 5914.1
1 108 190 5916.1
1 108 191 5917.1
1 108 192 5916.7
1 108 193 5912.5
1 107 194 5707.4
1 107 195 5703.4
1 107 196 5695.6
1 107 197 5685.3
1 107 198 5673.3
1 106 199 5634.9
1 106 200 5622.0
1 105 201 5576.1
1 105 202 5562.9
1 104 203 5522.4
1 104 204 5513.7
1 104 205 5498.7
1 104 206 5477.3
1 104 207 5444.2
1 98 208 5460.6
1 99 208 5470.7
1 100 208 5483.1
1 101 208 5496.0
1 102 208 5513.7
1 103 208 5542.4
1 97 209 5451.3
1 97 210 5450.1
1 97 211 5446.0
1 97 212 5440.7
1 96 213 5424.1
1 95 214 5416.7
1 95 215 5415.4
1 94 216 5408.0
1 94 217 5407.1
1 94 218 5406.4
1 95 219 5410.6
1 96 220 5414.1
1 97 221 5418.0
1 97 222 5416.9
1 98 223 5420.2
1 98 224 5418.8
1 99 225 5422.9
1 99 226 5421.0
1 100 227 5242.1
1 128 227 5398.5
1 129 227 5461.6
1 101 228 5248.0
1 107 228 5142.9
1 108 228 5167.8
1 109 228 5196.4
1 110 228 5228.4
1 111 228 5263.1
1 125 228 5283.4
1 126 228 5309.8
1 127 228 5318.0
1 130 228 5187.6
1 131 228 5194.1
1 132 228 5188.2
1 133 228 5189.3
1 134 228 5195.5
1 135 228 5209.9
1 136 228 5226.9
1 137 228 5240.2
1 138 228 5267.0
1 102 229 5252.8
1 106 229 5280.7
1 112 229 5117.3
1 118 229 5143.6
1 119 229 5162.0
1 120 229 5177.9
1 121 229 5192.0
1 122 229 5203.3
1 123 229 5212.7
1 124 229 5215.2
1 139 229 5340.3
1 103 230 5256.3
1 104 230 5258.9
1 105 230 5261.9
1 113 230 5133.9
1 114 230 5125.4
1 115 230 5121.1
1 116 230 5118.6
1 117 230 5110.7
1 140 230 5307.1
1 139 231 5374.7
1 137 232 5411.3
1 138 232 5410.6
1 136 233 5414.6
1 135 234 5407.4
1 133 235 5374.7
1 134 235 5388.0
1 132 236 5357.8
1 130 237 5314.5
1 131 237 5329.7
1 129 238 5303.3
1 128 239 5287.2
1 127 240 5267.3
1 127 241 5257.5
1 127 242 5244.6
1 128 243 5252.9
1 129 244 5251.2
1 129 245 5238.5
1 130 246 5234.7
1 131 246 5233.6
1 132 246 5236.5
1 133 246 5245.8
1 134 246 5263.2
1 135 246 5289.6
1 136 246 5316.8
1 137 246 5336.8
1 138 246 5358.8
1 139 247 5409.5
1 140 247 5434.0
1 141 247 5471.5
1 142 247 5514.8
1 143 248 5577.8
1 144 249 5671.3
1 144 250 5698.1
1 145 251 5749.9
1 145 252 5775.5
1 145 253 5795.8
1 146 254 5829.1
1 146 255 5826.5
1 146 256 5820.5
1 146 257 5812.6
1 146 258 5802.4
1 146 259 5790.6
1 146 260 5777.2
1 146 261 5764.9
1 146 262 5751.7
1 146 263 5738.5
1 146 264 5728.4
1 146 265 0.0
1 147 266 5482.8
1 147 267 5453.7
1 147 268 5428.8
1 147 269 5389.1
1 147 270 5356.1
1 148 271 5306.0
1 148 272 5279.2
1 148 273 5252.1
1 148 274 5230.3
1 149 274 5215.4
1 149 275 5175.8
1 149 276 5143.6
1 149 277 5091.0
1 149 278 5036.4
1 150 279 5132.7
1 150 280 5087.7
1 150 281 5046.5
1 150 282 5016.2
1 151 283 4932.5
1 151 284 4888.7
1 151 285 4855.4
1 152 286 4761.4
1 152 287 4706.8
1 152 288 4662.5
1 152 289 4628.0
1 153 290 4722.8
1 153 291 4696.3
1 153 292 4704.2
1 154 293 4715.0
1 154 294 4726.6
1 154 295 4736.1
1 154 296 4742.2
1 155 297 4760.1
1 155 298 4763.9
1 156 299 4586.8
1 157 299 4593.1
1 158 299 4602.6
1 159 299 4615.1
1 160 299 4631.1
1 161 299 4650.5
1 162 300 4681.7
1 162 301 4684.5
1 162 302 4683.6
1 162 303 4681.0
1 162 304 4678.3
1 163 305 4857.4
1 163 306 4848.4
1 163 307 4838.6
1 163 308 4829.3
1 163 309 4823.2
1 164 310 5039.4
1 165 311 5081.0
1 166 312 5152.7
1 167 313 5211.3
1 168 314 5244.2
1 168 315 5076.7
1 168 316 5081.0
1 169 316 5088.5
1 169 317 5094.3
1 170 317 5104.1
1 171 318 5105.2
1 171 319 5081.8
1 172 320 5033.9
1 172 321 4986.4
1 172 322 4938.1
1 172 323 4887.1
1 172 324 4847.4
1 173 325 4845.9
1 173 326 4849.5
1 173 327 4851.3
1 174 328 4860.7
1 174 329 4862.3
1 174 330 4863.3
1 175 331 4867.8
1 176 331 4871.8
1 177 331 4877.7
1 178 332 4887.1
1 179 333 4889.7
1 179 334 4886.6
1 179 335 4883.5
1 180 336 4881.0
1 181 337 4872.5
1 181 338 4867.8
1 187 338 4741.0
1 188 338 4762.1
1 189 338 4779.7
1 190 338 4793.4
1 182 339 4858.5
1 186 339 4873.5
1 191 339 4797.0
1 192 339 5216.0
1 182 340 4852.5
1 186 340 4857.8
1 193 340 5215.3
1 182 341 4848.9
1 186 341 4847.8
1 194 341 5215.2
1 195 341 5216.8
1 183 342 4845.3
1 184 342 4845.1
1 185 342 4844.6
1 186 342 4843.5
1 196 342 5216.5
1 196 343 5214.4
1 197 344 5213.3
1 198 345 5210.9
1 199 346 5208.8
1 200 346 5210.4
1 201 346 5212.6
1 202 346 5214.7
1 203 346 5215.5
1 204 346 4547.73
1 205 347 5199.5
1 206 347 5193.3
1 207 348 5398.8
1 207 349 5496.1
1 207 350 5637.0
1 206 351 5696.9
1 205 352 5701.7
1 205 353 5706.2
1 205 354 5711.2
1 206 355 5734.1
1 206 356 5742.3
1 207 357 5767.0
1 208 357 5784.2
1 209 358 5465.4
1 210 359 5522.7
1 211 359 5550.7
1 212 360 5470.5
1 212 361 5507.7
1 208 362 5529.9
1 209 362 5534.6
1 210 362 5541.7
1 211 362 5547.4
1 207 363 5526.1
1 206 364 5520.7
1 206 365 5522.0
1 206 366 5522.2
1 206 367 5521.4
1 206 368 5520.4
1 206 369 5519.2
1 207 369 5525.6
1 208 369 5542.1
1 209 369 5563.8
1 210 369 5588.2
1 211 369 5618.5
1 212 369 5654.9
1 213 369 5699.1
1 214 370 5595.6
1 215 370 5629.4
1 216 372 5626.7
1 214 373 5263.1
1 215 373 5351.3
1 214 374 5220.0
1 213 375 5270.2
1 212 376 5247.8
1 211 377 5194.7
1 211 378 5183.6
1 211 379 5178.1
1 211 380 5180.2
1 211 381 5189.3
1 211 382 5243.7
1 211 383 5293.5
1 212 384 45000.0
1 212 385 45000.0
1 212 386 45000.0
1 212 387 45000.0
1 212 388 45000.0
1 212 389 45000.0
1 212 390 45000.0
1 212 391 45000.0
1 212 392 45000.0
1 212 393 45000.0
1 213 394 45000.0
1 213 395 45000.0
1 213 396 45000.0
1 213 397 45000.0
1 213 398 45000.0
1 213 399 45000.0
1 213 400 45000.0
1 213 401 45000.0
1 213 402 45000.0
1 214 403 45000.0
1 214 404 45000.0
1 214 405 45000.0
1 214 406 45000.0
1 214 407 45000.0
1 214 409 45000.0
1 214 410 45000.0
1 214 411 45000.0
1 214 412 45000.0
1 214 413 45000.0
1 214 414 45000.0
1 214 415 45000.0
1 215 416 45000.0
1 215 417 45000.0
1 227 417 45000.0
1 228 417 45000.0
1 229 417 45000.0
1 216 418 45000.0
1 226 418 45000.0
1 230 418 45000.0
1 217 419 45000.0
1 218 419 45000.0
1 219 419 45000.0
1 220 419 45000.0
1 221 419 45000.0
1 222 419 45000.0
1 223 419 45000.0
1 224 419 45000.0
1 225 419 45000.0
1 229 419 45000.0
1 229 420 45000.0
1 226 421 45000.0
1 227 421 45000.0
1 228 421 45000.0
1 224 422 45000.0
1 225 422 45000.0
1 224 423 45000.0
1 224 424 45000.0
1 225 424 45000.0
1 226 424 45000.0
1 227 424 45000.0
1 228 424 45000.0
1 229 425 45000.0
1 229 426 45000.0
1 229 427 45000.0
1 229 428 45000.0
1 229 429 45000.0
1 228 430 45000.0
1 228 431 45000.0
1 228 432 45000.0
1 228 433 45000.0
1 228 434 45000.0
1 228 435 45000.0
1 229 435 45000.0
1 230 436 45000.0
1 230 437 45000.0
1 230 438 45000.0
1 230 439 45000.0
1 230 440 45000.0
1 230 441 45000.0
1 230 442 45000.0
1 230 443 45000.0
1 230 444 45000.0
1 230 445 45000.0
1 230 446 45000.0
1 230 447 45000.0
1 230 448 45000.0
1 230 449 45000.0
1 230 450 45000.0
1 230 451 45000.0
1 230 452 45000.0
1 230 453 45000.0
1 230 454 45000.0
1 230 455 45000.0
1 230 456 45000.0
1 231 457 45000.0
1 231 458 45000.0
1 231 459 45000.0
1 231 460 45000.0
1 232 461 45000.0
1 232 462 45000.0
1 232 463 45000.0
1 232 464 45000.0
1 233 464 45000.0
1 234 464 45000.0
1 235 464 45000.0
1 236 464 45000.0
1 237 464 45000.0
1 238 464 45000.0
1 239 465 45000.0
1 239 466 45000.0
1 239 467 5337.1
1 238 468 5337.1
1 238 469 5337.1
1 238 470 5337.1
1 239 471 5337.1
1 240 471 5337.1
1 241 472 5337.1
1 242 472 5337.1
1 243 472 5337.1
1 244 473 5337.1
1 245 474 5337.1
1 246 475 5337.1
1 246 476 5337.1
1 246 477 5337.1
1 246 478 5337.1
1 246 479 5337.1
1 246 480 5337.1
1 245 481 5337.1
1 245 482 5337.1
1 244 483 5337.1
1 243 484 5337.1
1 243 485 5337.1
1 243 486 5337.1
1 243 487 5337.1
1 243 488 5337.1
1 243 489 5337.1
1 242 490 5337.1
1 242 491 5337.1
1 241 492 5337.1
1 241 493 5337.1
1 240 494 5337.1
1 239 495 5337.1
1 238 496 5337.1
1 235 497 5337.1
1 236 497 5337.1
1 237 497 5337.1
1 233 498 5337.1
1 234 498 5337.1
1 233 499 5337.1
1 232 500 5337.1
1 231 501 5337.1
1 231 502 5337.1
1 231 503 5337.1
1 231 504 5337.1
1 231 505 5337.1
1 231 506 5337.1
1 231 507 5337.1
1 231 508 5337.1
1 231 509 5337.1
1 231 510 5337.1
1 231 511 5337.1
1 231 512 5337.1
1 231 513 5337.1
1 231 514 5337.1
1 231 515 5337.1
1 232 516 5337.1
1 232 517 5337.1
1 232 518 5337.1
1 233 519 5337.1
1 233 520 5337.1
1 233 521 5337.1
1 234 522 5337.1
1 234 523 5337.1
1 235 524 5337.1
1 235 525 5337.1
1 236 525 5337.1
1 237 525 5337.1
1 238 525 5337.1
1 239 526 5337.1
1 239 527 5337.1
1 240 528 5437.9
1 240 529 5453.1
1 241 530 5519.7
1 241 531 5549.7
1 241 532 5566.6
1 241 533 5578.1
1 241 534 5586.4
1 242 535 5064.8
1 242 536 5076.1
1 243 536 5094.1
1 244 536 5126.6
1 245 536 5155.2
1 246 537 5210.6
1 246 538 5227.7
1 247 539 5267.6
1 248 540 5303.1
1 249 540 5315.2
1 250 540 5331.6
1 251 541 5365.2
1 250 544 5398.8
1 251 544 5401.1
1 245 545 5344.2
1 246 545 5355.4
1 247 545 5374.0
1 248 545 5387.7
1 249 545 5393.2
1 243 546 5317.7
1 244 546 5321.7
1 243 547 5318.4
1 242 548 5314.5
1 242 549 5314.8
1 241 550 5308.6
1 241 551 5306.9
1 240 552 5296.5
1 239 553 5285.5
1 238 554 0.0
1 237 555 5249.9
1 236 556 5248.8
1 236 557 5248.8
1 232 558 5189.1
1 233 558 5186.1
1 234 558 5193.8
1 235 558 5197.3
1 232 559 5201.2
1 231 560 5201.4
1 231 561 5209.8
1 231 562 5216.5
1 231 563 5221.6
1 231 564 5222.9
1 230 565 5389.7
1 230 566 5382.9
1 230 567 5372.0
1 230 568 5359.6
1 215 371 5678.1
1 39 51 6043.2
1 39 52 5967.8
1 38 53 5714.5
1 38 54 5641.8
1 37 55 5375.6
1 36 56 5152.8
1 35 57 4950.0
1 35 58 4889.0
1 35 59 4787.7
1 35 60 8397.7
1 35 61 8262.3
1 35 62 8125.5
1 35 63 7985.2
1 35 64 7841.2
1 35 65 7693.4
1 35 66 7542.6
1 35 67 7395.4
1 35 68 7276.3
1 36 69 10770.0
1 36 70 10502.6
1 36 71 10250.3
1 36 72 10007.1
1 36 73 9772.1
1 36 74 9559.1
1 36 75 9377.7
1 36 76 9287.9
1 36 77 9255.2
1 230 569 5347.0
1 230 570 5333.5
1 230 571 5317.4
1 230 572 5306.0
1 230 573 5316.9
1 230 574 5332.4
1 230 575 5342.6
1 230 576 5344.7
1 230 577 5179.6
1 230 578 5212.8
1 230 579 5245.9
1 230 580 5275.3
1 230 581 5278.4
1 230 582 5283.8
1 230 583 5286.3
1 230 584 5285.4
1 230 585 5282.0
1 230 586 5277.4
1 230 587 5271.3
1 230 588 5267.4
1 229 589 5251.5
1 229 590 5242.2
1 228 591 5219.5
1 228 592 5203.8
1 228 593 5186.5
1 228 594 5164.3
1 227 595 5120.1
1 227 596 5096.9
1 227 597 5068.8
1 227 598 5035.6
1 227 599 4786.4
1 226 600 4700.2
1 226 601 4698.2
1 226 602 4696.9
1 226 603 4697.6
1 225 604 4268.5
1 224 605 4268.5
1 223 606 4290.4
1 222 607 4310.8
1 223 605 4275.0
1 114 114 -17268.4
1 117 120 -929.915
1 121 111 -79963.7
1 121 113 -65184.4
1 124 115 -15246.0
1 125 116 -44182.3
1 126 120 -31892.1
1 129 121 -27380.6
1 130 122 -618.775
1 133 112 -30180.9
1 135 194 -618.775
1 138 201 -7156.29
1 139 168 -3578.14
1 140 168 -9801.0
1 141 191 -16801.7
1 143 126 -38115.0
1 143 172 -9334.29
1 143 190 -13534.7
1 144 166 -14468.1
1 144 172 -24891.4
1 144 182 -33603.4
1 144 190 -10423.3
1 145 161 -61139.6
1 145 164 -311.14
1 146 117 -11045.6
1 146 188 -466.71
1 146 190 -15401.6
1 147 132 -31114.3
1 147 145 -618.775
1 148 167 -23335.7
1 148 176 -618.775
1 148 196 -47916.0
1 149 145 -19913.1
1 149 146 -21624.4
1 150 124 -14779.3
1 150 128 -155.57
1 150 141 -2800.29
1 150 198 -16490.6
1 151 142 -7000.71
1 151 195 -15246.0
1 152 123 -97232.1
1 152 125 -1396.63
1 152 132 -4041.34
1 153 142 -118079.0
1 153 192 -24580.3
1 154 125 -155.57
1 154 171 -7775.06
1 154 249 -1400.14
1 155 112 -21468.9
1 155 129 -4978.29
1 155 141 -123057.0
1 156 129 -119323.0
1 156 146 -50249.6
1 157 116 -14934.9
1 157 135 -21306.3
1 157 140 -248448.0
1 157 251 -2022.43
1 158 133 -9330.77
1 158 137 -19135.3
1 158 181 -75141.0
1 159 119 -40604.1
1 159 173 -21468.9
1 160 119 -10890.0
1 161 125 -1089.0
1 161 129 -155.57
1 161 140 -1555.71
1 162 119 -3422.57
1 162 121 -56316.9
1 162 128 -134569.0
1 162 132 -17735.1
1 162 140 -622.29
1 162 167 -155.57
1 162 169 -1711.29
1 163 138 -3419.06
1 163 139 -155.57
1 164 135 -12134.6
1 164 187 -33603.4
1 165 130 -26447.1
1 165 131 -933.43
1 166 126 -1089.0
1 167 259 -155.57
1 168 123 -3111.43
1 168 208 -9178.71
1 169 163 -43715.6
1 170 131 -17268.4
1 170 132 -1711.29
1 170 163 -18668.6
1 171 131 -16023.9
1 171 132 -20846.6
1 172 130 -24424.7
1 172 218 -41537.6
1 174 123 -12912.4
1 174 135 -12756.9
1 175 134 -85564.3
1 175 204 -466.71
1 176 176 -9489.86
1 176 202 -4978.29
1 177 133 -56939.1
1 177 211 -13534.7
1 178 164 -54916.7
1 178 261 -10734.4
1 179 181 -31892.1
1 179 183 -21468.9
1 180 208 -27847.3
1 183 184 -53827.7
1 184 246 -3111.43
1 187 200 -18824.1
1 188 198 -23024.6
1 188 209 -21157.7
1 188 240 -2489.14
1 188 258 -2178.0
1 191 191 -15557.1
1 191 281 -2333.57
1 193 256 -466.71
1 193 260 -15022.9
1 197 252 -777.86
1 198 297 -155.57
1 198 298 -618.775
1 199 211 -33914.6
1 199 231 -1089.0
1 199 298 -618.775
1 200 298 -618.775
1 203 275 -2644.71
1 203 280 -466.71
1 204 248 -15207.4
1 205 300 -641.555
1 206 196 -155.57
1 206 286 -3363.62
1 206 300 -1237.55
1 210 264 -155.57
1 211 255 -2333.57
1 211 332 -6036.17
1 212 226 -311.14
1 213 264 -311.14
1 213 300 -466.71
1 214 240 -6845.14
1 215 260 -3111.43
1 216 238 -2800.29
1 216 267 -1555.71
1 217 365 -777.86
1 218 179 -58961.6
1 219 310 -155.57
1 221 223 -9178.71
1 221 246 -3733.71
1 221 284 -10063.5
1 222 352 -14415.5
1 222 358 -155.57
1 222 369 -12912.4
1 223 271 -933.43
1 224 301 -1400.14
1 224 374 -4277.78
1 226 311 -777.86
1 226 331 -43064.3
1 226 350 -171.06
1 226 365 -1986.46
1 226 382 -12124.8
1 227 270 -311.14
1 228 225 -13379.1
1 230 255 -2178.0
1 230 361 -1866.86
1 231 401 -618.775
1 232 364 -144.84
1 232 370 -2168.97
1 233 337 -618.775
1 233 394 -1237.55
1 233 399 -70629.4
1 234 304 -3346.32
1 234 393 -618.775
1 235 400 -1711.29
1 235 605 -6238.41
1 235 609 -29492.9
1 236 263 -466.71
1 236 351 -777.86
1 236 609 -90.34
1 237 237 -3578.14
1 237 316 -19422.9
1 237 357 -3167.18
1 237 389 -618.775
1 238 221 -155.57
1 238 398 -4.13
1 238 605 -3093.87
1 238 609 -1301.46
1 239 338 -777.86
1 239 426 -777.86
1 239 605 -3093.87
1 239 606 -1856.32
1 239 619 -618.775
1 240 380 -618.775
1 240 426 -618.775
1 240 608 -2475.1
1 241 335 -1244.57
1 241 342 -1400.14
1 241 358 -155.57
1 241 604 -618.775
1 242 311 -5740.59
1 243 357 -1244.57
1 243 371 -10186.4
1 243 389 -2178.0
1 243 422 -155.57
1 243 431 -28.48
1 243 605 -3093.87
1 244 431 -59.24
1 244 605 -3712.65
1 244 621 -1237.55
1 245 238 -13379.1
1 245 322 -16170.2
1 245 337 -774.345
1 245 621 -618.775
1 246 321 -3606.09
1 246 618 -1856.32
1 247 344 -618.775
1 247 383 -8174.1
1 247 384 -2232240.0
1 248 251 -17268.7
1 248 436 -3578.14
1 248 444 -21777.0
1 248 589 -3422.57
1 249 373 -618.775
1 249 389 -3111.43
1 249 424 -8552.92
1 249 430 -19092.5
1 249 436 -3701.43
1 249 606 -3093.87
1 250 326 -2211.82
1 250 424 -618.775
1 250 425 -713917.0
1 250 431 -23041.8
1 250 595 -2011.89
1 251 300 -2022.43
1 251 333 -874.54
1 251 356 -18581.6
1 251 408 -497.83
1 251 456 -774.345
1 251 457 -25.1
1 251 594 -618.775
1 251 595 -675.575
1 251 596 -1237.55
1 252 230 -1244.57
1 252 285 -933.43
1 252 329 -26609.9
1 252 450 -933.43
1 252 595 -618.775
1 252 606 -618.775
1 253 298 -155.57
1 253 331 -13102.0
1 253 332 -16340.5
1 253 416 -155.57
1 253 420 -5298.85
1 253 445 -117396.0
1 254 338 -1244.57
1 254 367 -622.29
1 254 407 -137.88
1 254 597 -618.775
1 254 607 -1241.06
1 255 381 -37648.3
1 255 383 -58183.7
1 255 388 -29869.7
1 255 395 -1555.71
1 255 420 -7000.71
1 255 439 -14312.6
1 255 443 -1394.1
1 255 595 -618.775
1 255 596 -618.775
1 255 606 -618.775
1 255 609 -44621.6
1 255 610 -7095.32
1 256 314 -6599.61
1 256 335 -1244.57
1 256 341 -311.14
1 256 370 -6358.2
1 256 413 -2800.29
1 256 586 -43683.6
1 256 593 -2475.1
1 257 238 -155.57
1 257 324 -355.58
1 257 413 -3111.43
1 257 576 -4254.24
1 257 599 -13561.5
1 257 600 -67984.7
1 258 325 -11609.3
1 258 336 -2931.15
1 258 420 -109068.0
1 258 442 -409755.0
1 258 464 -622.29
1 258 585 -3712.65
1 258 595 -1237.55
1 258 601 -19290.9
1 258 602 -91525.1
1 259 340 -2641.2
1 259 371 -2064.3
1 259 405 -102447.0
1 259 588 -23981.4
1 259 592 -1024.13
1 259 593 -875.375
1 260 342 -933.43
1 260 349 -777.86
1 260 407 -2839690.0
1 260 413 -271448.0
1 260 424 -969.59
1 260 463 -80741.6
1 260 464 -24269.1
1 260 585 -49604.7
1 260 586 -60908.5
1 260 587 -9878.79
1 261 337 -3889.29
1 261 355 -933.43
1 261 381 -237976.0
1 261 395 -978.19
1 261 416 -21157.7
1 261 418 -618.775
1 261 429 -13236.7
1 261 464 -40915.3
1 261 492 -618.775
1 261 571 -7000.71
1 261 576 -42536.2
1 262 345 -3111.43
1 262 540 -248.91
1 262 564 -6825.8
1 262 567 -32031.0
1 262 568 -17424.0
1 262 570 -120412.0
1 262 571 -2022.43
1 263 340 -155.57
1 263 471 -6067.29
1 263 477 -1866.86
1 263 520 -1237.55
1 263 574 -155.57
1 263 582 -4711.72
1 264 344 -622.29
1 264 345 -466.71
1 264 367 -618.775
1 264 383 -3919.71
1 264 407 -3578.14
1 264 428 -244903.0
1 264 468 -57.66
1 264 471 -9023.14
1 264 476 -102210.0
1 264 477 -1711.29
1 264 523 -2323.03
1 264 524 -466.71
1 264 549 -3296.35
1 265 364 -8663.85
1 265 374 -119745.0
1 265 380 -57.09
1 265 422 -21031.1
1 265 523 -3745.15
1 266 337 -618.775
1 266 340 -155.57
1 266 462 -311.14
1 267 391 -13845.9
1 267 463 -2489.14
1 267 555 -618.775
1 267 556 -618.775
1 268 333 -622.29
1 268 334 -466.71
1 268 436 -1128830.0
1 268 455 -22.53
1 268 479 -933.43
1 268 489 -20935.9
1 269 363 -618.775
1 269 397 -18668.6
1 269 456 -4887.82
1 269 541 -618.775
1 270 337 -155.57
1 270 397 -18046.3
1 270 412 -239168.0
1 270 417 -122763.0
1 270 429 -864.93
1 270 481 -618.775
1 270 483 -966.435
1 270 484 -618.775
1 270 486 -10513.1
1 270 498 -22869.0
1 270 539 -155.57
1 271 319 -40783.1
1 271 335 -155.57
1 271 368 -7000.71
1 271 415 -81679.1
1 271 451 -2800.29
1 271 485 -271.97
1 271 493 -78283.7
1 271 498 -143126.0
1 271 537 -13906.2
1 272 336 -12.49
1 272 337 -16404.9
1 272 351 -311.14
1 272 368 -31387.8
1 272 388 -916078.0
1 272 450 -4356.0
1 272 451 -20224.3
1 272 462 -1071120.0
1 272 490 -466.71
1 272 497 -29438.5
1 272 498 -466.71
1 272 530 -6604.43
1 272 532 -24484.5
1 272 535 -4558.7
1 273 363 -5133.86
1 273 392 -14.29
1 273 410 -777.86
1 273 480 -4356.0
1 273 510 -618.775
1 273 516 -17109.3
1 273 517 -523714.0
1 273 518 -561.92
1 274 409 -1866.86
1 274 520 -32203.3
1 274 523 -155.57
1 275 367 -49316.1
1 275 441 -278296.0
1 275 450 -8089.71
1 276 364 -5289.43
1 276 366 -28780.7
1 276 392 -311.14
1 276 446 -2800.29
1 276 474 -24959.6
1 277 294 -69985.9
1 277 390 -2022.43
1 277 407 -211779.0
1 277 431 -5367.82
1 277 454 -155.57
1 277 468 -155.57
1 277 472 -9107.24
1 277 480 -56655.5
1 278 365 -7934.14
1 278 435 -13.3
1 278 482 -6067.29
1 279 310 -23449.2
1 279 336 -777.86
1 279 388 -210.27
1 279 433 -140286.0
1 279 438 -69451.7
1 279 449 -1244.57
1 279 475 -109256.0
1 279 485 -11667.9
1 280 365 -311.14
1 280 433 -18207.4
1 280 442 -6845.14
1 280 469 -7699.04
1 280 471 -49316.6
1 281 386 -27.68
1 281 388 -195.57
1 281 458 -546321.0
1 282 409 -5133.86
1 282 424 -2489.14
1 282 430 -622.29
1 282 436 -2571.54
1 282 454 -693.19
1 282 457 -197.51
1 283 354 -155.57
1 283 429 -289363.0
1 283 449 -10271.0
1 283 452 -13460.5
1 283 455 -74598.4
1 283 468 -44535.5
1 284 339 -51909.5
1 284 457 -5289.43
1 284 463 -12267.7
1 284 481 -3822.03
1 285 336 -155.57
1 285 374 -1089.0
1 285 467 -97742.7
1 285 475 -246.86
1 286 330 -48878.2
1 286 425 -274383.0
1 286 475 -18311.8
1 286 477 -47955.6
1 287 329 -1666.99
1 287 388 -67984.4
1 287 426 -234563.0
1 287 477 -72541.1
1 288 372 -6222.86
1 288 419 -8712.0
1 288 423 -849.55
1 288 426 -618.775
1 289 351 -2333.57
1 289 404 -171860.0
1 289 459 -220186.0
1 289 468 -17351.1
1 290 374 -3111.43
1 290 382 -47931.4
1 290 402 -8863.51
1 290 411 -4978.29
1 290 412 -19184.5
1 290 413 -17735.1
1 290 420 -447.84
1 290 477 -213426.0
1 291 350 -466.71
1 291 355 -25676.2
1 291 373 -2022.43
1 291 397 -246.31
1 291 419 -1494190.0
1 292 361 -466.71
1 292 365 -17890.7
1 292 469 -33758.0
1 294 435 -11667.9
1 294 447 -25309.0
1 294 458 -978.19
1 295 391 -2489.14
1 295 430 -576645.0
1 296 388 -1040.51
1 296 398 -4378.04
1 296 406 -24735.7
1 296 433 -7778.57
1 297 381 -466.71
1 297 383 -1555.71
1 297 395 -96632.1
1 297 401 -31018.6
1 297 402 -12437.1
1 297 413 -1494190.0
1 297 415 -58494.9
1 297 442 -69667.3
1 298 389 -155.57
1 299 355 -155.57
1 299 387 -457.45
1 334 405 -26602.7
1 102 110 -618.775
1 102 113 -618.775
1 103 100 -618.775
1 103 104 -618.775
1 104 115 -618.775
1 105 115 -618.775
1 105 139 -618.775
1 108 117 -618.775
1 109 112 -618.775
1 111 155 -618.775
1 111 208 -618.775
1 112 181 -618.775
1 113 111 -618.775
1 113 159 -618.775
1 113 211 -618.775
1 114 173 -618.775
1 114 212 -1237.55
1 115 212 -1237.55
1 116 121 -618.775
1 116 150 -618.775
1 116 166 -618.775
1 117 119 -618.775
1 117 168 -618.775
1 117 210 -618.775
1 119 194 -618.775
1 119 202 -618.775
1 119 96 -618.775
1 120 155 -618.775
1 120 94 -618.775
1 121 187 -618.775
1 123 110 -618.775
1 123 111 -618.775
1 123 158 -618.775
1 123 168 -618.775
1 123 193 -618.775
1 123 202 -1237.55
1 125 150 -618.775
1 125 151 -618.775
1 125 193 -618.775
1 125 194 -618.775
1 126 121 -618.775
1 126 191 -618.775
1 126 195 -618.775
1 127 150 -618.775
1 127 160 -618.775
1 127 169 -618.775
1 127 195 -618.775
1 127 199 -1237.55
1 128 122 -618.775
1 128 148 -618.775
1 128 149 -618.775
1 128 152 -618.775
1 128 153 -618.775
1 128 154 -618.775
1 128 157 -618.775
1 128 199 -618.775
1 129 117 -618.775
1 129 119 -618.775
1 129 122 -618.775
1 129 146 -618.775
1 129 154 -1237.55
1 129 162 -618.775
1 129 176 -618.775
1 130 120 -618.775
1 130 154 -618.775
1 130 155 -618.775
1 130 156 -1856.32
1 130 194 -618.775
1 131 112 -618.775
1 131 121 -618.775
1 131 122 -618.775
1 131 150 -618.775
1 131 156 -618.775
1 131 157 -618.775
1 131 158 -618.775
1 131 161 -1237.55
1 131 198 -618.775
1 132 112 -618.775
1 132 155 -618.775
1 132 156 -618.775
1 132 160 -618.775
1 132 161 -1237.55
1 133 155 -618.775
1 133 159 -618.775
1 133 160 -1237.55
1 133 192 -1237.55
1 133 193 -618.775
1 134 148 -618.775
1 134 150 -618.775
1 134 151 -618.775
1 134 156 -618.775
1 134 191 -618.775
1 134 193 -2475.1
1 135 148 -3093.87
1 135 149 -1237.55
1 135 156 -618.775
1 135 157 -618.775
1 135 193 -1856.32
1 136 147 -618.775
1 136 148 -618.775
1 136 149 -618.775
1 136 150 -1237.55
1 136 153 -618.775
1 136 155 -618.775
1 137 148 -618.775
1 137 150 -618.775
1 137 153 -1237.55
1 137 154 -618.775
1 137 157 -1856.32
1 137 175 -618.775
1 137 206 -618.775
1 138 151 -618.775
1 138 152 -618.775
1 138 153 -1856.32
1 138 168 -618.775
1 138 169 -618.775
1 139 151 -618.775
1 140 138 -618.775
1 140 155 -2475.1
1 140 156 -618.775
1 140 171 -618.775
1 140 180 -618.775
1 141 149 -618.775
1 141 154 -1237.55
1 141 157 -618.775
1 141 171 -618.775
1 141 199 -1237.55
1 142 155 -618.775
1 142 156 -618.775
1 142 157 -618.775
1 142 158 -618.775
1 142 174 -618.775
1 142 179 -618.775
1 142 201 -618.775
1 143 146 -618.775
1 143 157 -1856.32
1 144 142 -1237.55
1 144 173 -618.775
1 145 142 -618.775
1 145 143 -618.775
1 145 151 -618.775
1 145 187 -618.775
1 145 226 -618.775
1 146 140 -618.775
1 146 141 -1237.55
1 146 145 -618.775
1 146 208 -618.775
1 146 229 -618.775
1 146 230 -618.775
1 146 232 -618.775
1 147 139 -1856.32
1 147 140 -618.775
1 147 141 -618.775
1 147 142 -618.775
1 147 229 -618.775
1 147 230 -618.775
1 147 233 -618.775
1 147 239 -618.775
1 147 240 -618.775
1 148 217 -618.775
1 148 221 -618.775
1 149 127 -618.775
1 149 147 -618.775
1 149 154 -618.775
1 149 222 -618.775
1 149 253 -618.775
1 150 160 -618.775
1 150 164 -618.775
1 150 177 -618.775
1 150 227 -618.775
1 150 236 -618.775
1 151 128 -618.775
1 151 228 -618.775
1 152 153 -618.775
1 152 173 -618.775
1 152 176 -618.775
1 152 222 -618.775
1 152 228 -618.775
1 153 126 -618.775
1 153 136 -618.775
1 153 155 -618.775
1 153 232 -618.775
1 153 238 -618.775
1 153 253 -618.775
1 154 126 -618.775
1 154 133 -618.775
1 154 161 -618.775
1 154 172 -618.775
1 154 220 -618.775
1 154 244 -618.775
1 155 170 -1237.55
1 155 216 -618.775
1 155 262 -618.775
1 156 160 -618.775
1 156 211 -618.775
1 156 223 -618.775
1 157 132 -618.775
1 157 133 -618.775
1 157 134 -1856.32
1 157 136 -618.775
1 157 194 -618.775
1 157 207 -618.775
1 157 240 -618.775
1 158 135 -618.775
1 158 248 -618.775
1 159 152 -618.775
1 159 231 -618.775
1 159 240 -618.775
1 159 247 -618.775
1 159 248 -618.775
1 159 250 -618.775
1 159 251 -618.775
1 159 257 -618.775
1 160 133 -618.775
1 160 249 -1237.55
1 160 251 -1237.55
1 160 252 -618.775
1 160 253 -618.775
1 160 262 -618.775
1 161 144 -1237.55
1 161 251 -618.775
1 161 253 -618.775
1 162 137 -1237.55
1 162 252 -1237.55
1 162 253 -618.775
1 163 152 -618.775
1 163 190 -618.775
1 163 236 -618.775
1 164 278 -618.775
1 164 290 -618.775
1 164 299 -618.775
1 165 133 -1237.55
1 165 134 -1237.55
1 165 135 -618.775
1 165 290 -618.775
1 166 131 -618.775
1 166 132 -618.775
1 166 133 -1237.55
1 166 134 -618.775
1 166 135 -618.775
1 166 210 -618.775
1 166 254 -618.775
1 166 255 -618.775
1 167 127 -618.775
1 167 132 -1237.55
1 167 133 -1237.55
1 167 134 -1856.32
1 167 256 -618.775
1 167 288 -618.775
1 167 294 -618.775
1 168 130 -618.775
1 168 131 -618.775
1 168 132 -2475.1
1 168 133 -2475.1
1 168 286 -618.775
1 168 287 -1237.55
1 168 291 -1237.55
1 169 128 -1237.55
1 169 129 -2475.1
1 169 131 -618.775
1 169 132 -3093.87
1 169 133 -1856.32
1 169 134 -5568.97
1 169 135 -618.775
1 169 236 -618.775
1 169 260 -618.775
1 169 271 -618.775
1 169 287 -618.775
1 169 290 -618.775
1 170 133 -1856.32
1 170 134 -7425.3
1 170 136 -618.775
1 170 187 -618.775
1 170 256 -618.775
1 170 287 -618.775
1 170 292 -618.775
1 171 133 -1237.55
1 171 134 -618.775
1 171 136 -3093.87
1 171 290 -618.775
1 172 257 -618.775
1 172 284 -618.775
1 172 295 -1237.55
1 172 311 -618.775
1 173 258 -618.775
1 173 278 -618.775
1 173 290 -618.775
1 173 292 -618.775
1 173 293 -1237.55
1 173 294 -618.775
1 174 124 -618.775
1 174 253 -618.775
1 174 261 -618.775
1 174 270 -618.775
1 174 283 -618.775
1 174 289 -618.775
1 174 293 -618.775
1 175 260 -618.775
1 175 288 -618.775
1 175 292 -1237.55
1 175 293 -618.775
1 175 296 -618.775
1 175 305 -618.775
1 176 274 -618.775
1 176 305 -618.775
1 177 289 -618.775
1 177 290 -618.775
1 178 243 -618.775
1 178 280 -618.775
1 178 285 -618.775
1 178 302 -618.775
1 178 305 -618.775
1 178 306 -618.775
1 178 311 -618.775
1 179 278 -618.775
1 179 285 -618.775
1 180 149 -618.775
1 180 286 -618.775
1 181 297 -618.775
1 181 307 -618.775
1 181 308 -618.775
1 183 242 -618.775
1 183 285 -618.775
1 183 295 -618.775
1 183 308 -618.775
1 183 309 -618.775
1 183 318 -618.775
1 184 263 -618.775
1 184 285 -618.775
1 184 313 -618.775
1 184 319 -618.775
1 185 257 -618.775
1 185 305 -618.775
1 185 306 -618.775
1 185 307 -618.775
1 185 315 -618.775
1 186 255 -618.775
1 186 265 -618.775
1 186 307 -1237.55
1 186 310 -618.775
1 188 262 -618.775
1 188 294 -618.775
1 188 295 -618.775
1 189 295 -618.775
1 189 309 -618.775
1 190 307 -618.775
1 190 308 -618.775
1 190 324 -618.775
1 191 292 -1237.55
1 191 304 -618.775
1 191 305 -618.775
1 192 258 -618.775
1 192 284 -618.775
1 192 304 -618.775
1 192 316 -618.775
1 192 319 -618.775
1 193 262 -618.775
1 193 301 -618.775
1 193 311 -618.775
1 193 313 -1237.55
1 194 284 -618.775
1 194 313 -618.775
1 195 269 -618.775
1 195 287 -618.775
1 195 289 -618.775
1 195 300 -618.775
1 195 311 -618.775
1 195 313 -618.775
1 196 269 -618.775
1 196 275 -618.775
1 196 303 -618.775
1 196 324 -618.775
1 196 333 -618.775
1 197 264 -618.775
1 197 283 -618.775
1 197 300 -618.775
1 197 322 -618.775
1 197 325 -618.775
1 198 242 -618.775
1 198 276 -1237.55
1 198 309 -618.775
1 198 311 -618.775
1 199 283 -618.775
1 199 311 -618.775
1 199 324 -618.775
1 200 280 -618.775
1 200 286 -618.775
1 200 296 -618.775
1 200 299 -618.775
1 200 306 -618.775
1 200 307 -618.775
1 200 312 -618.775
1 200 343 -618.775
1 200 345 -618.775
1 201 257 -618.775
1 202 280 -618.775
1 202 287 -618.775
1 202 297 -618.775
1 202 301 -618.775
1 202 302 -618.775
1 203 215 -618.775
1 203 304 -618.775
1 203 305 -618.775
1 203 309 -618.775
1 203 315 -618.775
1 205 263 -618.775
1 205 303 -618.775
1 205 304 -618.775
1 205 317 -618.775
1 205 318 -618.775
1 205 319 -618.775
1 206 264 -618.775
1 206 270 -618.775
1 206 301 -618.775
1 206 304 -618.775
1 206 315 -618.775
1 206 317 -1237.55
1 207 262 -618.775
1 207 300 -618.775
1 207 301 -1237.55
1 207 303 -618.775
1 207 304 -618.775
1 207 306 -1237.55
1 207 315 -618.775
1 207 317 -618.775
1 208 298 -1237.55
1 208 299 -1237.55
1 208 306 -618.775
1 208 317 -618.775
1 208 328 -618.775
1 209 284 -618.775
1 209 297 -618.775
1 209 302 -618.775
1 210 284 -618.775
1 210 301 -618.775
1 210 302 -618.775
1 210 342 -618.775
1 211 301 -618.775
1 211 321 -618.775
1 212 295 -618.775
1 212 347 -618.775
1 213 226 -618.775
1 213 287 -618.775
1 213 303 -618.775
1 213 329 -618.775
1 214 319 -618.775
1 215 289 -618.775
1 215 311 -618.775
1 215 353 -618.775
1 216 323 -618.775
1 216 341 -618.775
1 217 244 -618.775
1 217 249 -618.775
1 217 351 -618.775
1 218 209 -618.775
1 218 243 -618.775
1 218 292 -618.775
1 218 345 -1237.55
1 221 240 -618.775
1 221 611 -618.775
1 222 254 -618.775
1 222 362 -618.775
1 224 338 -618.775
1 224 359 -618.775
1 225 323 -618.775
1 225 329 -618.775
1 225 332 -618.775
1 225 368 -618.775
1 225 373 -618.775
1 225 378 -618.775
1 225 382 -1237.55
1 226 323 -618.775
1 226 388 -1237.55
1 226 618 -618.775
1 227 315 -618.775
1 228 606 -618.775
1 229 385 -1237.55
1 229 392 -618.775
1 229 393 -618.775
1 229 397 -2475.1
1 229 618 -3093.87
1 230 338 -618.775
1 230 373 -1237.55
1 230 384 -618.775
1 230 392 -1237.55
1 230 393 -2475.1
1 230 396 -618.775
1 230 605 -618.775
1 231 343 -618.775
1 231 383 -618.775
1 231 392 -3093.87
1 231 393 -6806.52
1 231 398 -618.775
1 231 603 -618.775
1 231 607 -1237.55
1 232 259 -618.775
1 232 300 -618.775
1 232 384 -618.775
1 232 389 -618.775
1 232 393 -3712.65
1 232 394 -2475.1
1 232 405 -618.775
1 232 604 -1237.55
1 232 606 -1237.55
1 232 607 -1856.32
1 232 608 -618.775
1 233 373 -618.775
1 233 393 -618.775
1 233 403 -618.775
1 233 406 -2475.1
1 233 601 -1237.55
1 233 602 -618.775
1 234 374 -618.775
1 234 388 -618.775
1 234 389 -618.775
1 234 406 -1856.32
1 234 407 -1237.55
1 234 601 -618.775
1 234 602 -1237.55
1 234 603 -1856.32
1 234 604 -618.775
1 234 605 -1237.55
1 234 606 -618.775
1 234 609 -618.775
1 234 620 -618.775
1 234 621 -618.775
1 235 342 -618.775
1 235 368 -618.775
1 235 389 -618.775
1 235 392 -618.775
1 235 404 -618.775
1 235 406 -618.775
1 235 599 -618.775
1 235 600 -1237.55
1 235 602 -1856.32
1 235 603 -618.775
1 235 606 -618.775
1 235 608 -618.775
1 236 256 -618.775
1 236 359 -618.775
1 236 377 -1237.55
1 236 378 -618.775
1 236 389 -1237.55
1 236 600 -618.775
1 236 601 -618.775
1 236 602 -1237.55
1 236 605 -618.775
1 236 606 -618.775
1 236 607 -618.775
1 236 620 -618.775
1 237 330 -618.775
1 237 377 -618.775
1 237 384 -618.775
1 237 388 -618.775
1 237 605 -1237.55
1 237 606 -1856.32
1 237 607 -1237.55
1 237 608 -3093.87
1 237 609 -1856.32
1 237 620 -618.775
1 238 346 -618.775
1 238 391 -618.775
1 238 410 -618.775
1 238 602 -618.775
1 238 603 -618.775
1 238 606 -3093.87
1 238 607 -3712.65
1 238 608 -2475.1
1 238 610 -618.775
1 239 297 -618.775
1 239 323 -618.775
1 239 404 -618.775
1 239 601 -618.775
1 239 603 -618.775
1 239 607 -1237.55
1 239 608 -2475.1
1 239 609 -1856.32
1 239 610 -1237.55
1 239 615 -1237.55
1 240 267 -618.775
1 240 319 -618.775
1 240 327 -618.775
1 240 352 -618.775
1 240 374 -1237.55
1 240 392 -1237.55
1 240 396 -618.775
1 240 406 -618.775
1 240 603 -618.775
1 240 605 -1856.32
1 240 606 -2475.1
1 240 607 -1237.55
1 240 620 -1237.55
1 240 621 -618.775
1 241 339 -618.775
1 241 352 -618.775
1 241 370 -1237.55
1 241 375 -618.775
1 241 409 -618.775
1 241 577 -618.775
1 241 603 -1237.55
1 241 605 -1856.32
1 241 606 -1237.55
1 241 607 -1237.55
1 241 608 -1237.55
1 241 609 -3093.87
1 241 610 -618.775
1 241 611 -618.775
1 241 620 -618.775
1 241 621 -618.775
1 242 314 -618.775
1 242 318 -618.775
1 242 336 -618.775
1 242 338 -618.775
1 242 339 -618.775
1 242 373 -1856.32
1 242 374 -3712.65
1 242 406 -1237.55
1 242 603 -1237.55
1 242 604 -4331.42
1 242 605 -5568.97
1 242 606 -1856.32
1 242 607 -3093.87
1 242 608 -3093.87
1 242 609 -1856.32
1 242 610 -1856.32
1 242 616 -618.775
1 242 622 -618.775
1 242 623 -1856.32
1 243 366 -618.775
1 243 369 -618.775
1 243 372 -1237.55
1 243 373 -4950.2
1 243 374 -1856.32
1 243 386 -618.775
1 243 391 -618.775
1 243 405 -618.775
1 243 406 -618.775
1 243 407 -1237.55
1 243 409 -618.775
1 243 577 -618.775
1 243 606 -4331.42
1 243 607 -3093.87
1 243 608 -1237.55
1 243 609 -3712.65
1 243 620 -618.775
1 243 622 -1237.55
1 243 623 -4950.2
1 244 371 -618.775
1 244 372 -1237.55
1 244 373 -1856.32
1 244 415 -618.775
1 244 598 -618.775
1 244 606 -2475.1
1 244 607 -618.775
1 244 611 -618.775
1 244 616 -618.775
1 244 622 -618.775
1 244 623 -2475.1
1 244 624 -618.775
1 245 312 -618.775
1 245 315 -618.775
1 245 326 -618.775
1 245 335 -618.775
1 245 338 -618.775
1 245 356 -1237.55
1 245 371 -618.775
1 245 413 -618.775
1 245 586 -618.775
1 245 604 -618.775
1 245 605 -1856.32
1 245 606 -3093.87
1 245 607 -2475.1
1 245 609 -3093.87
1 245 610 -1237.55
1 245 612 -1237.55
1 245 616 -1237.55
1 245 619 -618.775
1 245 620 -1237.55
1 245 622 -618.775
1 246 214 -618.775
1 246 342 -618.775
1 246 356 -618.775
1 246 357 -618.775
1 246 374 -618.775
1 246 413 -618.775
1 246 590 -618.775
1 246 599 -618.775
1 246 600 -3712.65
1 246 605 -2475.1
1 246 606 -4331.42
1 246 607 -2475.1
1 246 610 -618.775
1 246 612 -1237.55
1 246 614 -618.775
1 246 615 -618.775
1 246 623 -618.775
1 247 314 -618.775
1 247 331 -618.775
1 247 367 -1237.55
1 247 368 -3093.87
1 247 387 -1237.55
1 247 413 -618.775
1 247 578 -618.775
1 247 597 -618.775
1 247 598 -4331.42
1 247 599 -3712.65
1 247 600 -6187.75
1 247 601 -6187.75
1 247 605 -1237.55
1 247 609 -1237.55
1 247 610 -1237.55
1 247 611 -2475.1
1 247 612 -2475.1
1 247 613 -1237.55
1 247 618 -1237.55
1 247 619 -618.775
1 247 623 -618.775
1 248 307 -618.775
1 248 367 -618.775
1 248 368 -2475.1
1 248 371 -1237.55
1 248 372 -3093.87
1 248 387 -1237.55
1 248 388 -3712.65
1 248 413 -618.775
1 248 416 -618.775
1 248 529 -618.775
1 248 567 -618.775
1 248 596 -4331.42
1 248 597 -3093.87
1 248 598 -6187.75
1 248 599 -3712.65
1 248 600 -2475.1
1 248 601 -3712.65
1 248 602 -1856.32
1 248 605 -618.775
1 248 608 -618.775
1 248 609 -1237.55
1 248 610 -1856.32
1 248 611 -3712.65
1 248 612 -3712.65
1 248 613 -4331.42
1 248 618 -618.775
1 248 619 -618.775
1 248 620 -618.775
1 248 623 -1237.55
1 249 333 -618.775
1 249 334 -618.775
1 249 365 -1237.55
1 249 366 -1856.32
1 249 367 -618.775
1 249 368 -1856.32
1 249 371 -618.775
1 249 387 -618.775
1 249 388 -618.775
1 249 400 -618.775
1 249 412 -618.775
1 249 567 -618.775
1 249 593 -1237.55
1 249 595 -3712.65
1 249 596 -4331.42
1 249 597 -6806.52
1 249 603 -1856.32
1 249 604 -4950.2
1 249 605 -3093.87
1 249 607 -2475.1
1 249 609 -618.775
1 249 610 -1237.55
1 249 611 -3093.87
1 249 612 -5568.97
1 249 613 -1237.55
1 249 618 -618.775
1 249 623 -618.775
1 250 331 -618.775
1 250 355 -618.775
1 250 365 -1237.55
1 250 366 -3093.87
1 250 367 -1856.32
1 250 368 -618.775
1 250 369 -1237.55
1 250 370 -1237.55
1 250 371 -3712.65
1 250 382 -618.775
1 250 406 -618.775
1 250 413 -618.775
1 250 414 -618.775
1 250 423 -618.775
1 250 436 -618.775
1 250 568 -618.775
1 250 579 -618.775
1 250 591 -618.775
1 250 594 -618.775
1 250 596 -4950.2
1 250 597 -1237.55
1 250 602 -618.775
1 250 603 -4331.42
1 250 604 -3712.65
1 250 605 -2475.1
1 250 607 -618.775
1 250 608 -1856.32
1 250 609 -618.775
1 250 610 -618.775
1 250 613 -618.775
1 251 276 -618.775
1 251 322 -618.775
1 251 365 -1856.32
1 251 366 -5568.97
1 251 367 -1237.55
1 251 368 -1237.55
1 251 371 -618.775
1 251 379 -618.775
1 251 407 -618.775
1 251 414 -618.775
1 251 424 -618.775
1 251 598 -618.775
1 251 604 -618.775
1 251 605 -618.775
1 251 607 -618.775
1 251 610 -618.775
1 252 236 -618.775
1 252 365 -1856.32
1 252 366 -4331.42
1 252 367 -4331.42
1 252 368 -1237.55
1 252 376 -618.775
1 252 412 -618.775
1 252 416 -618.775
1 252 428 -618.775
1 252 506 -618.775
1 252 507 -618.775
1 252 528 -618.775
1 252 534 -618.775
1 252 544 -618.775
1 252 576 -618.775
1 252 591 -1237.55
1 252 596 -1237.55
1 252 597 -1237.55
1 252 598 -618.775
1 252 599 -1237.55
1 252 608 -1237.55
1 252 609 -618.775
1 252 611 -618.775
1 252 620 -618.775
1 253 259 -618.775
1 253 342 -618.775
1 253 363 -618.775
1 253 365 -1237.55
1 253 366 -3712.65
1 253 367 -2475.1
1 253 370 -618.775
1 253 375 -1237.55
1 253 404 -618.775
1 253 433 -1237.55
1 253 506 -618.775
1 253 543 -618.775
1 253 546 -618.775
1 253 547 -618.775
1 253 566 -618.775
1 253 586 -1237.55
1 253 596 -618.775
1 253 597 -2475.1
1 253 601 -618.775
1 253 604 -618.775
1 253 605 -618.775
1 253 614 -1856.32
1 254 366 -1237.55
1 254 478 -618.775
1 254 581 -618.775
1 254 584 -618.775
1 254 585 -3712.65
1 254 586 -3093.87
1 254 587 -1856.32
1 254 588 -1856.32
1 254 589 -2475.1
1 254 598 -618.775
1 254 599 -618.775
1 254 601 -1237.55
1 254 604 -1237.55
1 254 605 -618.775
1 254 606 -618.775
1 254 611 -618.775
1 255 341 -618.775
1 255 346 -618.775
1 255 371 -618.775
1 255 402 -618.775
1 255 442 -618.775
1 255 445 -618.775
1 255 461 -618.775
1 255 479 -618.775
1 255 512 -618.775
1 255 513 -618.775
1 255 526 -618.775
1 255 547 -618.775
1 255 548 -618.775
1 255 565 -618.775
1 255 583 -1856.32
1 255 584 -2475.1
1 255 585 -2475.1
1 255 586 -2475.1
1 255 587 -1237.55
1 255 588 -618.775
1 255 591 -618.775
1 255 594 -618.775
1 255 597 -618.775
1 255 600 -1237.55
1 255 607 -618.775
1 256 346 -618.775
1 256 350 -618.775
1 256 367 -618.775
1 256 373 -618.775
1 256 374 -618.775
1 256 491 -618.775
1 256 526 -618.775
1 256 531 -1856.32
1 256 532 -618.775
1 256 547 -618.775
1 256 548 -1237.55
1 256 549 -618.775
1 256 575 -618.775
1 256 578 -1237.55
1 256 580 -618.775
1 256 584 -1856.32
1 256 585 -1237.55
1 256 592 -1237.55
1 256 594 -4331.42
1 256 595 -2475.1
1 256 607 -2475.1
1 256 608 -1237.55
1 256 609 -618.775
1 257 330 -618.775
1 257 461 -618.775
1 257 497 -618.775
1 257 503 -618.775
1 257 506 -618.775
1 257 512 -618.775
1 257 527 -1856.32
1 257 529 -618.775
1 257 532 -618.775
1 257 549 -618.775
1 257 574 -618.775
1 257 575 -1856.32
1 257 584 -1856.32
1 257 585 -1856.32
1 257 593 -1237.55
1 257 594 -4950.2
1 257 595 -2475.1
1 257 597 -1237.55
1 257 606 -4331.42
1 257 607 -618.775
1 258 307 -618.775
1 258 330 -618.775
1 258 366 -618.775
1 258 485 -1237.55
1 258 489 -1237.55
1 258 491 -618.775
1 258 493 -618.775
1 258 494 -618.775
1 258 496 -618.775
1 258 497 -618.775
1 258 498 -1856.32
1 258 499 -1237.55
1 258 502 -618.775
1 258 503 -618.775
1 258 529 -1237.55
1 258 531 -618.775
1 258 532 -618.775
1 258 533 -1237.55
1 258 535 -618.775
1 258 546 -618.775
1 258 550 -618.775
1 258 556 -1237.55
1 258 564 -618.775
1 258 576 -618.775
1 258 583 -618.775
1 258 584 -1856.32
1 258 586 -1856.32
1 258 594 -1856.32
1 258 606 -3093.87
1 258 607 -618.775
1 259 346 -618.775
1 259 369 -1237.55
1 259 402 -618.775
1 259 444 -618.775
1 259 456 -618.775
1 259 485 -618.775
1 259 486 -618.775
1 259 488 -618.775
1 259 489 -618.775
1 259 490 -1237.55
1 259 509 -1237.55
1 259 510 -618.775
1 259 522 -618.775
1 259 528 -618.775
1 259 529 -618.775
1 259 531 -618.775
1 259 532 -618.775
1 259 545 -618.775
1 259 549 -618.775
1 259 554 -1237.55
1 259 555 -1237.55
1 259 556 -1856.32
1 259 557 -1856.32
1 259 575 -2475.1
1 259 576 -618.775
1 259 579 -618.775
1 259 584 -618.775
1 259 585 -2475.1
1 259 586 -1237.55
1 260 369 -1237.55
1 260 404 -1237.55
1 260 443 -618.775
1 260 454 -618.775
1 260 485 -618.775
1 260 486 -1237.55
1 260 487 -618.775
1 260 492 -618.775
1 260 499 -618.775
1 260 502 -1237.55
1 260 517 -618.775
1 260 527 -618.775
1 260 545 -1856.32
1 260 548 -618.775
1 260 554 -618.775
1 260 556 -618.775
1 260 567 -618.775
1 260 576 -618.775
1 260 577 -618.775
1 261 397 -618.775
1 261 404 -618.775
1 261 444 -618.775
1 261 483 -618.775
1 261 487 -618.775
1 261 501 -618.775
1 261 502 -618.775
1 261 545 -618.775
1 261 551 -618.775
1 261 552 -618.775
1 261 565 -618.775
1 262 254 -618.775
1 262 353 -1237.55
1 262 369 -618.775
1 262 425 -618.775
1 262 443 -618.775
1 262 458 -618.775
1 262 483 -1237.55
1 262 493 -618.775
1 262 501 -618.775
1 262 502 -618.775
1 262 523 -618.775
1 262 524 -618.775
1 262 535 -618.775
1 262 536 -618.775
1 262 537 -618.775
1 262 542 -618.775
1 262 546 -618.775
1 262 584 -618.775
1 262 587 -618.775
1 263 355 -618.775
1 263 415 -618.775
1 263 484 -618.775
1 263 493 -618.775
1 263 509 -618.775
1 263 522 -618.775
1 263 523 -1237.55
1 263 524 -1237.55
1 263 541 -1237.55
1 263 542 -618.775
1 263 543 -618.775
1 263 546 -1237.55
1 263 576 -618.775
1 263 579 -618.775
1 263 581 -2475.1
1 264 369 -618.775
1 264 379 -618.775
1 264 481 -618.775
1 264 482 -618.775
1 264 493 -618.775
1 264 503 -618.775
1 264 504 -618.775
1 264 516 -618.775
1 264 521 -1856.32
1 264 527 -618.775
1 264 543 -2475.1
1 264 568 -618.775
1 264 575 -618.775
1 264 576 -1237.55
1 265 336 -618.775
1 265 367 -1237.55
1 265 457 -618.775
1 265 459 -618.775
1 265 511 -618.775
1 265 516 -618.775
1 265 520 -618.775
1 265 524 -618.775
1 265 568 -1237.55
1 266 314 -618.775
1 266 413 -618.775
1 266 456 -618.775
1 266 478 -618.775
1 266 481 -618.775
1 266 483 -618.775
1 266 484 -618.775
1 266 485 -618.775
1 266 492 -618.775
1 266 498 -618.775
1 266 505 -618.775
1 266 518 -618.775
1 266 523 -618.775
1 266 543 -618.775
1 266 545 -618.775
1 266 549 -618.775
1 266 555 -618.775
1 267 337 -618.775
1 267 365 -618.775
1 267 381 -618.775
1 267 459 -618.775
1 267 460 -1237.55
1 267 505 -618.775
1 267 507 -618.775
1 267 543 -618.775
1 267 544 -1237.55
1 267 549 -618.775
1 267 553 -1856.32
1 267 562 -618.775
1 268 507 -1237.55
1 268 540 -618.775
1 268 541 -618.775
1 268 542 -1237.55
1 268 543 -2475.1
1 268 544 -1237.55
1 268 549 -618.775
1 268 551 -618.775
1 268 552 -618.775
1 268 553 -618.775
1 269 362 -618.775
1 269 505 -1237.55
1 269 507 -618.775
1 269 528 -618.775
1 269 543 -618.775
1 269 547 -1237.55
1 270 474 -618.775
1 270 475 -1237.55
1 270 479 -618.775
1 270 491 -618.775
1 270 504 -618.775
1 270 507 -618.775
1 270 526 -618.775
1 271 375 -618.775
1 271 388 -618.775
1 271 479 -618.775
1 271 481 -618.775
1 271 487 -618.775
1 271 491 -618.775
1 271 526 -618.775
1 272 469 -618.775
1 272 493 -618.775
1 272 495 -1237.55
1 272 496 -618.775
1 272 502 -618.775
1 272 526 -1856.32
1 273 441 -618.775
1 273 462 -618.775
1 273 526 -618.775
1 275 463 -618.775
1 275 480 -618.775
1 275 502 -618.775
1 275 504 -618.775
1 276 502 -618.775
1 277 393 -618.775
1 279 459 -618.775
1 280 563 -618.775
1 282 434 -618.775
1 282 435 -618.775
1 283 461 -618.775
1 283 482 -618.775
1 283 483 -618.775
1 285 437 -618.775
1 285 482 -618.775
1 285 483 -618.775
1 286 377 -618.775
1 286 464 -618.775
1 288 469 -618.775
1 289 362 -618.775
1 289 443 -618.775
1 292 358 -618.775
1 293 390 -1856.32
1 293 391 -618.775
1 296 390 -618.775
1 301 359 -618.775
1 301 378 -618.775
1 85 106 -618.775
1 92 112 -1237.55
1 93 117 -618.775
1 97 89 -618.775
1 98 101 -618.775
1 99 126 -618.775
1 99 136 -618.775
1 147 119 -7156.29
1 148 187 -26913.9
1 150 114 -62228.6
1 153 113 -20379.9
1 167 186 -33759.0
1 168 169 -23335.7
1 197 280 -1244.57
1 199 225 -1244.57
1 210 300 -155.57
1 211 298 -933.43
1 234 285 -2178.0
1 244 234 -5445.0
1 267 479 -2178.0
1 271 361 -562.62
1 272 454 -31.62
1 285 433 -2800.29
1 291 453 -176669.0
1 131 118 -2955.86
1 132 183 -24113.6
1 137 123 -31736.6
1 141 124 -13223.6
1 142 121 -16957.3
1 152 130 -15557.1
1 155 192 -23958.0
1 157 190 -155.57
1 158 205 -29403.0
1 164 258 -1555.71
1 169 164 -20691.0
1 172 162 -50560.7
1 172 163 -68295.9
1 172 164 -5600.57
1 173 196 -466.71
1 175 213 -110456.0
1 195 280 -1866.86
1 202 295 -777.86
1 203 296 -1555.71
1 214 174 -24113.6
1 226 358 -5093.48
1 247 335 -1866.86
1 256 333 -8400.86
1 265 349 -1400.14
1 267 346 -622.29
1 271 470 -311.14
1 274 431 -2138520.0
1 280 367 -622.29
1 285 357 -466.71
1 289 374 -622.29
1 292 370 -1555.71
1 293 370 -1711.29
1 143 152 -23335.7
1 143 154 -16801.7
1 144 130 -7156.29
1 148 113 -55072.3
1 149 118 -26913.9
1 152 183 -54450.0
1 153 185 -34536.9
1 153 212 -11512.3
1 154 128 -1244.57
1 155 180 -46671.4
1 155 187 -52894.3
1 164 159 -112478.0
1 167 163 -30803.1
1 175 178 -2489.14
1 176 128 -17112.9
1 188 287 -311.14
1 189 206 -51027.4
1 201 279 -2178.0
1 221 294 -1711.29
1 221 361 -155.57
1 222 252 -933.43
1 222 266 -933.43
1 225 248 -1711.29
1 226 361 -1400.14
1 237 292 -25356.7
1 248 331 -777.86
1 259 347 -622.29
1 266 345 -9334.29
1 271 268 -3889.29
1 274 278 -622.29
1 289 355 -311.14
1 295 392 -311.14
1 296 391 -466.71
1 296 393 -1089.0
1 297 378 -466.71
1 140 166 -80119.3
1 141 116 -2644.71
1 141 165 -26136.0
1 143 114 -2333.57
1 144 151 -100499.0
1 145 114 -2800.29
1 146 150 -129902.0
1 146 180 -36714.9
1 147 148 -96609.9
1 149 124 -777.86
1 149 181 -41537.6
1 149 202 -10890.0
1 150 183 -40604.1
1 150 186 -37026.0
1 151 189 -21624.4
1 152 180 -35003.6
1 153 188 -35781.4
1 154 113 -4044.86
1 158 173 -155.57
1 170 115 -21780.0
1 171 125 -466.71
1 188 207 -41226.4
1 189 288 -311.14
1 209 281 -24177.1
1 210 249 -1089.0
1 211 263 -1555.71
1 211 296 -777.86
1 219 272 -622.29
1 221 317 -1711.29
1 224 287 -1244.57
1 227 245 -311.14
1 227 344 -933.43
1 228 354 -1089.0
1 230 352 -3267.0
1 231 270 -1089.0
1 231 347 -466.71
1 235 295 -1244.57
1 236 342 -933.43
1 236 344 -1244.57
1 240 330 -1089.0
1 240 337 -933.43
1 240 357 -466.71
1 244 333 -3957.25
1 246 332 -933.43
1 246 337 -8867.57
1 251 334 -1244.57
1 258 343 -933.43
1 258 345 -466.71
1 260 345 -777.86
1 261 340 -311.14
1 261 351 -466.71
1 262 286 -155.57
1 262 361 -6378.43
1 263 344 -622.29
1 263 350 -1089.0
1 265 517 -155.57
1 267 321 -777.86
1 270 267 -4511.57
1 271 267 -2178.0
1 271 355 -466.71
1 277 371 -155.57
1 278 502 -6222.86
1 281 331 -155.57
1 284 333 -311.14
1 289 371 -622.29
1 290 371 -466.71
1 291 365 -311.14
1 296 358 -19602.0
1 297 356 -466.71
1 297 391 -933.43
1 125 93 -2644.71
1 131 125 -106255.0
1 134 123 -40915.3
1 134 125 -8245.29
1 135 126 -39359.6
1 138 125 -47760.4
1 142 117 -132702.0
1 142 169 -7778.57
1 146 146 -21935.6
1 152 213 -7467.43
1 161 185 -56939.1
1 163 186 -32825.6
1 166 203 -9801.0
1 192 232 -2178.0
1 193 235 -2489.14
1 211 195 -1555.71
1 215 261 -933.43
1 221 339 -1555.71
1 223 263 -622.29
1 226 354 -933.43
1 232 274 -466.71
1 233 341 -777.86
1 248 344 -1555.71
1 263 345 -2489.14
1 264 348 -155.57
1 286 302 -311.14
1 292 360 -311.14
1 293 357 -777.86
1 295 362 -155.57
1 297 439 -443121.0
1 134 124 -54605.6
1 134 126 -25358.1
1 137 128 -30958.7
1 148 119 -34381.3
1 150 118 -14779.3
1 150 121 -16490.6
1 150 127 -1244.57
1 152 118 -20224.3
1 153 122 -41382.0
1 153 123 -51338.6
1 155 125 -72651.9
1 156 124 -40759.7
1 158 138 -45271.3
1 158 140 -56783.6
1 160 139 -72185.1
1 181 126 -42471.0
1 185 168 -94587.4
1 189 126 -22402.3
1 224 257 -7623.0
1 137 168 -15246.0
1 149 213 -37337.1
1 189 195 -466.71
1 190 250 -155.57
1 192 197 -622.29
1 202 228 -155.57
1 210 253 -1866.86
1 217 236 -622.29
1 270 480 -155.57
1 144 124 -1089.0
1 186 159 -311.14
1 188 160 -2644.71
1 143 166 -4511.57
1 145 131 -1244.57
1 153 116 -15712.7
1 158 114 -11512.3
1 160 170 -9489.86
1 187 160 -8556.43
1 188 197 -155.57
1 188 204 -17424.0
1 203 340 -653.4
1 206 169 -1400.14
1 208 226 -1244.57
1 211 266 -25253.0
1 213 276 -28858.4
1 214 274 -50421.6
1 220 278 -53019.9
1 223 372 -7000.71
1 232 398 -155.57
1 233 375 -933.43
1 239 385 -1113.03
1 239 406 -113.88
1 241 238 -466.71
1 244 244 -1555.71
1 245 408 -6067.29
1 248 454 -155.57
1 259 351 -3020.53
1 262 585 -8245.29
1 265 360 -8908.79
1 266 560 -1540.54
1 267 407 -155.57
1 269 360 -6803.39
1 273 367 -466.71
1 274 327 -155.57
1 274 432 -8245.29
1 275 465 -231.22
1 290 322 -777.86
1 290 398 -238.91
1 292 458 -275508.0
1 294 354 -2690.9
1 297 377 -311.14
1 147 116 -20379.9
1 147 183 -2644.71
1 156 122 -42159.9
1 157 186 -1244.57
1 257 342 -311.14
1 201 251 -1711.29
1 265 488 -622.29
1 294 356 -155.57
1 144 132 -155.57
1 267 385 -8556.43
1 135 160 -1244.57
1 136 173 -3267.0
1 136 174 -3267.0
1 144 189 -1244.57
1 154 112 -38426.1
1 154 122 -16179.4
1 156 131 -622.29
1 159 115 -35314.7
1 161 179 -35159.1
1 164 169 -9334.29
1 167 128 -155.57
1 167 247 -311.14
1 183 124 -105011.0
1 183 205 -311.14
1 186 123 -59895.0
1 186 125 -10112.1
1 186 209 -52116.4
1 204 300 -25.56
1 215 269 -155.57
1 218 239 -28158.3
1 225 242 -777.86
1 226 375 -14183.8
1 235 420 -9489.86
1 238 302 -155.57
1 242 355 -31.23
1 244 321 -18357.4
1 244 369 -777.86
1 245 406 -466.71
1 247 591 -311.14
1 248 590 -622.29
1 248 593 -311.14
1 251 614 -492.91
1 255 333 -7156.29
1 256 443 -94.37
1 258 335 -17770.7
1 258 339 -865.51
1 258 416 -43.32
1 259 414 -311.14
1 263 583 -288.5
1 266 470 -1554.95
1 267 554 -155.57
1 269 482 -155.57
1 270 476 -466.71
1 273 477 -622.29
1 273 523 -54138.9
1 274 506 -155.57
1 275 479 -16179.4
1 277 388 -91.01
1 277 389 -186.34
1 278 446 -155.57
1 279 386 -239.78
1 280 458 -1030.81
1 291 374 -155.57
1 291 403 -2644.71
1 293 458 -12756.9
1 297 388 -334.17
1 298 384 -102.88
1 298 391 -155.57
1 297 359 -15557.1
