1 204 346 -624.816
1 212 384 45000.0
1 212 385 45000.0
1 212 386 45000.0
1 212 387 45000.0
1 212 388 45000.0
1 212 389 45000.0
1 212 390 45000.0
1 212 391 45000.0
1 212 392 45000.0
1 212 393 45000.0
1 213 394 45000.0
1 213 395 45000.0
1 213 396 45000.0
1 213 397 45000.0
1 213 398 45000.0
1 213 399 45000.0
1 213 400 45000.0
1 213 401 45000.0
1 213 402 45000.0
1 214 403 45000.0
1 214 404 45000.0
1 214 405 45000.0
1 214 406 45000.0
1 214 407 45000.0
1 214 409 45000.0
1 214 410 45000.0
1 214 411 45000.0
1 214 412 45000.0
1 214 413 45000.0
1 214 414 45000.0
1 214 415 45000.0
1 215 416 45000.0
1 215 417 45000.0
1 227 417 45000.0
1 228 417 45000.0
1 229 417 45000.0
1 216 418 45000.0
1 226 418 45000.0
1 230 418 45000.0
1 217 419 45000.0
1 218 419 45000.0
1 219 419 45000.0
1 220 419 45000.0
1 221 419 45000.0
1 222 419 45000.0
1 223 419 45000.0
1 224 419 45000.0
1 225 419 45000.0
1 229 419 45000.0
1 229 420 45000.0
1 226 421 45000.0
1 227 421 45000.0
1 228 421 45000.0
1 224 422 45000.0
1 225 422 45000.0
1 224 423 45000.0
1 224 424 45000.0
1 225 424 45000.0
1 226 424 45000.0
1 227 424 45000.0
1 228 424 45000.0
1 229 425 45000.0
1 229 426 45000.0
1 229 427 45000.0
1 229 428 45000.0
1 229 429 45000.0
1 228 430 45000.0
1 228 431 45000.0
1 228 432 45000.0
1 228 433 45000.0
1 228 434 45000.0
1 228 435 45000.0
1 229 435 45000.0
1 230 436 45000.0
1 230 437 45000.0
1 230 438 45000.0
1 230 439 45000.0
1 230 440 45000.0
1 230 441 45000.0
1 230 442 45000.0
1 230 443 45000.0
1 230 444 45000.0
1 230 445 45000.0
1 230 446 45000.0
1 230 447 45000.0
1 230 448 45000.0
1 230 449 45000.0
1 230 450 45000.0
1 230 451 45000.0
1 230 452 45000.0
1 230 453 45000.0
1 230 454 45000.0
1 230 455 45000.0
1 230 456 45000.0
1 231 457 45000.0
1 231 458 45000.0
1 231 459 45000.0
1 231 460 45000.0
1 232 461 45000.0
1 232 462 45000.0
1 232 463 45000.0
1 232 464 45000.0
1 233 464 45000.0
1 234 464 45000.0
1 235 464 45000.0
1 236 464 45000.0
1 237 464 45000.0
1 238 464 45000.0
1 239 465 45000.0
1 239 466 45000.0
1 114 114 -306.676
1 117 120 -624.816
1 129 121 -7833.02
1 130 122 -624.816
1 133 112 -3024.31
1 135 194 -1543.99
1 139 168 -4109.57
1 141 191 -10585.1
1 143 172 -9099.77
1 143 190 -32289.5
1 144 166 -6495.11
1 144 172 -9491.15
1 144 182 -18744.8
1 144 190 -381.79900000000004
1 145 161 -27844.2
1 146 117 -8148.83
1 146 188 -40249.4
1 146 190 -51.3386
1 147 145 -3375.1
1 148 123 -107.255
1 148 167 -16536.1
1 148 176 -624.816
1 149 145 -11411.7
1 149 146 -8485.78
1 150 124 -8091.26
1 150 141 -2624.49
1 152 123 -4731.29
1 152 125 -5520.49
1 152 132 -17265.3
1 153 133 -4.10131
1 153 142 -33020.0
1 153 192 -21531.1
1 154 125 -66.8404
1 154 171 -4194.47
1 155 129 -5848.53
1 155 141 -15420.2
1 156 129 -122585.0
1 157 135 -1249.63
1 157 140 -42922.4
1 157 251 -30918.3
1 158 133 -624.816
1 158 181 -6683.35
1 159 119 -51920.6
1 159 173 -10063.9
1 161 125 -11668.4
1 161 131 -429.68800000000005
1 161 188 -32.67
1 162 119 -743.4760000000001
1 162 128 -157185.0
1 162 167 -1131.51
1 162 169 -5153.39
1 163 137 -10202.4
1 163 138 -624.816
1 164 135 -3421.02
1 164 187 -9217.18
1 165 130 -10385.9
1 165 131 -108.37700000000001
1 166 126 -641.387
1 167 259 -463.603
1 168 123 -1427.42
1 168 208 -8847.12
1 169 127 -0.0954862
1 170 131 -17270.0
1 170 163 -31996.4
1 172 130 -14001.4
1 172 218 -61183.1
1 173 224 -4667.14
1 174 123 -12851.8
1 174 135 -121.346
1 175 134 -20200.7
1 175 204 -11685.0
1 176 176 -6992.44
1 176 202 -3427.24
1 177 133 -18580.4
1 178 261 -42044.7
1 179 181 -53762.4
1 179 183 -9852.34
1 180 208 -29257.0
1 184 246 -29119.9
1 187 200 -45514.0
1 188 198 -27575.0
1 188 209 -19122.8
1 188 240 -34838.2
1 188 258 -141.57
1 191 191 -117410.0
1 191 281 -28766.7
1 193 260 -22530.0
1 197 204 -12959.9
1 197 252 -4671.6
1 198 297 -846.309
1 198 298 -624.816
1 199 211 -11778.3
1 199 231 -11361.4
1 199 298 -624.816
1 200 298 -648.688
1 203 275 -69450.2
1 203 280 -6595.41
1 205 300 -654.823
1 206 196 -72228.7
1 206 286 -3581.39
1 206 300 -1270.83
1 211 255 -15320.7
1 212 258 -109182.0
1 213 264 -252.324
1 214 240 -21178.4
1 215 260 -67304.9
1 216 238 -3.11143
1 217 264 -44057.8
1 217 365 -102.648
1 218 179 -147007.0
1 221 223 -1137.23
1 221 246 -62404.4
1 222 352 -28359.1
1 222 369 -1543.27
1 223 271 -58207.1
1 224 374 -6111.6
1 226 365 -1406.32
1 227 270 -16502.3
1 228 225 -26964.1
1 230 361 -16781.5
1 231 401 -624.816
1 232 364 -67.3178
1 233 337 -624.816
1 233 394 -1363.02
1 234 304 -3742.58
1 234 393 -645.747
1 235 400 -943.433
1 235 605 -3365.89
1 235 609 -4358.95
1 236 263 -41119.1
1 236 351 -6222.86
1 236 609 -97.0349
1 237 237 -36754.4
1 237 316 -33248.3
1 237 357 -6521.71
1 237 389 -624.84
1 238 221 -1176.12
1 238 398 -2.3871599999999997
1 238 605 -3154.29
1 238 609 -1603.73
1 239 250 -13248.5
1 239 338 -34465.3
1 239 426 -525.174
1 239 605 -3124.08
1 239 606 -1874.45
1 239 619 -624.816
1 240 380 -786.665
1 240 426 -769.955
1 240 608 -2565.58
1 241 335 -66.8957
1 241 604 -624.816
1 242 311 -8072.88
1 243 371 -624.816
1 243 389 -1043.43
1 243 422 -146.142
1 243 431 -16522.9
1 243 605 -3124.08
1 244 431 -2730.91
1 244 605 -3748.9
1 244 621 -2681.93
1 245 322 -6367.98
1 245 337 -624.816
1 245 621 -624.816
1 246 321 -2563.33
1 246 618 -1934.6
1 247 344 -707.438
1 247 384 -2198190.0
1 248 251 -27662.4
1 248 424 -3096.14
1 248 436 -2748.09
1 248 442 -135.59
1 248 444 -6294.45
1 248 589 -4393.32
1 249 373 -641.144
1 249 389 -942.449
1 249 424 -29477.4
1 249 430 -9835.08
1 249 436 -5395.07
1 249 443 -6102.05
1 249 606 -3124.08
1 250 326 -2405.78
1 250 424 -624.816
1 250 425 -326640.0
1 250 431 -8993.5
1 250 595 -1944.23
1 251 300 -91787.1
1 251 356 -102602.0
1 251 408 -920.01
1 251 456 -647.7330000000001
1 251 457 -40.3143
1 251 594 -639.807
1 251 595 -777.22
1 251 596 -1477.56
1 252 230 -13127.1
1 252 329 -22023.9
1 252 450 -308.182
1 252 595 -624.816
1 252 606 -692.591
1 253 298 -28429.1
1 253 331 -14805.1
1 253 332 -18194.9
1 253 416 -36.6063
1 253 420 -6249.1
1 253 445 -197.657
1 254 338 -9380.96
1 254 367 -34948.1
1 254 407 -70597.8
1 254 597 -626.196
1 254 607 -624.816
1 255 381 -51643.7
1 255 388 -22835.5
1 255 395 -4387.59
1 255 420 -7252.18
1 255 439 -13076.8
1 255 443 -118818.0
1 255 595 -645.127
1 255 596 -624.816
1 255 606 -4788.49
1 255 609 -1249.63
1 256 314 -9631.64
1 256 335 -3711.93
1 256 341 -338.57199999999995
1 256 370 -7576.83
1 256 413 -1216.49
1 256 586 -14550.4
1 256 593 -2499.26
1 257 324 -5512.9
1 257 576 -5050.24
1 257 599 -1866.86
1 258 325 -6324.05
1 258 336 -1303.39
1 258 442 -373027.0
1 258 464 -1927.15
1 258 585 -3748.9
1 258 595 -1367.36
1 258 602 -10571.1
1 259 340 -45320.5
1 259 371 -4.77431
1 259 405 -42849.4
1 259 588 -33482.2
1 259 592 -624.816
1 259 593 -624.816
1 260 349 -454.269
1 260 407 -3509200.0
1 260 424 -284.501
1 260 461 -1607.51
1 260 463 -32766.6
1 260 464 -27188.8
1 260 585 -6017.49
1 260 586 -11538.5
1 261 337 -4912.77
1 261 355 -40884.2
1 261 381 -151167.0
1 261 395 -10049.9
1 261 418 -682.7280000000001
1 261 464 -5648.01
1 261 492 -687.216
1 261 571 -167.101
1 261 576 -1249.63
1 262 345 -13815.9
1 262 449 -16.288
1 262 540 -250.365
1 262 564 -21882.6
1 262 567 -12630.1
1 262 568 -17851.2
1 262 570 -115980.0
1 262 571 -2754.78
1 263 340 -14.0014
1 263 471 -20937.9
1 263 477 -16644.6
1 263 520 -1249.63
1 263 582 -29490.1
1 264 265 -12881.3
1 264 344 -1582.16
1 264 355 -226.78
1 264 367 -624.816
1 264 383 -168972.0
1 264 407 -6399.31
1 264 428 -126008.0
1 264 468 -42.0044
1 264 471 -3456.12
1 264 476 -291.71
1 264 477 -46203.2
1 264 523 -2038.41
1 264 549 -6823.45
1 265 364 -18419.3
1 265 374 -34165.0
1 265 422 -146464.0
1 265 523 -2375.58
1 266 337 -624.908
1 266 340 -289.363
1 266 462 -172.574
1 267 391 -27357.9
1 267 463 -1298.61
1 267 555 -624.816
1 267 556 -624.816
1 268 333 -10950.7
1 268 334 -323.589
1 268 436 -2331830.0
1 268 455 -24.158
1 268 479 -770.931
1 268 480 -309.948
1 268 489 -624.816
1 269 363 -637.107
1 269 397 -48086.6
1 269 456 -3547.31
1 269 541 -624.816
1 270 337 -2022.43
1 270 352 -28.0029
1 270 412 -52044.8
1 270 417 -14.3229
1 270 429 -2354.21
1 270 481 -664.395
1 270 483 -1563.83
1 270 484 -788.623
1 270 486 -4.77431
1 270 498 -114244.0
1 270 539 -106.945
1 271 319 -51629.4
1 271 335 -21.78
1 271 371 -893.2739999999999
1 271 415 -128496.0
1 271 451 -22104.0
1 271 485 -145.33
1 271 493 -105035.0
1 271 498 -5498.57
1 271 537 -279.913
1 272 336 -15368.5
1 272 368 -159982.0
1 272 388 -1257150.0
1 272 396 -31697.7
1 272 450 -7906.26
1 272 451 -1275.15
1 272 453 -183.34799999999998
1 272 462 -944512.0
1 272 497 -6034.73
1 272 498 -38184.9
1 272 530 -73887.1
1 272 532 -162462.0
1 272 535 -255.137
1 273 363 -83.2307
1 273 392 -1070.4
1 273 410 -88.3248
1 273 480 -989.434
1 273 510 -624.816
1 273 517 -108759.0
1 273 518 -2602.95
1 274 520 -47833.5
1 274 523 -990.99
1 275 367 -46005.6
1 275 441 -145970.0
1 275 450 -0.47743100000000005
1 275 506 -282.518
1 276 366 -156034.0
1 276 392 -840.613
1 276 446 -1684.85
1 276 474 -42181.0
1 277 294 -28096.8
1 277 390 -11032.5
1 277 407 -916052.0
1 277 431 -11076.4
1 277 454 -38.1945
1 277 468 -92.2907
1 277 472 -40323.3
1 277 480 -29934.9
1 278 365 -39081.1
1 278 482 -3628.48
1 279 336 -16837.5
1 279 433 -98365.1
1 279 438 -143941.0
1 279 475 -65632.5
1 279 485 -13385.4
1 280 365 -886.757
1 280 433 -65785.2
1 280 442 -3310.94
1 280 469 -21378.1
1 280 471 -51403.4
1 282 409 -5375.88
1 282 424 -1145.36
1 282 430 -223.915
1 282 436 -33673.2
1 282 454 -5944.02
1 282 457 -787.7610000000001
1 283 354 -11646.1
1 283 429 -190653.0
1 283 449 -65374.7
1 283 452 -28.6459
1 283 455 -98145.5
1 283 468 -37864.2
1 284 339 -115937.0
1 284 457 -1427.04
1 284 463 -281.684
1 284 481 -1962.24
1 285 374 -5013.03
1 285 467 -94784.4
1 285 475 -64825.1
1 286 330 -43302.7
1 286 425 -595404.0
1 286 475 -28555.1
1 286 477 -20141.8
1 287 388 -34978.8
1 287 426 -624.816
1 287 477 -12011.7
1 288 372 -74.9567
1 288 419 -17891.3
1 288 423 -897.571
1 288 426 -624.816
1 289 404 -110887.0
1 289 459 -47.7431
1 289 468 -2668.84
1 290 382 -109301.0
1 290 402 -60208.8
1 290 411 -639.758
1 290 412 -21888.8
1 290 413 -1291.45
1 290 420 -229.644
1 291 350 -1671.01
1 291 373 -979.211
1 291 399 -124.132
1 291 419 -114216.0
1 292 365 -13898.0
1 292 416 -1026.48
1 292 469 -40247.4
1 293 440 -34.375
1 294 435 -684.159
1 294 447 -66133.8
1 294 458 -177165.0
1 295 356 -3959.29
1 295 430 -66.8404
1 296 398 -350434.0
1 297 381 -10734.4
1 297 383 -770.096
1 297 395 -231554.0
1 297 401 -339525.0
1 297 402 -136106.0
1 297 413 -847660.0
1 297 415 -64814.7
1 297 442 -14480.5
1 298 389 -9618.98
1 298 390 -21173.3
1 299 354 -552.929
1 299 387 -169.011
1 102 110 -624.816
1 102 113 -624.816
1 103 100 -624.816
1 103 104 -624.816
1 104 115 -624.816
1 105 115 -624.816
1 105 139 -624.816
1 108 117 -624.816
1 109 112 -624.816
1 111 155 -624.816
1 111 208 -624.816
1 112 181 -624.816
1 113 111 -624.816
1 113 159 -624.816
1 113 211 -624.816
1 114 173 -624.816
1 114 212 -1249.63
1 115 212 -1249.63
1 116 121 -624.816
1 116 150 -624.816
1 116 166 -624.816
1 117 119 -624.816
1 117 168 -624.816
1 117 210 -624.816
1 119 194 -624.816
1 119 202 -624.816
1 119 96 -624.816
1 120 155 -624.816
1 120 94 -624.816
1 121 187 -624.816
1 123 110 -624.816
1 123 111 -624.816
1 123 158 -624.816
1 123 168 -624.816
1 123 193 -624.816
1 123 202 -1249.63
1 125 150 -624.816
1 125 151 -624.816
1 125 193 -624.816
1 125 194 -624.816
1 126 121 -624.816
1 126 191 -624.816
1 126 195 -624.816
1 127 150 -624.816
1 127 160 -624.816
1 127 169 -624.816
1 127 195 -624.816
1 127 199 -1249.63
1 128 122 -624.816
1 128 148 -624.816
1 128 149 -624.816
1 128 152 -624.816
1 128 153 -624.816
1 128 154 -624.816
1 128 157 -624.816
1 128 199 -624.816
1 129 117 -624.816
1 129 119 -624.816
1 129 122 -624.816
1 129 146 -624.816
1 129 154 -1249.63
1 129 162 -624.816
1 129 176 -624.816
1 130 120 -624.816
1 130 154 -624.816
1 130 155 -624.816
1 130 156 -1874.45
1 130 194 -624.816
1 131 112 -624.816
1 131 121 -624.816
1 131 122 -624.816
1 131 150 -624.816
1 131 156 -624.816
1 131 157 -624.816
1 131 158 -624.816
1 131 161 -1249.63
1 131 198 -624.816
1 132 112 -624.816
1 132 155 -624.816
1 132 156 -624.816
1 132 160 -624.816
1 132 161 -1249.63
1 133 155 -624.816
1 133 159 -624.816
1 133 160 -1249.63
1 133 192 -1249.63
1 133 193 -624.816
1 134 148 -624.816
1 134 150 -624.816
1 134 151 -624.816
1 134 156 -624.816
1 134 191 -624.816
1 134 193 -2499.26
1 135 148 -3124.08
1 135 149 -1249.63
1 135 156 -624.816
1 135 157 -624.816
1 135 193 -1874.45
1 136 147 -624.816
1 136 148 -624.816
1 136 149 -624.816
1 136 150 -1249.63
1 136 153 -624.816
1 136 155 -624.816
1 137 148 -624.816
1 137 150 -624.816
1 137 153 -1249.63
1 137 154 -624.816
1 137 157 -1874.45
1 137 175 -624.816
1 137 206 -624.816
1 138 151 -624.816
1 138 152 -624.816
1 138 153 -1874.45
1 138 168 -624.816
1 138 169 -624.816
1 139 151 -624.816
1 140 138 -624.816
1 140 155 -2499.26
1 140 156 -624.816
1 140 171 -624.816
1 140 180 -624.816
1 141 149 -624.816
1 141 154 -1249.63
1 141 157 -624.816
1 141 171 -624.816
1 141 199 -1249.63
1 142 155 -624.816
1 142 156 -624.816
1 142 157 -624.816
1 142 158 -624.816
1 142 174 -624.816
1 142 179 -624.816
1 142 201 -624.816
1 143 146 -624.816
1 143 157 -1874.45
1 144 142 -1249.63
1 144 173 -624.816
1 145 142 -624.816
1 145 143 -624.816
1 145 151 -624.816
1 145 187 -624.816
1 145 226 -624.816
1 146 140 -624.816
1 146 141 -1249.63
1 146 145 -624.816
1 146 208 -624.816
1 146 229 -624.816
1 146 230 -624.816
1 146 232 -624.816
1 147 139 -1874.45
1 147 140 -624.816
1 147 141 -624.816
1 147 142 -624.816
1 147 229 -624.816
1 147 230 -624.816
1 147 233 -624.816
1 147 239 -624.816
1 147 240 -624.816
1 148 217 -624.816
1 148 221 -624.816
1 149 127 -624.816
1 149 147 -624.816
1 149 154 -624.816
1 149 222 -624.816
1 149 253 -624.816
1 150 160 -624.816
1 150 164 -624.816
1 150 177 -624.816
1 150 227 -624.816
1 150 236 -624.816
1 151 128 -624.816
1 151 228 -624.816
1 152 153 -624.816
1 152 173 -624.816
1 152 176 -624.816
1 152 222 -624.816
1 152 228 -624.816
1 153 126 -624.816
1 153 136 -624.816
1 153 155 -624.816
1 153 232 -624.816
1 153 238 -624.816
1 153 253 -624.816
1 154 126 -624.816
1 154 133 -624.816
1 154 161 -624.816
1 154 172 -624.816
1 154 220 -624.816
1 154 244 -624.816
1 155 170 -1249.63
1 155 216 -624.816
1 155 262 -624.816
1 156 160 -624.816
1 156 211 -624.816
1 156 223 -624.816
1 157 132 -624.816
1 157 133 -624.816
1 157 134 -1874.45
1 157 136 -624.816
1 157 194 -624.816
1 157 207 -624.816
1 157 240 -624.816
1 158 135 -624.816
1 158 248 -624.816
1 159 152 -624.816
1 159 231 -624.816
1 159 240 -624.816
1 159 247 -624.816
1 159 248 -624.816
1 159 250 -624.816
1 159 251 -624.816
1 159 257 -624.816
1 160 133 -624.816
1 160 249 -1249.63
1 160 251 -1249.63
1 160 252 -624.816
1 160 253 -624.816
1 160 262 -624.816
1 161 144 -1249.63
1 161 251 -624.816
1 161 253 -624.816
1 162 137 -1249.63
1 162 252 -1249.63
1 162 253 -624.816
1 163 152 -624.816
1 163 190 -624.816
1 163 236 -624.816
1 164 278 -624.816
1 164 290 -624.816
1 164 299 -624.816
1 165 133 -1249.63
1 165 134 -1249.63
1 165 135 -624.816
1 165 290 -624.816
1 166 131 -624.816
1 166 132 -624.816
1 166 133 -1249.63
1 166 134 -624.816
1 166 135 -624.816
1 166 210 -624.816
1 166 254 -624.816
1 166 255 -624.816
1 167 127 -624.816
1 167 132 -1249.63
1 167 133 -1249.63
1 167 134 -1874.45
1 167 256 -624.816
1 167 288 -624.816
1 167 294 -624.816
1 168 130 -624.816
1 168 131 -624.816
1 168 132 -2499.26
1 168 133 -2499.26
1 168 286 -624.816
1 168 287 -1249.63
1 168 291 -1249.63
1 169 128 -1249.63
1 169 129 -2499.26
1 169 131 -624.816
1 169 132 -3124.08
1 169 133 -1874.45
1 169 134 -5623.34
1 169 135 -624.816
1 169 236 -624.816
1 169 260 -624.816
1 169 271 -624.816
1 169 287 -624.816
1 169 290 -624.816
1 170 133 -1874.45
1 170 134 -7497.79
1 170 136 -624.816
1 170 187 -624.816
1 170 256 -624.816
1 170 287 -624.816
1 170 292 -624.816
1 171 133 -1249.63
1 171 134 -624.816
1 171 136 -3124.08
1 171 290 -624.816
1 172 257 -624.816
1 172 284 -624.816
1 172 295 -1249.63
1 172 311 -624.816
1 173 258 -624.816
1 173 278 -624.816
1 173 290 -624.816
1 173 292 -624.816
1 173 293 -1249.63
1 173 294 -624.816
1 174 124 -624.816
1 174 253 -624.816
1 174 261 -624.816
1 174 270 -624.816
1 174 283 -624.816
1 174 289 -624.816
1 174 293 -624.816
1 175 260 -624.816
1 175 288 -624.816
1 175 292 -1249.63
1 175 293 -624.816
1 175 296 -624.816
1 175 305 -624.816
1 176 274 -624.816
1 176 305 -624.816
1 177 289 -624.816
1 177 290 -624.816
1 178 243 -624.816
1 178 280 -624.816
1 178 285 -624.816
1 178 302 -624.816
1 178 305 -624.816
1 178 306 -624.816
1 178 311 -624.816
1 179 278 -624.816
1 179 285 -624.816
1 180 149 -624.816
1 180 286 -624.816
1 181 297 -624.816
1 181 307 -624.816
1 181 308 -624.816
1 183 242 -624.816
1 183 285 -624.816
1 183 295 -624.816
1 183 308 -624.816
1 183 309 -624.816
1 183 318 -624.816
1 184 263 -624.816
1 184 285 -624.816
1 184 313 -624.816
1 184 319 -624.816
1 185 257 -624.816
1 185 305 -624.816
1 185 306 -624.816
1 185 307 -624.816
1 185 315 -624.816
1 186 255 -624.816
1 186 265 -624.816
1 186 307 -1249.63
1 186 310 -624.816
1 188 262 -624.816
1 188 294 -624.816
1 188 295 -624.816
1 189 295 -624.816
1 189 309 -624.816
1 190 307 -624.816
1 190 308 -624.816
1 190 324 -624.816
1 191 292 -1249.63
1 191 304 -624.816
1 191 305 -624.816
1 192 258 -624.816
1 192 284 -624.816
1 192 304 -624.816
1 192 316 -624.816
1 192 319 -624.816
1 193 262 -624.816
1 193 301 -624.816
1 193 311 -624.816
1 193 313 -1249.63
1 194 284 -624.816
1 194 313 -624.816
1 195 269 -624.816
1 195 287 -624.816
1 195 289 -624.816
1 195 300 -624.816
1 195 311 -624.816
1 195 313 -624.816
1 196 269 -624.816
1 196 275 -624.816
1 196 303 -624.816
1 196 324 -624.816
1 196 333 -624.816
1 197 264 -624.816
1 197 283 -624.816
1 197 300 -624.816
1 197 322 -624.816
1 197 325 -624.816
1 198 242 -624.816
1 198 276 -1249.63
1 198 309 -624.816
1 198 311 -624.816
1 199 283 -624.816
1 199 311 -624.816
1 199 324 -624.816
1 200 280 -624.816
1 200 286 -624.816
1 200 296 -624.816
1 200 299 -624.816
1 200 306 -624.816
1 200 307 -624.816
1 200 312 -624.816
1 200 343 -624.816
1 200 345 -624.816
1 201 257 -624.816
1 202 280 -624.816
1 202 287 -624.816
1 202 297 -624.816
1 202 301 -624.816
1 202 302 -624.816
1 203 215 -624.816
1 203 304 -624.816
1 203 305 -624.816
1 203 309 -624.816
1 203 315 -624.816
1 205 263 -624.816
1 205 303 -624.816
1 205 304 -624.816
1 205 317 -624.816
1 205 318 -624.816
1 205 319 -624.816
1 206 264 -624.816
1 206 270 -624.816
1 206 301 -624.816
1 206 304 -624.816
1 206 315 -624.816
1 206 317 -1249.63
1 207 262 -624.816
1 207 300 -624.816
1 207 301 -1249.63
1 207 303 -624.816
1 207 304 -624.816
1 207 306 -1249.63
1 207 315 -624.816
1 207 317 -624.816
1 208 298 -1249.63
1 208 299 -1249.63
1 208 306 -624.816
1 208 317 -624.816
1 208 328 -624.816
1 209 284 -624.816
1 209 297 -624.816
1 209 302 -624.816
1 210 284 -624.816
1 210 301 -624.816
1 210 302 -624.816
1 210 342 -624.816
1 211 301 -624.816
1 211 321 -624.816
1 212 295 -624.816
1 212 347 -624.816
1 213 226 -624.816
1 213 287 -624.816
1 213 303 -624.816
1 213 329 -624.816
1 214 319 -624.816
1 215 289 -624.816
1 215 311 -624.816
1 215 353 -624.816
1 216 323 -624.816
1 216 341 -624.816
1 217 244 -624.816
1 217 249 -624.816
1 217 351 -624.816
1 218 209 -624.816
1 218 243 -624.816
1 218 292 -624.816
1 218 345 -1249.63
1 221 240 -624.816
1 221 611 -624.816
1 222 254 -624.816
1 222 362 -624.816
1 224 338 -624.816
1 224 359 -624.816
1 225 323 -624.816
1 225 329 -624.816
1 225 332 -624.816
1 225 368 -624.816
1 225 373 -624.816
1 225 378 -624.816
1 225 382 -1249.63
1 226 323 -624.816
1 226 388 -1249.63
1 226 618 -624.816
1 227 315 -624.816
1 228 606 -624.816
1 229 385 -1249.63
1 229 392 -624.816
1 229 393 -624.816
1 229 397 -2499.26
1 229 618 -3124.08
1 230 338 -624.816
1 230 373 -1249.63
1 230 384 -624.816
1 230 392 -1249.63
1 230 393 -2499.26
1 230 396 -624.816
1 230 605 -624.816
1 231 343 -624.816
1 231 383 -624.816
1 231 392 -3124.08
1 231 393 -6872.98
1 231 398 -624.816
1 231 603 -624.816
1 231 607 -1249.63
1 232 259 -624.816
1 232 300 -624.816
1 232 384 -624.816
1 232 389 -624.816
1 232 393 -3748.9
1 232 394 -2499.26
1 232 405 -624.816
1 232 604 -1249.63
1 232 606 -1249.63
1 232 607 -1874.45
1 232 608 -624.816
1 233 373 -624.816
1 233 393 -624.816
1 233 403 -624.816
1 233 406 -2499.26
1 233 601 -1249.63
1 233 602 -624.816
1 234 374 -624.816
1 234 388 -624.816
1 234 389 -624.816
1 234 406 -1874.45
1 234 407 -1249.63
1 234 601 -624.816
1 234 602 -1249.63
1 234 603 -1874.45
1 234 604 -624.816
1 234 605 -1249.63
1 234 606 -624.816
1 234 609 -624.816
1 234 620 -624.816
1 234 621 -624.816
1 235 342 -624.816
1 235 368 -624.816
1 235 389 -624.816
1 235 392 -624.816
1 235 404 -624.816
1 235 406 -624.816
1 235 599 -624.816
1 235 600 -1249.63
1 235 602 -1874.45
1 235 603 -624.816
1 235 606 -624.816
1 235 608 -624.816
1 236 256 -624.816
1 236 359 -624.816
1 236 377 -1249.63
1 236 378 -624.816
1 236 389 -1249.63
1 236 600 -624.816
1 236 601 -624.816
1 236 602 -1249.63
1 236 605 -624.816
1 236 606 -624.816
1 236 607 -624.816
1 236 620 -624.816
1 237 330 -624.816
1 237 377 -624.816
1 237 384 -624.816
1 237 388 -624.816
1 237 605 -1249.63
1 237 606 -1874.45
1 237 607 -1249.63
1 237 608 -3124.08
1 237 609 -1874.45
1 237 620 -624.816
1 238 346 -624.816
1 238 391 -624.816
1 238 410 -624.816
1 238 602 -624.816
1 238 603 -624.816
1 238 606 -3124.08
1 238 607 -3748.9
1 238 608 -2499.26
1 238 610 -624.816
1 239 297 -30463.4
1 239 323 -624.816
1 239 404 -624.816
1 239 601 -624.816
1 239 603 -624.816
1 239 607 -1249.63
1 239 608 -2499.26
1 239 609 -1874.45
1 239 610 -1249.63
1 239 615 -1249.63
1 240 267 -624.816
1 240 319 -624.816
1 240 327 -624.816
1 240 352 -624.816
1 240 374 -1249.63
1 240 392 -1249.63
1 240 396 -624.816
1 240 406 -624.816
1 240 603 -624.816
1 240 605 -1874.45
1 240 606 -2499.26
1 240 607 -1249.63
1 240 620 -1249.63
1 240 621 -624.816
1 241 339 -624.816
1 241 352 -624.816
1 241 370 -1249.63
1 241 375 -624.816
1 241 409 -624.816
1 241 577 -624.816
1 241 603 -1249.63
1 241 605 -1874.45
1 241 606 -1249.63
1 241 607 -1249.63
1 241 608 -1249.63
1 241 609 -3124.08
1 241 610 -624.816
1 241 611 -624.816
1 241 620 -624.816
1 241 621 -624.816
1 242 314 -624.816
1 242 318 -624.816
1 242 336 -624.816
1 242 338 -624.816
1 242 339 -624.816
1 242 373 -1874.45
1 242 374 -3748.9
1 242 406 -1249.63
1 242 603 -1249.63
1 242 604 -4373.71
1 242 605 -5623.34
1 242 606 -1874.45
1 242 607 -3124.08
1 242 608 -3124.08
1 242 609 -1874.45
1 242 610 -1874.45
1 242 616 -624.816
1 242 622 -624.816
1 242 623 -1874.45
1 243 366 -624.816
1 243 369 -624.816
1 243 372 -1249.63
1 243 373 -4998.53
1 243 374 -1874.45
1 243 386 -624.816
1 243 391 -624.816
1 243 405 -624.816
1 243 406 -624.816
1 243 407 -1249.63
1 243 409 -624.816
1 243 577 -624.816
1 243 606 -4373.71
1 243 607 -3124.08
1 243 608 -1249.63
1 243 609 -3748.9
1 243 620 -624.816
1 243 622 -1249.63
1 243 623 -4998.53
1 244 371 -624.816
1 244 372 -1249.63
1 244 373 -1874.45
1 244 415 -624.816
1 244 598 -624.816
1 244 606 -2499.26
1 244 607 -624.816
1 244 611 -624.816
1 244 616 -624.816
1 244 622 -624.816
1 244 623 -2499.26
1 244 624 -624.816
1 245 312 -624.816
1 245 315 -624.816
1 245 326 -624.816
1 245 335 -624.816
1 245 338 -624.816
1 245 356 -1249.63
1 245 371 -624.816
1 245 413 -624.816
1 245 586 -624.816
1 245 604 -624.816
1 245 605 -1874.45
1 245 606 -3124.08
1 245 607 -2499.26
1 245 609 -3124.08
1 245 610 -1249.63
1 245 612 -1249.63
1 245 616 -1249.63
1 245 619 -624.816
1 245 620 -1249.63
1 245 622 -624.816
1 246 214 -624.816
1 246 342 -624.816
1 246 356 -624.816
1 246 357 -624.816
1 246 374 -624.816
1 246 413 -624.816
1 246 590 -624.816
1 246 599 -624.816
1 246 600 -3748.9
1 246 605 -2499.26
1 246 606 -4373.71
1 246 607 -2499.26
1 246 610 -624.816
1 246 612 -1249.63
1 246 614 -624.816
1 246 615 -624.816
1 246 623 -624.816
1 247 314 -624.816
1 247 331 -624.816
1 247 367 -1249.63
1 247 368 -3124.08
1 247 387 -1249.63
1 247 413 -624.816
1 247 578 -624.816
1 247 597 -624.816
1 247 598 -4373.71
1 247 599 -3748.9
1 247 600 -6248.16
1 247 601 -6248.16
1 247 605 -1249.63
1 247 609 -1249.63
1 247 610 -1249.63
1 247 611 -2499.26
1 247 612 -2499.26
1 247 613 -1249.63
1 247 618 -1249.63
1 247 619 -624.816
1 247 623 -624.816
1 248 307 -624.816
1 248 367 -624.816
1 248 368 -2499.26
1 248 371 -1249.63
1 248 372 -3124.08
1 248 387 -1249.63
1 248 388 -3748.9
1 248 413 -624.816
1 248 416 -624.816
1 248 529 -624.816
1 248 567 -624.816
1 248 596 -4373.71
1 248 597 -3124.08
1 248 598 -6248.16
1 248 599 -3748.9
1 248 600 -2499.26
1 248 601 -3748.9
1 248 602 -1874.45
1 248 605 -624.816
1 248 608 -624.816
1 248 609 -1249.63
1 248 610 -1874.45
1 248 611 -3748.9
1 248 612 -3748.9
1 248 613 -4373.71
1 248 618 -624.816
1 248 619 -624.816
1 248 620 -624.816
1 248 623 -1249.63
1 249 333 -624.816
1 249 334 -624.816
1 249 365 -1249.63
1 249 366 -1874.45
1 249 367 -624.816
1 249 368 -1874.45
1 249 371 -624.816
1 249 387 -624.816
1 249 388 -624.816
1 249 400 -624.816
1 249 412 -624.816
1 249 567 -624.816
1 249 593 -1249.63
1 249 595 -3748.9
1 249 596 -4373.71
1 249 597 -6872.98
1 249 603 -1874.45
1 249 604 -4998.53
1 249 605 -3124.08
1 249 607 -2499.26
1 249 609 -624.816
1 249 610 -1249.63
1 249 611 -3124.08
1 249 612 -5623.34
1 249 613 -1249.63
1 249 618 -624.816
1 249 623 -624.816
1 250 331 -624.816
1 250 355 -624.816
1 250 365 -1249.63
1 250 366 -3124.08
1 250 367 -1874.45
1 250 368 -624.816
1 250 369 -1249.63
1 250 370 -1249.63
1 250 371 -3748.9
1 250 382 -624.816
1 250 406 -624.816
1 250 413 -624.816
1 250 414 -624.816
1 250 423 -624.816
1 250 436 -624.816
1 250 568 -624.816
1 250 579 -624.816
1 250 591 -624.816
1 250 594 -624.816
1 250 596 -4998.53
1 250 597 -1249.63
1 250 602 -624.816
1 250 603 -4373.71
1 250 604 -3748.9
1 250 605 -2499.26
1 250 607 -624.816
1 250 608 -1874.45
1 250 609 -624.816
1 250 610 -624.816
1 250 613 -624.816
1 251 276 -624.816
1 251 322 -624.816
1 251 365 -1874.45
1 251 366 -5623.34
1 251 367 -1249.63
1 251 368 -1249.63
1 251 371 -624.816
1 251 379 -624.816
1 251 407 -624.816
1 251 414 -624.816
1 251 424 -624.816
1 251 598 -624.816
1 251 604 -624.816
1 251 605 -624.816
1 251 607 -624.816
1 251 610 -624.816
1 252 236 -624.816
1 252 365 -1874.45
1 252 366 -4373.71
1 252 367 -4373.71
1 252 368 -1249.63
1 252 376 -624.816
1 252 412 -624.816
1 252 416 -624.816
1 252 428 -624.816
1 252 506 -624.816
1 252 507 -624.816
1 252 528 -624.816
1 252 534 -624.816
1 252 544 -624.816
1 252 576 -624.816
1 252 591 -1249.63
1 252 596 -1314.71
1 252 597 -1249.63
1 252 598 -624.816
1 252 599 -1249.63
1 252 608 -1249.63
1 252 609 -624.816
1 252 611 -624.816
1 252 620 -624.816
1 253 259 -624.816
1 253 342 -624.816
1 253 363 -624.816
1 253 365 -1249.63
1 253 366 -3748.9
1 253 367 -2499.26
1 253 370 -624.816
1 253 375 -1249.63
1 253 404 -624.816
1 253 433 -1249.63
1 253 506 -624.816
1 253 543 -624.816
1 253 546 -624.816
1 253 547 -624.816
1 253 566 -624.816
1 253 586 -1249.63
1 253 596 -624.816
1 253 597 -2499.26
1 253 601 -624.816
1 253 604 -624.816
1 253 605 -624.816
1 253 614 -1874.45
1 254 366 -1249.63
1 254 478 -624.816
1 254 581 -624.816
1 254 584 -624.816
1 254 585 -3748.9
1 254 586 -3124.08
1 254 587 -1874.45
1 254 588 -1874.45
1 254 589 -2499.26
1 254 598 -624.816
1 254 599 -624.816
1 254 601 -1249.63
1 254 604 -1249.63
1 254 605 -624.816
1 254 606 -624.816
1 254 611 -624.816
1 255 341 -624.816
1 255 346 -624.816
1 255 371 -624.816
1 255 402 -624.816
1 255 442 -624.816
1 255 445 -624.816
1 255 461 -624.816
1 255 479 -624.816
1 255 512 -624.816
1 255 513 -624.816
1 255 526 -624.816
1 255 547 -624.816
1 255 548 -624.816
1 255 565 -624.816
1 255 583 -1874.45
1 255 584 -2499.26
1 255 585 -2499.26
1 255 586 -2499.26
1 255 587 -1249.63
1 255 588 -624.816
1 255 591 -624.816
1 255 594 -624.816
1 255 597 -624.816
1 255 600 -1249.63
1 255 607 -624.816
1 256 346 -624.816
1 256 350 -624.816
1 256 367 -624.816
1 256 373 -624.816
1 256 374 -624.816
1 256 491 -624.816
1 256 526 -624.816
1 256 531 -1874.45
1 256 532 -624.816
1 256 547 -624.816
1 256 548 -1249.63
1 256 549 -624.816
1 256 575 -624.816
1 256 578 -1249.63
1 256 580 -624.816
1 256 584 -1874.45
1 256 585 -1249.63
1 256 592 -1249.63
1 256 594 -4375.88
1 256 595 -2499.26
1 256 607 -2499.26
1 256 608 -1249.63
1 256 609 -624.816
1 257 330 -624.816
1 257 461 -624.816
1 257 497 -624.816
1 257 503 -624.816
1 257 506 -624.816
1 257 512 -624.816
1 257 527 -1874.45
1 257 529 -624.816
1 257 532 -624.816
1 257 549 -624.816
1 257 574 -624.816
1 257 575 -1874.45
1 257 584 -1874.45
1 257 585 -1874.45
1 257 593 -1249.63
1 257 594 -4998.53
1 257 595 -2499.26
1 257 597 -1249.63
1 257 606 -4373.71
1 257 607 -624.816
1 258 307 -624.816
1 258 330 -624.816
1 258 366 -624.816
1 258 485 -1249.63
1 258 489 -1249.63
1 258 491 -624.816
1 258 493 -624.816
1 258 494 -624.816
1 258 496 -624.816
1 258 497 -624.816
1 258 498 -1874.45
1 258 499 -1249.63
1 258 502 -624.816
1 258 503 -624.816
1 258 529 -1249.63
1 258 531 -624.816
1 258 532 -624.816
1 258 533 -1249.63
1 258 535 -624.816
1 258 546 -624.816
1 258 550 -624.816
1 258 556 -1249.63
1 258 564 -624.816
1 258 576 -624.816
1 258 583 -624.816
1 258 584 -1874.45
1 258 586 -1874.45
1 258 594 -1874.45
1 258 606 -3124.08
1 258 607 -624.816
1 259 346 -624.816
1 259 369 -1249.63
1 259 402 -624.816
1 259 444 -624.816
1 259 456 -624.816
1 259 485 -624.816
1 259 486 -624.816
1 259 488 -624.816
1 259 489 -624.816
1 259 490 -1249.63
1 259 509 -1249.63
1 259 510 -624.816
1 259 522 -624.816
1 259 528 -624.816
1 259 529 -624.816
1 259 531 -624.816
1 259 532 -624.816
1 259 545 -624.816
1 259 549 -624.816
1 259 554 -1249.63
1 259 555 -1249.63
1 259 556 -1874.45
1 259 557 -1874.45
1 259 575 -2499.26
1 259 576 -624.816
1 259 579 -624.816
1 259 584 -624.816
1 259 585 -2499.26
1 259 586 -1249.63
1 260 369 -1249.63
1 260 404 -1249.63
1 260 443 -624.816
1 260 454 -624.816
1 260 485 -624.816
1 260 486 -1249.63
1 260 487 -624.816
1 260 492 -624.816
1 260 499 -624.816
1 260 502 -1249.63
1 260 517 -624.816
1 260 527 -624.816
1 260 545 -1874.45
1 260 548 -624.816
1 260 554 -624.816
1 260 556 -624.816
1 260 567 -624.816
1 260 576 -624.816
1 260 577 -624.816
1 261 397 -624.816
1 261 404 -624.816
1 261 444 -624.816
1 261 483 -624.816
1 261 487 -624.816
1 261 501 -624.816
1 261 502 -624.816
1 261 545 -624.816
1 261 551 -624.816
1 261 552 -624.816
1 261 565 -624.816
1 262 254 -624.816
1 262 353 -1249.63
1 262 369 -624.816
1 262 425 -624.816
1 262 443 -624.816
1 262 458 -624.816
1 262 483 -1249.63
1 262 493 -624.816
1 262 501 -624.816
1 262 502 -624.816
1 262 523 -624.816
1 262 524 -624.816
1 262 535 -624.816
1 262 536 -624.816
1 262 537 -624.816
1 262 542 -624.816
1 262 546 -624.816
1 262 584 -624.816
1 262 587 -624.816
1 263 355 -624.816
1 263 415 -624.816
1 263 484 -624.816
1 263 493 -624.816
1 263 509 -624.816
1 263 522 -624.816
1 263 523 -1249.63
1 263 524 -1249.63
1 263 541 -1249.63
1 263 542 -624.816
1 263 543 -624.816
1 263 546 -1249.63
1 263 576 -624.816
1 263 579 -624.816
1 263 581 -2499.26
1 264 369 -624.816
1 264 379 -639.187
1 264 481 -624.816
1 264 482 -624.816
1 264 493 -624.816
1 264 503 -624.816
1 264 504 -624.816
1 264 516 -624.816
1 264 521 -1874.45
1 264 527 -624.816
1 264 543 -2499.26
1 264 568 -624.816
1 264 575 -624.816
1 264 576 -1249.63
1 265 336 -624.816
1 265 367 -1346.74
1 265 457 -624.816
1 265 459 -624.816
1 265 511 -624.816
1 265 516 -624.816
1 265 520 -624.816
1 265 524 -663.01
1 265 568 -1249.63
1 266 314 -624.816
1 266 413 -624.816
1 266 456 -624.816
1 266 478 -624.816
1 266 481 -624.816
1 266 483 -624.816
1 266 484 -624.816
1 266 485 -624.816
1 266 492 -624.816
1 266 498 -624.816
1 266 505 -624.816
1 266 518 -624.816
1 266 523 -624.816
1 266 543 -624.816
1 266 545 -624.816
1 266 549 -624.816
1 266 555 -624.816
1 267 337 -624.816
1 267 365 -624.816
1 267 381 -624.816
1 267 459 -624.816
1 267 460 -1249.63
1 267 505 -624.816
1 267 507 -624.816
1 267 543 -624.816
1 267 544 -1249.63
1 267 549 -624.816
1 267 553 -1874.45
1 267 562 -624.816
1 268 507 -1249.63
1 268 540 -624.816
1 268 541 -624.816
1 268 542 -1249.63
1 268 543 -2499.26
1 268 544 -1249.63
1 268 549 -624.816
1 268 551 -624.816
1 268 552 -624.816
1 268 553 -624.816
1 269 362 -624.816
1 269 505 -1249.63
1 269 507 -624.816
1 269 528 -624.816
1 269 543 -624.816
1 269 547 -1249.63
1 270 474 -624.816
1 270 475 -1249.63
1 270 479 -624.816
1 270 491 -624.816
1 270 504 -624.816
1 270 507 -624.816
1 270 526 -624.816
1 271 375 -624.816
1 271 388 -624.816
1 271 479 -624.816
1 271 481 -624.816
1 271 487 -624.816
1 271 491 -624.816
1 271 526 -624.816
1 272 469 -624.816
1 272 493 -624.816
1 272 495 -1249.63
1 272 496 -624.816
1 272 502 -624.816
1 272 526 -1874.45
1 273 441 -624.816
1 273 462 -624.816
1 273 526 -624.816
1 275 463 -624.816
1 275 480 -624.816
1 275 502 -624.816
1 275 504 -624.816
1 276 502 -624.816
1 277 393 -624.816
1 279 459 -624.816
1 280 563 -624.816
1 282 434 -624.816
1 282 435 -624.816
1 283 461 -624.816
1 283 482 -624.816
1 283 483 -624.816
1 285 437 -624.816
1 285 482 -624.816
1 285 483 -624.816
1 286 377 -624.816
1 286 464 -624.816
1 288 469 -624.816
1 289 362 -624.816
1 289 443 -624.816
1 292 358 -624.816
1 293 390 -1874.45
1 293 391 -624.816
1 296 390 -624.816
1 301 359 -624.816
1 301 378 -624.816
1 85 106 -624.816
1 92 112 -1249.63
1 93 117 -624.816
1 97 89 -624.816
1 98 101 -624.816
1 99 126 -624.816
1 99 136 -624.816
1 147 119 -8780.45
1 148 187 -19639.3
1 150 114 -10130.8
1 156 158 -32289.5
1 157 160 -12524.4
1 167 186 -10538.4
1 170 169 -39236.6
1 197 280 -14483.7
1 199 225 -9225.39
1 234 285 -30294.4
1 244 234 -90617.2
1 259 541 -32.2027
1 265 469 -184.05
1 267 479 -1553.87
1 272 454 -41.0113
1 285 433 -1251.82
1 299 360 -11313.2
1 132 183 -4127.31
1 140 173 -20352.2
1 155 192 -11481.8
1 157 117 -9040.26
1 157 190 -35.5576
1 158 205 -26265.1
1 164 258 -21626.0
1 169 164 -7948.14
1 172 162 -14956.4
1 172 163 -516.534
1 173 196 -325.131
1 175 213 -48359.4
1 195 280 -66895.7
1 202 295 -19371.8
1 203 296 -216.08900000000003
1 214 174 -20259.2
1 218 173 -10634.4
1 226 358 -2217.05
1 256 333 -19928.7
1 262 350 -166.46099999999998
1 267 346 -42366.8
1 280 367 -6211.97
1 285 357 -6876.26
1 293 378 -4557.36
1 144 130 -6634.71
1 148 113 -9995.46
1 149 118 -21490.6
1 152 177 -7731.9
1 152 183 -37565.8
1 153 185 -19416.9
1 154 128 -105.999
1 155 180 -44773.5
1 155 187 -27422.6
1 159 188 -24687.6
1 162 171 -45.1157
1 164 159 -18166.1
1 167 163 -15557.1
1 174 182 -26531.2
1 175 178 -3010.36
1 188 287 -1187.9
1 201 279 -68705.0
1 221 294 -46680.8
1 222 252 -794.97
1 222 266 -492.26300000000003
1 225 248 -10840.2
1 226 361 -54804.7
1 234 319 -91787.1
1 235 317 -84008.6
1 237 292 -9650.1
1 238 244 -0.001031
1 248 238 -54294.4
1 256 342 -38892.9
1 259 347 -15107.5
1 271 268 -23516.2
1 274 278 -37453.8
1 289 355 -3044.53
1 295 392 -21003.7
1 296 391 -20734.6
1 296 393 -21570.0
1 141 116 -4224.15
1 142 185 -49005.0
1 143 184 -16335.0
1 144 151 -11142.0
1 144 186 -3111.43
1 145 114 -17428.9
1 146 150 -28566.0
1 146 180 -36995.7
1 147 148 -30380.0
1 147 171 -10890.0
1 149 124 -21.78
1 149 181 -34607.6
1 149 202 -22590.5
1 150 183 -23907.0
1 150 186 -26914.8
1 151 178 -47107.0
1 151 181 -42208.1
1 151 189 -35470.3
1 151 211 -10351.3
1 152 180 -40109.4
1 153 188 -34692.4
1 158 173 -3222.66
1 164 124 -376.483
1 165 167 -28091.9
1 168 164 -7478.32
1 170 115 -11369.2
1 176 222 -3111.43
1 184 210 -64649.3
1 188 207 -17727.4
1 189 288 -5038.97
1 193 280 -33281.4
1 210 249 -10919.5
1 221 317 -41084.9
1 224 287 -1759.33
1 227 344 -53052.3
1 230 352 -54515.6
1 231 270 -15011.8
1 231 347 -10181.5
1 236 320 -90231.4
1 236 342 -26289.9
1 236 344 -13908.5
1 240 337 -14023.2
1 240 357 -11901.1
1 244 333 -2320.06
1 246 332 -18141.2
1 246 337 -10890.0
1 251 334 -3098.98
1 258 345 -16131.2
1 261 340 -6707.44
1 261 351 -11.0211
1 262 286 -514.941
1 263 344 -10903.7
1 263 350 -5.39577
1 265 517 -44.8308
1 267 321 -21367.7
1 269 364 -35.7814
1 270 361 -2876.52
1 271 267 -13074.2
1 278 502 -1364.41
1 284 333 -4426.83
1 296 358 -56161.3
1 297 356 -4152.2
1 297 391 -34512.0
1 299 347 -0.114804
1 125 93 -10714.2
1 131 125 -13108.4
1 134 123 -27405.5
1 142 169 -9092.53
1 146 146 -5870.86
1 163 186 -10701.8
1 166 203 -428.667
1 183 232 -60098.0
1 192 232 -86443.3
1 193 235 -92183.9
1 201 310 -808.887
1 211 195 -1054.31
1 221 339 -27991.7
1 222 324 -10611.5
1 232 347 -27380.6
1 242 618 -73.1186
1 248 344 -28027.6
1 263 345 -11891.3
1 263 427 -6.11112
1 263 570 -107.13600000000001
1 286 302 -8001.04
1 292 360 -1555.71
1 293 357 -6675.57
1 297 439 -9.54862
1 145 166 -15.5571
1 150 118 -24488.6
1 150 121 -38398.0
1 150 127 -692.2669999999999
1 152 118 -10279.3
1 153 122 -6066.8
1 153 123 -6493.55
1 155 125 -6636.68
1 158 138 -12888.5
1 158 140 -21717.6
1 160 139 -19971.3
1 181 126 -47673.3
1 224 257 -858.288
1 230 223 -25074.2
1 260 337 -1815.25
1 276 359 -8222.8
1 281 445 -349.369
1 137 168 -11454.7
1 149 213 -10655.1
1 189 195 -20916.6
1 190 250 -7604.16
1 192 197 -51837.6
1 202 228 -23351.3
1 210 253 -69860.9
1 217 236 -18.6686
1 245 324 -3080.31
1 247 330 -2.3871599999999997
1 270 480 -78.2032
1 148 166 -18452.3
1 151 118 -5507.23
1 153 116 -4846.05
1 188 197 -27408.6
1 188 204 -12394.0
1 203 340 -203.386
1 206 281 -2017.76
1 208 226 -22312.1
1 211 266 -61187.6
1 213 276 -13172.8
1 214 274 -57344.3
1 220 278 -35311.8
1 223 372 -4862.46
1 232 398 -125.564
1 233 375 -527.387
1 236 317 -31114.3
1 239 385 -5346.59
1 239 406 -174.262
1 241 238 -21622.6
1 245 408 -2762.42
1 246 320 -1023.66
1 248 454 -841.6410000000001
1 259 351 -3257.94
1 262 585 -145.33
1 263 492 -5.04718
1 267 449 -1161.11
1 268 351 -87.12
1 269 360 -7361.99
1 272 360 -462.04699999999997
1 273 340 -546.006
1 273 521 -8131.53
1 274 327 -6663.16
1 274 432 -76.389
1 274 521 -148.615
1 275 465 -100.26100000000001
1 290 322 -57351.2
1 292 458 -233.94099999999997
1 294 354 -4346.67
1 147 116 -12394.4
1 147 183 -7528.1
1 156 122 -7791.02
1 258 337 -66.5225
1 259 439 -335.157
1 268 484 -6.53829
1 281 328 -259.80400000000003
1 173 183 -22878.3
1 257 342 -4801.8
1 201 251 -35755.0
1 264 441 -69.0843
1 144 132 -189.138
1 257 404 -102610.0
1 136 173 -9396.51
1 144 189 -14569.4
1 154 122 -13897.2
1 161 179 -16438.1
1 167 128 -44281.5
1 183 205 -45.9881
1 186 209 -13416.5
1 204 300 -80.1607
1 225 242 -23335.7
1 226 375 -226011.0
1 238 302 -16964.1
1 244 321 -8943.8
1 245 406 -1011.2
1 247 591 -722.3530000000001
1 248 590 -38.6719
1 251 614 -955.2919999999999
1 255 333 -6622.68
1 256 443 -635.697
1 258 339 -1161.59
1 258 416 -136.545
1 263 583 -442.101
1 266 470 -857.323
1 269 482 -288.314
1 270 476 -583.898
1 273 523 -234755.0
1 274 506 -1456.93
1 280 458 -663.6289999999999
1 297 388 -862.7180000000001
1 221 300 -117.795
1 272 494 -153.761
1 134 167 -26459.6
1 158 122 -1087.76
1 159 157 -23940.9
1 225 289 -14518.3
1 226 330 -25857.7
1 237 406 -501.904
1 244 430 -909.5169999999999
1 247 342 -46.7405
1 253 427 -525.174
1 253 443 -1201.82
1 254 398 -23.4419
1 254 442 -1387.13
1 254 444 -62.4003
1 254 445 -11.9846
1 256 445 -2008.08
1 261 346 -50.5
1 261 369 -2055.34
1 262 555 -105.20700000000001
1 263 448 -142.752
1 271 364 -52937.8
1 271 471 -169.584
1 271 489 -3590.28
1 272 371 -464.588
1 273 520 -0.287179
1 275 371 -1647.5
1 289 321 -12964.6
1 262 394 -845941.0
1 271 492 -28.3117
1 167 168 -15342.4
1 157 122 -466.961
1 160 136 -20.2608
1 169 201 -18628.1
1 211 313 -40.3429
1 212 315 -149.412
1 214 287 -176.65
1 224 372 -2933.81
1 246 609 -1389.32
1 247 590 -1420.84
1 255 446 -205.295
1 270 482 -91.9756
1 276 386 -48.2206
1 278 371 -2552.93
1 281 446 -909.9839999999999
1 291 458 -34.0122
1 295 390 -28178.1
1 297 384 -203.862
1 297 387 -62.4811
1 165 158 -8925.13
1 178 212 -5423.22
1 145 147 -157.266
1 257 443 -71.1372
1 258 456 -2.38477
1 162 205 -25639.7
1 234 400 -9.7396
1 237 378 -24.54
1 240 386 -57.5305
1 241 353 -20.8829
1 244 330 -10580.4
1 248 343 -120.88600000000001
1 252 457 -51.4193
1 253 400 -280.19
1 254 370 -16.3476
1 254 400 -21.0929
1 255 373 -296.007
1 262 441 -24.9076
1 263 353 -14.4662
1 274 527 -83.661
1 276 469 -9.54862
1 276 484 -171.87599999999998
1 277 429 -1186.66
1 282 451 -3902.52
1 279 477 -122.679
1 207 193 -56109.9
1 145 139 -1133.8
1 150 115 -7521.88
1 206 299 -30.0284
1 239 305 -489.355
1 261 461 -119.978
1 289 412 -3.9468
1 233 400 -32858.8
1 268 360 -1594.62
1 117 117 -67.6122
1 183 311 -1017.88
1 220 175 -12003.9
1 244 355 -21303.0
1 245 261 -8779.96
1 290 355 -69297.5
1 294 370 -61320.0
1 264 474 -14.7526
1 149 125 -5146.3
1 164 240 -410.591
1 201 297 -63.2882
1 207 298 -22.4393
1 232 373 -311.572
1 233 392 -118.368
1 234 236 -2698.44
1 234 401 -33.4679
1 235 390 -165.467
1 236 398 -1595.9
1 237 390 -185.72099999999998
1 237 399 -62.3573
1 241 374 -50.7844
1 248 606 -118.94200000000001
1 249 411 -232.05900000000003
1 253 418 -166.09799999999998
1 253 442 -438.282
1 254 600 -114.617
1 258 597 -89.0409
1 259 428 -345.66
1 263 467 -22294.6
1 263 468 -21425.7
1 267 481 -351.577
1 268 457 -12.7347
1 281 429 -757.75
1 283 394 -62.8061
1 284 436 -2091.15
1 237 382 -108.37700000000001
1 240 379 -429.68800000000005
1 147 130 -30571.3
1 148 141 -12719.5
1 223 371 -0.572917
1 257 456 -32.9905
1 160 142 -9.30378
1 290 441 -61.2544
1 257 602 -62.5626
1 176 219 -50.1759
1 256 590 -78.9803
1 290 403 -123.305
1 261 581 -15.7743
1 241 405 -589.039
1 251 362 -27.691
1 271 484 -48.0534
1 235 358 -359.665
1 254 368 -1085.17
1 261 424 -238.71599999999998
1 290 463 -4802.96
1 279 465 -72.6364
1 175 246 -2.02002
1 195 301 -40.4486
1 231 201 -37606.3
1 240 393 -13.7978
1 282 445 -0.028645900000000002
1 255 399 -368.577
1 267 483 -199.197
1 243 350 -1515.46
1 244 406 -1.90972
1 288 370 -9.54862
1 162 138 -3.29428
1 218 352 -389.074
1 259 459 -6.34983
1 251 431 -616.364
1 292 373 -9.62256
1 227 282 -17.6941
1 265 476 -19.4314
1 251 330 -43.9237
1 185 272 -10.638
1 235 401 -11.3247
1 271 480 -18.3811
1 259 438 -12.3177
1 272 492 -33.0543
1 243 423 -14.8959
1 259 448 -32.2266
1 271 535 -250.49400000000003
1 244 609 -17.6172
1 160 144 -87.8749
1 271 517 -575.543
1 212 180 -768.3919999999999
1 271 536 -64.57300000000001
1 217 228 -1403.65
1 252 431 -1612.76
1 186 275 -749.8539999999999
1 190 304 -457.93300000000005
1 250 444 -288.093
1 237 397 -1973.22
1 252 401 -2394.32
1 201 299 -29074.1
1 185 278 -10446.6
1 258 419 -636769.0
1 261 540 -1826.69
