1 62 1 3798.3
1 61 2 3770.7
1 60 3 3749.7
1 59 4 3733.5
1 58 5 3721.5
1 57 6 3713.4
1 56 7 3709.2
1 55 8 3709.0
1 54 9 3713.4
1 53 10 3722.5
1 52 11 3736.7
1 51 12 3755.5
1 49 13 3767.8
1 50 13 3777.1
1 48 14 3789.3
1 47 15 3784.5
1 46 16 3776.7
1 45 17 3766.9
1 45 18 3767.6
1 45 19 3768.3
1 44 20 3756.4
1 44 21 3756.2
1 44 22 3755.5
1 44 23 3754.2
1 44 24 3752.2
1 44 25 3749.4
1 44 26 3745.6
1 44 27 3740.7
1 44 28 3734.5
1 44 29 3727.0
1 44 30 3717.9
1 44 31 3707.0
1 44 32 3694.2
1 44 33 3679.1
1 44 34 3661.5
1 44 35 3641.1
1 44 36 3617.4
1 44 37 3589.8
1 44 38 3557.8
1 44 39 3520.3
1 44 40 3476.1
1 44 41 3422.8
1 43 42 3304.0
1 43 43 3265.0
1 43 44 3203.3
1 42 45 3052.1
1 42 46 2997.6
1 40 47 2765.7
1 41 47 2812.0
1 40 48 2729.6
1 40 49 2663.5
1 40 50 2567.6
1 35 78 4859.7
1 35 79 4888.1
1 34 80 4945.1
1 33 81 5025.5
1 32 82 5089.1
1 31 83 5102.5
1 30 84 5114.2
1 29 85 5123.1
1 28 86 5145.4
1 27 87 5164.2
1 26 88 5190.3
1 25 89 5217.8
1 25 90 5254.2
1 24 91 5241.3
1 24 92 5256.5
1 24 93 5293.6
1 24 94 5330.6
1 23 95 5345.7
1 23 96 5386.0
1 23 97 5422.3
1 22 98 5430.3
1 22 99 5471.4
1 22 100 5508.4
1 22 101 5545.7
1 21 102 5566.0
1 21 103 5611.1
1 20 104 5633.2
1 20 105 5675.7
1 19 106 5707.7
1 19 107 5752.1
1 18 108 5788.7
1 18 109 5828.5
1 17 110 5747.7
1 17 111 5758.8
1 17 112 5868.1
1 65 109 6030.5
1 66 109 6027.0
1 67 109 5976.4
1 68 109 5941.6
1 69 109 5951.1
1 62 110 5964.5
1 63 110 6002.2
1 64 110 6023.1
1 70 110 6040.0
1 60 111 5859.4
1 61 111 5880.9
1 71 111 6106.0
1 37 112 5647.1
1 38 112 5707.3
1 39 112 5768.9
1 40 112 5814.4
1 41 112 5851.4
1 42 112 5873.4
1 43 112 5884.6
1 44 112 5893.7
1 45 112 5900.9
1 46 112 5910.4
1 47 112 5919.3
1 48 112 5936.9
1 55 112 5739.6
1 56 112 5761.3
1 57 112 5778.4
1 58 112 5795.2
1 59 112 5810.1
1 72 112 6143.0
1 16 113 5956.8
1 33 113 5631.7
1 34 113 5615.1
1 35 113 5599.2
1 36 113 5578.7
1 49 113 5930.6
1 50 113 5908.4
1 51 113 5855.3
1 52 113 5800.7
1 53 113 5744.1
1 54 113 5707.4
1 73 113 6175.3
1 16 114 6015.9
1 29 114 5721.3
1 30 114 5696.1
1 31 114 5668.3
1 32 114 5633.3
1 74 114 6198.4
1 75 114 6202.5
1 16 115 6072.6
1 25 115 5833.0
1 26 115 5810.2
1 27 115 5781.0
1 28 115 5741.0
1 76 115 6234.3
1 16 116 6127.9
1 21 116 5975.7
1 22 116 5990.6
1 23 116 5903.4
1 24 116 5863.2
1 77 116 6249.5
1 78 116 6247.6
1 79 116 6260.2
1 16 117 6182.1
1 20 117 6023.7
1 80 117 6281.1
1 81 117 6279.2
1 82 117 6258.6
1 83 117 6231.1
1 84 117 6202.0
1 16 118 6219.5
1 17 118 6185.7
1 18 118 6138.6
1 19 118 6085.1
1 85 118 6131.5
1 85 119 6089.7
1 86 120 6072.5
1 86 121 6095.2
1 86 122 6120.0
1 86 123 6137.3
1 86 124 6149.7
1 86 125 6159.3
1 86 126 6166.4
1 86 127 6170.1
1 86 128 6170.7
1 86 129 6169.0
1 86 130 6166.3
1 86 131 6162.1
1 86 132 6155.2
1 86 133 6146.5
1 86 134 6134.7
1 86 135 6118.8
1 86 136 6099.7
1 85 137 6050.6
1 85 138 6037.7
1 84 139 6032.8
1 83 140 6073.8
1 82 141 6157.7
1 82 142 6174.0
1 81 143 6226.7
1 80 144 6287.2
1 79 145 6356.2
1 78 146 6419.8
1 77 147 6487.1
1 76 148 6559.0
1 75 149 6636.4
1 75 150 6700.7
1 75 151 6761.3
1 75 152 6821.9
1 75 153 6868.8
1 76 154 6862.0
1 77 154 6849.2
1 78 154 6839.0
1 79 155 6827.7
1 80 155 6815.1
1 81 156 6797.5
1 82 157 6771.0
1 82 158 6748.6
1 83 158 6734.5
1 84 159 6704.6
1 84 160 6676.8
1 84 161 6652.4
1 84 162 6628.5
1 85 163 6603.4
1 86 164 6574.0
1 87 165 6537.0
1 88 166 6502.2
1 89 167 6468.6
1 90 168 6387.2
1 90 169 6337.2
1 91 170 6269.8
1 92 171 6198.4
1 93 172 6167.7
1 94 173 6141.2
1 94 174 6138.8
1 95 175 6123.4
1 95 176 6109.0
1 95 177 6113.7
1 95 178 6120.7
1 95 179 6126.0
1 96 180 5954.7
1 97 181 5971.7
1 98 182 5989.2
1 99 183 6006.7
1 100 184 6022.5
1 101 185 6037.9
1 102 185 6046.3
1 103 185 6061.9
1 104 186 6096.3
1 105 186 6097.4
1 106 187 6100.6
1 107 188 6096.4
1 108 189 5914.1
1 108 190 5916.1
1 108 191 5917.1
1 108 192 5916.7
1 108 193 5912.5
1 107 194 5707.4
1 107 195 5703.4
1 107 196 5695.6
1 107 197 5685.3
1 107 198 5673.3
1 106 199 5634.9
1 106 200 5622.0
1 105 201 5576.1
1 105 202 5562.9
1 104 203 5522.4
1 104 204 5513.7
1 104 205 5498.7
1 104 206 5477.3
1 104 207 5444.2
1 98 208 5460.6
1 99 208 5470.7
1 100 208 5483.1
1 101 208 5496.0
1 102 208 5513.7
1 103 208 5542.4
1 97 209 5451.3
1 97 210 5450.1
1 97 211 5446.0
1 97 212 5440.7
1 96 213 5424.1
1 95 214 5416.7
1 95 215 5415.4
1 94 216 5408.0
1 94 217 5407.1
1 94 218 5406.4
1 95 219 5410.6
1 96 220 5414.1
1 97 221 5418.0
1 97 222 5416.9
1 98 223 5420.2
1 98 224 5418.8
1 99 225 5422.9
1 99 226 5421.0
1 100 227 5242.1
1 128 227 5398.5
1 129 227 5461.6
1 101 228 5248.0
1 107 228 5142.9
1 108 228 5167.8
1 109 228 5196.4
1 110 228 5228.4
1 111 228 5263.1
1 125 228 5283.4
1 126 228 5309.8
1 127 228 5318.0
1 130 228 5187.6
1 131 228 5194.1
1 132 228 5188.2
1 133 228 5189.3
1 134 228 5195.5
1 135 228 5209.9
1 136 228 5226.9
1 137 228 5240.2
1 138 228 5267.0
1 102 229 5252.8
1 106 229 5280.7
1 112 229 5117.3
1 118 229 5143.6
1 119 229 5162.0
1 120 229 5177.9
1 121 229 5192.0
1 122 229 5203.3
1 123 229 5212.7
1 124 229 5215.2
1 139 229 5340.3
1 103 230 5256.3
1 104 230 5258.9
1 105 230 5261.9
1 113 230 5133.9
1 114 230 5125.4
1 115 230 5121.1
1 116 230 5118.6
1 117 230 5110.7
1 140 230 5307.1
1 139 231 5374.7
1 137 232 5411.3
1 138 232 5410.6
1 136 233 5414.6
1 135 234 5407.4
1 133 235 5374.7
1 134 235 5388.0
1 132 236 5357.8
1 130 237 5314.5
1 131 237 5329.7
1 129 238 5303.3
1 128 239 5287.2
1 127 240 5267.3
1 127 241 5257.5
1 127 242 5244.6
1 128 243 5252.9
1 129 244 5251.2
1 129 245 5238.5
1 130 246 5234.7
1 131 246 5233.6
1 132 246 5236.5
1 133 246 5245.8
1 134 246 5263.2
1 135 246 5289.6
1 136 246 5316.8
1 137 246 5336.8
1 138 246 5358.8
1 139 247 5409.5
1 140 247 5434.0
1 141 247 5471.5
1 142 247 5514.8
1 143 248 5577.8
1 144 249 5671.3
1 144 250 5698.1
1 145 251 5749.9
1 145 252 5775.5
1 145 253 5795.8
1 146 254 5829.1
1 146 255 5826.5
1 146 256 5820.5
1 146 257 5812.6
1 146 258 5802.4
1 146 259 5790.6
1 146 260 5777.2
1 146 261 5764.9
1 146 262 5751.7
1 146 263 5738.5
1 146 264 5728.4
1 146 265 0.0
1 147 266 5482.8
1 147 267 5453.7
1 147 268 5428.8
1 147 269 5389.1
1 147 270 5356.1
1 148 271 5306.0
1 148 272 5279.2
1 148 273 5252.1
1 148 274 5230.3
1 149 274 5215.4
1 149 275 5175.8
1 149 276 5143.6
1 149 277 5091.0
1 149 278 5036.4
1 150 279 5132.7
1 150 280 5087.7
1 150 281 5046.5
1 150 282 5016.2
1 151 283 4932.5
1 151 284 4888.7
1 151 285 4855.4
1 152 286 4761.4
1 152 287 4706.8
1 152 288 4662.5
1 152 289 4628.0
1 153 290 4722.8
1 153 291 4696.3
1 153 292 4704.2
1 154 293 4715.0
1 154 294 4726.6
1 154 295 4736.1
1 154 296 4742.2
1 155 297 4760.1
1 155 298 4763.9
1 156 299 4586.8
1 157 299 4593.1
1 158 299 4602.6
1 159 299 4615.1
1 160 299 4631.1
1 161 299 4650.5
1 162 300 4681.7
1 162 301 4684.5
1 162 302 4683.6
1 162 303 4681.0
1 162 304 4678.3
1 163 305 4857.4
1 163 306 4848.4
1 163 307 4838.6
1 163 308 4829.3
1 163 309 4823.2
1 164 310 5039.4
1 165 311 5081.0
1 166 312 5152.7
1 167 313 5211.3
1 168 314 5244.2
1 168 315 5076.7
1 168 316 5081.0
1 169 316 5088.5
1 169 317 5094.3
1 170 317 5104.1
1 171 318 5105.2
1 171 319 5081.8
1 172 320 5033.9
1 172 321 4986.4
1 172 322 4938.1
1 172 323 4887.1
1 172 324 4847.4
1 173 325 4845.9
1 173 326 4849.5
1 173 327 4851.3
1 174 328 4860.7
1 174 329 4862.3
1 174 330 4863.3
1 175 331 4867.8
1 176 331 4871.8
1 177 331 4877.7
1 178 332 4887.1
1 179 333 4889.7
1 179 334 4886.6
1 179 335 4883.5
1 180 336 4881.0
1 181 337 4872.5
1 181 338 4867.8
1 187 338 4741.0
1 188 338 4762.1
1 189 338 4779.7
1 190 338 4793.4
1 182 339 4858.5
1 186 339 4873.5
1 191 339 4797.0
1 192 339 5216.0
1 182 340 4852.5
1 186 340 4857.8
1 193 340 5215.3
1 182 341 4848.9
1 186 341 4847.8
1 194 341 5215.2
1 195 341 5216.8
1 183 342 4845.3
1 184 342 4845.1
1 185 342 4844.6
1 186 342 4843.5
1 196 342 5216.5
1 196 343 5214.4
1 197 344 5213.3
1 198 345 5210.9
1 199 346 5208.8
1 200 346 5210.4
1 201 346 5212.6
1 202 346 5214.7
1 203 346 5215.5
1 204 346 4548.75
1 205 347 5199.5
1 206 347 5193.3
1 207 348 5398.8
1 207 349 5496.1
1 207 350 5637.0
1 206 351 5696.9
1 205 352 5701.7
1 205 353 5706.2
1 205 354 5711.2
1 206 355 5734.1
1 206 356 5742.3
1 207 357 5767.0
1 208 357 5784.2
1 209 358 5465.4
1 210 359 5522.7
1 211 359 5550.7
1 212 360 5470.5
1 212 361 5507.7
1 208 362 5529.9
1 209 362 5534.6
1 210 362 5541.7
1 211 362 5547.4
1 207 363 5526.1
1 206 364 5520.7
1 206 365 5522.0
1 206 366 5522.2
1 206 367 5521.4
1 206 368 5520.4
1 206 369 5519.2
1 207 369 5525.6
1 208 369 5542.1
1 209 369 5563.8
1 210 369 5588.2
1 211 369 5618.5
1 212 369 5654.9
1 213 369 5699.1
1 214 370 5595.6
1 215 370 5629.4
1 216 372 5626.7
1 214 373 5263.1
1 215 373 5351.3
1 214 374 5220.0
1 213 375 5270.2
1 212 376 5247.8
1 211 377 5194.7
1 211 378 5183.6
1 211 379 5178.1
1 211 380 5180.2
1 211 381 5189.3
1 211 382 5243.7
1 211 383 5293.5
1 212 384 45000.0
1 212 385 45000.0
1 212 386 45000.0
1 212 387 45000.0
1 212 388 45000.0
1 212 389 45000.0
1 212 390 45000.0
1 212 391 45000.0
1 212 392 45000.0
1 212 393 45000.0
1 213 394 45000.0
1 213 395 45000.0
1 213 396 45000.0
1 213 397 45000.0
1 213 398 45000.0
1 213 399 45000.0
1 213 400 45000.0
1 213 401 45000.0
1 213 402 45000.0
1 214 403 45000.0
1 214 404 45000.0
1 214 405 45000.0
1 214 406 45000.0
1 214 407 45000.0
1 214 409 45000.0
1 214 410 45000.0
1 214 411 45000.0
1 214 412 45000.0
1 214 413 45000.0
1 214 414 45000.0
1 214 415 45000.0
1 215 416 45000.0
1 215 417 45000.0
1 227 417 45000.0
1 228 417 45000.0
1 229 417 45000.0
1 216 418 45000.0
1 226 418 45000.0
1 230 418 45000.0
1 217 419 45000.0
1 218 419 45000.0
1 219 419 45000.0
1 220 419 45000.0
1 221 419 45000.0
1 222 419 45000.0
1 223 419 45000.0
1 224 419 45000.0
1 225 419 45000.0
1 229 419 45000.0
1 229 420 45000.0
1 226 421 45000.0
1 227 421 45000.0
1 228 421 45000.0
1 224 422 45000.0
1 225 422 45000.0
1 224 423 45000.0
1 224 424 45000.0
1 225 424 45000.0
1 226 424 45000.0
1 227 424 45000.0
1 228 424 45000.0
1 229 425 45000.0
1 229 426 45000.0
1 229 427 45000.0
1 229 428 45000.0
1 229 429 45000.0
1 228 430 45000.0
1 228 431 45000.0
1 228 432 45000.0
1 228 433 45000.0
1 228 434 45000.0
1 228 435 45000.0
1 229 435 45000.0
1 230 436 45000.0
1 230 437 45000.0
1 230 438 45000.0
1 230 439 45000.0
1 230 440 45000.0
1 230 441 45000.0
1 230 442 45000.0
1 230 443 45000.0
1 230 444 45000.0
1 230 445 45000.0
1 230 446 45000.0
1 230 447 45000.0
1 230 448 45000.0
1 230 449 45000.0
1 230 450 45000.0
1 230 451 45000.0
1 230 452 45000.0
1 230 453 45000.0
1 230 454 45000.0
1 230 455 45000.0
1 230 456 45000.0
1 231 457 45000.0
1 231 458 45000.0
1 231 459 45000.0
1 231 460 45000.0
1 232 461 45000.0
1 232 462 45000.0
1 232 463 45000.0
1 232 464 45000.0
1 233 464 45000.0
1 234 464 45000.0
1 235 464 45000.0
1 236 464 45000.0
1 237 464 45000.0
1 238 464 45000.0
1 239 465 45000.0
1 239 466 45000.0
1 239 467 5337.1
1 238 468 5337.1
1 238 469 5337.1
1 238 470 5337.1
1 239 471 5337.1
1 240 471 5337.1
1 241 472 5337.1
1 242 472 5337.1
1 243 472 5337.1
1 244 473 5337.1
1 245 474 5337.1
1 246 475 5337.1
1 246 476 5337.1
1 246 477 5337.1
1 246 478 5337.1
1 246 479 5337.1
1 246 480 5337.1
1 245 481 5337.1
1 245 482 5337.1
1 244 483 5337.1
1 243 484 5337.1
1 243 485 5337.1
1 243 486 5337.1
1 243 487 5337.1
1 243 488 5337.1
1 243 489 5337.1
1 242 490 5337.1
1 242 491 5337.1
1 241 492 5337.1
1 241 493 5337.1
1 240 494 5337.1
1 239 495 5337.1
1 238 496 5337.1
1 235 497 5337.1
1 236 497 5337.1
1 237 497 5337.1
1 233 498 5337.1
1 234 498 5337.1
1 233 499 5337.1
1 232 500 5337.1
1 231 501 5337.1
1 231 502 5337.1
1 231 503 5337.1
1 231 504 5337.1
1 231 505 5337.1
1 231 506 5337.1
1 231 507 5337.1
1 231 508 5337.1
1 231 509 5337.1
1 231 510 5337.1
1 231 511 5337.1
1 231 512 5337.1
1 231 513 5337.1
1 231 514 5337.1
1 231 515 5337.1
1 232 516 5337.1
1 232 517 5337.1
1 232 518 5337.1
1 233 519 5337.1
1 233 520 5337.1
1 233 521 5337.1
1 234 522 5337.1
1 234 523 5337.1
1 235 524 5337.1
1 235 525 5337.1
1 236 525 5337.1
1 237 525 5337.1
1 238 525 5337.1
1 239 526 5337.1
1 239 527 5337.1
1 240 528 5437.9
1 240 529 5453.1
1 241 530 5519.7
1 241 531 5549.7
1 241 532 5566.6
1 241 533 5578.1
1 241 534 5586.4
1 242 535 5064.8
1 242 536 5076.1
1 243 536 5094.1
1 244 536 5126.6
1 245 536 5155.2
1 246 537 5210.6
1 246 538 5227.7
1 247 539 5267.6
1 248 540 5303.1
1 249 540 5315.2
1 250 540 5331.6
1 251 541 5365.2
1 250 544 5398.8
1 251 544 5401.1
1 245 545 5344.2
1 246 545 5355.4
1 247 545 5374.0
1 248 545 5387.7
1 249 545 5393.2
1 243 546 5317.7
1 244 546 5321.7
1 243 547 5318.4
1 242 548 5314.5
1 242 549 5314.8
1 241 550 5308.6
1 241 551 5306.9
1 240 552 5296.5
1 239 553 5285.5
1 238 554 0.0
1 237 555 5249.9
1 236 556 5248.8
1 236 557 5248.8
1 232 558 5189.1
1 233 558 5186.1
1 234 558 5193.8
1 235 558 5197.3
1 232 559 5201.2
1 231 560 5201.4
1 231 561 5209.8
1 231 562 5216.5
1 231 563 5221.6
1 231 564 5222.9
1 230 565 5389.7
1 230 566 5382.9
1 230 567 5372.0
1 230 568 5359.6
1 215 371 5678.1
1 39 51 6043.2
1 39 52 5967.8
1 38 53 5714.5
1 38 54 5641.8
1 37 55 5375.6
1 36 56 5152.8
1 35 57 4950.0
1 35 58 4889.0
1 35 59 4787.7
1 35 60 8397.7
1 35 61 8262.3
1 35 62 8125.5
1 35 63 7985.2
1 35 64 7841.2
1 35 65 7693.4
1 35 66 7542.6
1 35 67 7395.4
1 35 68 7276.3
1 36 69 10770.0
1 36 70 10502.6
1 36 71 10250.3
1 36 72 10007.1
1 36 73 9772.1
1 36 74 9559.1
1 36 75 9377.7
1 36 76 9287.9
1 36 77 9255.2
1 230 569 5347.0
1 230 570 5333.5
1 230 571 5317.4
1 230 572 5306.0
1 230 573 5316.9
1 230 574 5332.4
1 230 575 5342.6
1 230 576 5344.7
1 230 577 5179.6
1 230 578 5212.8
1 230 579 5245.9
1 230 580 5275.3
1 230 581 5278.4
1 230 582 5283.8
1 230 583 5286.3
1 230 584 5285.4
1 230 585 5282.0
1 230 586 5277.4
1 230 587 5271.3
1 230 588 5267.4
1 229 589 5251.5
1 229 590 5242.2
1 228 591 5219.5
1 228 592 5203.8
1 228 593 5186.5
1 228 594 5164.3
1 227 595 5120.1
1 227 596 5096.9
1 227 597 5068.8
1 227 598 5035.6
1 227 599 4786.4
1 226 600 4700.2
1 226 601 4698.2
1 226 602 4696.9
1 226 603 4697.6
1 225 604 4268.5
1 224 605 4268.5
1 223 606 4290.4
1 222 607 4310.8
1 223 605 4275.0
1 114 114 -2529.29
1 117 120 -617.746
1 129 121 -3934.45
1 130 122 -617.746
1 133 112 -17424.0
1 135 194 -617.746
1 138 201 -2248.26
1 139 168 -281.03
1 140 168 -3091.35
1 143 126 -3372.39
1 143 172 -5620.65
1 144 166 -4356.0
1 144 172 -5199.1
1 145 164 -140.52
1 146 117 -4356.0
1 146 188 -983.61
1 146 190 -4496.52
1 147 145 -617.746
1 148 176 -617.746
1 148 196 -11943.9
1 149 145 -11522.3
1 149 146 -10819.7
1 150 124 -6885.29
1 150 141 -983.61
1 150 198 -5480.13
1 151 142 -8430.97
1 151 195 -5339.61
1 152 123 -7728.39
1 152 125 -1601.36
1 152 132 -1320.33
1 153 111 -2810.32
1 153 142 -12365.4
1 153 192 -11100.8
1 154 125 -140.52
1 154 171 -617.746
1 155 112 -38501.4
1 155 129 -281.03
1 155 141 -22623.1
1 156 129 -47775.5
1 156 146 -7306.84
1 157 116 -17002.4
1 157 135 -6153.55
1 157 140 -7728.39
1 158 133 -3006.52
1 158 181 -21920.5
1 159 119 -10819.7
1 159 173 -19672.3
1 160 116 -47213.4
1 160 119 -1826.71
1 161 125 -5199.1
1 161 129 -3091.35
1 161 131 -3653.42
1 161 140 -421.55
1 162 121 -17564.5
1 162 128 -192788.0
1 162 132 -29508.4
1 162 140 -843.1
1 162 167 -140.52
1 162 169 -10538.7
1 163 138 -1601.36
1 163 139 -562.06
1 164 135 -3793.94
1 165 130 -8993.03
1 165 131 -562.06
1 167 259 -1405.16
1 168 123 -843.1
1 168 208 -8852.52
1 170 131 -3934.45
1 170 132 -4215.48
1 171 130 -2529.29
1 171 131 -4215.48
1 171 132 -11381.8
1 172 130 -147542.0
1 173 224 -562.06
1 175 134 -10398.2
1 175 204 -140.52
1 176 176 -4496.52
1 176 202 -983.61
1 177 211 -7728.39
1 178 164 -70258.1
1 179 181 -21358.4
1 179 183 -24871.3
1 179 210 -32178.2
1 183 184 -14051.6
1 184 246 -1967.23
1 187 281 -983.61
1 188 198 -6463.74
1 188 209 -5199.1
1 188 240 -5620.65
1 188 258 -4074.97
1 189 282 -3653.42
1 190 281 -8149.94
1 191 191 -95551.0
1 191 281 -3793.94
1 193 256 -140.52
1 193 260 -15358.4
1 198 297 -1264.65
1 198 298 -617.746
1 199 231 -2107.74
1 199 298 -617.746
1 200 298 -617.746
1 203 275 -4637.03
1 204 248 -14304.5
1 205 300 -627.726
1 206 286 -2810.32
1 206 300 -1235.49
1 210 264 -140.52
1 211 255 -8430.97
1 211 332 -5086.68
1 212 226 -7166.32
1 213 264 -140.52
1 214 240 -5199.1
1 216 238 -4215.48
1 216 267 -3091.35
1 217 264 -3091.35
1 217 365 -421.55
1 218 179 -11803.3
1 219 310 -281.03
1 221 223 -8430.97
1 221 246 -27119.6
1 221 284 -10764.4
1 222 352 -16082.2
1 222 369 -5761.16
1 223 271 -3091.35
1 224 301 -1967.23
1 224 374 -3648.62
1 226 311 -281.03
1 226 331 -21114.9
1 226 350 -128.07
1 226 365 -1794.39
1 226 382 -14522.0
1 227 270 -5901.68
1 230 255 -22904.1
1 231 401 -617.746
1 232 256 -4496.52
1 232 370 -9707.38
1 233 337 -617.746
1 233 376 -244358.0
1 233 394 -1235.49
1 233 399 -88525.2
1 234 304 -3681.52
1 234 393 -617.746
1 235 338 -27822.2
1 235 367 -28663.7
1 235 400 -1405.16
1 235 609 -1005.62
1 236 263 -8149.94
1 236 351 -2810.32
1 236 609 -11.92
1 237 237 -1124.13
1 237 316 -31137.6
1 237 357 -3268.71
1 237 389 -617.746
1 238 221 -1686.19
1 238 398 -1.29
1 238 605 -3088.73
1 238 609 -1235.49
1 239 338 -1686.19
1 239 361 -983.61
1 239 605 -3088.73
1 239 606 -1853.24
1 239 619 -617.746
1 240 380 -617.746
1 240 426 -617.746
1 240 608 -2470.98
1 241 342 -3653.42
1 241 358 -140.52
1 241 604 -617.746
1 242 311 -5086.68
1 243 357 -1405.16
1 243 371 -617.746
1 243 389 -1967.23
1 243 422 -1124.13
1 243 431 -40.08
1 243 605 -3088.73
1 244 431 -2215.18
1 244 605 -3706.48
1 244 621 -1235.49
1 245 238 -38360.9
1 245 322 -12319.1
1 245 337 -898.7760000000001
1 245 370 -8234.25
1 245 621 -617.746
1 246 321 -3323.21
1 246 618 -1853.24
1 247 344 -617.746
1 247 383 -10669.5
1 247 384 -1880220.0
1 247 424 -36674.7
1 248 251 -37183.8
1 248 424 -36674.7
1 248 436 -3934.45
1 248 444 -4132.41
1 248 589 -8149.94
1 249 373 -617.746
1 249 389 -421.55
1 249 424 -37292.5
1 249 430 -26426.0
1 249 436 -2922.74
1 249 606 -3088.73
1 250 239 -140.52
1 250 326 -1679.17
1 250 424 -37292.5
1 250 425 -380237.0
1 250 431 -23012.5
1 250 595 -1853.24
1 251 300 -2810.32
1 251 333 -505.86
1 251 356 -25390.7
1 251 456 -617.746
1 251 457 -33.66
1 251 594 -617.746
1 251 595 -631.7959999999999
1 251 596 -1235.49
1 252 230 -18829.2
1 252 285 -2107.74
1 252 450 -1124.13
1 252 595 -617.746
1 252 606 -617.746
1 253 298 -1001.49
1 253 416 -140.52
1 253 420 -6835.88
1 253 445 -139757.0
1 254 338 -1264.65
1 254 367 -702.58
1 254 407 -20.05
1 254 597 -617.746
1 254 607 -1179.81
1 255 381 -28384.3
1 255 383 -43419.5
1 255 388 -6885.29
1 255 395 -1826.71
1 255 420 -514.87
1 255 439 -25152.4
1 255 443 -6317.49
1 255 595 -617.746
1 255 596 -617.746
1 255 606 -617.746
1 255 609 -1235.49
1 255 610 -198.13
1 256 314 -6182.71
1 256 335 -281.03
1 256 341 -421.55
1 256 370 -8571.48
1 256 413 -5620.65
1 256 586 -75218.8
1 256 593 -2470.98
1 257 238 -5058.58
1 257 324 -2063.55
1 257 576 -6294.07
1 257 599 -4305.07
1 257 600 -56628.0
1 258 325 -10966.9
1 258 336 -2178.0
1 258 420 -430.55
1 258 442 -530988.0
1 258 464 -843.1
1 258 585 -3706.48
1 258 595 -1235.49
1 258 601 -91616.5
1 258 602 -59878.4
1 259 340 -898.7760000000001
1 259 405 -108214.0
1 259 588 -24863.7
1 259 592 -617.746
1 259 593 -1320.33
1 260 349 -281.03
1 260 407 -2717650.0
1 260 413 -399123.0
1 260 424 -557.71
1 260 463 -26136.0
1 260 464 -34285.9
1 260 585 -11520.3
1 260 586 -21487.8
1 261 337 -2950.84
1 261 355 -2810.32
1 261 381 -293352.0
1 261 395 -63291.3
1 261 416 -2810.32
1 261 418 -617.746
1 261 464 -55784.9
1 261 492 -617.746
1 261 571 -5339.61
1 261 576 -32233.3
1 262 345 -2810.32
1 262 449 -140.52
1 262 540 -147.54
1 262 564 -2403.36
1 262 567 -27125.5
1 262 568 -17002.4
1 262 570 -97799.2
1 262 571 -1826.71
1 263 471 -5620.65
1 263 477 -5901.68
1 263 520 -1235.49
1 263 574 -3512.9
1 263 582 -14434.3
1 264 265 -1967.23
1 264 345 -1545.68
1 264 355 -140.52
1 264 367 -758.2660000000001
1 264 383 -6459.8
1 264 407 -6885.29
1 264 428 -542054.0
1 264 468 -56.21
1 264 471 -5480.13
1 264 476 -126324.0
1 264 477 -2248.26
1 264 523 -1853.24
1 264 549 -2263.71
1 265 364 -13350.1
1 265 374 -130503.0
1 265 380 -65.59
1 265 422 -99027.2
1 266 337 -617.746
1 266 340 -421.55
1 266 425 -29277.6
1 266 462 -281.03
1 267 391 -12646.5
1 267 396 -140.52
1 267 463 -2248.26
1 267 555 -617.746
1 267 556 -617.746
1 268 334 -2107.74
1 268 436 -1151730.0
1 268 455 -27.03
1 268 479 -421.55
1 268 489 -16548.0
1 268 545 -193.76
1 269 349 -1124.13
1 269 363 -617.746
1 269 397 -140.52
1 269 456 -1433.26
1 269 541 -617.746
1 269 545 -333.21
1 270 352 -4637.03
1 270 397 -42576.4
1 270 412 -56402.4
1 270 417 -86110.6
1 270 429 -4326.88
1 270 481 -617.746
1 270 483 -634.0459999999999
1 270 484 -617.746
1 270 486 -39419.3
1 270 498 -153865.0
1 270 539 -140.52
1 271 319 -39731.7
1 271 415 -146819.0
1 271 451 -1967.23
1 271 485 -25.87
1 271 493 -81531.8
1 271 498 -135458.0
1 271 537 -20119.0
1 272 336 -19.38
1 272 337 -15055.2
1 272 351 -10117.2
1 272 368 -33492.6
1 272 388 -776287.0
1 272 450 -7025.81
1 272 451 -25011.9
1 272 462 -1240850.0
1 272 490 -421.55
1 272 491 -2.62
1 272 497 -41729.4
1 272 498 -1124.13
1 272 530 -3375.28
1 272 532 -17063.8
1 272 535 -5601.46
1 273 363 -5339.61
1 273 392 -426.18
1 273 410 -2529.29
1 273 426 -12055.5
1 273 480 -6182.71
1 273 510 -617.746
1 273 516 -28103.2
1 273 517 -490198.0
1 273 518 -203.44
1 274 520 -64918.4
1 274 523 -2107.74
1 275 367 -983.61
1 275 441 -190735.0
1 275 450 -20515.3
1 275 506 -281.03
1 276 364 -1967.23
1 276 366 -19672.3
1 276 446 -6323.23
1 276 474 -24078.0
1 277 294 -69275.3
1 277 407 -437872.0
1 277 431 -10242.6
1 277 454 -140.52
1 277 468 -140.52
1 277 472 -6237.09
1 277 480 -25450.8
1 278 365 -91054.5
1 278 435 -15.71
1 278 482 -6463.74
1 279 336 -562.06
1 279 433 -138532.0
1 279 438 -173082.0
1 279 449 -562.06
1 279 475 -106641.0
1 279 485 -11522.3
1 280 365 -843.1
1 280 433 -27733.1
1 280 442 -7166.32
1 280 469 -5837.01
1 280 471 -40745.5
1 281 388 -274115.0
1 281 458 -281151.0
1 282 409 -3091.35
1 282 424 -2810.32
1 282 430 -140.52
1 282 436 -2857.24
1 282 454 -532.45
1 282 457 -343.1
1 283 429 -340892.0
1 283 449 -21527.7
1 283 452 -2692.11
1 283 455 -88917.2
1 283 468 -56335.5
1 284 339 -18060.3
1 284 457 -1124.13
1 284 463 -104405.0
1 284 481 -3379.97
1 285 306 -23887.7
1 285 374 -1124.13
1 285 467 -112918.0
1 285 475 -363.21
1 286 330 -43832.2
1 286 425 -234221.0
1 286 475 -42723.6
1 286 477 -310186.0
1 287 329 -5573.28
1 287 388 -92999.5
1 287 424 -2529.29
1 287 426 -259833.0
1 287 477 -56571.4
1 288 419 -8993.03
1 288 423 -632.32
1 288 426 -617.746
1 289 404 -200653.0
1 289 459 -199344.0
1 289 468 -3667.39
1 290 382 -69319.0
1 290 411 -4215.48
1 290 412 -14051.6
1 290 413 -15456.8
1 290 420 -786.89
1 291 350 -2810.32
1 291 355 -62104.1
1 291 399 -112234.0
1 291 419 -1377340.0
1 292 361 -1124.13
1 292 365 -16018.8
1 292 416 -2107.74
1 292 469 -29076.6
1 293 355 -421.55
1 294 435 -421.55
1 294 447 -33303.4
1 294 458 -83096.7
1 295 356 -5425.31
1 295 391 -2248.26
1 295 430 -625163.0
1 296 388 -1048.93
1 296 406 -36369.8
1 296 433 -7447.35
1 297 383 -421.55
1 297 395 -58685.8
1 297 401 -43761.0
1 297 402 -24265.2
1 297 413 -910620.0
1 297 415 -68009.8
1 297 442 -64467.8
1 298 389 -421.55
1 298 390 -1545.68
1 299 354 -281.03
1 299 387 -562.06
1 334 405 -24028.3
1 102 110 -617.746
1 102 113 -617.746
1 103 100 -617.746
1 103 104 -617.746
1 104 115 -617.746
1 105 115 -617.746
1 105 139 -617.746
1 108 117 -617.746
1 109 112 -617.746
1 111 155 -617.746
1 111 208 -617.746
1 112 181 -617.746
1 113 111 -617.746
1 113 159 -617.746
1 113 211 -617.746
1 114 173 -617.746
1 114 212 -1235.49
1 115 212 -1235.49
1 116 121 -617.746
1 116 150 -617.746
1 116 166 -617.746
1 117 119 -617.746
1 117 168 -617.746
1 117 210 -617.746
1 119 194 -617.746
1 119 202 -617.746
1 119 96 -617.746
1 120 155 -617.746
1 120 94 -617.746
1 121 187 -617.746
1 123 110 -617.746
1 123 111 -617.746
1 123 158 -617.746
1 123 168 -617.746
1 123 193 -617.746
1 123 202 -1235.49
1 125 150 -617.746
1 125 151 -617.746
1 125 193 -617.746
1 125 194 -617.746
1 126 121 -617.746
1 126 191 -617.746
1 126 195 -617.746
1 127 150 -617.746
1 127 160 -617.746
1 127 169 -617.746
1 127 195 -617.746
1 127 199 -1235.49
1 128 122 -617.746
1 128 148 -617.746
1 128 149 -617.746
1 128 152 -617.746
1 128 153 -617.746
1 128 154 -617.746
1 128 157 -617.746
1 128 199 -617.746
1 129 117 -617.746
1 129 119 -617.746
1 129 122 -617.746
1 129 146 -617.746
1 129 154 -1235.49
1 129 162 -617.746
1 129 176 -617.746
1 130 120 -617.746
1 130 154 -617.746
1 130 155 -617.746
1 130 156 -1853.24
1 130 194 -617.746
1 131 112 -617.746
1 131 121 -617.746
1 131 122 -617.746
1 131 150 -617.746
1 131 156 -617.746
1 131 157 -617.746
1 131 158 -617.746
1 131 161 -1235.49
1 131 198 -617.746
1 132 112 -617.746
1 132 155 -617.746
1 132 156 -617.746
1 132 160 -617.746
1 132 161 -1235.49
1 133 155 -617.746
1 133 159 -617.746
1 133 160 -1235.49
1 133 192 -1235.49
1 133 193 -617.746
1 134 148 -617.746
1 134 150 -617.746
1 134 151 -617.746
1 134 156 -617.746
1 134 191 -617.746
1 134 193 -2470.98
1 135 148 -3088.73
1 135 149 -1235.49
1 135 156 -617.746
1 135 157 -617.746
1 135 193 -1853.24
1 136 147 -617.746
1 136 148 -617.746
1 136 149 -617.746
1 136 150 -1235.49
1 136 153 -617.746
1 136 155 -617.746
1 137 148 -617.746
1 137 150 -617.746
1 137 153 -1235.49
1 137 154 -617.746
1 137 157 -1853.24
1 137 175 -617.746
1 137 206 -617.746
1 138 151 -617.746
1 138 152 -617.746
1 138 153 -1853.24
1 138 168 -617.746
1 138 169 -617.746
1 139 151 -617.746
1 140 138 -617.746
1 140 155 -2470.98
1 140 156 -617.746
1 140 171 -617.746
1 140 180 -617.746
1 141 149 -617.746
1 141 154 -1235.49
1 141 157 -617.746
1 141 171 -617.746
1 141 199 -1235.49
1 142 155 -617.746
1 142 156 -617.746
1 142 157 -617.746
1 142 158 -617.746
1 142 174 -617.746
1 142 179 -617.746
1 142 201 -617.746
1 143 146 -617.746
1 143 157 -1853.24
1 144 142 -1235.49
1 144 173 -617.746
1 145 142 -617.746
1 145 143 -617.746
1 145 151 -617.746
1 145 187 -617.746
1 145 226 -617.746
1 146 140 -617.746
1 146 141 -1235.49
1 146 145 -617.746
1 146 208 -617.746
1 146 229 -617.746
1 146 230 -617.746
1 146 232 -617.746
1 147 139 -1853.24
1 147 140 -617.746
1 147 141 -617.746
1 147 142 -617.746
1 147 229 -617.746
1 147 230 -617.746
1 147 233 -617.746
1 147 239 -617.746
1 147 240 -617.746
1 148 217 -617.746
1 148 221 -617.746
1 149 127 -617.746
1 149 147 -617.746
1 149 154 -617.746
1 149 222 -617.746
1 149 253 -617.746
1 150 160 -617.746
1 150 164 -617.746
1 150 177 -617.746
1 150 227 -617.746
1 150 236 -617.746
1 151 128 -617.746
1 151 228 -617.746
1 152 153 -617.746
1 152 173 -617.746
1 152 176 -617.746
1 152 222 -617.746
1 152 228 -617.746
1 153 126 -617.746
1 153 136 -617.746
1 153 155 -617.746
1 153 232 -617.746
1 153 238 -617.746
1 153 253 -617.746
1 154 126 -617.746
1 154 133 -617.746
1 154 161 -617.746
1 154 172 -617.746
1 154 220 -617.746
1 154 244 -617.746
1 155 170 -1235.49
1 155 216 -617.746
1 155 262 -617.746
1 156 160 -617.746
1 156 211 -617.746
1 156 223 -617.746
1 157 132 -617.746
1 157 133 -617.746
1 157 134 -1853.24
1 157 136 -617.746
1 157 194 -617.746
1 157 207 -617.746
1 157 240 -617.746
1 158 135 -617.746
1 158 248 -617.746
1 159 152 -617.746
1 159 231 -617.746
1 159 240 -617.746
1 159 247 -617.746
1 159 248 -617.746
1 159 250 -617.746
1 159 251 -617.746
1 159 257 -617.746
1 160 133 -617.746
1 160 249 -1235.49
1 160 251 -1235.49
1 160 252 -617.746
1 160 253 -617.746
1 160 262 -617.746
1 161 144 -1235.49
1 161 251 -617.746
1 161 253 -617.746
1 162 137 -1235.49
1 162 252 -1235.49
1 162 253 -617.746
1 163 152 -617.746
1 163 190 -617.746
1 163 236 -617.746
1 164 278 -617.746
1 164 290 -617.746
1 164 299 -617.746
1 165 133 -1235.49
1 165 134 -1235.49
1 165 135 -617.746
1 165 290 -617.746
1 166 131 -617.746
1 166 132 -617.746
1 166 133 -1235.49
1 166 134 -617.746
1 166 135 -617.746
1 166 210 -617.746
1 166 254 -617.746
1 166 255 -617.746
1 167 127 -617.746
1 167 132 -1235.49
1 167 133 -1235.49
1 167 134 -1853.24
1 167 256 -617.746
1 167 288 -617.746
1 167 294 -617.746
1 168 130 -617.746
1 168 131 -617.746
1 168 132 -2470.98
1 168 133 -2470.98
1 168 286 -617.746
1 168 287 -1235.49
1 168 291 -1235.49
1 169 128 -1235.49
1 169 129 -2470.98
1 169 131 -617.746
1 169 132 -3088.73
1 169 133 -1853.24
1 169 134 -5559.72
1 169 135 -617.746
1 169 236 -617.746
1 169 260 -617.746
1 169 271 -617.746
1 169 287 -617.746
1 169 290 -617.746
1 170 133 -1853.24
1 170 134 -7412.95
1 170 136 -617.746
1 170 187 -617.746
1 170 256 -617.746
1 170 287 -617.746
1 170 292 -617.746
1 171 133 -1235.49
1 171 134 -617.746
1 171 136 -3088.73
1 171 290 -617.746
1 172 257 -617.746
1 172 284 -617.746
1 172 295 -1235.49
1 172 311 -617.746
1 173 258 -617.746
1 173 278 -617.746
1 173 290 -617.746
1 173 292 -617.746
1 173 293 -1235.49
1 173 294 -617.746
1 174 124 -617.746
1 174 253 -617.746
1 174 261 -617.746
1 174 270 -617.746
1 174 283 -617.746
1 174 289 -617.746
1 174 293 -617.746
1 175 260 -617.746
1 175 288 -617.746
1 175 292 -1235.49
1 175 293 -617.746
1 175 296 -617.746
1 175 305 -617.746
1 176 274 -617.746
1 176 305 -617.746
1 177 289 -617.746
1 177 290 -617.746
1 178 243 -617.746
1 178 280 -617.746
1 178 285 -617.746
1 178 302 -617.746
1 178 305 -617.746
1 178 306 -617.746
1 178 311 -617.746
1 179 278 -617.746
1 179 285 -617.746
1 180 149 -617.746
1 180 286 -617.746
1 181 297 -617.746
1 181 307 -617.746
1 181 308 -617.746
1 183 242 -617.746
1 183 285 -617.746
1 183 295 -617.746
1 183 308 -617.746
1 183 309 -617.746
1 183 318 -617.746
1 184 263 -617.746
1 184 285 -617.746
1 184 313 -617.746
1 184 319 -617.746
1 185 257 -617.746
1 185 305 -617.746
1 185 306 -617.746
1 185 307 -617.746
1 185 315 -617.746
1 186 255 -617.746
1 186 265 -617.746
1 186 307 -1235.49
1 186 310 -617.746
1 188 262 -617.746
1 188 294 -617.746
1 188 295 -617.746
1 189 295 -617.746
1 189 309 -617.746
1 190 307 -617.746
1 190 308 -617.746
1 190 324 -617.746
1 191 292 -1235.49
1 191 304 -617.746
1 191 305 -617.746
1 192 258 -617.746
1 192 284 -617.746
1 192 304 -617.746
1 192 316 -617.746
1 192 319 -617.746
1 193 262 -617.746
1 193 301 -617.746
1 193 311 -617.746
1 193 313 -1235.49
1 194 284 -617.746
1 194 313 -617.746
1 195 269 -617.746
1 195 287 -617.746
1 195 289 -617.746
1 195 300 -617.746
1 195 311 -617.746
1 195 313 -617.746
1 196 269 -617.746
1 196 275 -617.746
1 196 303 -617.746
1 196 324 -617.746
1 196 333 -617.746
1 197 264 -617.746
1 197 283 -617.746
1 197 300 -617.746
1 197 322 -617.746
1 197 325 -617.746
1 198 242 -617.746
1 198 276 -1235.49
1 198 309 -617.746
1 198 311 -617.746
1 199 283 -617.746
1 199 311 -617.746
1 199 324 -617.746
1 200 280 -617.746
1 200 286 -617.746
1 200 296 -617.746
1 200 299 -617.746
1 200 306 -617.746
1 200 307 -617.746
1 200 312 -617.746
1 200 343 -617.746
1 200 345 -617.746
1 201 257 -617.746
1 202 280 -617.746
1 202 287 -617.746
1 202 297 -617.746
1 202 301 -617.746
1 202 302 -617.746
1 203 215 -617.746
1 203 304 -617.746
1 203 305 -617.746
1 203 309 -617.746
1 203 315 -617.746
1 205 263 -617.746
1 205 303 -617.746
1 205 304 -617.746
1 205 317 -617.746
1 205 318 -617.746
1 205 319 -617.746
1 206 264 -617.746
1 206 270 -617.746
1 206 301 -617.746
1 206 304 -617.746
1 206 315 -617.746
1 206 317 -1235.49
1 207 262 -617.746
1 207 300 -617.746
1 207 301 -1235.49
1 207 303 -617.746
1 207 304 -617.746
1 207 306 -1235.49
1 207 315 -617.746
1 207 317 -617.746
1 208 298 -1235.49
1 208 299 -1235.49
1 208 306 -617.746
1 208 317 -617.746
1 208 328 -617.746
1 209 284 -617.746
1 209 297 -617.746
1 209 302 -617.746
1 210 284 -617.746
1 210 301 -617.746
1 210 302 -617.746
1 210 342 -617.746
1 211 301 -617.746
1 211 321 -617.746
1 212 295 -617.746
1 212 347 -617.746
1 213 226 -617.746
1 213 287 -617.746
1 213 303 -617.746
1 213 329 -617.746
1 214 319 -617.746
1 215 289 -617.746
1 215 311 -617.746
1 215 353 -617.746
1 216 323 -617.746
1 216 341 -617.746
1 217 244 -617.746
1 217 249 -617.746
1 217 351 -617.746
1 218 209 -617.746
1 218 243 -617.746
1 218 292 -617.746
1 218 345 -1235.49
1 221 240 -617.746
1 221 611 -617.746
1 222 254 -617.746
1 222 362 -617.746
1 224 338 -617.746
1 224 359 -617.746
1 225 323 -617.746
1 225 329 -617.746
1 225 332 -617.746
1 225 368 -617.746
1 225 373 -617.746
1 225 378 -617.746
1 225 382 -1235.49
1 226 323 -617.746
1 226 388 -1235.49
1 226 618 -617.746
1 227 315 -617.746
1 228 606 -617.746
1 229 385 -1235.49
1 229 392 -617.746
1 229 393 -617.746
1 229 397 -2470.98
1 229 618 -3088.73
1 230 338 -617.746
1 230 373 -1235.49
1 230 384 -617.746
1 230 392 -1235.49
1 230 393 -2470.98
1 230 396 -617.746
1 230 605 -617.746
1 231 343 -617.746
1 231 383 -617.746
1 231 392 -3088.73
1 231 393 -6795.21
1 231 398 -617.746
1 231 603 -617.746
1 231 607 -1235.49
1 232 259 -617.746
1 232 300 -617.746
1 232 384 -617.746
1 232 389 -617.746
1 232 393 -3706.48
1 232 394 -2470.98
1 232 405 -617.746
1 232 604 -1235.49
1 232 606 -1235.49
1 232 607 -1853.24
1 232 608 -617.746
1 233 373 -617.746
1 233 393 -617.746
1 233 403 -617.746
1 233 406 -2470.98
1 233 601 -1235.49
1 233 602 -617.746
1 234 374 -617.746
1 234 388 -617.746
1 234 389 -617.746
1 234 406 -1853.24
1 234 407 -1235.49
1 234 601 -617.746
1 234 602 -1235.49
1 234 603 -1853.24
1 234 604 -617.746
1 234 605 -1235.49
1 234 606 -617.746
1 234 609 -617.746
1 234 620 -617.746
1 234 621 -617.746
1 235 342 -617.746
1 235 368 -617.746
1 235 389 -617.746
1 235 392 -617.746
1 235 404 -617.746
1 235 406 -617.746
1 235 599 -617.746
1 235 600 -1235.49
1 235 602 -1853.24
1 235 603 -617.746
1 235 606 -617.746
1 235 608 -617.746
1 236 256 -617.746
1 236 359 -617.746
1 236 377 -1235.49
1 236 378 -617.746
1 236 389 -1235.49
1 236 600 -617.746
1 236 601 -617.746
1 236 602 -1235.49
1 236 605 -617.746
1 236 606 -617.746
1 236 607 -617.746
1 236 620 -617.746
1 237 330 -617.746
1 237 377 -617.746
1 237 384 -617.746
1 237 388 -617.746
1 237 605 -1235.49
1 237 606 -1853.24
1 237 607 -1235.49
1 237 608 -3088.73
1 237 609 -1853.24
1 237 620 -617.746
1 238 346 -617.746
1 238 391 -617.746
1 238 410 -617.746
1 238 602 -617.746
1 238 603 -617.746
1 238 606 -3088.73
1 238 607 -3706.48
1 238 608 -2470.98
1 238 610 -617.746
1 239 297 -617.746
1 239 323 -617.746
1 239 404 -617.746
1 239 601 -617.746
1 239 603 -617.746
1 239 607 -1235.49
1 239 608 -2470.98
1 239 609 -1853.24
1 239 610 -1235.49
1 239 615 -1235.49
1 240 267 -617.746
1 240 319 -617.746
1 240 327 -617.746
1 240 352 -617.746
1 240 374 -1235.49
1 240 392 -1235.49
1 240 396 -617.746
1 240 406 -617.746
1 240 603 -617.746
1 240 605 -1853.24
1 240 606 -2470.98
1 240 607 -1235.49
1 240 620 -1235.49
1 240 621 -617.746
1 241 339 -617.746
1 241 352 -617.746
1 241 370 -1235.49
1 241 375 -617.746
1 241 409 -617.746
1 241 577 -617.746
1 241 603 -1235.49
1 241 605 -1853.24
1 241 606 -1235.49
1 241 607 -1235.49
1 241 608 -1235.49
1 241 609 -3088.73
1 241 610 -617.746
1 241 611 -617.746
1 241 620 -617.746
1 241 621 -617.746
1 242 314 -617.746
1 242 318 -617.746
1 242 336 -617.746
1 242 338 -617.746
1 242 339 -617.746
1 242 373 -1853.24
1 242 374 -3706.48
1 242 406 -1235.49
1 242 603 -1235.49
1 242 604 -4324.22
1 242 605 -5559.72
1 242 606 -1853.24
1 242 607 -3088.73
1 242 608 -3088.73
1 242 609 -1853.24
1 242 610 -1853.24
1 242 616 -617.746
1 242 622 -617.746
1 242 623 -1853.24
1 243 366 -617.746
1 243 369 -617.746
1 243 372 -1235.49
1 243 373 -4941.97
1 243 374 -1853.24
1 243 386 -617.746
1 243 391 -617.746
1 243 405 -617.746
1 243 406 -617.746
1 243 407 -1235.49
1 243 409 -617.746
1 243 577 -617.746
1 243 606 -4324.22
1 243 607 -3088.73
1 243 608 -1235.49
1 243 609 -3706.48
1 243 620 -617.746
1 243 622 -1235.49
1 243 623 -4941.97
1 244 371 -617.746
1 244 372 -1235.49
1 244 373 -1853.24
1 244 415 -617.746
1 244 598 -617.746
1 244 606 -2470.98
1 244 607 -617.746
1 244 611 -617.746
1 244 616 -617.746
1 244 622 -617.746
1 244 623 -2470.98
1 244 624 -617.746
1 245 312 -617.746
1 245 315 -617.746
1 245 326 -617.746
1 245 335 -617.746
1 245 338 -617.746
1 245 356 -1235.49
1 245 371 -617.746
1 245 413 -617.746
1 245 586 -617.746
1 245 604 -617.746
1 245 605 -1853.24
1 245 606 -3088.73
1 245 607 -2470.98
1 245 609 -3088.73
1 245 610 -1235.49
1 245 612 -1235.49
1 245 616 -1235.49
1 245 619 -617.746
1 245 620 -1235.49
1 245 622 -617.746
1 246 214 -617.746
1 246 342 -617.746
1 246 356 -617.746
1 246 357 -617.746
1 246 374 -617.746
1 246 413 -617.746
1 246 590 -617.746
1 246 599 -617.746
1 246 600 -3706.48
1 246 605 -2470.98
1 246 606 -4324.22
1 246 607 -2470.98
1 246 610 -617.746
1 246 612 -1235.49
1 246 614 -617.746
1 246 615 -617.746
1 246 623 -617.746
1 247 314 -617.746
1 247 331 -617.746
1 247 367 -1235.49
1 247 368 -3088.73
1 247 387 -1235.49
1 247 413 -617.746
1 247 578 -617.746
1 247 597 -617.746
1 247 598 -4324.22
1 247 599 -3706.48
1 247 600 -6177.46
1 247 601 -6177.46
1 247 605 -1235.49
1 247 609 -1235.49
1 247 610 -1235.49
1 247 611 -2470.98
1 247 612 -2470.98
1 247 613 -1235.49
1 247 618 -1235.49
1 247 619 -617.746
1 247 623 -617.746
1 248 307 -617.746
1 248 367 -617.746
1 248 368 -2470.98
1 248 371 -1235.49
1 248 372 -3088.73
1 248 387 -1235.49
1 248 388 -3706.48
1 248 413 -617.746
1 248 416 -617.746
1 248 529 -617.746
1 248 567 -617.746
1 248 596 -4324.22
1 248 597 -3088.73
1 248 598 -6177.46
1 248 599 -3706.48
1 248 600 -2470.98
1 248 601 -3706.48
1 248 602 -1853.24
1 248 605 -617.746
1 248 608 -617.746
1 248 609 -1235.49
1 248 610 -1853.24
1 248 611 -3706.48
1 248 612 -3706.48
1 248 613 -4324.22
1 248 618 -617.746
1 248 619 -617.746
1 248 620 -617.746
1 248 623 -1235.49
1 249 333 -617.746
1 249 334 -617.746
1 249 365 -1235.49
1 249 366 -1853.24
1 249 367 -617.746
1 249 368 -1853.24
1 249 371 -617.746
1 249 387 -617.746
1 249 388 -617.746
1 249 400 -617.746
1 249 412 -617.746
1 249 567 -617.746
1 249 593 -1235.49
1 249 595 -3706.48
1 249 596 -4324.22
1 249 597 -6795.21
1 249 603 -1853.24
1 249 604 -4941.97
1 249 605 -3088.73
1 249 607 -2470.98
1 249 609 -617.746
1 249 610 -1235.49
1 249 611 -3088.73
1 249 612 -5559.72
1 249 613 -1235.49
1 249 618 -617.746
1 249 623 -617.746
1 250 331 -617.746
1 250 355 -617.746
1 250 365 -1235.49
1 250 366 -3088.73
1 250 367 -1853.24
1 250 368 -617.746
1 250 369 -1235.49
1 250 370 -1235.49
1 250 371 -3706.48
1 250 382 -617.746
1 250 406 -617.746
1 250 413 -617.746
1 250 414 -617.746
1 250 423 -617.746
1 250 436 -617.746
1 250 568 -617.746
1 250 579 -617.746
1 250 591 -617.746
1 250 594 -617.746
1 250 596 -4941.97
1 250 597 -1235.49
1 250 602 -617.746
1 250 603 -4324.22
1 250 604 -3706.48
1 250 605 -2470.98
1 250 607 -617.746
1 250 608 -1853.24
1 250 609 -617.746
1 250 610 -617.746
1 250 613 -617.746
1 251 276 -617.746
1 251 322 -617.746
1 251 365 -1853.24
1 251 366 -5559.72
1 251 367 -1235.49
1 251 368 -1235.49
1 251 371 -617.746
1 251 379 -617.746
1 251 407 -617.746
1 251 414 -617.746
1 251 424 -617.746
1 251 598 -617.746
1 251 604 -617.746
1 251 605 -617.746
1 251 607 -617.746
1 251 610 -617.746
1 252 236 -617.746
1 252 365 -1853.24
1 252 366 -4324.22
1 252 367 -4324.22
1 252 368 -1235.49
1 252 376 -617.746
1 252 412 -617.746
1 252 416 -617.746
1 252 428 -617.746
1 252 506 -617.746
1 252 507 -617.746
1 252 528 -617.746
1 252 534 -617.746
1 252 544 -617.746
1 252 576 -617.746
1 252 591 -1235.49
1 252 596 -1235.49
1 252 597 -1235.49
1 252 598 -617.746
1 252 599 -1235.49
1 252 608 -1235.49
1 252 609 -617.746
1 252 611 -617.746
1 252 620 -617.746
1 253 259 -617.746
1 253 342 -617.746
1 253 363 -617.746
1 253 365 -1235.49
1 253 366 -3706.48
1 253 367 -2470.98
1 253 370 -617.746
1 253 375 -1235.49
1 253 404 -617.746
1 253 433 -1235.49
1 253 506 -617.746
1 253 543 -617.746
1 253 546 -617.746
1 253 547 -617.746
1 253 566 -617.746
1 253 586 -1235.49
1 253 596 -617.746
1 253 597 -2470.98
1 253 601 -617.746
1 253 604 -617.746
1 253 605 -617.746
1 253 614 -1853.24
1 254 366 -1235.49
1 254 478 -617.746
1 254 581 -617.746
1 254 584 -617.746
1 254 585 -3706.48
1 254 586 -3088.73
1 254 587 -1853.24
1 254 588 -1853.24
1 254 589 -2470.98
1 254 598 -617.746
1 254 599 -617.746
1 254 601 -1235.49
1 254 604 -1235.49
1 254 605 -617.746
1 254 606 -617.746
1 254 611 -617.746
1 255 341 -617.746
1 255 346 -617.746
1 255 371 -617.746
1 255 402 -617.746
1 255 442 -617.746
1 255 445 -617.746
1 255 461 -617.746
1 255 479 -617.746
1 255 512 -617.746
1 255 513 -617.746
1 255 526 -617.746
1 255 547 -617.746
1 255 548 -617.746
1 255 565 -617.746
1 255 583 -1853.24
1 255 584 -2470.98
1 255 585 -2470.98
1 255 586 -2470.98
1 255 587 -1235.49
1 255 588 -617.746
1 255 591 -617.746
1 255 594 -617.746
1 255 597 -617.746
1 255 600 -1235.49
1 255 607 -617.746
1 256 346 -617.746
1 256 350 -617.746
1 256 367 -617.746
1 256 373 -617.746
1 256 374 -617.746
1 256 491 -617.746
1 256 526 -617.746
1 256 531 -1853.24
1 256 532 -617.746
1 256 547 -617.746
1 256 548 -1235.49
1 256 549 -617.746
1 256 575 -617.746
1 256 578 -1235.49
1 256 580 -617.746
1 256 584 -1853.24
1 256 585 -1235.49
1 256 592 -1235.49
1 256 594 -4324.22
1 256 595 -2470.98
1 256 607 -2470.98
1 256 608 -1235.49
1 256 609 -617.746
1 257 330 -617.746
1 257 461 -617.746
1 257 497 -617.746
1 257 503 -617.746
1 257 506 -617.746
1 257 512 -617.746
1 257 527 -1853.24
1 257 529 -617.746
1 257 532 -617.746
1 257 549 -617.746
1 257 574 -617.746
1 257 575 -1853.24
1 257 584 -1853.24
1 257 585 -1853.24
1 257 593 -1235.49
1 257 594 -4941.97
1 257 595 -2470.98
1 257 597 -1235.49
1 257 606 -4324.22
1 257 607 -617.746
1 258 307 -617.746
1 258 330 -617.746
1 258 366 -617.746
1 258 485 -1235.49
1 258 489 -1235.49
1 258 491 -617.746
1 258 493 -617.746
1 258 494 -617.746
1 258 496 -617.746
1 258 497 -617.746
1 258 498 -1853.24
1 258 499 -1235.49
1 258 502 -617.746
1 258 503 -617.746
1 258 529 -1235.49
1 258 531 -617.746
1 258 532 -617.746
1 258 533 -1235.49
1 258 535 -617.746
1 258 546 -617.746
1 258 550 -617.746
1 258 556 -1235.49
1 258 564 -617.746
1 258 576 -617.746
1 258 583 -617.746
1 258 584 -1853.24
1 258 586 -1853.24
1 258 594 -1853.24
1 258 606 -3088.73
1 258 607 -617.746
1 259 346 -617.746
1 259 369 -1235.49
1 259 402 -617.746
1 259 444 -617.746
1 259 456 -617.746
1 259 485 -617.746
1 259 486 -617.746
1 259 488 -617.746
1 259 489 -617.746
1 259 490 -1235.49
1 259 509 -1235.49
1 259 510 -617.746
1 259 522 -617.746
1 259 528 -617.746
1 259 529 -617.746
1 259 531 -617.746
1 259 532 -617.746
1 259 545 -617.746
1 259 549 -617.746
1 259 554 -1235.49
1 259 555 -1235.49
1 259 556 -1853.24
1 259 557 -1853.24
1 259 575 -2470.98
1 259 576 -617.746
1 259 579 -617.746
1 259 584 -617.746
1 259 585 -2470.98
1 259 586 -1235.49
1 260 369 -1235.49
1 260 404 -1235.49
1 260 443 -617.746
1 260 454 -617.746
1 260 485 -617.746
1 260 486 -1235.49
1 260 487 -617.746
1 260 492 -617.746
1 260 499 -617.746
1 260 502 -1235.49
1 260 517 -617.746
1 260 527 -617.746
1 260 545 -1853.24
1 260 548 -617.746
1 260 554 -617.746
1 260 556 -617.746
1 260 567 -617.746
1 260 576 -617.746
1 260 577 -617.746
1 261 397 -617.746
1 261 404 -617.746
1 261 444 -617.746
1 261 483 -617.746
1 261 487 -617.746
1 261 501 -617.746
1 261 502 -617.746
1 261 545 -617.746
1 261 551 -617.746
1 261 552 -617.746
1 261 565 -617.746
1 262 254 -617.746
1 262 353 -1235.49
1 262 369 -617.746
1 262 425 -617.746
1 262 443 -617.746
1 262 458 -617.746
1 262 483 -1235.49
1 262 493 -617.746
1 262 501 -617.746
1 262 502 -617.746
1 262 523 -617.746
1 262 524 -617.746
1 262 535 -617.746
1 262 536 -617.746
1 262 537 -617.746
1 262 542 -617.746
1 262 546 -617.746
1 262 584 -617.746
1 262 587 -617.746
1 263 355 -617.746
1 263 415 -617.746
1 263 484 -617.746
1 263 493 -617.746
1 263 509 -617.746
1 263 522 -617.746
1 263 523 -1235.49
1 263 524 -1235.49
1 263 541 -1235.49
1 263 542 -617.746
1 263 543 -617.746
1 263 546 -1235.49
1 263 576 -617.746
1 263 579 -617.746
1 263 581 -2470.98
1 264 369 -617.746
1 264 379 -617.746
1 264 481 -617.746
1 264 482 -617.746
1 264 493 -617.746
1 264 503 -617.746
1 264 504 -617.746
1 264 516 -617.746
1 264 521 -1853.24
1 264 527 -617.746
1 264 543 -2470.98
1 264 568 -617.746
1 264 575 -617.746
1 264 576 -1235.49
1 265 336 -617.746
1 265 367 -1235.49
1 265 457 -617.746
1 265 459 -617.746
1 265 511 -617.746
1 265 516 -617.746
1 265 520 -617.746
1 265 524 -617.746
1 265 568 -1235.49
1 266 314 -617.746
1 266 413 -617.746
1 266 456 -617.746
1 266 478 -617.746
1 266 481 -617.746
1 266 483 -617.746
1 266 484 -617.746
1 266 485 -617.746
1 266 492 -617.746
1 266 498 -617.746
1 266 505 -617.746
1 266 518 -617.746
1 266 523 -617.746
1 266 543 -617.746
1 266 545 -617.746
1 266 549 -617.746
1 266 555 -617.746
1 267 337 -617.746
1 267 365 -617.746
1 267 381 -617.746
1 267 459 -617.746
1 267 460 -1235.49
1 267 505 -617.746
1 267 507 -617.746
1 267 543 -617.746
1 267 544 -1235.49
1 267 549 -617.746
1 267 553 -1853.24
1 267 562 -617.746
1 268 507 -1235.49
1 268 540 -617.746
1 268 541 -617.746
1 268 542 -1235.49
1 268 543 -2470.98
1 268 544 -1235.49
1 268 549 -617.746
1 268 551 -617.746
1 268 552 -617.746
1 268 553 -617.746
1 269 362 -617.746
1 269 505 -1235.49
1 269 507 -617.746
1 269 528 -617.746
1 269 543 -617.746
1 269 547 -1235.49
1 270 474 -617.746
1 270 475 -1235.49
1 270 479 -617.746
1 270 491 -617.746
1 270 504 -617.746
1 270 507 -617.746
1 270 526 -617.746
1 271 375 -617.746
1 271 388 -617.746
1 271 479 -617.746
1 271 481 -617.746
1 271 487 -617.746
1 271 491 -617.746
1 271 526 -617.746
1 272 469 -617.746
1 272 493 -617.746
1 272 495 -1235.49
1 272 496 -617.746
1 272 502 -617.746
1 272 526 -1853.24
1 273 441 -617.746
1 273 462 -617.746
1 273 526 -617.746
1 275 463 -617.746
1 275 480 -617.746
1 275 502 -617.746
1 275 504 -617.746
1 276 502 -617.746
1 277 393 -617.746
1 279 459 -617.746
1 280 563 -617.746
1 282 434 -617.746
1 282 435 -617.746
1 283 461 -617.746
1 283 482 -617.746
1 283 483 -617.746
1 285 437 -617.746
1 285 482 -617.746
1 285 483 -617.746
1 286 377 -617.746
1 286 464 -617.746
1 288 469 -617.746
1 289 362 -617.746
1 289 443 -617.746
1 292 358 -617.746
1 293 390 -1853.24
1 293 391 -617.746
1 296 390 -617.746
1 301 359 -617.746
1 301 378 -617.746
1 85 106 -617.746
1 92 112 -1235.49
1 93 117 -617.746
1 97 89 -617.746
1 98 101 -617.746
1 99 126 -617.746
1 99 136 -617.746
1 147 119 -2669.81
1 168 169 -51991.0
1 210 300 -702.58
1 211 298 -1967.23
1 244 234 -18407.6
1 265 469 -140.52
1 267 479 -1686.19
1 272 454 -5.23
1 291 453 -74917.3
1 299 360 -2810.32
1 132 183 -4637.03
1 137 123 -22342.1
1 157 117 -7306.84
1 172 162 -34285.9
1 172 163 -16440.4
1 172 164 -1264.65
1 173 196 -122671.0
1 175 213 -16299.9
1 202 295 -3934.45
1 203 296 -5480.13
1 247 335 -1405.16
1 256 333 -1967.23
1 267 346 -8852.52
1 274 431 -2037810.0
1 285 357 -1264.65
1 293 370 -4356.0
1 143 152 -5480.13
1 143 154 -4918.06
1 144 130 -1686.19
1 148 113 -43560.0
1 149 118 -26698.1
1 151 143 -4777.55
1 154 128 -281.03
1 162 171 -140.52
1 164 159 -10819.7
1 167 163 -7025.81
1 176 128 -24168.8
1 188 287 -3934.45
1 224 273 -31616.1
1 226 361 -702.58
1 248 331 -1405.16
1 280 443 -140.52
1 141 116 -11100.8
1 143 114 -12084.4
1 145 114 -10398.2
1 146 180 -140.52
1 150 186 -14894.7
1 151 189 -9555.1
1 152 180 -9976.65
1 153 188 -13770.6
1 158 173 -281.03
1 176 222 -281.03
1 184 210 -3091.35
1 188 207 -15456.8
1 209 273 -4074.97
1 213 270 -3512.9
1 221 317 -7447.35
1 224 287 -3793.94
1 227 245 -562.06
1 235 295 -7728.39
1 236 320 -4074.97
1 236 342 -2529.29
1 236 344 -3231.87
1 240 337 -50585.8
1 240 357 -140.52
1 261 351 -421.55
1 262 286 -1405.16
1 262 361 -4356.0
1 263 350 -562.06
1 265 517 -281.03
1 271 355 -1545.68
1 275 399 -15.46
1 278 502 -7166.32
1 131 125 -2950.84
1 134 123 -1545.68
1 134 125 -281.03
1 135 126 -1264.65
1 138 125 -1545.68
1 142 117 -32037.7
1 166 203 -2107.74
1 211 195 -1405.16
1 215 261 -2810.32
1 263 570 -140.52
1 264 348 -421.55
1 286 302 -4215.48
1 293 357 -2529.29
1 297 439 -377164.0
1 132 120 -9555.1
1 135 122 -3934.45
1 148 119 -6042.19
1 150 118 -8712.0
1 150 121 -10679.2
1 150 127 -17424.0
1 152 118 -21077.4
1 153 122 -6885.29
1 153 123 -11662.8
1 155 125 -18126.6
1 181 126 -92319.1
1 185 168 -28103.2
1 189 126 -19672.3
1 230 223 -11803.3
1 274 361 -702.58
1 276 358 -140.52
1 276 359 -421.55
1 149 213 -10538.7
1 210 253 -5199.1
1 217 236 -3793.94
1 245 324 -140.52
1 272 486 -140.52
1 144 124 -1124.13
1 145 131 -10398.2
1 148 166 -4496.52
1 151 118 -3231.87
1 158 114 -3372.39
1 160 170 -3653.42
1 165 138 -3653.42
1 171 128 -140.52
1 187 160 -3653.42
1 188 197 -421.55
1 188 204 -5339.61
1 202 298 -4.46
1 203 340 -589.06
1 206 169 -281.03
1 208 226 -29227.3
1 211 266 -23522.5
1 213 265 -281.03
1 213 276 -28701.4
1 214 274 -46669.5
1 220 278 -61820.8
1 223 372 -7025.81
1 232 398 -140.52
1 233 375 -983.61
1 236 317 -3793.94
1 239 385 -1006.86
1 239 406 -148.23
1 239 416 -1.84
1 241 238 -281.03
1 244 244 -1405.16
1 245 408 -3372.39
1 248 454 -281.03
1 251 425 -140.52
1 258 471 -281.03
1 259 351 -3012.67
1 262 585 -14894.7
1 263 492 -51.73
1 265 360 -702.58
1 265 489 -16.86
1 267 407 -140.52
1 267 449 -2388.77
1 268 351 -4637.03
1 269 360 -1742.27
1 272 360 -281.03
1 273 367 -983.61
1 273 521 -13208.5
1 274 327 -1405.16
1 274 521 -23185.2
1 274 522 -4370.05
1 275 357 -421.55
1 275 465 -120.13
1 278 405 -171.48
1 279 378 -8203.55
1 280 371 -562.06
1 290 322 -1686.19
1 290 379 -17221.5
1 290 398 -31489.1
1 290 475 -81639.9
1 291 408 -93720.5
1 292 458 -268841.0
1 294 354 -11241.3
1 296 371 -46510.8
1 297 377 -1826.71
1 147 116 -34848.0
1 156 122 -8571.48
1 201 301 -421.55
1 259 336 -421.55
1 267 385 -7868.9
