1 204 346 -767.951
1 212 384 45000.0
1 212 385 45000.0
1 212 386 45000.0
1 212 387 45000.0
1 212 388 45000.0
1 212 389 45000.0
1 212 390 45000.0
1 212 391 45000.0
1 212 392 45000.0
1 212 393 45000.0
1 213 394 45000.0
1 213 395 45000.0
1 213 396 45000.0
1 213 397 45000.0
1 213 398 45000.0
1 213 399 45000.0
1 213 400 45000.0
1 213 401 45000.0
1 213 402 45000.0
1 214 403 45000.0
1 214 404 45000.0
1 214 405 45000.0
1 214 406 45000.0
1 214 407 45000.0
1 214 409 45000.0
1 214 410 45000.0
1 214 411 45000.0
1 214 412 45000.0
1 214 413 45000.0
1 214 414 45000.0
1 214 415 45000.0
1 215 416 45000.0
1 215 417 45000.0
1 227 417 45000.0
1 228 417 45000.0
1 229 417 45000.0
1 216 418 45000.0
1 226 418 45000.0
1 230 418 45000.0
1 217 419 45000.0
1 218 419 45000.0
1 219 419 45000.0
1 220 419 45000.0
1 221 419 45000.0
1 222 419 45000.0
1 223 419 45000.0
1 224 419 45000.0
1 225 419 45000.0
1 229 419 45000.0
1 229 420 45000.0
1 226 421 45000.0
1 227 421 45000.0
1 228 421 45000.0
1 224 422 45000.0
1 225 422 45000.0
1 224 423 45000.0
1 224 424 45000.0
1 225 424 45000.0
1 226 424 45000.0
1 227 424 45000.0
1 228 424 45000.0
1 229 425 45000.0
1 229 426 45000.0
1 229 427 45000.0
1 229 428 45000.0
1 229 429 45000.0
1 228 430 45000.0
1 228 431 45000.0
1 228 432 45000.0
1 228 433 45000.0
1 228 434 45000.0
1 228 435 45000.0
1 229 435 45000.0
1 230 436 45000.0
1 230 437 45000.0
1 230 438 45000.0
1 230 439 45000.0
1 230 440 45000.0
1 230 441 45000.0
1 230 442 45000.0
1 230 443 45000.0
1 230 444 45000.0
1 230 445 45000.0
1 230 446 45000.0
1 230 447 45000.0
1 230 448 45000.0
1 230 449 45000.0
1 230 450 45000.0
1 230 451 45000.0
1 230 452 45000.0
1 230 453 45000.0
1 230 454 45000.0
1 230 455 45000.0
1 230 456 45000.0
1 231 457 45000.0
1 231 458 45000.0
1 231 459 45000.0
1 231 460 45000.0
1 232 461 45000.0
1 232 462 45000.0
1 232 463 45000.0
1 232 464 45000.0
1 233 464 45000.0
1 234 464 45000.0
1 235 464 45000.0
1 236 464 45000.0
1 237 464 45000.0
1 238 464 45000.0
1 239 465 45000.0
1 239 466 45000.0
1 117 120 -767.951
1 129 121 -5665.7
1 130 122 -767.951
1 135 194 -767.951
1 139 168 -3758.23
1 141 191 -16968.1
1 143 172 -12057.7
1 143 190 -32372.9
1 144 166 -6329.8
1 144 172 -12684.0
1 144 182 -138299.0
1 145 161 -21084.5
1 146 117 -2355.94
1 147 145 -767.951
1 148 167 -22706.0
1 148 176 -767.951
1 148 196 -9735.66
1 150 124 -6833.41
1 150 198 -24511.2
1 151 195 -33493.3
1 152 123 -16126.7
1 152 125 -4727.72
1 152 132 -7742.92
1 153 133 -1.81297
1 153 142 -5614.17
1 154 125 -421.079
1 154 171 -31215.6
1 155 129 -17291.7
1 155 141 -12003.0
1 156 129 -130139.0
1 157 135 -1535.9
1 157 140 -12020.9
1 158 133 -767.951
1 158 181 -102546.0
1 159 119 -50537.4
1 159 173 -14456.8
1 161 125 -42035.9
1 161 131 -12.2596
1 161 188 -41602.7
1 162 128 -57757.7
1 162 169 -2281.48
1 163 138 -767.951
1 164 135 -2289.8
1 164 187 -9667.27
1 165 131 -230.287
1 166 126 -1472.13
1 168 123 -672.712
1 168 208 -682.933
1 169 127 -1.0248899999999999
1 170 163 -1306.8
1 172 218 -104624.0
1 174 123 -16403.9
1 174 135 -776.701
1 175 134 -28269.4
1 175 204 -7865.67
1 176 176 -10121.7
1 176 202 -3830.38
1 177 133 -24614.9
1 177 211 -728.941
1 178 164 -379.425
1 179 210 -12133.8
1 180 208 -21028.0
1 187 200 -130529.0
1 187 281 -7260.0
1 188 198 -3142.04
1 188 209 -51251.2
1 188 240 -35187.0
1 188 258 -30214.7
1 189 282 -8712.0
1 190 281 -55176.0
1 191 191 -48139.6
1 191 281 -159820.0
1 193 256 -26949.1
1 193 260 -20435.3
1 197 204 -13181.3
1 197 252 -5621.12
1 198 298 -767.951
1 199 231 -165.528
1 199 298 -767.951
1 200 298 -781.319
1 201 234 -1143.58
1 203 275 -147439.0
1 203 280 -11335.5
1 204 248 -15729.8
1 205 300 -767.951
1 206 286 -1452.0
1 206 300 -1559.96
1 212 258 -52717.8
1 213 264 -184.479
1 213 300 -527.805
1 214 240 -38130.4
1 215 260 -12787.8
1 217 264 -38528.8
1 218 179 -109867.0
1 221 223 -894.432
1 221 246 -261.36
1 222 352 -11514.3
1 222 358 -35020.8
1 222 369 -2794.37
1 223 271 -5207.85
1 224 374 -6034.35
1 226 311 -560.472
1 226 365 -2127.35
1 227 270 -18473.2
1 228 225 -22814.4
1 230 361 -124095.0
1 231 401 -767.951
1 232 364 -201.457
1 233 337 -4110.72
1 233 394 -1545.45
1 234 304 -3365.74
1 234 393 -811.9810000000001
1 235 605 -2165.63
1 235 609 -6238.43
1 236 263 -19958.9
1 236 351 -7260.0
1 236 609 -78.3973
1 237 237 -11687.3
1 237 316 -34797.1
1 237 357 -12369.9
1 237 389 -771.7560000000001
1 238 221 -161.172
1 238 605 -3896.38
1 238 609 -1535.9
1 239 338 -12928.8
1 239 426 -842.16
1 239 605 -3839.76
1 239 606 -2303.85
1 239 619 -767.951
1 240 380 -915.8910000000001
1 240 426 -786.265
1 240 608 -3071.8
1 241 335 -43824.3
1 241 342 -8544.11
1 241 604 -767.951
1 242 311 -8710.64
1 243 371 -767.951
1 243 389 -2090.68
1 243 422 -149.27700000000002
1 243 431 -23515.3
1 243 605 -3839.76
1 244 431 -12.0313
1 244 605 -4607.71
1 244 621 -3349.5
1 245 238 -52.272
1 245 322 -8892.44
1 245 337 -767.951
1 245 621 -767.951
1 246 321 -2734.66
1 246 618 -2303.85
1 247 344 -923.163
1 247 384 -1560430.0
1 248 251 -28402.6
1 248 436 -1528.86
1 248 442 -405.944
1 248 589 -2077.81
1 249 373 -789.7310000000001
1 249 389 -954.926
1 249 424 -767.951
1 249 436 -4503.17
1 249 606 -3839.76
1 250 326 -2265.0
1 250 424 -767.951
1 250 425 -313486.0
1 250 431 -5031.17
1 250 595 -2870.79
1 251 300 -62436.0
1 251 356 -99532.9
1 251 408 -1270.41
1 251 456 -779.091
1 251 457 -4.356
1 251 594 -818.3489999999999
1 251 595 -907.825
1 251 596 -1550.42
1 252 230 -30795.5
1 252 329 -26014.3
1 252 450 -419.89099999999996
1 252 595 -808.138
1 252 606 -767.951
1 253 298 -27660.6
1 253 331 -12378.8
1 253 332 -16696.7
1 253 416 -238.984
1 253 420 -15574.4
1 253 445 -24936.8
1 254 338 -124044.0
1 254 367 -54734.2
1 254 407 -92346.6
1 254 597 -767.951
1 254 607 -767.951
1 255 381 -21050.3
1 255 383 -50290.7
1 255 388 -33576.0
1 255 395 -2410.32
1 255 420 -13942.9
1 255 439 -15605.0
1 255 443 -65156.9
1 255 595 -768.3969999999999
1 255 596 -767.951
1 255 606 -767.951
1 255 609 -1535.9
1 256 314 -10543.7
1 256 335 -5.808
1 256 341 -602.067
1 256 370 -9223.97
1 256 413 -4140.31
1 256 586 -16611.4
1 256 593 -3071.8
1 257 238 -3.7752
1 257 324 -6368.1
1 257 413 -3696.27
1 257 576 -4126.71
1 257 599 -62836.2
1 257 600 -85961.2
1 258 325 -7575.24
1 258 336 -1188.87
1 258 442 -289307.0
1 258 585 -4607.71
1 258 595 -1676.18
1 258 601 -76334.5
1 258 602 -39811.2
1 259 340 -767.951
1 259 405 -62255.1
1 259 588 -38130.2
1 259 592 -767.951
1 259 593 -767.951
1 260 342 -10069.6
1 260 349 -487.87199999999996
1 260 407 -3760940.0
1 260 413 -96423.9
1 260 424 -226.36599999999999
1 260 585 -8246.67
1 260 586 -47809.0
1 261 337 -2946.11
1 261 355 -27364.4
1 261 381 -287271.0
1 261 395 -12441.2
1 261 416 -13363.2
1 261 418 -810.0160000000001
1 261 429 -44656.9
1 261 492 -804.44
1 261 571 -236.169
1 261 576 -1542.88
1 262 345 -13940.0
1 262 540 -615.1990000000001
1 262 564 -58222.4
1 262 567 -34.3114
1 262 568 -24748.8
1 262 570 -96616.1
1 262 571 -1695.96
1 263 471 -13031.6
1 263 477 -38149.8
1 263 520 -1535.9
1 263 582 -6818.15
1 264 265 -16751.7
1 264 355 -126.551
1 264 367 -767.951
1 264 383 -62216.3
1 264 407 -6467.92
1 264 428 -92902.3
1 264 468 -46.6724
1 264 471 -160.417
1 264 476 -209.433
1 264 477 -60201.4
1 264 523 -3009.38
1 264 549 -5598.55
1 265 364 -26045.5
1 265 374 -17146.8
1 265 422 -161017.0
1 265 523 -2209.94
1 266 337 -767.951
1 266 340 -270.072
1 266 462 -157.637
1 267 391 -16158.5
1 267 555 -767.951
1 267 556 -767.951
1 268 333 -13136.2
1 268 436 -1490090.0
1 268 455 -9.66957
1 268 479 -903.1439999999999
1 268 480 -231.981
1 268 489 -918.959
1 269 363 -767.951
1 269 397 -51915.2
1 269 456 -7332.83
1 269 483 -25.5608
1 269 541 -811.018
1 270 412 -50317.4
1 270 429 -1506.76
1 270 481 -785.196
1 270 483 -2014.06
1 270 484 -921.2610000000001
1 270 486 -6202.94
1 270 498 -28637.8
1 270 539 -188.044
1 271 319 -29699.4
1 271 371 -678.207
1 271 415 -89026.9
1 271 451 -18028.2
1 271 485 -212.864
1 271 493 -110233.0
1 271 498 -3029.21
1 271 537 -73947.1
1 272 336 -178.59599999999998
1 272 337 -16593.5
1 272 368 -430652.0
1 272 388 -1370050.0
1 272 396 -27.2976
1 272 450 -7388.53
1 272 462 -241437.0
1 272 491 -11.7639
1 272 497 -22.2801
1 272 498 -53153.7
1 272 530 -114027.0
1 272 532 -171589.0
1 272 535 -172903.0
1 273 363 -30.2016
1 273 392 -1165.25
1 273 410 -1042.54
1 273 480 -1302.19
1 273 510 -767.951
1 273 517 -122318.0
1 273 518 -1359.31
1 274 409 -1411.34
1 274 523 -1396.82
1 275 367 -64339.6
1 275 441 -124849.0
1 276 366 -24624.0
1 276 392 -435.57599999999996
1 276 446 -595.325
1 276 474 -25938.5
1 277 294 -27471.4
1 277 390 -19647.1
1 277 407 -679392.0
1 277 431 -10244.4
1 277 454 -35.6482
1 277 468 -76.2067
1 277 472 -55635.4
1 277 480 -31125.3
1 277 482 -3815.4
1 278 365 -39824.8
1 278 435 -8916.5
1 278 482 -1041.84
1 279 310 -23304.4
1 279 336 -16639.9
1 279 433 -60129.6
1 279 438 -3698.5
1 279 475 -64220.2
1 279 485 -17710.8
1 280 433 -56074.6
1 280 442 -2012.68
1 280 469 -8068.49
1 280 471 -60170.1
1 281 458 -1889860.0
1 282 409 -2072.05
1 282 424 -1244.12
1 282 430 -87.7837
1 282 436 -43709.1
1 282 454 -2878.59
1 283 354 -1718.69
1 283 429 -193973.0
1 283 449 -23064.4
1 283 452 -182.697
1 283 455 -99859.5
1 283 468 -46575.2
1 284 339 -20676.3
1 284 457 -5933.6
1 284 463 -24301.8
1 284 481 -9286.35
1 285 374 -1305.62
1 285 475 -96691.3
1 286 330 -54942.8
1 286 425 -425978.0
1 286 475 -41744.0
1 286 477 -34797.1
1 287 388 -121867.0
1 287 426 -767.951
1 287 477 -39324.4
1 288 372 -36.985
1 288 419 -14353.6
1 288 423 -1205.35
1 288 426 -767.951
1 289 351 -4591.22
1 289 404 -189559.0
1 289 459 -748.612
1 290 382 -284495.0
1 290 402 -1252.14
1 290 411 -1438.4
1 290 412 -24333.8
1 290 413 -3554.12
1 291 350 -695.14
1 291 373 -994.585
1 291 399 -46478.4
1 291 419 -731122.0
1 292 361 -11060.5
1 292 365 -8742.72
1 292 416 -767.716
1 293 355 -193.965
1 293 440 -31.1964
1 294 435 -20004.2
1 294 447 -50834.3
1 294 458 -213542.0
1 295 356 -1851.3
1 295 391 -12735.8
1 295 430 -1761390.0
1 296 398 -176986.0
1 296 406 -264978.0
1 296 433 -100.089
1 297 383 -580.174
1 297 395 -300608.0
1 297 401 -256899.0
1 297 402 -139955.0
1 297 413 -1324910.0
1 297 415 -2976.9
1 297 442 -53062.3
1 299 354 -497.897
1 299 387 -65.058
1 102 110 -767.951
1 102 113 -767.951
1 103 100 -767.951
1 103 104 -767.951
1 104 115 -767.951
1 105 115 -767.951
1 105 139 -767.951
1 108 117 -767.951
1 109 112 -767.951
1 111 155 -767.951
1 111 208 -767.951
1 112 181 -767.951
1 113 111 -767.951
1 113 159 -767.951
1 113 211 -767.951
1 114 173 -767.951
1 114 212 -1535.9
1 115 212 -1535.9
1 116 121 -767.951
1 116 150 -767.951
1 116 166 -767.951
1 117 119 -767.951
1 117 168 -767.951
1 117 210 -767.951
1 119 194 -767.951
1 119 202 -767.951
1 119 96 -767.951
1 120 155 -767.951
1 120 94 -767.951
1 121 187 -767.951
1 123 110 -767.951
1 123 111 -767.951
1 123 158 -767.951
1 123 168 -767.951
1 123 193 -767.951
1 123 202 -1535.9
1 125 150 -767.951
1 125 151 -767.951
1 125 193 -767.951
1 125 194 -767.951
1 126 121 -767.951
1 126 191 -767.951
1 126 195 -767.951
1 127 150 -767.951
1 127 160 -767.951
1 127 169 -767.951
1 127 195 -767.951
1 127 199 -1535.9
1 128 122 -767.951
1 128 148 -767.951
1 128 149 -767.951
1 128 152 -767.951
1 128 153 -767.951
1 128 154 -767.951
1 128 157 -767.951
1 128 199 -767.951
1 129 117 -767.951
1 129 119 -767.951
1 129 122 -767.951
1 129 146 -767.951
1 129 154 -1535.9
1 129 162 -767.951
1 129 176 -767.951
1 130 120 -767.951
1 130 154 -767.951
1 130 155 -767.951
1 130 156 -2303.85
1 130 194 -767.951
1 131 112 -767.951
1 131 121 -767.951
1 131 122 -767.951
1 131 150 -767.951
1 131 156 -767.951
1 131 157 -767.951
1 131 158 -767.951
1 131 161 -1535.9
1 131 198 -767.951
1 132 112 -767.951
1 132 155 -767.951
1 132 156 -767.951
1 132 160 -767.951
1 132 161 -1535.9
1 133 155 -767.951
1 133 159 -767.951
1 133 160 -1535.9
1 133 192 -1535.9
1 133 193 -767.951
1 134 148 -767.951
1 134 150 -767.951
1 134 151 -767.951
1 134 156 -767.951
1 134 191 -767.951
1 134 193 -3071.8
1 135 148 -3839.76
1 135 149 -1535.9
1 135 156 -767.951
1 135 157 -767.951
1 135 193 -2303.85
1 136 147 -767.951
1 136 148 -767.951
1 136 149 -767.951
1 136 150 -1535.9
1 136 153 -767.951
1 136 155 -767.951
1 137 148 -767.951
1 137 150 -767.951
1 137 153 -1535.9
1 137 154 -767.951
1 137 157 -2303.85
1 137 175 -767.951
1 137 206 -767.951
1 138 151 -767.951
1 138 152 -767.951
1 138 153 -2303.85
1 138 168 -767.951
1 138 169 -767.951
1 139 151 -767.951
1 140 138 -767.951
1 140 155 -3071.8
1 140 156 -767.951
1 140 171 -767.951
1 140 180 -767.951
1 141 149 -767.951
1 141 154 -1535.9
1 141 157 -767.951
1 141 171 -767.951
1 141 199 -1535.9
1 142 155 -767.951
1 142 156 -767.951
1 142 157 -767.951
1 142 158 -767.951
1 142 174 -767.951
1 142 179 -767.951
1 142 201 -767.951
1 143 146 -767.951
1 143 157 -2303.85
1 144 142 -1535.9
1 144 173 -767.951
1 145 142 -767.951
1 145 143 -767.951
1 145 151 -767.951
1 145 187 -767.951
1 145 226 -767.951
1 146 140 -767.951
1 146 141 -1535.9
1 146 145 -767.951
1 146 208 -767.951
1 146 229 -767.951
1 146 230 -767.951
1 146 232 -767.951
1 147 139 -2303.85
1 147 140 -767.951
1 147 141 -767.951
1 147 142 -767.951
1 147 229 -767.951
1 147 230 -767.951
1 147 233 -767.951
1 147 239 -767.951
1 147 240 -767.951
1 148 217 -767.951
1 148 221 -767.951
1 149 127 -767.951
1 149 147 -767.951
1 149 154 -767.951
1 149 222 -767.951
1 149 253 -767.951
1 150 160 -767.951
1 150 164 -767.951
1 150 177 -767.951
1 150 227 -767.951
1 150 236 -767.951
1 151 128 -767.951
1 151 228 -767.951
1 152 153 -767.951
1 152 173 -767.951
1 152 176 -767.951
1 152 222 -767.951
1 152 228 -767.951
1 153 126 -767.951
1 153 136 -767.951
1 153 155 -767.951
1 153 232 -767.951
1 153 238 -767.951
1 153 253 -767.951
1 154 126 -767.951
1 154 133 -767.951
1 154 161 -767.951
1 154 172 -767.951
1 154 220 -767.951
1 154 244 -767.951
1 155 170 -1535.9
1 155 216 -767.951
1 155 262 -767.951
1 156 160 -767.951
1 156 211 -767.951
1 156 223 -767.951
1 157 132 -767.951
1 157 133 -767.951
1 157 134 -2303.85
1 157 136 -767.951
1 157 194 -767.951
1 157 207 -767.951
1 157 240 -767.951
1 158 135 -767.951
1 158 248 -767.951
1 159 152 -767.951
1 159 231 -767.951
1 159 240 -767.951
1 159 247 -767.951
1 159 248 -767.951
1 159 250 -767.951
1 159 251 -767.951
1 159 257 -767.951
1 160 133 -767.951
1 160 249 -1535.9
1 160 251 -1535.9
1 160 252 -767.951
1 160 253 -767.951
1 160 262 -767.951
1 161 144 -1535.9
1 161 251 -767.951
1 161 253 -767.951
1 162 137 -1535.9
1 162 252 -1535.9
1 162 253 -767.951
1 163 152 -767.951
1 163 190 -767.951
1 163 236 -767.951
1 164 278 -767.951
1 164 290 -767.951
1 164 299 -767.951
1 165 133 -1535.9
1 165 134 -1535.9
1 165 135 -767.951
1 165 290 -767.951
1 166 131 -767.951
1 166 132 -767.951
1 166 133 -1535.9
1 166 134 -767.951
1 166 135 -767.951
1 166 210 -767.951
1 166 254 -767.951
1 166 255 -767.951
1 167 127 -767.951
1 167 132 -1535.9
1 167 133 -1535.9
1 167 134 -2303.85
1 167 256 -767.951
1 167 288 -767.951
1 167 294 -767.951
1 168 130 -767.951
1 168 131 -767.951
1 168 132 -3071.8
1 168 133 -3071.8
1 168 286 -767.951
1 168 287 -1535.9
1 168 291 -1535.9
1 169 128 -1535.9
1 169 129 -3071.8
1 169 131 -767.951
1 169 132 -3839.76
1 169 133 -2303.85
1 169 134 -6911.56
1 169 135 -767.951
1 169 236 -767.951
1 169 260 -767.951
1 169 271 -767.951
1 169 287 -767.951
1 169 290 -767.951
1 170 133 -2303.85
1 170 134 -9215.41
1 170 136 -767.951
1 170 187 -767.951
1 170 256 -767.951
1 170 287 -767.951
1 170 292 -767.951
1 171 133 -1535.9
1 171 134 -767.951
1 171 136 -3839.76
1 171 290 -767.951
1 172 257 -767.951
1 172 284 -767.951
1 172 295 -1535.9
1 172 311 -767.951
1 173 258 -767.951
1 173 278 -767.951
1 173 290 -767.951
1 173 292 -767.951
1 173 293 -1535.9
1 173 294 -767.951
1 174 124 -767.951
1 174 253 -767.951
1 174 261 -767.951
1 174 270 -767.951
1 174 283 -767.951
1 174 289 -767.951
1 174 293 -767.951
1 175 260 -767.951
1 175 288 -767.951
1 175 292 -1535.9
1 175 293 -767.951
1 175 296 -767.951
1 175 305 -767.951
1 176 274 -767.951
1 176 305 -767.951
1 177 289 -767.951
1 177 290 -767.951
1 178 243 -767.951
1 178 280 -767.951
1 178 285 -767.951
1 178 302 -767.951
1 178 305 -767.951
1 178 306 -767.951
1 178 311 -767.951
1 179 278 -767.951
1 179 285 -767.951
1 180 149 -767.951
1 180 286 -767.951
1 181 297 -767.951
1 181 307 -767.951
1 181 308 -767.951
1 183 242 -767.951
1 183 285 -767.951
1 183 295 -767.951
1 183 308 -767.951
1 183 309 -767.951
1 183 318 -767.951
1 184 263 -767.951
1 184 285 -767.951
1 184 313 -767.951
1 184 319 -767.951
1 185 257 -767.951
1 185 305 -767.951
1 185 306 -767.951
1 185 307 -767.951
1 185 315 -767.951
1 186 255 -767.951
1 186 265 -767.951
1 186 307 -1535.9
1 186 310 -767.951
1 188 262 -767.951
1 188 294 -767.951
1 188 295 -767.951
1 189 295 -767.951
1 189 309 -767.951
1 190 307 -767.951
1 190 308 -767.951
1 190 324 -767.951
1 191 292 -1535.9
1 191 304 -767.951
1 191 305 -767.951
1 192 258 -767.951
1 192 284 -767.951
1 192 304 -767.951
1 192 316 -767.951
1 192 319 -767.951
1 193 262 -767.951
1 193 301 -767.951
1 193 311 -767.951
1 193 313 -1535.9
1 194 284 -767.951
1 194 313 -767.951
1 195 269 -767.951
1 195 287 -767.951
1 195 289 -767.951
1 195 300 -767.951
1 195 311 -767.951
1 195 313 -767.951
1 196 269 -767.951
1 196 275 -767.951
1 196 303 -767.951
1 196 324 -767.951
1 196 333 -767.951
1 197 264 -767.951
1 197 283 -767.951
1 197 300 -767.951
1 197 322 -767.951
1 197 325 -767.951
1 198 242 -767.951
1 198 276 -1535.9
1 198 309 -767.951
1 198 311 -767.951
1 199 283 -767.951
1 199 311 -767.951
1 199 324 -767.951
1 200 280 -767.951
1 200 286 -767.951
1 200 296 -767.951
1 200 299 -767.951
1 200 306 -767.951
1 200 307 -767.951
1 200 312 -767.951
1 200 343 -767.951
1 200 345 -767.951
1 201 257 -767.951
1 202 280 -767.951
1 202 287 -767.951
1 202 297 -767.951
1 202 301 -767.951
1 202 302 -767.951
1 203 215 -767.951
1 203 304 -767.951
1 203 305 -767.951
1 203 309 -767.951
1 203 315 -767.951
1 205 263 -767.951
1 205 303 -767.951
1 205 304 -767.951
1 205 317 -767.951
1 205 318 -767.951
1 205 319 -767.951
1 206 264 -767.951
1 206 270 -767.951
1 206 301 -767.951
1 206 304 -767.951
1 206 315 -767.951
1 206 317 -1535.9
1 207 262 -767.951
1 207 300 -767.951
1 207 301 -1535.9
1 207 303 -767.951
1 207 304 -767.951
1 207 306 -1535.9
1 207 315 -767.951
1 207 317 -767.951
1 208 298 -1535.9
1 208 299 -1535.9
1 208 306 -767.951
1 208 317 -767.951
1 208 328 -767.951
1 209 284 -767.951
1 209 297 -767.951
1 209 302 -767.951
1 210 284 -767.951
1 210 301 -767.951
1 210 302 -767.951
1 210 342 -767.951
1 211 301 -767.951
1 211 321 -767.951
1 212 295 -767.951
1 212 347 -767.951
1 213 226 -767.951
1 213 287 -767.951
1 213 303 -767.951
1 213 329 -767.951
1 214 319 -767.951
1 215 289 -767.951
1 215 311 -767.951
1 215 353 -767.951
1 216 323 -767.951
1 216 341 -767.951
1 217 244 -767.951
1 217 249 -767.951
1 217 351 -767.951
1 218 209 -767.951
1 218 243 -767.951
1 218 292 -767.951
1 218 345 -1535.9
1 221 240 -767.951
1 221 611 -767.951
1 222 254 -767.951
1 222 362 -767.951
1 224 338 -767.951
1 224 359 -767.951
1 225 323 -767.951
1 225 329 -767.951
1 225 332 -767.951
1 225 368 -767.951
1 225 373 -767.951
1 225 378 -767.951
1 225 382 -1535.9
1 226 323 -767.951
1 226 388 -1535.9
1 226 618 -767.951
1 227 315 -767.951
1 228 606 -767.951
1 229 385 -1535.9
1 229 392 -767.951
1 229 393 -767.951
1 229 397 -3071.8
1 229 618 -3839.76
1 230 338 -767.951
1 230 373 -1535.9
1 230 384 -767.951
1 230 392 -1535.9
1 230 393 -3071.8
1 230 396 -767.951
1 230 605 -767.951
1 231 343 -767.951
1 231 383 -767.951
1 231 392 -3839.76
1 231 393 -8447.46
1 231 398 -767.951
1 231 603 -767.951
1 231 607 -1535.9
1 232 259 -767.951
1 232 300 -767.951
1 232 384 -767.951
1 232 389 -767.951
1 232 393 -4607.71
1 232 394 -3071.8
1 232 405 -767.951
1 232 604 -1535.9
1 232 606 -1535.9
1 232 607 -2303.85
1 232 608 -767.951
1 233 373 -767.951
1 233 393 -767.951
1 233 403 -767.951
1 233 406 -3071.8
1 233 601 -1535.9
1 233 602 -767.951
1 234 374 -767.951
1 234 388 -767.951
1 234 389 -767.951
1 234 406 -2303.85
1 234 407 -1535.9
1 234 601 -767.951
1 234 602 -1535.9
1 234 603 -2303.85
1 234 604 -767.951
1 234 605 -1535.9
1 234 606 -767.951
1 234 609 -767.951
1 234 620 -767.951
1 234 621 -767.951
1 235 342 -767.951
1 235 368 -767.951
1 235 389 -767.951
1 235 392 -767.951
1 235 404 -767.951
1 235 406 -767.951
1 235 599 -767.951
1 235 600 -1535.9
1 235 602 -2303.85
1 235 603 -767.951
1 235 606 -767.951
1 235 608 -767.951
1 236 256 -767.951
1 236 359 -767.951
1 236 377 -1535.9
1 236 378 -767.951
1 236 389 -1535.9
1 236 600 -767.951
1 236 601 -767.951
1 236 602 -1535.9
1 236 605 -767.951
1 236 606 -767.951
1 236 607 -767.951
1 236 620 -767.951
1 237 330 -767.951
1 237 377 -767.951
1 237 384 -767.951
1 237 388 -767.951
1 237 605 -1535.9
1 237 606 -2303.85
1 237 607 -1535.9
1 237 608 -3839.76
1 237 609 -2303.85
1 237 620 -767.951
1 238 346 -767.951
1 238 391 -767.951
1 238 410 -767.951
1 238 602 -767.951
1 238 603 -767.951
1 238 606 -3839.76
1 238 607 -4607.71
1 238 608 -3071.8
1 238 610 -767.951
1 239 297 -17573.3
1 239 323 -767.951
1 239 404 -767.951
1 239 601 -767.951
1 239 603 -767.951
1 239 607 -1535.9
1 239 608 -3071.8
1 239 609 -2303.85
1 239 610 -1535.9
1 239 615 -1535.9
1 240 267 -767.951
1 240 319 -767.951
1 240 327 -767.951
1 240 352 -767.951
1 240 374 -1535.9
1 240 392 -1535.9
1 240 396 -767.951
1 240 406 -767.951
1 240 603 -767.951
1 240 605 -2303.85
1 240 606 -3071.8
1 240 607 -1535.9
1 240 620 -1535.9
1 240 621 -767.951
1 241 339 -767.951
1 241 352 -767.951
1 241 370 -1535.9
1 241 375 -767.951
1 241 409 -767.951
1 241 577 -767.951
1 241 603 -1535.9
1 241 605 -2303.85
1 241 606 -1535.9
1 241 607 -1535.9
1 241 608 -1535.9
1 241 609 -3839.76
1 241 610 -767.951
1 241 611 -767.951
1 241 620 -767.951
1 241 621 -767.951
1 242 314 -767.951
1 242 318 -767.951
1 242 336 -767.951
1 242 338 -767.951
1 242 339 -767.951
1 242 373 -2303.85
1 242 374 -4607.71
1 242 406 -1535.9
1 242 603 -1535.9
1 242 604 -5375.66
1 242 605 -6911.56
1 242 606 -2303.85
1 242 607 -3839.76
1 242 608 -3839.76
1 242 609 -2303.85
1 242 610 -2303.85
1 242 616 -767.951
1 242 622 -767.951
1 242 623 -2303.85
1 243 366 -767.951
1 243 369 -767.951
1 243 372 -1535.9
1 243 373 -6143.61
1 243 374 -2303.85
1 243 386 -767.951
1 243 391 -767.951
1 243 405 -767.951
1 243 406 -767.951
1 243 407 -1535.9
1 243 409 -767.951
1 243 577 -767.951
1 243 606 -5375.66
1 243 607 -3839.76
1 243 608 -1535.9
1 243 609 -4607.71
1 243 620 -767.951
1 243 622 -1535.9
1 243 623 -6143.61
1 244 371 -767.951
1 244 372 -1535.9
1 244 373 -2303.85
1 244 415 -767.951
1 244 598 -767.951
1 244 606 -3071.8
1 244 607 -767.951
1 244 611 -767.951
1 244 616 -767.951
1 244 622 -767.951
1 244 623 -3071.8
1 244 624 -767.951
1 245 312 -767.951
1 245 315 -767.951
1 245 326 -767.951
1 245 335 -767.951
1 245 338 -767.951
1 245 356 -1535.9
1 245 371 -767.951
1 245 413 -767.951
1 245 586 -767.951
1 245 604 -767.951
1 245 605 -2303.85
1 245 606 -3839.76
1 245 607 -3071.8
1 245 609 -3839.76
1 245 610 -1535.9
1 245 612 -1535.9
1 245 616 -1535.9
1 245 619 -767.951
1 245 620 -1535.9
1 245 622 -767.951
1 246 214 -767.951
1 246 342 -767.951
1 246 356 -767.951
1 246 357 -767.951
1 246 374 -767.951
1 246 413 -767.951
1 246 590 -767.951
1 246 599 -767.951
1 246 600 -4607.71
1 246 605 -3071.8
1 246 606 -5375.66
1 246 607 -3071.8
1 246 610 -767.951
1 246 612 -1535.9
1 246 614 -767.951
1 246 615 -767.951
1 246 623 -767.951
1 247 314 -767.951
1 247 331 -767.951
1 247 367 -1535.9
1 247 368 -3839.76
1 247 387 -1535.9
1 247 413 -767.951
1 247 578 -767.951
1 247 597 -767.951
1 247 598 -5375.66
1 247 599 -4607.71
1 247 600 -7679.51
1 247 601 -7679.51
1 247 605 -1535.9
1 247 609 -1535.9
1 247 610 -1535.9
1 247 611 -3071.8
1 247 612 -3071.8
1 247 613 -1535.9
1 247 618 -1535.9
1 247 619 -767.951
1 247 623 -767.951
1 248 307 -767.951
1 248 367 -767.951
1 248 368 -3071.8
1 248 371 -1535.9
1 248 372 -3839.76
1 248 387 -1535.9
1 248 388 -4607.71
1 248 413 -767.951
1 248 416 -767.951
1 248 529 -767.951
1 248 567 -767.951
1 248 596 -5375.66
1 248 597 -3839.76
1 248 598 -7679.51
1 248 599 -4607.71
1 248 600 -3071.8
1 248 601 -4607.71
1 248 602 -2303.85
1 248 605 -767.951
1 248 608 -767.951
1 248 609 -1535.9
1 248 610 -2303.85
1 248 611 -4607.71
1 248 612 -4607.71
1 248 613 -5375.66
1 248 618 -767.951
1 248 619 -767.951
1 248 620 -767.951
1 248 623 -1535.9
1 249 333 -767.951
1 249 334 -767.951
1 249 365 -1535.9
1 249 366 -2303.85
1 249 367 -767.951
1 249 368 -2303.85
1 249 371 -767.951
1 249 387 -767.951
1 249 388 -767.951
1 249 400 -767.951
1 249 412 -767.951
1 249 567 -767.951
1 249 593 -1535.9
1 249 595 -4607.71
1 249 596 -5375.66
1 249 597 -8447.46
1 249 603 -2303.85
1 249 604 -6143.61
1 249 605 -3839.76
1 249 607 -3071.8
1 249 609 -767.951
1 249 610 -1535.9
1 249 611 -3839.76
1 249 612 -6911.56
1 249 613 -1535.9
1 249 618 -767.951
1 249 623 -767.951
1 250 331 -767.951
1 250 355 -767.951
1 250 365 -1535.9
1 250 366 -3839.76
1 250 367 -2303.85
1 250 368 -767.951
1 250 369 -1535.9
1 250 370 -1535.9
1 250 371 -4607.71
1 250 382 -767.951
1 250 406 -767.951
1 250 413 -767.951
1 250 414 -767.951
1 250 423 -767.951
1 250 436 -767.951
1 250 568 -767.951
1 250 579 -767.951
1 250 591 -767.951
1 250 594 -767.951
1 250 596 -6143.61
1 250 597 -1535.9
1 250 602 -767.951
1 250 603 -5375.66
1 250 604 -4607.71
1 250 605 -3071.8
1 250 607 -767.951
1 250 608 -2303.85
1 250 609 -767.951
1 250 610 -767.951
1 250 613 -767.951
1 251 276 -767.951
1 251 322 -767.951
1 251 365 -2303.85
1 251 366 -6911.56
1 251 367 -1535.9
1 251 368 -1535.9
1 251 371 -767.951
1 251 379 -767.951
1 251 407 -767.951
1 251 414 -767.951
1 251 424 -767.951
1 251 598 -767.951
1 251 604 -767.951
1 251 605 -767.951
1 251 607 -767.951
1 251 610 -767.951
1 252 236 -767.951
1 252 365 -2303.85
1 252 366 -5375.66
1 252 367 -5375.66
1 252 368 -1535.9
1 252 376 -767.951
1 252 412 -767.951
1 252 416 -767.951
1 252 428 -767.951
1 252 506 -767.951
1 252 507 -767.951
1 252 528 -767.951
1 252 534 -767.951
1 252 544 -767.951
1 252 576 -767.951
1 252 591 -1535.9
1 252 596 -1627.06
1 252 597 -1535.9
1 252 598 -767.951
1 252 599 -1535.9
1 252 608 -1535.9
1 252 609 -767.951
1 252 611 -767.951
1 252 620 -767.951
1 253 259 -767.951
1 253 342 -767.951
1 253 363 -767.951
1 253 365 -1535.9
1 253 366 -4607.71
1 253 367 -3071.8
1 253 370 -767.951
1 253 375 -1535.9
1 253 404 -767.951
1 253 433 -1535.9
1 253 506 -767.951
1 253 543 -767.951
1 253 546 -767.951
1 253 547 -767.951
1 253 566 -767.951
1 253 586 -1535.9
1 253 596 -767.951
1 253 597 -3071.8
1 253 601 -767.951
1 253 604 -767.951
1 253 605 -767.951
1 253 614 -2303.85
1 254 366 -1535.9
1 254 478 -767.951
1 254 581 -767.951
1 254 584 -767.951
1 254 585 -4607.71
1 254 586 -3839.76
1 254 587 -2303.85
1 254 588 -2303.85
1 254 589 -3071.8
1 254 598 -767.951
1 254 599 -767.951
1 254 601 -1535.9
1 254 604 -1535.9
1 254 605 -767.951
1 254 606 -767.951
1 254 611 -767.951
1 255 341 -767.951
1 255 346 -767.951
1 255 371 -767.951
1 255 402 -767.951
1 255 442 -767.951
1 255 445 -767.951
1 255 461 -767.951
1 255 479 -767.951
1 255 512 -767.951
1 255 513 -767.951
1 255 526 -767.951
1 255 547 -767.951
1 255 548 -767.951
1 255 565 -767.951
1 255 583 -2303.85
1 255 584 -3071.8
1 255 585 -3071.8
1 255 586 -3071.8
1 255 587 -1535.9
1 255 588 -767.951
1 255 591 -767.951
1 255 594 -767.951
1 255 597 -767.951
1 255 600 -1535.9
1 255 607 -767.951
1 256 346 -767.951
1 256 350 -767.951
1 256 367 -767.951
1 256 373 -767.951
1 256 374 -767.951
1 256 491 -767.951
1 256 526 -767.951
1 256 531 -2303.85
1 256 532 -767.951
1 256 547 -767.951
1 256 548 -1535.9
1 256 549 -767.951
1 256 575 -767.951
1 256 578 -1535.9
1 256 580 -767.951
1 256 584 -2303.85
1 256 585 -1535.9
1 256 592 -1535.9
1 256 594 -5415.36
1 256 595 -3071.8
1 256 607 -3071.8
1 256 608 -1535.9
1 256 609 -767.951
1 257 330 -767.951
1 257 461 -767.951
1 257 497 -767.951
1 257 503 -767.951
1 257 506 -767.951
1 257 512 -767.951
1 257 527 -2303.85
1 257 529 -767.951
1 257 532 -767.951
1 257 549 -767.951
1 257 574 -767.951
1 257 575 -2303.85
1 257 584 -2303.85
1 257 585 -2303.85
1 257 593 -1535.9
1 257 594 -6143.61
1 257 595 -3071.8
1 257 597 -1535.9
1 257 606 -5375.66
1 257 607 -767.951
1 258 307 -767.951
1 258 330 -767.951
1 258 366 -767.951
1 258 485 -1535.9
1 258 489 -1535.9
1 258 491 -767.951
1 258 493 -767.951
1 258 494 -767.951
1 258 496 -767.951
1 258 497 -767.951
1 258 498 -2303.85
1 258 499 -1535.9
1 258 502 -767.951
1 258 503 -767.951
1 258 529 -1535.9
1 258 531 -767.951
1 258 532 -767.951
1 258 533 -1535.9
1 258 535 -767.951
1 258 546 -767.951
1 258 550 -767.951
1 258 556 -1535.9
1 258 564 -767.951
1 258 576 -767.951
1 258 583 -767.951
1 258 584 -2303.85
1 258 586 -2303.85
1 258 594 -2303.85
1 258 606 -3839.76
1 258 607 -767.951
1 259 346 -767.951
1 259 369 -1535.9
1 259 402 -767.951
1 259 444 -767.951
1 259 456 -767.951
1 259 485 -767.951
1 259 486 -767.951
1 259 488 -767.951
1 259 489 -767.951
1 259 490 -1535.9
1 259 509 -1535.9
1 259 510 -767.951
1 259 522 -767.951
1 259 528 -767.951
1 259 529 -767.951
1 259 531 -767.951
1 259 532 -767.951
1 259 545 -767.951
1 259 549 -767.951
1 259 554 -1535.9
1 259 555 -1535.9
1 259 556 -2303.85
1 259 557 -2303.85
1 259 575 -3071.8
1 259 576 -767.951
1 259 579 -767.951
1 259 584 -767.951
1 259 585 -3071.8
1 259 586 -1535.9
1 260 369 -1535.9
1 260 404 -1535.9
1 260 443 -767.951
1 260 454 -767.951
1 260 485 -767.951
1 260 486 -1535.9
1 260 487 -767.951
1 260 492 -767.951
1 260 499 -767.951
1 260 502 -1535.9
1 260 517 -767.951
1 260 527 -767.951
1 260 545 -2303.85
1 260 548 -767.951
1 260 554 -767.951
1 260 556 -767.951
1 260 567 -767.951
1 260 576 -767.951
1 260 577 -767.951
1 261 397 -767.951
1 261 404 -767.951
1 261 444 -767.951
1 261 483 -767.951
1 261 487 -767.951
1 261 501 -767.951
1 261 502 -767.951
1 261 545 -767.951
1 261 551 -767.951
1 261 552 -767.951
1 261 565 -767.951
1 262 254 -767.951
1 262 353 -1535.9
1 262 369 -767.951
1 262 425 -767.951
1 262 443 -767.951
1 262 458 -767.951
1 262 483 -1535.9
1 262 493 -767.951
1 262 501 -767.951
1 262 502 -767.951
1 262 523 -767.951
1 262 524 -767.951
1 262 535 -767.951
1 262 536 -767.951
1 262 537 -767.951
1 262 542 -767.951
1 262 546 -767.951
1 262 584 -767.951
1 262 587 -767.951
1 263 355 -767.951
1 263 415 -767.951
1 263 484 -767.951
1 263 493 -767.951
1 263 509 -767.951
1 263 522 -767.951
1 263 523 -1535.9
1 263 524 -1535.9
1 263 541 -1535.9
1 263 542 -767.951
1 263 543 -767.951
1 263 546 -1535.9
1 263 576 -767.951
1 263 579 -767.951
1 263 581 -3071.8
1 264 369 -767.951
1 264 379 -815.8530000000001
1 264 481 -767.951
1 264 482 -767.951
1 264 493 -767.951
1 264 503 -767.951
1 264 504 -767.951
1 264 516 -767.951
1 264 521 -2303.85
1 264 527 -767.951
1 264 543 -3071.8
1 264 568 -767.951
1 264 575 -767.951
1 264 576 -1535.9
1 265 336 -767.951
1 265 367 -1576.01
1 265 457 -767.951
1 265 459 -767.951
1 265 511 -767.951
1 265 516 -767.951
1 265 520 -767.951
1 265 524 -1044.31
1 265 568 -1535.9
1 266 314 -767.951
1 266 413 -767.951
1 266 456 -767.951
1 266 478 -767.951
1 266 481 -767.951
1 266 483 -767.951
1 266 484 -767.951
1 266 485 -767.951
1 266 492 -767.951
1 266 498 -767.951
1 266 505 -767.951
1 266 518 -767.951
1 266 523 -767.951
1 266 543 -767.951
1 266 545 -767.951
1 266 549 -767.951
1 266 555 -767.951
1 267 337 -767.951
1 267 365 -767.951
1 267 381 -767.951
1 267 459 -767.951
1 267 460 -1535.9
1 267 505 -767.951
1 267 507 -767.951
1 267 543 -767.951
1 267 544 -1535.9
1 267 549 -767.951
1 267 553 -2303.85
1 267 562 -767.951
1 268 507 -1535.9
1 268 540 -767.951
1 268 541 -767.951
1 268 542 -1535.9
1 268 543 -3071.8
1 268 544 -1535.9
1 268 549 -767.951
1 268 551 -767.951
1 268 552 -767.951
1 268 553 -767.951
1 269 362 -767.951
1 269 505 -1535.9
1 269 507 -767.951
1 269 528 -767.951
1 269 543 -767.951
1 269 547 -1535.9
1 270 474 -767.951
1 270 475 -1535.9
1 270 479 -767.951
1 270 491 -767.951
1 270 504 -767.951
1 270 507 -767.951
1 270 526 -767.951
1 271 375 -767.951
1 271 388 -767.951
1 271 479 -767.951
1 271 481 -767.951
1 271 487 -767.951
1 271 491 -767.951
1 271 526 -767.951
1 272 469 -767.951
1 272 493 -767.951
1 272 495 -1535.9
1 272 496 -767.951
1 272 502 -767.951
1 272 526 -2303.85
1 273 441 -767.951
1 273 462 -767.951
1 273 526 -767.951
1 275 463 -767.951
1 275 480 -767.951
1 275 502 -767.951
1 275 504 -767.951
1 276 502 -767.951
1 277 393 -767.951
1 279 459 -767.951
1 280 563 -767.951
1 282 434 -767.951
1 282 435 -1298.55
1 283 461 -767.951
1 283 482 -767.951
1 283 483 -767.951
1 285 437 -767.951
1 285 482 -767.951
1 285 483 -767.951
1 286 377 -767.951
1 286 464 -767.951
1 288 469 -767.951
1 289 362 -767.951
1 289 443 -767.951
1 292 358 -767.951
1 293 390 -2303.85
1 293 391 -767.951
1 296 390 -767.951
1 301 359 -767.951
1 301 378 -767.951
1 85 106 -767.951
1 92 112 -1535.9
1 93 117 -767.951
1 97 89 -767.951
1 98 101 -767.951
1 99 126 -767.951
1 99 136 -767.951
1 148 187 -29760.2
1 167 186 -37203.1
1 170 169 -30848.8
1 197 280 -39112.5
1 199 225 -7695.6
1 244 234 -11319.8
1 259 541 -45.012
1 267 479 -344.07800000000003
1 271 361 -228.505
1 272 454 -68.801
1 299 360 -17068.3
1 157 190 -36.7054
1 158 205 -10095.8
1 164 258 -37975.6
1 169 164 -119526.0
1 172 162 -16445.4
1 173 196 -232.15900000000002
1 175 213 -77869.3
1 195 280 -66792.0
1 202 295 -29626.6
1 203 296 -154974.0
1 214 174 -45247.6
1 218 173 -45991.1
1 247 335 -174272.0
1 262 350 -312.18
1 265 349 -987.36
1 271 470 -1320.25
1 274 431 -1511310.0
1 280 367 -59473.9
1 285 357 -1889.05
1 289 374 -10598.1
1 293 378 -8981.11
1 144 130 -3454.44
1 154 128 -26.136
1 162 171 -31.944000000000003
1 170 217 -53458.3
1 175 178 -17033.4
1 188 287 -676.294
1 189 206 -115.87899999999999
1 201 279 -50820.0
1 222 252 -89677.0
1 222 266 -29240.0
1 224 273 -119102.0
1 237 292 -60247.8
1 238 244 -2278.19
1 245 243 -10798.5
1 248 238 -54548.7
1 259 347 -25730.9
1 271 268 -5880.6
1 289 355 -10267.1
1 295 392 -731.443
1 296 391 -1490.76
1 296 393 -17460.3
1 140 166 -15159.5
1 141 165 -54.1812
1 142 185 -23232.0
1 144 186 -8857.2
1 146 180 -9130.0
1 149 124 -7.26
1 149 181 -8299.59
1 149 202 -19548.3
1 150 183 -27301.1
1 150 186 -16670.3
1 151 189 -118048.0
1 151 211 -13892.0
1 152 180 -37907.7
1 153 188 -137940.0
1 158 173 -44.8487
1 164 124 -1395.09
1 165 167 -34828.3
1 170 115 -10085.8
1 176 222 -15972.0
1 184 210 -33549.9
1 188 207 -90161.9
1 189 288 -5787.67
1 193 280 -86118.1
1 209 273 -12243.5
1 211 263 -57921.7
1 213 270 -8104.8
1 221 317 -161960.0
1 224 287 -1.4074799999999998
1 227 344 -98134.9
1 228 354 -9404.6
1 230 352 -5045.64
1 235 295 -24734.8
1 236 342 -22740.5
1 236 344 -0.17593499999999998
1 240 337 -8836.86
1 240 357 -9867.14
1 244 333 -2825.71
1 246 332 -45.012
1 246 337 -66.792
1 260 345 -15153.1
1 262 286 -4794.5
1 263 344 -55.2436
1 265 517 -53.6505
1 267 428 -6068.66
1 271 355 -8873.12
1 277 371 -12629.6
1 284 333 -9.2068
1 289 371 -10599.6
1 290 371 -95.83200000000001
1 291 365 -9854.72
1 296 358 -15972.0
1 297 356 -5328.75
1 146 146 -12527.4
1 155 116 -632.7919999999999
1 161 185 -36073.5
1 168 216 -5866.08
1 183 232 -12157.6
1 192 232 -13810.0
1 193 235 -808.7639999999999
1 211 195 -1370.25
1 221 339 -34437.0
1 222 324 -11864.0
1 223 263 -30837.6
1 263 427 -80.9335
1 263 570 -142.816
1 265 414 -0.614475
1 286 302 -9124.37
1 293 357 -7923.56
1 295 362 -4055.35
1 297 439 -1223860.0
1 150 118 -4336.53
1 150 121 -21566.8
1 150 127 -103.351
1 152 118 -9301.51
1 158 138 -595.68
1 160 139 -1460.07
1 181 126 -50678.8
1 189 126 -55704.1
1 230 223 -31.1922
1 260 337 -8421.6
1 276 359 -1936.59
1 281 445 -25.9616
1 189 195 -21897.7
1 190 250 -12704.8
1 192 197 -54543.4
1 210 253 -714.3839999999999
1 217 236 -33567.3
1 245 324 -2933.04
1 247 330 -1.33681
1 270 480 -124.635
1 272 486 -0.035288099999999996
1 148 166 -11214.6
1 188 204 -27773.0
1 203 340 -724.015
1 206 281 -2061.84
1 208 226 -29015.7
1 211 266 -66399.2
1 213 276 -0.44560200000000005
1 214 274 -18147.2
1 220 278 -100500.0
1 223 372 -1668.58
1 239 385 -5732.94
1 239 406 -300.749
1 239 416 -13.0116
1 241 238 -20367.5
1 245 408 -3730.19
1 246 320 -3055.01
1 248 454 -1704.61
1 259 351 -2704.18
1 262 585 -158.268
1 265 360 -24167.3
1 267 449 -1050.94
1 269 360 -9549.26
1 273 521 -15839.4
1 274 327 -1582.18
1 274 521 -8.57658
1 275 465 -76.4208
1 290 322 -151656.0
1 292 458 -138.137
1 147 183 -84968.1
1 258 337 -75.1242
1 259 439 -259.786
1 268 484 -2.77012
1 201 251 -38521.6
1 261 570 -1795.91
1 264 441 -86.2241
1 144 132 -8.45602
1 136 173 -827.64
1 144 189 -12771.6
1 164 169 -33416.3
1 183 124 -29553.2
1 186 125 -7768.27
1 186 209 -72178.9
1 204 300 -31.9051
1 226 375 -7945.09
1 238 302 -958.936
1 244 321 -15543.7
1 245 406 -1565.85
1 248 593 -82.764
1 256 443 -403.353
1 258 339 -974.533
1 258 416 -257.113
1 259 414 -1330.46
1 263 583 -478.042
1 266 470 -773.74
1 269 482 -250.584
1 270 476 -1593.03
1 273 523 -217107.0
1 275 479 -7824.47
1 291 374 -6.84289
1 297 388 -675.9789999999999
1 298 384 -0.42258199999999996
1 221 300 -161.86
1 239 400 -19.4032
1 272 494 -180.291
1 158 122 -5699.1
1 225 289 -14400.3
1 226 330 -28607.3
1 237 406 -1318.54
1 244 430 -759.3960000000001
1 247 342 -73.7026
1 253 427 -253.102
1 253 443 -656.553
1 254 442 -2068.29
1 254 444 -23.232
1 254 445 -1.34992
1 256 445 -208.988
1 261 346 -168.64700000000002
1 261 369 -248.646
1 263 448 -198.739
1 270 319 -34636.7
1 271 364 -17496.6
1 271 471 -100.171
1 271 489 -450.05800000000005
1 272 371 -340.30699999999996
1 275 371 -1188.47
1 262 394 -1825960.0
1 167 168 -24727.8
1 157 122 -510.55800000000005
1 211 313 -34.6679
1 212 315 -273.605
1 214 287 -333.311
1 224 372 -2413.38
1 246 609 -1641.15
1 247 590 -2988.22
1 255 446 -403.716
1 270 482 -126.177
1 276 386 -257.113
1 281 446 -224.584
1 284 406 -540.961
1 291 458 -76.2203
1 295 390 -5742.66
1 297 384 -166.487
1 297 387 -72.8271
1 145 147 -649.466
1 257 443 -1450.88
1 162 205 -10585.1
1 196 299 -1.0198200000000002
1 234 400 -34.848
1 237 378 -53.7842
1 240 386 -51.1195
1 241 353 -5.20076
1 244 330 -6236.72
1 253 400 -367.00699999999995
1 254 400 -34.0886
1 255 373 -204.532
1 261 362 -18782.1
1 262 441 -50.2684
1 263 353 -13.0071
1 276 469 -26.7361
1 276 484 -94.2124
1 277 429 -950.1060000000001
1 282 451 -1570.3
1 279 477 -115.73200000000001
1 207 193 -1390.44
1 206 299 -18.5103
1 261 461 -326.582
1 289 412 -13.5657
1 117 117 -421.08
1 183 311 -1733.39
1 185 196 -3578.19
1 220 175 -47571.4
1 244 355 -33018.5
1 245 261 -12847.3
1 290 355 -110958.0
1 264 474 -3.52026
1 201 297 -42.4767
1 207 298 -29.7662
1 232 373 -57.0371
1 233 392 -151.22
1 235 390 -282.091
1 236 398 -676.6560000000001
1 237 390 -88.2962
1 237 399 -48.9717
1 241 374 -78.0027
1 248 606 -174.345
1 249 411 -328.449
1 253 418 -105.141
1 253 442 -379.653
1 258 597 -136.622
1 259 428 -286.522
1 263 467 -62480.6
1 267 481 -871.5980000000001
1 281 429 -561.377
1 283 394 -2999.11
1 284 436 -1421.47
1 296 414 -27.6322
1 144 126 -1261.98
1 147 130 -6784.55
1 223 371 -351.892
1 160 142 -5.584309999999999
1 247 419 -2.67361
1 257 602 -127.51799999999999
1 176 219 -255.372
1 256 590 -96.9898
1 261 581 -60.413000000000004
1 241 405 -417.583
1 251 362 -50697.5
1 271 484 -92.1982
1 235 358 -472.783
1 240 422 -35.6705
1 254 368 -15.908
1 261 424 -779.7239999999999
1 269 477 -7545.97
1 175 246 -1.0198200000000002
1 231 201 -84017.1
1 282 445 -2.6156900000000003
1 255 399 -1068.55
1 267 483 -192.5
1 273 513 -0.07057619999999999
1 243 350 -4334.82
1 244 406 -1.96065
1 288 370 -163.516
1 162 138 -0.9168270000000001
1 164 144 -26.1055
1 218 352 -2631.84
1 259 459 -1016.4
1 251 431 -828.375
1 292 373 -14.7947
1 265 476 -33.8658
1 251 330 -202.012
1 235 401 -15.8724
1 274 481 -131.765
1 271 480 -15.7743
1 286 460 -88.6262
1 259 438 -18.875999999999998
1 272 492 -34.8391
1 243 423 -14.52
1 271 535 -172.047
1 244 609 -29.2761
1 160 144 -48.8055
1 271 517 -1900.49
1 228 357 -69.0684
1 268 481 -1265.51
1 249 326 -53.6809
1 212 180 -15460.9
1 271 536 -227.75099999999998
1 217 228 -409.954
1 166 141 -632.845
1 252 431 -1183.97
1 174 184 -168.438
1 251 443 -1050.96
1 250 444 -350.535
1 197 178 -2244.45
1 226 368 -616.3580000000001
1 201 245 -24867.0
1 237 397 -3460.55
1 252 401 -2334.96
1 201 299 -51310.7
1 154 253 -20512.4
1 277 382 -92702.9
1 258 419 -201875.0
1 261 540 -885.72
