1 204 346 -835.289
1 212 384 45000.0
1 212 385 45000.0
1 212 386 45000.0
1 212 387 45000.0
1 212 388 45000.0
1 212 389 45000.0
1 212 390 45000.0
1 212 391 45000.0
1 212 392 45000.0
1 212 393 45000.0
1 213 394 45000.0
1 213 395 45000.0
1 213 396 45000.0
1 213 397 45000.0
1 213 398 45000.0
1 213 399 45000.0
1 213 400 45000.0
1 213 401 45000.0
1 213 402 45000.0
1 214 403 45000.0
1 214 404 45000.0
1 214 405 45000.0
1 214 406 45000.0
1 214 407 45000.0
1 214 409 45000.0
1 214 410 45000.0
1 214 411 45000.0
1 214 412 45000.0
1 214 413 45000.0
1 214 414 45000.0
1 214 415 45000.0
1 215 416 45000.0
1 215 417 45000.0
1 227 417 45000.0
1 228 417 45000.0
1 229 417 45000.0
1 216 418 45000.0
1 226 418 45000.0
1 230 418 45000.0
1 217 419 45000.0
1 218 419 45000.0
1 219 419 45000.0
1 220 419 45000.0
1 221 419 45000.0
1 222 419 45000.0
1 223 419 45000.0
1 224 419 45000.0
1 225 419 45000.0
1 229 419 45000.0
1 229 420 45000.0
1 226 421 45000.0
1 227 421 45000.0
1 228 421 45000.0
1 224 422 45000.0
1 225 422 45000.0
1 224 423 45000.0
1 224 424 45000.0
1 225 424 45000.0
1 226 424 45000.0
1 227 424 45000.0
1 228 424 45000.0
1 229 425 45000.0
1 229 426 45000.0
1 229 427 45000.0
1 229 428 45000.0
1 229 429 45000.0
1 228 430 45000.0
1 228 431 45000.0
1 228 432 45000.0
1 228 433 45000.0
1 228 434 45000.0
1 228 435 45000.0
1 229 435 45000.0
1 230 436 45000.0
1 230 437 45000.0
1 230 438 45000.0
1 230 439 45000.0
1 230 440 45000.0
1 230 441 45000.0
1 230 442 45000.0
1 230 443 45000.0
1 230 444 45000.0
1 230 445 45000.0
1 230 446 45000.0
1 230 447 45000.0
1 230 448 45000.0
1 230 449 45000.0
1 230 450 45000.0
1 230 451 45000.0
1 230 452 45000.0
1 230 453 45000.0
1 230 454 45000.0
1 230 455 45000.0
1 230 456 45000.0
1 231 457 45000.0
1 231 458 45000.0
1 231 459 45000.0
1 231 460 45000.0
1 232 461 45000.0
1 232 462 45000.0
1 232 463 45000.0
1 232 464 45000.0
1 233 464 45000.0
1 234 464 45000.0
1 235 464 45000.0
1 236 464 45000.0
1 237 464 45000.0
1 238 464 45000.0
1 239 465 45000.0
1 239 466 45000.0
1 114 114 -327.80400000000003
1 117 120 -835.289
1 130 122 -835.289
1 135 194 -1487.55
1 139 168 -9442.91
1 141 191 -74867.0
1 143 172 -20909.3
1 143 190 -74194.2
1 144 172 -21808.6
1 144 182 -49731.5
1 144 190 -877.291
1 146 117 -3626.72
1 146 188 -20560.3
1 146 190 -27164.6
1 147 145 -7154.84
1 148 167 -37996.4
1 148 176 -54914.3
1 148 196 -46048.5
1 149 145 -26221.6
1 149 146 -19498.5
1 150 124 -18592.0
1 150 141 -1395.33
1 150 198 -62512.8
1 151 142 -120.844
1 151 195 -16805.7
1 152 123 -10871.5
1 152 125 -12084.5
1 152 132 -39071.4
1 153 133 -2.91035
1 153 192 -111429.0
1 154 125 -593.245
1 154 171 -9037.58
1 154 249 -16388.4
1 155 129 -4307.97
1 155 141 -28624.5
1 156 129 -199758.0
1 157 135 -1670.58
1 157 140 -98918.9
1 158 133 -835.289
1 158 181 -46812.9
1 159 119 -47254.0
1 159 173 -25396.9
1 161 125 -11026.5
1 161 188 -75651.1
1 162 121 -72545.7
1 162 128 -321222.0
1 162 167 -705.921
1 162 169 -4176.44
1 163 137 -4764.9
1 163 138 -835.289
1 164 135 -4350.38
1 164 187 -21179.1
1 165 130 -37114.5
1 165 131 -328.596
1 166 126 -1473.77
1 168 123 -3766.66
1 168 208 -15445.9
1 169 127 -35.446999999999996
1 169 163 -17334.1
1 170 131 -7559.77
1 170 163 -68.8529
1 172 218 -98650.8
1 174 123 -49339.4
1 175 134 -46416.8
1 175 204 -24189.9
1 176 176 -16067.1
1 176 202 -3945.69
1 177 133 -42693.6
1 177 211 -55858.0
1 178 261 -34742.6
1 179 181 -78970.1
1 179 183 -983.613
1 179 210 -33963.5
1 180 208 -13376.7
1 187 200 -25704.6
1 187 281 -2810.32
1 188 198 -82799.1
1 188 209 -3285.27
1 188 240 -79352.1
1 188 258 -32023.6
1 189 282 -7025.81
1 190 281 -98361.3
1 191 191 -7979.91
1 191 281 -28797.4
1 193 256 -40229.8
1 193 260 -30423.1
1 197 204 -29779.1
1 197 252 -10640.7
1 198 297 -785.485
1 198 298 -835.289
1 199 211 -27064.0
1 199 231 -117647.0
1 199 298 -835.289
1 200 298 -856.85
1 201 234 -2529.29
1 203 275 -103666.0
1 203 280 -15022.6
1 205 300 -896.0880000000001
1 206 286 -7256.53
1 206 300 -1695.93
1 211 255 -101061.0
1 212 258 -70144.2
1 213 264 -256.459
1 213 300 -29508.4
1 214 240 -78961.1
1 215 260 -70333.9
1 216 238 -18639.5
1 216 267 -28103.2
1 217 264 -172826.0
1 217 365 -292.80400000000003
1 218 179 -91508.5
1 219 310 -79391.6
1 221 223 -1117.1
1 221 246 -16892.8
1 221 284 -75465.6
1 222 352 -33871.4
1 222 358 -14124.7
1 222 369 -1941.93
1 224 374 -10054.9
1 226 311 -5286.22
1 226 365 -1965.45
1 227 270 -37587.8
1 228 225 -61417.2
1 230 255 -38078.5
1 230 361 -37153.9
1 231 401 -835.289
1 232 364 -126.781
1 233 337 -835.289
1 233 394 -1791.15
1 234 304 -6294.64
1 234 393 -871.904
1 235 400 -3247.58
1 235 605 -2307.07
1 235 609 -7503.37
1 236 263 -61959.2
1 236 351 -35129.0
1 236 609 -158.605
1 237 237 -37356.7
1 237 316 -47564.5
1 237 357 -9271.41
1 237 389 -835.317
1 238 221 -327.403
1 238 398 -3.0186
1 238 605 -4212.25
1 238 609 -2249.36
1 239 250 -6021.12
1 239 338 -21833.4
1 239 426 -1237.19
1 239 605 -4176.44
1 239 606 -2505.87
1 239 619 -5603.0
1 240 380 -968.538
1 240 426 -1019.85
1 240 608 -3449.55
1 241 335 -66296.9
1 241 342 -40349.2
1 241 604 -835.289
1 242 311 -11814.8
1 243 371 -835.289
1 243 389 -1666.96
1 243 422 -219.96900000000002
1 243 431 -27694.3
1 243 605 -4176.44
1 244 431 -4.74351
1 244 605 -5011.73
1 244 621 -4452.0
1 245 238 -9495.64
1 245 322 -18467.3
1 245 337 -835.289
1 245 621 -835.289
1 246 321 -3971.61
1 246 618 -2568.05
1 247 344 -990.189
1 247 384 -3956770.0
1 248 251 -32217.1
1 248 424 -3613.61
1 248 436 -2164.33
1 248 442 -472.195
1 248 444 -10512.0
1 248 589 -3571.0
1 249 373 -854.668
1 249 389 -1460.14
1 249 424 -25452.4
1 249 430 -40052.5
1 249 436 -7453.91
1 249 606 -4176.44
1 250 239 -4939.14
1 250 326 -3649.48
1 250 424 -835.289
1 250 425 -277922.0
1 250 431 -24265.6
1 250 595 -2827.45
1 251 300 -57611.6
1 251 356 -17140.5
1 251 408 -1083.25
1 251 456 -835.289
1 251 457 -19.1379
1 251 594 -886.475
1 251 595 -972.898
1 251 596 -1874.84
1 252 230 -12057.7
1 252 329 -32156.7
1 252 450 -433.42699999999996
1 252 595 -835.289
1 252 606 -946.068
1 253 298 -47705.2
1 253 331 -19745.9
1 253 332 -31259.7
1 253 416 -44.2877
1 253 420 -17035.4
1 253 445 -47200.1
1 254 338 -117584.0
1 254 367 -56759.1
1 254 407 -137394.0
1 254 597 -837.716
1 254 607 -7985.48
1 255 381 -24942.2
1 255 383 -39974.9
1 255 388 -97759.4
1 255 395 -2405.39
1 255 420 -15373.3
1 255 439 -35145.1
1 255 443 -47387.7
1 255 595 -868.488
1 255 596 -835.289
1 255 606 -835.289
1 255 609 -1670.58
1 255 610 -875.393
1 256 314 -11099.2
1 256 335 -41498.6
1 256 341 -771.177
1 256 370 -10841.1
1 256 413 -3516.67
1 256 586 -22976.3
1 256 593 -3341.15
1 257 238 -0.140516
1 257 324 -7254.98
1 257 413 -2634.8
1 257 576 -4516.03
1 257 599 -21988.0
1 258 325 -8220.07
1 258 336 -1946.13
1 258 442 -542664.0
1 258 464 -1739.06
1 258 585 -5011.73
1 258 595 -1877.68
1 258 602 -17239.9
1 259 340 -164614.0
1 259 371 -8.62456
1 259 405 -10935.9
1 259 588 -36132.6
1 259 592 -835.289
1 259 593 -835.289
1 260 342 -42757.7
1 260 349 -881.0360000000001
1 260 407 -4121820.0
1 260 413 -95314.4
1 260 424 -175.639
1 260 461 -3878.47
1 260 463 -60406.9
1 260 464 -47891.8
1 260 585 -9463.71
1 260 586 -60308.7
1 261 337 -10090.7
1 261 355 -41265.4
1 261 381 -187290.0
1 261 395 -5985.45
1 261 418 -993.937
1 261 429 -16615.2
1 261 464 -5412.34
1 261 492 -863.534
1 261 571 -340.67
1 261 576 -1670.58
1 262 345 -31469.0
1 262 449 -19.7059
1 262 540 -650.033
1 262 564 -55909.1
1 262 567 -32269.3
1 262 568 -12531.5
1 262 570 -136006.0
1 262 571 -4104.86
1 263 471 -17940.1
1 263 477 -19509.3
1 263 520 -1670.58
1 263 574 -2858.1
1 263 582 -29521.0
1 264 265 -22267.6
1 264 344 -56217.7
1 264 345 -9030.97
1 264 355 -353.176
1 264 367 -835.289
1 264 383 -84971.8
1 264 407 -7742.14
1 264 428 -188982.0
1 264 468 -89.1047
1 264 471 -1218.65
1 264 476 -269.518
1 264 477 -36490.6
1 264 523 -2775.88
1 264 524 -645.1990000000001
1 264 549 -11066.2
1 265 364 -41212.5
1 265 374 -87185.7
1 265 422 -159002.0
1 265 523 -3879.65
1 266 337 -835.497
1 266 340 -250.11900000000003
1 266 462 -208.787
1 267 391 -18738.2
1 267 463 -4834.07
1 267 555 -835.289
1 267 556 -835.289
1 268 333 -9512.94
1 268 334 -77579.0
1 268 436 -2847330.0
1 268 455 -8.3227
1 268 479 -782.6089999999999
1 268 480 -446.12300000000005
1 268 489 -835.289
1 269 363 -851.72
1 269 397 -55130.6
1 269 456 -18336.3
1 269 541 -835.289
1 270 337 -6463.74
1 270 352 -3212.2
1 270 412 -29151.0
1 270 417 -43.1228
1 270 429 -2419.62
1 270 481 -902.3439999999999
1 270 483 -2004.3
1 270 484 -1004.16
1 270 486 -129481.0
1 270 498 -14029.7
1 270 539 -102.20100000000001
1 271 319 -77151.0
1 271 371 -561.028
1 271 415 -55257.6
1 271 451 -26742.3
1 271 485 -260.85
1 271 493 -139972.0
1 271 498 -3852.16
1 271 537 -215919.0
1 272 336 -18896.4
1 272 368 -448921.0
1 272 388 -1499330.0
1 272 396 -5682.47
1 272 450 -5650.38
1 272 451 -1542.73
1 272 462 -1493720.0
1 272 491 -17.1198
1 272 497 -9111.85
1 272 498 -124803.0
1 272 530 -249786.0
1 272 532 -275762.0
1 272 535 -111058.0
1 273 363 -105.809
1 273 392 -1721.46
1 273 410 -4119.95
1 273 480 -955.51
1 273 510 -835.289
1 273 517 -55253.3
1 273 518 -3743.06
1 274 520 -41591.4
1 274 523 -5862.33
1 275 367 -175460.0
1 275 441 -31294.2
1 275 506 -5050.71
1 276 366 -3717.19
1 276 392 -504.62300000000005
1 276 446 -1592.09
1 276 474 -31945.4
1 277 294 -44934.0
1 277 390 -11781.6
1 277 407 -953674.0
1 277 431 -13674.2
1 277 454 -34.4983
1 277 468 -111.65700000000001
1 277 472 -59441.4
1 277 480 -41376.3
1 278 365 -24644.7
1 278 482 -5626.23
1 279 336 -60364.3
1 279 433 -100243.0
1 279 475 -106112.0
1 279 485 -37660.9
1 280 365 -6008.47
1 280 433 -63455.2
1 280 442 -4005.7
1 280 469 -18400.0
1 280 471 -14332.1
1 281 458 -166299.0
1 282 409 -8318.39
1 282 424 -1396.75
1 282 430 -4387.75
1 282 436 -72511.0
1 282 454 -5713.77
1 282 457 -44433.8
1 283 354 -10947.6
1 283 429 -190456.0
1 283 449 -7908.72
1 283 452 -95642.1
1 283 455 -25942.7
1 283 468 -102334.0
1 284 339 -111626.0
1 284 457 -10055.4
1 284 463 -191.89700000000002
1 284 481 -3156.59
1 285 374 -3911.24
1 285 467 -140770.0
1 285 475 -90666.6
1 286 330 -87739.0
1 286 425 -275990.0
1 286 475 -38070.0
1 286 477 -43794.7
1 287 388 -2989.66
1 287 426 -835.289
1 287 477 -24799.7
1 288 372 -47.0039
1 288 419 -16726.0
1 288 423 -61.6656
1 288 426 -835.289
1 289 351 -12293.8
1 289 404 -210659.0
1 289 459 -38.8105
1 289 468 -8482.26
1 290 382 -95835.8
1 290 402 -344.983
1 290 411 -1328.61
1 290 412 -23870.0
1 290 413 -1163.45
1 290 420 -240.625
1 291 350 -2238.07
1 291 373 -2134.15
1 291 399 -41867.9
1 291 419 -344991.0
1 292 365 -21591.6
1 292 416 -181.11599999999999
1 292 469 -34856.2
1 293 440 -23.6313
1 294 435 -23680.9
1 294 447 -102770.0
1 294 458 -77151.0
1 295 356 -16346.2
1 295 391 -9065.41
1 295 430 -304150.0
1 296 398 -141846.0
1 296 406 -11901.9
1 296 433 -1885.73
1 297 383 -742.575
1 297 395 -357919.0
1 297 401 -683225.0
1 297 402 -212408.0
1 297 413 -1039980.0
1 297 415 -76260.4
1 297 442 -4208.79
1 299 354 -962.715
1 299 355 -77.2839
1 299 387 -373.01199999999994
1 102 110 -835.289
1 102 113 -835.289
1 103 100 -835.289
1 103 104 -835.289
1 104 115 -835.289
1 105 115 -835.289
1 105 139 -835.289
1 108 117 -835.289
1 109 112 -835.289
1 111 155 -835.289
1 111 208 -835.289
1 112 181 -835.289
1 113 111 -835.289
1 113 159 -835.289
1 113 211 -835.289
1 114 173 -835.289
1 114 212 -1670.58
1 115 212 -1670.58
1 116 121 -835.289
1 116 150 -835.289
1 116 166 -835.289
1 117 119 -835.289
1 117 168 -835.289
1 117 210 -835.289
1 119 194 -835.289
1 119 202 -835.289
1 119 96 -835.289
1 120 155 -835.289
1 120 94 -835.289
1 121 187 -835.289
1 123 110 -835.289
1 123 111 -835.289
1 123 158 -835.289
1 123 168 -835.289
1 123 193 -835.289
1 123 202 -1670.58
1 125 150 -835.289
1 125 151 -835.289
1 125 193 -835.289
1 125 194 -835.289
1 126 121 -835.289
1 126 191 -835.289
1 126 195 -835.289
1 127 150 -835.289
1 127 160 -835.289
1 127 169 -835.289
1 127 195 -835.289
1 127 199 -1670.58
1 128 122 -835.289
1 128 148 -835.289
1 128 149 -835.289
1 128 152 -835.289
1 128 153 -835.289
1 128 154 -835.289
1 128 157 -835.289
1 128 199 -835.289
1 129 117 -835.289
1 129 119 -835.289
1 129 122 -835.289
1 129 146 -835.289
1 129 154 -1670.58
1 129 162 -835.289
1 129 176 -835.289
1 130 120 -835.289
1 130 154 -835.289
1 130 155 -835.289
1 130 156 -2505.87
1 130 194 -835.289
1 131 112 -835.289
1 131 121 -835.289
1 131 122 -835.289
1 131 150 -835.289
1 131 156 -835.289
1 131 157 -835.289
1 131 158 -835.289
1 131 161 -1670.58
1 131 198 -835.289
1 132 112 -835.289
1 132 155 -835.289
1 132 156 -835.289
1 132 160 -835.289
1 132 161 -1670.58
1 133 155 -835.289
1 133 159 -835.289
1 133 160 -1670.58
1 133 192 -1670.58
1 133 193 -835.289
1 134 148 -835.289
1 134 150 -835.289
1 134 151 -835.289
1 134 156 -835.289
1 134 191 -835.289
1 134 193 -3341.15
1 135 148 -4176.44
1 135 149 -1670.58
1 135 156 -835.289
1 135 157 -835.289
1 135 193 -2505.87
1 136 147 -835.289
1 136 148 -835.289
1 136 149 -835.289
1 136 150 -1670.58
1 136 153 -835.289
1 136 155 -835.289
1 137 148 -835.289
1 137 150 -835.289
1 137 153 -1670.58
1 137 154 -835.289
1 137 157 -2505.87
1 137 175 -835.289
1 137 206 -835.289
1 138 151 -835.289
1 138 152 -835.289
1 138 153 -2505.87
1 138 168 -835.289
1 138 169 -835.289
1 139 151 -835.289
1 140 138 -835.289
1 140 155 -3341.15
1 140 156 -835.289
1 140 171 -835.289
1 140 180 -835.289
1 141 149 -835.289
1 141 154 -1670.58
1 141 157 -835.289
1 141 171 -835.289
1 141 199 -1670.58
1 142 155 -835.289
1 142 156 -835.289
1 142 157 -835.289
1 142 158 -835.289
1 142 174 -835.289
1 142 179 -835.289
1 142 201 -835.289
1 143 146 -835.289
1 143 157 -2505.87
1 144 142 -1670.58
1 144 173 -835.289
1 145 142 -835.289
1 145 143 -835.289
1 145 151 -835.289
1 145 187 -835.289
1 145 226 -835.289
1 146 140 -835.289
1 146 141 -1670.58
1 146 145 -835.289
1 146 208 -835.289
1 146 229 -835.289
1 146 230 -835.289
1 146 232 -835.289
1 147 139 -2505.87
1 147 140 -835.289
1 147 141 -835.289
1 147 142 -835.289
1 147 229 -835.289
1 147 230 -835.289
1 147 233 -835.289
1 147 239 -835.289
1 147 240 -835.289
1 148 217 -835.289
1 148 221 -835.289
1 149 127 -835.289
1 149 147 -835.289
1 149 154 -835.289
1 149 222 -835.289
1 149 253 -835.289
1 150 160 -835.289
1 150 164 -835.289
1 150 177 -835.289
1 150 227 -835.289
1 150 236 -835.289
1 151 128 -835.289
1 151 228 -835.289
1 152 153 -835.289
1 152 173 -835.289
1 152 176 -835.289
1 152 222 -835.289
1 152 228 -835.289
1 153 126 -835.289
1 153 136 -835.289
1 153 155 -835.289
1 153 232 -835.289
1 153 238 -835.289
1 153 253 -835.289
1 154 126 -835.289
1 154 133 -835.289
1 154 161 -835.289
1 154 172 -835.289
1 154 220 -835.289
1 154 244 -835.289
1 155 170 -1670.58
1 155 216 -835.289
1 155 262 -835.289
1 156 160 -835.289
1 156 211 -835.289
1 156 223 -835.289
1 157 132 -835.289
1 157 133 -835.289
1 157 134 -2505.87
1 157 136 -835.289
1 157 194 -835.289
1 157 207 -835.289
1 157 240 -835.289
1 158 135 -835.289
1 158 248 -835.289
1 159 152 -835.289
1 159 231 -835.289
1 159 240 -835.289
1 159 247 -835.289
1 159 248 -835.289
1 159 250 -835.289
1 159 251 -835.289
1 159 257 -835.289
1 160 133 -835.289
1 160 249 -1670.58
1 160 251 -1670.58
1 160 252 -835.289
1 160 253 -835.289
1 160 262 -835.289
1 161 144 -1670.58
1 161 251 -835.289
1 161 253 -835.289
1 162 137 -1670.58
1 162 252 -1670.58
1 162 253 -835.289
1 163 152 -835.289
1 163 190 -835.289
1 163 236 -835.289
1 164 278 -835.289
1 164 290 -835.289
1 164 299 -835.289
1 165 133 -1670.58
1 165 134 -1670.58
1 165 135 -835.289
1 165 290 -835.289
1 166 131 -835.289
1 166 132 -835.289
1 166 133 -1670.58
1 166 134 -835.289
1 166 135 -835.289
1 166 210 -835.289
1 166 254 -835.289
1 166 255 -835.289
1 167 127 -835.289
1 167 132 -1670.58
1 167 133 -1670.58
1 167 134 -2505.87
1 167 256 -835.289
1 167 288 -835.289
1 167 294 -835.289
1 168 130 -835.289
1 168 131 -835.289
1 168 132 -3341.15
1 168 133 -3341.15
1 168 286 -835.289
1 168 287 -1670.58
1 168 291 -1670.58
1 169 128 -1670.58
1 169 129 -3341.15
1 169 131 -835.289
1 169 132 -4176.44
1 169 133 -2505.87
1 169 134 -7517.6
1 169 135 -835.289
1 169 236 -835.289
1 169 260 -835.289
1 169 271 -835.289
1 169 287 -835.289
1 169 290 -835.289
1 170 133 -2505.87
1 170 134 -10023.5
1 170 136 -835.289
1 170 187 -835.289
1 170 256 -835.289
1 170 287 -835.289
1 170 292 -835.289
1 171 133 -1670.58
1 171 134 -835.289
1 171 136 -4176.44
1 171 290 -835.289
1 172 257 -835.289
1 172 284 -835.289
1 172 295 -1670.58
1 172 311 -835.289
1 173 258 -835.289
1 173 278 -835.289
1 173 290 -835.289
1 173 292 -835.289
1 173 293 -1670.58
1 173 294 -835.289
1 174 124 -835.289
1 174 253 -835.289
1 174 261 -835.289
1 174 270 -835.289
1 174 283 -835.289
1 174 289 -835.289
1 174 293 -835.289
1 175 260 -835.289
1 175 288 -835.289
1 175 292 -1670.58
1 175 293 -835.289
1 175 296 -835.289
1 175 305 -835.289
1 176 274 -835.289
1 176 305 -835.289
1 177 289 -835.289
1 177 290 -835.289
1 178 243 -835.289
1 178 280 -835.289
1 178 285 -835.289
1 178 302 -835.289
1 178 305 -835.289
1 178 306 -835.289
1 178 311 -835.289
1 179 278 -835.289
1 179 285 -835.289
1 180 149 -835.289
1 180 286 -835.289
1 181 297 -835.289
1 181 307 -835.289
1 181 308 -835.289
1 183 242 -835.289
1 183 285 -835.289
1 183 295 -835.289
1 183 308 -835.289
1 183 309 -835.289
1 183 318 -835.289
1 184 263 -835.289
1 184 285 -835.289
1 184 313 -835.289
1 184 319 -835.289
1 185 257 -835.289
1 185 305 -835.289
1 185 306 -835.289
1 185 307 -835.289
1 185 315 -835.289
1 186 255 -835.289
1 186 265 -835.289
1 186 307 -1670.58
1 186 310 -835.289
1 188 262 -835.289
1 188 294 -835.289
1 188 295 -835.289
1 189 295 -835.289
1 189 309 -835.289
1 190 307 -835.289
1 190 308 -835.289
1 190 324 -835.289
1 191 292 -1670.58
1 191 304 -835.289
1 191 305 -835.289
1 192 258 -835.289
1 192 284 -835.289
1 192 304 -835.289
1 192 316 -835.289
1 192 319 -835.289
1 193 262 -835.289
1 193 301 -835.289
1 193 311 -835.289
1 193 313 -1670.58
1 194 284 -835.289
1 194 313 -835.289
1 195 269 -835.289
1 195 287 -835.289
1 195 289 -835.289
1 195 300 -835.289
1 195 311 -835.289
1 195 313 -835.289
1 196 269 -835.289
1 196 275 -835.289
1 196 303 -835.289
1 196 324 -835.289
1 196 333 -835.289
1 197 264 -835.289
1 197 283 -835.289
1 197 300 -835.289
1 197 322 -835.289
1 197 325 -835.289
1 198 242 -835.289
1 198 276 -1670.58
1 198 309 -835.289
1 198 311 -835.289
1 199 283 -835.289
1 199 311 -835.289
1 199 324 -835.289
1 200 280 -835.289
1 200 286 -835.289
1 200 296 -835.289
1 200 299 -835.289
1 200 306 -835.289
1 200 307 -835.289
1 200 312 -835.289
1 200 343 -835.289
1 200 345 -835.289
1 201 257 -835.289
1 202 280 -835.289
1 202 287 -835.289
1 202 297 -835.289
1 202 301 -835.289
1 202 302 -835.289
1 203 215 -835.289
1 203 304 -835.289
1 203 305 -835.289
1 203 309 -835.289
1 203 315 -835.289
1 205 263 -835.289
1 205 303 -835.289
1 205 304 -835.289
1 205 317 -835.289
1 205 318 -835.289
1 205 319 -835.289
1 206 264 -835.289
1 206 270 -835.289
1 206 301 -835.289
1 206 304 -835.289
1 206 315 -835.289
1 206 317 -1670.58
1 207 262 -835.289
1 207 300 -835.289
1 207 301 -1670.58
1 207 303 -835.289
1 207 304 -835.289
1 207 306 -1670.58
1 207 315 -835.289
1 207 317 -835.289
1 208 298 -1670.58
1 208 299 -1670.58
1 208 306 -835.289
1 208 317 -835.289
1 208 328 -835.289
1 209 284 -835.289
1 209 297 -835.289
1 209 302 -835.289
1 210 284 -835.289
1 210 301 -835.289
1 210 302 -835.289
1 210 342 -835.289
1 211 301 -835.289
1 211 321 -835.289
1 212 295 -835.289
1 212 347 -835.289
1 213 226 -835.289
1 213 287 -835.289
1 213 303 -835.289
1 213 329 -835.289
1 214 319 -835.289
1 215 289 -835.289
1 215 311 -835.289
1 215 353 -835.289
1 216 323 -835.289
1 216 341 -835.289
1 217 244 -835.289
1 217 249 -835.289
1 217 351 -835.289
1 218 209 -835.289
1 218 243 -835.289
1 218 292 -835.289
1 218 345 -1670.58
1 221 240 -835.289
1 221 611 -835.289
1 222 254 -835.289
1 222 362 -835.289
1 224 338 -835.289
1 224 359 -835.289
1 225 323 -835.289
1 225 329 -835.289
1 225 332 -835.289
1 225 368 -835.289
1 225 373 -835.289
1 225 378 -835.289
1 225 382 -1670.58
1 226 323 -835.289
1 226 388 -1670.58
1 226 618 -835.289
1 227 315 -835.289
1 228 606 -835.289
1 229 385 -1670.58
1 229 392 -835.289
1 229 393 -835.289
1 229 397 -3341.15
1 229 618 -4176.44
1 230 338 -835.289
1 230 373 -1670.58
1 230 384 -835.289
1 230 392 -1670.58
1 230 393 -3341.15
1 230 396 -835.289
1 230 605 -835.289
1 231 343 -835.289
1 231 383 -835.289
1 231 392 -4176.44
1 231 393 -9188.17
1 231 398 -835.289
1 231 603 -835.289
1 231 607 -1670.58
1 232 259 -835.289
1 232 300 -835.289
1 232 384 -835.289
1 232 389 -835.289
1 232 393 -5011.73
1 232 394 -3341.15
1 232 405 -835.289
1 232 604 -1670.58
1 232 606 -1670.58
1 232 607 -2505.87
1 232 608 -835.289
1 233 373 -835.289
1 233 393 -835.289
1 233 403 -835.289
1 233 406 -3341.15
1 233 601 -1670.58
1 233 602 -835.289
1 234 374 -835.289
1 234 388 -835.289
1 234 389 -835.289
1 234 406 -2505.87
1 234 407 -1670.58
1 234 601 -835.289
1 234 602 -1670.58
1 234 603 -2505.87
1 234 604 -835.289
1 234 605 -1670.58
1 234 606 -835.289
1 234 609 -835.289
1 234 620 -835.289
1 234 621 -835.289
1 235 342 -835.289
1 235 368 -835.289
1 235 389 -835.289
1 235 392 -835.289
1 235 404 -835.289
1 235 406 -835.289
1 235 599 -835.289
1 235 600 -1670.58
1 235 602 -2505.87
1 235 603 -835.289
1 235 606 -835.289
1 235 608 -835.289
1 236 256 -835.289
1 236 359 -835.289
1 236 377 -1670.58
1 236 378 -835.289
1 236 389 -1670.58
1 236 600 -835.289
1 236 601 -835.289
1 236 602 -1670.58
1 236 605 -835.289
1 236 606 -835.289
1 236 607 -835.289
1 236 620 -835.289
1 237 330 -835.289
1 237 377 -835.289
1 237 384 -835.289
1 237 388 -835.289
1 237 605 -1670.58
1 237 606 -2505.87
1 237 607 -1670.58
1 237 608 -4176.44
1 237 609 -2505.87
1 237 620 -835.289
1 238 346 -835.289
1 238 391 -835.289
1 238 410 -835.289
1 238 602 -835.289
1 238 603 -835.289
1 238 606 -4176.44
1 238 607 -5011.73
1 238 608 -3341.15
1 238 610 -835.289
1 239 297 -26493.5
1 239 323 -835.289
1 239 404 -835.289
1 239 601 -835.289
1 239 603 -835.289
1 239 607 -1670.58
1 239 608 -3341.15
1 239 609 -2505.87
1 239 610 -1670.58
1 239 615 -1670.58
1 240 267 -835.289
1 240 319 -835.289
1 240 327 -835.289
1 240 352 -835.289
1 240 374 -1670.58
1 240 392 -1670.58
1 240 396 -835.289
1 240 406 -835.289
1 240 603 -835.289
1 240 605 -2505.87
1 240 606 -3341.15
1 240 607 -1670.58
1 240 620 -1670.58
1 240 621 -835.289
1 241 339 -835.289
1 241 352 -835.289
1 241 370 -1670.58
1 241 375 -835.289
1 241 409 -835.289
1 241 577 -835.289
1 241 603 -1670.58
1 241 605 -2505.87
1 241 606 -1670.58
1 241 607 -1670.58
1 241 608 -1670.58
1 241 609 -4176.44
1 241 610 -835.289
1 241 611 -835.289
1 241 620 -835.289
1 241 621 -835.289
1 242 314 -835.289
1 242 318 -835.289
1 242 336 -835.289
1 242 338 -835.289
1 242 339 -835.289
1 242 373 -2505.87
1 242 374 -5011.73
1 242 406 -1670.58
1 242 603 -1670.58
1 242 604 -5847.02
1 242 605 -7517.6
1 242 606 -2505.87
1 242 607 -4176.44
1 242 608 -4176.44
1 242 609 -2505.87
1 242 610 -2505.87
1 242 616 -835.289
1 242 622 -835.289
1 242 623 -2505.87
1 243 366 -835.289
1 243 369 -835.289
1 243 372 -1670.58
1 243 373 -6682.31
1 243 374 -2505.87
1 243 386 -835.289
1 243 391 -835.289
1 243 405 -835.289
1 243 406 -835.289
1 243 407 -1670.58
1 243 409 -835.289
1 243 577 -835.289
1 243 606 -5847.02
1 243 607 -4176.44
1 243 608 -1670.58
1 243 609 -5011.73
1 243 620 -835.289
1 243 622 -1670.58
1 243 623 -6682.31
1 244 371 -835.289
1 244 372 -1670.58
1 244 373 -2505.87
1 244 415 -835.289
1 244 598 -835.289
1 244 606 -3341.15
1 244 607 -835.289
1 244 611 -835.289
1 244 616 -835.289
1 244 622 -835.289
1 244 623 -3341.15
1 244 624 -835.289
1 245 312 -835.289
1 245 315 -835.289
1 245 326 -835.289
1 245 335 -835.289
1 245 338 -835.289
1 245 356 -1670.58
1 245 371 -835.289
1 245 413 -835.289
1 245 586 -835.289
1 245 604 -835.289
1 245 605 -2505.87
1 245 606 -4176.44
1 245 607 -3341.15
1 245 609 -4176.44
1 245 610 -1670.58
1 245 612 -1670.58
1 245 616 -1670.58
1 245 619 -835.289
1 245 620 -1670.58
1 245 622 -835.289
1 246 214 -835.289
1 246 342 -835.289
1 246 356 -835.289
1 246 357 -835.289
1 246 374 -835.289
1 246 413 -835.289
1 246 590 -835.289
1 246 599 -835.289
1 246 600 -5011.73
1 246 605 -3341.15
1 246 606 -5847.02
1 246 607 -3341.15
1 246 610 -835.289
1 246 612 -1670.58
1 246 614 -835.289
1 246 615 -835.289
1 246 623 -835.289
1 247 314 -835.289
1 247 331 -835.289
1 247 367 -1670.58
1 247 368 -4176.44
1 247 387 -1670.58
1 247 413 -835.289
1 247 578 -835.289
1 247 597 -835.289
1 247 598 -5847.02
1 247 599 -5011.73
1 247 600 -8352.88
1 247 601 -8352.88
1 247 605 -1670.58
1 247 609 -1670.58
1 247 610 -1670.58
1 247 611 -3341.15
1 247 612 -3341.15
1 247 613 -1670.58
1 247 618 -1670.58
1 247 619 -835.289
1 247 623 -835.289
1 248 307 -835.289
1 248 367 -835.289
1 248 368 -3341.15
1 248 371 -1670.58
1 248 372 -4176.44
1 248 387 -1670.58
1 248 388 -5011.73
1 248 413 -835.289
1 248 416 -835.289
1 248 529 -835.289
1 248 567 -835.289
1 248 596 -5847.02
1 248 597 -4176.44
1 248 598 -8352.88
1 248 599 -5011.73
1 248 600 -3341.15
1 248 601 -5011.73
1 248 602 -2505.87
1 248 605 -835.289
1 248 608 -835.289
1 248 609 -1670.58
1 248 610 -2505.87
1 248 611 -5011.73
1 248 612 -5011.73
1 248 613 -5847.02
1 248 618 -835.289
1 248 619 -835.289
1 248 620 -835.289
1 248 623 -1670.58
1 249 333 -835.289
1 249 334 -835.289
1 249 365 -1670.58
1 249 366 -2505.87
1 249 367 -835.289
1 249 368 -2505.87
1 249 371 -835.289
1 249 387 -835.289
1 249 388 -835.289
1 249 400 -835.289
1 249 412 -835.289
1 249 567 -835.289
1 249 593 -1670.58
1 249 595 -5011.73
1 249 596 -5847.02
1 249 597 -9188.17
1 249 603 -2505.87
1 249 604 -6682.31
1 249 605 -4176.44
1 249 607 -3341.15
1 249 609 -835.289
1 249 610 -1670.58
1 249 611 -4176.44
1 249 612 -7517.6
1 249 613 -1670.58
1 249 618 -835.289
1 249 623 -835.289
1 250 331 -835.289
1 250 355 -835.289
1 250 365 -1670.58
1 250 366 -4176.44
1 250 367 -2505.87
1 250 368 -835.289
1 250 369 -1670.58
1 250 370 -1670.58
1 250 371 -5011.73
1 250 382 -835.289
1 250 406 -835.289
1 250 413 -835.289
1 250 414 -835.289
1 250 423 -835.289
1 250 436 -835.289
1 250 568 -835.289
1 250 579 -835.289
1 250 591 -835.289
1 250 594 -835.289
1 250 596 -6682.31
1 250 597 -1670.58
1 250 602 -835.289
1 250 603 -5847.02
1 250 604 -5011.73
1 250 605 -3341.15
1 250 607 -835.289
1 250 608 -2505.87
1 250 609 -835.289
1 250 610 -835.289
1 250 613 -835.289
1 251 276 -835.289
1 251 322 -835.289
1 251 365 -2505.87
1 251 366 -7517.6
1 251 367 -1670.58
1 251 368 -1670.58
1 251 371 -835.289
1 251 379 -835.289
1 251 407 -835.289
1 251 414 -835.289
1 251 424 -835.289
1 251 598 -835.289
1 251 604 -835.289
1 251 605 -835.289
1 251 607 -835.289
1 251 610 -835.289
1 252 236 -835.289
1 252 365 -2505.87
1 252 366 -5847.02
1 252 367 -5847.02
1 252 368 -1670.58
1 252 376 -835.289
1 252 412 -835.289
1 252 416 -835.289
1 252 428 -835.289
1 252 506 -835.289
1 252 507 -835.289
1 252 528 -835.289
1 252 534 -835.289
1 252 544 -835.289
1 252 576 -835.289
1 252 591 -1670.58
1 252 596 -1812.67
1 252 597 -1670.58
1 252 598 -835.289
1 252 599 -1670.58
1 252 608 -1670.58
1 252 609 -835.289
1 252 611 -835.289
1 252 620 -835.289
1 253 259 -835.289
1 253 342 -835.289
1 253 363 -835.289
1 253 365 -1670.58
1 253 366 -5011.73
1 253 367 -3341.15
1 253 370 -835.289
1 253 375 -1670.58
1 253 404 -835.289
1 253 433 -1670.58
1 253 506 -835.289
1 253 543 -835.289
1 253 546 -835.289
1 253 547 -835.289
1 253 566 -835.289
1 253 586 -1670.58
1 253 596 -835.289
1 253 597 -3341.15
1 253 601 -835.289
1 253 604 -835.289
1 253 605 -835.289
1 253 614 -2505.87
1 254 366 -1670.58
1 254 478 -835.289
1 254 581 -835.289
1 254 584 -835.289
1 254 585 -5011.73
1 254 586 -4176.44
1 254 587 -2505.87
1 254 588 -2505.87
1 254 589 -3341.15
1 254 598 -835.289
1 254 599 -835.289
1 254 601 -1670.58
1 254 604 -1670.58
1 254 605 -835.289
1 254 606 -835.289
1 254 611 -835.289
1 255 341 -835.289
1 255 346 -835.289
1 255 371 -835.289
1 255 402 -835.289
1 255 442 -835.289
1 255 445 -835.289
1 255 461 -835.289
1 255 479 -835.289
1 255 512 -835.289
1 255 513 -835.289
1 255 526 -835.289
1 255 547 -835.289
1 255 548 -835.289
1 255 565 -835.289
1 255 583 -2505.87
1 255 584 -3341.15
1 255 585 -3341.15
1 255 586 -3341.15
1 255 587 -1670.58
1 255 588 -835.289
1 255 591 -835.289
1 255 594 -835.289
1 255 597 -835.289
1 255 600 -1670.58
1 255 607 -835.289
1 256 346 -835.289
1 256 350 -835.289
1 256 367 -835.289
1 256 373 -835.289
1 256 374 -835.289
1 256 491 -835.289
1 256 526 -835.289
1 256 531 -2505.87
1 256 532 -835.289
1 256 547 -835.289
1 256 548 -1670.58
1 256 549 -835.289
1 256 575 -835.289
1 256 578 -1670.58
1 256 580 -835.289
1 256 584 -2505.87
1 256 585 -1670.58
1 256 592 -1670.58
1 256 594 -5848.86
1 256 595 -3341.15
1 256 607 -3341.15
1 256 608 -1670.58
1 256 609 -835.289
1 257 330 -835.289
1 257 461 -835.289
1 257 497 -835.289
1 257 503 -835.289
1 257 506 -835.289
1 257 512 -835.289
1 257 527 -2505.87
1 257 529 -835.289
1 257 532 -835.289
1 257 549 -835.289
1 257 574 -835.289
1 257 575 -2505.87
1 257 584 -2505.87
1 257 585 -2505.87
1 257 593 -1670.58
1 257 594 -6682.31
1 257 595 -3341.15
1 257 597 -1670.58
1 257 606 -5847.02
1 257 607 -835.289
1 258 307 -835.289
1 258 330 -835.289
1 258 366 -835.289
1 258 485 -1670.58
1 258 489 -1670.58
1 258 491 -835.289
1 258 493 -835.289
1 258 494 -835.289
1 258 496 -835.289
1 258 497 -835.289
1 258 498 -2505.87
1 258 499 -1670.58
1 258 502 -835.289
1 258 503 -835.289
1 258 529 -1670.58
1 258 531 -835.289
1 258 532 -835.289
1 258 533 -1670.58
1 258 535 -835.289
1 258 546 -835.289
1 258 550 -835.289
1 258 556 -1670.58
1 258 564 -835.289
1 258 576 -835.289
1 258 583 -835.289
1 258 584 -2505.87
1 258 586 -2505.87
1 258 594 -2505.87
1 258 606 -4176.44
1 258 607 -835.289
1 259 346 -835.289
1 259 369 -1670.58
1 259 402 -835.289
1 259 444 -835.289
1 259 456 -835.289
1 259 485 -835.289
1 259 486 -835.289
1 259 488 -835.289
1 259 489 -835.289
1 259 490 -1670.58
1 259 509 -1670.58
1 259 510 -835.289
1 259 522 -835.289
1 259 528 -835.289
1 259 529 -835.289
1 259 531 -835.289
1 259 532 -835.289
1 259 545 -835.289
1 259 549 -835.289
1 259 554 -1670.58
1 259 555 -1670.58
1 259 556 -2505.87
1 259 557 -2505.87
1 259 575 -3341.15
1 259 576 -835.289
1 259 579 -835.289
1 259 584 -835.289
1 259 585 -3341.15
1 259 586 -1670.58
1 260 369 -1670.58
1 260 404 -1670.58
1 260 443 -835.289
1 260 454 -835.289
1 260 485 -835.289
1 260 486 -1670.58
1 260 487 -835.289
1 260 492 -835.289
1 260 499 -835.289
1 260 502 -1670.58
1 260 517 -835.289
1 260 527 -835.289
1 260 545 -2505.87
1 260 548 -835.289
1 260 554 -835.289
1 260 556 -835.289
1 260 567 -835.289
1 260 576 -835.289
1 260 577 -835.289
1 261 397 -835.289
1 261 404 -835.289
1 261 444 -835.289
1 261 483 -835.289
1 261 487 -835.289
1 261 501 -835.289
1 261 502 -835.289
1 261 545 -835.289
1 261 551 -835.289
1 261 552 -835.289
1 261 565 -835.289
1 262 254 -835.289
1 262 353 -1670.58
1 262 369 -835.289
1 262 425 -835.289
1 262 443 -835.289
1 262 458 -835.289
1 262 483 -1670.58
1 262 493 -835.289
1 262 501 -835.289
1 262 502 -835.289
1 262 523 -835.289
1 262 524 -835.289
1 262 535 -835.289
1 262 536 -835.289
1 262 537 -835.289
1 262 542 -835.289
1 262 546 -835.289
1 262 584 -835.289
1 262 587 -835.289
1 263 355 -835.289
1 263 415 -835.289
1 263 484 -835.289
1 263 493 -835.289
1 263 509 -835.289
1 263 522 -835.289
1 263 523 -1670.58
1 263 524 -1670.58
1 263 541 -1670.58
1 263 542 -835.289
1 263 543 -835.289
1 263 546 -1670.58
1 263 576 -835.289
1 263 579 -835.289
1 263 581 -3341.15
1 264 369 -835.289
1 264 379 -895.1
1 264 481 -835.289
1 264 482 -835.289
1 264 493 -835.289
1 264 503 -835.289
1 264 504 -835.289
1 264 516 -835.289
1 264 521 -2505.87
1 264 527 -835.289
1 264 543 -3341.15
1 264 568 -835.289
1 264 575 -835.289
1 264 576 -1670.58
1 265 336 -835.289
1 265 367 -1701.97
1 265 457 -835.289
1 265 459 -835.289
1 265 511 -835.289
1 265 516 -835.289
1 265 520 -835.289
1 265 524 -1134.13
1 265 568 -1670.58
1 266 314 -835.289
1 266 413 -835.289
1 266 456 -835.289
1 266 478 -835.289
1 266 481 -835.289
1 266 483 -835.289
1 266 484 -835.289
1 266 485 -835.289
1 266 492 -835.289
1 266 498 -835.289
1 266 505 -835.289
1 266 518 -835.289
1 266 523 -835.289
1 266 543 -835.289
1 266 545 -835.289
1 266 549 -835.289
1 266 555 -835.289
1 267 337 -835.289
1 267 365 -835.289
1 267 381 -835.289
1 267 459 -835.289
1 267 460 -1670.58
1 267 505 -835.289
1 267 507 -835.289
1 267 543 -835.289
1 267 544 -1670.58
1 267 549 -835.289
1 267 553 -2505.87
1 267 562 -835.289
1 268 507 -1670.58
1 268 540 -835.289
1 268 541 -835.289
1 268 542 -1670.58
1 268 543 -3341.15
1 268 544 -1670.58
1 268 549 -835.289
1 268 551 -835.289
1 268 552 -835.289
1 268 553 -835.289
1 269 362 -835.289
1 269 505 -1670.58
1 269 507 -835.289
1 269 528 -835.289
1 269 543 -835.289
1 269 547 -1670.58
1 270 474 -835.289
1 270 475 -1670.58
1 270 479 -835.289
1 270 491 -835.289
1 270 504 -835.289
1 270 507 -835.289
1 270 526 -835.289
1 271 375 -835.289
1 271 388 -835.289
1 271 479 -835.289
1 271 481 -835.289
1 271 487 -835.289
1 271 491 -835.289
1 271 526 -835.289
1 272 469 -835.289
1 272 493 -835.289
1 272 495 -1670.58
1 272 496 -835.289
1 272 502 -835.289
1 272 526 -2505.87
1 273 441 -835.289
1 273 462 -835.289
1 273 526 -835.289
1 275 463 -835.289
1 275 480 -835.289
1 275 502 -835.289
1 275 504 -835.289
1 276 502 -835.289
1 277 393 -835.289
1 279 459 -835.289
1 280 563 -835.289
1 282 434 -835.289
1 282 435 -835.289
1 283 461 -835.289
1 283 482 -835.289
1 283 483 -835.289
1 285 437 -835.289
1 285 482 -835.289
1 285 483 -835.289
1 286 377 -835.289
1 286 464 -835.289
1 288 469 -835.289
1 289 362 -835.289
1 289 443 -835.289
1 292 358 -835.289
1 293 390 -2505.87
1 293 391 -835.289
1 296 390 -835.289
1 301 359 -835.289
1 301 378 -835.289
1 85 106 -835.289
1 92 112 -1670.58
1 93 117 -835.289
1 97 89 -835.289
1 98 101 -835.289
1 99 126 -835.289
1 99 136 -835.289
1 147 119 -15286.8
1 148 187 -51926.3
1 150 114 -22583.8
1 153 113 -28489.6
1 156 158 -74194.2
1 157 160 -28778.4
1 167 186 -35708.0
1 170 169 -90157.3
1 197 280 -18070.4
1 199 225 -136441.0
1 210 300 -60549.8
1 234 285 -9692.8
1 244 234 -189445.0
1 259 541 -39.673
1 265 469 -71.1095
1 267 479 -1789.35
1 272 454 -56.5771
1 285 433 -20442.8
1 299 360 -18295.2
1 131 118 -3431.97
1 132 183 -31928.1
1 140 173 -46764.9
1 142 121 -28995.5
1 155 192 -26382.6
1 157 190 -81.7036
1 158 205 -99527.6
1 164 258 -96998.3
1 169 164 -64827.1
1 172 162 -34366.6
1 172 163 -1186.88
1 173 196 -780.092
1 175 213 -112981.0
1 202 295 -7601.92
1 203 296 -164025.0
1 214 174 -46551.3
1 218 173 -24435.5
1 226 358 -4492.13
1 256 333 -15907.8
1 262 350 -517.099
1 265 349 -8866.57
1 267 346 -23321.5
1 269 347 -66.0426
1 274 431 -963377.0
1 285 357 -17390.3
1 293 378 -7956.52
1 299 335 -120844.0
1 144 130 -15245.1
1 148 113 -24381.0
1 149 118 -54530.1
1 152 177 -17568.7
1 152 183 -7399.58
1 153 185 -50577.4
1 153 212 -47709.4
1 154 128 -243.563
1 155 180 -9577.58
1 155 187 -42378.3
1 159 188 -9949.95
1 162 171 -124374.0
1 164 159 -90254.9
1 167 163 -56206.5
1 170 217 -111894.0
1 175 178 -6917.15
1 188 287 -2705.72
1 201 279 -129732.0
1 221 294 -73117.6
1 222 252 -85438.0
1 222 266 -1121.25
1 224 273 -113741.0
1 225 248 -2572.85
1 226 361 -13273.2
1 234 319 -7025.81
1 235 317 -43560.0
1 237 292 -127048.0
1 238 244 -0.205377
1 245 243 -23793.6
1 248 238 -159950.0
1 248 331 -13545.8
1 259 347 -73245.4
1 266 345 -57101.5
1 271 268 -51487.9
1 274 278 -24643.7
1 289 355 -22047.0
1 296 391 -30.9135
1 296 393 -29342.6
1 140 166 -111810.0
1 141 116 -9706.18
1 141 165 -12534.0
1 142 185 -92038.1
1 143 184 -27541.2
1 144 186 -39906.6
1 145 114 -40047.8
1 146 150 -28103.2
1 146 180 -85008.2
1 147 148 -26698.1
1 147 171 -63232.3
1 149 181 -79520.7
1 149 202 -45915.1
1 150 172 -84309.7
1 150 183 -54933.2
1 150 186 -61844.3
1 151 181 -18361.2
1 151 189 -77002.8
1 151 211 -23785.1
1 152 180 -362.532
1 153 188 -156254.0
1 164 124 -1665.12
1 165 167 -64549.0
1 168 164 -138637.0
1 168 166 -18475.1
1 170 115 -26124.0
1 176 222 -7025.81
1 184 210 -9840.34
1 189 288 -11477.4
1 193 280 -3067.47
1 206 280 -72177.5
1 209 273 -178002.0
1 209 281 -114952.0
1 210 249 -24871.7
1 211 263 -102502.0
1 211 296 -22942.1
1 213 270 -65223.4
1 219 272 -54502.0
1 221 302 -2152.71
1 221 317 -152631.0
1 224 287 -4007.28
1 227 344 -120839.0
1 228 354 -27458.3
1 230 352 -124172.0
1 231 270 -34192.8
1 231 347 -23190.9
1 235 295 -11929.8
1 236 320 -47775.5
1 236 342 -59881.4
1 236 344 -31679.9
1 240 337 -17639.0
1 240 357 -27107.5
1 244 333 -4700.85
1 246 332 -12646.5
1 246 337 -351.29
1 251 334 -114439.0
1 258 345 -13805.7
1 260 345 -63153.6
1 261 340 -15277.8
1 261 351 -19.2414
1 262 286 -16564.0
1 263 344 -24835.7
1 263 350 -9.42027
1 265 517 -47.7801
1 267 321 -107513.0
1 270 267 -34491.1
1 271 355 -69849.2
1 278 502 -1385.08
1 281 331 -70350.8
1 284 333 -7728.63
1 289 371 -34655.2
1 290 371 -35311.7
1 296 358 -96956.1
1 297 356 -24056.4
1 299 347 -0.200431
1 131 125 -30202.5
1 135 126 -41495.8
1 138 125 -36125.3
1 142 169 -20892.7
1 146 146 -13490.0
1 152 213 -26286.4
1 156 214 -57284.2
1 161 185 -112867.0
1 163 186 -16926.6
1 166 203 -984.985
1 168 216 -65916.1
1 183 232 -136887.0
1 192 232 -312182.0
1 193 235 -125086.0
1 201 310 -1842.43
1 211 195 -2669.24
1 215 261 -27789.9
1 221 339 -63757.7
1 222 324 -24170.2
1 230 358 -33204.0
1 233 341 -8151.34
1 242 618 -21823.6
1 248 344 -7075.91
1 263 345 -27085.2
1 263 427 -2.1992599999999998
1 263 570 -162.142
1 265 414 -127.212
1 268 366 -5355.07
1 286 302 -13423.5
1 292 360 -3904.94
1 293 357 -30309.3
1 297 439 -737.4
1 132 120 -30531.3
1 134 126 -25557.1
1 135 122 -28233.9
1 150 118 -56269.6
1 150 121 -88230.2
1 150 127 -1590.68
1 152 118 -47564.7
1 153 122 -13940.2
1 153 123 -26252.6
1 155 125 -20006.7
1 156 124 -20927.1
1 158 138 -29615.0
1 158 140 -49902.4
1 160 139 -45889.8
1 181 126 -142645.0
1 189 126 -275.41200000000003
1 215 296 -19700.4
1 224 257 -777.8969999999999
1 230 223 -25485.1
1 260 337 -4134.66
1 276 359 -49421.8
1 281 445 -422.681
1 137 168 -8685.3
1 149 213 -112982.0
1 189 195 -48061.9
1 190 250 -17320.3
1 192 197 -119111.0
1 210 253 -89483.5
1 217 236 -90838.1
1 245 324 -8585.54
1 247 330 -2.15614
1 270 480 -125.876
1 151 118 -45544.1
1 188 197 -27610.0
1 188 204 -28478.7
1 203 340 -356.626
1 208 226 -40092.1
1 211 266 -75818.5
1 213 276 -5185.52
1 214 274 -28950.9
1 220 278 -149622.0
1 223 372 -5829.17
1 236 317 -26698.1
1 239 385 -10058.4
1 239 406 -106.51299999999999
1 241 238 -49250.5
1 245 408 -11448.7
1 246 320 -13379.9
1 248 454 -1629.99
1 259 351 -3955.83
1 262 585 -226.697
1 263 492 -12.8953
1 267 449 -1754.67
1 269 360 -10690.1
1 272 360 -90575.3
1 273 340 -953.2510000000001
1 273 521 -10780.7
1 274 327 -15176.9
1 274 521 -150.866
1 275 465 -122.25299999999999
1 290 322 -130631.0
1 292 458 -77.6211
1 294 354 -625.297
1 147 116 -35854.1
1 147 183 -45955.8
1 258 337 -151.52100000000002
1 259 439 -278.142
1 268 484 -54.5348
1 281 328 -79929.8
1 257 342 -10937.2
1 201 251 -92407.6
1 251 286 -9465.17
1 264 441 -83.5289
1 294 356 -6143.37
1 144 132 -434.598
1 257 404 -123352.0
1 136 173 -13602.0
1 144 189 -33477.3
1 154 122 -28166.5
1 161 179 -37771.2
1 164 169 -21077.4
1 167 128 -101749.0
1 167 247 -909.1389999999999
1 183 124 -102758.0
1 183 205 -105.671
1 186 125 -42568.0
1 186 209 -20748.6
1 204 300 -67.3147
1 215 269 -982.2080000000001
1 225 242 -82904.5
1 226 375 -254584.0
1 238 302 -10808.3
1 244 321 -33625.5
1 245 406 -1319.3
1 247 591 -416.99800000000005
1 248 590 -0.862456
1 248 593 -244.50599999999997
1 251 614 -1427.71
1 255 333 -48372.7
1 256 443 -657.882
1 258 339 -1730.09
1 258 416 -134.974
1 263 583 -716.4860000000001
1 266 470 -814.633
1 269 482 -209.676
1 270 476 -2386.42
1 273 523 -238311.0
1 274 506 -9631.26
1 275 479 -30436.9
1 280 458 -577.126
1 297 388 -791.304
1 221 300 -5380.71
1 140 116 -63412.1
1 272 494 -220.53
1 134 167 -10624.4
1 158 122 -2499.45
1 159 157 -103281.0
1 211 290 -9836.13
1 225 289 -33068.9
1 226 330 -37594.5
1 237 406 -670.9730000000001
1 244 430 -1100.37
1 247 342 -150.067
1 253 427 -202.67700000000002
1 253 443 -2526.37
1 254 398 -18.8015
1 254 442 -454.332
1 254 444 -52.9548
1 254 445 -16.0216
1 256 445 -3779.71
1 261 369 -0.431228
1 262 555 -89.9326
1 263 448 -81.9333
1 271 364 -35414.3
1 271 471 -112.07600000000001
1 271 489 -1276.44
1 272 371 -475.515
1 273 520 -0.291529
1 275 371 -1660.9
1 289 321 -29529.8
1 262 394 -874207.0
1 271 492 -65.8054
1 167 168 -35253.5
1 157 122 -253.86900000000003
1 160 136 -33.6133
1 169 201 -42803.3
1 211 313 -49.5481
1 212 315 -302.735
1 214 287 -285.904
1 224 372 -2777.11
1 246 609 -2783.58
1 247 590 -2743.04
1 255 446 -553.697
1 261 524 -888.062
1 270 482 -79.9726
1 276 386 -210.87099999999998
1 291 458 -152.66299999999998
1 295 390 -11550.5
1 297 384 -246.641
1 297 387 -75.592
1 165 158 -32745.9
1 145 147 -223.894
1 257 443 -1371.31
1 258 456 -2.88519
1 170 249 -2655.07
1 234 400 -12.4194
1 237 378 -28.8923
1 240 386 -172.27599999999998
1 241 353 -42.3125
1 244 330 -20185.1
1 248 343 -127.68700000000001
1 252 457 -148.946
1 253 400 -272.476
1 254 370 -19.778
1 254 400 -60.9196
1 255 373 -272.967
1 261 362 -89195.2
1 262 441 -66.5816
1 263 353 -14.0149
1 274 527 -213.75
1 276 469 -22.8551
1 276 484 -174.48
1 277 429 -1586.4
1 282 451 -3369.19
1 279 477 -214.18099999999998
1 207 193 -121188.0
1 145 139 -893.5419999999999
1 150 115 -76626.3
1 206 299 -35.3765
1 239 305 -991.5210000000001
1 261 461 -273.399
1 289 412 -4.77499
1 233 400 -25118.8
1 268 360 -1660.23
1 117 117 -155.358
1 183 311 -1895.68
1 220 175 -27582.3
1 244 355 -33316.7
1 245 261 -12177.9
1 290 355 -124703.0
1 264 474 -14.1012
1 201 297 -128.233
1 207 298 -31.3503
1 232 373 -402.595
1 233 392 -143.207
1 234 236 -4206.63
1 234 401 -99.2687
1 235 390 -177.127
1 236 398 -2415.79
1 237 390 -199.227
1 237 399 -84.7363
1 241 374 -48.9875
1 248 606 -235.52
1 249 411 -310.23
1 253 442 -1216.06
1 254 600 -201.25
1 258 597 -213.113
1 259 428 -1216.49
1 263 467 -64416.4
1 263 468 -23620.5
1 267 481 -898.263
1 268 457 -15.4069
1 281 429 -1013.0
1 283 394 -33.4202
1 284 436 -6472.73
1 237 382 -1031.07
1 240 379 -1410.12
1 144 126 -36740.8
1 148 141 -70682.4
1 223 371 -84.0464
1 257 456 -66.9697
1 160 142 -15.4352
1 247 419 -3.4498300000000004
1 272 448 -1672.3
1 290 441 -352.57199999999995
1 257 602 -97.0479
1 176 219 -115.29299999999999
1 209 228 -7167.73
1 256 590 -129.094
1 290 403 -149.179
1 250 618 -4433.46
1 261 581 -116.432
1 241 405 -712.6419999999999
1 251 362 -123865.0
1 271 484 -88.0956
1 235 358 -728.745
1 254 368 -1450.71
1 261 424 -551.972
1 290 463 -6188.12
1 279 465 -67.1207
1 175 246 -2.05313
1 231 201 -10325.1
1 240 393 -37.1719
1 282 445 -0.004312
1 255 399 -440.715
1 267 483 -1661.47
1 243 350 -3267.85
1 244 406 -2.71674
1 288 370 -9.05579
1 162 138 -2.8288599999999997
1 218 352 -25510.4
1 259 459 -7.072139999999999
1 251 431 -1567.6
1 292 373 -11.6418
1 227 282 -40.3025
1 265 476 -13.0231
1 251 330 -34.4983
1 185 272 -10.8123
1 235 401 -17.2922
1 271 480 -18.3272
1 259 438 -11.9019
1 272 492 -33.555
1 243 423 -13.6699
1 259 448 -216.261
1 271 535 -1274.83
1 244 609 -19.7934
1 160 144 -62.3574
1 271 517 -1490.76
1 212 180 -1765.6
1 271 536 -164.981
1 217 228 -1315.25
1 252 431 -1517.49
1 186 275 -7585.06
1 174 184 -487.935
1 250 444 -348.546
1 201 245 -25589.4
1 237 397 -2802.98
1 252 401 -4210.94
1 201 299 -66223.1
1 258 419 -739457.0
1 261 540 -2511.49
