1 62 1 3798.3
1 61 2 3770.7
1 60 3 3749.7
1 59 4 3733.5
1 58 5 3721.5
1 57 6 3713.4
1 56 7 3709.2
1 55 8 3709.0
1 54 9 3713.4
1 53 10 3722.5
1 52 11 3736.7
1 51 12 3755.5
1 49 13 3767.8
1 50 13 3777.1
1 48 14 3789.3
1 47 15 3784.5
1 46 16 3776.7
1 45 17 3766.9
1 45 18 3767.6
1 45 19 3768.3
1 44 20 3756.4
1 44 21 3756.2
1 44 22 3755.5
1 44 23 3754.2
1 44 24 3752.2
1 44 25 3749.4
1 44 26 3745.6
1 44 27 3740.7
1 44 28 3734.5
1 44 29 3727.0
1 44 30 3717.9
1 44 31 3707.0
1 44 32 3694.2
1 44 33 3679.1
1 44 34 3661.5
1 44 35 3641.1
1 44 36 3617.4
1 44 37 3589.8
1 44 38 3557.8
1 44 39 3520.3
1 44 40 3476.1
1 44 41 3422.8
1 43 42 3304.0
1 43 43 3265.0
1 43 44 3203.3
1 42 45 3052.1
1 42 46 2997.6
1 40 47 2765.7
1 41 47 2812.0
1 40 48 2729.6
1 40 49 2663.5
1 40 50 2567.6
1 35 78 4859.7
1 35 79 4888.1
1 34 80 4945.1
1 33 81 5025.5
1 32 82 5089.1
1 31 83 5102.5
1 30 84 5114.2
1 29 85 5123.1
1 28 86 5145.4
1 27 87 5164.2
1 26 88 5190.3
1 25 89 5217.8
1 25 90 5254.2
1 24 91 5241.3
1 24 92 5256.5
1 24 93 5293.6
1 24 94 5330.6
1 23 95 5345.7
1 23 96 5386.0
1 23 97 5422.3
1 22 98 5430.3
1 22 99 5471.4
1 22 100 5508.4
1 22 101 5545.7
1 21 102 5566.0
1 21 103 5611.1
1 20 104 5633.2
1 20 105 5675.7
1 19 106 5707.7
1 19 107 5752.1
1 18 108 5788.7
1 18 109 5828.5
1 17 110 5747.7
1 17 111 5758.8
1 17 112 5868.1
1 65 109 6030.5
1 66 109 6027.0
1 67 109 5976.4
1 68 109 5941.6
1 69 109 5951.1
1 62 110 5964.5
1 63 110 6002.2
1 64 110 6023.1
1 70 110 6040.0
1 60 111 5859.4
1 61 111 5880.9
1 71 111 6106.0
1 37 112 5647.1
1 38 112 5707.3
1 39 112 5768.9
1 40 112 5814.4
1 41 112 5851.4
1 42 112 5873.4
1 43 112 5884.6
1 44 112 5893.7
1 45 112 5900.9
1 46 112 5910.4
1 47 112 5919.3
1 48 112 5936.9
1 55 112 5739.6
1 56 112 5761.3
1 57 112 5778.4
1 58 112 5795.2
1 59 112 5810.1
1 72 112 6143.0
1 16 113 5956.8
1 33 113 5631.7
1 34 113 5615.1
1 35 113 5599.2
1 36 113 5578.7
1 49 113 5930.6
1 50 113 5908.4
1 51 113 5855.3
1 52 113 5800.7
1 53 113 5744.1
1 54 113 5707.4
1 73 113 6175.3
1 16 114 6015.9
1 29 114 5721.3
1 30 114 5696.1
1 31 114 5668.3
1 32 114 5633.3
1 74 114 6198.4
1 75 114 6202.5
1 16 115 6072.6
1 25 115 5833.0
1 26 115 5810.2
1 27 115 5781.0
1 28 115 5741.0
1 76 115 6234.3
1 16 116 6127.9
1 21 116 5975.7
1 22 116 5990.6
1 23 116 5903.4
1 24 116 5863.2
1 77 116 6249.5
1 78 116 6247.6
1 79 116 6260.2
1 16 117 6182.1
1 20 117 6023.7
1 80 117 6281.1
1 81 117 6279.2
1 82 117 6258.6
1 83 117 6231.1
1 84 117 6202.0
1 16 118 6219.5
1 17 118 6185.7
1 18 118 6138.6
1 19 118 6085.1
1 85 118 6131.5
1 85 119 6089.7
1 86 120 6072.5
1 86 121 6095.2
1 86 122 6120.0
1 86 123 6137.3
1 86 124 6149.7
1 86 125 6159.3
1 86 126 6166.4
1 86 127 6170.1
1 86 128 6170.7
1 86 129 6169.0
1 86 130 6166.3
1 86 131 6162.1
1 86 132 6155.2
1 86 133 6146.5
1 86 134 6134.7
1 86 135 6118.8
1 86 136 6099.7
1 85 137 6050.6
1 85 138 6037.7
1 84 139 6032.8
1 83 140 6073.8
1 82 141 6157.7
1 82 142 6174.0
1 81 143 6226.7
1 80 144 6287.2
1 79 145 6356.2
1 78 146 6419.8
1 77 147 6487.1
1 76 148 6559.0
1 75 149 6636.4
1 75 150 6700.7
1 75 151 6761.3
1 75 152 6821.9
1 75 153 6868.8
1 76 154 6862.0
1 77 154 6849.2
1 78 154 6839.0
1 79 155 6827.7
1 80 155 6815.1
1 81 156 6797.5
1 82 157 6771.0
1 82 158 6748.6
1 83 158 6734.5
1 84 159 6704.6
1 84 160 6676.8
1 84 161 6652.4
1 84 162 6628.5
1 85 163 6603.4
1 86 164 6574.0
1 87 165 6537.0
1 88 166 6502.2
1 89 167 6468.6
1 90 168 6387.2
1 90 169 6337.2
1 91 170 6269.8
1 92 171 6198.4
1 93 172 6167.7
1 94 173 6141.2
1 94 174 6138.8
1 95 175 6123.4
1 95 176 6109.0
1 95 177 6113.7
1 95 178 6120.7
1 95 179 6126.0
1 96 180 5954.7
1 97 181 5971.7
1 98 182 5989.2
1 99 183 6006.7
1 100 184 6022.5
1 101 185 6037.9
1 102 185 6046.3
1 103 185 6061.9
1 104 186 6096.3
1 105 186 6097.4
1 106 187 6100.6
1 107 188 6096.4
1 108 189 5914.1
1 108 190 5916.1
1 108 191 5917.1
1 108 192 5916.7
1 108 193 5912.5
1 107 194 5707.4
1 107 195 5703.4
1 107 196 5695.6
1 107 197 5685.3
1 107 198 5673.3
1 106 199 5634.9
1 106 200 5622.0
1 105 201 5576.1
1 105 202 5562.9
1 104 203 5522.4
1 104 204 5513.7
1 104 205 5498.7
1 104 206 5477.3
1 104 207 5444.2
1 98 208 5460.6
1 99 208 5470.7
1 100 208 5483.1
1 101 208 5496.0
1 102 208 5513.7
1 103 208 5542.4
1 97 209 5451.3
1 97 210 5450.1
1 97 211 5446.0
1 97 212 5440.7
1 96 213 5424.1
1 95 214 5416.7
1 95 215 5415.4
1 94 216 5408.0
1 94 217 5407.1
1 94 218 5406.4
1 95 219 5410.6
1 96 220 5414.1
1 97 221 5418.0
1 97 222 5416.9
1 98 223 5420.2
1 98 224 5418.8
1 99 225 5422.9
1 99 226 5421.0
1 100 227 5242.1
1 128 227 5398.5
1 129 227 5461.6
1 101 228 5248.0
1 107 228 5142.9
1 108 228 5167.8
1 109 228 5196.4
1 110 228 5228.4
1 111 228 5263.1
1 125 228 5283.4
1 126 228 5309.8
1 127 228 5318.0
1 130 228 5187.6
1 131 228 5194.1
1 132 228 5188.2
1 133 228 5189.3
1 134 228 5195.5
1 135 228 5209.9
1 136 228 5226.9
1 137 228 5240.2
1 138 228 5267.0
1 102 229 5252.8
1 106 229 5280.7
1 112 229 5117.3
1 118 229 5143.6
1 119 229 5162.0
1 120 229 5177.9
1 121 229 5192.0
1 122 229 5203.3
1 123 229 5212.7
1 124 229 5215.2
1 139 229 5340.3
1 103 230 5256.3
1 104 230 5258.9
1 105 230 5261.9
1 113 230 5133.9
1 114 230 5125.4
1 115 230 5121.1
1 116 230 5118.6
1 117 230 5110.7
1 140 230 5307.1
1 139 231 5374.7
1 137 232 5411.3
1 138 232 5410.6
1 136 233 5414.6
1 135 234 5407.4
1 133 235 5374.7
1 134 235 5388.0
1 132 236 5357.8
1 130 237 5314.5
1 131 237 5329.7
1 129 238 5303.3
1 128 239 5287.2
1 127 240 5267.3
1 127 241 5257.5
1 127 242 5244.6
1 128 243 5252.9
1 129 244 5251.2
1 129 245 5238.5
1 130 246 5234.7
1 131 246 5233.6
1 132 246 5236.5
1 133 246 5245.8
1 134 246 5263.2
1 135 246 5289.6
1 136 246 5316.8
1 137 246 5336.8
1 138 246 5358.8
1 139 247 5409.5
1 140 247 5434.0
1 141 247 5471.5
1 142 247 5514.8
1 143 248 5577.8
1 144 249 5671.3
1 144 250 5698.1
1 145 251 5749.9
1 145 252 5775.5
1 145 253 5795.8
1 146 254 5829.1
1 146 255 5826.5
1 146 256 5820.5
1 146 257 5812.6
1 146 258 5802.4
1 146 259 5790.6
1 146 260 5777.2
1 146 261 5764.9
1 146 262 5751.7
1 146 263 5738.5
1 146 264 5728.4
1 146 265 0.0
1 147 266 5482.8
1 147 267 5453.7
1 147 268 5428.8
1 147 269 5389.1
1 147 270 5356.1
1 148 271 5306.0
1 148 272 5279.2
1 148 273 5252.1
1 148 274 5230.3
1 149 274 5215.4
1 149 275 5175.8
1 149 276 5143.6
1 149 277 5091.0
1 149 278 5036.4
1 150 279 5132.7
1 150 280 5087.7
1 150 281 5046.5
1 150 282 5016.2
1 151 283 4932.5
1 151 284 4888.7
1 151 285 4855.4
1 152 286 4761.4
1 152 287 4706.8
1 152 288 4662.5
1 152 289 4628.0
1 153 290 4722.8
1 153 291 4696.3
1 153 292 4704.2
1 154 293 4715.0
1 154 294 4726.6
1 154 295 4736.1
1 154 296 4742.2
1 155 297 4760.1
1 155 298 4763.9
1 156 299 4586.8
1 157 299 4593.1
1 158 299 4602.6
1 159 299 4615.1
1 160 299 4631.1
1 161 299 4650.5
1 162 300 4681.7
1 162 301 4684.5
1 162 302 4683.6
1 162 303 4681.0
1 162 304 4678.3
1 163 305 4857.4
1 163 306 4848.4
1 163 307 4838.6
1 163 308 4829.3
1 163 309 4823.2
1 164 310 5039.4
1 165 311 5081.0
1 166 312 5152.7
1 167 313 5211.3
1 168 314 5244.2
1 168 315 5076.7
1 168 316 5081.0
1 169 316 5088.5
1 169 317 5094.3
1 170 317 5104.1
1 171 318 5105.2
1 171 319 5081.8
1 172 320 5033.9
1 172 321 4986.4
1 172 322 4938.1
1 172 323 4887.1
1 172 324 4847.4
1 173 325 4845.9
1 173 326 4849.5
1 173 327 4851.3
1 174 328 4860.7
1 174 329 4862.3
1 174 330 4863.3
1 175 331 4867.8
1 176 331 4871.8
1 177 331 4877.7
1 178 332 4887.1
1 179 333 4889.7
1 179 334 4886.6
1 179 335 4883.5
1 180 336 4881.0
1 181 337 4872.5
1 181 338 4867.8
1 187 338 4741.0
1 188 338 4762.1
1 189 338 4779.7
1 190 338 4793.4
1 182 339 4858.5
1 186 339 4873.5
1 191 339 4797.0
1 192 339 5216.0
1 182 340 4852.5
1 186 340 4857.8
1 193 340 5215.3
1 182 341 4848.9
1 186 341 4847.8
1 194 341 5215.2
1 195 341 5216.8
1 183 342 4845.3
1 184 342 4845.1
1 185 342 4844.6
1 186 342 4843.5
1 196 342 5216.5
1 196 343 5214.4
1 197 344 5213.3
1 198 345 5210.9
1 199 346 5208.8
1 200 346 5210.4
1 201 346 5212.6
1 202 346 5214.7
1 203 346 5215.5
1 204 346 4514.28
1 205 347 5199.5
1 206 347 5193.3
1 207 348 5398.8
1 207 349 5496.1
1 207 350 5637.0
1 206 351 5696.9
1 205 352 5701.7
1 205 353 5706.2
1 205 354 5711.2
1 206 355 5734.1
1 206 356 5742.3
1 207 357 5767.0
1 208 357 5784.2
1 209 358 5465.4
1 210 359 5522.7
1 211 359 5550.7
1 212 360 5470.5
1 212 361 5507.7
1 208 362 5529.9
1 209 362 5534.6
1 210 362 5541.7
1 211 362 5547.4
1 207 363 5526.1
1 206 364 5520.7
1 206 365 5522.0
1 206 366 5522.2
1 206 367 5521.4
1 206 368 5520.4
1 206 369 5519.2
1 207 369 5525.6
1 208 369 5542.1
1 209 369 5563.8
1 210 369 5588.2
1 211 369 5618.5
1 212 369 5654.9
1 213 369 5699.1
1 214 370 5595.6
1 215 370 5629.4
1 216 372 5626.7
1 214 373 5263.1
1 215 373 5351.3
1 214 374 5220.0
1 213 375 5270.2
1 212 376 5247.8
1 211 377 5194.7
1 211 378 5183.6
1 211 379 5178.1
1 211 380 5180.2
1 211 381 5189.3
1 211 382 5243.7
1 211 383 5293.5
1 212 384 45000.0
1 212 385 45000.0
1 212 386 45000.0
1 212 387 45000.0
1 212 388 45000.0
1 212 389 45000.0
1 212 390 45000.0
1 212 391 45000.0
1 212 392 45000.0
1 212 393 45000.0
1 213 394 45000.0
1 213 395 45000.0
1 213 396 45000.0
1 213 397 45000.0
1 213 398 45000.0
1 213 399 45000.0
1 213 400 45000.0
1 213 401 45000.0
1 213 402 45000.0
1 214 403 45000.0
1 214 404 45000.0
1 214 405 45000.0
1 214 406 45000.0
1 214 407 45000.0
1 214 409 45000.0
1 214 410 45000.0
1 214 411 45000.0
1 214 412 45000.0
1 214 413 45000.0
1 214 414 45000.0
1 214 415 45000.0
1 215 416 45000.0
1 215 417 45000.0
1 227 417 45000.0
1 228 417 45000.0
1 229 417 45000.0
1 216 418 45000.0
1 226 418 45000.0
1 230 418 45000.0
1 217 419 45000.0
1 218 419 45000.0
1 219 419 45000.0
1 220 419 45000.0
1 221 419 45000.0
1 222 419 45000.0
1 223 419 45000.0
1 224 419 45000.0
1 225 419 45000.0
1 229 419 45000.0
1 229 420 45000.0
1 226 421 45000.0
1 227 421 45000.0
1 228 421 45000.0
1 224 422 45000.0
1 225 422 45000.0
1 224 423 45000.0
1 224 424 45000.0
1 225 424 45000.0
1 226 424 45000.0
1 227 424 45000.0
1 228 424 45000.0
1 229 425 45000.0
1 229 426 45000.0
1 229 427 45000.0
1 229 428 45000.0
1 229 429 45000.0
1 228 430 45000.0
1 228 431 45000.0
1 228 432 45000.0
1 228 433 45000.0
1 228 434 45000.0
1 228 435 45000.0
1 229 435 45000.0
1 230 436 45000.0
1 230 437 45000.0
1 230 438 45000.0
1 230 439 45000.0
1 230 440 45000.0
1 230 441 45000.0
1 230 442 45000.0
1 230 443 45000.0
1 230 444 45000.0
1 230 445 45000.0
1 230 446 45000.0
1 230 447 45000.0
1 230 448 45000.0
1 230 449 45000.0
1 230 450 45000.0
1 230 451 45000.0
1 230 452 45000.0
1 230 453 45000.0
1 230 454 45000.0
1 230 455 45000.0
1 230 456 45000.0
1 231 457 45000.0
1 231 458 45000.0
1 231 459 45000.0
1 231 460 45000.0
1 232 461 45000.0
1 232 462 45000.0
1 232 463 45000.0
1 232 464 45000.0
1 233 464 45000.0
1 234 464 45000.0
1 235 464 45000.0
1 236 464 45000.0
1 237 464 45000.0
1 238 464 45000.0
1 239 465 45000.0
1 239 466 45000.0
1 239 467 5337.1
1 238 468 5337.1
1 238 469 5337.1
1 238 470 5337.1
1 239 471 5337.1
1 240 471 5337.1
1 241 472 5337.1
1 242 472 5337.1
1 243 472 5337.1
1 244 473 5337.1
1 245 474 5337.1
1 246 475 5337.1
1 246 476 5337.1
1 246 477 5337.1
1 246 478 5337.1
1 246 479 5337.1
1 246 480 5337.1
1 245 481 5337.1
1 245 482 5337.1
1 244 483 5337.1
1 243 484 5337.1
1 243 485 5337.1
1 243 486 5337.1
1 243 487 5337.1
1 243 488 5337.1
1 243 489 5337.1
1 242 490 5337.1
1 242 491 5337.1
1 241 492 5337.1
1 241 493 5337.1
1 240 494 5337.1
1 239 495 5337.1
1 238 496 5337.1
1 235 497 5337.1
1 236 497 5337.1
1 237 497 5337.1
1 233 498 5337.1
1 234 498 5337.1
1 233 499 5337.1
1 232 500 5337.1
1 231 501 5337.1
1 231 502 5337.1
1 231 503 5337.1
1 231 504 5337.1
1 231 505 5337.1
1 231 506 5337.1
1 231 507 5337.1
1 231 508 5337.1
1 231 509 5337.1
1 231 510 5337.1
1 231 511 5337.1
1 231 512 5337.1
1 231 513 5337.1
1 231 514 5337.1
1 231 515 5337.1
1 232 516 5337.1
1 232 517 5337.1
1 232 518 5337.1
1 233 519 5337.1
1 233 520 5337.1
1 233 521 5337.1
1 234 522 5337.1
1 234 523 5337.1
1 235 524 5337.1
1 235 525 5337.1
1 236 525 5337.1
1 237 525 5337.1
1 238 525 5337.1
1 239 526 5337.1
1 239 527 5337.1
1 240 528 5437.9
1 240 529 5453.1
1 241 530 5519.7
1 241 531 5549.7
1 241 532 5566.6
1 241 533 5578.1
1 241 534 5586.4
1 242 535 5064.8
1 242 536 5076.1
1 243 536 5094.1
1 244 536 5126.6
1 245 536 5155.2
1 246 537 5210.6
1 246 538 5227.7
1 247 539 5267.6
1 248 540 5303.1
1 249 540 5315.2
1 250 540 5331.6
1 251 541 5365.2
1 250 544 5398.8
1 251 544 5401.1
1 245 545 5344.2
1 246 545 5355.4
1 247 545 5374.0
1 248 545 5387.7
1 249 545 5393.2
1 243 546 5317.7
1 244 546 5321.7
1 243 547 5318.4
1 242 548 5314.5
1 242 549 5314.8
1 241 550 5308.6
1 241 551 5306.9
1 240 552 5296.5
1 239 553 5285.5
1 238 554 0.0
1 237 555 5249.9
1 236 556 5248.8
1 236 557 5248.8
1 232 558 5189.1
1 233 558 5186.1
1 234 558 5193.8
1 235 558 5197.3
1 232 559 5201.2
1 231 560 5201.4
1 231 561 5209.8
1 231 562 5216.5
1 231 563 5221.6
1 231 564 5222.9
1 230 565 5389.7
1 230 566 5382.9
1 230 567 5372.0
1 230 568 5359.6
1 215 371 5678.1
1 39 51 6043.2
1 39 52 5967.8
1 38 53 5714.5
1 38 54 5641.8
1 37 55 5375.6
1 36 56 5152.8
1 35 57 4950.0
1 35 58 4889.0
1 35 59 4787.7
1 35 60 8397.7
1 35 61 8262.3
1 35 62 8125.5
1 35 63 7985.2
1 35 64 7841.2
1 35 65 7693.4
1 35 66 7542.6
1 35 67 7395.4
1 35 68 7276.3
1 36 69 10770.0
1 36 70 10502.6
1 36 71 10250.3
1 36 72 10007.1
1 36 73 9772.1
1 36 74 9559.1
1 36 75 9377.7
1 36 76 9287.9
1 36 77 9255.2
1 230 569 5347.0
1 230 570 5333.5
1 230 571 5317.4
1 230 572 5306.0
1 230 573 5316.9
1 230 574 5332.4
1 230 575 5342.6
1 230 576 5344.7
1 230 577 5179.6
1 230 578 5212.8
1 230 579 5245.9
1 230 580 5275.3
1 230 581 5278.4
1 230 582 5283.8
1 230 583 5286.3
1 230 584 5285.4
1 230 585 5282.0
1 230 586 5277.4
1 230 587 5271.3
1 230 588 5267.4
1 229 589 5251.5
1 229 590 5242.2
1 228 591 5219.5
1 228 592 5203.8
1 228 593 5186.5
1 228 594 5164.3
1 227 595 5120.1
1 227 596 5096.9
1 227 597 5068.8
1 227 598 5035.6
1 227 599 4786.4
1 226 600 4700.2
1 226 601 4698.2
1 226 602 4696.9
1 226 603 4697.6
1 225 604 4268.5
1 224 605 4268.5
1 223 606 4290.4
1 222 607 4310.8
1 223 605 4275.0
1 114 114 -843.1
1 117 120 -652.2180000000001
1 129 121 -2810.32
1 130 122 -652.2180000000001
1 133 112 -5199.1
1 135 194 -1354.8
1 138 201 -1405.16
1 139 168 -1405.16
1 140 168 -1405.16
1 141 191 -5058.58
1 143 172 -1405.16
1 143 190 -2529.29
1 144 166 -1826.71
1 144 172 -1405.16
1 144 182 -8149.94
1 144 190 -2529.29
1 146 117 -5480.13
1 146 188 -983.61
1 146 190 -983.61
1 147 132 -1826.71
1 147 145 -652.2180000000001
1 148 167 -4777.55
1 148 176 -652.2180000000001
1 148 196 -3512.9
1 149 145 -4918.06
1 149 146 -2529.29
1 150 124 -1686.19
1 150 141 -1826.71
1 150 198 -7587.87
1 151 142 -1264.65
1 151 195 -4637.03
1 152 123 -3231.87
1 152 125 -3603.06
1 152 132 -3743.57
1 153 192 -5339.61
1 154 125 -140.52
1 154 171 -652.2180000000001
1 154 249 -1405.16
1 155 112 -3934.45
1 155 129 -121406.0
1 156 129 -9133.55
1 157 135 -2428.57
1 157 140 -5199.1
1 157 251 -2810.32
1 158 133 -4586.67
1 158 181 -9133.55
1 159 119 -45105.7
1 159 173 -16861.9
1 161 125 -843.1
1 161 131 -702.58
1 161 188 -4777.55
1 162 119 -421.55
1 162 121 -5199.1
1 162 128 -145434.0
1 162 132 -2107.74
1 162 169 -1405.16
1 163 137 -140.52
1 163 138 -1214.28
1 163 171 -3653.42
1 165 131 -140.52
1 166 126 -421.55
1 167 125 -1686.19
1 167 259 -421.55
1 168 123 -2810.32
1 168 208 -5480.13
1 170 131 -3091.35
1 170 163 -28243.7
1 171 130 -1264.65
1 171 131 -140.52
1 171 132 -1264.65
1 173 224 -2529.29
1 174 123 -843.1
1 174 135 -281.03
1 175 204 -1124.13
1 176 176 -2107.74
1 176 202 -983.61
1 177 133 -6182.71
1 177 211 -2388.77
1 178 164 -140.52
1 179 181 -13349.0
1 179 183 -2388.77
1 179 210 -12084.4
1 180 208 -12505.9
1 183 184 -8571.48
1 184 246 -10117.2
1 187 200 -6182.71
1 187 281 -5620.65
1 188 198 -5199.1
1 188 209 -3372.39
1 188 240 -1686.19
1 193 256 -562.06
1 193 260 -36237.8
1 197 204 -1686.19
1 197 252 -281.03
1 198 298 -652.2180000000001
1 199 211 -2950.84
1 199 231 -1124.13
1 199 298 -652.2180000000001
1 200 298 -703.428
1 201 234 -140.52
1 203 275 -4777.55
1 203 280 -1405.16
1 204 248 -14867.6
1 205 300 -677.4580000000001
1 206 286 -7418.04
1 206 300 -1304.44
1 212 226 -421.55
1 212 258 -421.55
1 213 264 -421.55
1 213 300 -281.03
1 214 240 -7025.81
1 216 238 -983.61
1 216 267 -140.52
1 217 264 -140.52
1 217 365 -843.1
1 218 179 -4637.03
1 219 310 -421.55
1 221 223 -140.52
1 221 246 -28805.8
1 221 284 -4708.5
1 222 369 -3091.35
1 223 271 -1405.16
1 224 301 -702.58
1 224 374 -7169.17
1 226 365 -1883.56
1 228 225 -2248.26
1 230 361 -3091.35
1 231 401 -792.738
1 232 364 -136.72
1 232 370 -7796.46
1 233 337 -652.2180000000001
1 233 376 -107.38
1 233 394 -1304.44
1 234 304 -3967.21
1 234 393 -696.828
1 235 367 -5864.7
1 235 400 -983.61
1 235 605 -45.53
1 235 609 -362.66
1 236 263 -562.06
1 236 351 -1545.68
1 237 237 -30211.0
1 237 316 -14339.6
1 237 357 -7854.39
1 237 389 -652.2180000000001
1 238 398 -4.74
1 238 605 -3339.6
1 238 609 -1304.44
1 239 250 -562.06
1 239 338 -1405.16
1 239 605 -3261.09
1 239 606 -1956.65
1 239 619 -792.738
1 240 380 -652.2180000000001
1 240 426 -652.2180000000001
1 240 608 -2629.58
1 241 335 -1545.68
1 241 342 -1967.23
1 241 604 -652.2180000000001
1 242 311 -4772.48
1 243 371 -652.2180000000001
1 243 389 -1545.68
1 243 422 -140.52
1 243 431 -985.79
1 243 605 -3261.09
1 244 431 -79.35
1 244 605 -3913.31
1 244 621 -1417.32
1 245 238 -18548.1
1 245 337 -652.2180000000001
1 245 370 -5050.54
1 245 621 -652.2180000000001
1 246 321 -3497.71
1 246 618 -1956.65
1 247 344 -674.268
1 247 383 -8289.93
1 247 384 -1213430.0
1 248 251 -14502.2
1 248 424 -3091.35
1 248 436 -4215.48
1 248 444 -11441.4
1 248 589 -1545.68
1 249 373 -652.2180000000001
1 249 424 -652.2180000000001
1 249 430 -16589.3
1 249 436 -6859.01
1 249 443 -5720.68
1 249 606 -3261.09
1 250 326 -3392.21
1 250 424 -652.2180000000001
1 250 425 -771434.0
1 250 431 -16127.9
1 250 595 -2097.17
1 251 300 -42154.8
1 251 356 -55292.1
1 251 408 -573.66
1 251 456 -792.738
1 251 457 -30.7
1 251 594 -652.2180000000001
1 251 595 -666.2280000000001
1 251 596 -1304.44
1 252 230 -1264.65
1 252 285 -983.61
1 252 329 -23532.1
1 252 450 -702.58
1 252 595 -652.2180000000001
1 252 606 -652.2180000000001
1 253 298 -702.58
1 253 331 -10362.4
1 253 332 -14321.1
1 253 416 -421.55
1 253 420 -10552.2
1 253 445 -84261.6
1 254 338 -4496.52
1 254 367 -843.1
1 254 407 -106910.0
1 254 597 -652.2180000000001
1 254 607 -1073.77
1 255 381 -19110.2
1 255 383 -18267.1
1 255 388 -44543.6
1 255 395 -3091.35
1 255 420 -10679.2
1 255 439 -28384.3
1 255 443 -6822.03
1 255 595 -652.2180000000001
1 255 596 -652.2180000000001
1 255 606 -1073.77
1 255 609 -1304.44
1 256 314 -28819.6
1 256 335 -1405.16
1 256 370 -4227.15
1 256 413 -2248.26
1 256 586 -35562.3
1 256 593 -2608.87
1 257 238 -140.52
1 257 324 -5965.6
1 257 413 -2248.26
1 257 576 -4517.09
1 257 599 -20513.5
1 257 600 -79391.6
1 258 325 -6654.82
1 258 336 -1610.44
1 258 420 -97484.9
1 258 442 -616463.0
1 258 464 -983.61
1 258 585 -3913.31
1 258 595 -1304.44
1 258 601 -48337.6
1 258 602 -16076.2
1 259 340 -5008.22
1 259 371 -4227.15
1 259 405 -10069.2
1 259 588 -21518.3
1 259 592 -658.658
1 259 593 -658.658
1 260 342 -1686.19
1 260 349 -843.1
1 260 407 -2533760.0
1 260 413 -64857.7
1 260 424 -362.45
1 260 461 -2529.29
1 260 463 -6323.23
1 260 464 -8009.42
1 260 585 -14905.4
1 260 586 -14090.8
1 261 337 -5480.13
1 261 355 -2810.32
1 261 381 -353551.0
1 261 395 -47448.8
1 261 416 -17845.6
1 261 418 -652.2180000000001
1 261 429 -111770.0
1 261 464 -9133.55
1 261 492 -652.2180000000001
1 261 571 -23325.7
1 261 576 -12490.5
1 262 345 -2107.74
1 262 540 -252.11
1 262 564 -34338.7
1 262 568 -19250.7
1 262 570 -34988.5
1 262 571 -11662.8
1 263 471 -11803.3
1 263 477 -7728.39
1 263 520 -1304.44
1 263 582 -13441.4
1 264 265 -983.61
1 264 344 -983.61
1 264 345 -281.03
1 264 355 -281.03
1 264 367 -652.2180000000001
1 264 383 -124504.0
1 264 407 -4918.06
1 264 468 -68.51
1 264 471 -11803.3
1 264 476 -281.03
1 264 477 -7587.87
1 264 523 -2518.71
1 264 524 -562.06
1 264 549 -4907.96
1 265 363 -281.03
1 265 364 -22020.2
1 265 374 -2026.77
1 265 380 -13.08
1 265 422 -72749.3
1 266 337 -652.2180000000001
1 266 340 -421.55
1 266 462 -140.52
1 267 391 -17424.0
1 267 463 -2669.81
1 267 555 -652.2180000000001
1 267 556 -652.2180000000001
1 268 333 -983.61
1 268 334 -1264.65
1 268 436 -3022290.0
1 268 455 -12.78
1 268 479 -702.58
1 268 480 -562.06
1 268 489 -1795.85
1 269 363 -652.2180000000001
1 269 397 -42435.9
1 269 450 -2810.32
1 269 456 -15376.4
1 269 541 -652.2180000000001
1 270 337 -140.52
1 270 429 -1597.04
1 270 481 -792.738
1 270 483 -1327.16
1 270 484 -652.2180000000001
1 270 486 -16877.8
1 270 498 -96113.0
1 270 539 -281.03
1 271 319 -14339.6
1 271 371 -1405.16
1 271 415 -180377.0
1 271 485 -209.56
1 271 493 -82838.9
1 271 498 -6463.74
1 271 537 -657.62
1 272 336 -16815.0
1 272 337 -21.18
1 272 366 -281.03
1 272 368 -60893.7
1 272 388 -491478.0
1 272 396 -702.58
1 272 450 -7025.81
1 272 451 -19391.2
1 272 453 -1264.65
1 272 462 -831593.0
1 272 491 -15.76
1 272 497 -27154.4
1 272 498 -148245.0
1 272 530 -46312.7
1 272 532 -116827.0
1 272 535 -11446.4
1 273 363 -421.55
1 273 392 -870.07
1 273 410 -1264.65
1 273 480 -2669.81
1 273 510 -1073.77
1 273 516 -16606.8
1 273 517 -194091.0
1 273 518 -79.73
1 274 409 -1264.65
1 274 520 -36534.2
1 274 523 -2669.81
1 275 367 -54660.8
1 275 441 -328592.0
1 275 450 -7868.9
1 276 366 -13770.6
1 276 446 -5761.16
1 276 474 -16192.6
1 277 294 -45485.9
1 277 390 -12224.9
1 277 407 -1443310.0
1 277 431 -871.08
1 277 468 -140.52
1 277 472 -20032.7
1 277 480 -36477.6
1 277 482 -1826.71
1 278 365 -25714.4
1 278 435 -194.05
1 278 482 -1826.71
1 279 310 -24285.7
1 279 433 -136893.0
1 279 438 -181636.0
1 279 475 -66607.5
1 279 485 -21920.5
1 280 365 -4215.48
1 280 433 -4420.09
1 280 442 -9695.61
1 280 469 -40476.8
1 280 471 -38424.4
1 281 458 -2015060.0
1 282 409 -6463.74
1 282 424 -2107.74
1 282 430 -702.58
1 282 436 -56.06
1 282 454 -1780.97
1 283 335 -1264.65
1 283 354 -281.03
1 283 429 -270072.0
1 283 449 -42511.1
1 283 452 -6399.43
1 283 455 -78612.9
1 283 468 -23633.9
1 284 339 -28531.2
1 284 457 -6323.23
1 284 463 -258556.0
1 284 481 -7208.64
1 285 374 -3231.87
1 285 467 -192411.0
1 285 475 -61441.4
1 286 330 -52200.2
1 286 425 -288798.0
1 286 475 -25438.2
1 286 477 -43372.9
1 287 388 -15136.3
1 287 426 -652.2180000000001
1 287 477 -21100.0
1 288 419 -11522.3
1 288 423 -787.03
1 288 426 -652.2180000000001
1 289 404 -150567.0
1 289 459 -4264.85
1 289 468 -508.85
1 290 382 -94311.0
1 290 402 -2171.67
1 290 411 -1405.16
1 290 412 -21499.0
1 290 413 -1124.13
1 291 350 -3512.9
1 291 355 -17168.5
1 291 373 -1405.16
1 291 399 -76164.7
1 292 361 -1405.16
1 292 365 -19250.7
1 292 416 -1405.16
1 292 469 -14377.2
1 293 440 -140.52
1 294 435 -13208.5
1 294 447 -33243.4
1 294 458 -34296.1
1 295 356 -1556.91
1 295 391 -11803.3
1 295 430 -1351400.0
1 296 388 -523.18
1 296 398 -82080.0
1 296 406 -41459.6
1 296 433 -7587.87
1 297 381 -562.06
1 297 401 -32549.1
1 297 402 -172.49
1 297 413 -928392.0
1 297 442 -55046.3
1 299 354 -140.52
1 299 355 -3.81
1 299 387 -70.06
1 102 110 -652.2180000000001
1 102 113 -652.2180000000001
1 103 100 -652.2180000000001
1 103 104 -652.2180000000001
1 104 115 -652.2180000000001
1 105 115 -652.2180000000001
1 105 139 -652.2180000000001
1 108 117 -652.2180000000001
1 109 112 -652.2180000000001
1 111 155 -652.2180000000001
1 111 208 -652.2180000000001
1 112 181 -652.2180000000001
1 113 111 -652.2180000000001
1 113 159 -652.2180000000001
1 113 211 -652.2180000000001
1 114 173 -652.2180000000001
1 114 212 -1304.44
1 115 212 -1304.44
1 116 121 -652.2180000000001
1 116 150 -652.2180000000001
1 116 166 -652.2180000000001
1 117 119 -652.2180000000001
1 117 168 -652.2180000000001
1 117 210 -652.2180000000001
1 119 194 -652.2180000000001
1 119 202 -652.2180000000001
1 119 96 -652.2180000000001
1 120 155 -652.2180000000001
1 120 94 -652.2180000000001
1 121 187 -652.2180000000001
1 123 110 -652.2180000000001
1 123 111 -652.2180000000001
1 123 158 -652.2180000000001
1 123 168 -652.2180000000001
1 123 193 -652.2180000000001
1 123 202 -1304.44
1 125 150 -652.2180000000001
1 125 151 -652.2180000000001
1 125 193 -652.2180000000001
1 125 194 -652.2180000000001
1 126 121 -652.2180000000001
1 126 191 -652.2180000000001
1 126 195 -652.2180000000001
1 127 150 -652.2180000000001
1 127 160 -652.2180000000001
1 127 169 -652.2180000000001
1 127 195 -652.2180000000001
1 127 199 -1304.44
1 128 122 -652.2180000000001
1 128 148 -652.2180000000001
1 128 149 -652.2180000000001
1 128 152 -652.2180000000001
1 128 153 -652.2180000000001
1 128 154 -652.2180000000001
1 128 157 -652.2180000000001
1 128 199 -652.2180000000001
1 129 117 -652.2180000000001
1 129 119 -652.2180000000001
1 129 122 -652.2180000000001
1 129 146 -652.2180000000001
1 129 154 -1304.44
1 129 162 -652.2180000000001
1 129 176 -652.2180000000001
1 130 120 -652.2180000000001
1 130 154 -652.2180000000001
1 130 155 -652.2180000000001
1 130 156 -1956.65
1 130 194 -652.2180000000001
1 131 112 -652.2180000000001
1 131 121 -652.2180000000001
1 131 122 -652.2180000000001
1 131 150 -652.2180000000001
1 131 156 -652.2180000000001
1 131 157 -652.2180000000001
1 131 158 -652.2180000000001
1 131 161 -1304.44
1 131 198 -652.2180000000001
1 132 112 -652.2180000000001
1 132 155 -652.2180000000001
1 132 156 -652.2180000000001
1 132 160 -652.2180000000001
1 132 161 -1304.44
1 133 155 -652.2180000000001
1 133 159 -652.2180000000001
1 133 160 -1304.44
1 133 192 -1304.44
1 133 193 -652.2180000000001
1 134 148 -652.2180000000001
1 134 150 -652.2180000000001
1 134 151 -652.2180000000001
1 134 156 -652.2180000000001
1 134 191 -652.2180000000001
1 134 193 -2608.87
1 135 148 -3261.09
1 135 149 -1304.44
1 135 156 -652.2180000000001
1 135 157 -652.2180000000001
1 135 193 -1956.65
1 136 147 -652.2180000000001
1 136 148 -652.2180000000001
1 136 149 -652.2180000000001
1 136 150 -1304.44
1 136 153 -652.2180000000001
1 136 155 -652.2180000000001
1 137 148 -652.2180000000001
1 137 150 -652.2180000000001
1 137 153 -1304.44
1 137 154 -652.2180000000001
1 137 157 -1956.65
1 137 175 -652.2180000000001
1 137 206 -652.2180000000001
1 138 151 -652.2180000000001
1 138 152 -652.2180000000001
1 138 153 -1956.65
1 138 168 -652.2180000000001
1 138 169 -652.2180000000001
1 139 151 -652.2180000000001
1 140 138 -652.2180000000001
1 140 155 -2608.87
1 140 156 -652.2180000000001
1 140 171 -652.2180000000001
1 140 180 -652.2180000000001
1 141 149 -652.2180000000001
1 141 154 -1304.44
1 141 157 -652.2180000000001
1 141 171 -652.2180000000001
1 141 199 -1304.44
1 142 155 -652.2180000000001
1 142 156 -652.2180000000001
1 142 157 -652.2180000000001
1 142 158 -652.2180000000001
1 142 174 -652.2180000000001
1 142 179 -652.2180000000001
1 142 201 -652.2180000000001
1 143 146 -652.2180000000001
1 143 157 -1956.65
1 144 142 -1304.44
1 144 173 -652.2180000000001
1 145 142 -652.2180000000001
1 145 143 -652.2180000000001
1 145 151 -652.2180000000001
1 145 187 -652.2180000000001
1 145 226 -652.2180000000001
1 146 140 -652.2180000000001
1 146 141 -1304.44
1 146 145 -652.2180000000001
1 146 208 -652.2180000000001
1 146 229 -652.2180000000001
1 146 230 -652.2180000000001
1 146 232 -652.2180000000001
1 147 139 -1956.65
1 147 140 -652.2180000000001
1 147 141 -652.2180000000001
1 147 142 -652.2180000000001
1 147 229 -652.2180000000001
1 147 230 -652.2180000000001
1 147 233 -652.2180000000001
1 147 239 -652.2180000000001
1 147 240 -652.2180000000001
1 148 217 -652.2180000000001
1 148 221 -652.2180000000001
1 149 127 -652.2180000000001
1 149 147 -652.2180000000001
1 149 154 -652.2180000000001
1 149 222 -652.2180000000001
1 149 253 -652.2180000000001
1 150 160 -652.2180000000001
1 150 164 -652.2180000000001
1 150 177 -652.2180000000001
1 150 227 -652.2180000000001
1 150 236 -652.2180000000001
1 151 128 -652.2180000000001
1 151 228 -652.2180000000001
1 152 153 -652.2180000000001
1 152 173 -652.2180000000001
1 152 176 -652.2180000000001
1 152 222 -652.2180000000001
1 152 228 -652.2180000000001
1 153 126 -652.2180000000001
1 153 136 -652.2180000000001
1 153 155 -652.2180000000001
1 153 232 -652.2180000000001
1 153 238 -652.2180000000001
1 153 253 -652.2180000000001
1 154 126 -652.2180000000001
1 154 133 -652.2180000000001
1 154 161 -652.2180000000001
1 154 172 -652.2180000000001
1 154 220 -652.2180000000001
1 154 244 -652.2180000000001
1 155 170 -1304.44
1 155 216 -652.2180000000001
1 155 262 -652.2180000000001
1 156 160 -652.2180000000001
1 156 211 -652.2180000000001
1 156 223 -652.2180000000001
1 157 132 -652.2180000000001
1 157 133 -652.2180000000001
1 157 134 -1956.65
1 157 136 -652.2180000000001
1 157 194 -652.2180000000001
1 157 207 -652.2180000000001
1 157 240 -652.2180000000001
1 158 135 -652.2180000000001
1 158 248 -652.2180000000001
1 159 152 -652.2180000000001
1 159 231 -652.2180000000001
1 159 240 -652.2180000000001
1 159 247 -652.2180000000001
1 159 248 -652.2180000000001
1 159 250 -652.2180000000001
1 159 251 -652.2180000000001
1 159 257 -652.2180000000001
1 160 133 -652.2180000000001
1 160 249 -1304.44
1 160 251 -1304.44
1 160 252 -652.2180000000001
1 160 253 -652.2180000000001
1 160 262 -652.2180000000001
1 161 144 -1304.44
1 161 251 -652.2180000000001
1 161 253 -652.2180000000001
1 162 137 -1304.44
1 162 252 -1304.44
1 162 253 -652.2180000000001
1 163 152 -652.2180000000001
1 163 190 -652.2180000000001
1 163 236 -652.2180000000001
1 164 278 -652.2180000000001
1 164 290 -652.2180000000001
1 164 299 -652.2180000000001
1 165 133 -1304.44
1 165 134 -1304.44
1 165 135 -652.2180000000001
1 165 290 -652.2180000000001
1 166 131 -652.2180000000001
1 166 132 -652.2180000000001
1 166 133 -1304.44
1 166 134 -652.2180000000001
1 166 135 -652.2180000000001
1 166 210 -652.2180000000001
1 166 254 -652.2180000000001
1 166 255 -652.2180000000001
1 167 127 -652.2180000000001
1 167 132 -1304.44
1 167 133 -1304.44
1 167 134 -1956.65
1 167 256 -652.2180000000001
1 167 288 -652.2180000000001
1 167 294 -652.2180000000001
1 168 130 -652.2180000000001
1 168 131 -652.2180000000001
1 168 132 -2608.87
1 168 133 -2608.87
1 168 286 -652.2180000000001
1 168 287 -1304.44
1 168 291 -1304.44
1 169 128 -1304.44
1 169 129 -2608.87
1 169 131 -652.2180000000001
1 169 132 -3261.09
1 169 133 -1956.65
1 169 134 -5869.96
1 169 135 -652.2180000000001
1 169 236 -652.2180000000001
1 169 260 -652.2180000000001
1 169 271 -652.2180000000001
1 169 287 -652.2180000000001
1 169 290 -652.2180000000001
1 170 133 -1956.65
1 170 134 -7826.62
1 170 136 -652.2180000000001
1 170 187 -652.2180000000001
1 170 256 -652.2180000000001
1 170 287 -652.2180000000001
1 170 292 -652.2180000000001
1 171 133 -1304.44
1 171 134 -652.2180000000001
1 171 136 -3261.09
1 171 290 -652.2180000000001
1 172 257 -652.2180000000001
1 172 284 -652.2180000000001
1 172 295 -1304.44
1 172 311 -652.2180000000001
1 173 258 -652.2180000000001
1 173 278 -652.2180000000001
1 173 290 -652.2180000000001
1 173 292 -652.2180000000001
1 173 293 -1304.44
1 173 294 -652.2180000000001
1 174 124 -652.2180000000001
1 174 253 -652.2180000000001
1 174 261 -652.2180000000001
1 174 270 -652.2180000000001
1 174 283 -652.2180000000001
1 174 289 -652.2180000000001
1 174 293 -652.2180000000001
1 175 260 -652.2180000000001
1 175 288 -652.2180000000001
1 175 292 -1304.44
1 175 293 -652.2180000000001
1 175 296 -652.2180000000001
1 175 305 -652.2180000000001
1 176 274 -652.2180000000001
1 176 305 -652.2180000000001
1 177 289 -652.2180000000001
1 177 290 -652.2180000000001
1 178 243 -652.2180000000001
1 178 280 -652.2180000000001
1 178 285 -652.2180000000001
1 178 302 -652.2180000000001
1 178 305 -652.2180000000001
1 178 306 -652.2180000000001
1 178 311 -652.2180000000001
1 179 278 -652.2180000000001
1 179 285 -652.2180000000001
1 180 149 -652.2180000000001
1 180 286 -652.2180000000001
1 181 297 -652.2180000000001
1 181 307 -652.2180000000001
1 181 308 -652.2180000000001
1 183 242 -652.2180000000001
1 183 285 -652.2180000000001
1 183 295 -652.2180000000001
1 183 308 -652.2180000000001
1 183 309 -652.2180000000001
1 183 318 -652.2180000000001
1 184 263 -652.2180000000001
1 184 285 -652.2180000000001
1 184 313 -652.2180000000001
1 184 319 -652.2180000000001
1 185 257 -652.2180000000001
1 185 305 -652.2180000000001
1 185 306 -652.2180000000001
1 185 307 -652.2180000000001
1 185 315 -652.2180000000001
1 186 255 -652.2180000000001
1 186 265 -652.2180000000001
1 186 307 -1304.44
1 186 310 -652.2180000000001
1 188 262 -652.2180000000001
1 188 294 -652.2180000000001
1 188 295 -652.2180000000001
1 189 295 -652.2180000000001
1 189 309 -652.2180000000001
1 190 307 -652.2180000000001
1 190 308 -652.2180000000001
1 190 324 -652.2180000000001
1 191 292 -1304.44
1 191 304 -652.2180000000001
1 191 305 -652.2180000000001
1 192 258 -652.2180000000001
1 192 284 -652.2180000000001
1 192 304 -652.2180000000001
1 192 316 -652.2180000000001
1 192 319 -652.2180000000001
1 193 262 -652.2180000000001
1 193 301 -652.2180000000001
1 193 311 -652.2180000000001
1 193 313 -1304.44
1 194 284 -652.2180000000001
1 194 313 -652.2180000000001
1 195 269 -652.2180000000001
1 195 287 -652.2180000000001
1 195 289 -652.2180000000001
1 195 300 -652.2180000000001
1 195 311 -652.2180000000001
1 195 313 -652.2180000000001
1 196 269 -652.2180000000001
1 196 275 -652.2180000000001
1 196 303 -652.2180000000001
1 196 324 -652.2180000000001
1 196 333 -652.2180000000001
1 197 264 -652.2180000000001
1 197 283 -652.2180000000001
1 197 300 -652.2180000000001
1 197 322 -652.2180000000001
1 197 325 -652.2180000000001
1 198 242 -652.2180000000001
1 198 276 -1304.44
1 198 309 -652.2180000000001
1 198 311 -652.2180000000001
1 199 283 -652.2180000000001
1 199 311 -652.2180000000001
1 199 324 -652.2180000000001
1 200 280 -652.2180000000001
1 200 286 -652.2180000000001
1 200 296 -652.2180000000001
1 200 299 -652.2180000000001
1 200 306 -652.2180000000001
1 200 307 -652.2180000000001
1 200 312 -652.2180000000001
1 200 343 -652.2180000000001
1 200 345 -652.2180000000001
1 201 257 -652.2180000000001
1 202 280 -652.2180000000001
1 202 287 -652.2180000000001
1 202 297 -652.2180000000001
1 202 301 -652.2180000000001
1 202 302 -652.2180000000001
1 203 215 -652.2180000000001
1 203 304 -652.2180000000001
1 203 305 -652.2180000000001
1 203 309 -652.2180000000001
1 203 315 -652.2180000000001
1 205 263 -652.2180000000001
1 205 303 -652.2180000000001
1 205 304 -652.2180000000001
1 205 317 -652.2180000000001
1 205 318 -652.2180000000001
1 205 319 -652.2180000000001
1 206 264 -652.2180000000001
1 206 270 -652.2180000000001
1 206 301 -652.2180000000001
1 206 304 -652.2180000000001
1 206 315 -652.2180000000001
1 206 317 -1304.44
1 207 262 -652.2180000000001
1 207 300 -652.2180000000001
1 207 301 -1304.44
1 207 303 -652.2180000000001
1 207 304 -652.2180000000001
1 207 306 -1304.44
1 207 315 -652.2180000000001
1 207 317 -652.2180000000001
1 208 298 -1304.44
1 208 299 -1304.44
1 208 306 -652.2180000000001
1 208 317 -652.2180000000001
1 208 328 -652.2180000000001
1 209 284 -652.2180000000001
1 209 297 -652.2180000000001
1 209 302 -652.2180000000001
1 210 284 -652.2180000000001
1 210 301 -652.2180000000001
1 210 302 -652.2180000000001
1 210 342 -652.2180000000001
1 211 301 -652.2180000000001
1 211 321 -652.2180000000001
1 212 295 -652.2180000000001
1 212 347 -652.2180000000001
1 213 226 -652.2180000000001
1 213 287 -652.2180000000001
1 213 303 -652.2180000000001
1 213 329 -652.2180000000001
1 214 319 -652.2180000000001
1 215 289 -652.2180000000001
1 215 311 -652.2180000000001
1 215 353 -652.2180000000001
1 216 323 -652.2180000000001
1 216 341 -652.2180000000001
1 217 244 -652.2180000000001
1 217 249 -652.2180000000001
1 217 351 -652.2180000000001
1 218 209 -652.2180000000001
1 218 243 -652.2180000000001
1 218 292 -652.2180000000001
1 218 345 -1304.44
1 221 240 -652.2180000000001
1 221 611 -652.2180000000001
1 222 254 -652.2180000000001
1 222 362 -652.2180000000001
1 224 338 -652.2180000000001
1 224 359 -652.2180000000001
1 225 323 -652.2180000000001
1 225 329 -652.2180000000001
1 225 332 -652.2180000000001
1 225 368 -652.2180000000001
1 225 373 -652.2180000000001
1 225 378 -652.2180000000001
1 225 382 -1304.44
1 226 323 -652.2180000000001
1 226 388 -1304.44
1 226 618 -652.2180000000001
1 227 315 -652.2180000000001
1 228 606 -652.2180000000001
1 229 385 -1304.44
1 229 392 -652.2180000000001
1 229 393 -652.2180000000001
1 229 397 -2608.87
1 229 618 -3261.09
1 230 338 -652.2180000000001
1 230 373 -1304.44
1 230 384 -652.2180000000001
1 230 392 -1304.44
1 230 393 -2608.87
1 230 396 -652.2180000000001
1 230 605 -652.2180000000001
1 231 343 -652.2180000000001
1 231 383 -652.2180000000001
1 231 392 -3261.09
1 231 393 -7174.4
1 231 398 -652.2180000000001
1 231 603 -652.2180000000001
1 231 607 -1304.44
1 232 259 -652.2180000000001
1 232 300 -652.2180000000001
1 232 384 -652.2180000000001
1 232 389 -652.2180000000001
1 232 393 -3913.31
1 232 394 -2608.87
1 232 405 -652.2180000000001
1 232 604 -1304.44
1 232 606 -1304.44
1 232 607 -1956.65
1 232 608 -652.2180000000001
1 233 373 -652.2180000000001
1 233 393 -652.2180000000001
1 233 403 -652.2180000000001
1 233 406 -2608.87
1 233 601 -1304.44
1 233 602 -652.2180000000001
1 234 374 -652.2180000000001
1 234 388 -652.2180000000001
1 234 389 -652.2180000000001
1 234 406 -1956.65
1 234 407 -1304.44
1 234 601 -652.2180000000001
1 234 602 -1304.44
1 234 603 -1956.65
1 234 604 -652.2180000000001
1 234 605 -1304.44
1 234 606 -652.2180000000001
1 234 609 -652.2180000000001
1 234 620 -652.2180000000001
1 234 621 -652.2180000000001
1 235 342 -652.2180000000001
1 235 368 -652.2180000000001
1 235 389 -652.2180000000001
1 235 392 -652.2180000000001
1 235 404 -652.2180000000001
1 235 406 -652.2180000000001
1 235 599 -652.2180000000001
1 235 600 -1304.44
1 235 602 -1956.65
1 235 603 -652.2180000000001
1 235 606 -652.2180000000001
1 235 608 -652.2180000000001
1 236 256 -652.2180000000001
1 236 359 -652.2180000000001
1 236 377 -1304.44
1 236 378 -652.2180000000001
1 236 389 -1304.44
1 236 600 -652.2180000000001
1 236 601 -652.2180000000001
1 236 602 -1304.44
1 236 605 -652.2180000000001
1 236 606 -652.2180000000001
1 236 607 -652.2180000000001
1 236 620 -652.2180000000001
1 237 330 -652.2180000000001
1 237 377 -652.2180000000001
1 237 384 -652.2180000000001
1 237 388 -652.2180000000001
1 237 605 -1304.44
1 237 606 -1956.65
1 237 607 -1304.44
1 237 608 -3261.09
1 237 609 -1956.65
1 237 620 -652.2180000000001
1 238 346 -652.2180000000001
1 238 391 -652.2180000000001
1 238 410 -652.2180000000001
1 238 602 -652.2180000000001
1 238 603 -652.2180000000001
1 238 606 -3261.09
1 238 607 -3913.31
1 238 608 -2608.87
1 238 610 -652.2180000000001
1 239 297 -652.2180000000001
1 239 323 -652.2180000000001
1 239 404 -652.2180000000001
1 239 601 -652.2180000000001
1 239 603 -652.2180000000001
1 239 607 -1304.44
1 239 608 -2608.87
1 239 609 -1956.65
1 239 610 -1304.44
1 239 615 -1304.44
1 240 267 -652.2180000000001
1 240 319 -652.2180000000001
1 240 327 -652.2180000000001
1 240 352 -652.2180000000001
1 240 374 -1304.44
1 240 392 -1304.44
1 240 396 -652.2180000000001
1 240 406 -652.2180000000001
1 240 603 -652.2180000000001
1 240 605 -1956.65
1 240 606 -2608.87
1 240 607 -1304.44
1 240 620 -1304.44
1 240 621 -652.2180000000001
1 241 339 -652.2180000000001
1 241 352 -652.2180000000001
1 241 370 -1304.44
1 241 375 -652.2180000000001
1 241 409 -652.2180000000001
1 241 577 -652.2180000000001
1 241 603 -1304.44
1 241 605 -1956.65
1 241 606 -1304.44
1 241 607 -1304.44
1 241 608 -1304.44
1 241 609 -3261.09
1 241 610 -652.2180000000001
1 241 611 -652.2180000000001
1 241 620 -652.2180000000001
1 241 621 -652.2180000000001
1 242 314 -652.2180000000001
1 242 318 -652.2180000000001
1 242 336 -652.2180000000001
1 242 338 -652.2180000000001
1 242 339 -652.2180000000001
1 242 373 -1956.65
1 242 374 -3913.31
1 242 406 -1304.44
1 242 603 -1304.44
1 242 604 -4565.53
1 242 605 -5869.96
1 242 606 -1956.65
1 242 607 -3261.09
1 242 608 -3261.09
1 242 609 -1956.65
1 242 610 -1956.65
1 242 616 -652.2180000000001
1 242 622 -652.2180000000001
1 242 623 -1956.65
1 243 366 -652.2180000000001
1 243 369 -652.2180000000001
1 243 372 -1304.44
1 243 373 -5217.74
1 243 374 -1956.65
1 243 386 -652.2180000000001
1 243 391 -652.2180000000001
1 243 405 -652.2180000000001
1 243 406 -652.2180000000001
1 243 407 -1304.44
1 243 409 -652.2180000000001
1 243 577 -652.2180000000001
1 243 606 -4565.53
1 243 607 -3261.09
1 243 608 -1304.44
1 243 609 -3913.31
1 243 620 -652.2180000000001
1 243 622 -1304.44
1 243 623 -5217.74
1 244 371 -652.2180000000001
1 244 372 -1304.44
1 244 373 -1956.65
1 244 415 -652.2180000000001
1 244 598 -652.2180000000001
1 244 606 -2608.87
1 244 607 -652.2180000000001
1 244 611 -652.2180000000001
1 244 616 -652.2180000000001
1 244 622 -652.2180000000001
1 244 623 -2608.87
1 244 624 -652.2180000000001
1 245 312 -652.2180000000001
1 245 315 -652.2180000000001
1 245 326 -652.2180000000001
1 245 335 -652.2180000000001
1 245 338 -652.2180000000001
1 245 356 -1304.44
1 245 371 -652.2180000000001
1 245 413 -652.2180000000001
1 245 586 -652.2180000000001
1 245 604 -652.2180000000001
1 245 605 -1956.65
1 245 606 -3261.09
1 245 607 -2608.87
1 245 609 -3261.09
1 245 610 -1304.44
1 245 612 -1304.44
1 245 616 -1304.44
1 245 619 -652.2180000000001
1 245 620 -1304.44
1 245 622 -652.2180000000001
1 246 214 -652.2180000000001
1 246 342 -652.2180000000001
1 246 356 -652.2180000000001
1 246 357 -652.2180000000001
1 246 374 -652.2180000000001
1 246 413 -652.2180000000001
1 246 590 -652.2180000000001
1 246 599 -652.2180000000001
1 246 600 -3913.31
1 246 605 -2608.87
1 246 606 -4565.53
1 246 607 -2608.87
1 246 610 -652.2180000000001
1 246 612 -1304.44
1 246 614 -652.2180000000001
1 246 615 -652.2180000000001
1 246 623 -652.2180000000001
1 247 314 -652.2180000000001
1 247 331 -652.2180000000001
1 247 367 -1304.44
1 247 368 -3261.09
1 247 387 -1304.44
1 247 413 -652.2180000000001
1 247 578 -652.2180000000001
1 247 597 -652.2180000000001
1 247 598 -4565.53
1 247 599 -3913.31
1 247 600 -6522.18
1 247 601 -6522.18
1 247 605 -1304.44
1 247 609 -1304.44
1 247 610 -1304.44
1 247 611 -2608.87
1 247 612 -2608.87
1 247 613 -1304.44
1 247 618 -1304.44
1 247 619 -652.2180000000001
1 247 623 -652.2180000000001
1 248 307 -652.2180000000001
1 248 367 -652.2180000000001
1 248 368 -2608.87
1 248 371 -1304.44
1 248 372 -3261.09
1 248 387 -1304.44
1 248 388 -3913.31
1 248 413 -652.2180000000001
1 248 416 -652.2180000000001
1 248 529 -652.2180000000001
1 248 567 -652.2180000000001
1 248 596 -4565.53
1 248 597 -3261.09
1 248 598 -6522.18
1 248 599 -3913.31
1 248 600 -2608.87
1 248 601 -3913.31
1 248 602 -1956.65
1 248 605 -652.2180000000001
1 248 608 -652.2180000000001
1 248 609 -1304.44
1 248 610 -1956.65
1 248 611 -3913.31
1 248 612 -3913.31
1 248 613 -4565.53
1 248 618 -652.2180000000001
1 248 619 -652.2180000000001
1 248 620 -652.2180000000001
1 248 623 -1304.44
1 249 333 -652.2180000000001
1 249 334 -652.2180000000001
1 249 365 -1304.44
1 249 366 -1956.65
1 249 367 -652.2180000000001
1 249 368 -1956.65
1 249 371 -652.2180000000001
1 249 387 -652.2180000000001
1 249 388 -652.2180000000001
1 249 400 -652.2180000000001
1 249 412 -652.2180000000001
1 249 567 -652.2180000000001
1 249 593 -1304.44
1 249 595 -3913.31
1 249 596 -4565.53
1 249 597 -7174.4
1 249 603 -1956.65
1 249 604 -5217.74
1 249 605 -3261.09
1 249 607 -2608.87
1 249 609 -652.2180000000001
1 249 610 -1304.44
1 249 611 -3261.09
1 249 612 -5869.96
1 249 613 -1304.44
1 249 618 -652.2180000000001
1 249 623 -652.2180000000001
1 250 331 -652.2180000000001
1 250 355 -652.2180000000001
1 250 365 -1304.44
1 250 366 -3261.09
1 250 367 -1956.65
1 250 368 -652.2180000000001
1 250 369 -1304.44
1 250 370 -1304.44
1 250 371 -3913.31
1 250 382 -652.2180000000001
1 250 406 -652.2180000000001
1 250 413 -652.2180000000001
1 250 414 -652.2180000000001
1 250 423 -652.2180000000001
1 250 436 -652.2180000000001
1 250 568 -652.2180000000001
1 250 579 -652.2180000000001
1 250 591 -652.2180000000001
1 250 594 -652.2180000000001
1 250 596 -5217.74
1 250 597 -1304.44
1 250 602 -652.2180000000001
1 250 603 -4565.53
1 250 604 -3913.31
1 250 605 -2608.87
1 250 607 -652.2180000000001
1 250 608 -1956.65
1 250 609 -652.2180000000001
1 250 610 -652.2180000000001
1 250 613 -652.2180000000001
1 251 276 -652.2180000000001
1 251 322 -652.2180000000001
1 251 365 -1956.65
1 251 366 -5869.96
1 251 367 -1304.44
1 251 368 -1304.44
1 251 371 -652.2180000000001
1 251 379 -652.2180000000001
1 251 407 -652.2180000000001
1 251 414 -652.2180000000001
1 251 424 -652.2180000000001
1 251 598 -652.2180000000001
1 251 604 -652.2180000000001
1 251 605 -652.2180000000001
1 251 607 -652.2180000000001
1 251 610 -652.2180000000001
1 252 236 -652.2180000000001
1 252 365 -1956.65
1 252 366 -4565.53
1 252 367 -4565.53
1 252 368 -1304.44
1 252 376 -652.2180000000001
1 252 412 -652.2180000000001
1 252 416 -652.2180000000001
1 252 428 -652.2180000000001
1 252 506 -652.2180000000001
1 252 507 -652.2180000000001
1 252 528 -652.2180000000001
1 252 534 -652.2180000000001
1 252 544 -652.2180000000001
1 252 576 -652.2180000000001
1 252 591 -1304.44
1 252 596 -1304.44
1 252 597 -1304.44
1 252 598 -652.2180000000001
1 252 599 -1304.44
1 252 608 -1304.44
1 252 609 -652.2180000000001
1 252 611 -652.2180000000001
1 252 620 -652.2180000000001
1 253 259 -652.2180000000001
1 253 342 -652.2180000000001
1 253 363 -652.2180000000001
1 253 365 -1304.44
1 253 366 -3913.31
1 253 367 -2608.87
1 253 370 -652.2180000000001
1 253 375 -1304.44
1 253 404 -652.2180000000001
1 253 433 -1304.44
1 253 506 -652.2180000000001
1 253 543 -652.2180000000001
1 253 546 -652.2180000000001
1 253 547 -652.2180000000001
1 253 566 -652.2180000000001
1 253 586 -1304.44
1 253 596 -652.2180000000001
1 253 597 -2608.87
1 253 601 -652.2180000000001
1 253 604 -652.2180000000001
1 253 605 -652.2180000000001
1 253 614 -1956.65
1 254 366 -1304.44
1 254 478 -652.2180000000001
1 254 581 -652.2180000000001
1 254 584 -652.2180000000001
1 254 585 -3913.31
1 254 586 -3261.09
1 254 587 -1956.65
1 254 588 -1956.65
1 254 589 -2608.87
1 254 598 -652.2180000000001
1 254 599 -652.2180000000001
1 254 601 -1304.44
1 254 604 -1304.44
1 254 605 -652.2180000000001
1 254 606 -652.2180000000001
1 254 611 -652.2180000000001
1 255 341 -652.2180000000001
1 255 346 -652.2180000000001
1 255 371 -652.2180000000001
1 255 402 -652.2180000000001
1 255 442 -652.2180000000001
1 255 445 -652.2180000000001
1 255 461 -652.2180000000001
1 255 479 -652.2180000000001
1 255 512 -652.2180000000001
1 255 513 -652.2180000000001
1 255 526 -652.2180000000001
1 255 547 -652.2180000000001
1 255 548 -652.2180000000001
1 255 565 -652.2180000000001
1 255 583 -1956.65
1 255 584 -2608.87
1 255 585 -2608.87
1 255 586 -2608.87
1 255 587 -1304.44
1 255 588 -652.2180000000001
1 255 591 -652.2180000000001
1 255 594 -652.2180000000001
1 255 597 -652.2180000000001
1 255 600 -1304.44
1 255 607 -652.2180000000001
1 256 346 -652.2180000000001
1 256 350 -652.2180000000001
1 256 367 -652.2180000000001
1 256 373 -652.2180000000001
1 256 374 -652.2180000000001
1 256 491 -652.2180000000001
1 256 526 -652.2180000000001
1 256 531 -1956.65
1 256 532 -652.2180000000001
1 256 547 -652.2180000000001
1 256 548 -1304.44
1 256 549 -652.2180000000001
1 256 575 -652.2180000000001
1 256 578 -1304.44
1 256 580 -652.2180000000001
1 256 584 -1956.65
1 256 585 -1304.44
1 256 592 -1304.44
1 256 594 -4565.53
1 256 595 -2608.87
1 256 607 -2608.87
1 256 608 -1304.44
1 256 609 -652.2180000000001
1 257 330 -652.2180000000001
1 257 461 -652.2180000000001
1 257 497 -652.2180000000001
1 257 503 -652.2180000000001
1 257 506 -652.2180000000001
1 257 512 -652.2180000000001
1 257 527 -1956.65
1 257 529 -652.2180000000001
1 257 532 -652.2180000000001
1 257 549 -652.2180000000001
1 257 574 -652.2180000000001
1 257 575 -1956.65
1 257 584 -1956.65
1 257 585 -1956.65
1 257 593 -1304.44
1 257 594 -5217.74
1 257 595 -2608.87
1 257 597 -1304.44
1 257 606 -4565.53
1 257 607 -652.2180000000001
1 258 307 -652.2180000000001
1 258 330 -652.2180000000001
1 258 366 -652.2180000000001
1 258 485 -1304.44
1 258 489 -1304.44
1 258 491 -652.2180000000001
1 258 493 -652.2180000000001
1 258 494 -652.2180000000001
1 258 496 -652.2180000000001
1 258 497 -652.2180000000001
1 258 498 -1956.65
1 258 499 -1304.44
1 258 502 -652.2180000000001
1 258 503 -652.2180000000001
1 258 529 -1304.44
1 258 531 -652.2180000000001
1 258 532 -652.2180000000001
1 258 533 -1304.44
1 258 535 -652.2180000000001
1 258 546 -652.2180000000001
1 258 550 -652.2180000000001
1 258 556 -1304.44
1 258 564 -652.2180000000001
1 258 576 -652.2180000000001
1 258 583 -652.2180000000001
1 258 584 -1956.65
1 258 586 -1956.65
1 258 594 -1956.65
1 258 606 -3261.09
1 258 607 -652.2180000000001
1 259 346 -652.2180000000001
1 259 369 -1304.44
1 259 402 -652.2180000000001
1 259 444 -652.2180000000001
1 259 456 -652.2180000000001
1 259 485 -652.2180000000001
1 259 486 -652.2180000000001
1 259 488 -652.2180000000001
1 259 489 -652.2180000000001
1 259 490 -1304.44
1 259 509 -1304.44
1 259 510 -652.2180000000001
1 259 522 -652.2180000000001
1 259 528 -652.2180000000001
1 259 529 -652.2180000000001
1 259 531 -652.2180000000001
1 259 532 -652.2180000000001
1 259 545 -652.2180000000001
1 259 549 -652.2180000000001
1 259 554 -1304.44
1 259 555 -1304.44
1 259 556 -1956.65
1 259 557 -1956.65
1 259 575 -2608.87
1 259 576 -652.2180000000001
1 259 579 -652.2180000000001
1 259 584 -652.2180000000001
1 259 585 -2608.87
1 259 586 -1304.44
1 260 369 -1304.44
1 260 404 -1304.44
1 260 443 -652.2180000000001
1 260 454 -652.2180000000001
1 260 485 -652.2180000000001
1 260 486 -1304.44
1 260 487 -652.2180000000001
1 260 492 -652.2180000000001
1 260 499 -652.2180000000001
1 260 502 -1304.44
1 260 517 -652.2180000000001
1 260 527 -652.2180000000001
1 260 545 -1956.65
1 260 548 -652.2180000000001
1 260 554 -652.2180000000001
1 260 556 -652.2180000000001
1 260 567 -652.2180000000001
1 260 576 -652.2180000000001
1 260 577 -652.2180000000001
1 261 397 -652.2180000000001
1 261 404 -652.2180000000001
1 261 444 -652.2180000000001
1 261 483 -652.2180000000001
1 261 487 -652.2180000000001
1 261 501 -652.2180000000001
1 261 502 -652.2180000000001
1 261 545 -652.2180000000001
1 261 551 -652.2180000000001
1 261 552 -652.2180000000001
1 261 565 -652.2180000000001
1 262 254 -652.2180000000001
1 262 353 -1304.44
1 262 369 -652.2180000000001
1 262 425 -652.2180000000001
1 262 443 -652.2180000000001
1 262 458 -652.2180000000001
1 262 483 -1304.44
1 262 493 -652.2180000000001
1 262 501 -652.2180000000001
1 262 502 -652.2180000000001
1 262 523 -652.2180000000001
1 262 524 -652.2180000000001
1 262 535 -652.2180000000001
1 262 536 -652.2180000000001
1 262 537 -652.2180000000001
1 262 542 -652.2180000000001
1 262 546 -652.2180000000001
1 262 584 -652.2180000000001
1 262 587 -652.2180000000001
1 263 355 -652.2180000000001
1 263 415 -652.2180000000001
1 263 484 -652.2180000000001
1 263 493 -652.2180000000001
1 263 509 -652.2180000000001
1 263 522 -652.2180000000001
1 263 523 -1304.44
1 263 524 -1304.44
1 263 541 -1304.44
1 263 542 -652.2180000000001
1 263 543 -652.2180000000001
1 263 546 -1304.44
1 263 576 -652.2180000000001
1 263 579 -652.2180000000001
1 263 581 -2608.87
1 264 369 -652.2180000000001
1 264 379 -652.2180000000001
1 264 481 -652.2180000000001
1 264 482 -652.2180000000001
1 264 493 -652.2180000000001
1 264 503 -652.2180000000001
1 264 504 -652.2180000000001
1 264 516 -652.2180000000001
1 264 521 -1956.65
1 264 527 -652.2180000000001
1 264 543 -2608.87
1 264 568 -652.2180000000001
1 264 575 -652.2180000000001
1 264 576 -1304.44
1 265 336 -652.2180000000001
1 265 367 -1304.44
1 265 457 -652.2180000000001
1 265 459 -652.2180000000001
1 265 511 -652.2180000000001
1 265 516 -652.2180000000001
1 265 520 -652.2180000000001
1 265 524 -652.2180000000001
1 265 568 -1304.44
1 266 314 -652.2180000000001
1 266 413 -652.2180000000001
1 266 456 -652.2180000000001
1 266 478 -652.2180000000001
1 266 481 -652.2180000000001
1 266 483 -652.2180000000001
1 266 484 -652.2180000000001
1 266 485 -652.2180000000001
1 266 492 -652.2180000000001
1 266 498 -652.2180000000001
1 266 505 -652.2180000000001
1 266 518 -652.2180000000001
1 266 523 -652.2180000000001
1 266 543 -652.2180000000001
1 266 545 -652.2180000000001
1 266 549 -652.2180000000001
1 266 555 -652.2180000000001
1 267 337 -652.2180000000001
1 267 365 -652.2180000000001
1 267 381 -652.2180000000001
1 267 459 -652.2180000000001
1 267 460 -1304.44
1 267 505 -652.2180000000001
1 267 507 -652.2180000000001
1 267 543 -652.2180000000001
1 267 544 -1304.44
1 267 549 -652.2180000000001
1 267 553 -1956.65
1 267 562 -652.2180000000001
1 268 507 -1304.44
1 268 540 -652.2180000000001
1 268 541 -652.2180000000001
1 268 542 -1304.44
1 268 543 -2608.87
1 268 544 -1304.44
1 268 549 -652.2180000000001
1 268 551 -652.2180000000001
1 268 552 -652.2180000000001
1 268 553 -652.2180000000001
1 269 362 -652.2180000000001
1 269 505 -1304.44
1 269 507 -652.2180000000001
1 269 528 -652.2180000000001
1 269 543 -652.2180000000001
1 269 547 -1304.44
1 270 474 -652.2180000000001
1 270 475 -1304.44
1 270 479 -652.2180000000001
1 270 491 -652.2180000000001
1 270 504 -652.2180000000001
1 270 507 -652.2180000000001
1 270 526 -652.2180000000001
1 271 375 -652.2180000000001
1 271 388 -652.2180000000001
1 271 479 -652.2180000000001
1 271 481 -652.2180000000001
1 271 487 -652.2180000000001
1 271 491 -652.2180000000001
1 271 526 -652.2180000000001
1 272 469 -652.2180000000001
1 272 493 -652.2180000000001
1 272 495 -1304.44
1 272 496 -652.2180000000001
1 272 502 -652.2180000000001
1 272 526 -1956.65
1 273 441 -652.2180000000001
1 273 462 -652.2180000000001
1 273 526 -652.2180000000001
1 275 463 -652.2180000000001
1 275 480 -652.2180000000001
1 275 502 -652.2180000000001
1 275 504 -652.2180000000001
1 276 502 -652.2180000000001
1 277 393 -652.2180000000001
1 279 459 -652.2180000000001
1 280 563 -652.2180000000001
1 282 434 -652.2180000000001
1 282 435 -652.2180000000001
1 283 461 -652.2180000000001
1 283 482 -652.2180000000001
1 283 483 -652.2180000000001
1 285 437 -652.2180000000001
1 285 482 -652.2180000000001
1 285 483 -652.2180000000001
1 286 377 -652.2180000000001
1 286 464 -652.2180000000001
1 288 469 -652.2180000000001
1 289 362 -652.2180000000001
1 289 443 -652.2180000000001
1 292 358 -652.2180000000001
1 293 390 -1956.65
1 293 391 -652.2180000000001
1 296 390 -652.2180000000001
1 301 359 -652.2180000000001
1 301 378 -652.2180000000001
1 85 106 -652.2180000000001
1 92 112 -1304.44
1 93 117 -652.2180000000001
1 97 89 -652.2180000000001
1 98 101 -652.2180000000001
1 99 126 -652.2180000000001
1 99 136 -652.2180000000001
1 147 119 -1686.19
1 148 187 -6042.19
1 150 114 -1826.71
1 153 113 -4918.06
1 156 158 -5480.13
1 157 160 -4496.52
1 167 186 -3793.94
1 197 280 -3091.35
1 199 225 -2388.77
1 234 285 -1826.71
1 244 234 -25152.4
1 259 541 -281.03
1 265 469 -281.03
1 267 479 -2810.32
1 271 361 -3507.08
1 272 454 -37.71
1 285 433 -2669.81
1 291 453 -3109.16
1 299 360 -1124.13
1 109 116 -1545.68
1 131 118 -421.55
1 132 183 -3091.35
1 140 173 -6463.74
1 141 124 -3793.94
1 142 121 -5761.16
1 155 192 -5199.1
1 157 117 -1686.19
1 158 205 -7587.87
1 169 164 -10819.7
1 172 162 -2529.29
1 172 163 -2529.29
1 172 164 -2529.29
1 173 196 -140.52
1 195 280 -2810.32
1 203 296 -6744.77
1 226 358 -5562.91
1 247 335 -2388.77
1 256 333 -562.06
1 265 349 -1264.65
1 267 346 -1124.13
1 269 347 -421.55
1 271 470 -1826.71
1 274 431 -2398100.0
1 280 367 -1967.23
1 285 357 -1826.71
1 289 374 -140.52
1 293 378 -1405.16
1 299 335 -25433.4
1 143 152 -6042.19
1 144 130 -1545.68
1 151 143 -2529.29
1 153 212 -7166.32
1 154 128 -140.52
1 161 161 -4215.48
1 167 163 -6463.74
1 175 178 -702.58
1 176 128 -983.61
1 188 287 -140.52
1 201 279 -4637.03
1 221 294 -2950.84
1 221 361 -140.52
1 222 252 -1124.13
1 224 273 -3653.42
1 225 248 -562.06
1 226 361 -2388.77
1 234 319 -3091.35
1 235 317 -3091.35
1 238 244 -1545.68
1 248 238 -10117.2
1 248 331 -1264.65
1 256 342 -843.1
1 266 345 -2529.29
1 271 268 -5058.58
1 289 355 -562.06
1 295 392 -562.06
1 296 391 -983.61
1 296 393 -1264.65
1 140 166 -702.58
1 144 151 -55503.9
1 144 186 -1967.23
1 146 150 -26417.0
1 147 148 -52131.5
1 149 124 -421.55
1 149 202 -5339.61
1 151 178 -13489.5
1 151 189 -4215.48
1 151 211 -1967.23
1 153 188 -80937.3
1 158 173 -3091.35
1 164 124 -140.52
1 165 167 -2950.84
1 170 115 -4777.55
1 176 222 -1826.71
1 184 210 -6182.71
1 189 288 -421.55
1 206 280 -983.61
1 209 281 -41021.6
1 210 249 -1826.71
1 211 263 -2388.77
1 211 296 -1405.16
1 219 272 -702.58
1 221 302 -140.52
1 221 317 -3091.35
1 224 287 -2107.74
1 230 352 -3793.94
1 231 270 -843.1
1 231 347 -702.58
1 235 295 -1545.68
1 236 342 -2248.26
1 236 344 -983.61
1 240 330 -1826.71
1 240 337 -2248.26
1 240 357 -2248.26
1 244 333 -4462.05
1 246 332 -843.1
1 246 337 -17424.0
1 251 334 -2950.84
1 258 343 -140.52
1 258 345 -562.06
1 260 345 -702.58
1 261 340 -843.1
1 262 286 -562.06
1 262 361 -62810.7
1 263 344 -1264.65
1 263 350 -281.03
1 267 321 -1405.16
1 267 428 -31393.4
1 269 365 -140.52
1 270 361 -2388.77
1 271 355 -1545.68
1 271 363 -2669.81
1 281 331 -421.55
1 284 333 -562.06
1 289 371 -1545.68
1 290 371 -1405.16
1 291 365 -843.1
1 296 358 -146418.0
1 297 356 -843.1
1 297 391 -1545.68
1 299 347 -281.03
1 125 93 -4356.0
1 142 117 -8712.0
1 142 169 -2107.74
1 145 116 -2810.32
1 146 146 -2107.74
1 152 213 -3091.35
1 155 116 -2248.26
1 161 185 -11522.3
1 163 186 -843.1
1 166 203 -281.03
1 183 232 -3512.9
1 192 232 -1967.23
1 193 235 -2950.84
1 201 310 -140.52
1 211 195 -1405.16
1 215 261 -2248.26
1 221 339 -2529.29
1 222 324 -1264.65
1 226 354 -1686.19
1 230 358 -702.58
1 232 347 -983.61
1 233 341 -1264.65
1 242 618 -702.58
1 248 344 -2107.74
1 263 345 -2950.84
1 263 427 -140.52
1 263 570 -11662.8
1 264 348 -702.58
1 265 414 -140.52
1 268 366 -140.52
1 286 302 -140.52
1 292 360 -702.58
1 293 357 -1124.13
1 297 439 -1332590.0
1 145 166 -1545.68
1 150 121 -3934.45
1 150 127 -1124.13
1 152 118 -6885.29
1 185 168 -2669.81
1 224 257 -5620.65
1 230 223 -28524.8
1 260 332 -281.03
1 260 337 -140.52
1 276 358 -1405.16
1 281 445 -421.55
1 137 168 -5199.1
1 149 213 -7587.87
1 192 197 -10398.2
1 202 228 -702.58
1 210 253 -1686.19
1 217 236 -1545.68
1 245 324 -140.52
1 270 480 -140.52
1 291 354 -140.52
1 145 131 -3653.42
1 148 166 -4215.48
1 151 118 -1967.23
1 153 116 -1124.13
1 158 114 -843.1
1 188 197 -3653.42
1 188 204 -3934.45
1 206 169 -562.06
1 206 281 -1124.13
1 211 266 -33963.5
1 213 276 -11651.8
1 214 274 -14911.9
1 220 278 -105649.0
1 232 398 -140.52
1 233 375 -1686.19
1 239 385 -2698.65
1 239 406 -245.31
1 239 416 -5.77
1 241 238 -843.1
1 245 408 -5761.16
1 246 320 -421.55
1 248 454 -702.58
1 259 351 -3461.03
1 265 360 -20250.2
1 269 360 -6783.22
1 272 360 -2107.74
1 273 521 -12505.9
1 274 327 -562.06
1 274 521 -1686.19
1 275 465 -155.57
1 280 371 -281.03
1 290 322 -3091.35
1 294 354 -99813.9
1 147 183 -2669.81
1 205 310 -140.52
1 257 342 -562.06
1 201 251 -1826.71
1 201 301 -421.55
1 251 286 -281.03
1 261 570 -11662.8
1 264 441 -140.52
1 135 160 -1967.23
1 136 173 -843.1
1 144 189 -2529.29
1 156 131 -140.52
1 161 179 -12505.9
1 164 169 -1124.13
1 204 300 -37.09
1 225 242 -1545.68
1 226 375 -22984.8
1 235 420 -8149.94
1 238 302 -843.1
1 242 355 -155.57
1 245 406 -1124.13
1 247 591 -1545.68
1 248 590 -1545.68
1 248 593 -1545.68
1 251 614 -1002.86
1 255 333 -843.1
1 256 443 -168.35
1 258 339 -1975.89
1 258 416 -333.61
1 269 482 -140.52
1 270 476 -1405.16
1 273 477 -5199.1
1 273 523 -118877.0
1 275 479 -15456.8
1 280 458 -840.3
1 297 388 -1038.01
1 298 384 -114.26
1 204 299 -140.52
1 221 300 -281.03
1 140 116 -983.61
1 134 167 -4215.48
1 160 117 -1967.23
1 197 298 -23.49
1 226 330 -22372.1
1 237 406 -2210.16
1 244 430 -1264.65
1 247 342 -108.8
1 253 427 -1242.21
1 253 443 -493.3
1 254 398 -202.55
1 254 442 -2292.17
1 254 444 -382.85
1 254 445 -42.34
1 256 445 -1066.76
1 259 345 -140.52
1 261 369 -1649.45
1 262 555 -140.52
1 263 448 -140.52
1 270 319 -14339.6
1 271 364 -1405.16
1 271 471 -281.03
1 271 489 -17138.3
1 275 371 -281.03
1 277 386 -421.55
1 289 321 -1545.68
1 262 394 -576306.0
1 167 168 -2950.84
1 157 122 -421.55
1 169 201 -3653.42
1 199 297 -136.1
1 212 315 -173.91
1 214 287 -300.74
1 224 372 -2388.77
1 247 343 -48.63
1 247 590 -1545.68
1 255 446 -523.38
1 261 524 -37433.9
1 261 525 -37433.9
1 268 567 -11662.8
1 276 386 -421.55
1 278 371 -140.52
1 281 446 -1264.65
1 284 406 -1967.23
1 291 458 -139.29
1 297 387 -843.1
1 257 443 -1421.89
1 162 205 -3091.35
1 244 330 -562.06
1 248 343 -162.06
1 249 589 -1545.68
1 254 394 -23.9
1 261 362 -19531.7
1 276 469 -140.52
1 282 451 -983.61
1 134 173 -843.1
1 145 139 -140.52
1 150 115 -2388.77
1 206 299 -11.02
1 239 305 -1083.86
1 261 461 -281.03
1 233 400 -31335.1
1 117 117 -843.1
1 178 182 -421.55
1 183 311 -2386.24
1 185 196 -3934.45
1 201 309 -140.52
1 220 175 -3793.94
1 244 355 -11009.3
1 245 261 -13325.0
1 259 512 -421.55
1 260 541 -281.03
1 262 563 -11662.8
1 269 319 -14339.6
1 269 429 -1597.04
1 271 512 -421.55
1 290 355 -14265.6
1 264 474 -140.52
1 275 383 -1124.13
