1 62 1 3798.3
1 61 2 3770.7
1 60 3 3749.7
1 59 4 3733.5
1 58 5 3721.5
1 57 6 3713.4
1 56 7 3709.2
1 55 8 3709.0
1 54 9 3713.4
1 53 10 3722.5
1 52 11 3736.7
1 51 12 3755.5
1 49 13 3767.8
1 50 13 3777.1
1 48 14 3789.3
1 47 15 3784.5
1 46 16 3776.7
1 45 17 3766.9
1 45 18 3767.6
1 45 19 3768.3
1 44 20 3756.4
1 44 21 3756.2
1 44 22 3755.5
1 44 23 3754.2
1 44 24 3752.2
1 44 25 3749.4
1 44 26 3745.6
1 44 27 3740.7
1 44 28 3734.5
1 44 29 3727.0
1 44 30 3717.9
1 44 31 3707.0
1 44 32 3694.2
1 44 33 3679.1
1 44 34 3661.5
1 44 35 3641.1
1 44 36 3617.4
1 44 37 3589.8
1 44 38 3557.8
1 44 39 3520.3
1 44 40 3476.1
1 44 41 3422.8
1 43 42 3304.0
1 43 43 3265.0
1 43 44 3203.3
1 42 45 3052.1
1 42 46 2997.6
1 40 47 2765.7
1 41 47 2812.0
1 40 48 2729.6
1 40 49 2663.5
1 40 50 2567.6
1 35 78 4859.7
1 35 79 4888.1
1 34 80 4945.1
1 33 81 5025.5
1 32 82 5089.1
1 31 83 5102.5
1 30 84 5114.2
1 29 85 5123.1
1 28 86 5145.4
1 27 87 5164.2
1 26 88 5190.3
1 25 89 5217.8
1 25 90 5254.2
1 24 91 5241.3
1 24 92 5256.5
1 24 93 5293.6
1 24 94 5330.6
1 23 95 5345.7
1 23 96 5386.0
1 23 97 5422.3
1 22 98 5430.3
1 22 99 5471.4
1 22 100 5508.4
1 22 101 5545.7
1 21 102 5566.0
1 21 103 5611.1
1 20 104 5633.2
1 20 105 5675.7
1 19 106 5707.7
1 19 107 5752.1
1 18 108 5788.7
1 18 109 5828.5
1 17 110 5747.7
1 17 111 5758.8
1 17 112 5868.1
1 65 109 6030.5
1 66 109 6027.0
1 67 109 5976.4
1 68 109 5941.6
1 69 109 5951.1
1 62 110 5964.5
1 63 110 6002.2
1 64 110 6023.1
1 70 110 6040.0
1 60 111 5859.4
1 61 111 5880.9
1 71 111 6106.0
1 37 112 5647.1
1 38 112 5707.3
1 39 112 5768.9
1 40 112 5814.4
1 41 112 5851.4
1 42 112 5873.4
1 43 112 5884.6
1 44 112 5893.7
1 45 112 5900.9
1 46 112 5910.4
1 47 112 5919.3
1 48 112 5936.9
1 55 112 5739.6
1 56 112 5761.3
1 57 112 5778.4
1 58 112 5795.2
1 59 112 5810.1
1 72 112 6143.0
1 16 113 5956.8
1 33 113 5631.7
1 34 113 5615.1
1 35 113 5599.2
1 36 113 5578.7
1 49 113 5930.6
1 50 113 5908.4
1 51 113 5855.3
1 52 113 5800.7
1 53 113 5744.1
1 54 113 5707.4
1 73 113 6175.3
1 16 114 6015.9
1 29 114 5721.3
1 30 114 5696.1
1 31 114 5668.3
1 32 114 5633.3
1 74 114 6198.4
1 75 114 6202.5
1 16 115 6072.6
1 25 115 5833.0
1 26 115 5810.2
1 27 115 5781.0
1 28 115 5741.0
1 76 115 6234.3
1 16 116 6127.9
1 21 116 5975.7
1 22 116 5990.6
1 23 116 5903.4
1 24 116 5863.2
1 77 116 6249.5
1 78 116 6247.6
1 79 116 6260.2
1 16 117 6182.1
1 20 117 6023.7
1 80 117 6281.1
1 81 117 6279.2
1 82 117 6258.6
1 83 117 6231.1
1 84 117 6202.0
1 16 118 6219.5
1 17 118 6185.7
1 18 118 6138.6
1 19 118 6085.1
1 85 118 6131.5
1 85 119 6089.7
1 86 120 6072.5
1 86 121 6095.2
1 86 122 6120.0
1 86 123 6137.3
1 86 124 6149.7
1 86 125 6159.3
1 86 126 6166.4
1 86 127 6170.1
1 86 128 6170.7
1 86 129 6169.0
1 86 130 6166.3
1 86 131 6162.1
1 86 132 6155.2
1 86 133 6146.5
1 86 134 6134.7
1 86 135 6118.8
1 86 136 6099.7
1 85 137 6050.6
1 85 138 6037.7
1 84 139 6032.8
1 83 140 6073.8
1 82 141 6157.7
1 82 142 6174.0
1 81 143 6226.7
1 80 144 6287.2
1 79 145 6356.2
1 78 146 6419.8
1 77 147 6487.1
1 76 148 6559.0
1 75 149 6636.4
1 75 150 6700.7
1 75 151 6761.3
1 75 152 6821.9
1 75 153 6868.8
1 76 154 6862.0
1 77 154 6849.2
1 78 154 6839.0
1 79 155 6827.7
1 80 155 6815.1
1 81 156 6797.5
1 82 157 6771.0
1 82 158 6748.6
1 83 158 6734.5
1 84 159 6704.6
1 84 160 6676.8
1 84 161 6652.4
1 84 162 6628.5
1 85 163 6603.4
1 86 164 6574.0
1 87 165 6537.0
1 88 166 6502.2
1 89 167 6468.6
1 90 168 6387.2
1 90 169 6337.2
1 91 170 6269.8
1 92 171 6198.4
1 93 172 6167.7
1 94 173 6141.2
1 94 174 6138.8
1 95 175 6123.4
1 95 176 6109.0
1 95 177 6113.7
1 95 178 6120.7
1 95 179 6126.0
1 96 180 5954.7
1 97 181 5971.7
1 98 182 5989.2
1 99 183 6006.7
1 100 184 6022.5
1 101 185 6037.9
1 102 185 6046.3
1 103 185 6061.9
1 104 186 6096.3
1 105 186 6097.4
1 106 187 6100.6
1 107 188 6096.4
1 108 189 5914.1
1 108 190 5916.1
1 108 191 5917.1
1 108 192 5916.7
1 108 193 5912.5
1 107 194 5707.4
1 107 195 5703.4
1 107 196 5695.6
1 107 197 5685.3
1 107 198 5673.3
1 106 199 5634.9
1 106 200 5622.0
1 105 201 5576.1
1 105 202 5562.9
1 104 203 5522.4
1 104 204 5513.7
1 104 205 5498.7
1 104 206 5477.3
1 104 207 5444.2
1 98 208 5460.6
1 99 208 5470.7
1 100 208 5483.1
1 101 208 5496.0
1 102 208 5513.7
1 103 208 5542.4
1 97 209 5451.3
1 97 210 5450.1
1 97 211 5446.0
1 97 212 5440.7
1 96 213 5424.1
1 95 214 5416.7
1 95 215 5415.4
1 94 216 5408.0
1 94 217 5407.1
1 94 218 5406.4
1 95 219 5410.6
1 96 220 5414.1
1 97 221 5418.0
1 97 222 5416.9
1 98 223 5420.2
1 98 224 5418.8
1 99 225 5422.9
1 99 226 5421.0
1 100 227 5242.1
1 128 227 5398.5
1 129 227 5461.6
1 101 228 5248.0
1 107 228 5142.9
1 108 228 5167.8
1 109 228 5196.4
1 110 228 5228.4
1 111 228 5263.1
1 125 228 5283.4
1 126 228 5309.8
1 127 228 5318.0
1 130 228 5187.6
1 131 228 5194.1
1 132 228 5188.2
1 133 228 5189.3
1 134 228 5195.5
1 135 228 5209.9
1 136 228 5226.9
1 137 228 5240.2
1 138 228 5267.0
1 102 229 5252.8
1 106 229 5280.7
1 112 229 5117.3
1 118 229 5143.6
1 119 229 5162.0
1 120 229 5177.9
1 121 229 5192.0
1 122 229 5203.3
1 123 229 5212.7
1 124 229 5215.2
1 139 229 5340.3
1 103 230 5256.3
1 104 230 5258.9
1 105 230 5261.9
1 113 230 5133.9
1 114 230 5125.4
1 115 230 5121.1
1 116 230 5118.6
1 117 230 5110.7
1 140 230 5307.1
1 139 231 5374.7
1 137 232 5411.3
1 138 232 5410.6
1 136 233 5414.6
1 135 234 5407.4
1 133 235 5374.7
1 134 235 5388.0
1 132 236 5357.8
1 130 237 5314.5
1 131 237 5329.7
1 129 238 5303.3
1 128 239 5287.2
1 127 240 5267.3
1 127 241 5257.5
1 127 242 5244.6
1 128 243 5252.9
1 129 244 5251.2
1 129 245 5238.5
1 130 246 5234.7
1 131 246 5233.6
1 132 246 5236.5
1 133 246 5245.8
1 134 246 5263.2
1 135 246 5289.6
1 136 246 5316.8
1 137 246 5336.8
1 138 246 5358.8
1 139 247 5409.5
1 140 247 5434.0
1 141 247 5471.5
1 142 247 5514.8
1 143 248 5577.8
1 144 249 5671.3
1 144 250 5698.1
1 145 251 5749.9
1 145 252 5775.5
1 145 253 5795.8
1 146 254 5829.1
1 146 255 5826.5
1 146 256 5820.5
1 146 257 5812.6
1 146 258 5802.4
1 146 259 5790.6
1 146 260 5777.2
1 146 261 5764.9
1 146 262 5751.7
1 146 263 5738.5
1 146 264 5728.4
1 146 265 0.0
1 147 266 5482.8
1 147 267 5453.7
1 147 268 5428.8
1 147 269 5389.1
1 147 270 5356.1
1 148 271 5306.0
1 148 272 5279.2
1 148 273 5252.1
1 148 274 5230.3
1 149 274 5215.4
1 149 275 5175.8
1 149 276 5143.6
1 149 277 5091.0
1 149 278 5036.4
1 150 279 5132.7
1 150 280 5087.7
1 150 281 5046.5
1 150 282 5016.2
1 151 283 4932.5
1 151 284 4888.7
1 151 285 4855.4
1 152 286 4761.4
1 152 287 4706.8
1 152 288 4662.5
1 152 289 4628.0
1 153 290 4722.8
1 153 291 4696.3
1 153 292 4704.2
1 154 293 4715.0
1 154 294 4726.6
1 154 295 4736.1
1 154 296 4742.2
1 155 297 4760.1
1 155 298 4763.9
1 156 299 4586.8
1 157 299 4593.1
1 158 299 4602.6
1 159 299 4615.1
1 160 299 4631.1
1 161 299 4650.5
1 162 300 4681.7
1 162 301 4684.5
1 162 302 4683.6
1 162 303 4681.0
1 162 304 4678.3
1 163 305 4857.4
1 163 306 4848.4
1 163 307 4838.6
1 163 308 4829.3
1 163 309 4823.2
1 164 310 5039.4
1 165 311 5081.0
1 166 312 5152.7
1 167 313 5211.3
1 168 314 5244.2
1 168 315 5076.7
1 168 316 5081.0
1 169 316 5088.5
1 169 317 5094.3
1 170 317 5104.1
1 171 318 5105.2
1 171 319 5081.8
1 172 320 5033.9
1 172 321 4986.4
1 172 322 4938.1
1 172 323 4887.1
1 172 324 4847.4
1 173 325 4845.9
1 173 326 4849.5
1 173 327 4851.3
1 174 328 4860.7
1 174 329 4862.3
1 174 330 4863.3
1 175 331 4867.8
1 176 331 4871.8
1 177 331 4877.7
1 178 332 4887.1
1 179 333 4889.7
1 179 334 4886.6
1 179 335 4883.5
1 180 336 4881.0
1 181 337 4872.5
1 181 338 4867.8
1 187 338 4741.0
1 188 338 4762.1
1 189 338 4779.7
1 190 338 4793.4
1 182 339 4858.5
1 186 339 4873.5
1 191 339 4797.0
1 192 339 5216.0
1 182 340 4852.5
1 186 340 4857.8
1 193 340 5215.3
1 182 341 4848.9
1 186 341 4847.8
1 194 341 5215.2
1 195 341 5216.8
1 183 342 4845.3
1 184 342 4845.1
1 185 342 4844.6
1 186 342 4843.5
1 196 342 5216.5
1 196 343 5214.4
1 197 344 5213.3
1 198 345 5210.9
1 199 346 5208.8
1 200 346 5210.4
1 201 346 5212.6
1 202 346 5214.7
1 203 346 5215.5
1 204 346 4435.4
1 205 347 5199.5
1 206 347 5193.3
1 207 348 5398.8
1 207 349 5496.1
1 207 350 5637.0
1 206 351 5696.9
1 205 352 5701.7
1 205 353 5706.2
1 205 354 5711.2
1 206 355 5734.1
1 206 356 5742.3
1 207 357 5767.0
1 208 357 5784.2
1 209 358 5465.4
1 210 359 5522.7
1 211 359 5550.7
1 212 360 5470.5
1 212 361 5507.7
1 208 362 5529.9
1 209 362 5534.6
1 210 362 5541.7
1 211 362 5547.4
1 207 363 5526.1
1 206 364 5520.7
1 206 365 5522.0
1 206 366 5522.2
1 206 367 5521.4
1 206 368 5520.4
1 206 369 5519.2
1 207 369 5525.6
1 208 369 5542.1
1 209 369 5563.8
1 210 369 5588.2
1 211 369 5618.5
1 212 369 5654.9
1 213 369 5699.1
1 214 370 5595.6
1 215 370 5629.4
1 216 372 5626.7
1 214 373 5263.1
1 215 373 5351.3
1 214 374 5220.0
1 213 375 5270.2
1 212 376 5247.8
1 211 377 5194.7
1 211 378 5183.6
1 211 379 5178.1
1 211 380 5180.2
1 211 381 5189.3
1 211 382 5243.7
1 211 383 5293.5
1 212 384 45000.0
1 212 385 45000.0
1 212 386 45000.0
1 212 387 45000.0
1 212 388 45000.0
1 212 389 45000.0
1 212 390 45000.0
1 212 391 45000.0
1 212 392 45000.0
1 212 393 45000.0
1 213 394 45000.0
1 213 395 45000.0
1 213 396 45000.0
1 213 397 45000.0
1 213 398 45000.0
1 213 399 45000.0
1 213 400 45000.0
1 213 401 45000.0
1 213 402 45000.0
1 214 403 45000.0
1 214 404 45000.0
1 214 405 45000.0
1 214 406 45000.0
1 214 407 45000.0
1 214 409 45000.0
1 214 410 45000.0
1 214 411 45000.0
1 214 412 45000.0
1 214 413 45000.0
1 214 414 45000.0
1 214 415 45000.0
1 215 416 45000.0
1 215 417 45000.0
1 227 417 45000.0
1 228 417 45000.0
1 229 417 45000.0
1 216 418 45000.0
1 226 418 45000.0
1 230 418 45000.0
1 217 419 45000.0
1 218 419 45000.0
1 219 419 45000.0
1 220 419 45000.0
1 221 419 45000.0
1 222 419 45000.0
1 223 419 45000.0
1 224 419 45000.0
1 225 419 45000.0
1 229 419 45000.0
1 229 420 45000.0
1 226 421 45000.0
1 227 421 45000.0
1 228 421 45000.0
1 224 422 45000.0
1 225 422 45000.0
1 224 423 45000.0
1 224 424 45000.0
1 225 424 45000.0
1 226 424 45000.0
1 227 424 45000.0
1 228 424 45000.0
1 229 425 45000.0
1 229 426 45000.0
1 229 427 45000.0
1 229 428 45000.0
1 229 429 45000.0
1 228 430 45000.0
1 228 431 45000.0
1 228 432 45000.0
1 228 433 45000.0
1 228 434 45000.0
1 228 435 45000.0
1 229 435 45000.0
1 230 436 45000.0
1 230 437 45000.0
1 230 438 45000.0
1 230 439 45000.0
1 230 440 45000.0
1 230 441 45000.0
1 230 442 45000.0
1 230 443 45000.0
1 230 444 45000.0
1 230 445 45000.0
1 230 446 45000.0
1 230 447 45000.0
1 230 448 45000.0
1 230 449 45000.0
1 230 450 45000.0
1 230 451 45000.0
1 230 452 45000.0
1 230 453 45000.0
1 230 454 45000.0
1 230 455 45000.0
1 230 456 45000.0
1 231 457 45000.0
1 231 458 45000.0
1 231 459 45000.0
1 231 460 45000.0
1 232 461 45000.0
1 232 462 45000.0
1 232 463 45000.0
1 232 464 45000.0
1 233 464 45000.0
1 234 464 45000.0
1 235 464 45000.0
1 236 464 45000.0
1 237 464 45000.0
1 238 464 45000.0
1 239 465 45000.0
1 239 466 45000.0
1 239 467 5337.1
1 238 468 5337.1
1 238 469 5337.1
1 238 470 5337.1
1 239 471 5337.1
1 240 471 5337.1
1 241 472 5337.1
1 242 472 5337.1
1 243 472 5337.1
1 244 473 5337.1
1 245 474 5337.1
1 246 475 5337.1
1 246 476 5337.1
1 246 477 5337.1
1 246 478 5337.1
1 246 479 5337.1
1 246 480 5337.1
1 245 481 5337.1
1 245 482 5337.1
1 244 483 5337.1
1 243 484 5337.1
1 243 485 5337.1
1 243 486 5337.1
1 243 487 5337.1
1 243 488 5337.1
1 243 489 5337.1
1 242 490 5337.1
1 242 491 5337.1
1 241 492 5337.1
1 241 493 5337.1
1 240 494 5337.1
1 239 495 5337.1
1 238 496 5337.1
1 235 497 5337.1
1 236 497 5337.1
1 237 497 5337.1
1 233 498 5337.1
1 234 498 5337.1
1 233 499 5337.1
1 232 500 5337.1
1 231 501 5337.1
1 231 502 5337.1
1 231 503 5337.1
1 231 504 5337.1
1 231 505 5337.1
1 231 506 5337.1
1 231 507 5337.1
1 231 508 5337.1
1 231 509 5337.1
1 231 510 5337.1
1 231 511 5337.1
1 231 512 5337.1
1 231 513 5337.1
1 231 514 5337.1
1 231 515 5337.1
1 232 516 5337.1
1 232 517 5337.1
1 232 518 5337.1
1 233 519 5337.1
1 233 520 5337.1
1 233 521 5337.1
1 234 522 5337.1
1 234 523 5337.1
1 235 524 5337.1
1 235 525 5337.1
1 236 525 5337.1
1 237 525 5337.1
1 238 525 5337.1
1 239 526 5337.1
1 239 527 5337.1
1 240 528 5437.9
1 240 529 5453.1
1 241 530 5519.7
1 241 531 5549.7
1 241 532 5566.6
1 241 533 5578.1
1 241 534 5586.4
1 242 535 5064.8
1 242 536 5076.1
1 243 536 5094.1
1 244 536 5126.6
1 245 536 5155.2
1 246 537 5210.6
1 246 538 5227.7
1 247 539 5267.6
1 248 540 5303.1
1 249 540 5315.2
1 250 540 5331.6
1 251 541 5365.2
1 250 544 5398.8
1 251 544 5401.1
1 245 545 5344.2
1 246 545 5355.4
1 247 545 5374.0
1 248 545 5387.7
1 249 545 5393.2
1 243 546 5317.7
1 244 546 5321.7
1 243 547 5318.4
1 242 548 5314.5
1 242 549 5314.8
1 241 550 5308.6
1 241 551 5306.9
1 240 552 5296.5
1 239 553 5285.5
1 238 554 0.0
1 237 555 5249.9
1 236 556 5248.8
1 236 557 5248.8
1 232 558 5189.1
1 233 558 5186.1
1 234 558 5193.8
1 235 558 5197.3
1 232 559 5201.2
1 231 560 5201.4
1 231 561 5209.8
1 231 562 5216.5
1 231 563 5221.6
1 231 564 5222.9
1 230 565 5389.7
1 230 566 5382.9
1 230 567 5372.0
1 230 568 5359.6
1 215 371 5678.1
1 39 51 6043.2
1 39 52 5967.8
1 38 53 5714.5
1 38 54 5641.8
1 37 55 5375.6
1 36 56 5152.8
1 35 57 4950.0
1 35 58 4889.0
1 35 59 4787.7
1 35 60 8397.7
1 35 61 8262.3
1 35 62 8125.5
1 35 63 7985.2
1 35 64 7841.2
1 35 65 7693.4
1 35 66 7542.6
1 35 67 7395.4
1 35 68 7276.3
1 36 69 10770.0
1 36 70 10502.6
1 36 71 10250.3
1 36 72 10007.1
1 36 73 9772.1
1 36 74 9559.1
1 36 75 9377.7
1 36 76 9287.9
1 36 77 9255.2
1 230 569 5347.0
1 230 570 5333.5
1 230 571 5317.4
1 230 572 5306.0
1 230 573 5316.9
1 230 574 5332.4
1 230 575 5342.6
1 230 576 5344.7
1 230 577 5179.6
1 230 578 5212.8
1 230 579 5245.9
1 230 580 5275.3
1 230 581 5278.4
1 230 582 5283.8
1 230 583 5286.3
1 230 584 5285.4
1 230 585 5282.0
1 230 586 5277.4
1 230 587 5271.3
1 230 588 5267.4
1 229 589 5251.5
1 229 590 5242.2
1 228 591 5219.5
1 228 592 5203.8
1 228 593 5186.5
1 228 594 5164.3
1 227 595 5120.1
1 227 596 5096.9
1 227 597 5068.8
1 227 598 5035.6
1 227 599 4786.4
1 226 600 4700.2
1 226 601 4698.2
1 226 602 4696.9
1 226 603 4697.6
1 225 604 4268.5
1 224 605 4268.5
1 223 606 4290.4
1 222 607 4310.8
1 223 605 4275.0
1 114 114 -2810.32
1 117 120 -731.0989999999999
1 129 121 -140.52
1 130 122 -731.0989999999999
1 133 112 -17143.0
1 135 194 -1152.65
1 138 201 -1405.16
1 139 168 -562.06
1 140 168 -4777.55
1 141 191 -14754.2
1 143 172 -8993.03
1 143 190 -3512.9
1 144 166 -12787.0
1 144 172 -6182.71
1 144 182 -16440.4
1 144 190 -3512.9
1 145 161 -6323.23
1 146 117 -12646.5
1 146 188 -843.1
1 146 190 -843.1
1 147 132 -843.1
1 147 145 -731.0989999999999
1 148 167 -9133.55
1 148 176 -37546.3
1 148 196 -8009.42
1 149 145 -14473.2
1 149 146 -6463.74
1 150 124 -3231.87
1 150 141 -29227.3
1 150 198 -10117.2
1 151 142 -11381.8
1 151 195 -9976.65
1 152 123 -8009.42
1 152 125 -7194.84
1 152 132 -8178.45
1 153 111 -421.55
1 153 192 -19953.3
1 154 171 -8600.0
1 154 249 -421.55
1 155 112 -12084.4
1 155 129 -7025.81
1 156 129 -192507.0
1 157 116 -2950.84
1 157 135 -5958.72
1 157 140 -29929.9
1 157 251 -17705.0
1 158 133 -10567.2
1 158 181 -25433.4
1 159 119 -57190.1
1 159 173 -28524.8
1 160 119 -1124.13
1 161 125 -8852.52
1 161 129 -6182.71
1 161 140 -281.03
1 161 188 -10819.7
1 162 119 -1264.65
1 162 121 -70258.1
1 162 128 -206840.0
1 162 132 -49602.2
1 162 140 -562.06
1 162 167 -1545.68
1 162 169 -2529.29
1 163 137 -281.03
1 163 138 -1995.75
1 164 135 -6323.23
1 165 130 -3091.35
1 165 131 -421.55
1 166 126 -843.1
1 167 125 -5339.61
1 167 259 -983.61
1 168 123 -3231.87
1 168 208 -15316.3
1 169 163 -64496.9
1 170 131 -7166.32
1 170 132 -421.55
1 171 131 -6182.71
1 171 132 -4777.55
1 172 218 -17564.5
1 173 224 -1264.65
1 174 135 -2248.26
1 175 134 -25714.4
1 175 204 -16299.9
1 176 176 -5620.65
1 176 202 -2950.84
1 177 211 -4777.55
1 178 164 -281.03
1 178 261 -53115.1
1 179 181 -36393.7
1 179 183 -10538.7
1 179 210 -35691.1
1 180 208 -8712.0
1 183 184 -25714.4
1 187 200 -15878.3
1 188 198 -16440.4
1 188 209 -7306.84
1 188 240 -30632.5
1 188 258 -15456.8
1 191 191 -18969.7
1 193 256 -7166.32
1 193 260 -39325.9
1 197 204 -6885.29
1 197 252 -1405.16
1 198 298 -771.6289999999999
1 199 211 -8571.48
1 199 231 -18969.7
1 199 298 -731.0989999999999
1 200 298 -778.7289999999999
1 201 234 -2529.29
1 203 275 -8430.97
1 203 280 -7166.32
1 204 248 -16888.7
1 205 300 -771.9889999999999
1 206 196 -2810.32
1 206 286 -9261.21
1 206 300 -1462.2
1 211 255 -17283.5
1 212 258 -27822.2
1 213 264 -140.52
1 213 300 -1826.71
1 214 240 -25292.9
1 215 260 -25855.0
1 216 238 -10960.3
1 216 267 -12646.5
1 217 264 -28103.2
1 217 365 -983.61
1 218 179 -79110.6
1 219 310 -3653.42
1 221 223 -702.58
1 221 246 -2529.29
1 221 284 -597.77
1 222 352 -41916.0
1 222 369 -4637.03
1 223 271 -13349.0
1 224 301 -5761.16
1 224 374 -9526.56
1 226 350 -246.32
1 226 365 -3340.53
1 226 382 -8023.86
1 228 225 -10257.7
1 230 255 -2248.26
1 231 401 -1855.23
1 232 256 -1967.23
1 232 364 -155.28
1 232 370 -6787.11
1 233 337 -871.6189999999999
1 233 376 -2142.77
1 233 394 -1462.2
1 234 304 -4301.41
1 234 393 -800.3789999999999
1 235 400 -702.58
1 235 605 -982.29
1 235 609 -6375.68
1 236 263 -5761.16
1 236 351 -8712.0
1 237 316 -43303.9
1 237 357 -10049.3
1 237 389 -731.0989999999999
1 238 221 -1124.13
1 238 398 -17.8
1 238 605 -3702.28
1 238 609 -1462.2
1 239 250 -4074.97
1 239 338 -9555.1
1 239 426 -843.1
1 239 605 -3655.49
1 239 606 -2193.3
1 239 619 -2136.26
1 240 380 -731.0989999999999
1 240 426 -731.0989999999999
1 240 608 -2924.4
1 241 335 -11522.3
1 241 342 -13911.1
1 241 604 -731.0989999999999
1 242 311 -5464.44
1 243 371 -10318.2
1 243 389 -1826.71
1 243 422 -140.52
1 243 431 -2213.73
1 243 605 -3655.49
1 244 431 -237.18
1 244 605 -4386.59
1 244 621 -4915.55
1 245 238 -18548.1
1 245 337 -731.0989999999999
1 245 370 -1221.24
1 245 621 -5125.58
1 246 321 -4283.85
1 246 618 -2193.3
1 247 344 -731.0989999999999
1 247 383 -11128.3
1 247 384 -3531550.0
1 248 251 -26977.6
1 248 424 -5761.16
1 248 436 -2248.26
1 248 444 -16414.7
1 248 589 -1405.16
1 249 373 -731.0989999999999
1 249 389 -5058.58
1 249 424 -731.0989999999999
1 249 430 -50660.7
1 249 436 -8901.23
1 249 443 -8207.36
1 249 606 -3655.49
1 250 239 -10679.2
1 250 326 -3551.62
1 250 424 -731.0989999999999
1 250 425 -611807.0
1 250 431 -34524.1
1 250 595 -2474.33
1 251 300 -16861.9
1 251 356 -99294.6
1 251 408 -990.71
1 251 456 -871.6189999999999
1 251 457 -21.41
1 251 594 -731.0989999999999
1 251 595 -752.6289999999999
1 251 596 -1462.2
1 252 230 -17705.0
1 252 285 -8290.45
1 252 329 -33825.5
1 252 450 -702.58
1 252 595 -731.0989999999999
1 252 606 -731.0989999999999
1 253 298 -5761.16
1 253 331 -13976.1
1 253 332 -18219.4
1 253 416 -421.55
1 253 420 -13089.5
1 253 445 -72166.0
1 254 338 -30211.0
1 254 367 -843.1
1 254 407 -81385.7
1 254 597 -731.0989999999999
1 254 607 -4525.04
1 255 381 -47353.9
1 255 383 -27541.2
1 255 388 -46651.4
1 255 395 -2107.74
1 255 420 -8149.94
1 255 439 -23185.2
1 255 443 -104211.0
1 255 595 -731.0989999999999
1 255 596 -731.0989999999999
1 255 606 -4525.04
1 255 609 -1462.2
1 255 610 -883.54
1 256 314 -37386.6
1 256 335 -12365.4
1 256 341 -281.03
1 256 370 -5672.31
1 256 413 -2107.74
1 256 586 -49658.6
1 256 593 -2924.4
1 257 324 -6050.96
1 257 413 -2107.74
1 257 576 -5338.94
1 257 599 -14088.2
1 257 600 -83747.6
1 258 325 -6992.86
1 258 336 -2997.75
1 258 418 -298133.0
1 258 420 -60710.1
1 258 442 -989892.0
1 258 464 -1264.65
1 258 585 -4386.59
1 258 595 -1462.2
1 258 601 -49461.7
1 258 602 -13618.2
1 259 340 -1855.23
1 259 371 -5672.31
1 259 405 -63377.6
1 259 588 -25985.8
1 259 592 -898.8789999999999
1 259 593 -898.8789999999999
1 260 342 -14051.6
1 260 349 -702.58
1 260 407 -3208220.0
1 260 413 -86593.6
1 260 424 -753.41
1 260 461 -2810.32
1 260 463 -44824.6
1 260 464 -100469.0
1 260 585 -16171.4
1 260 586 -24689.0
1 261 337 -5480.13
1 261 355 -26838.6
1 261 381 -207869.0
1 261 395 -16725.4
1 261 416 -39625.6
1 261 418 -731.0989999999999
1 261 429 -49742.7
1 261 464 -14754.2
1 261 492 -731.0989999999999
1 261 571 -24449.8
1 261 576 -16055.0
1 262 345 -13630.1
1 262 540 -308.87
1 262 564 -45878.4
1 262 567 -14924.8
1 262 568 -21077.4
1 262 570 -36674.7
1 262 571 -12224.9
1 263 434 -154.57
1 263 471 -12927.5
1 263 477 -39485.0
1 263 520 -1462.2
1 263 582 -20138.4
1 264 265 -12084.4
1 264 344 -4356.0
1 264 345 -3231.87
1 264 355 -281.03
1 264 367 -731.0989999999999
1 264 383 -155.24
1 264 407 -2950.84
1 264 428 -162875.0
1 264 468 -51.84
1 264 471 -12505.9
1 264 476 -140.52
1 264 477 -61405.6
1 264 523 -2614.85
1 264 524 -421.55
1 264 549 -1594.01
1 265 363 -421.55
1 265 364 -25979.9
1 265 374 -131473.0
1 265 380 -45.46
1 265 422 -54991.7
1 266 337 -731.0989999999999
1 266 340 -3653.42
1 266 462 -140.52
1 267 391 -15316.3
1 267 463 -2669.81
1 267 555 -731.0989999999999
1 267 556 -731.0989999999999
1 268 333 -8571.48
1 268 334 -6885.29
1 268 436 -3780620.0
1 268 455 -14.91
1 268 479 -702.58
1 268 480 -562.06
1 268 489 -7813.25
1 269 363 -731.0989999999999
1 269 397 -42997.9
1 269 450 -2950.84
1 269 456 -22552.7
1 269 541 -871.6189999999999
1 270 337 -983.61
1 270 352 -14051.6
1 270 417 -429.96
1 270 429 -3180.87
1 270 481 -871.6189999999999
1 270 483 -1922.55
1 270 484 -731.0989999999999
1 270 486 -27948.8
1 270 498 -50164.3
1 270 539 -281.03
1 271 319 -68837.0
1 271 335 -4074.97
1 271 371 -843.1
1 271 415 -124602.0
1 271 451 -140.52
1 271 485 -392.94
1 271 493 -118174.0
1 271 498 -10679.2
1 271 537 -56902.0
1 272 336 -17683.1
1 272 337 -30.27
1 272 351 -12505.9
1 272 366 -2810.32
1 272 368 -280764.0
1 272 388 -506878.0
1 272 396 -7025.81
1 272 450 -5620.65
1 272 451 -18267.1
1 272 453 -421.55
1 272 462 -2119010.0
1 272 491 -12.87
1 272 497 -33713.4
1 272 498 -140.52
1 272 530 -201308.0
1 272 532 -256545.0
1 272 535 -69031.4
1 273 363 -4637.03
1 273 392 -938.87
1 273 410 -983.61
1 273 480 -1545.68
1 273 510 -1293.16
1 273 516 -15869.0
1 273 517 -258169.0
1 273 518 -310.61
1 274 409 -983.61
1 274 520 -41030.7
1 274 523 -843.1
1 275 367 -140.52
1 275 441 -70298.2
1 275 450 -25855.0
1 275 506 -1124.13
1 276 366 -140.52
1 276 446 -4637.03
1 277 294 -70142.7
1 277 390 -9555.1
1 277 407 -1369930.0
1 277 431 -14152.9
1 277 468 -140.52
1 277 472 -26301.2
1 277 480 -64667.0
1 277 482 -1967.23
1 278 365 -35972.1
1 278 435 -1699.04
1 278 482 -1826.71
1 279 310 -30569.1
1 279 336 -22061.0
1 279 433 -200413.0
1 279 438 -396637.0
1 279 475 -89747.2
1 279 485 -21077.4
1 280 365 -10398.2
1 280 433 -44765.8
1 280 442 -18829.2
1 280 469 -53479.3
1 280 471 -49115.4
1 281 458 -1934040.0
1 282 409 -5761.16
1 282 424 -2388.77
1 282 430 -562.06
1 282 436 -3876.74
1 282 454 -11306.8
1 282 457 -48664.1
1 283 335 -4777.55
1 283 354 -2810.32
1 283 429 -269510.0
1 283 449 -20208.0
1 283 452 -60233.9
1 283 455 -33066.6
1 283 468 -50964.6
1 284 339 -58674.6
1 284 457 -6463.74
1 284 463 -164971.0
1 284 481 -735.18
1 285 336 -281.03
1 285 374 -1545.68
1 285 467 -260000.0
1 285 475 -97173.0
1 286 330 -54183.8
1 286 425 -126193.0
1 286 475 -37046.8
1 286 477 -52282.1
1 287 388 -6879.33
1 287 426 -731.0989999999999
1 287 477 -70648.1
1 288 419 -11522.3
1 288 426 -731.0989999999999
1 289 351 -14613.7
1 289 404 -181282.0
1 289 459 -248504.0
1 289 468 -206.99
1 290 382 -260254.0
1 290 402 -755.51
1 290 411 -4496.52
1 290 412 -19250.7
1 290 413 -6182.71
1 291 350 -3372.39
1 291 355 -2257.32
1 291 373 -983.61
1 291 399 -129546.0
1 292 327 -20567.9
1 292 361 -6042.19
1 292 365 -21358.4
1 292 416 -281.03
1 294 435 -10257.7
1 294 447 -40220.6
1 294 458 -59979.2
1 295 356 -94.84
1 295 391 -39063.5
1 295 430 -962763.0
1 296 388 -542.08
1 296 398 -55481.8
1 296 406 -53.9
1 296 433 -9836.13
1 297 381 -3372.39
1 297 383 -281.03
1 297 395 -52282.1
1 297 401 -85913.6
1 297 402 -3527.45
1 297 413 -1644810.0
1 297 415 -23466.2
1 297 442 -69143.1
1 298 390 -1545.68
1 299 354 -983.61
1 299 355 -518.61
1 299 387 -52.92
1 102 110 -731.0989999999999
1 102 113 -731.0989999999999
1 103 100 -731.0989999999999
1 103 104 -731.0989999999999
1 104 115 -731.0989999999999
1 105 115 -731.0989999999999
1 105 139 -731.0989999999999
1 108 117 -731.0989999999999
1 109 112 -731.0989999999999
1 111 155 -731.0989999999999
1 111 208 -731.0989999999999
1 112 181 -731.0989999999999
1 113 111 -731.0989999999999
1 113 159 -731.0989999999999
1 113 211 -731.0989999999999
1 114 173 -731.0989999999999
1 114 212 -1462.2
1 115 212 -1462.2
1 116 121 -731.0989999999999
1 116 150 -731.0989999999999
1 116 166 -731.0989999999999
1 117 119 -731.0989999999999
1 117 168 -731.0989999999999
1 117 210 -731.0989999999999
1 119 194 -731.0989999999999
1 119 202 -731.0989999999999
1 119 96 -731.0989999999999
1 120 155 -731.0989999999999
1 120 94 -731.0989999999999
1 121 187 -731.0989999999999
1 123 110 -731.0989999999999
1 123 111 -731.0989999999999
1 123 158 -731.0989999999999
1 123 168 -731.0989999999999
1 123 193 -731.0989999999999
1 123 202 -1462.2
1 125 150 -731.0989999999999
1 125 151 -731.0989999999999
1 125 193 -731.0989999999999
1 125 194 -731.0989999999999
1 126 121 -731.0989999999999
1 126 191 -731.0989999999999
1 126 195 -731.0989999999999
1 127 150 -731.0989999999999
1 127 160 -731.0989999999999
1 127 169 -731.0989999999999
1 127 195 -731.0989999999999
1 127 199 -1462.2
1 128 122 -731.0989999999999
1 128 148 -731.0989999999999
1 128 149 -731.0989999999999
1 128 152 -731.0989999999999
1 128 153 -731.0989999999999
1 128 154 -731.0989999999999
1 128 157 -731.0989999999999
1 128 199 -731.0989999999999
1 129 117 -731.0989999999999
1 129 119 -731.0989999999999
1 129 122 -731.0989999999999
1 129 146 -731.0989999999999
1 129 154 -1462.2
1 129 162 -731.0989999999999
1 129 176 -731.0989999999999
1 130 120 -731.0989999999999
1 130 154 -731.0989999999999
1 130 155 -731.0989999999999
1 130 156 -2193.3
1 130 194 -731.0989999999999
1 131 112 -731.0989999999999
1 131 121 -731.0989999999999
1 131 122 -731.0989999999999
1 131 150 -731.0989999999999
1 131 156 -731.0989999999999
1 131 157 -731.0989999999999
1 131 158 -731.0989999999999
1 131 161 -1462.2
1 131 198 -731.0989999999999
1 132 112 -731.0989999999999
1 132 155 -731.0989999999999
1 132 156 -731.0989999999999
1 132 160 -731.0989999999999
1 132 161 -1462.2
1 133 155 -731.0989999999999
1 133 159 -731.0989999999999
1 133 160 -1462.2
1 133 192 -1462.2
1 133 193 -731.0989999999999
1 134 148 -731.0989999999999
1 134 150 -731.0989999999999
1 134 151 -731.0989999999999
1 134 156 -731.0989999999999
1 134 191 -731.0989999999999
1 134 193 -2924.4
1 135 148 -3655.49
1 135 149 -1462.2
1 135 156 -731.0989999999999
1 135 157 -731.0989999999999
1 135 193 -2193.3
1 136 147 -731.0989999999999
1 136 148 -731.0989999999999
1 136 149 -731.0989999999999
1 136 150 -1462.2
1 136 153 -731.0989999999999
1 136 155 -731.0989999999999
1 137 148 -731.0989999999999
1 137 150 -731.0989999999999
1 137 153 -1462.2
1 137 154 -731.0989999999999
1 137 157 -2193.3
1 137 175 -731.0989999999999
1 137 206 -731.0989999999999
1 138 151 -731.0989999999999
1 138 152 -731.0989999999999
1 138 153 -2193.3
1 138 168 -731.0989999999999
1 138 169 -731.0989999999999
1 139 151 -731.0989999999999
1 140 138 -731.0989999999999
1 140 155 -2924.4
1 140 156 -731.0989999999999
1 140 171 -731.0989999999999
1 140 180 -731.0989999999999
1 141 149 -731.0989999999999
1 141 154 -1462.2
1 141 157 -731.0989999999999
1 141 171 -731.0989999999999
1 141 199 -1462.2
1 142 155 -731.0989999999999
1 142 156 -731.0989999999999
1 142 157 -731.0989999999999
1 142 158 -731.0989999999999
1 142 174 -731.0989999999999
1 142 179 -731.0989999999999
1 142 201 -731.0989999999999
1 143 146 -731.0989999999999
1 143 157 -2193.3
1 144 142 -1462.2
1 144 173 -731.0989999999999
1 145 142 -731.0989999999999
1 145 143 -731.0989999999999
1 145 151 -731.0989999999999
1 145 187 -731.0989999999999
1 145 226 -731.0989999999999
1 146 140 -731.0989999999999
1 146 141 -1462.2
1 146 145 -731.0989999999999
1 146 208 -731.0989999999999
1 146 229 -731.0989999999999
1 146 230 -731.0989999999999
1 146 232 -731.0989999999999
1 147 139 -2193.3
1 147 140 -731.0989999999999
1 147 141 -731.0989999999999
1 147 142 -731.0989999999999
1 147 229 -731.0989999999999
1 147 230 -731.0989999999999
1 147 233 -731.0989999999999
1 147 239 -731.0989999999999
1 147 240 -731.0989999999999
1 148 217 -731.0989999999999
1 148 221 -731.0989999999999
1 149 127 -731.0989999999999
1 149 147 -731.0989999999999
1 149 154 -731.0989999999999
1 149 222 -731.0989999999999
1 149 253 -731.0989999999999
1 150 160 -731.0989999999999
1 150 164 -731.0989999999999
1 150 177 -731.0989999999999
1 150 227 -731.0989999999999
1 150 236 -731.0989999999999
1 151 128 -731.0989999999999
1 151 228 -731.0989999999999
1 152 153 -731.0989999999999
1 152 173 -731.0989999999999
1 152 176 -731.0989999999999
1 152 222 -731.0989999999999
1 152 228 -731.0989999999999
1 153 126 -731.0989999999999
1 153 136 -731.0989999999999
1 153 155 -731.0989999999999
1 153 232 -731.0989999999999
1 153 238 -731.0989999999999
1 153 253 -731.0989999999999
1 154 126 -731.0989999999999
1 154 133 -731.0989999999999
1 154 161 -731.0989999999999
1 154 172 -731.0989999999999
1 154 220 -731.0989999999999
1 154 244 -731.0989999999999
1 155 170 -1462.2
1 155 216 -731.0989999999999
1 155 262 -731.0989999999999
1 156 160 -731.0989999999999
1 156 211 -731.0989999999999
1 156 223 -731.0989999999999
1 157 132 -731.0989999999999
1 157 133 -731.0989999999999
1 157 134 -2193.3
1 157 136 -731.0989999999999
1 157 194 -731.0989999999999
1 157 207 -731.0989999999999
1 157 240 -731.0989999999999
1 158 135 -731.0989999999999
1 158 248 -731.0989999999999
1 159 152 -731.0989999999999
1 159 231 -731.0989999999999
1 159 240 -731.0989999999999
1 159 247 -731.0989999999999
1 159 248 -731.0989999999999
1 159 250 -731.0989999999999
1 159 251 -731.0989999999999
1 159 257 -731.0989999999999
1 160 133 -731.0989999999999
1 160 249 -1462.2
1 160 251 -1462.2
1 160 252 -731.0989999999999
1 160 253 -731.0989999999999
1 160 262 -731.0989999999999
1 161 144 -1462.2
1 161 251 -731.0989999999999
1 161 253 -731.0989999999999
1 162 137 -1462.2
1 162 252 -1462.2
1 162 253 -731.0989999999999
1 163 152 -731.0989999999999
1 163 190 -731.0989999999999
1 163 236 -731.0989999999999
1 164 278 -731.0989999999999
1 164 290 -731.0989999999999
1 164 299 -731.0989999999999
1 165 133 -1462.2
1 165 134 -1462.2
1 165 135 -731.0989999999999
1 165 290 -731.0989999999999
1 166 131 -731.0989999999999
1 166 132 -731.0989999999999
1 166 133 -1462.2
1 166 134 -731.0989999999999
1 166 135 -731.0989999999999
1 166 210 -731.0989999999999
1 166 254 -731.0989999999999
1 166 255 -731.0989999999999
1 167 127 -731.0989999999999
1 167 132 -1462.2
1 167 133 -1462.2
1 167 134 -2193.3
1 167 256 -731.0989999999999
1 167 288 -731.0989999999999
1 167 294 -731.0989999999999
1 168 130 -731.0989999999999
1 168 131 -731.0989999999999
1 168 132 -2924.4
1 168 133 -2924.4
1 168 286 -731.0989999999999
1 168 287 -1462.2
1 168 291 -1462.2
1 169 128 -1462.2
1 169 129 -2924.4
1 169 131 -731.0989999999999
1 169 132 -3655.49
1 169 133 -2193.3
1 169 134 -6579.89
1 169 135 -731.0989999999999
1 169 236 -731.0989999999999
1 169 260 -731.0989999999999
1 169 271 -731.0989999999999
1 169 287 -731.0989999999999
1 169 290 -731.0989999999999
1 170 133 -2193.3
1 170 134 -8773.19
1 170 136 -731.0989999999999
1 170 187 -731.0989999999999
1 170 256 -731.0989999999999
1 170 287 -731.0989999999999
1 170 292 -731.0989999999999
1 171 133 -1462.2
1 171 134 -731.0989999999999
1 171 136 -3655.49
1 171 290 -731.0989999999999
1 172 257 -731.0989999999999
1 172 284 -731.0989999999999
1 172 295 -1462.2
1 172 311 -731.0989999999999
1 173 258 -731.0989999999999
1 173 278 -731.0989999999999
1 173 290 -731.0989999999999
1 173 292 -731.0989999999999
1 173 293 -1462.2
1 173 294 -731.0989999999999
1 174 124 -731.0989999999999
1 174 253 -731.0989999999999
1 174 261 -731.0989999999999
1 174 270 -731.0989999999999
1 174 283 -731.0989999999999
1 174 289 -731.0989999999999
1 174 293 -731.0989999999999
1 175 260 -731.0989999999999
1 175 288 -731.0989999999999
1 175 292 -1462.2
1 175 293 -731.0989999999999
1 175 296 -731.0989999999999
1 175 305 -731.0989999999999
1 176 274 -731.0989999999999
1 176 305 -731.0989999999999
1 177 289 -731.0989999999999
1 177 290 -731.0989999999999
1 178 243 -731.0989999999999
1 178 280 -731.0989999999999
1 178 285 -731.0989999999999
1 178 302 -731.0989999999999
1 178 305 -731.0989999999999
1 178 306 -731.0989999999999
1 178 311 -731.0989999999999
1 179 278 -731.0989999999999
1 179 285 -731.0989999999999
1 180 149 -731.0989999999999
1 180 286 -731.0989999999999
1 181 297 -731.0989999999999
1 181 307 -731.0989999999999
1 181 308 -731.0989999999999
1 183 242 -731.0989999999999
1 183 285 -731.0989999999999
1 183 295 -731.0989999999999
1 183 308 -731.0989999999999
1 183 309 -731.0989999999999
1 183 318 -731.0989999999999
1 184 263 -731.0989999999999
1 184 285 -731.0989999999999
1 184 313 -731.0989999999999
1 184 319 -731.0989999999999
1 185 257 -731.0989999999999
1 185 305 -731.0989999999999
1 185 306 -731.0989999999999
1 185 307 -731.0989999999999
1 185 315 -731.0989999999999
1 186 255 -731.0989999999999
1 186 265 -731.0989999999999
1 186 307 -1462.2
1 186 310 -731.0989999999999
1 188 262 -731.0989999999999
1 188 294 -731.0989999999999
1 188 295 -731.0989999999999
1 189 295 -731.0989999999999
1 189 309 -731.0989999999999
1 190 307 -731.0989999999999
1 190 308 -731.0989999999999
1 190 324 -731.0989999999999
1 191 292 -1462.2
1 191 304 -731.0989999999999
1 191 305 -731.0989999999999
1 192 258 -731.0989999999999
1 192 284 -731.0989999999999
1 192 304 -731.0989999999999
1 192 316 -731.0989999999999
1 192 319 -731.0989999999999
1 193 262 -731.0989999999999
1 193 301 -731.0989999999999
1 193 311 -731.0989999999999
1 193 313 -1462.2
1 194 284 -731.0989999999999
1 194 313 -731.0989999999999
1 195 269 -731.0989999999999
1 195 287 -731.0989999999999
1 195 289 -731.0989999999999
1 195 300 -731.0989999999999
1 195 311 -731.0989999999999
1 195 313 -731.0989999999999
1 196 269 -731.0989999999999
1 196 275 -731.0989999999999
1 196 303 -731.0989999999999
1 196 324 -731.0989999999999
1 196 333 -731.0989999999999
1 197 264 -731.0989999999999
1 197 283 -731.0989999999999
1 197 300 -731.0989999999999
1 197 322 -731.0989999999999
1 197 325 -731.0989999999999
1 198 242 -731.0989999999999
1 198 276 -1462.2
1 198 309 -731.0989999999999
1 198 311 -731.0989999999999
1 199 283 -731.0989999999999
1 199 311 -731.0989999999999
1 199 324 -731.0989999999999
1 200 280 -731.0989999999999
1 200 286 -731.0989999999999
1 200 296 -731.0989999999999
1 200 299 -731.0989999999999
1 200 306 -731.0989999999999
1 200 307 -731.0989999999999
1 200 312 -731.0989999999999
1 200 343 -731.0989999999999
1 200 345 -731.0989999999999
1 201 257 -731.0989999999999
1 202 280 -731.0989999999999
1 202 287 -731.0989999999999
1 202 297 -731.0989999999999
1 202 301 -731.0989999999999
1 202 302 -731.0989999999999
1 203 215 -731.0989999999999
1 203 304 -731.0989999999999
1 203 305 -731.0989999999999
1 203 309 -731.0989999999999
1 203 315 -731.0989999999999
1 205 263 -731.0989999999999
1 205 303 -731.0989999999999
1 205 304 -731.0989999999999
1 205 317 -731.0989999999999
1 205 318 -731.0989999999999
1 205 319 -731.0989999999999
1 206 264 -731.0989999999999
1 206 270 -731.0989999999999
1 206 301 -731.0989999999999
1 206 304 -731.0989999999999
1 206 315 -731.0989999999999
1 206 317 -1462.2
1 207 262 -731.0989999999999
1 207 300 -731.0989999999999
1 207 301 -1462.2
1 207 303 -731.0989999999999
1 207 304 -731.0989999999999
1 207 306 -1462.2
1 207 315 -731.0989999999999
1 207 317 -731.0989999999999
1 208 298 -1462.2
1 208 299 -1462.2
1 208 306 -731.0989999999999
1 208 317 -731.0989999999999
1 208 328 -731.0989999999999
1 209 284 -731.0989999999999
1 209 297 -731.0989999999999
1 209 302 -731.0989999999999
1 210 284 -731.0989999999999
1 210 301 -731.0989999999999
1 210 302 -731.0989999999999
1 210 342 -731.0989999999999
1 211 301 -731.0989999999999
1 211 321 -731.0989999999999
1 212 295 -731.0989999999999
1 212 347 -731.0989999999999
1 213 226 -731.0989999999999
1 213 287 -731.0989999999999
1 213 303 -731.0989999999999
1 213 329 -731.0989999999999
1 214 319 -731.0989999999999
1 215 289 -731.0989999999999
1 215 311 -731.0989999999999
1 215 353 -731.0989999999999
1 216 323 -731.0989999999999
1 216 341 -731.0989999999999
1 217 244 -731.0989999999999
1 217 249 -731.0989999999999
1 217 351 -731.0989999999999
1 218 209 -731.0989999999999
1 218 243 -731.0989999999999
1 218 292 -731.0989999999999
1 218 345 -1462.2
1 221 240 -731.0989999999999
1 221 611 -731.0989999999999
1 222 254 -731.0989999999999
1 222 362 -731.0989999999999
1 224 338 -731.0989999999999
1 224 359 -731.0989999999999
1 225 323 -731.0989999999999
1 225 329 -731.0989999999999
1 225 332 -731.0989999999999
1 225 368 -731.0989999999999
1 225 373 -731.0989999999999
1 225 378 -731.0989999999999
1 225 382 -1462.2
1 226 323 -731.0989999999999
1 226 388 -1462.2
1 226 618 -731.0989999999999
1 227 315 -731.0989999999999
1 228 606 -731.0989999999999
1 229 385 -1462.2
1 229 392 -731.0989999999999
1 229 393 -731.0989999999999
1 229 397 -2924.4
1 229 618 -3655.49
1 230 338 -731.0989999999999
1 230 373 -1462.2
1 230 384 -731.0989999999999
1 230 392 -1462.2
1 230 393 -2924.4
1 230 396 -731.0989999999999
1 230 605 -731.0989999999999
1 231 343 -731.0989999999999
1 231 383 -731.0989999999999
1 231 392 -3655.49
1 231 393 -8042.09
1 231 398 -731.0989999999999
1 231 603 -731.0989999999999
1 231 607 -1462.2
1 232 259 -731.0989999999999
1 232 300 -731.0989999999999
1 232 384 -731.0989999999999
1 232 389 -731.0989999999999
1 232 393 -4386.59
1 232 394 -2924.4
1 232 405 -731.0989999999999
1 232 604 -1462.2
1 232 606 -1462.2
1 232 607 -2193.3
1 232 608 -731.0989999999999
1 233 373 -731.0989999999999
1 233 393 -731.0989999999999
1 233 403 -731.0989999999999
1 233 406 -2924.4
1 233 601 -1462.2
1 233 602 -731.0989999999999
1 234 374 -731.0989999999999
1 234 388 -731.0989999999999
1 234 389 -731.0989999999999
1 234 406 -2193.3
1 234 407 -1462.2
1 234 601 -731.0989999999999
1 234 602 -1462.2
1 234 603 -2193.3
1 234 604 -731.0989999999999
1 234 605 -1462.2
1 234 606 -731.0989999999999
1 234 609 -731.0989999999999
1 234 620 -731.0989999999999
1 234 621 -731.0989999999999
1 235 342 -731.0989999999999
1 235 368 -731.0989999999999
1 235 389 -731.0989999999999
1 235 392 -731.0989999999999
1 235 404 -731.0989999999999
1 235 406 -731.0989999999999
1 235 599 -731.0989999999999
1 235 600 -1462.2
1 235 602 -2193.3
1 235 603 -731.0989999999999
1 235 606 -731.0989999999999
1 235 608 -731.0989999999999
1 236 256 -731.0989999999999
1 236 359 -731.0989999999999
1 236 377 -1462.2
1 236 378 -731.0989999999999
1 236 389 -1462.2
1 236 600 -731.0989999999999
1 236 601 -731.0989999999999
1 236 602 -1462.2
1 236 605 -731.0989999999999
1 236 606 -731.0989999999999
1 236 607 -731.0989999999999
1 236 620 -731.0989999999999
1 237 330 -731.0989999999999
1 237 377 -731.0989999999999
1 237 384 -731.0989999999999
1 237 388 -731.0989999999999
1 237 605 -1462.2
1 237 606 -2193.3
1 237 607 -1462.2
1 237 608 -3655.49
1 237 609 -2193.3
1 237 620 -731.0989999999999
1 238 346 -731.0989999999999
1 238 391 -731.0989999999999
1 238 410 -731.0989999999999
1 238 602 -731.0989999999999
1 238 603 -731.0989999999999
1 238 606 -3655.49
1 238 607 -4386.59
1 238 608 -2924.4
1 238 610 -731.0989999999999
1 239 297 -731.0989999999999
1 239 323 -731.0989999999999
1 239 404 -731.0989999999999
1 239 601 -731.0989999999999
1 239 603 -731.0989999999999
1 239 607 -1462.2
1 239 608 -2924.4
1 239 609 -2193.3
1 239 610 -1462.2
1 239 615 -1462.2
1 240 267 -731.0989999999999
1 240 319 -731.0989999999999
1 240 327 -731.0989999999999
1 240 352 -731.0989999999999
1 240 374 -1462.2
1 240 392 -1462.2
1 240 396 -731.0989999999999
1 240 406 -731.0989999999999
1 240 603 -731.0989999999999
1 240 605 -2193.3
1 240 606 -2924.4
1 240 607 -1462.2
1 240 620 -1462.2
1 240 621 -731.0989999999999
1 241 339 -731.0989999999999
1 241 352 -731.0989999999999
1 241 370 -1462.2
1 241 375 -731.0989999999999
1 241 409 -731.0989999999999
1 241 577 -731.0989999999999
1 241 603 -1462.2
1 241 605 -2193.3
1 241 606 -1462.2
1 241 607 -1462.2
1 241 608 -1462.2
1 241 609 -3655.49
1 241 610 -731.0989999999999
1 241 611 -731.0989999999999
1 241 620 -731.0989999999999
1 241 621 -731.0989999999999
1 242 314 -731.0989999999999
1 242 318 -731.0989999999999
1 242 336 -731.0989999999999
1 242 338 -731.0989999999999
1 242 339 -731.0989999999999
1 242 373 -2193.3
1 242 374 -4386.59
1 242 406 -1462.2
1 242 603 -1462.2
1 242 604 -5117.69
1 242 605 -6579.89
1 242 606 -2193.3
1 242 607 -3655.49
1 242 608 -3655.49
1 242 609 -2193.3
1 242 610 -2193.3
1 242 616 -731.0989999999999
1 242 622 -731.0989999999999
1 242 623 -2193.3
1 243 366 -731.0989999999999
1 243 369 -731.0989999999999
1 243 372 -1462.2
1 243 373 -5848.79
1 243 374 -2193.3
1 243 386 -731.0989999999999
1 243 391 -731.0989999999999
1 243 405 -731.0989999999999
1 243 406 -731.0989999999999
1 243 407 -1462.2
1 243 409 -731.0989999999999
1 243 577 -731.0989999999999
1 243 606 -5117.69
1 243 607 -3655.49
1 243 608 -1462.2
1 243 609 -4386.59
1 243 620 -731.0989999999999
1 243 622 -1462.2
1 243 623 -5848.79
1 244 371 -731.0989999999999
1 244 372 -1462.2
1 244 373 -2193.3
1 244 415 -731.0989999999999
1 244 598 -731.0989999999999
1 244 606 -2924.4
1 244 607 -731.0989999999999
1 244 611 -731.0989999999999
1 244 616 -731.0989999999999
1 244 622 -731.0989999999999
1 244 623 -2924.4
1 244 624 -731.0989999999999
1 245 312 -731.0989999999999
1 245 315 -731.0989999999999
1 245 326 -731.0989999999999
1 245 335 -731.0989999999999
1 245 338 -731.0989999999999
1 245 356 -1462.2
1 245 371 -731.0989999999999
1 245 413 -731.0989999999999
1 245 586 -731.0989999999999
1 245 604 -731.0989999999999
1 245 605 -2193.3
1 245 606 -3655.49
1 245 607 -2924.4
1 245 609 -3655.49
1 245 610 -1462.2
1 245 612 -1462.2
1 245 616 -1462.2
1 245 619 -731.0989999999999
1 245 620 -1462.2
1 245 622 -731.0989999999999
1 246 214 -731.0989999999999
1 246 342 -731.0989999999999
1 246 356 -731.0989999999999
1 246 357 -731.0989999999999
1 246 374 -731.0989999999999
1 246 413 -731.0989999999999
1 246 590 -731.0989999999999
1 246 599 -731.0989999999999
1 246 600 -4386.59
1 246 605 -2924.4
1 246 606 -5117.69
1 246 607 -2924.4
1 246 610 -731.0989999999999
1 246 612 -1462.2
1 246 614 -731.0989999999999
1 246 615 -731.0989999999999
1 246 623 -731.0989999999999
1 247 314 -731.0989999999999
1 247 331 -731.0989999999999
1 247 367 -1462.2
1 247 368 -3655.49
1 247 387 -1462.2
1 247 413 -731.0989999999999
1 247 578 -731.0989999999999
1 247 597 -731.0989999999999
1 247 598 -5117.69
1 247 599 -4386.59
1 247 600 -7310.99
1 247 601 -7310.99
1 247 605 -1462.2
1 247 609 -1462.2
1 247 610 -1462.2
1 247 611 -2924.4
1 247 612 -2924.4
1 247 613 -1462.2
1 247 618 -1462.2
1 247 619 -731.0989999999999
1 247 623 -731.0989999999999
1 248 307 -731.0989999999999
1 248 367 -731.0989999999999
1 248 368 -2924.4
1 248 371 -1462.2
1 248 372 -3655.49
1 248 387 -1462.2
1 248 388 -4386.59
1 248 413 -731.0989999999999
1 248 416 -731.0989999999999
1 248 529 -731.0989999999999
1 248 567 -731.0989999999999
1 248 596 -5117.69
1 248 597 -3655.49
1 248 598 -7310.99
1 248 599 -4386.59
1 248 600 -2924.4
1 248 601 -4386.59
1 248 602 -2193.3
1 248 605 -731.0989999999999
1 248 608 -731.0989999999999
1 248 609 -1462.2
1 248 610 -2193.3
1 248 611 -4386.59
1 248 612 -4386.59
1 248 613 -5117.69
1 248 618 -731.0989999999999
1 248 619 -731.0989999999999
1 248 620 -731.0989999999999
1 248 623 -1462.2
1 249 333 -731.0989999999999
1 249 334 -731.0989999999999
1 249 365 -1462.2
1 249 366 -2193.3
1 249 367 -731.0989999999999
1 249 368 -2193.3
1 249 371 -731.0989999999999
1 249 387 -731.0989999999999
1 249 388 -731.0989999999999
1 249 400 -731.0989999999999
1 249 412 -731.0989999999999
1 249 567 -731.0989999999999
1 249 593 -1462.2
1 249 595 -4386.59
1 249 596 -5117.69
1 249 597 -8042.09
1 249 603 -2193.3
1 249 604 -5848.79
1 249 605 -3655.49
1 249 607 -2924.4
1 249 609 -731.0989999999999
1 249 610 -1462.2
1 249 611 -3655.49
1 249 612 -6579.89
1 249 613 -1462.2
1 249 618 -731.0989999999999
1 249 623 -731.0989999999999
1 250 331 -731.0989999999999
1 250 355 -731.0989999999999
1 250 365 -1462.2
1 250 366 -3655.49
1 250 367 -2193.3
1 250 368 -731.0989999999999
1 250 369 -1462.2
1 250 370 -1462.2
1 250 371 -4386.59
1 250 382 -731.0989999999999
1 250 406 -731.0989999999999
1 250 413 -731.0989999999999
1 250 414 -731.0989999999999
1 250 423 -731.0989999999999
1 250 436 -731.0989999999999
1 250 568 -731.0989999999999
1 250 579 -731.0989999999999
1 250 591 -731.0989999999999
1 250 594 -731.0989999999999
1 250 596 -5848.79
1 250 597 -1462.2
1 250 602 -731.0989999999999
1 250 603 -5117.69
1 250 604 -4386.59
1 250 605 -2924.4
1 250 607 -731.0989999999999
1 250 608 -2193.3
1 250 609 -731.0989999999999
1 250 610 -731.0989999999999
1 250 613 -731.0989999999999
1 251 276 -731.0989999999999
1 251 322 -731.0989999999999
1 251 365 -2193.3
1 251 366 -6579.89
1 251 367 -1462.2
1 251 368 -1462.2
1 251 371 -731.0989999999999
1 251 379 -731.0989999999999
1 251 407 -731.0989999999999
1 251 414 -731.0989999999999
1 251 424 -731.0989999999999
1 251 598 -731.0989999999999
1 251 604 -731.0989999999999
1 251 605 -731.0989999999999
1 251 607 -731.0989999999999
1 251 610 -731.0989999999999
1 252 236 -731.0989999999999
1 252 365 -2193.3
1 252 366 -5117.69
1 252 367 -5117.69
1 252 368 -1462.2
1 252 376 -731.0989999999999
1 252 412 -731.0989999999999
1 252 416 -731.0989999999999
1 252 428 -731.0989999999999
1 252 506 -731.0989999999999
1 252 507 -731.0989999999999
1 252 528 -731.0989999999999
1 252 534 -731.0989999999999
1 252 544 -731.0989999999999
1 252 576 -731.0989999999999
1 252 591 -1462.2
1 252 596 -1462.2
1 252 597 -1462.2
1 252 598 -731.0989999999999
1 252 599 -1462.2
1 252 608 -1462.2
1 252 609 -731.0989999999999
1 252 611 -731.0989999999999
1 252 620 -731.0989999999999
1 253 259 -731.0989999999999
1 253 342 -731.0989999999999
1 253 363 -731.0989999999999
1 253 365 -1462.2
1 253 366 -4386.59
1 253 367 -2924.4
1 253 370 -731.0989999999999
1 253 375 -1462.2
1 253 404 -731.0989999999999
1 253 433 -1462.2
1 253 506 -731.0989999999999
1 253 543 -731.0989999999999
1 253 546 -731.0989999999999
1 253 547 -731.0989999999999
1 253 566 -731.0989999999999
1 253 586 -1462.2
1 253 596 -731.0989999999999
1 253 597 -2924.4
1 253 601 -731.0989999999999
1 253 604 -731.0989999999999
1 253 605 -731.0989999999999
1 253 614 -2193.3
1 254 366 -1462.2
1 254 478 -731.0989999999999
1 254 581 -731.0989999999999
1 254 584 -731.0989999999999
1 254 585 -4386.59
1 254 586 -3655.49
1 254 587 -2193.3
1 254 588 -2193.3
1 254 589 -2924.4
1 254 598 -731.0989999999999
1 254 599 -731.0989999999999
1 254 601 -1462.2
1 254 604 -1462.2
1 254 605 -731.0989999999999
1 254 606 -731.0989999999999
1 254 611 -731.0989999999999
1 255 341 -731.0989999999999
1 255 346 -731.0989999999999
1 255 371 -731.0989999999999
1 255 402 -731.0989999999999
1 255 442 -731.0989999999999
1 255 445 -731.0989999999999
1 255 461 -731.0989999999999
1 255 479 -731.0989999999999
1 255 512 -731.0989999999999
1 255 513 -731.0989999999999
1 255 526 -731.0989999999999
1 255 547 -731.0989999999999
1 255 548 -731.0989999999999
1 255 565 -731.0989999999999
1 255 583 -2193.3
1 255 584 -2924.4
1 255 585 -2924.4
1 255 586 -2924.4
1 255 587 -1462.2
1 255 588 -731.0989999999999
1 255 591 -731.0989999999999
1 255 594 -731.0989999999999
1 255 597 -731.0989999999999
1 255 600 -1462.2
1 255 607 -731.0989999999999
1 256 346 -731.0989999999999
1 256 350 -731.0989999999999
1 256 367 -731.0989999999999
1 256 373 -731.0989999999999
1 256 374 -731.0989999999999
1 256 491 -731.0989999999999
1 256 526 -731.0989999999999
1 256 531 -2193.3
1 256 532 -731.0989999999999
1 256 547 -731.0989999999999
1 256 548 -1462.2
1 256 549 -731.0989999999999
1 256 575 -731.0989999999999
1 256 578 -1462.2
1 256 580 -731.0989999999999
1 256 584 -2193.3
1 256 585 -1462.2
1 256 592 -1462.2
1 256 594 -5117.69
1 256 595 -2924.4
1 256 607 -2924.4
1 256 608 -1462.2
1 256 609 -731.0989999999999
1 257 330 -731.0989999999999
1 257 461 -731.0989999999999
1 257 497 -731.0989999999999
1 257 503 -731.0989999999999
1 257 506 -731.0989999999999
1 257 512 -731.0989999999999
1 257 527 -2193.3
1 257 529 -731.0989999999999
1 257 532 -731.0989999999999
1 257 549 -731.0989999999999
1 257 574 -731.0989999999999
1 257 575 -2193.3
1 257 584 -2193.3
1 257 585 -2193.3
1 257 593 -1462.2
1 257 594 -5848.79
1 257 595 -2924.4
1 257 597 -1462.2
1 257 606 -5117.69
1 257 607 -731.0989999999999
1 258 307 -731.0989999999999
1 258 330 -731.0989999999999
1 258 366 -731.0989999999999
1 258 485 -1462.2
1 258 489 -1462.2
1 258 491 -731.0989999999999
1 258 493 -731.0989999999999
1 258 494 -731.0989999999999
1 258 496 -731.0989999999999
1 258 497 -731.0989999999999
1 258 498 -2193.3
1 258 499 -1462.2
1 258 502 -731.0989999999999
1 258 503 -731.0989999999999
1 258 529 -1462.2
1 258 531 -731.0989999999999
1 258 532 -731.0989999999999
1 258 533 -1462.2
1 258 535 -731.0989999999999
1 258 546 -731.0989999999999
1 258 550 -731.0989999999999
1 258 556 -1462.2
1 258 564 -731.0989999999999
1 258 576 -731.0989999999999
1 258 583 -731.0989999999999
1 258 584 -2193.3
1 258 586 -2193.3
1 258 594 -2193.3
1 258 606 -3655.49
1 258 607 -731.0989999999999
1 259 346 -731.0989999999999
1 259 369 -1462.2
1 259 402 -731.0989999999999
1 259 444 -731.0989999999999
1 259 456 -731.0989999999999
1 259 485 -731.0989999999999
1 259 486 -731.0989999999999
1 259 488 -731.0989999999999
1 259 489 -731.0989999999999
1 259 490 -1462.2
1 259 509 -1462.2
1 259 510 -731.0989999999999
1 259 522 -731.0989999999999
1 259 528 -731.0989999999999
1 259 529 -731.0989999999999
1 259 531 -731.0989999999999
1 259 532 -731.0989999999999
1 259 545 -731.0989999999999
1 259 549 -731.0989999999999
1 259 554 -1462.2
1 259 555 -1462.2
1 259 556 -2193.3
1 259 557 -2193.3
1 259 575 -2924.4
1 259 576 -731.0989999999999
1 259 579 -731.0989999999999
1 259 584 -731.0989999999999
1 259 585 -2924.4
1 259 586 -1462.2
1 260 369 -1462.2
1 260 404 -1462.2
1 260 443 -731.0989999999999
1 260 454 -731.0989999999999
1 260 485 -731.0989999999999
1 260 486 -1462.2
1 260 487 -731.0989999999999
1 260 492 -731.0989999999999
1 260 499 -731.0989999999999
1 260 502 -1462.2
1 260 517 -731.0989999999999
1 260 527 -731.0989999999999
1 260 545 -2193.3
1 260 548 -731.0989999999999
1 260 554 -731.0989999999999
1 260 556 -731.0989999999999
1 260 567 -731.0989999999999
1 260 576 -731.0989999999999
1 260 577 -731.0989999999999
1 261 397 -731.0989999999999
1 261 404 -731.0989999999999
1 261 444 -731.0989999999999
1 261 483 -731.0989999999999
1 261 487 -731.0989999999999
1 261 501 -731.0989999999999
1 261 502 -731.0989999999999
1 261 545 -731.0989999999999
1 261 551 -731.0989999999999
1 261 552 -731.0989999999999
1 261 565 -731.0989999999999
1 262 254 -731.0989999999999
1 262 353 -1462.2
1 262 369 -731.0989999999999
1 262 425 -731.0989999999999
1 262 443 -731.0989999999999
1 262 458 -731.0989999999999
1 262 483 -1462.2
1 262 493 -731.0989999999999
1 262 501 -731.0989999999999
1 262 502 -731.0989999999999
1 262 523 -731.0989999999999
1 262 524 -731.0989999999999
1 262 535 -731.0989999999999
1 262 536 -731.0989999999999
1 262 537 -731.0989999999999
1 262 542 -731.0989999999999
1 262 546 -731.0989999999999
1 262 584 -731.0989999999999
1 262 587 -731.0989999999999
1 263 355 -731.0989999999999
1 263 415 -731.0989999999999
1 263 484 -731.0989999999999
1 263 493 -731.0989999999999
1 263 509 -731.0989999999999
1 263 522 -731.0989999999999
1 263 523 -1462.2
1 263 524 -1462.2
1 263 541 -1462.2
1 263 542 -731.0989999999999
1 263 543 -731.0989999999999
1 263 546 -1462.2
1 263 576 -731.0989999999999
1 263 579 -731.0989999999999
1 263 581 -2924.4
1 264 369 -731.0989999999999
1 264 379 -731.0989999999999
1 264 481 -731.0989999999999
1 264 482 -731.0989999999999
1 264 493 -731.0989999999999
1 264 503 -731.0989999999999
1 264 504 -731.0989999999999
1 264 516 -731.0989999999999
1 264 521 -2193.3
1 264 527 -731.0989999999999
1 264 543 -2924.4
1 264 568 -731.0989999999999
1 264 575 -731.0989999999999
1 264 576 -1462.2
1 265 336 -731.0989999999999
1 265 367 -1462.2
1 265 457 -731.0989999999999
1 265 459 -731.0989999999999
1 265 511 -731.0989999999999
1 265 516 -731.0989999999999
1 265 520 -731.0989999999999
1 265 524 -731.0989999999999
1 265 568 -1462.2
1 266 314 -731.0989999999999
1 266 413 -731.0989999999999
1 266 456 -731.0989999999999
1 266 478 -731.0989999999999
1 266 481 -731.0989999999999
1 266 483 -731.0989999999999
1 266 484 -731.0989999999999
1 266 485 -731.0989999999999
1 266 492 -731.0989999999999
1 266 498 -731.0989999999999
1 266 505 -731.0989999999999
1 266 518 -731.0989999999999
1 266 523 -731.0989999999999
1 266 543 -731.0989999999999
1 266 545 -731.0989999999999
1 266 549 -731.0989999999999
1 266 555 -731.0989999999999
1 267 337 -731.0989999999999
1 267 365 -731.0989999999999
1 267 381 -731.0989999999999
1 267 459 -731.0989999999999
1 267 460 -1462.2
1 267 505 -731.0989999999999
1 267 507 -731.0989999999999
1 267 543 -731.0989999999999
1 267 544 -1462.2
1 267 549 -731.0989999999999
1 267 553 -2193.3
1 267 562 -731.0989999999999
1 268 507 -1462.2
1 268 540 -731.0989999999999
1 268 541 -731.0989999999999
1 268 542 -1462.2
1 268 543 -2924.4
1 268 544 -1462.2
1 268 549 -731.0989999999999
1 268 551 -731.0989999999999
1 268 552 -731.0989999999999
1 268 553 -731.0989999999999
1 269 362 -731.0989999999999
1 269 505 -1462.2
1 269 507 -731.0989999999999
1 269 528 -731.0989999999999
1 269 543 -731.0989999999999
1 269 547 -1462.2
1 270 474 -731.0989999999999
1 270 475 -1462.2
1 270 479 -731.0989999999999
1 270 491 -731.0989999999999
1 270 504 -731.0989999999999
1 270 507 -731.0989999999999
1 270 526 -731.0989999999999
1 271 375 -731.0989999999999
1 271 388 -731.0989999999999
1 271 479 -731.0989999999999
1 271 481 -731.0989999999999
1 271 487 -731.0989999999999
1 271 491 -731.0989999999999
1 271 526 -731.0989999999999
1 272 469 -731.0989999999999
1 272 493 -731.0989999999999
1 272 495 -1462.2
1 272 496 -731.0989999999999
1 272 502 -731.0989999999999
1 272 526 -2193.3
1 273 441 -731.0989999999999
1 273 462 -731.0989999999999
1 273 526 -731.0989999999999
1 275 463 -731.0989999999999
1 275 480 -731.0989999999999
1 275 502 -731.0989999999999
1 275 504 -731.0989999999999
1 276 502 -731.0989999999999
1 277 393 -731.0989999999999
1 279 459 -731.0989999999999
1 280 563 -731.0989999999999
1 282 434 -731.0989999999999
1 282 435 -731.0989999999999
1 283 461 -731.0989999999999
1 283 482 -731.0989999999999
1 283 483 -731.0989999999999
1 285 437 -731.0989999999999
1 285 482 -731.0989999999999
1 285 483 -731.0989999999999
1 286 377 -731.0989999999999
1 286 464 -731.0989999999999
1 288 469 -731.0989999999999
1 289 362 -731.0989999999999
1 289 443 -731.0989999999999
1 292 358 -731.0989999999999
1 293 390 -2193.3
1 293 391 -731.0989999999999
1 296 390 -731.0989999999999
1 301 359 -731.0989999999999
1 301 378 -731.0989999999999
1 85 106 -731.0989999999999
1 92 112 -1462.2
1 93 117 -731.0989999999999
1 97 89 -731.0989999999999
1 98 101 -731.0989999999999
1 99 126 -731.0989999999999
1 99 136 -731.0989999999999
1 147 119 -1967.23
1 148 187 -14754.2
1 150 114 -13630.1
1 153 113 -12505.9
1 156 158 -12787.0
1 157 160 -9414.58
1 167 186 -8712.0
1 170 169 -39344.5
1 197 280 -14613.7
1 199 225 -25433.4
1 210 300 -4637.03
1 211 298 -4637.03
1 234 285 -14613.7
1 244 234 -42857.4
1 259 541 -140.52
1 265 469 -140.52
1 267 479 -2810.32
1 271 361 -363.23
1 272 454 -66.15
1 285 433 -6042.19
1 291 453 -176937.0
1 299 360 -9836.13
1 131 118 -1264.65
1 132 183 -6042.19
1 140 173 -11100.8
1 142 121 -70258.1
1 155 192 -12505.9
1 157 117 -9414.58
1 157 190 -140.52
1 158 205 -14754.2
1 169 164 -9555.1
1 172 162 -9133.55
1 172 163 -9133.55
1 172 164 -9133.55
1 173 196 -281.03
1 195 280 -17705.0
1 202 295 -18688.7
1 203 296 -54379.7
1 226 358 -6918.13
1 247 335 -20655.9
1 256 333 -7447.35
1 265 349 -9836.13
1 267 346 -7587.87
1 271 470 -2388.77
1 274 431 -2627000.0
1 280 367 -15737.8
1 285 357 -5480.13
1 289 374 -1545.68
1 293 378 -10117.2
1 299 335 -135458.0
1 143 152 -14613.7
1 144 130 -5339.61
1 148 113 -16721.4
1 149 118 -31897.2
1 151 143 -4215.48
1 152 177 -17986.1
1 153 212 -16159.3
1 154 128 -140.52
1 161 161 -10819.7
1 162 171 -843.1
1 164 159 -13630.1
1 167 163 -20374.8
1 174 182 -32178.2
1 175 178 -2248.26
1 176 128 -1545.68
1 188 287 -983.61
1 189 206 -92740.6
1 201 279 -28665.3
1 221 294 -21780.0
1 221 361 -702.58
1 222 252 -12927.5
1 222 266 -27822.2
1 224 273 -24730.8
1 226 361 -20093.8
1 234 319 -25011.9
1 235 317 -25011.9
1 237 292 -37391.3
1 245 243 -16721.4
1 248 238 -50445.3
1 248 331 -10819.7
1 256 342 -8149.94
1 259 347 -10819.7
1 266 345 -17283.5
1 271 268 -33583.4
1 274 278 -46370.3
1 289 355 -702.58
1 295 392 -4637.03
1 296 391 -5480.13
1 296 393 -10117.2
1 140 166 -98782.8
1 141 116 -7587.87
1 141 165 -18267.1
1 143 114 -8290.45
1 145 114 -8993.03
1 146 180 -140.52
1 147 148 -9836.13
1 149 124 -562.06
1 149 202 -15035.2
1 151 211 -3231.87
1 158 173 -843.1
1 164 124 -421.55
1 165 167 -4496.52
1 168 164 -9695.61
1 168 166 -9695.61
1 170 115 -6744.77
1 171 125 -702.58
1 176 222 -3512.9
1 184 210 -16440.4
1 188 207 -86979.5
1 189 288 -3091.35
1 193 280 -16440.4
1 206 280 -10960.3
1 209 281 -37243.3
1 210 249 -17002.4
1 211 263 -22342.1
1 211 296 -5199.1
1 213 270 -22904.1
1 219 272 -5761.16
1 221 302 -843.1
1 221 317 -22201.6
1 224 287 -9695.61
1 230 352 -40749.7
1 231 270 -4918.06
1 231 347 -5901.68
1 235 295 -15597.3
1 236 342 -12927.5
1 236 344 -6744.77
1 240 337 -21217.9
1 240 357 -17002.4
1 244 333 -3463.93
1 246 332 -6463.74
1 246 337 -13770.6
1 251 334 -21358.4
1 258 343 -983.61
1 258 345 -3934.45
1 260 345 -6885.29
1 261 340 -5480.13
1 262 286 -2248.26
1 262 361 -18969.7
1 263 344 -4918.06
1 263 350 -5058.58
1 267 321 -13349.0
1 267 428 -16516.0
1 269 364 -421.55
1 269 365 -1264.65
1 270 267 -23887.7
1 270 361 -6323.23
1 271 267 -23887.7
1 271 355 -9133.55
1 271 363 -16721.4
1 275 399 -177.05
1 281 331 -5620.65
1 284 333 -3091.35
1 289 371 -8712.0
1 290 371 -11803.3
1 291 365 -2669.81
1 296 358 -104085.0
1 297 356 -4918.06
1 297 391 -16018.8
1 299 347 -1826.71
1 125 93 -2388.77
1 131 125 -8993.03
1 142 117 -10117.2
1 142 169 -3512.9
1 145 116 -7166.32
1 146 146 -4074.97
1 152 213 -7587.87
1 155 116 -2669.81
1 161 185 -23466.2
1 166 203 -2388.77
1 183 232 -33583.4
1 192 232 -150071.0
1 193 235 -28946.3
1 201 310 -281.03
1 211 195 -3231.87
1 215 261 -15878.3
1 221 339 -15737.8
1 222 324 -3372.39
1 223 263 -27541.2
1 226 354 -13489.5
1 230 358 -6885.29
1 232 347 -2107.74
1 233 341 -7868.9
1 242 618 -7868.9
1 248 344 -16299.9
1 263 345 -25292.9
1 263 427 -140.52
1 263 570 -12224.9
1 264 348 -2248.26
1 265 414 -140.52
1 268 366 -1264.65
1 286 302 -983.61
1 292 360 -421.55
1 293 357 -5761.16
1 295 362 -4074.97
1 297 439 -846115.0
1 132 120 -24449.8
1 134 126 -46370.3
1 137 128 -4637.03
1 145 166 -6182.71
1 148 119 -41452.3
1 150 121 -10398.2
1 150 127 -1545.68
1 152 118 -17424.0
1 153 123 -31616.1
1 155 125 -28946.3
1 156 124 -7447.35
1 181 126 -9695.61
1 185 168 -8852.52
1 224 257 -4074.97
1 230 223 -11381.8
1 276 358 -6182.71
1 281 445 -702.58
1 282 357 -421.55
1 137 168 -6885.29
1 149 213 -22482.6
1 189 195 -4918.06
1 190 250 -2950.84
1 210 253 -23185.2
1 217 236 -20655.9
1 245 324 -983.61
1 270 480 -140.52
1 291 354 -140.52
1 145 131 -11522.3
1 148 166 -3231.87
1 151 118 -2669.81
1 153 116 -983.61
1 158 114 -4215.48
1 188 197 -13770.6
1 188 204 -10538.7
1 206 169 -983.61
1 206 281 -562.06
1 208 226 -14754.2
1 211 266 -39224.5
1 213 276 -159483.0
1 214 274 -1366.56
1 220 278 -28242.9
1 223 372 -42857.4
1 232 398 -1124.13
1 233 375 -1686.19
1 239 385 -3683.85
1 239 416 -27.9
1 241 238 -5199.1
1 245 408 -7306.84
1 246 320 -2107.74
1 248 454 -1124.13
1 259 351 -4367.32
1 265 360 -26195.1
1 265 489 -7006.17
1 269 360 -8887.61
1 272 360 -16299.9
1 273 521 -10960.3
1 274 327 -1405.16
1 274 432 -2248.26
1 274 521 -702.58
1 275 465 -367.2
1 280 371 -843.1
1 290 322 -19250.7
1 294 354 -37053.4
1 147 183 -4215.48
1 156 122 -14894.7
1 205 310 -140.52
1 173 183 -33161.8
1 257 342 -2248.26
1 201 251 -15035.2
1 201 301 -3653.42
1 251 286 -2248.26
1 261 570 -12224.9
1 265 488 -281.03
1 294 356 -281.03
1 144 132 -140.52
1 135 160 -2388.77
1 136 173 -1826.71
1 144 189 -3512.9
1 154 112 -421.55
1 156 131 -281.03
1 161 179 -83888.1
1 164 169 -3934.45
1 167 247 -1264.65
1 183 205 -140.52
1 204 300 -41.62
1 215 269 -32740.3
1 225 242 -23325.7
1 226 375 -50649.1
1 235 420 -3793.94
1 238 302 -5339.61
1 242 355 -213.01
1 245 406 -1545.68
1 247 591 -1405.16
1 248 590 -1405.16
1 248 593 -1405.16
1 255 333 -14986.8
1 256 443 -480.62
1 258 339 -1726.21
1 258 416 -273.75
1 259 414 -1545.68
1 269 482 -140.52
1 270 476 -1967.23
1 273 523 -114099.0
1 274 506 -1124.13
1 275 479 -17564.5
1 280 458 -1835.28
1 293 458 -20093.8
1 297 388 -1647.41
1 298 384 -127.01
1 298 391 -1545.68
1 204 299 -562.06
1 221 300 -1405.16
1 134 167 -8290.45
1 159 157 -13630.1
1 160 117 -4074.97
1 197 298 -35.0
1 211 290 -5199.1
1 221 351 -140.52
1 226 330 -19806.3
1 237 406 -3342.82
1 244 430 -1686.19
1 247 342 -126.89
1 253 427 -3490.64
1 253 443 -1030.64
1 254 398 -208.44
1 254 442 -2806.39
1 254 444 -864.06
1 254 445 -84.19
1 256 445 -1468.44
1 261 346 -803.32
1 261 369 -1697.31
1 262 555 -421.55
1 263 448 -140.52
1 270 319 -1003.36
1 271 364 -2810.32
1 271 471 -281.03
1 271 489 -2940.71
1 272 371 -140.52
1 273 520 -702.58
1 275 371 -702.58
1 275 449 -2669.81
1 277 386 -1264.65
1 262 394 -450166.0
1 271 492 -140.52
1 167 168 -4496.52
1 157 122 -562.06
1 160 136 -562.06
1 169 201 -10819.7
1 199 297 -229.25
1 212 315 -165.98
1 214 287 -425.65
1 224 372 -2810.32
1 246 609 -2461.68
1 247 343 -67.47
1 247 590 -1405.16
1 255 446 -682.44
1 261 524 -44319.0
1 261 525 -44319.0
1 268 567 -12224.9
1 276 386 -1264.65
1 278 371 -1405.16
1 281 446 -843.1
1 284 406 -3091.35
1 291 458 -190.16
1 295 390 -32599.7
1 297 384 -281.03
1 297 387 -281.03
1 165 158 -13630.1
1 240 619 -1405.16
1 257 443 -2258.89
1 162 205 -14051.6
1 170 249 -1264.65
1 244 330 -702.58
1 248 343 -172.35
1 249 589 -1405.16
1 254 394 -42.94
1 261 362 -18969.7
1 276 469 -140.52
1 276 484 -281.03
1 282 451 -562.06
1 207 193 -2810.32
1 134 173 -1826.71
1 145 139 -281.03
1 150 115 -3231.87
1 206 299 -12.75
1 239 305 -1201.79
1 261 461 -140.52
1 233 400 -67307.2
1 268 360 -421.55
1 117 117 -2810.32
1 178 182 -983.61
1 183 311 -2732.22
1 185 196 -11662.8
1 201 309 -281.03
1 220 175 -21639.5
1 244 355 -12815.5
1 245 261 -12815.5
1 259 512 -562.06
1 260 541 -140.52
1 262 563 -12224.9
1 269 319 -18330.0
1 269 429 -3180.87
1 270 496 -9836.13
1 271 512 -562.06
1 273 506 -562.06
1 290 355 -15476.4
1 294 370 -23887.7
