1 62 1 3798.3
1 61 2 3770.7
1 60 3 3749.7
1 59 4 3733.5
1 58 5 3721.5
1 57 6 3713.4
1 56 7 3709.2
1 55 8 3709.0
1 54 9 3713.4
1 53 10 3722.5
1 52 11 3736.7
1 51 12 3755.5
1 49 13 3767.8
1 50 13 3777.1
1 48 14 3789.3
1 47 15 3784.5
1 46 16 3776.7
1 45 17 3766.9
1 45 18 3767.6
1 45 19 3768.3
1 44 20 3756.4
1 44 21 3756.2
1 44 22 3755.5
1 44 23 3754.2
1 44 24 3752.2
1 44 25 3749.4
1 44 26 3745.6
1 44 27 3740.7
1 44 28 3734.5
1 44 29 3727.0
1 44 30 3717.9
1 44 31 3707.0
1 44 32 3694.2
1 44 33 3679.1
1 44 34 3661.5
1 44 35 3641.1
1 44 36 3617.4
1 44 37 3589.8
1 44 38 3557.8
1 44 39 3520.3
1 44 40 3476.1
1 44 41 3422.8
1 43 42 3304.0
1 43 43 3265.0
1 43 44 3203.3
1 42 45 3052.1
1 42 46 2997.6
1 40 47 2765.7
1 41 47 2812.0
1 40 48 2729.6
1 40 49 2663.5
1 40 50 2567.6
1 35 78 4859.7
1 35 79 4888.1
1 34 80 4945.1
1 33 81 5025.5
1 32 82 5089.1
1 31 83 5102.5
1 30 84 5114.2
1 29 85 5123.1
1 28 86 5145.4
1 27 87 5164.2
1 26 88 5190.3
1 25 89 5217.8
1 25 90 5254.2
1 24 91 5241.3
1 24 92 5256.5
1 24 93 5293.6
1 24 94 5330.6
1 23 95 5345.7
1 23 96 5386.0
1 23 97 5422.3
1 22 98 5430.3
1 22 99 5471.4
1 22 100 5508.4
1 22 101 5545.7
1 21 102 5566.0
1 21 103 5611.1
1 20 104 5633.2
1 20 105 5675.7
1 19 106 5707.7
1 19 107 5752.1
1 18 108 5788.7
1 18 109 5828.5
1 17 110 5747.7
1 17 111 5758.8
1 17 112 5868.1
1 65 109 6030.5
1 66 109 6027.0
1 67 109 5976.4
1 68 109 5941.6
1 69 109 5951.1
1 62 110 5964.5
1 63 110 6002.2
1 64 110 6023.1
1 70 110 6040.0
1 60 111 5859.4
1 61 111 5880.9
1 71 111 6106.0
1 37 112 5647.1
1 38 112 5707.3
1 39 112 5768.9
1 40 112 5814.4
1 41 112 5851.4
1 42 112 5873.4
1 43 112 5884.6
1 44 112 5893.7
1 45 112 5900.9
1 46 112 5910.4
1 47 112 5919.3
1 48 112 5936.9
1 55 112 5739.6
1 56 112 5761.3
1 57 112 5778.4
1 58 112 5795.2
1 59 112 5810.1
1 72 112 6143.0
1 16 113 5956.8
1 33 113 5631.7
1 34 113 5615.1
1 35 113 5599.2
1 36 113 5578.7
1 49 113 5930.6
1 50 113 5908.4
1 51 113 5855.3
1 52 113 5800.7
1 53 113 5744.1
1 54 113 5707.4
1 73 113 6175.3
1 16 114 6015.9
1 29 114 5721.3
1 30 114 5696.1
1 31 114 5668.3
1 32 114 5633.3
1 74 114 6198.4
1 75 114 6202.5
1 16 115 6072.6
1 25 115 5833.0
1 26 115 5810.2
1 27 115 5781.0
1 28 115 5741.0
1 76 115 6234.3
1 16 116 6127.9
1 21 116 5975.7
1 22 116 5990.6
1 23 116 5903.4
1 24 116 5863.2
1 77 116 6249.5
1 78 116 6247.6
1 79 116 6260.2
1 16 117 6182.1
1 20 117 6023.7
1 80 117 6281.1
1 81 117 6279.2
1 82 117 6258.6
1 83 117 6231.1
1 84 117 6202.0
1 16 118 6219.5
1 17 118 6185.7
1 18 118 6138.6
1 19 118 6085.1
1 85 118 6131.5
1 85 119 6089.7
1 86 120 6072.5
1 86 121 6095.2
1 86 122 6120.0
1 86 123 6137.3
1 86 124 6149.7
1 86 125 6159.3
1 86 126 6166.4
1 86 127 6170.1
1 86 128 6170.7
1 86 129 6169.0
1 86 130 6166.3
1 86 131 6162.1
1 86 132 6155.2
1 86 133 6146.5
1 86 134 6134.7
1 86 135 6118.8
1 86 136 6099.7
1 85 137 6050.6
1 85 138 6037.7
1 84 139 6032.8
1 83 140 6073.8
1 82 141 6157.7
1 82 142 6174.0
1 81 143 6226.7
1 80 144 6287.2
1 79 145 6356.2
1 78 146 6419.8
1 77 147 6487.1
1 76 148 6559.0
1 75 149 6636.4
1 75 150 6700.7
1 75 151 6761.3
1 75 152 6821.9
1 75 153 6868.8
1 76 154 6862.0
1 77 154 6849.2
1 78 154 6839.0
1 79 155 6827.7
1 80 155 6815.1
1 81 156 6797.5
1 82 157 6771.0
1 82 158 6748.6
1 83 158 6734.5
1 84 159 6704.6
1 84 160 6676.8
1 84 161 6652.4
1 84 162 6628.5
1 85 163 6603.4
1 86 164 6574.0
1 87 165 6537.0
1 88 166 6502.2
1 89 167 6468.6
1 90 168 6387.2
1 90 169 6337.2
1 91 170 6269.8
1 92 171 6198.4
1 93 172 6167.7
1 94 173 6141.2
1 94 174 6138.8
1 95 175 6123.4
1 95 176 6109.0
1 95 177 6113.7
1 95 178 6120.7
1 95 179 6126.0
1 96 180 5954.7
1 97 181 5971.7
1 98 182 5989.2
1 99 183 6006.7
1 100 184 6022.5
1 101 185 6037.9
1 102 185 6046.3
1 103 185 6061.9
1 104 186 6096.3
1 105 186 6097.4
1 106 187 6100.6
1 107 188 6096.4
1 108 189 5914.1
1 108 190 5916.1
1 108 191 5917.1
1 108 192 5916.7
1 108 193 5912.5
1 107 194 5707.4
1 107 195 5703.4
1 107 196 5695.6
1 107 197 5685.3
1 107 198 5673.3
1 106 199 5634.9
1 106 200 5622.0
1 105 201 5576.1
1 105 202 5562.9
1 104 203 5522.4
1 104 204 5513.7
1 104 205 5498.7
1 104 206 5477.3
1 104 207 5444.2
1 98 208 5460.6
1 99 208 5470.7
1 100 208 5483.1
1 101 208 5496.0
1 102 208 5513.7
1 103 208 5542.4
1 97 209 5451.3
1 97 210 5450.1
1 97 211 5446.0
1 97 212 5440.7
1 96 213 5424.1
1 95 214 5416.7
1 95 215 5415.4
1 94 216 5408.0
1 94 217 5407.1
1 94 218 5406.4
1 95 219 5410.6
1 96 220 5414.1
1 97 221 5418.0
1 97 222 5416.9
1 98 223 5420.2
1 98 224 5418.8
1 99 225 5422.9
1 99 226 5421.0
1 100 227 5242.1
1 128 227 5398.5
1 129 227 5461.6
1 101 228 5248.0
1 107 228 5142.9
1 108 228 5167.8
1 109 228 5196.4
1 110 228 5228.4
1 111 228 5263.1
1 125 228 5283.4
1 126 228 5309.8
1 127 228 5318.0
1 130 228 5187.6
1 131 228 5194.1
1 132 228 5188.2
1 133 228 5189.3
1 134 228 5195.5
1 135 228 5209.9
1 136 228 5226.9
1 137 228 5240.2
1 138 228 5267.0
1 102 229 5252.8
1 106 229 5280.7
1 112 229 5117.3
1 118 229 5143.6
1 119 229 5162.0
1 120 229 5177.9
1 121 229 5192.0
1 122 229 5203.3
1 123 229 5212.7
1 124 229 5215.2
1 139 229 5340.3
1 103 230 5256.3
1 104 230 5258.9
1 105 230 5261.9
1 113 230 5133.9
1 114 230 5125.4
1 115 230 5121.1
1 116 230 5118.6
1 117 230 5110.7
1 140 230 5307.1
1 139 231 5374.7
1 137 232 5411.3
1 138 232 5410.6
1 136 233 5414.6
1 135 234 5407.4
1 133 235 5374.7
1 134 235 5388.0
1 132 236 5357.8
1 130 237 5314.5
1 131 237 5329.7
1 129 238 5303.3
1 128 239 5287.2
1 127 240 5267.3
1 127 241 5257.5
1 127 242 5244.6
1 128 243 5252.9
1 129 244 5251.2
1 129 245 5238.5
1 130 246 5234.7
1 131 246 5233.6
1 132 246 5236.5
1 133 246 5245.8
1 134 246 5263.2
1 135 246 5289.6
1 136 246 5316.8
1 137 246 5336.8
1 138 246 5358.8
1 139 247 5409.5
1 140 247 5434.0
1 141 247 5471.5
1 142 247 5514.8
1 143 248 5577.8
1 144 249 5671.3
1 144 250 5698.1
1 145 251 5749.9
1 145 252 5775.5
1 145 253 5795.8
1 146 254 5829.1
1 146 255 5826.5
1 146 256 5820.5
1 146 257 5812.6
1 146 258 5802.4
1 146 259 5790.6
1 146 260 5777.2
1 146 261 5764.9
1 146 262 5751.7
1 146 263 5738.5
1 146 264 5728.4
1 146 265 0.0
1 147 266 5482.8
1 147 267 5453.7
1 147 268 5428.8
1 147 269 5389.1
1 147 270 5356.1
1 148 271 5306.0
1 148 272 5279.2
1 148 273 5252.1
1 148 274 5230.3
1 149 274 5215.4
1 149 275 5175.8
1 149 276 5143.6
1 149 277 5091.0
1 149 278 5036.4
1 150 279 5132.7
1 150 280 5087.7
1 150 281 5046.5
1 150 282 5016.2
1 151 283 4932.5
1 151 284 4888.7
1 151 285 4855.4
1 152 286 4761.4
1 152 287 4706.8
1 152 288 4662.5
1 152 289 4628.0
1 153 290 4722.8
1 153 291 4696.3
1 153 292 4704.2
1 154 293 4715.0
1 154 294 4726.6
1 154 295 4736.1
1 154 296 4742.2
1 155 297 4760.1
1 155 298 4763.9
1 156 299 4586.8
1 157 299 4593.1
1 158 299 4602.6
1 159 299 4615.1
1 160 299 4631.1
1 161 299 4650.5
1 162 300 4681.7
1 162 301 4684.5
1 162 302 4683.6
1 162 303 4681.0
1 162 304 4678.3
1 163 305 4857.4
1 163 306 4848.4
1 163 307 4838.6
1 163 308 4829.3
1 163 309 4823.2
1 164 310 5039.4
1 165 311 5081.0
1 166 312 5152.7
1 167 313 5211.3
1 168 314 5244.2
1 168 315 5076.7
1 168 316 5081.0
1 169 316 5088.5
1 169 317 5094.3
1 170 317 5104.1
1 171 318 5105.2
1 171 319 5081.8
1 172 320 5033.9
1 172 321 4986.4
1 172 322 4938.1
1 172 323 4887.1
1 172 324 4847.4
1 173 325 4845.9
1 173 326 4849.5
1 173 327 4851.3
1 174 328 4860.7
1 174 329 4862.3
1 174 330 4863.3
1 175 331 4867.8
1 176 331 4871.8
1 177 331 4877.7
1 178 332 4887.1
1 179 333 4889.7
1 179 334 4886.6
1 179 335 4883.5
1 180 336 4881.0
1 181 337 4872.5
1 181 338 4867.8
1 187 338 4741.0
1 188 338 4762.1
1 189 338 4779.7
1 190 338 4793.4
1 182 339 4858.5
1 186 339 4873.5
1 191 339 4797.0
1 192 339 5216.0
1 182 340 4852.5
1 186 340 4857.8
1 193 340 5215.3
1 182 341 4848.9
1 186 341 4847.8
1 194 341 5215.2
1 195 341 5216.8
1 183 342 4845.3
1 184 342 4845.1
1 185 342 4844.6
1 186 342 4843.5
1 196 342 5216.5
1 196 343 5214.4
1 197 344 5213.3
1 198 345 5210.9
1 199 346 5208.8
1 200 346 5210.4
1 201 346 5212.6
1 202 346 5214.7
1 203 346 5215.5
1 204 346 4277.36
1 205 347 5199.5
1 206 347 5193.3
1 207 348 5398.8
1 207 349 5496.1
1 207 350 5637.0
1 206 351 5696.9
1 205 352 5701.7
1 205 353 5706.2
1 205 354 5711.2
1 206 355 5734.1
1 206 356 5742.3
1 207 357 5767.0
1 208 357 5784.2
1 209 358 5465.4
1 210 359 5522.7
1 211 359 5550.7
1 212 360 5470.5
1 212 361 5507.7
1 208 362 5529.9
1 209 362 5534.6
1 210 362 5541.7
1 211 362 5547.4
1 207 363 5526.1
1 206 364 5520.7
1 206 365 5522.0
1 206 366 5522.2
1 206 367 5521.4
1 206 368 5520.4
1 206 369 5519.2
1 207 369 5525.6
1 208 369 5542.1
1 209 369 5563.8
1 210 369 5588.2
1 211 369 5618.5
1 212 369 5654.9
1 213 369 5699.1
1 214 370 5595.6
1 215 370 5629.4
1 216 372 5626.7
1 214 373 5263.1
1 215 373 5351.3
1 214 374 5220.0
1 213 375 5270.2
1 212 376 5247.8
1 211 377 5194.7
1 211 378 5183.6
1 211 379 5178.1
1 211 380 5180.2
1 211 381 5189.3
1 211 382 5243.7
1 211 383 5293.5
1 212 384 45000.0
1 212 385 45000.0
1 212 386 45000.0
1 212 387 45000.0
1 212 388 45000.0
1 212 389 45000.0
1 212 390 45000.0
1 212 391 45000.0
1 212 392 45000.0
1 212 393 45000.0
1 213 394 45000.0
1 213 395 45000.0
1 213 396 45000.0
1 213 397 45000.0
1 213 398 45000.0
1 213 399 45000.0
1 213 400 45000.0
1 213 401 45000.0
1 213 402 45000.0
1 214 403 45000.0
1 214 404 45000.0
1 214 405 45000.0
1 214 406 45000.0
1 214 407 45000.0
1 214 409 45000.0
1 214 410 45000.0
1 214 411 45000.0
1 214 412 45000.0
1 214 413 45000.0
1 214 414 45000.0
1 214 415 45000.0
1 215 416 45000.0
1 215 417 45000.0
1 227 417 45000.0
1 228 417 45000.0
1 229 417 45000.0
1 216 418 45000.0
1 226 418 45000.0
1 230 418 45000.0
1 217 419 45000.0
1 218 419 45000.0
1 219 419 45000.0
1 220 419 45000.0
1 221 419 45000.0
1 222 419 45000.0
1 223 419 45000.0
1 224 419 45000.0
1 225 419 45000.0
1 229 419 45000.0
1 229 420 45000.0
1 226 421 45000.0
1 227 421 45000.0
1 228 421 45000.0
1 224 422 45000.0
1 225 422 45000.0
1 224 423 45000.0
1 224 424 45000.0
1 225 424 45000.0
1 226 424 45000.0
1 227 424 45000.0
1 228 424 45000.0
1 229 425 45000.0
1 229 426 45000.0
1 229 427 45000.0
1 229 428 45000.0
1 229 429 45000.0
1 228 430 45000.0
1 228 431 45000.0
1 228 432 45000.0
1 228 433 45000.0
1 228 434 45000.0
1 228 435 45000.0
1 229 435 45000.0
1 230 436 45000.0
1 230 437 45000.0
1 230 438 45000.0
1 230 439 45000.0
1 230 440 45000.0
1 230 441 45000.0
1 230 442 45000.0
1 230 443 45000.0
1 230 444 45000.0
1 230 445 45000.0
1 230 446 45000.0
1 230 447 45000.0
1 230 448 45000.0
1 230 449 45000.0
1 230 450 45000.0
1 230 451 45000.0
1 230 452 45000.0
1 230 453 45000.0
1 230 454 45000.0
1 230 455 45000.0
1 230 456 45000.0
1 231 457 45000.0
1 231 458 45000.0
1 231 459 45000.0
1 231 460 45000.0
1 232 461 45000.0
1 232 462 45000.0
1 232 463 45000.0
1 232 464 45000.0
1 233 464 45000.0
1 234 464 45000.0
1 235 464 45000.0
1 236 464 45000.0
1 237 464 45000.0
1 238 464 45000.0
1 239 465 45000.0
1 239 466 45000.0
1 239 467 5337.1
1 238 468 5337.1
1 238 469 5337.1
1 238 470 5337.1
1 239 471 5337.1
1 240 471 5337.1
1 241 472 5337.1
1 242 472 5337.1
1 243 472 5337.1
1 244 473 5337.1
1 245 474 5337.1
1 246 475 5337.1
1 246 476 5337.1
1 246 477 5337.1
1 246 478 5337.1
1 246 479 5337.1
1 246 480 5337.1
1 245 481 5337.1
1 245 482 5337.1
1 244 483 5337.1
1 243 484 5337.1
1 243 485 5337.1
1 243 486 5337.1
1 243 487 5337.1
1 243 488 5337.1
1 243 489 5337.1
1 242 490 5337.1
1 242 491 5337.1
1 241 492 5337.1
1 241 493 5337.1
1 240 494 5337.1
1 239 495 5337.1
1 238 496 5337.1
1 235 497 5337.1
1 236 497 5337.1
1 237 497 5337.1
1 233 498 5337.1
1 234 498 5337.1
1 233 499 5337.1
1 232 500 5337.1
1 231 501 5337.1
1 231 502 5337.1
1 231 503 5337.1
1 231 504 5337.1
1 231 505 5337.1
1 231 506 5337.1
1 231 507 5337.1
1 231 508 5337.1
1 231 509 5337.1
1 231 510 5337.1
1 231 511 5337.1
1 231 512 5337.1
1 231 513 5337.1
1 231 514 5337.1
1 231 515 5337.1
1 232 516 5337.1
1 232 517 5337.1
1 232 518 5337.1
1 233 519 5337.1
1 233 520 5337.1
1 233 521 5337.1
1 234 522 5337.1
1 234 523 5337.1
1 235 524 5337.1
1 235 525 5337.1
1 236 525 5337.1
1 237 525 5337.1
1 238 525 5337.1
1 239 526 5337.1
1 239 527 5337.1
1 240 528 5437.9
1 240 529 5453.1
1 241 530 5519.7
1 241 531 5549.7
1 241 532 5566.6
1 241 533 5578.1
1 241 534 5586.4
1 242 535 5064.8
1 242 536 5076.1
1 243 536 5094.1
1 244 536 5126.6
1 245 536 5155.2
1 246 537 5210.6
1 246 538 5227.7
1 247 539 5267.6
1 248 540 5303.1
1 249 540 5315.2
1 250 540 5331.6
1 251 541 5365.2
1 250 544 5398.8
1 251 544 5401.1
1 245 545 5344.2
1 246 545 5355.4
1 247 545 5374.0
1 248 545 5387.7
1 249 545 5393.2
1 243 546 5317.7
1 244 546 5321.7
1 243 547 5318.4
1 242 548 5314.5
1 242 549 5314.8
1 241 550 5308.6
1 241 551 5306.9
1 240 552 5296.5
1 239 553 5285.5
1 238 554 0.0
1 237 555 5249.9
1 236 556 5248.8
1 236 557 5248.8
1 232 558 5189.1
1 233 558 5186.1
1 234 558 5193.8
1 235 558 5197.3
1 232 559 5201.2
1 231 560 5201.4
1 231 561 5209.8
1 231 562 5216.5
1 231 563 5221.6
1 231 564 5222.9
1 230 565 5389.7
1 230 566 5382.9
1 230 567 5372.0
1 230 568 5359.6
1 215 371 5678.1
1 39 51 6043.2
1 39 52 5967.8
1 38 53 5714.5
1 38 54 5641.8
1 37 55 5375.6
1 36 56 5152.8
1 35 57 4950.0
1 35 58 4889.0
1 35 59 4787.7
1 35 60 8397.7
1 35 61 8262.3
1 35 62 8125.5
1 35 63 7985.2
1 35 64 7841.2
1 35 65 7693.4
1 35 66 7542.6
1 35 67 7395.4
1 35 68 7276.3
1 36 69 10770.0
1 36 70 10502.6
1 36 71 10250.3
1 36 72 10007.1
1 36 73 9772.1
1 36 74 9559.1
1 36 75 9377.7
1 36 76 9287.9
1 36 77 9255.2
1 230 569 5347.0
1 230 570 5333.5
1 230 571 5317.4
1 230 572 5306.0
1 230 573 5316.9
1 230 574 5332.4
1 230 575 5342.6
1 230 576 5344.7
1 230 577 5179.6
1 230 578 5212.8
1 230 579 5245.9
1 230 580 5275.3
1 230 581 5278.4
1 230 582 5283.8
1 230 583 5286.3
1 230 584 5285.4
1 230 585 5282.0
1 230 586 5277.4
1 230 587 5271.3
1 230 588 5267.4
1 229 589 5251.5
1 229 590 5242.2
1 228 591 5219.5
1 228 592 5203.8
1 228 593 5186.5
1 228 594 5164.3
1 227 595 5120.1
1 227 596 5096.9
1 227 597 5068.8
1 227 598 5035.6
1 227 599 4786.4
1 226 600 4700.2
1 226 601 4698.2
1 226 602 4696.9
1 226 603 4697.6
1 225 604 4268.5
1 224 605 4268.5
1 223 606 4290.4
1 222 607 4310.8
1 223 605 4275.0
1 114 114 -19166.4
1 117 120 -889.138
1 121 111 -76956.0
1 121 113 -74342.4
1 124 115 -80295.6
1 125 116 -101785.0
1 126 120 -9147.6
1 129 121 -60693.6
1 130 122 -889.138
1 133 112 -110062.0
1 135 194 -1760.34
1 138 201 -28749.6
1 139 168 -31218.0
1 140 168 -31218.0
1 141 191 -109336.0
1 143 172 -31218.0
1 143 190 -53288.4
1 144 166 -38332.8
1 144 172 -31218.0
1 144 182 -175402.0
1 144 190 -53288.4
1 145 161 -147523.0
1 146 117 -117322.0
1 146 188 -20328.0
1 146 190 -20328.0
1 147 132 -38332.8
1 147 145 -889.138
1 148 167 -100624.0
1 148 176 -889.138
1 148 196 -73906.8
1 149 145 -104980.0
1 149 146 -52562.4
1 150 124 -35864.4
1 150 141 -38623.2
1 150 198 -161172.0
1 151 142 -27878.4
1 151 195 -99316.8
1 152 123 -68824.8
1 152 125 -62889.5
1 152 132 -68407.1
1 153 142 -74632.8
1 153 192 -115289.0
1 154 125 -2032.8
1 154 171 -889.138
1 154 249 -68098.8
1 155 112 -82764.0
1 155 129 -47625.6
1 155 141 -199360.0
1 156 129 -246695.0
1 156 146 -57499.2
1 157 116 -580.8
1 157 135 -25155.5
1 157 140 -520252.0
1 157 251 -132713.0
1 158 133 -84814.7
1 158 181 -193697.0
1 159 119 -47190.0
1 159 173 -80586.0
1 161 125 -12487.2
1 161 129 -6969.6
1 161 131 -1597.2
1 161 188 -103382.0
1 162 119 -8131.2
1 162 121 -110497.0
1 162 128 -270217.0
1 162 132 -98445.6
1 162 169 -1597.2
1 163 137 -3339.6
1 163 138 -12069.5
1 163 171 -8276.4
1 165 130 -1452.0
1 165 131 -3194.4
1 166 126 -9583.2
1 167 125 -37171.2
1 167 259 -22215.6
1 168 123 -59822.4
1 168 208 -95686.8
1 169 127 -145.2
1 169 163 -64468.8
1 170 131 -67372.8
1 170 132 -290.4
1 170 163 -72890.4
1 171 130 -25700.4
1 171 131 -2323.2
1 171 132 -27007.2
1 172 218 -246840.0
1 173 224 -52707.6
1 174 123 -18730.8
1 174 135 -5808.0
1 175 134 -94234.8
1 175 204 -25264.8
1 176 176 -44866.8
1 176 202 -19602.0
1 177 133 -132568.0
1 177 211 -51691.2
1 178 164 -2178.0
1 178 261 -95686.8
1 179 181 -285463.0
1 179 183 -51836.4
1 179 210 -27007.2
1 180 208 -28168.8
1 183 184 -182371.0
1 184 246 -11616.0
1 187 200 -130535.0
1 187 281 -8712.0
1 188 198 -111949.0
1 188 209 -72019.2
1 188 240 -78843.6
1 188 258 -200376.0
1 189 282 -87120.0
1 190 281 -254100.0
1 191 191 -112966.0
1 191 281 -179467.0
1 193 256 -26136.0
1 193 260 -48534.7
1 197 204 -34848.0
1 197 252 -14084.4
1 198 298 -889.138
1 199 211 -63452.4
1 199 231 -51981.6
1 199 298 -889.138
1 200 298 -957.7180000000001
1 201 234 -7695.6
1 203 275 -228545.0
1 203 280 -70422.0
1 204 248 -19912.8
1 205 300 -922.948
1 206 286 -9935.28
1 206 300 -1778.28
1 211 255 -197617.0
1 212 226 -22070.4
1 212 258 -290690.0
1 213 264 -435.6
1 213 300 -12196.8
1 214 240 -89298.0
1 216 238 -47190.0
1 216 267 -5953.2
1 217 264 -43560.0
1 217 365 -1016.4
1 218 179 -300854.0
1 219 310 -20908.8
1 221 223 -4210.8
1 221 246 -32960.4
1 221 284 -6306.28
1 222 369 -3484.8
1 223 271 -70276.8
1 224 301 -31653.6
1 224 374 -15286.8
1 226 311 -580.8
1 226 365 -2522.73
1 227 270 -290.4
1 228 225 -105415.0
1 230 361 -146071.0
1 231 401 -8149.14
1 232 364 -183.11
1 232 370 -8332.34
1 233 337 -889.138
1 233 376 -2306.88
1 233 394 -1778.28
1 234 304 -5313.44
1 234 393 -948.888
1 235 367 -9045.73
1 235 400 -726.0
1 235 605 -60.98
1 235 609 -485.73
1 236 263 -114708.0
1 236 351 -71438.4
1 237 237 -34702.8
1 237 316 -19205.6
1 237 357 -9118.36
1 237 389 -889.138
1 238 221 -2904.0
1 238 398 -6.35
1 238 605 -4550.84
1 238 609 -1778.28
1 239 250 -28894.8
1 239 338 -67082.4
1 239 605 -4445.69
1 239 606 -2667.41
1 239 619 -8729.94
1 240 380 -889.138
1 240 426 -889.138
1 240 608 -3584.29
1 241 335 -75649.2
1 241 342 -98300.4
1 241 604 -889.138
1 242 311 -6391.97
1 243 371 -889.138
1 243 389 -1742.4
1 243 422 -145.2
1 243 431 -12.48
1 243 605 -4445.69
1 244 431 -10.69
1 244 605 -5334.83
1 244 621 -1929.46
1 245 238 -68534.4
1 245 337 -889.138
1 245 370 -11313.0
1 245 621 -889.138
1 246 321 -4684.62
1 246 618 -2667.41
1 247 344 -918.668
1 247 383 -18530.4
1 247 384 -2738410.0
1 248 251 -25212.2
1 248 424 -5082.0
1 248 436 -4936.8
1 248 444 -15323.9
1 248 589 -1742.4
1 249 373 -889.138
1 249 424 -889.138
1 249 430 -46079.8
1 249 436 -9186.55
1 249 443 -7661.94
1 249 606 -4445.69
1 250 239 -35428.8
1 250 326 -4543.32
1 250 424 -889.138
1 250 425 -550308.0
1 250 431 -74789.9
1 250 595 -2812.61
1 251 300 -374616.0
1 251 356 -110255.0
1 251 408 -768.33
1 251 456 -1034.34
1 251 457 -41.12
1 251 594 -889.138
1 251 595 -907.908
1 251 596 -1778.28
1 252 230 -85232.4
1 252 285 -49658.4
1 252 329 -43660.1
1 252 450 -871.2
1 252 595 -889.138
1 252 606 -889.138
1 253 298 -35574.0
1 253 331 -20698.2
1 253 332 -32127.9
1 253 416 -435.6
1 253 420 -14132.9
1 253 445 -77974.9
1 254 338 -217945.0
1 254 367 -1016.4
1 254 407 -139264.0
1 254 597 -889.138
1 254 607 -24266.3
1 255 381 -30201.6
1 255 383 -43995.6
1 255 388 -51110.4
1 255 395 -3630.0
1 255 420 -12342.0
1 255 439 -32524.8
1 255 443 -141858.0
1 255 595 -889.138
1 255 596 -889.138
1 255 606 -24266.3
1 255 609 -1778.28
1 256 314 -41895.9
1 256 335 -70131.6
1 256 341 -1887.6
1 256 370 -5661.59
1 256 413 -2468.4
1 256 586 -111644.0
1 256 593 -3556.55
1 257 238 -5662.8
1 257 324 -7989.97
1 257 413 -2468.4
1 257 576 -7820.65
1 257 599 -87360.4
1 257 600 -112094.0
1 258 325 -8913.06
1 258 336 -2156.92
1 258 420 -258698.0
1 258 442 -549256.0
1 258 464 -4936.8
1 258 585 -5334.83
1 258 595 -1778.28
1 258 601 -55321.2
1 258 602 -28438.3
1 259 340 -211865.0
1 259 371 -5661.59
1 259 405 -41022.2
1 259 588 -33937.1
1 259 592 -897.758
1 259 593 -897.758
1 260 342 -78698.4
1 260 349 -1016.4
1 260 407 -3817940.0
1 260 413 -369009.0
1 260 424 -485.45
1 260 461 -2904.0
1 260 463 -23958.0
1 260 464 -27733.2
1 260 585 -21375.9
1 260 586 -48366.5
1 261 337 -6388.8
1 261 355 -135617.0
1 261 381 -335280.0
1 261 395 -83738.9
1 261 416 -20473.2
1 261 418 -889.138
1 261 429 -220034.0
1 261 464 -1016.4
1 261 492 -889.138
1 261 571 -26716.8
1 261 576 -18434.9
1 262 345 -100624.0
1 262 540 -337.66
1 262 564 -53276.2
1 262 567 -8613.5
1 262 568 -22070.4
1 262 570 -40075.2
1 262 571 -13358.4
1 263 471 -13358.4
1 263 477 -11906.4
1 263 520 -1778.28
1 263 582 -14633.6
1 264 265 -49658.4
1 264 344 -50384.4
1 264 345 -14810.4
1 264 355 -435.6
1 264 367 -889.138
1 264 383 -182416.0
1 264 407 -5662.8
1 264 468 -91.76
1 264 471 -13503.6
1 264 476 -290.4
1 264 477 -80440.8
1 264 523 -3248.21
1 264 524 -580.8
1 264 549 -6573.43
1 265 363 -10309.2
1 265 364 -29492.6
1 265 374 -17659.2
1 265 380 -17.52
1 265 422 -51512.4
1 265 557 -3775.2
1 266 337 -889.138
1 266 340 -18440.4
1 266 462 -145.2
1 267 391 -20037.6
1 267 463 -3049.2
1 267 555 -889.138
1 267 556 -889.138
1 268 333 -49513.2
1 268 334 -58660.8
1 268 436 -4163950.0
1 268 455 -17.11
1 268 479 -871.2
1 268 480 -726.0
1 268 489 -2420.85
1 269 363 -889.138
1 269 397 -48642.0
1 269 450 -3194.4
1 269 456 -20594.2
1 269 541 -1615.14
1 270 337 -4791.6
1 270 352 -47044.8
1 270 412 -57465.8
1 270 429 -2138.98
1 270 481 -1034.34
1 270 483 -1793.11
1 270 484 -889.138
1 270 486 -22605.1
1 270 498 -52126.8
1 270 539 -290.4
1 271 319 -19205.6
1 271 371 -1597.2
1 271 415 -187214.0
1 271 485 -280.67
1 271 493 -218858.0
1 271 498 -13794.0
1 271 537 -202256.0
1 272 336 -22520.9
1 272 337 -28.37
1 272 351 -24393.6
1 272 366 -12922.8
1 272 368 -238050.0
1 272 388 -740625.0
1 272 396 -36154.8
1 272 450 -8131.2
1 272 451 -22360.8
1 272 453 -1452.0
1 272 462 -2318790.0
1 272 491 -21.11
1 272 497 -55731.5
1 272 498 -290.4
1 272 530 -341442.0
1 272 532 -300573.0
1 272 535 -192564.0
1 273 363 -435.6
1 273 392 -1165.33
1 273 410 -1452.0
1 273 480 -50820.0
1 273 510 -1324.74
1 273 516 -22242.2
1 273 517 -193644.0
1 273 518 -170.87
1 274 409 -1452.0
1 274 520 -41817.6
1 274 523 -3049.2
1 275 367 -66792.0
1 275 441 -278688.0
1 275 450 -27733.2
1 275 506 -5808.0
1 276 446 -6534.0
1 276 474 -1225.41
1 277 294 -86571.6
1 277 390 -14084.4
1 277 407 -1567970.0
1 277 431 -25524.1
1 277 468 -145.2
1 277 472 -20187.4
1 277 480 -128663.0
1 277 482 -2032.8
1 278 365 -33396.0
1 278 435 -695.14
1 278 482 -2032.8
1 279 310 -32526.8
1 279 433 -203471.0
1 279 475 -150997.0
1 279 485 -24974.4
1 280 365 -27588.0
1 280 433 -54318.9
1 280 442 -11180.4
1 280 469 -47390.8
1 280 471 -53437.5
1 281 458 -1155540.0
1 282 409 -7405.2
1 282 424 -2468.4
1 282 430 -871.2
1 282 436 -13341.3
1 282 454 -9393.3
1 283 335 -57789.6
1 283 354 -13358.4
1 283 429 -309712.0
1 283 449 -67006.3
1 283 452 -142856.0
1 283 455 -26571.3
1 283 468 -49983.8
1 284 339 -38213.0
1 284 457 -7260.0
1 284 463 -11371.8
1 284 481 -9654.82
1 285 336 -1161.6
1 285 374 -3630.0
1 285 467 -253510.0
1 285 475 -92903.6
1 286 330 -87364.8
1 286 425 -371594.0
1 286 475 -36690.9
1 286 477 -81808.1
1 287 388 -2539.97
1 287 426 -889.138
1 287 477 -37439.5
1 288 419 -13213.2
1 288 423 -1054.11
1 288 426 -889.138
1 289 351 -19892.4
1 289 404 -214313.0
1 289 459 -1238.77
1 289 468 -14058.8
1 290 382 -313219.0
1 290 402 -4235.45
1 290 411 -1452.0
1 290 412 -24538.8
1 290 413 -1306.8
1 291 350 -3920.4
1 291 355 -36504.5
1 291 373 -1597.2
1 291 399 -170120.0
1 291 419 -271.82
1 292 361 -71002.8
1 292 365 -21925.2
1 292 416 -1452.0
1 292 469 -26687.1
1 293 440 -145.2
1 294 435 -15246.0
1 294 447 -54474.9
1 294 458 -98501.9
1 295 356 -2085.24
1 295 391 -77536.8
1 295 430 -761101.0
1 296 388 -700.71
1 296 398 -9152.67
1 296 406 -11069.7
1 296 433 -8712.0
1 297 381 -27152.4
1 297 395 -59020.0
1 297 401 -97707.2
1 297 402 -454.51
1 297 413 -1444900.0
1 297 442 -93736.9
1 299 354 -6824.4
1 299 355 -1311.91
1 299 387 -93.83
1 102 110 -889.138
1 102 113 -889.138
1 103 100 -889.138
1 103 104 -889.138
1 104 115 -889.138
1 105 115 -889.138
1 105 139 -889.138
1 108 117 -889.138
1 109 112 -889.138
1 111 155 -889.138
1 111 208 -889.138
1 112 181 -889.138
1 113 111 -889.138
1 113 159 -889.138
1 113 211 -889.138
1 114 173 -889.138
1 114 212 -1778.28
1 115 212 -1778.28
1 116 121 -889.138
1 116 150 -889.138
1 116 166 -889.138
1 117 119 -889.138
1 117 168 -889.138
1 117 210 -889.138
1 119 194 -889.138
1 119 202 -889.138
1 119 96 -889.138
1 120 155 -889.138
1 120 94 -889.138
1 121 187 -889.138
1 123 110 -889.138
1 123 111 -889.138
1 123 158 -889.138
1 123 168 -889.138
1 123 193 -889.138
1 123 202 -1778.28
1 125 150 -889.138
1 125 151 -889.138
1 125 193 -889.138
1 125 194 -889.138
1 126 121 -889.138
1 126 191 -889.138
1 126 195 -889.138
1 127 150 -889.138
1 127 160 -889.138
1 127 169 -889.138
1 127 195 -889.138
1 127 199 -1778.28
1 128 122 -889.138
1 128 148 -889.138
1 128 149 -889.138
1 128 152 -889.138
1 128 153 -889.138
1 128 154 -889.138
1 128 157 -889.138
1 128 199 -889.138
1 129 117 -889.138
1 129 119 -889.138
1 129 122 -889.138
1 129 146 -889.138
1 129 154 -1778.28
1 129 162 -889.138
1 129 176 -889.138
1 130 120 -889.138
1 130 154 -889.138
1 130 155 -889.138
1 130 156 -2667.41
1 130 194 -889.138
1 131 112 -889.138
1 131 121 -889.138
1 131 122 -889.138
1 131 150 -889.138
1 131 156 -889.138
1 131 157 -889.138
1 131 158 -889.138
1 131 161 -1778.28
1 131 198 -889.138
1 132 112 -889.138
1 132 155 -889.138
1 132 156 -889.138
1 132 160 -889.138
1 132 161 -1778.28
1 133 155 -889.138
1 133 159 -889.138
1 133 160 -1778.28
1 133 192 -1778.28
1 133 193 -889.138
1 134 148 -889.138
1 134 150 -889.138
1 134 151 -889.138
1 134 156 -889.138
1 134 191 -889.138
1 134 193 -3556.55
1 135 148 -4445.69
1 135 149 -1778.28
1 135 156 -889.138
1 135 157 -889.138
1 135 193 -2667.41
1 136 147 -889.138
1 136 148 -889.138
1 136 149 -889.138
1 136 150 -1778.28
1 136 153 -889.138
1 136 155 -889.138
1 137 148 -889.138
1 137 150 -889.138
1 137 153 -1778.28
1 137 154 -889.138
1 137 157 -2667.41
1 137 175 -889.138
1 137 206 -889.138
1 138 151 -889.138
1 138 152 -889.138
1 138 153 -2667.41
1 138 168 -889.138
1 138 169 -889.138
1 139 151 -889.138
1 140 138 -889.138
1 140 155 -3556.55
1 140 156 -889.138
1 140 171 -889.138
1 140 180 -889.138
1 141 149 -889.138
1 141 154 -1778.28
1 141 157 -889.138
1 141 171 -889.138
1 141 199 -1778.28
1 142 155 -889.138
1 142 156 -889.138
1 142 157 -889.138
1 142 158 -889.138
1 142 174 -889.138
1 142 179 -889.138
1 142 201 -889.138
1 143 146 -889.138
1 143 157 -2667.41
1 144 142 -1778.28
1 144 173 -889.138
1 145 142 -889.138
1 145 143 -889.138
1 145 151 -889.138
1 145 187 -889.138
1 145 226 -889.138
1 146 140 -889.138
1 146 141 -1778.28
1 146 145 -889.138
1 146 208 -889.138
1 146 229 -889.138
1 146 230 -889.138
1 146 232 -889.138
1 147 139 -2667.41
1 147 140 -889.138
1 147 141 -889.138
1 147 142 -889.138
1 147 229 -889.138
1 147 230 -889.138
1 147 233 -889.138
1 147 239 -889.138
1 147 240 -889.138
1 148 217 -889.138
1 148 221 -889.138
1 149 127 -889.138
1 149 147 -889.138
1 149 154 -889.138
1 149 222 -889.138
1 149 253 -889.138
1 150 160 -889.138
1 150 164 -889.138
1 150 177 -889.138
1 150 227 -889.138
1 150 236 -889.138
1 151 128 -889.138
1 151 228 -889.138
1 152 153 -889.138
1 152 173 -889.138
1 152 176 -889.138
1 152 222 -889.138
1 152 228 -889.138
1 153 126 -889.138
1 153 136 -889.138
1 153 155 -889.138
1 153 232 -889.138
1 153 238 -889.138
1 153 253 -889.138
1 154 126 -889.138
1 154 133 -889.138
1 154 161 -889.138
1 154 172 -889.138
1 154 220 -889.138
1 154 244 -889.138
1 155 170 -1778.28
1 155 216 -889.138
1 155 262 -889.138
1 156 160 -889.138
1 156 211 -889.138
1 156 223 -889.138
1 157 132 -889.138
1 157 133 -889.138
1 157 134 -2667.41
1 157 136 -889.138
1 157 194 -889.138
1 157 207 -889.138
1 157 240 -889.138
1 158 135 -889.138
1 158 248 -889.138
1 159 152 -889.138
1 159 231 -889.138
1 159 240 -889.138
1 159 247 -889.138
1 159 248 -889.138
1 159 250 -889.138
1 159 251 -889.138
1 159 257 -889.138
1 160 133 -889.138
1 160 249 -1778.28
1 160 251 -1778.28
1 160 252 -889.138
1 160 253 -889.138
1 160 262 -889.138
1 161 144 -1778.28
1 161 251 -889.138
1 161 253 -889.138
1 162 137 -1778.28
1 162 252 -1778.28
1 162 253 -889.138
1 163 152 -889.138
1 163 190 -889.138
1 163 236 -889.138
1 164 278 -889.138
1 164 290 -889.138
1 164 299 -889.138
1 165 133 -1778.28
1 165 134 -1778.28
1 165 135 -889.138
1 165 290 -889.138
1 166 131 -889.138
1 166 132 -889.138
1 166 133 -1778.28
1 166 134 -889.138
1 166 135 -889.138
1 166 210 -889.138
1 166 254 -889.138
1 166 255 -889.138
1 167 127 -889.138
1 167 132 -1778.28
1 167 133 -1778.28
1 167 134 -2667.41
1 167 256 -889.138
1 167 288 -889.138
1 167 294 -889.138
1 168 130 -889.138
1 168 131 -889.138
1 168 132 -3556.55
1 168 133 -3556.55
1 168 286 -889.138
1 168 287 -1778.28
1 168 291 -1778.28
1 169 128 -1778.28
1 169 129 -3556.55
1 169 131 -889.138
1 169 132 -4445.69
1 169 133 -2667.41
1 169 134 -8002.24
1 169 135 -889.138
1 169 236 -889.138
1 169 260 -889.138
1 169 271 -889.138
1 169 287 -889.138
1 169 290 -889.138
1 170 133 -2667.41
1 170 134 -10669.7
1 170 136 -889.138
1 170 187 -889.138
1 170 256 -889.138
1 170 287 -889.138
1 170 292 -889.138
1 171 133 -1778.28
1 171 134 -889.138
1 171 136 -4445.69
1 171 290 -889.138
1 172 257 -889.138
1 172 284 -889.138
1 172 295 -1778.28
1 172 311 -889.138
1 173 258 -889.138
1 173 278 -889.138
1 173 290 -889.138
1 173 292 -889.138
1 173 293 -1778.28
1 173 294 -889.138
1 174 124 -889.138
1 174 253 -889.138
1 174 261 -889.138
1 174 270 -889.138
1 174 283 -889.138
1 174 289 -889.138
1 174 293 -889.138
1 175 260 -889.138
1 175 288 -889.138
1 175 292 -1778.28
1 175 293 -889.138
1 175 296 -889.138
1 175 305 -889.138
1 176 274 -889.138
1 176 305 -889.138
1 177 289 -889.138
1 177 290 -889.138
1 178 243 -889.138
1 178 280 -889.138
1 178 285 -889.138
1 178 302 -889.138
1 178 305 -889.138
1 178 306 -889.138
1 178 311 -889.138
1 179 278 -889.138
1 179 285 -889.138
1 180 149 -889.138
1 180 286 -889.138
1 181 297 -889.138
1 181 307 -889.138
1 181 308 -889.138
1 183 242 -889.138
1 183 285 -889.138
1 183 295 -889.138
1 183 308 -889.138
1 183 309 -889.138
1 183 318 -889.138
1 184 263 -889.138
1 184 285 -889.138
1 184 313 -889.138
1 184 319 -889.138
1 185 257 -889.138
1 185 305 -889.138
1 185 306 -889.138
1 185 307 -889.138
1 185 315 -889.138
1 186 255 -889.138
1 186 265 -889.138
1 186 307 -1778.28
1 186 310 -889.138
1 188 262 -889.138
1 188 294 -889.138
1 188 295 -889.138
1 189 295 -889.138
1 189 309 -889.138
1 190 307 -889.138
1 190 308 -889.138
1 190 324 -889.138
1 191 292 -1778.28
1 191 304 -889.138
1 191 305 -889.138
1 192 258 -889.138
1 192 284 -889.138
1 192 304 -889.138
1 192 316 -889.138
1 192 319 -889.138
1 193 262 -889.138
1 193 301 -889.138
1 193 311 -889.138
1 193 313 -1778.28
1 194 284 -889.138
1 194 313 -889.138
1 195 269 -889.138
1 195 287 -889.138
1 195 289 -889.138
1 195 300 -889.138
1 195 311 -889.138
1 195 313 -889.138
1 196 269 -889.138
1 196 275 -889.138
1 196 303 -889.138
1 196 324 -889.138
1 196 333 -889.138
1 197 264 -889.138
1 197 283 -889.138
1 197 300 -889.138
1 197 322 -889.138
1 197 325 -889.138
1 198 242 -889.138
1 198 276 -1778.28
1 198 309 -889.138
1 198 311 -889.138
1 199 283 -889.138
1 199 311 -889.138
1 199 324 -889.138
1 200 280 -889.138
1 200 286 -889.138
1 200 296 -889.138
1 200 299 -889.138
1 200 306 -889.138
1 200 307 -889.138
1 200 312 -889.138
1 200 343 -889.138
1 200 345 -889.138
1 201 257 -889.138
1 202 280 -889.138
1 202 287 -889.138
1 202 297 -889.138
1 202 301 -889.138
1 202 302 -889.138
1 203 215 -889.138
1 203 304 -889.138
1 203 305 -889.138
1 203 309 -889.138
1 203 315 -889.138
1 205 263 -889.138
1 205 303 -889.138
1 205 304 -889.138
1 205 317 -889.138
1 205 318 -889.138
1 205 319 -889.138
1 206 264 -889.138
1 206 270 -889.138
1 206 301 -889.138
1 206 304 -889.138
1 206 315 -889.138
1 206 317 -1778.28
1 207 262 -889.138
1 207 300 -889.138
1 207 301 -1778.28
1 207 303 -889.138
1 207 304 -889.138
1 207 306 -1778.28
1 207 315 -889.138
1 207 317 -889.138
1 208 298 -1778.28
1 208 299 -1778.28
1 208 306 -889.138
1 208 317 -889.138
1 208 328 -889.138
1 209 284 -889.138
1 209 297 -889.138
1 209 302 -889.138
1 210 284 -889.138
1 210 301 -889.138
1 210 302 -889.138
1 210 342 -889.138
1 211 301 -889.138
1 211 321 -889.138
1 212 295 -889.138
1 212 347 -889.138
1 213 226 -889.138
1 213 287 -889.138
1 213 303 -889.138
1 213 329 -889.138
1 214 319 -889.138
1 215 289 -889.138
1 215 311 -889.138
1 215 353 -889.138
1 216 323 -889.138
1 216 341 -889.138
1 217 244 -889.138
1 217 249 -889.138
1 217 351 -889.138
1 218 209 -889.138
1 218 243 -889.138
1 218 292 -889.138
1 218 345 -1778.28
1 221 240 -889.138
1 221 611 -889.138
1 222 254 -889.138
1 222 362 -889.138
1 224 338 -889.138
1 224 359 -889.138
1 225 323 -889.138
1 225 329 -889.138
1 225 332 -889.138
1 225 368 -889.138
1 225 373 -889.138
1 225 378 -889.138
1 225 382 -1778.28
1 226 323 -889.138
1 226 388 -1778.28
1 226 618 -889.138
1 227 315 -889.138
1 228 606 -889.138
1 229 385 -1778.28
1 229 392 -889.138
1 229 393 -889.138
1 229 397 -3556.55
1 229 618 -4445.69
1 230 338 -889.138
1 230 373 -1778.28
1 230 384 -889.138
1 230 392 -1778.28
1 230 393 -3556.55
1 230 396 -889.138
1 230 605 -889.138
1 231 343 -889.138
1 231 383 -889.138
1 231 392 -4445.69
1 231 393 -9780.52
1 231 398 -889.138
1 231 603 -889.138
1 231 607 -1778.28
1 232 259 -889.138
1 232 300 -889.138
1 232 384 -889.138
1 232 389 -889.138
1 232 393 -5334.83
1 232 394 -3556.55
1 232 405 -889.138
1 232 604 -1778.28
1 232 606 -1778.28
1 232 607 -2667.41
1 232 608 -889.138
1 233 373 -889.138
1 233 393 -889.138
1 233 403 -889.138
1 233 406 -3556.55
1 233 601 -1778.28
1 233 602 -889.138
1 234 374 -889.138
1 234 388 -889.138
1 234 389 -889.138
1 234 406 -2667.41
1 234 407 -1778.28
1 234 601 -889.138
1 234 602 -1778.28
1 234 603 -2667.41
1 234 604 -889.138
1 234 605 -1778.28
1 234 606 -889.138
1 234 609 -889.138
1 234 620 -889.138
1 234 621 -889.138
1 235 342 -889.138
1 235 368 -889.138
1 235 389 -889.138
1 235 392 -889.138
1 235 404 -889.138
1 235 406 -889.138
1 235 599 -889.138
1 235 600 -1778.28
1 235 602 -2667.41
1 235 603 -889.138
1 235 606 -889.138
1 235 608 -889.138
1 236 256 -889.138
1 236 359 -889.138
1 236 377 -1778.28
1 236 378 -889.138
1 236 389 -1778.28
1 236 600 -889.138
1 236 601 -889.138
1 236 602 -1778.28
1 236 605 -889.138
1 236 606 -889.138
1 236 607 -889.138
1 236 620 -889.138
1 237 330 -889.138
1 237 377 -889.138
1 237 384 -889.138
1 237 388 -889.138
1 237 605 -1778.28
1 237 606 -2667.41
1 237 607 -1778.28
1 237 608 -4445.69
1 237 609 -2667.41
1 237 620 -889.138
1 238 346 -889.138
1 238 391 -889.138
1 238 410 -889.138
1 238 602 -889.138
1 238 603 -889.138
1 238 606 -4445.69
1 238 607 -5334.83
1 238 608 -3556.55
1 238 610 -889.138
1 239 297 -889.138
1 239 323 -889.138
1 239 404 -889.138
1 239 601 -889.138
1 239 603 -889.138
1 239 607 -1778.28
1 239 608 -3556.55
1 239 609 -2667.41
1 239 610 -1778.28
1 239 615 -1778.28
1 240 267 -889.138
1 240 319 -889.138
1 240 327 -889.138
1 240 352 -889.138
1 240 374 -1778.28
1 240 392 -1778.28
1 240 396 -889.138
1 240 406 -889.138
1 240 603 -889.138
1 240 605 -2667.41
1 240 606 -3556.55
1 240 607 -1778.28
1 240 620 -1778.28
1 240 621 -889.138
1 241 339 -889.138
1 241 352 -889.138
1 241 370 -1778.28
1 241 375 -889.138
1 241 409 -889.138
1 241 577 -889.138
1 241 603 -1778.28
1 241 605 -2667.41
1 241 606 -1778.28
1 241 607 -1778.28
1 241 608 -1778.28
1 241 609 -4445.69
1 241 610 -889.138
1 241 611 -889.138
1 241 620 -889.138
1 241 621 -889.138
1 242 314 -889.138
1 242 318 -889.138
1 242 336 -889.138
1 242 338 -889.138
1 242 339 -889.138
1 242 373 -2667.41
1 242 374 -5334.83
1 242 406 -1778.28
1 242 603 -1778.28
1 242 604 -6223.96
1 242 605 -8002.24
1 242 606 -2667.41
1 242 607 -4445.69
1 242 608 -4445.69
1 242 609 -2667.41
1 242 610 -2667.41
1 242 616 -889.138
1 242 622 -889.138
1 242 623 -2667.41
1 243 366 -889.138
1 243 369 -889.138
1 243 372 -1778.28
1 243 373 -7113.1
1 243 374 -2667.41
1 243 386 -889.138
1 243 391 -889.138
1 243 405 -889.138
1 243 406 -889.138
1 243 407 -1778.28
1 243 409 -889.138
1 243 577 -889.138
1 243 606 -6223.96
1 243 607 -4445.69
1 243 608 -1778.28
1 243 609 -5334.83
1 243 620 -889.138
1 243 622 -1778.28
1 243 623 -7113.1
1 244 371 -889.138
1 244 372 -1778.28
1 244 373 -2667.41
1 244 415 -889.138
1 244 598 -889.138
1 244 606 -3556.55
1 244 607 -889.138
1 244 611 -889.138
1 244 616 -889.138
1 244 622 -889.138
1 244 623 -3556.55
1 244 624 -889.138
1 245 312 -889.138
1 245 315 -889.138
1 245 326 -889.138
1 245 335 -889.138
1 245 338 -889.138
1 245 356 -1778.28
1 245 371 -889.138
1 245 413 -889.138
1 245 586 -889.138
1 245 604 -889.138
1 245 605 -2667.41
1 245 606 -4445.69
1 245 607 -3556.55
1 245 609 -4445.69
1 245 610 -1778.28
1 245 612 -1778.28
1 245 616 -1778.28
1 245 619 -889.138
1 245 620 -1778.28
1 245 622 -889.138
1 246 214 -889.138
1 246 342 -889.138
1 246 356 -889.138
1 246 357 -889.138
1 246 374 -889.138
1 246 413 -889.138
1 246 590 -889.138
1 246 599 -889.138
1 246 600 -5334.83
1 246 605 -3556.55
1 246 606 -6223.96
1 246 607 -3556.55
1 246 610 -889.138
1 246 612 -1778.28
1 246 614 -889.138
1 246 615 -889.138
1 246 623 -889.138
1 247 314 -889.138
1 247 331 -889.138
1 247 367 -1778.28
1 247 368 -4445.69
1 247 387 -1778.28
1 247 413 -889.138
1 247 578 -889.138
1 247 597 -889.138
1 247 598 -6223.96
1 247 599 -5334.83
1 247 600 -8891.38
1 247 601 -8891.38
1 247 605 -1778.28
1 247 609 -1778.28
1 247 610 -1778.28
1 247 611 -3556.55
1 247 612 -3556.55
1 247 613 -1778.28
1 247 618 -1778.28
1 247 619 -889.138
1 247 623 -889.138
1 248 307 -889.138
1 248 367 -889.138
1 248 368 -3556.55
1 248 371 -1778.28
1 248 372 -4445.69
1 248 387 -1778.28
1 248 388 -5334.83
1 248 413 -889.138
1 248 416 -889.138
1 248 529 -889.138
1 248 567 -889.138
1 248 596 -6223.96
1 248 597 -4445.69
1 248 598 -8891.38
1 248 599 -5334.83
1 248 600 -3556.55
1 248 601 -5334.83
1 248 602 -2667.41
1 248 605 -889.138
1 248 608 -889.138
1 248 609 -1778.28
1 248 610 -2667.41
1 248 611 -5334.83
1 248 612 -5334.83
1 248 613 -6223.96
1 248 618 -889.138
1 248 619 -889.138
1 248 620 -889.138
1 248 623 -1778.28
1 249 333 -889.138
1 249 334 -889.138
1 249 365 -1778.28
1 249 366 -2667.41
1 249 367 -889.138
1 249 368 -2667.41
1 249 371 -889.138
1 249 387 -889.138
1 249 388 -889.138
1 249 400 -889.138
1 249 412 -889.138
1 249 567 -889.138
1 249 593 -1778.28
1 249 595 -5334.83
1 249 596 -6223.96
1 249 597 -9780.52
1 249 603 -2667.41
1 249 604 -7113.1
1 249 605 -4445.69
1 249 607 -3556.55
1 249 609 -889.138
1 249 610 -1778.28
1 249 611 -4445.69
1 249 612 -8002.24
1 249 613 -1778.28
1 249 618 -889.138
1 249 623 -889.138
1 250 331 -889.138
1 250 355 -889.138
1 250 365 -1778.28
1 250 366 -4445.69
1 250 367 -2667.41
1 250 368 -889.138
1 250 369 -1778.28
1 250 370 -1778.28
1 250 371 -5334.83
1 250 382 -889.138
1 250 406 -889.138
1 250 413 -889.138
1 250 414 -889.138
1 250 423 -889.138
1 250 436 -889.138
1 250 568 -889.138
1 250 579 -889.138
1 250 591 -889.138
1 250 594 -889.138
1 250 596 -7113.1
1 250 597 -1778.28
1 250 602 -889.138
1 250 603 -6223.96
1 250 604 -5334.83
1 250 605 -3556.55
1 250 607 -889.138
1 250 608 -2667.41
1 250 609 -889.138
1 250 610 -889.138
1 250 613 -889.138
1 251 276 -889.138
1 251 322 -889.138
1 251 365 -2667.41
1 251 366 -8002.24
1 251 367 -1778.28
1 251 368 -1778.28
1 251 371 -889.138
1 251 379 -889.138
1 251 407 -889.138
1 251 414 -889.138
1 251 424 -889.138
1 251 598 -889.138
1 251 604 -889.138
1 251 605 -889.138
1 251 607 -889.138
1 251 610 -889.138
1 252 236 -889.138
1 252 365 -2667.41
1 252 366 -6223.96
1 252 367 -6223.96
1 252 368 -1778.28
1 252 376 -889.138
1 252 412 -889.138
1 252 416 -889.138
1 252 428 -889.138
1 252 506 -889.138
1 252 507 -889.138
1 252 528 -889.138
1 252 534 -889.138
1 252 544 -889.138
1 252 576 -889.138
1 252 591 -1778.28
1 252 596 -1778.28
1 252 597 -1778.28
1 252 598 -889.138
1 252 599 -1778.28
1 252 608 -1778.28
1 252 609 -889.138
1 252 611 -889.138
1 252 620 -889.138
1 253 259 -889.138
1 253 342 -889.138
1 253 363 -889.138
1 253 365 -1778.28
1 253 366 -5334.83
1 253 367 -3556.55
1 253 370 -889.138
1 253 375 -1778.28
1 253 404 -889.138
1 253 433 -1778.28
1 253 506 -889.138
1 253 543 -889.138
1 253 546 -889.138
1 253 547 -889.138
1 253 566 -889.138
1 253 586 -1778.28
1 253 596 -889.138
1 253 597 -3556.55
1 253 601 -889.138
1 253 604 -889.138
1 253 605 -889.138
1 253 614 -2667.41
1 254 366 -1778.28
1 254 478 -889.138
1 254 581 -889.138
1 254 584 -889.138
1 254 585 -5334.83
1 254 586 -4445.69
1 254 587 -2667.41
1 254 588 -2667.41
1 254 589 -3556.55
1 254 598 -889.138
1 254 599 -889.138
1 254 601 -1778.28
1 254 604 -1778.28
1 254 605 -889.138
1 254 606 -889.138
1 254 611 -889.138
1 255 341 -889.138
1 255 346 -889.138
1 255 371 -889.138
1 255 402 -889.138
1 255 442 -889.138
1 255 445 -889.138
1 255 461 -889.138
1 255 479 -889.138
1 255 512 -889.138
1 255 513 -889.138
1 255 526 -889.138
1 255 547 -889.138
1 255 548 -889.138
1 255 565 -889.138
1 255 583 -2667.41
1 255 584 -3556.55
1 255 585 -3556.55
1 255 586 -3556.55
1 255 587 -1778.28
1 255 588 -889.138
1 255 591 -889.138
1 255 594 -889.138
1 255 597 -889.138
1 255 600 -1778.28
1 255 607 -889.138
1 256 346 -889.138
1 256 350 -889.138
1 256 367 -889.138
1 256 373 -889.138
1 256 374 -889.138
1 256 491 -889.138
1 256 526 -889.138
1 256 531 -2667.41
1 256 532 -889.138
1 256 547 -889.138
1 256 548 -1778.28
1 256 549 -889.138
1 256 575 -889.138
1 256 578 -1778.28
1 256 580 -889.138
1 256 584 -2667.41
1 256 585 -1778.28
1 256 592 -1778.28
1 256 594 -6223.96
1 256 595 -3556.55
1 256 607 -3556.55
1 256 608 -1778.28
1 256 609 -889.138
1 257 330 -889.138
1 257 461 -889.138
1 257 497 -889.138
1 257 503 -889.138
1 257 506 -889.138
1 257 512 -889.138
1 257 527 -2667.41
1 257 529 -889.138
1 257 532 -889.138
1 257 549 -889.138
1 257 574 -889.138
1 257 575 -2667.41
1 257 584 -2667.41
1 257 585 -2667.41
1 257 593 -1778.28
1 257 594 -7113.1
1 257 595 -3556.55
1 257 597 -1778.28
1 257 606 -6223.96
1 257 607 -889.138
1 258 307 -889.138
1 258 330 -889.138
1 258 366 -889.138
1 258 485 -1778.28
1 258 489 -1778.28
1 258 491 -889.138
1 258 493 -889.138
1 258 494 -889.138
1 258 496 -889.138
1 258 497 -889.138
1 258 498 -2667.41
1 258 499 -1778.28
1 258 502 -889.138
1 258 503 -889.138
1 258 529 -1778.28
1 258 531 -889.138
1 258 532 -889.138
1 258 533 -1778.28
1 258 535 -889.138
1 258 546 -889.138
1 258 550 -889.138
1 258 556 -1778.28
1 258 564 -889.138
1 258 576 -889.138
1 258 583 -889.138
1 258 584 -2667.41
1 258 586 -2667.41
1 258 594 -2667.41
1 258 606 -4445.69
1 258 607 -889.138
1 259 346 -889.138
1 259 369 -1778.28
1 259 402 -889.138
1 259 444 -889.138
1 259 456 -889.138
1 259 485 -889.138
1 259 486 -889.138
1 259 488 -889.138
1 259 489 -889.138
1 259 490 -1778.28
1 259 509 -1778.28
1 259 510 -889.138
1 259 522 -889.138
1 259 528 -889.138
1 259 529 -889.138
1 259 531 -889.138
1 259 532 -889.138
1 259 545 -889.138
1 259 549 -889.138
1 259 554 -1778.28
1 259 555 -1778.28
1 259 556 -2667.41
1 259 557 -2667.41
1 259 575 -3556.55
1 259 576 -889.138
1 259 579 -889.138
1 259 584 -889.138
1 259 585 -3556.55
1 259 586 -1778.28
1 260 369 -1778.28
1 260 404 -1778.28
1 260 443 -889.138
1 260 454 -889.138
1 260 485 -889.138
1 260 486 -1778.28
1 260 487 -889.138
1 260 492 -889.138
1 260 499 -889.138
1 260 502 -1778.28
1 260 517 -889.138
1 260 527 -889.138
1 260 545 -2667.41
1 260 548 -889.138
1 260 554 -889.138
1 260 556 -889.138
1 260 567 -889.138
1 260 576 -889.138
1 260 577 -889.138
1 261 397 -889.138
1 261 404 -889.138
1 261 444 -889.138
1 261 483 -889.138
1 261 487 -889.138
1 261 501 -889.138
1 261 502 -889.138
1 261 545 -889.138
1 261 551 -889.138
1 261 552 -889.138
1 261 565 -889.138
1 262 254 -889.138
1 262 353 -1778.28
1 262 369 -889.138
1 262 425 -889.138
1 262 443 -889.138
1 262 458 -889.138
1 262 483 -1778.28
1 262 493 -889.138
1 262 501 -889.138
1 262 502 -889.138
1 262 523 -889.138
1 262 524 -889.138
1 262 535 -889.138
1 262 536 -889.138
1 262 537 -889.138
1 262 542 -889.138
1 262 546 -889.138
1 262 584 -889.138
1 262 587 -889.138
1 263 355 -889.138
1 263 415 -889.138
1 263 484 -889.138
1 263 493 -889.138
1 263 509 -889.138
1 263 522 -889.138
1 263 523 -1778.28
1 263 524 -1778.28
1 263 541 -1778.28
1 263 542 -889.138
1 263 543 -889.138
1 263 546 -1778.28
1 263 576 -889.138
1 263 579 -889.138
1 263 581 -3556.55
1 264 369 -889.138
1 264 379 -889.138
1 264 481 -889.138
1 264 482 -889.138
1 264 493 -889.138
1 264 503 -889.138
1 264 504 -889.138
1 264 516 -889.138
1 264 521 -2667.41
1 264 527 -889.138
1 264 543 -3556.55
1 264 568 -889.138
1 264 575 -889.138
1 264 576 -1778.28
1 265 336 -889.138
1 265 367 -1778.28
1 265 457 -889.138
1 265 459 -889.138
1 265 511 -889.138
1 265 516 -889.138
1 265 520 -889.138
1 265 524 -889.138
1 265 568 -1778.28
1 266 314 -889.138
1 266 413 -889.138
1 266 456 -889.138
1 266 478 -889.138
1 266 481 -889.138
1 266 483 -889.138
1 266 484 -889.138
1 266 485 -889.138
1 266 492 -889.138
1 266 498 -889.138
1 266 505 -889.138
1 266 518 -889.138
1 266 523 -889.138
1 266 543 -889.138
1 266 545 -889.138
1 266 549 -889.138
1 266 555 -889.138
1 267 337 -889.138
1 267 365 -889.138
1 267 381 -889.138
1 267 459 -889.138
1 267 460 -1778.28
1 267 505 -889.138
1 267 507 -889.138
1 267 543 -889.138
1 267 544 -1778.28
1 267 549 -889.138
1 267 553 -2667.41
1 267 562 -889.138
1 268 507 -1778.28
1 268 540 -889.138
1 268 541 -889.138
1 268 542 -1778.28
1 268 543 -3556.55
1 268 544 -1778.28
1 268 549 -889.138
1 268 551 -889.138
1 268 552 -889.138
1 268 553 -889.138
1 269 362 -889.138
1 269 505 -1778.28
1 269 507 -889.138
1 269 528 -889.138
1 269 543 -889.138
1 269 547 -1778.28
1 270 474 -889.138
1 270 475 -1778.28
1 270 479 -889.138
1 270 491 -889.138
1 270 504 -889.138
1 270 507 -889.138
1 270 526 -889.138
1 271 375 -889.138
1 271 388 -889.138
1 271 479 -889.138
1 271 481 -889.138
1 271 487 -889.138
1 271 491 -889.138
1 271 526 -889.138
1 272 469 -889.138
1 272 493 -889.138
1 272 495 -1778.28
1 272 496 -889.138
1 272 502 -889.138
1 272 526 -2667.41
1 273 441 -889.138
1 273 462 -889.138
1 273 526 -889.138
1 275 463 -889.138
1 275 480 -889.138
1 275 502 -889.138
1 275 504 -889.138
1 276 502 -889.138
1 277 393 -889.138
1 279 459 -889.138
1 280 563 -889.138
1 282 434 -889.138
1 282 435 -889.138
1 283 461 -889.138
1 283 482 -889.138
1 283 483 -889.138
1 285 437 -889.138
1 285 482 -889.138
1 285 483 -889.138
1 286 377 -889.138
1 286 464 -889.138
1 288 469 -889.138
1 289 362 -889.138
1 289 443 -889.138
1 292 358 -889.138
1 293 390 -2667.41
1 293 391 -889.138
1 296 390 -889.138
1 301 359 -889.138
1 301 378 -889.138
1 85 106 -889.138
1 92 112 -1778.28
1 93 117 -889.138
1 97 89 -889.138
1 98 101 -889.138
1 99 126 -889.138
1 99 136 -889.138
1 147 119 -36880.8
1 148 187 -130244.0
1 150 114 -40075.2
1 153 113 -106286.0
1 156 158 -115870.0
1 157 160 -95396.4
1 167 186 -80440.8
1 168 169 -62581.2
1 170 169 -65340.0
1 197 280 -150572.0
1 199 225 -113982.0
1 234 285 -87700.8
1 244 234 -169594.0
1 259 541 -290.4
1 265 469 -290.4
1 267 479 -3339.6
1 271 361 -4697.18
1 272 454 -50.5
1 285 433 -3049.2
1 299 360 -57354.0
1 109 116 -32089.2
1 131 118 -10454.4
1 132 183 -65194.8
1 140 173 -137504.0
1 141 124 -79714.8
1 142 121 -121968.0
1 155 192 -111804.0
1 157 117 -34993.2
1 157 190 -580.8
1 158 205 -162043.0
1 164 258 -158849.0
1 169 164 -229706.0
1 172 162 -53578.8
1 172 163 -53578.8
1 172 164 -53578.8
1 173 196 -1887.6
1 175 213 -267023.0
1 195 280 -138376.0
1 202 295 -140408.0
1 203 296 -45592.8
1 218 173 -285318.0
1 226 358 -7450.63
1 247 335 -117031.0
1 256 333 -30056.4
1 262 350 -62145.6
1 265 349 -64178.4
1 267 346 -171626.0
1 269 347 -135036.0
1 271 470 -2178.0
1 274 431 -2957550.0
1 280 367 -95251.2
1 285 357 -88572.0
1 289 374 -5953.2
1 293 378 -69986.4
1 299 335 -110352.0
1 143 152 -130390.0
1 144 130 -31508.4
1 148 113 -230723.0
1 149 118 -237692.0
1 151 143 -53433.6
1 152 177 -91330.8
1 153 212 -152896.0
1 154 128 -2323.2
1 159 188 -11906.4
1 161 161 -89152.8
1 162 171 -173950.0
1 167 163 -138666.0
1 170 217 -215041.0
1 174 182 -68534.4
1 175 178 -15100.8
1 176 128 -20618.4
1 188 287 -9002.4
1 189 206 -101640.0
1 201 279 -222446.0
1 221 294 -144910.0
1 221 361 -5953.2
1 222 252 -55176.0
1 222 266 -311454.0
1 224 273 -174385.0
1 225 248 -29185.2
1 226 361 -118628.0
1 234 319 -151879.0
1 235 317 -151879.0
1 237 292 -226294.0
1 238 244 -75649.2
1 248 238 -198053.0
1 248 331 -58080.0
1 256 342 -43705.2
1 266 345 -119645.0
1 271 268 -244517.0
1 274 278 -111804.0
1 289 355 -25990.8
1 295 392 -24248.4
1 296 391 -46028.4
1 296 393 -59677.2
1 140 166 -212428.0
1 141 116 -205748.0
1 141 165 -76520.4
1 142 185 -148104.0
1 143 114 -170610.0
1 144 151 -101640.0
1 144 186 -40801.2
1 145 114 -190793.0
1 146 150 -36300.0
1 146 180 -285899.0
1 147 171 -47916.0
1 149 124 -435.6
1 149 181 -249599.0
1 149 202 -112966.0
1 150 172 -111804.0
1 150 183 -276461.0
1 150 186 -188034.0
1 151 178 -124291.0
1 151 181 -90459.6
1 151 211 -41817.6
1 152 180 -278929.0
1 158 173 -3484.8
1 164 124 -4501.2
1 165 167 -63016.8
1 170 115 -100624.0
1 171 125 -1306.8
1 176 222 -37606.8
1 184 210 -133439.0
1 188 207 -52417.2
1 189 288 -19021.2
1 206 280 -49077.6
1 209 273 -103528.0
1 209 281 -54941.8
1 210 249 -85087.2
1 211 263 -113256.0
1 211 296 -66066.0
1 213 270 -52562.4
1 219 272 -31653.6
1 221 302 -7114.8
1 221 317 -146797.0
1 224 287 -101640.0
1 230 352 -181210.0
1 231 270 -42108.0
1 231 347 -34848.0
1 235 295 -76230.0
1 236 320 -191664.0
1 236 342 -111078.0
1 236 344 -47190.0
1 240 330 -91476.0
1 240 337 -105996.0
1 240 357 -110933.0
1 244 333 -5976.21
1 246 332 -41527.2
1 246 337 -20037.6
1 251 334 -139247.0
1 258 343 -5808.0
1 258 345 -28604.4
1 260 345 -31508.4
1 261 340 -38913.6
1 262 286 -25990.8
1 262 361 -72164.4
1 263 344 -61855.2
1 263 350 -11470.8
1 267 321 -66501.6
1 267 428 -93576.5
1 269 365 -9292.8
1 270 361 -112240.0
1 271 267 -29766.0
1 271 355 -74342.4
1 271 363 -125888.0
1 281 331 -21780.0
1 284 333 -25700.4
1 289 371 -74342.4
1 290 371 -68824.8
1 291 365 -38623.2
1 296 358 -167851.0
1 297 356 -44866.8
1 297 391 -71438.4
1 299 347 -15826.8
1 125 93 -93654.0
1 131 125 -148685.0
1 134 123 -139682.0
1 135 126 -76230.0
1 138 125 -114708.0
1 142 117 -187453.0
1 142 169 -44576.4
1 145 116 -60548.4
1 146 146 -44866.8
1 152 213 -66501.6
1 155 116 -48642.0
1 156 214 -63016.8
1 161 185 -246259.0
1 163 186 -18440.4
1 166 203 -7114.8
1 168 216 -218671.0
1 183 232 -285754.0
1 192 232 -468415.0
1 193 235 -144764.0
1 201 310 -6098.4
1 211 195 -1597.2
1 215 261 -105125.0
1 221 339 -119064.0
1 222 324 -58080.0
1 223 263 -53433.6
1 226 354 -79860.0
1 230 358 -34557.6
1 232 347 -47770.8
1 233 341 -58225.2
1 242 618 -33831.6
1 248 344 -102366.0
1 263 345 -139973.0
1 263 427 -145.2
1 263 570 -13358.4
1 264 348 -35428.8
1 265 414 -145.2
1 268 366 -9292.8
1 286 302 -6534.0
1 292 360 -33831.6
1 293 357 -56628.0
1 297 439 -555550.0
1 132 120 -143022.0
1 134 124 -145345.0
1 134 126 -81312.0
1 135 122 -71874.0
1 137 128 -198198.0
1 145 166 -32960.4
1 148 119 -78553.2
1 150 118 -234643.0
1 150 121 -318133.0
1 150 127 -24684.0
1 152 118 -142732.0
1 153 122 -53578.8
1 153 123 -146942.0
1 155 125 -178306.0
1 158 138 -163495.0
1 158 140 -220704.0
1 160 139 -226076.0
1 181 126 -250034.0
1 185 168 -56482.8
1 189 126 -349206.0
1 224 257 -6388.8
1 230 223 -32670.0
1 260 332 -10890.0
1 260 337 -7260.0
1 276 358 -70712.4
1 281 445 -580.8
1 282 357 -871.2
1 137 168 -110207.0
1 149 213 -162914.0
1 189 195 -113982.0
1 192 197 -220994.0
1 202 228 -31218.0
1 210 253 -84070.8
1 217 236 -77827.2
1 245 324 -7260.0
1 270 480 -145.2
1 291 354 -6243.6
1 145 131 -77246.4
1 148 166 -90604.8
1 151 118 -42688.8
1 153 116 -24393.6
1 158 114 -19021.2
1 188 197 -76810.8
1 188 204 -83199.6
1 206 169 -12196.8
1 206 281 -1161.6
1 211 266 -66760.2
1 213 276 -18180.6
1 214 274 -13565.9
1 220 278 -208450.0
1 232 398 -7260.0
1 233 375 -1887.6
1 236 317 -44721.6
1 239 385 -3087.84
1 239 406 -328.55
1 239 416 -7.73
1 241 238 -42398.4
1 245 408 -6679.2
1 246 320 -18150.0
1 248 454 -871.2
1 259 351 -4635.5
1 265 360 -27121.9
1 269 360 -11300.5
1 272 360 -98736.0
1 273 521 -14229.6
1 274 327 -25555.2
1 274 521 -1887.6
1 275 465 -208.36
1 280 371 -10744.8
1 290 322 -150282.0
1 294 354 -133685.0
1 147 116 -221285.0
1 147 183 -56773.2
1 156 122 -73616.4
1 205 310 -4791.6
1 268 484 -145.2
1 173 183 -66211.2
1 257 342 -25264.8
1 201 251 -87120.0
1 201 301 -19021.2
1 251 286 -15681.6
1 259 336 -435.6
1 261 570 -13358.4
1 264 441 -145.2
1 144 132 -726.0
1 135 160 -40656.0
1 136 173 -19021.2
1 144 189 -53288.4
1 154 122 -229706.0
1 156 131 -2613.6
1 161 179 -267749.0
1 164 169 -24393.6
1 183 124 -332653.0
1 183 205 -145.2
1 186 125 -393637.0
1 186 209 -104399.0
1 204 300 -49.68
1 225 242 -73906.8
1 226 375 -21300.1
1 235 420 -9583.2
1 238 302 -39349.2
1 242 355 -208.36
1 245 406 -1306.8
1 247 591 -1742.4
1 248 590 -1742.4
1 248 593 -1742.4
1 251 614 -3417.86
1 255 333 -43995.6
1 256 443 -225.48
1 258 339 -3246.66
1 258 416 -446.81
1 267 354 -1742.4
1 267 554 -1887.6
1 269 482 -145.2
1 270 476 -1742.4
1 273 477 -5953.2
1 273 523 -136343.0
1 274 506 -5808.0
1 275 479 -17714.4
1 280 458 -1125.45
1 297 388 -1390.25
1 298 384 -153.03
1 204 299 -3920.4
1 221 300 -15246.0
1 140 116 -20037.6
1 134 167 -90024.0
1 160 117 -43124.4
1 197 298 -31.46
1 211 290 -3049.2
1 226 330 -29588.0
1 237 406 -2960.16
1 244 430 -1452.0
1 247 342 -145.72
1 253 427 -1663.75
1 253 443 -660.7
1 254 398 -271.29
1 254 442 -3070.0
1 254 444 -512.77
1 254 445 -56.71
1 256 445 -1428.75
1 259 345 -3630.0
1 261 369 -2265.44
1 262 555 -145.2
1 263 448 -145.2
1 270 319 -19205.6
1 271 364 -66937.2
1 271 471 -290.4
1 271 489 -22954.1
1 275 371 -290.4
1 275 449 -4791.6
1 277 386 -435.6
1 289 321 -75213.6
1 262 394 -372988.0
1 167 168 -63016.8
1 157 122 -580.8
1 169 201 -77101.2
1 199 297 -182.28
1 212 315 -232.93
1 214 287 -402.79
1 224 372 -2758.8
1 247 343 -65.13
1 247 590 -1742.4
1 255 446 -700.99
1 261 524 -50136.7
1 261 525 -50136.7
1 268 567 -13358.4
1 276 386 -435.6
1 278 371 -7840.8
1 281 446 -1452.0
1 284 406 -2178.0
1 291 458 -186.56
1 295 390 -53578.8
1 297 387 -871.2
1 178 212 -21344.4
1 257 443 -1904.4
1 162 205 -65049.6
1 244 330 -24393.6
1 248 343 -217.06
1 249 589 -1742.4
1 254 394 -32.01
1 261 362 -22360.8
1 262 441 -145.2
1 276 469 -145.2
1 282 451 -1161.6
1 279 477 -145.2
1 134 173 -19021.2
1 145 139 -2904.0
1 150 115 -52126.8
1 206 299 -14.76
1 239 305 -1451.65
1 261 461 -290.4
1 233 400 -54014.4
1 117 117 -19166.4
1 178 182 -8712.0
1 183 311 -3195.99
1 185 196 -85377.6
1 201 309 -6098.4
1 220 175 -79714.8
1 244 355 -29957.8
1 245 261 -20827.5
1 259 512 -435.6
1 260 541 -290.4
1 262 563 -13358.4
1 269 319 -19205.6
1 269 429 -2138.98
1 271 512 -435.6
1 273 506 -2904.0
1 290 355 -19106.5
1 264 474 -145.2
1 264 351 -1016.4
1 275 383 -54740.4
1 157 131 -145.2
1 149 125 -145.2
