1 62 1 3798.3
1 61 2 3770.7
1 60 3 3749.7
1 59 4 3733.5
1 58 5 3721.5
1 57 6 3713.4
1 56 7 3709.2
1 55 8 3709.0
1 54 9 3713.4
1 53 10 3722.5
1 52 11 3736.7
1 51 12 3755.5
1 49 13 3767.8
1 50 13 3777.1
1 48 14 3789.3
1 47 15 3784.5
1 46 16 3776.7
1 45 17 3766.9
1 45 18 3767.6
1 45 19 3768.3
1 44 20 3756.4
1 44 21 3756.2
1 44 22 3755.5
1 44 23 3754.2
1 44 24 3752.2
1 44 25 3749.4
1 44 26 3745.6
1 44 27 3740.7
1 44 28 3734.5
1 44 29 3727.0
1 44 30 3717.9
1 44 31 3707.0
1 44 32 3694.2
1 44 33 3679.1
1 44 34 3661.5
1 44 35 3641.1
1 44 36 3617.4
1 44 37 3589.8
1 44 38 3557.8
1 44 39 3520.3
1 44 40 3476.1
1 44 41 3422.8
1 43 42 3304.0
1 43 43 3265.0
1 43 44 3203.3
1 42 45 3052.1
1 42 46 2997.6
1 40 47 2765.7
1 41 47 2812.0
1 40 48 2729.6
1 40 49 2663.5
1 40 50 2567.6
1 35 78 4859.7
1 35 79 4888.1
1 34 80 4945.1
1 33 81 5025.5
1 32 82 5089.1
1 31 83 5102.5
1 30 84 5114.2
1 29 85 5123.1
1 28 86 5145.4
1 27 87 5164.2
1 26 88 5190.3
1 25 89 5217.8
1 25 90 5254.2
1 24 91 5241.3
1 24 92 5256.5
1 24 93 5293.6
1 24 94 5330.6
1 23 95 5345.7
1 23 96 5386.0
1 23 97 5422.3
1 22 98 5430.3
1 22 99 5471.4
1 22 100 5508.4
1 22 101 5545.7
1 21 102 5566.0
1 21 103 5611.1
1 20 104 5633.2
1 20 105 5675.7
1 19 106 5707.7
1 19 107 5752.1
1 18 108 5788.7
1 18 109 5828.5
1 17 110 5747.7
1 17 111 5758.8
1 17 112 5868.1
1 65 109 6030.5
1 66 109 6027.0
1 67 109 5976.4
1 68 109 5941.6
1 69 109 5951.1
1 62 110 5964.5
1 63 110 6002.2
1 64 110 6023.1
1 70 110 6040.0
1 60 111 5859.4
1 61 111 5880.9
1 71 111 6106.0
1 37 112 5647.1
1 38 112 5707.3
1 39 112 5768.9
1 40 112 5814.4
1 41 112 5851.4
1 42 112 5873.4
1 43 112 5884.6
1 44 112 5893.7
1 45 112 5900.9
1 46 112 5910.4
1 47 112 5919.3
1 48 112 5936.9
1 55 112 5739.6
1 56 112 5761.3
1 57 112 5778.4
1 58 112 5795.2
1 59 112 5810.1
1 72 112 6143.0
1 16 113 5956.8
1 33 113 5631.7
1 34 113 5615.1
1 35 113 5599.2
1 36 113 5578.7
1 49 113 5930.6
1 50 113 5908.4
1 51 113 5855.3
1 52 113 5800.7
1 53 113 5744.1
1 54 113 5707.4
1 73 113 6175.3
1 16 114 6015.9
1 29 114 5721.3
1 30 114 5696.1
1 31 114 5668.3
1 32 114 5633.3
1 74 114 6198.4
1 75 114 6202.5
1 16 115 6072.6
1 25 115 5833.0
1 26 115 5810.2
1 27 115 5781.0
1 28 115 5741.0
1 76 115 6234.3
1 16 116 6127.9
1 21 116 5975.7
1 22 116 5990.6
1 23 116 5903.4
1 24 116 5863.2
1 77 116 6249.5
1 78 116 6247.6
1 79 116 6260.2
1 16 117 6182.1
1 20 117 6023.7
1 80 117 6281.1
1 81 117 6279.2
1 82 117 6258.6
1 83 117 6231.1
1 84 117 6202.0
1 16 118 6219.5
1 17 118 6185.7
1 18 118 6138.6
1 19 118 6085.1
1 85 118 6131.5
1 85 119 6089.7
1 86 120 6072.5
1 86 121 6095.2
1 86 122 6120.0
1 86 123 6137.3
1 86 124 6149.7
1 86 125 6159.3
1 86 126 6166.4
1 86 127 6170.1
1 86 128 6170.7
1 86 129 6169.0
1 86 130 6166.3
1 86 131 6162.1
1 86 132 6155.2
1 86 133 6146.5
1 86 134 6134.7
1 86 135 6118.8
1 86 136 6099.7
1 85 137 6050.6
1 85 138 6037.7
1 84 139 6032.8
1 83 140 6073.8
1 82 141 6157.7
1 82 142 6174.0
1 81 143 6226.7
1 80 144 6287.2
1 79 145 6356.2
1 78 146 6419.8
1 77 147 6487.1
1 76 148 6559.0
1 75 149 6636.4
1 75 150 6700.7
1 75 151 6761.3
1 75 152 6821.9
1 75 153 6868.8
1 76 154 6862.0
1 77 154 6849.2
1 78 154 6839.0
1 79 155 6827.7
1 80 155 6815.1
1 81 156 6797.5
1 82 157 6771.0
1 82 158 6748.6
1 83 158 6734.5
1 84 159 6704.6
1 84 160 6676.8
1 84 161 6652.4
1 84 162 6628.5
1 85 163 6603.4
1 86 164 6574.0
1 87 165 6537.0
1 88 166 6502.2
1 89 167 6468.6
1 90 168 6387.2
1 90 169 6337.2
1 91 170 6269.8
1 92 171 6198.4
1 93 172 6167.7
1 94 173 6141.2
1 94 174 6138.8
1 95 175 6123.4
1 95 176 6109.0
1 95 177 6113.7
1 95 178 6120.7
1 95 179 6126.0
1 96 180 5954.7
1 97 181 5971.7
1 98 182 5989.2
1 99 183 6006.7
1 100 184 6022.5
1 101 185 6037.9
1 102 185 6046.3
1 103 185 6061.9
1 104 186 6096.3
1 105 186 6097.4
1 106 187 6100.6
1 107 188 6096.4
1 108 189 5914.1
1 108 190 5916.1
1 108 191 5917.1
1 108 192 5916.7
1 108 193 5912.5
1 107 194 5707.4
1 107 195 5703.4
1 107 196 5695.6
1 107 197 5685.3
1 107 198 5673.3
1 106 199 5634.9
1 106 200 5622.0
1 105 201 5576.1
1 105 202 5562.9
1 104 203 5522.4
1 104 204 5513.7
1 104 205 5498.7
1 104 206 5477.3
1 104 207 5444.2
1 98 208 5460.6
1 99 208 5470.7
1 100 208 5483.1
1 101 208 5496.0
1 102 208 5513.7
1 103 208 5542.4
1 97 209 5451.3
1 97 210 5450.1
1 97 211 5446.0
1 97 212 5440.7
1 96 213 5424.1
1 95 214 5416.7
1 95 215 5415.4
1 94 216 5408.0
1 94 217 5407.1
1 94 218 5406.4
1 95 219 5410.6
1 96 220 5414.1
1 97 221 5418.0
1 97 222 5416.9
1 98 223 5420.2
1 98 224 5418.8
1 99 225 5422.9
1 99 226 5421.0
1 100 227 5242.1
1 128 227 5398.5
1 129 227 5461.6
1 101 228 5248.0
1 107 228 5142.9
1 108 228 5167.8
1 109 228 5196.4
1 110 228 5228.4
1 111 228 5263.1
1 125 228 5283.4
1 126 228 5309.8
1 127 228 5318.0
1 130 228 5187.6
1 131 228 5194.1
1 132 228 5188.2
1 133 228 5189.3
1 134 228 5195.5
1 135 228 5209.9
1 136 228 5226.9
1 137 228 5240.2
1 138 228 5267.0
1 102 229 5252.8
1 106 229 5280.7
1 112 229 5117.3
1 118 229 5143.6
1 119 229 5162.0
1 120 229 5177.9
1 121 229 5192.0
1 122 229 5203.3
1 123 229 5212.7
1 124 229 5215.2
1 139 229 5340.3
1 103 230 5256.3
1 104 230 5258.9
1 105 230 5261.9
1 113 230 5133.9
1 114 230 5125.4
1 115 230 5121.1
1 116 230 5118.6
1 117 230 5110.7
1 140 230 5307.1
1 139 231 5374.7
1 137 232 5411.3
1 138 232 5410.6
1 136 233 5414.6
1 135 234 5407.4
1 133 235 5374.7
1 134 235 5388.0
1 132 236 5357.8
1 130 237 5314.5
1 131 237 5329.7
1 129 238 5303.3
1 128 239 5287.2
1 127 240 5267.3
1 127 241 5257.5
1 127 242 5244.6
1 128 243 5252.9
1 129 244 5251.2
1 129 245 5238.5
1 130 246 5234.7
1 131 246 5233.6
1 132 246 5236.5
1 133 246 5245.8
1 134 246 5263.2
1 135 246 5289.6
1 136 246 5316.8
1 137 246 5336.8
1 138 246 5358.8
1 139 247 5409.5
1 140 247 5434.0
1 141 247 5471.5
1 142 247 5514.8
1 143 248 5577.8
1 144 249 5671.3
1 144 250 5698.1
1 145 251 5749.9
1 145 252 5775.5
1 145 253 5795.8
1 146 254 5829.1
1 146 255 5826.5
1 146 256 5820.5
1 146 257 5812.6
1 146 258 5802.4
1 146 259 5790.6
1 146 260 5777.2
1 146 261 5764.9
1 146 262 5751.7
1 146 263 5738.5
1 146 264 5728.4
1 146 265 0.0
1 147 266 5482.8
1 147 267 5453.7
1 147 268 5428.8
1 147 269 5389.1
1 147 270 5356.1
1 148 271 5306.0
1 148 272 5279.2
1 148 273 5252.1
1 148 274 5230.3
1 149 274 5215.4
1 149 275 5175.8
1 149 276 5143.6
1 149 277 5091.0
1 149 278 5036.4
1 150 279 5132.7
1 150 280 5087.7
1 150 281 5046.5
1 150 282 5016.2
1 151 283 4932.5
1 151 284 4888.7
1 151 285 4855.4
1 152 286 4761.4
1 152 287 4706.8
1 152 288 4662.5
1 152 289 4628.0
1 153 290 4722.8
1 153 291 4696.3
1 153 292 4704.2
1 154 293 4715.0
1 154 294 4726.6
1 154 295 4736.1
1 154 296 4742.2
1 155 297 4760.1
1 155 298 4763.9
1 156 299 4586.8
1 157 299 4593.1
1 158 299 4602.6
1 159 299 4615.1
1 160 299 4631.1
1 161 299 4650.5
1 162 300 4681.7
1 162 301 4684.5
1 162 302 4683.6
1 162 303 4681.0
1 162 304 4678.3
1 163 305 4857.4
1 163 306 4848.4
1 163 307 4838.6
1 163 308 4829.3
1 163 309 4823.2
1 164 310 5039.4
1 165 311 5081.0
1 166 312 5152.7
1 167 313 5211.3
1 168 314 5244.2
1 168 315 5076.7
1 168 316 5081.0
1 169 316 5088.5
1 169 317 5094.3
1 170 317 5104.1
1 171 318 5105.2
1 171 319 5081.8
1 172 320 5033.9
1 172 321 4986.4
1 172 322 4938.1
1 172 323 4887.1
1 172 324 4847.4
1 173 325 4845.9
1 173 326 4849.5
1 173 327 4851.3
1 174 328 4860.7
1 174 329 4862.3
1 174 330 4863.3
1 175 331 4867.8
1 176 331 4871.8
1 177 331 4877.7
1 178 332 4887.1
1 179 333 4889.7
1 179 334 4886.6
1 179 335 4883.5
1 180 336 4881.0
1 181 337 4872.5
1 181 338 4867.8
1 187 338 4741.0
1 188 338 4762.1
1 189 338 4779.7
1 190 338 4793.4
1 182 339 4858.5
1 186 339 4873.5
1 191 339 4797.0
1 192 339 5216.0
1 182 340 4852.5
1 186 340 4857.8
1 193 340 5215.3
1 182 341 4848.9
1 186 341 4847.8
1 194 341 5215.2
1 195 341 5216.8
1 183 342 4845.3
1 184 342 4845.1
1 185 342 4844.6
1 186 342 4843.5
1 196 342 5216.5
1 196 343 5214.4
1 197 344 5213.3
1 198 345 5210.9
1 199 346 5208.8
1 200 346 5210.4
1 201 346 5212.6
1 202 346 5214.7
1 203 346 5215.5
1 204 346 4558.0
1 205 347 5199.5
1 206 347 5193.3
1 207 348 5398.8
1 207 349 5496.1
1 207 350 5637.0
1 206 351 5696.9
1 205 352 5701.7
1 205 353 5706.2
1 205 354 5711.2
1 206 355 5734.1
1 206 356 5742.3
1 207 357 5767.0
1 208 357 5784.2
1 209 358 5465.4
1 210 359 5522.7
1 211 359 5550.7
1 212 360 5470.5
1 212 361 5507.7
1 208 362 5529.9
1 209 362 5534.6
1 210 362 5541.7
1 211 362 5547.4
1 207 363 5526.1
1 206 364 5520.7
1 206 365 5522.0
1 206 366 5522.2
1 206 367 5521.4
1 206 368 5520.4
1 206 369 5519.2
1 207 369 5525.6
1 208 369 5542.1
1 209 369 5563.8
1 210 369 5588.2
1 211 369 5618.5
1 212 369 5654.9
1 213 369 5699.1
1 214 370 5595.6
1 215 370 5629.4
1 216 372 5626.7
1 214 373 5263.1
1 215 373 5351.3
1 214 374 5220.0
1 213 375 5270.2
1 212 376 5247.8
1 211 377 5194.7
1 211 378 5183.6
1 211 379 5178.1
1 211 380 5180.2
1 211 381 5189.3
1 211 382 5243.7
1 211 383 5293.5
1 212 384 45000.0
1 212 385 45000.0
1 212 386 45000.0
1 212 387 45000.0
1 212 388 45000.0
1 212 389 45000.0
1 212 390 45000.0
1 212 391 45000.0
1 212 392 45000.0
1 212 393 45000.0
1 213 394 45000.0
1 213 395 45000.0
1 213 396 45000.0
1 213 397 45000.0
1 213 398 45000.0
1 213 399 45000.0
1 213 400 45000.0
1 213 401 45000.0
1 213 402 45000.0
1 214 403 45000.0
1 214 404 45000.0
1 214 405 45000.0
1 214 406 45000.0
1 214 407 45000.0
1 214 409 45000.0
1 214 410 45000.0
1 214 411 45000.0
1 214 412 45000.0
1 214 413 45000.0
1 214 414 45000.0
1 214 415 45000.0
1 215 416 45000.0
1 215 417 45000.0
1 227 417 45000.0
1 228 417 45000.0
1 229 417 45000.0
1 216 418 45000.0
1 226 418 45000.0
1 230 418 45000.0
1 217 419 45000.0
1 218 419 45000.0
1 219 419 45000.0
1 220 419 45000.0
1 221 419 45000.0
1 222 419 45000.0
1 223 419 45000.0
1 224 419 45000.0
1 225 419 45000.0
1 229 419 45000.0
1 229 420 45000.0
1 226 421 45000.0
1 227 421 45000.0
1 228 421 45000.0
1 224 422 45000.0
1 225 422 45000.0
1 224 423 45000.0
1 224 424 45000.0
1 225 424 45000.0
1 226 424 45000.0
1 227 424 45000.0
1 228 424 45000.0
1 229 425 45000.0
1 229 426 45000.0
1 229 427 45000.0
1 229 428 45000.0
1 229 429 45000.0
1 228 430 45000.0
1 228 431 45000.0
1 228 432 45000.0
1 228 433 45000.0
1 228 434 45000.0
1 228 435 45000.0
1 229 435 45000.0
1 230 436 45000.0
1 230 437 45000.0
1 230 438 45000.0
1 230 439 45000.0
1 230 440 45000.0
1 230 441 45000.0
1 230 442 45000.0
1 230 443 45000.0
1 230 444 45000.0
1 230 445 45000.0
1 230 446 45000.0
1 230 447 45000.0
1 230 448 45000.0
1 230 449 45000.0
1 230 450 45000.0
1 230 451 45000.0
1 230 452 45000.0
1 230 453 45000.0
1 230 454 45000.0
1 230 455 45000.0
1 230 456 45000.0
1 231 457 45000.0
1 231 458 45000.0
1 231 459 45000.0
1 231 460 45000.0
1 232 461 45000.0
1 232 462 45000.0
1 232 463 45000.0
1 232 464 45000.0
1 233 464 45000.0
1 234 464 45000.0
1 235 464 45000.0
1 236 464 45000.0
1 237 464 45000.0
1 238 464 45000.0
1 239 465 45000.0
1 239 466 45000.0
1 239 467 5337.1
1 238 468 5337.1
1 238 469 5337.1
1 238 470 5337.1
1 239 471 5337.1
1 240 471 5337.1
1 241 472 5337.1
1 242 472 5337.1
1 243 472 5337.1
1 244 473 5337.1
1 245 474 5337.1
1 246 475 5337.1
1 246 476 5337.1
1 246 477 5337.1
1 246 478 5337.1
1 246 479 5337.1
1 246 480 5337.1
1 245 481 5337.1
1 245 482 5337.1
1 244 483 5337.1
1 243 484 5337.1
1 243 485 5337.1
1 243 486 5337.1
1 243 487 5337.1
1 243 488 5337.1
1 243 489 5337.1
1 242 490 5337.1
1 242 491 5337.1
1 241 492 5337.1
1 241 493 5337.1
1 240 494 5337.1
1 239 495 5337.1
1 238 496 5337.1
1 235 497 5337.1
1 236 497 5337.1
1 237 497 5337.1
1 233 498 5337.1
1 234 498 5337.1
1 233 499 5337.1
1 232 500 5337.1
1 231 501 5337.1
1 231 502 5337.1
1 231 503 5337.1
1 231 504 5337.1
1 231 505 5337.1
1 231 506 5337.1
1 231 507 5337.1
1 231 508 5337.1
1 231 509 5337.1
1 231 510 5337.1
1 231 511 5337.1
1 231 512 5337.1
1 231 513 5337.1
1 231 514 5337.1
1 231 515 5337.1
1 232 516 5337.1
1 232 517 5337.1
1 232 518 5337.1
1 233 519 5337.1
1 233 520 5337.1
1 233 521 5337.1
1 234 522 5337.1
1 234 523 5337.1
1 235 524 5337.1
1 235 525 5337.1
1 236 525 5337.1
1 237 525 5337.1
1 238 525 5337.1
1 239 526 5337.1
1 239 527 5337.1
1 240 528 5437.9
1 240 529 5453.1
1 241 530 5519.7
1 241 531 5549.7
1 241 532 5566.6
1 241 533 5578.1
1 241 534 5586.4
1 242 535 5064.8
1 242 536 5076.1
1 243 536 5094.1
1 244 536 5126.6
1 245 536 5155.2
1 246 537 5210.6
1 246 538 5227.7
1 247 539 5267.6
1 248 540 5303.1
1 249 540 5315.2
1 250 540 5331.6
1 251 541 5365.2
1 250 544 5398.8
1 251 544 5401.1
1 245 545 5344.2
1 246 545 5355.4
1 247 545 5374.0
1 248 545 5387.7
1 249 545 5393.2
1 243 546 5317.7
1 244 546 5321.7
1 243 547 5318.4
1 242 548 5314.5
1 242 549 5314.8
1 241 550 5308.6
1 241 551 5306.9
1 240 552 5296.5
1 239 553 5285.5
1 238 554 0.0
1 237 555 5249.9
1 236 556 5248.8
1 236 557 5248.8
1 232 558 5189.1
1 233 558 5186.1
1 234 558 5193.8
1 235 558 5197.3
1 232 559 5201.2
1 231 560 5201.4
1 231 561 5209.8
1 231 562 5216.5
1 231 563 5221.6
1 231 564 5222.9
1 230 565 5389.7
1 230 566 5382.9
1 230 567 5372.0
1 230 568 5359.6
1 215 371 5678.1
1 39 51 6043.2
1 39 52 5967.8
1 38 53 5714.5
1 38 54 5641.8
1 37 55 5375.6
1 36 56 5152.8
1 35 57 4950.0
1 35 58 4889.0
1 35 59 4787.7
1 35 60 8397.7
1 35 61 8262.3
1 35 62 8125.5
1 35 63 7985.2
1 35 64 7841.2
1 35 65 7693.4
1 35 66 7542.6
1 35 67 7395.4
1 35 68 7276.3
1 36 69 10770.0
1 36 70 10502.6
1 36 71 10250.3
1 36 72 10007.1
1 36 73 9772.1
1 36 74 9559.1
1 36 75 9377.7
1 36 76 9287.9
1 36 77 9255.2
1 230 569 5347.0
1 230 570 5333.5
1 230 571 5317.4
1 230 572 5306.0
1 230 573 5316.9
1 230 574 5332.4
1 230 575 5342.6
1 230 576 5344.7
1 230 577 5179.6
1 230 578 5212.8
1 230 579 5245.9
1 230 580 5275.3
1 230 581 5278.4
1 230 582 5283.8
1 230 583 5286.3
1 230 584 5285.4
1 230 585 5282.0
1 230 586 5277.4
1 230 587 5271.3
1 230 588 5267.4
1 229 589 5251.5
1 229 590 5242.2
1 228 591 5219.5
1 228 592 5203.8
1 228 593 5186.5
1 228 594 5164.3
1 227 595 5120.1
1 227 596 5096.9
1 227 597 5068.8
1 227 598 5035.6
1 227 599 4786.4
1 226 600 4700.2
1 226 601 4698.2
1 226 602 4696.9
1 226 603 4697.6
1 225 604 4268.5
1 224 605 4268.5
1 223 606 4290.4
1 222 607 4310.8
1 223 605 4275.0
1 114 114 -3372.39
1 117 120 -608.503
1 129 121 -1967.23
1 130 122 -608.503
1 133 112 -44403.1
1 135 194 -889.533
1 141 191 -8571.48
1 143 126 -6885.29
1 143 172 -2529.29
1 143 190 -6182.71
1 144 166 -2669.81
1 144 172 -1264.65
1 144 190 -4637.03
1 146 117 -4777.55
1 147 132 -1545.68
1 147 145 -889.533
1 148 167 -4356.0
1 148 176 -608.503
1 148 196 -2529.29
1 150 198 -3793.94
1 151 142 -8712.0
1 151 195 -3512.9
1 152 125 -608.503
1 152 132 -608.503
1 153 192 -5901.68
1 154 125 -140.52
1 154 171 -1311.08
1 155 112 -5620.65
1 155 129 -127167.0
1 157 135 -1217.01
1 157 140 -14332.7
1 158 133 -608.503
1 158 137 -3793.94
1 158 181 -9133.55
1 159 119 -45527.2
1 159 173 -13489.5
1 160 119 -1545.68
1 161 125 -3231.87
1 161 129 -983.61
1 162 119 -281.03
1 162 121 -8009.42
1 162 128 -152882.0
1 162 132 -140.52
1 162 167 -702.58
1 162 169 -702.58
1 163 138 -1592.11
1 164 135 -3653.42
1 165 131 -140.52
1 167 125 -1405.16
1 167 259 -281.03
1 168 123 -1264.65
1 168 208 -983.61
1 170 131 -3793.94
1 173 224 -1826.71
1 174 135 -1264.65
1 175 134 -3512.9
1 175 204 -3091.35
1 176 176 -702.58
1 176 202 -9414.58
1 177 133 -4215.48
1 177 211 -1124.13
1 178 164 -2529.29
1 179 181 -2950.84
1 179 183 -7306.84
1 179 210 -2107.74
1 180 208 -24028.3
1 183 184 -1124.13
1 184 246 -61265.0
1 187 200 -6885.29
1 187 281 -1264.65
1 188 198 -4356.0
1 188 240 -12927.5
1 190 281 -9836.13
1 193 256 -140.52
1 193 260 -20069.4
1 197 204 -2529.29
1 197 252 -1405.16
1 198 297 -702.58
1 198 298 -714.023
1 199 211 -2388.77
1 199 298 -608.503
1 200 298 -638.693
1 201 234 -562.06
1 203 275 -34285.9
1 203 280 -3372.39
1 204 248 -15519.9
1 205 300 -650.4630000000001
1 206 196 -6744.77
1 206 286 -1405.16
1 206 300 -1233.4
1 210 264 -983.61
1 211 255 -10257.7
1 212 258 -2388.77
1 213 264 -281.03
1 214 240 -9836.13
1 215 260 -5480.13
1 217 264 -29508.4
1 217 365 -281.03
1 218 179 -36112.6
1 219 310 -1967.23
1 221 223 -702.58
1 221 246 -140.52
1 221 284 -20260.8
1 222 352 -31480.4
1 222 369 -1405.16
1 223 271 -6182.71
1 224 374 -7313.63
1 226 350 -192.32
1 226 365 -1503.69
1 231 401 -608.503
1 232 364 -100.13
1 232 370 -14983.5
1 233 337 -608.503
1 233 394 -1245.47
1 234 304 -3731.85
1 234 393 -631.143
1 235 367 -3579.19
1 235 400 -1264.65
1 235 605 -818.89
1 235 609 -5313.44
1 236 351 -1405.16
1 237 237 -4356.0
1 237 316 -27512.4
1 237 357 -11284.8
1 237 389 -608.503
1 238 398 -6.47
1 238 605 -3061.49
1 238 609 -1217.01
1 239 426 -140.52
1 239 605 -3042.52
1 239 606 -1869.59
1 239 619 -608.503
1 240 380 -678.363
1 240 426 -916.403
1 240 608 -2455.17
1 241 604 -608.503
1 242 311 -5729.99
1 243 371 -5223.5
1 243 389 -1545.68
1 243 431 -1229.86
1 243 605 -3042.52
1 244 431 -25.01
1 244 605 -3698.06
1 244 621 -3089.82
1 245 238 -21780.0
1 245 322 -2404.1
1 245 337 -608.503
1 245 370 -4841.4
1 245 621 -608.503
1 246 321 -3173.84
1 246 618 -1883.64
1 247 344 -635.7130000000001
1 247 383 -8396.44
1 247 384 -1293700.0
1 248 251 -12113.2
1 248 424 -3372.39
1 248 436 -3793.94
1 248 444 -3276.9
1 248 589 -2950.84
1 249 373 -624.143
1 249 424 -608.503
1 249 430 -15136.1
1 249 436 -4527.38
1 249 606 -3082.97
1 250 326 -2322.16
1 250 424 -608.503
1 250 425 -500659.0
1 250 431 -16783.4
1 250 595 -1846.26
1 251 300 -16861.9
1 251 356 -61782.1
1 251 408 -1204.85
1 251 456 -749.023
1 251 457 -13.61
1 251 594 -608.503
1 251 595 -1325.83
1 251 596 -1312.57
1 252 230 -25573.9
1 252 285 -2248.26
1 252 329 -25834.9
1 252 450 -562.06
1 252 595 -699.323
1 252 606 -645.8430000000001
1 253 331 -11876.0
1 253 332 -16054.6
1 253 416 -843.1
1 253 420 -6613.32
1 253 445 -41869.7
1 254 338 -702.58
1 254 367 -28457.2
1 254 407 -108570.0
1 254 597 -749.023
1 254 607 -1030.05
1 255 381 -16861.9
1 255 383 -8430.97
1 255 388 -5058.58
1 255 395 -1124.13
1 255 420 -6182.71
1 255 439 -2950.84
1 255 443 -51346.3
1 255 595 -803.313
1 255 596 -815.7230000000001
1 255 606 -3699.85
1 255 609 -1217.01
1 256 314 -5653.4
1 256 341 -421.55
1 256 413 -281.03
1 256 586 -38768.8
1 256 593 -2574.53
1 257 238 -1545.68
1 257 324 -4860.8
1 257 413 -140.52
1 257 576 -3851.81
1 257 599 -31803.1
1 257 600 -83607.1
1 258 325 -1487160.0
1 258 336 -1581.31
1 258 420 -132861.0
1 258 442 -618655.0
1 258 464 -1264.65
1 258 585 -3749.82
1 258 595 -1498.04
1 258 601 -80234.7
1 258 602 -27676.2
1 259 340 -1170.56
1 259 371 -9452.52
1 259 405 -12108.9
1 259 588 -27564.1
1 259 592 -608.503
1 259 593 -608.503
1 260 349 -702.58
1 260 407 -2539850.0
1 260 413 -74359.8
1 260 424 -130.93
1 260 461 -843.1
1 260 463 -15597.3
1 260 585 -17840.9
1 260 586 -26619.4
1 261 337 -3372.39
1 261 381 -360571.0
1 261 395 -84070.8
1 261 416 -1405.16
1 261 418 -608.503
1 261 429 -132698.0
1 261 464 -6885.29
1 261 492 -608.503
1 261 571 -140.52
1 261 576 -13981.4
1 262 540 -391.86
1 262 564 -41501.4
1 262 568 -19953.3
1 262 570 -55784.9
1 262 571 -1405.16
1 263 471 -562.06
1 263 477 -13630.1
1 263 520 -1246.16
1 263 574 -421.55
1 263 582 -14256.4
1 264 355 -281.03
1 264 367 -608.503
1 264 383 -101796.0
1 264 407 -3512.9
1 264 468 -41.54
1 264 471 -10257.7
1 264 476 -562.06
1 264 477 -35550.6
1 264 523 -2106.54
1 264 549 -6185.58
1 265 363 -1264.65
1 265 364 -14967.9
1 265 374 -181.12
1 265 422 -44403.9
1 265 523 -2662.83
1 265 557 -140.52
1 266 337 -608.503
1 266 340 -421.55
1 266 462 -7447.35
1 267 391 -21358.4
1 267 463 -562.06
1 267 555 -608.503
1 267 556 -608.503
1 268 334 -140.52
1 268 436 -3015120.0
1 268 455 -6.68
1 268 479 -702.58
1 268 480 -843.1
1 268 489 -832.743
1 269 363 -613.703
1 269 397 -34285.9
1 269 450 -140.52
1 269 541 -608.503
1 270 429 -153.52
1 270 481 -889.533
1 270 483 -1379.79
1 270 484 -749.023
1 270 486 -823.65
1 270 498 -71663.2
1 270 539 -281.03
1 271 319 -57500.0
1 271 371 -843.1
1 271 415 -251207.0
1 271 451 -2107.74
1 271 485 -28.16
1 271 493 -97298.0
1 271 498 -2669.81
1 271 537 -2273.65
1 272 336 -7274.82
1 272 351 -3372.39
1 272 366 -421.55
1 272 368 -113547.0
1 272 388 -571267.0
1 272 450 -10819.7
1 272 451 -4768130.0
1 272 462 -656077.0
1 272 490 -702.58
1 272 491 -6.68
1 272 497 -21246.6
1 272 498 -1405.16
1 272 530 -77032.4
1 272 532 -80620.3
1 272 535 -15189.5
1 273 363 -1405.16
1 273 392 -618.81
1 273 410 -140.52
1 273 480 -702.58
1 273 510 -608.503
1 273 516 -17257.8
1 273 517 -194622.0
1 273 518 -128.64
1 274 409 -2950.84
1 274 520 -29086.8
1 274 523 -1545.68
1 275 367 -2248.26
1 275 450 -91054.5
1 276 366 -843.1
1 276 392 -562.06
1 276 446 -1545.68
1 276 474 -17270.7
1 277 294 -45628.2
1 277 390 -13489.5
1 277 407 -2210300.0
1 277 431 -366.54
1 277 468 -140.52
1 277 472 -21393.2
1 277 480 -41665.3
1 278 365 -29086.8
1 278 435 -642.53
1 278 482 -2950.84
1 279 310 -28478.3
1 279 433 -155850.0
1 279 438 -132888.0
1 279 475 -108493.0
1 279 485 -1967.23
1 280 433 -3066.03
1 280 469 -41741.7
1 280 471 -43851.5
1 281 458 -1878700.0
1 282 409 -4637.03
1 282 424 -983.61
1 282 430 -421.55
1 282 436 -206.99
1 282 454 -1112.57
1 283 429 -266419.0
1 283 449 -92708.3
1 283 452 -2768.48
1 283 455 -89022.7
1 283 468 -22389.0
1 284 339 -33619.8
1 284 457 -702.58
1 284 463 -148756.0
1 284 481 -8490.88
1 285 374 -1124.13
1 285 467 -213061.0
1 285 475 -51363.6
1 286 330 -52605.5
1 286 425 -306726.0
1 286 475 -20595.5
1 286 477 -28180.8
1 287 388 -10332.6
1 287 426 -608.503
1 287 477 -13441.4
1 288 419 -12084.4
1 288 426 -608.503
1 289 404 -164933.0
1 289 459 -60.37
1 289 468 -2716.74
1 290 382 -84049.0
1 290 411 -2529.29
1 290 412 -18126.6
1 290 413 -421.55
1 291 350 -1124.13
1 291 373 -1124.13
1 291 399 -102438.0
1 291 419 -55519.9
1 292 365 -14473.2
1 292 416 -1276.22
1 292 469 -12216.7
1 294 435 -421.55
1 294 447 -15735.5
1 294 458 -8985.73
1 295 391 -33021.3
1 295 430 -1358580.0
1 296 388 -830.11
1 296 398 -4471.84
1 296 406 -48364.4
1 296 433 -2950.84
1 297 395 -7.15
1 297 401 -40078.4
1 297 402 -45313.5
1 297 413 -1077610.0
1 297 415 -71241.7
1 297 442 -82700.9
1 298 389 -140.52
1 298 390 -2950.84
1 299 354 -1826.71
1 299 355 -87.54
1 299 387 -213.76
1 102 110 -608.503
1 102 113 -608.503
1 103 100 -608.503
1 103 104 -608.503
1 104 115 -608.503
1 105 115 -608.503
1 105 139 -608.503
1 108 117 -608.503
1 109 112 -608.503
1 111 155 -608.503
1 111 208 -608.503
1 112 181 -608.503
1 113 111 -608.503
1 113 159 -608.503
1 113 211 -608.503
1 114 173 -608.503
1 114 212 -1217.01
1 115 212 -1217.01
1 116 121 -608.503
1 116 150 -608.503
1 116 166 -608.503
1 117 119 -608.503
1 117 168 -608.503
1 117 210 -608.503
1 119 194 -608.503
1 119 202 -608.503
1 119 96 -608.503
1 120 155 -608.503
1 120 94 -608.503
1 121 187 -608.503
1 123 110 -608.503
1 123 111 -608.503
1 123 158 -608.503
1 123 168 -608.503
1 123 193 -608.503
1 123 202 -1217.01
1 125 150 -608.503
1 125 151 -608.503
1 125 193 -608.503
1 125 194 -608.503
1 126 121 -608.503
1 126 191 -608.503
1 126 195 -608.503
1 127 150 -608.503
1 127 160 -608.503
1 127 169 -608.503
1 127 195 -608.503
1 127 199 -1217.01
1 128 122 -608.503
1 128 148 -608.503
1 128 149 -608.503
1 128 152 -608.503
1 128 153 -608.503
1 128 154 -608.503
1 128 157 -608.503
1 128 199 -608.503
1 129 117 -608.503
1 129 119 -608.503
1 129 122 -608.503
1 129 146 -608.503
1 129 154 -1217.01
1 129 162 -608.503
1 129 176 -608.503
1 130 120 -608.503
1 130 154 -608.503
1 130 155 -608.503
1 130 156 -1825.51
1 130 194 -608.503
1 131 112 -608.503
1 131 121 -608.503
1 131 122 -608.503
1 131 150 -608.503
1 131 156 -608.503
1 131 157 -608.503
1 131 158 -608.503
1 131 161 -1217.01
1 131 198 -608.503
1 132 112 -608.503
1 132 155 -608.503
1 132 156 -608.503
1 132 160 -608.503
1 132 161 -1217.01
1 133 155 -608.503
1 133 159 -608.503
1 133 160 -1217.01
1 133 192 -1217.01
1 133 193 -608.503
1 134 148 -608.503
1 134 150 -608.503
1 134 151 -608.503
1 134 156 -608.503
1 134 191 -608.503
1 134 193 -2434.01
1 135 148 -3042.52
1 135 149 -1217.01
1 135 156 -608.503
1 135 157 -608.503
1 135 193 -1825.51
1 136 147 -608.503
1 136 148 -608.503
1 136 149 -608.503
1 136 150 -1217.01
1 136 153 -608.503
1 136 155 -608.503
1 137 148 -608.503
1 137 150 -608.503
1 137 153 -1217.01
1 137 154 -608.503
1 137 157 -1825.51
1 137 175 -608.503
1 137 206 -608.503
1 138 151 -608.503
1 138 152 -608.503
1 138 153 -1825.51
1 138 168 -608.503
1 138 169 -608.503
1 139 151 -608.503
1 140 138 -608.503
1 140 155 -2434.01
1 140 156 -608.503
1 140 171 -608.503
1 140 180 -608.503
1 141 149 -608.503
1 141 154 -1217.01
1 141 157 -608.503
1 141 171 -608.503
1 141 199 -1217.01
1 142 155 -608.503
1 142 156 -608.503
1 142 157 -608.503
1 142 158 -608.503
1 142 174 -608.503
1 142 179 -608.503
1 142 201 -608.503
1 143 146 -608.503
1 143 157 -1825.51
1 144 142 -1217.01
1 144 173 -608.503
1 145 142 -608.503
1 145 143 -608.503
1 145 151 -608.503
1 145 187 -608.503
1 145 226 -608.503
1 146 140 -608.503
1 146 141 -1217.01
1 146 145 -608.503
1 146 208 -608.503
1 146 229 -608.503
1 146 230 -608.503
1 146 232 -608.503
1 147 139 -1825.51
1 147 140 -608.503
1 147 141 -608.503
1 147 142 -608.503
1 147 229 -608.503
1 147 230 -608.503
1 147 233 -608.503
1 147 239 -608.503
1 147 240 -608.503
1 148 217 -608.503
1 148 221 -608.503
1 149 127 -608.503
1 149 147 -608.503
1 149 154 -608.503
1 149 222 -608.503
1 149 253 -608.503
1 150 160 -608.503
1 150 164 -608.503
1 150 177 -608.503
1 150 227 -608.503
1 150 236 -608.503
1 151 128 -608.503
1 151 228 -608.503
1 152 153 -608.503
1 152 173 -608.503
1 152 176 -608.503
1 152 222 -608.503
1 152 228 -608.503
1 153 126 -608.503
1 153 136 -608.503
1 153 155 -608.503
1 153 232 -608.503
1 153 238 -608.503
1 153 253 -608.503
1 154 126 -608.503
1 154 133 -608.503
1 154 161 -608.503
1 154 172 -608.503
1 154 220 -608.503
1 154 244 -608.503
1 155 170 -1217.01
1 155 216 -608.503
1 155 262 -608.503
1 156 160 -608.503
1 156 211 -608.503
1 156 223 -608.503
1 157 132 -608.503
1 157 133 -608.503
1 157 134 -1825.51
1 157 136 -608.503
1 157 194 -608.503
1 157 207 -608.503
1 157 240 -608.503
1 158 135 -608.503
1 158 248 -608.503
1 159 152 -608.503
1 159 231 -608.503
1 159 240 -608.503
1 159 247 -608.503
1 159 248 -608.503
1 159 250 -608.503
1 159 251 -608.503
1 159 257 -608.503
1 160 133 -608.503
1 160 249 -1217.01
1 160 251 -1217.01
1 160 252 -608.503
1 160 253 -608.503
1 160 262 -608.503
1 161 144 -1217.01
1 161 251 -608.503
1 161 253 -608.503
1 162 137 -1217.01
1 162 252 -1217.01
1 162 253 -608.503
1 163 152 -608.503
1 163 190 -608.503
1 163 236 -608.503
1 164 278 -608.503
1 164 290 -608.503
1 164 299 -608.503
1 165 133 -1217.01
1 165 134 -1217.01
1 165 135 -608.503
1 165 290 -608.503
1 166 131 -608.503
1 166 132 -608.503
1 166 133 -1217.01
1 166 134 -608.503
1 166 135 -608.503
1 166 210 -608.503
1 166 254 -608.503
1 166 255 -608.503
1 167 127 -608.503
1 167 132 -1217.01
1 167 133 -1217.01
1 167 134 -1825.51
1 167 256 -608.503
1 167 288 -608.503
1 167 294 -608.503
1 168 130 -608.503
1 168 131 -608.503
1 168 132 -2434.01
1 168 133 -2434.01
1 168 286 -608.503
1 168 287 -1217.01
1 168 291 -1217.01
1 169 128 -1217.01
1 169 129 -2434.01
1 169 131 -608.503
1 169 132 -3042.52
1 169 133 -1825.51
1 169 134 -5476.53
1 169 135 -608.503
1 169 236 -608.503
1 169 260 -608.503
1 169 271 -608.503
1 169 287 -608.503
1 169 290 -608.503
1 170 133 -1825.51
1 170 134 -7302.04
1 170 136 -608.503
1 170 187 -608.503
1 170 256 -608.503
1 170 287 -608.503
1 170 292 -608.503
1 171 133 -1217.01
1 171 134 -608.503
1 171 136 -3042.52
1 171 290 -608.503
1 172 257 -608.503
1 172 284 -608.503
1 172 295 -1217.01
1 172 311 -608.503
1 173 258 -608.503
1 173 278 -608.503
1 173 290 -608.503
1 173 292 -608.503
1 173 293 -1217.01
1 173 294 -608.503
1 174 124 -608.503
1 174 253 -608.503
1 174 261 -608.503
1 174 270 -608.503
1 174 283 -608.503
1 174 289 -608.503
1 174 293 -608.503
1 175 260 -608.503
1 175 288 -608.503
1 175 292 -1217.01
1 175 293 -608.503
1 175 296 -608.503
1 175 305 -608.503
1 176 274 -608.503
1 176 305 -608.503
1 177 289 -608.503
1 177 290 -608.503
1 178 243 -608.503
1 178 280 -608.503
1 178 285 -608.503
1 178 302 -608.503
1 178 305 -608.503
1 178 306 -608.503
1 178 311 -608.503
1 179 278 -608.503
1 179 285 -608.503
1 180 149 -608.503
1 180 286 -608.503
1 181 297 -608.503
1 181 307 -608.503
1 181 308 -608.503
1 183 242 -608.503
1 183 285 -608.503
1 183 295 -608.503
1 183 308 -608.503
1 183 309 -608.503
1 183 318 -608.503
1 184 263 -608.503
1 184 285 -608.503
1 184 313 -608.503
1 184 319 -608.503
1 185 257 -608.503
1 185 305 -608.503
1 185 306 -608.503
1 185 307 -608.503
1 185 315 -608.503
1 186 255 -608.503
1 186 265 -608.503
1 186 307 -1217.01
1 186 310 -608.503
1 188 262 -608.503
1 188 294 -608.503
1 188 295 -608.503
1 189 295 -608.503
1 189 309 -608.503
1 190 307 -608.503
1 190 308 -608.503
1 190 324 -608.503
1 191 292 -1217.01
1 191 304 -608.503
1 191 305 -608.503
1 192 258 -608.503
1 192 284 -608.503
1 192 304 -608.503
1 192 316 -608.503
1 192 319 -608.503
1 193 262 -608.503
1 193 301 -608.503
1 193 311 -608.503
1 193 313 -1217.01
1 194 284 -608.503
1 194 313 -608.503
1 195 269 -608.503
1 195 287 -608.503
1 195 289 -608.503
1 195 300 -608.503
1 195 311 -608.503
1 195 313 -608.503
1 196 269 -608.503
1 196 275 -608.503
1 196 303 -608.503
1 196 324 -608.503
1 196 333 -608.503
1 197 264 -608.503
1 197 283 -608.503
1 197 300 -608.503
1 197 322 -608.503
1 197 325 -608.503
1 198 242 -608.503
1 198 276 -1217.01
1 198 309 -608.503
1 198 311 -608.503
1 199 283 -608.503
1 199 311 -608.503
1 199 324 -608.503
1 200 280 -608.503
1 200 286 -608.503
1 200 296 -608.503
1 200 299 -608.503
1 200 306 -608.503
1 200 307 -608.503
1 200 312 -608.503
1 200 343 -608.503
1 200 345 -608.503
1 201 257 -608.503
1 202 280 -608.503
1 202 287 -608.503
1 202 297 -608.503
1 202 301 -608.503
1 202 302 -608.503
1 203 215 -608.503
1 203 304 -608.503
1 203 305 -608.503
1 203 309 -608.503
1 203 315 -608.503
1 205 263 -608.503
1 205 303 -608.503
1 205 304 -608.503
1 205 317 -608.503
1 205 318 -608.503
1 205 319 -608.503
1 206 264 -608.503
1 206 270 -608.503
1 206 301 -608.503
1 206 304 -608.503
1 206 315 -608.503
1 206 317 -1217.01
1 207 262 -608.503
1 207 300 -608.503
1 207 301 -1217.01
1 207 303 -608.503
1 207 304 -608.503
1 207 306 -1217.01
1 207 315 -608.503
1 207 317 -608.503
1 208 298 -1217.01
1 208 299 -1217.01
1 208 306 -608.503
1 208 317 -608.503
1 208 328 -608.503
1 209 284 -608.503
1 209 297 -608.503
1 209 302 -608.503
1 210 284 -608.503
1 210 301 -608.503
1 210 302 -608.503
1 210 342 -608.503
1 211 301 -608.503
1 211 321 -608.503
1 212 295 -608.503
1 212 347 -608.503
1 213 226 -608.503
1 213 287 -608.503
1 213 303 -608.503
1 213 329 -608.503
1 214 319 -608.503
1 215 289 -608.503
1 215 311 -608.503
1 215 353 -608.503
1 216 323 -608.503
1 216 341 -608.503
1 217 244 -608.503
1 217 249 -608.503
1 217 351 -608.503
1 218 209 -608.503
1 218 243 -608.503
1 218 292 -608.503
1 218 345 -1217.01
1 221 240 -608.503
1 221 611 -608.503
1 222 254 -608.503
1 222 362 -608.503
1 224 338 -608.503
1 224 359 -608.503
1 225 323 -608.503
1 225 329 -608.503
1 225 332 -608.503
1 225 368 -608.503
1 225 373 -608.503
1 225 378 -608.503
1 225 382 -1217.01
1 226 323 -608.503
1 226 388 -1217.01
1 226 618 -608.503
1 227 315 -608.503
1 228 606 -608.503
1 229 385 -1217.01
1 229 392 -608.503
1 229 393 -608.503
1 229 397 -2434.01
1 229 618 -3042.52
1 230 338 -608.503
1 230 373 -1217.01
1 230 384 -608.503
1 230 392 -1217.01
1 230 393 -2434.01
1 230 396 -608.503
1 230 605 -608.503
1 231 343 -608.503
1 231 383 -608.503
1 231 392 -3042.52
1 231 393 -6693.54
1 231 398 -608.503
1 231 603 -608.503
1 231 607 -1217.01
1 232 259 -608.503
1 232 300 -608.503
1 232 384 -608.503
1 232 389 -608.503
1 232 393 -3651.02
1 232 394 -2434.01
1 232 405 -608.503
1 232 604 -1217.01
1 232 606 -1217.01
1 232 607 -1825.51
1 232 608 -608.503
1 233 373 -608.503
1 233 393 -608.503
1 233 403 -608.503
1 233 406 -2434.01
1 233 601 -1217.01
1 233 602 -608.503
1 234 374 -608.503
1 234 388 -608.503
1 234 389 -608.503
1 234 406 -1825.51
1 234 407 -1217.01
1 234 601 -608.503
1 234 602 -1217.01
1 234 603 -1825.51
1 234 604 -608.503
1 234 605 -1217.01
1 234 606 -608.503
1 234 609 -608.503
1 234 620 -608.503
1 234 621 -608.503
1 235 342 -608.503
1 235 368 -608.503
1 235 389 -608.503
1 235 392 -608.503
1 235 404 -608.503
1 235 406 -608.503
1 235 599 -608.503
1 235 600 -1217.01
1 235 602 -1825.51
1 235 603 -608.503
1 235 606 -608.503
1 235 608 -608.503
1 236 256 -608.503
1 236 359 -608.503
1 236 377 -1217.01
1 236 378 -608.503
1 236 389 -1217.01
1 236 600 -608.503
1 236 601 -608.503
1 236 602 -1217.01
1 236 605 -608.503
1 236 606 -608.503
1 236 607 -608.503
1 236 620 -608.503
1 237 330 -608.503
1 237 377 -608.503
1 237 384 -608.503
1 237 388 -608.503
1 237 605 -1217.01
1 237 606 -1825.51
1 237 607 -1217.01
1 237 608 -3042.52
1 237 609 -1825.51
1 237 620 -608.503
1 238 346 -608.503
1 238 391 -608.503
1 238 410 -608.503
1 238 602 -608.503
1 238 603 -608.503
1 238 606 -3042.52
1 238 607 -3651.02
1 238 608 -2434.01
1 238 610 -608.503
1 239 297 -608.503
1 239 323 -608.503
1 239 404 -608.503
1 239 601 -608.503
1 239 603 -608.503
1 239 607 -1217.01
1 239 608 -2434.01
1 239 609 -1825.51
1 239 610 -1217.01
1 239 615 -1217.01
1 240 267 -608.503
1 240 319 -608.503
1 240 327 -608.503
1 240 352 -608.503
1 240 374 -1217.01
1 240 392 -1217.01
1 240 396 -608.503
1 240 406 -608.503
1 240 603 -608.503
1 240 605 -1825.51
1 240 606 -2434.01
1 240 607 -1217.01
1 240 620 -1217.01
1 240 621 -608.503
1 241 339 -608.503
1 241 352 -608.503
1 241 370 -1217.01
1 241 375 -608.503
1 241 409 -608.503
1 241 577 -608.503
1 241 603 -1217.01
1 241 605 -1825.51
1 241 606 -1217.01
1 241 607 -1217.01
1 241 608 -1217.01
1 241 609 -3042.52
1 241 610 -608.503
1 241 611 -608.503
1 241 620 -608.503
1 241 621 -608.503
1 242 314 -608.503
1 242 318 -608.503
1 242 336 -608.503
1 242 338 -608.503
1 242 339 -608.503
1 242 373 -1825.51
1 242 374 -3651.02
1 242 406 -1217.01
1 242 603 -1217.01
1 242 604 -4259.52
1 242 605 -5476.53
1 242 606 -1825.51
1 242 607 -3042.52
1 242 608 -3042.52
1 242 609 -1825.51
1 242 610 -1825.51
1 242 616 -608.503
1 242 622 -608.503
1 242 623 -1825.51
1 243 366 -608.503
1 243 369 -608.503
1 243 372 -1217.01
1 243 373 -4868.03
1 243 374 -1825.51
1 243 386 -608.503
1 243 391 -608.503
1 243 405 -608.503
1 243 406 -608.503
1 243 407 -1217.01
1 243 409 -608.503
1 243 577 -608.503
1 243 606 -4259.52
1 243 607 -3042.52
1 243 608 -1217.01
1 243 609 -3651.02
1 243 620 -608.503
1 243 622 -1217.01
1 243 623 -4868.03
1 244 371 -608.503
1 244 372 -1217.01
1 244 373 -1825.51
1 244 415 -608.503
1 244 598 -608.503
1 244 606 -2434.01
1 244 607 -608.503
1 244 611 -608.503
1 244 616 -608.503
1 244 622 -608.503
1 244 623 -2434.01
1 244 624 -608.503
1 245 312 -608.503
1 245 315 -608.503
1 245 326 -608.503
1 245 335 -608.503
1 245 338 -608.503
1 245 356 -1217.01
1 245 371 -608.503
1 245 413 -608.503
1 245 586 -608.503
1 245 604 -608.503
1 245 605 -1825.51
1 245 606 -3042.52
1 245 607 -2434.01
1 245 609 -3042.52
1 245 610 -1217.01
1 245 612 -1217.01
1 245 616 -1217.01
1 245 619 -608.503
1 245 620 -1217.01
1 245 622 -608.503
1 246 214 -608.503
1 246 342 -608.503
1 246 356 -608.503
1 246 357 -608.503
1 246 374 -608.503
1 246 413 -608.503
1 246 590 -608.503
1 246 599 -608.503
1 246 600 -3651.02
1 246 605 -2434.01
1 246 606 -4259.52
1 246 607 -2434.01
1 246 610 -608.503
1 246 612 -1217.01
1 246 614 -608.503
1 246 615 -608.503
1 246 623 -608.503
1 247 314 -608.503
1 247 331 -608.503
1 247 367 -1217.01
1 247 368 -3042.52
1 247 387 -1217.01
1 247 413 -608.503
1 247 578 -608.503
1 247 597 -608.503
1 247 598 -4259.52
1 247 599 -3651.02
1 247 600 -6085.03
1 247 601 -6085.03
1 247 605 -1217.01
1 247 609 -1217.01
1 247 610 -1217.01
1 247 611 -2434.01
1 247 612 -2434.01
1 247 613 -1217.01
1 247 618 -1217.01
1 247 619 -608.503
1 247 623 -608.503
1 248 307 -608.503
1 248 367 -608.503
1 248 368 -2434.01
1 248 371 -1217.01
1 248 372 -3042.52
1 248 387 -1217.01
1 248 388 -3651.02
1 248 413 -608.503
1 248 416 -608.503
1 248 529 -608.503
1 248 567 -608.503
1 248 596 -4259.52
1 248 597 -3042.52
1 248 598 -6085.03
1 248 599 -3651.02
1 248 600 -2434.01
1 248 601 -3651.02
1 248 602 -1825.51
1 248 605 -608.503
1 248 608 -608.503
1 248 609 -1217.01
1 248 610 -1825.51
1 248 611 -3651.02
1 248 612 -3651.02
1 248 613 -4259.52
1 248 618 -608.503
1 248 619 -608.503
1 248 620 -608.503
1 248 623 -1217.01
1 249 333 -608.503
1 249 334 -608.503
1 249 365 -1217.01
1 249 366 -1825.51
1 249 367 -608.503
1 249 368 -1825.51
1 249 371 -608.503
1 249 387 -608.503
1 249 388 -608.503
1 249 400 -608.503
1 249 412 -608.503
1 249 567 -608.503
1 249 593 -1217.01
1 249 595 -3651.02
1 249 596 -4259.52
1 249 597 -6693.54
1 249 603 -1825.51
1 249 604 -4868.03
1 249 605 -3042.52
1 249 607 -2434.01
1 249 609 -608.503
1 249 610 -1217.01
1 249 611 -3042.52
1 249 612 -5476.53
1 249 613 -1217.01
1 249 618 -608.503
1 249 623 -608.503
1 250 331 -608.503
1 250 355 -608.503
1 250 365 -1217.01
1 250 366 -3042.52
1 250 367 -1825.51
1 250 368 -608.503
1 250 369 -1217.01
1 250 370 -1217.01
1 250 371 -3651.02
1 250 382 -608.503
1 250 406 -608.503
1 250 413 -608.503
1 250 414 -608.503
1 250 423 -608.503
1 250 436 -608.503
1 250 568 -608.503
1 250 579 -608.503
1 250 591 -608.503
1 250 594 -608.503
1 250 596 -4868.03
1 250 597 -1217.01
1 250 602 -608.503
1 250 603 -4259.52
1 250 604 -3651.02
1 250 605 -2434.01
1 250 607 -608.503
1 250 608 -1825.51
1 250 609 -608.503
1 250 610 -608.503
1 250 613 -608.503
1 251 276 -608.503
1 251 322 -608.503
1 251 365 -1825.51
1 251 366 -5476.53
1 251 367 -1217.01
1 251 368 -1217.01
1 251 371 -608.503
1 251 379 -608.503
1 251 407 -608.503
1 251 414 -608.503
1 251 424 -608.503
1 251 598 -608.503
1 251 604 -608.503
1 251 605 -608.503
1 251 607 -608.503
1 251 610 -608.503
1 252 236 -608.503
1 252 365 -1825.51
1 252 366 -4259.52
1 252 367 -4259.52
1 252 368 -1217.01
1 252 376 -608.503
1 252 412 -608.503
1 252 416 -608.503
1 252 428 -608.503
1 252 506 -608.503
1 252 507 -608.503
1 252 528 -608.503
1 252 534 -608.503
1 252 544 -608.503
1 252 576 -608.503
1 252 591 -1217.01
1 252 596 -1217.01
1 252 597 -1217.01
1 252 598 -608.503
1 252 599 -1217.01
1 252 608 -1217.01
1 252 609 -608.503
1 252 611 -608.503
1 252 620 -608.503
1 253 259 -608.503
1 253 342 -608.503
1 253 363 -608.503
1 253 365 -1217.01
1 253 366 -3651.02
1 253 367 -2434.01
1 253 370 -608.503
1 253 375 -1217.01
1 253 404 -608.503
1 253 433 -1217.01
1 253 506 -608.503
1 253 543 -608.503
1 253 546 -608.503
1 253 547 -608.503
1 253 566 -608.503
1 253 586 -1217.01
1 253 596 -608.503
1 253 597 -2434.01
1 253 601 -608.503
1 253 604 -608.503
1 253 605 -608.503
1 253 614 -1825.51
1 254 366 -1217.01
1 254 478 -608.503
1 254 581 -608.503
1 254 584 -608.503
1 254 585 -3651.02
1 254 586 -3042.52
1 254 587 -1825.51
1 254 588 -1825.51
1 254 589 -2434.01
1 254 598 -608.503
1 254 599 -608.503
1 254 601 -1217.01
1 254 604 -1217.01
1 254 605 -608.503
1 254 606 -608.503
1 254 611 -608.503
1 255 341 -608.503
1 255 346 -608.503
1 255 371 -608.503
1 255 402 -608.503
1 255 442 -608.503
1 255 445 -608.503
1 255 461 -608.503
1 255 479 -608.503
1 255 512 -608.503
1 255 513 -608.503
1 255 526 -608.503
1 255 547 -608.503
1 255 548 -608.503
1 255 565 -608.503
1 255 583 -1825.51
1 255 584 -2434.01
1 255 585 -2434.01
1 255 586 -2434.01
1 255 587 -1217.01
1 255 588 -608.503
1 255 591 -608.503
1 255 594 -608.503
1 255 597 -608.503
1 255 600 -1217.01
1 255 607 -608.503
1 256 346 -608.503
1 256 350 -608.503
1 256 367 -608.503
1 256 373 -608.503
1 256 374 -608.503
1 256 491 -608.503
1 256 526 -608.503
1 256 531 -1825.51
1 256 532 -608.503
1 256 547 -608.503
1 256 548 -1217.01
1 256 549 -608.503
1 256 575 -608.503
1 256 578 -1217.01
1 256 580 -608.503
1 256 584 -1825.51
1 256 585 -1217.01
1 256 592 -1217.01
1 256 594 -4259.52
1 256 595 -2434.01
1 256 607 -2434.01
1 256 608 -1217.01
1 256 609 -608.503
1 257 330 -608.503
1 257 461 -608.503
1 257 497 -608.503
1 257 503 -608.503
1 257 506 -608.503
1 257 512 -608.503
1 257 527 -1825.51
1 257 529 -608.503
1 257 532 -608.503
1 257 549 -608.503
1 257 574 -608.503
1 257 575 -1825.51
1 257 584 -1825.51
1 257 585 -1825.51
1 257 593 -1217.01
1 257 594 -4868.03
1 257 595 -2434.01
1 257 597 -1217.01
1 257 606 -4259.52
1 257 607 -608.503
1 258 307 -608.503
1 258 330 -608.503
1 258 366 -608.503
1 258 485 -1217.01
1 258 489 -1217.01
1 258 491 -608.503
1 258 493 -608.503
1 258 494 -608.503
1 258 496 -608.503
1 258 497 -608.503
1 258 498 -1825.51
1 258 499 -1217.01
1 258 502 -608.503
1 258 503 -608.503
1 258 529 -1217.01
1 258 531 -608.503
1 258 532 -608.503
1 258 533 -1217.01
1 258 535 -608.503
1 258 546 -608.503
1 258 550 -608.503
1 258 556 -1217.01
1 258 564 -608.503
1 258 576 -608.503
1 258 583 -608.503
1 258 584 -1825.51
1 258 586 -1825.51
1 258 594 -1825.51
1 258 606 -3042.52
1 258 607 -608.503
1 259 346 -608.503
1 259 369 -1217.01
1 259 402 -608.503
1 259 444 -608.503
1 259 456 -608.503
1 259 485 -608.503
1 259 486 -608.503
1 259 488 -608.503
1 259 489 -608.503
1 259 490 -1217.01
1 259 509 -1217.01
1 259 510 -608.503
1 259 522 -608.503
1 259 528 -608.503
1 259 529 -608.503
1 259 531 -608.503
1 259 532 -608.503
1 259 545 -608.503
1 259 549 -608.503
1 259 554 -1217.01
1 259 555 -1217.01
1 259 556 -1825.51
1 259 557 -1825.51
1 259 575 -2434.01
1 259 576 -608.503
1 259 579 -608.503
1 259 584 -608.503
1 259 585 -2434.01
1 259 586 -1217.01
1 260 369 -1217.01
1 260 404 -1217.01
1 260 443 -608.503
1 260 454 -608.503
1 260 485 -608.503
1 260 486 -1217.01
1 260 487 -608.503
1 260 492 -608.503
1 260 499 -608.503
1 260 502 -1217.01
1 260 517 -608.503
1 260 527 -608.503
1 260 545 -1825.51
1 260 548 -608.503
1 260 554 -608.503
1 260 556 -608.503
1 260 567 -608.503
1 260 576 -608.503
1 260 577 -608.503
1 261 397 -608.503
1 261 404 -608.503
1 261 444 -608.503
1 261 483 -608.503
1 261 487 -608.503
1 261 501 -608.503
1 261 502 -608.503
1 261 545 -608.503
1 261 551 -608.503
1 261 552 -608.503
1 261 565 -608.503
1 262 254 -608.503
1 262 353 -1217.01
1 262 369 -608.503
1 262 425 -608.503
1 262 443 -608.503
1 262 458 -608.503
1 262 483 -1217.01
1 262 493 -608.503
1 262 501 -608.503
1 262 502 -608.503
1 262 523 -608.503
1 262 524 -608.503
1 262 535 -608.503
1 262 536 -608.503
1 262 537 -608.503
1 262 542 -608.503
1 262 546 -608.503
1 262 584 -608.503
1 262 587 -608.503
1 263 355 -608.503
1 263 415 -608.503
1 263 484 -608.503
1 263 493 -608.503
1 263 509 -608.503
1 263 522 -608.503
1 263 523 -1217.01
1 263 524 -1217.01
1 263 541 -1217.01
1 263 542 -608.503
1 263 543 -608.503
1 263 546 -1217.01
1 263 576 -608.503
1 263 579 -608.503
1 263 581 -2434.01
1 264 369 -608.503
1 264 379 -608.503
1 264 481 -608.503
1 264 482 -608.503
1 264 493 -608.503
1 264 503 -608.503
1 264 504 -608.503
1 264 516 -608.503
1 264 521 -1825.51
1 264 527 -608.503
1 264 543 -2434.01
1 264 568 -608.503
1 264 575 -608.503
1 264 576 -1217.01
1 265 336 -608.503
1 265 367 -1217.01
1 265 457 -608.503
1 265 459 -608.503
1 265 511 -608.503
1 265 516 -608.503
1 265 520 -608.503
1 265 524 -608.503
1 265 568 -1217.01
1 266 314 -608.503
1 266 413 -608.503
1 266 456 -608.503
1 266 478 -608.503
1 266 481 -608.503
1 266 483 -608.503
1 266 484 -608.503
1 266 485 -608.503
1 266 492 -608.503
1 266 498 -608.503
1 266 505 -608.503
1 266 518 -608.503
1 266 523 -608.503
1 266 543 -608.503
1 266 545 -608.503
1 266 549 -608.503
1 266 555 -608.503
1 267 337 -608.503
1 267 365 -608.503
1 267 381 -608.503
1 267 459 -608.503
1 267 460 -1217.01
1 267 505 -608.503
1 267 507 -608.503
1 267 543 -608.503
1 267 544 -1217.01
1 267 549 -608.503
1 267 553 -1825.51
1 267 562 -608.503
1 268 507 -1217.01
1 268 540 -608.503
1 268 541 -608.503
1 268 542 -1217.01
1 268 543 -2434.01
1 268 544 -1217.01
1 268 549 -608.503
1 268 551 -608.503
1 268 552 -608.503
1 268 553 -608.503
1 269 362 -608.503
1 269 505 -1217.01
1 269 507 -608.503
1 269 528 -608.503
1 269 543 -608.503
1 269 547 -1217.01
1 270 474 -608.503
1 270 475 -1217.01
1 270 479 -608.503
1 270 491 -608.503
1 270 504 -608.503
1 270 507 -608.503
1 270 526 -608.503
1 271 375 -608.503
1 271 388 -608.503
1 271 479 -608.503
1 271 481 -608.503
1 271 487 -608.503
1 271 491 -608.503
1 271 526 -608.503
1 272 469 -608.503
1 272 493 -608.503
1 272 495 -1217.01
1 272 496 -608.503
1 272 502 -608.503
1 272 526 -1825.51
1 273 441 -608.503
1 273 462 -608.503
1 273 526 -608.503
1 275 463 -608.503
1 275 480 -608.503
1 275 502 -608.503
1 275 504 -608.503
1 276 502 -608.503
1 277 393 -608.503
1 279 459 -608.503
1 280 563 -608.503
1 282 434 -608.503
1 282 435 -608.503
1 283 461 -608.503
1 283 482 -608.503
1 283 483 -608.503
1 285 437 -608.503
1 285 482 -608.503
1 285 483 -608.503
1 286 377 -608.503
1 286 464 -608.503
1 288 469 -608.503
1 289 362 -608.503
1 289 443 -608.503
1 292 358 -608.503
1 293 390 -1825.51
1 293 391 -608.503
1 296 390 -608.503
1 301 359 -608.503
1 301 378 -608.503
1 85 106 -608.503
1 92 112 -1217.01
1 93 117 -608.503
1 97 89 -608.503
1 98 101 -608.503
1 99 126 -608.503
1 99 136 -608.503
1 147 119 -1686.19
1 153 113 -17283.5
1 156 158 -3793.94
1 157 160 -3653.42
1 197 280 -4637.03
1 259 541 -421.55
1 265 469 -140.52
1 267 479 -140.52
1 272 454 -53.9
1 285 433 -1124.13
1 291 453 -1479.11
1 109 116 -5058.58
1 132 183 -4356.0
1 137 123 -5199.1
1 140 173 -3091.35
1 152 130 -1405.16
1 155 192 -13068.0
1 169 164 -26136.0
1 172 162 -5761.16
1 172 163 -4074.97
1 173 196 -140.52
1 175 213 -8571.48
1 218 173 -21780.0
1 226 358 -18.27
1 267 346 -2810.32
1 271 470 -1264.65
1 274 431 -2368130.0
1 285 357 -140.52
1 299 335 -52412.5
1 144 130 -2107.74
1 148 113 -6604.26
1 149 118 -6323.23
1 151 143 -562.06
1 153 212 -8149.94
1 161 161 -4356.0
1 164 159 -9555.1
1 175 178 -421.55
1 188 287 -843.1
1 189 206 -98361.3
1 224 273 -6744.77
1 234 319 -139533.0
1 235 317 -126324.0
1 248 238 -5058.58
1 248 331 -4918.06
1 271 268 -23887.7
1 274 278 -15456.8
1 289 355 -562.06
1 296 391 -140.52
1 296 393 -3231.87
1 141 165 -140.52
1 149 124 -140.52
1 154 113 -140.52
1 164 124 -983.61
1 165 167 -14051.6
1 168 164 -3793.94
1 168 166 -4496.52
1 176 222 -843.1
1 221 317 -9695.61
1 228 354 -8009.42
1 236 342 -3653.42
1 236 344 -2529.29
1 240 337 -6744.77
1 240 357 -7447.35
1 267 428 -431.23
1 270 361 -8149.94
1 271 363 -5339.61
1 275 399 -879.93
1 284 333 -562.06
1 296 358 -72225.3
1 297 356 -1405.16
1 299 347 -8430.97
1 142 169 -702.58
1 146 146 -1545.68
1 155 116 -9274.06
1 156 214 -5901.68
1 161 185 -983.61
1 163 186 -1264.65
1 166 203 -421.55
1 168 216 -10117.2
1 201 310 -140.52
1 211 195 -2248.26
1 222 324 -12505.9
1 230 358 -1826.71
1 248 344 -74.28
1 292 360 -562.06
1 293 357 -7166.32
1 297 439 -1281030.0
1 132 120 -5761.16
1 134 124 -6042.19
1 134 126 -3231.87
1 135 122 -3653.42
1 137 128 -8009.42
1 148 119 -2388.77
1 150 118 -7025.81
1 150 121 -6885.29
1 150 127 -421.55
1 152 118 -3091.35
1 153 122 -2810.32
1 153 123 -3372.39
1 155 125 -4215.48
1 156 124 -2248.26
1 158 138 -2810.32
1 158 140 -6042.19
1 160 139 -5199.1
1 185 168 -7868.9
1 189 126 -12927.5
1 230 223 -17283.5
1 276 359 -149931.0
1 281 445 -281.03
1 189 195 -140.52
1 190 250 -2388.77
1 270 480 -843.1
1 144 124 -983.61
1 145 131 -3653.42
1 148 166 -2810.32
1 158 114 -4777.55
1 188 204 -140.52
1 203 340 -1276.87
1 208 226 -281.03
1 211 266 -13820.9
1 213 276 -4.31
1 214 274 -91079.7
1 220 278 -78129.1
1 223 372 -4215.48
1 233 375 -843.1
1 239 385 -2248.26
1 239 406 -322.95
1 241 238 -2950.84
1 245 408 -281.03
1 246 320 -421.55
1 248 454 -281.03
1 259 351 -3243.83
1 263 492 -2.35
1 265 360 -11742.3
1 269 360 -7076.45
1 272 360 -3372.39
1 273 521 -9555.1
1 274 327 -1967.23
1 274 521 -843.1
1 275 465 -47.44
1 290 322 -105387.0
1 297 377 -983.61
1 147 116 -4215.48
1 147 183 -7025.81
1 156 122 -1405.16
1 257 342 -1264.65
1 201 251 -3512.9
1 201 301 -2107.74
1 264 441 -140.52
1 265 488 -421.55
1 136 173 -3512.9
1 144 189 -1686.19
1 154 112 -1124.13
1 154 122 -4918.06
1 156 131 -140.52
1 161 179 -17845.6
1 164 169 -562.06
1 167 128 -281.03
1 167 247 -562.06
1 183 124 -7025.81
1 186 125 -8009.42
1 204 300 -32.43
1 226 375 -40454.6
1 238 302 -13208.5
1 242 355 -52.83
1 244 321 -9695.61
1 245 406 -702.58
1 248 593 -140.52
1 251 614 -1634.79
1 256 443 -192.72
1 258 335 -12216.7
1 258 339 -2070.33
1 258 416 -86.68
1 263 583 -326.89
1 266 470 -411.36
1 269 482 -140.52
1 270 476 -1124.13
1 273 523 -87963.1
1 274 506 -140.52
1 280 458 -853.83
1 297 388 -842.62
1 298 384 -98.88
1 272 494 -281.03
1 159 157 -12224.9
1 184 305 -45.18
1 197 298 -12.26
1 226 330 -15783.0
1 247 342 -273.67
1 253 427 -2050.06
1 253 443 -865.01
1 254 398 -132.65
1 254 444 -243.15
1 254 445 -38.9
1 261 346 -14384.7
1 261 369 -1517.06
1 265 559 -1396.75
1 271 364 -2529.29
1 271 471 -281.03
1 271 489 -2682.24
1 272 371 -140.52
1 275 449 -702.58
1 262 394 -671432.0
1 167 168 -5761.16
1 157 122 -140.52
1 169 201 -14754.2
1 199 297 -61.84
1 211 313 -66.84
1 212 315 -201.46
1 214 287 -118.59
1 224 372 -1264.65
1 246 609 -2582.63
1 247 343 -42.48
1 255 446 -440.32
1 261 525 -26.18
1 270 482 -60.37
1 281 446 -281.03
1 291 458 -14.43
1 295 390 -5901.68
1 297 384 -562.06
1 165 158 -3793.94
1 178 212 -562.06
1 257 443 -69.0
1 162 205 -5620.65
1 170 249 -562.06
1 196 299 -1264.65
1 237 378 -6.47
1 240 386 -95.99
1 241 353 -59.99
1 247 341 -98.16
1 248 343 -33.12
1 253 400 -140.52
1 254 394 -13.2
1 255 373 -140.52
1 263 353 -8.19
1 274 527 -35.15
1 276 469 -562.06
1 277 429 -4.04
1 282 451 -983.61
1 206 299 -41.84
1 233 400 -45527.2
1 268 360 -421.55
1 117 117 -1264.65
1 244 355 -20267.7
1 245 261 -89893.8
1 290 355 -19804.0
1 264 351 -140.52
1 164 240 -702.58
1 173 170 -1686.19
1 181 179 -10960.3
1 201 297 -68.89
1 207 298 -17.77
1 232 373 -906.67
1 233 392 -299.62
1 234 236 -281.03
1 234 401 -140.52
1 235 390 -77.41
1 236 398 -140.52
1 237 390 -794.12
1 237 399 -140.52
1 237 400 -421.55
1 241 374 -29.73
1 248 342 -19.15
1 248 606 -140.52
1 249 343 -50.07
1 249 344 -68.69
1 249 411 -366.93
1 253 418 -147.65
1 253 442 -898.51
1 254 600 -19.9
1 256 442 -31.49
1 258 597 -110.96
1 259 335 -2716.74
1 259 428 -562.06
1 263 467 -15035.2
1 263 468 -22482.6
1 267 481 -212.6
1 268 457 -281.03
1 278 465 -140.52
1 278 469 -232.0
1 281 429 -670.99
1 283 394 -449.07
1 284 436 -421.55
1 292 376 -140.52
1 296 414 -3.17
1 297 446 -281.03
1 300 390 -5590.27
