1 62 1 3798.3
1 61 2 3770.7
1 60 3 3749.7
1 59 4 3733.5
1 58 5 3721.5
1 57 6 3713.4
1 56 7 3709.2
1 55 8 3709.0
1 54 9 3713.4
1 53 10 3722.5
1 52 11 3736.7
1 51 12 3755.5
1 49 13 3767.8
1 50 13 3777.1
1 48 14 3789.3
1 47 15 3784.5
1 46 16 3776.7
1 45 17 3766.9
1 45 18 3767.6
1 45 19 3768.3
1 44 20 3756.4
1 44 21 3756.2
1 44 22 3755.5
1 44 23 3754.2
1 44 24 3752.2
1 44 25 3749.4
1 44 26 3745.6
1 44 27 3740.7
1 44 28 3734.5
1 44 29 3727.0
1 44 30 3717.9
1 44 31 3707.0
1 44 32 3694.2
1 44 33 3679.1
1 44 34 3661.5
1 44 35 3641.1
1 44 36 3617.4
1 44 37 3589.8
1 44 38 3557.8
1 44 39 3520.3
1 44 40 3476.1
1 44 41 3422.8
1 43 42 3304.0
1 43 43 3265.0
1 43 44 3203.3
1 42 45 3052.1
1 42 46 2997.6
1 40 47 2765.7
1 41 47 2812.0
1 40 48 2729.6
1 40 49 2663.5
1 40 50 2567.6
1 35 78 4859.7
1 35 79 4888.1
1 34 80 4945.1
1 33 81 5025.5
1 32 82 5089.1
1 31 83 5102.5
1 30 84 5114.2
1 29 85 5123.1
1 28 86 5145.4
1 27 87 5164.2
1 26 88 5190.3
1 25 89 5217.8
1 25 90 5254.2
1 24 91 5241.3
1 24 92 5256.5
1 24 93 5293.6
1 24 94 5330.6
1 23 95 5345.7
1 23 96 5386.0
1 23 97 5422.3
1 22 98 5430.3
1 22 99 5471.4
1 22 100 5508.4
1 22 101 5545.7
1 21 102 5566.0
1 21 103 5611.1
1 20 104 5633.2
1 20 105 5675.7
1 19 106 5707.7
1 19 107 5752.1
1 18 108 5788.7
1 18 109 5828.5
1 17 110 5747.7
1 17 111 5758.8
1 17 112 5868.1
1 65 109 6030.5
1 66 109 6027.0
1 67 109 5976.4
1 68 109 5941.6
1 69 109 5951.1
1 62 110 5964.5
1 63 110 6002.2
1 64 110 6023.1
1 70 110 6040.0
1 60 111 5859.4
1 61 111 5880.9
1 71 111 6106.0
1 37 112 5647.1
1 38 112 5707.3
1 39 112 5768.9
1 40 112 5814.4
1 41 112 5851.4
1 42 112 5873.4
1 43 112 5884.6
1 44 112 5893.7
1 45 112 5900.9
1 46 112 5910.4
1 47 112 5919.3
1 48 112 5936.9
1 55 112 5739.6
1 56 112 5761.3
1 57 112 5778.4
1 58 112 5795.2
1 59 112 5810.1
1 72 112 6143.0
1 16 113 5956.8
1 33 113 5631.7
1 34 113 5615.1
1 35 113 5599.2
1 36 113 5578.7
1 49 113 5930.6
1 50 113 5908.4
1 51 113 5855.3
1 52 113 5800.7
1 53 113 5744.1
1 54 113 5707.4
1 73 113 6175.3
1 16 114 6015.9
1 29 114 5721.3
1 30 114 5696.1
1 31 114 5668.3
1 32 114 5633.3
1 74 114 6198.4
1 75 114 6202.5
1 16 115 6072.6
1 25 115 5833.0
1 26 115 5810.2
1 27 115 5781.0
1 28 115 5741.0
1 76 115 6234.3
1 16 116 6127.9
1 21 116 5975.7
1 22 116 5990.6
1 23 116 5903.4
1 24 116 5863.2
1 77 116 6249.5
1 78 116 6247.6
1 79 116 6260.2
1 16 117 6182.1
1 20 117 6023.7
1 80 117 6281.1
1 81 117 6279.2
1 82 117 6258.6
1 83 117 6231.1
1 84 117 6202.0
1 16 118 6219.5
1 17 118 6185.7
1 18 118 6138.6
1 19 118 6085.1
1 85 118 6131.5
1 85 119 6089.7
1 86 120 6072.5
1 86 121 6095.2
1 86 122 6120.0
1 86 123 6137.3
1 86 124 6149.7
1 86 125 6159.3
1 86 126 6166.4
1 86 127 6170.1
1 86 128 6170.7
1 86 129 6169.0
1 86 130 6166.3
1 86 131 6162.1
1 86 132 6155.2
1 86 133 6146.5
1 86 134 6134.7
1 86 135 6118.8
1 86 136 6099.7
1 85 137 6050.6
1 85 138 6037.7
1 84 139 6032.8
1 83 140 6073.8
1 82 141 6157.7
1 82 142 6174.0
1 81 143 6226.7
1 80 144 6287.2
1 79 145 6356.2
1 78 146 6419.8
1 77 147 6487.1
1 76 148 6559.0
1 75 149 6636.4
1 75 150 6700.7
1 75 151 6761.3
1 75 152 6821.9
1 75 153 6868.8
1 76 154 6862.0
1 77 154 6849.2
1 78 154 6839.0
1 79 155 6827.7
1 80 155 6815.1
1 81 156 6797.5
1 82 157 6771.0
1 82 158 6748.6
1 83 158 6734.5
1 84 159 6704.6
1 84 160 6676.8
1 84 161 6652.4
1 84 162 6628.5
1 85 163 6603.4
1 86 164 6574.0
1 87 165 6537.0
1 88 166 6502.2
1 89 167 6468.6
1 90 168 6387.2
1 90 169 6337.2
1 91 170 6269.8
1 92 171 6198.4
1 93 172 6167.7
1 94 173 6141.2
1 94 174 6138.8
1 95 175 6123.4
1 95 176 6109.0
1 95 177 6113.7
1 95 178 6120.7
1 95 179 6126.0
1 96 180 5954.7
1 97 181 5971.7
1 98 182 5989.2
1 99 183 6006.7
1 100 184 6022.5
1 101 185 6037.9
1 102 185 6046.3
1 103 185 6061.9
1 104 186 6096.3
1 105 186 6097.4
1 106 187 6100.6
1 107 188 6096.4
1 108 189 5914.1
1 108 190 5916.1
1 108 191 5917.1
1 108 192 5916.7
1 108 193 5912.5
1 107 194 5707.4
1 107 195 5703.4
1 107 196 5695.6
1 107 197 5685.3
1 107 198 5673.3
1 106 199 5634.9
1 106 200 5622.0
1 105 201 5576.1
1 105 202 5562.9
1 104 203 5522.4
1 104 204 5513.7
1 104 205 5498.7
1 104 206 5477.3
1 104 207 5444.2
1 98 208 5460.6
1 99 208 5470.7
1 100 208 5483.1
1 101 208 5496.0
1 102 208 5513.7
1 103 208 5542.4
1 97 209 5451.3
1 97 210 5450.1
1 97 211 5446.0
1 97 212 5440.7
1 96 213 5424.1
1 95 214 5416.7
1 95 215 5415.4
1 94 216 5408.0
1 94 217 5407.1
1 94 218 5406.4
1 95 219 5410.6
1 96 220 5414.1
1 97 221 5418.0
1 97 222 5416.9
1 98 223 5420.2
1 98 224 5418.8
1 99 225 5422.9
1 99 226 5421.0
1 100 227 5242.1
1 128 227 5398.5
1 129 227 5461.6
1 101 228 5248.0
1 107 228 5142.9
1 108 228 5167.8
1 109 228 5196.4
1 110 228 5228.4
1 111 228 5263.1
1 125 228 5283.4
1 126 228 5309.8
1 127 228 5318.0
1 130 228 5187.6
1 131 228 5194.1
1 132 228 5188.2
1 133 228 5189.3
1 134 228 5195.5
1 135 228 5209.9
1 136 228 5226.9
1 137 228 5240.2
1 138 228 5267.0
1 102 229 5252.8
1 106 229 5280.7
1 112 229 5117.3
1 118 229 5143.6
1 119 229 5162.0
1 120 229 5177.9
1 121 229 5192.0
1 122 229 5203.3
1 123 229 5212.7
1 124 229 5215.2
1 139 229 5340.3
1 103 230 5256.3
1 104 230 5258.9
1 105 230 5261.9
1 113 230 5133.9
1 114 230 5125.4
1 115 230 5121.1
1 116 230 5118.6
1 117 230 5110.7
1 140 230 5307.1
1 139 231 5374.7
1 137 232 5411.3
1 138 232 5410.6
1 136 233 5414.6
1 135 234 5407.4
1 133 235 5374.7
1 134 235 5388.0
1 132 236 5357.8
1 130 237 5314.5
1 131 237 5329.7
1 129 238 5303.3
1 128 239 5287.2
1 127 240 5267.3
1 127 241 5257.5
1 127 242 5244.6
1 128 243 5252.9
1 129 244 5251.2
1 129 245 5238.5
1 130 246 5234.7
1 131 246 5233.6
1 132 246 5236.5
1 133 246 5245.8
1 134 246 5263.2
1 135 246 5289.6
1 136 246 5316.8
1 137 246 5336.8
1 138 246 5358.8
1 139 247 5409.5
1 140 247 5434.0
1 141 247 5471.5
1 142 247 5514.8
1 143 248 5577.8
1 144 249 5671.3
1 144 250 5698.1
1 145 251 5749.9
1 145 252 5775.5
1 145 253 5795.8
1 146 254 5829.1
1 146 255 5826.5
1 146 256 5820.5
1 146 257 5812.6
1 146 258 5802.4
1 146 259 5790.6
1 146 260 5777.2
1 146 261 5764.9
1 146 262 5751.7
1 146 263 5738.5
1 146 264 5728.4
1 146 265 0.0
1 147 266 5482.8
1 147 267 5453.7
1 147 268 5428.8
1 147 269 5389.1
1 147 270 5356.1
1 148 271 5306.0
1 148 272 5279.2
1 148 273 5252.1
1 148 274 5230.3
1 149 274 5215.4
1 149 275 5175.8
1 149 276 5143.6
1 149 277 5091.0
1 149 278 5036.4
1 150 279 5132.7
1 150 280 5087.7
1 150 281 5046.5
1 150 282 5016.2
1 151 283 4932.5
1 151 284 4888.7
1 151 285 4855.4
1 152 286 4761.4
1 152 287 4706.8
1 152 288 4662.5
1 152 289 4628.0
1 153 290 4722.8
1 153 291 4696.3
1 153 292 4704.2
1 154 293 4715.0
1 154 294 4726.6
1 154 295 4736.1
1 154 296 4742.2
1 155 297 4760.1
1 155 298 4763.9
1 156 299 4586.8
1 157 299 4593.1
1 158 299 4602.6
1 159 299 4615.1
1 160 299 4631.1
1 161 299 4650.5
1 162 300 4681.7
1 162 301 4684.5
1 162 302 4683.6
1 162 303 4681.0
1 162 304 4678.3
1 163 305 4857.4
1 163 306 4848.4
1 163 307 4838.6
1 163 308 4829.3
1 163 309 4823.2
1 164 310 5039.4
1 165 311 5081.0
1 166 312 5152.7
1 167 313 5211.3
1 168 314 5244.2
1 168 315 5076.7
1 168 316 5081.0
1 169 316 5088.5
1 169 317 5094.3
1 170 317 5104.1
1 171 318 5105.2
1 171 319 5081.8
1 172 320 5033.9
1 172 321 4986.4
1 172 322 4938.1
1 172 323 4887.1
1 172 324 4847.4
1 173 325 4845.9
1 173 326 4849.5
1 173 327 4851.3
1 174 328 4860.7
1 174 329 4862.3
1 174 330 4863.3
1 175 331 4867.8
1 176 331 4871.8
1 177 331 4877.7
1 178 332 4887.1
1 179 333 4889.7
1 179 334 4886.6
1 179 335 4883.5
1 180 336 4881.0
1 181 337 4872.5
1 181 338 4867.8
1 187 338 4741.0
1 188 338 4762.1
1 189 338 4779.7
1 190 338 4793.4
1 182 339 4858.5
1 186 339 4873.5
1 191 339 4797.0
1 192 339 5216.0
1 182 340 4852.5
1 186 340 4857.8
1 193 340 5215.3
1 182 341 4848.9
1 186 341 4847.8
1 194 341 5215.2
1 195 341 5216.8
1 183 342 4845.3
1 184 342 4845.1
1 185 342 4844.6
1 186 342 4843.5
1 196 342 5216.5
1 196 343 5214.4
1 197 344 5213.3
1 198 345 5210.9
1 199 346 5208.8
1 200 346 5210.4
1 201 346 5212.6
1 202 346 5214.7
1 203 346 5215.5
1 204 346 4495.34
1 205 347 5199.5
1 206 347 5193.3
1 207 348 5398.8
1 207 349 5496.1
1 207 350 5637.0
1 206 351 5696.9
1 205 352 5701.7
1 205 353 5706.2
1 205 354 5711.2
1 206 355 5734.1
1 206 356 5742.3
1 207 357 5767.0
1 208 357 5784.2
1 209 358 5465.4
1 210 359 5522.7
1 211 359 5550.7
1 212 360 5470.5
1 212 361 5507.7
1 208 362 5529.9
1 209 362 5534.6
1 210 362 5541.7
1 211 362 5547.4
1 207 363 5526.1
1 206 364 5520.7
1 206 365 5522.0
1 206 366 5522.2
1 206 367 5521.4
1 206 368 5520.4
1 206 369 5519.2
1 207 369 5525.6
1 208 369 5542.1
1 209 369 5563.8
1 210 369 5588.2
1 211 369 5618.5
1 212 369 5654.9
1 213 369 5699.1
1 214 370 5595.6
1 215 370 5629.4
1 216 372 5626.7
1 214 373 5263.1
1 215 373 5351.3
1 214 374 5220.0
1 213 375 5270.2
1 212 376 5247.8
1 211 377 5194.7
1 211 378 5183.6
1 211 379 5178.1
1 211 380 5180.2
1 211 381 5189.3
1 211 382 5243.7
1 211 383 5293.5
1 212 384 45000.0
1 212 385 45000.0
1 212 386 45000.0
1 212 387 45000.0
1 212 388 45000.0
1 212 389 45000.0
1 212 390 45000.0
1 212 391 45000.0
1 212 392 45000.0
1 212 393 45000.0
1 213 394 45000.0
1 213 395 45000.0
1 213 396 45000.0
1 213 397 45000.0
1 213 398 45000.0
1 213 399 45000.0
1 213 400 45000.0
1 213 401 45000.0
1 213 402 45000.0
1 214 403 45000.0
1 214 404 45000.0
1 214 405 45000.0
1 214 406 45000.0
1 214 407 45000.0
1 214 409 45000.0
1 214 410 45000.0
1 214 411 45000.0
1 214 412 45000.0
1 214 413 45000.0
1 214 414 45000.0
1 214 415 45000.0
1 215 416 45000.0
1 215 417 45000.0
1 227 417 45000.0
1 228 417 45000.0
1 229 417 45000.0
1 216 418 45000.0
1 226 418 45000.0
1 230 418 45000.0
1 217 419 45000.0
1 218 419 45000.0
1 219 419 45000.0
1 220 419 45000.0
1 221 419 45000.0
1 222 419 45000.0
1 223 419 45000.0
1 224 419 45000.0
1 225 419 45000.0
1 229 419 45000.0
1 229 420 45000.0
1 226 421 45000.0
1 227 421 45000.0
1 228 421 45000.0
1 224 422 45000.0
1 225 422 45000.0
1 224 423 45000.0
1 224 424 45000.0
1 225 424 45000.0
1 226 424 45000.0
1 227 424 45000.0
1 228 424 45000.0
1 229 425 45000.0
1 229 426 45000.0
1 229 427 45000.0
1 229 428 45000.0
1 229 429 45000.0
1 228 430 45000.0
1 228 431 45000.0
1 228 432 45000.0
1 228 433 45000.0
1 228 434 45000.0
1 228 435 45000.0
1 229 435 45000.0
1 230 436 45000.0
1 230 437 45000.0
1 230 438 45000.0
1 230 439 45000.0
1 230 440 45000.0
1 230 441 45000.0
1 230 442 45000.0
1 230 443 45000.0
1 230 444 45000.0
1 230 445 45000.0
1 230 446 45000.0
1 230 447 45000.0
1 230 448 45000.0
1 230 449 45000.0
1 230 450 45000.0
1 230 451 45000.0
1 230 452 45000.0
1 230 453 45000.0
1 230 454 45000.0
1 230 455 45000.0
1 230 456 45000.0
1 231 457 45000.0
1 231 458 45000.0
1 231 459 45000.0
1 231 460 45000.0
1 232 461 45000.0
1 232 462 45000.0
1 232 463 45000.0
1 232 464 45000.0
1 233 464 45000.0
1 234 464 45000.0
1 235 464 45000.0
1 236 464 45000.0
1 237 464 45000.0
1 238 464 45000.0
1 239 465 45000.0
1 239 466 45000.0
1 239 467 5337.1
1 238 468 5337.1
1 238 469 5337.1
1 238 470 5337.1
1 239 471 5337.1
1 240 471 5337.1
1 241 472 5337.1
1 242 472 5337.1
1 243 472 5337.1
1 244 473 5337.1
1 245 474 5337.1
1 246 475 5337.1
1 246 476 5337.1
1 246 477 5337.1
1 246 478 5337.1
1 246 479 5337.1
1 246 480 5337.1
1 245 481 5337.1
1 245 482 5337.1
1 244 483 5337.1
1 243 484 5337.1
1 243 485 5337.1
1 243 486 5337.1
1 243 487 5337.1
1 243 488 5337.1
1 243 489 5337.1
1 242 490 5337.1
1 242 491 5337.1
1 241 492 5337.1
1 241 493 5337.1
1 240 494 5337.1
1 239 495 5337.1
1 238 496 5337.1
1 235 497 5337.1
1 236 497 5337.1
1 237 497 5337.1
1 233 498 5337.1
1 234 498 5337.1
1 233 499 5337.1
1 232 500 5337.1
1 231 501 5337.1
1 231 502 5337.1
1 231 503 5337.1
1 231 504 5337.1
1 231 505 5337.1
1 231 506 5337.1
1 231 507 5337.1
1 231 508 5337.1
1 231 509 5337.1
1 231 510 5337.1
1 231 511 5337.1
1 231 512 5337.1
1 231 513 5337.1
1 231 514 5337.1
1 231 515 5337.1
1 232 516 5337.1
1 232 517 5337.1
1 232 518 5337.1
1 233 519 5337.1
1 233 520 5337.1
1 233 521 5337.1
1 234 522 5337.1
1 234 523 5337.1
1 235 524 5337.1
1 235 525 5337.1
1 236 525 5337.1
1 237 525 5337.1
1 238 525 5337.1
1 239 526 5337.1
1 239 527 5337.1
1 240 528 5437.9
1 240 529 5453.1
1 241 530 5519.7
1 241 531 5549.7
1 241 532 5566.6
1 241 533 5578.1
1 241 534 5586.4
1 242 535 5064.8
1 242 536 5076.1
1 243 536 5094.1
1 244 536 5126.6
1 245 536 5155.2
1 246 537 5210.6
1 246 538 5227.7
1 247 539 5267.6
1 248 540 5303.1
1 249 540 5315.2
1 250 540 5331.6
1 251 541 5365.2
1 250 544 5398.8
1 251 544 5401.1
1 245 545 5344.2
1 246 545 5355.4
1 247 545 5374.0
1 248 545 5387.7
1 249 545 5393.2
1 243 546 5317.7
1 244 546 5321.7
1 243 547 5318.4
1 242 548 5314.5
1 242 549 5314.8
1 241 550 5308.6
1 241 551 5306.9
1 240 552 5296.5
1 239 553 5285.5
1 238 554 0.0
1 237 555 5249.9
1 236 556 5248.8
1 236 557 5248.8
1 232 558 5189.1
1 233 558 5186.1
1 234 558 5193.8
1 235 558 5197.3
1 232 559 5201.2
1 231 560 5201.4
1 231 561 5209.8
1 231 562 5216.5
1 231 563 5221.6
1 231 564 5222.9
1 230 565 5389.7
1 230 566 5382.9
1 230 567 5372.0
1 230 568 5359.6
1 215 371 5678.1
1 39 51 6043.2
1 39 52 5967.8
1 38 53 5714.5
1 38 54 5641.8
1 37 55 5375.6
1 36 56 5152.8
1 35 57 4950.0
1 35 58 4889.0
1 35 59 4787.7
1 35 60 8397.7
1 35 61 8262.3
1 35 62 8125.5
1 35 63 7985.2
1 35 64 7841.2
1 35 65 7693.4
1 35 66 7542.6
1 35 67 7395.4
1 35 68 7276.3
1 36 69 10770.0
1 36 70 10502.6
1 36 71 10250.3
1 36 72 10007.1
1 36 73 9772.1
1 36 74 9559.1
1 36 75 9377.7
1 36 76 9287.9
1 36 77 9255.2
1 230 569 5347.0
1 230 570 5333.5
1 230 571 5317.4
1 230 572 5306.0
1 230 573 5316.9
1 230 574 5332.4
1 230 575 5342.6
1 230 576 5344.7
1 230 577 5179.6
1 230 578 5212.8
1 230 579 5245.9
1 230 580 5275.3
1 230 581 5278.4
1 230 582 5283.8
1 230 583 5286.3
1 230 584 5285.4
1 230 585 5282.0
1 230 586 5277.4
1 230 587 5271.3
1 230 588 5267.4
1 229 589 5251.5
1 229 590 5242.2
1 228 591 5219.5
1 228 592 5203.8
1 228 593 5186.5
1 228 594 5164.3
1 227 595 5120.1
1 227 596 5096.9
1 227 597 5068.8
1 227 598 5035.6
1 227 599 4786.4
1 226 600 4700.2
1 226 601 4698.2
1 226 602 4696.9
1 226 603 4697.6
1 225 604 4268.5
1 224 605 4268.5
1 223 606 4290.4
1 222 607 4310.8
1 223 605 4275.0
1 114 114 -421.55
1 117 120 -671.1610000000001
1 129 121 -983.61
1 130 122 -671.1610000000001
1 133 112 -11522.3
1 135 194 -1092.71
1 140 168 -6604.26
1 141 191 -843.1
1 143 126 -11241.3
1 144 166 -5620.65
1 144 182 -5620.65
1 146 117 -2107.74
1 146 188 -2950.84
1 146 190 -2810.32
1 147 132 -562.06
1 147 145 -671.1610000000001
1 148 167 -1967.23
1 148 176 -671.1610000000001
1 148 196 -1545.68
1 149 145 -1686.19
1 150 198 -2248.26
1 151 142 -1405.16
1 151 195 -15597.3
1 152 123 -2669.81
1 152 125 -671.1610000000001
1 152 132 -1654.77
1 153 111 -2388.77
1 153 192 -2388.77
1 154 125 -140.52
1 154 171 -4465.1
1 155 112 -3793.94
1 155 129 -37517.8
1 157 116 -281.03
1 157 135 -3309.55
1 157 251 -1405.16
1 158 133 -4886.64
1 158 137 -5480.13
1 158 181 -6744.77
1 159 119 -52693.6
1 159 173 -12505.9
1 162 119 -562.06
1 162 121 -4215.48
1 162 128 -223842.0
1 162 132 -2107.74
1 162 140 -983.61
1 162 167 -1264.65
1 162 169 -281.03
1 163 137 -140.52
1 163 138 -1373.74
1 164 135 -2388.77
1 165 130 -1826.71
1 165 131 -140.52
1 166 126 -140.52
1 167 259 -140.52
1 168 123 -1826.71
1 168 208 -6323.23
1 170 131 -2529.29
1 170 132 -562.06
1 171 130 -421.55
1 171 131 -1405.16
1 171 132 -4356.0
1 172 130 -702.58
1 174 123 -1686.19
1 174 135 -1826.71
1 175 204 -1264.65
1 176 176 -702.58
1 176 202 -702.58
1 178 164 -140.52
1 179 181 -5058.58
1 179 183 -3653.42
1 179 210 -21780.0
1 180 208 -6463.74
1 183 184 -8009.42
1 188 198 -2529.29
1 188 209 -1967.23
1 188 240 -2388.77
1 188 258 -2950.84
1 193 260 -10402.3
1 197 204 -2810.32
1 197 252 -421.55
1 198 298 -689.421
1 199 211 -1264.65
1 199 231 -281.03
1 199 298 -671.1610000000001
1 200 298 -671.1610000000001
1 201 234 -281.03
1 203 280 -1264.65
1 204 248 -13061.8
1 205 300 -695.541
1 206 196 -10257.7
1 206 286 -3800.18
1 206 300 -1342.32
1 212 258 -4637.03
1 213 264 -140.52
1 214 240 -3091.35
1 215 260 -14332.7
1 216 267 -140.52
1 217 264 -1967.23
1 217 365 -562.06
1 218 179 -99063.9
1 219 310 -1264.65
1 221 223 -140.52
1 221 246 -4074.97
1 221 284 -385.3
1 222 352 -1657.3
1 222 369 -4215.48
1 223 271 -421.55
1 224 301 -2388.77
1 224 374 -7729.33
1 226 331 -22708.5
1 226 350 -25.44
1 226 365 -32682.5
1 226 382 -8041.82
1 228 225 -9976.65
1 230 255 -702.58
1 231 401 -671.1610000000001
1 232 256 -281.03
1 232 364 -105.24
1 232 370 -1640.82
1 233 337 -671.1610000000001
1 233 376 -3450.69
1 233 394 -1342.32
1 234 304 -3439.93
1 234 393 -720.1410000000001
1 235 367 -23.13
1 235 605 -1867.22
1 235 609 -6045.82
1 236 263 -16721.4
1 236 351 -843.1
1 237 237 -14051.6
1 237 316 -25558.9
1 237 357 -3006.09
1 237 389 -671.1610000000001
1 238 221 -421.55
1 238 398 -10.98
1 238 605 -3449.54
1 238 609 -1342.32
1 239 250 -140.52
1 239 338 -140.52
1 239 426 -562.06
1 239 605 -3355.8
1 239 606 -2013.48
1 239 619 -671.1610000000001
1 240 380 -671.1610000000001
1 240 426 -671.1610000000001
1 240 608 -2684.64
1 241 335 -983.61
1 241 342 -421.55
1 241 604 -671.1610000000001
1 242 311 -5504.98
1 243 371 -15101.8
1 243 389 -2529.29
1 243 422 -140.52
1 243 431 -12.94
1 243 605 -3355.8
1 244 605 -4026.97
1 244 621 -3330.28
1 245 238 -8993.03
1 245 322 -17845.6
1 245 337 -671.1610000000001
1 245 370 -4454.16
1 245 621 -671.1610000000001
1 246 321 -3281.56
1 246 618 -2013.48
1 247 344 -671.1610000000001
1 247 383 -8693.56
1 247 384 -1038880.0
1 248 251 -43830.0
1 248 424 -3793.94
1 248 442 -421.55
1 248 444 -31362.0
1 248 589 -4496.52
1 249 373 -671.1610000000001
1 249 424 -671.1610000000001
1 249 430 -51.75
1 249 436 -4187.8
1 249 606 -3355.8
1 250 326 -2322.02
1 250 424 -671.1610000000001
1 250 425 -410167.0
1 250 431 -36171.4
1 250 595 -2294.51
1 251 356 -29672.8
1 251 408 -768.8
1 251 456 -952.191
1 251 457 -34.1
1 251 594 -671.1610000000001
1 251 595 -691.7410000000001
1 251 596 -1342.32
1 252 230 -3512.9
1 252 285 -281.03
1 252 329 -27439.1
1 252 450 -562.06
1 252 595 -671.1610000000001
1 252 606 -671.1610000000001
1 253 298 -562.06
1 253 331 -11983.8
1 253 332 -16563.5
1 253 416 -140.52
1 253 445 -9426.07
1 254 338 -843.1
1 254 367 -562.06
1 254 407 -114323.0
1 254 597 -671.1610000000001
1 254 607 -671.1610000000001
1 255 381 -41171.2
1 255 383 -421.55
1 255 388 -25433.4
1 255 395 -1686.19
1 255 420 -7868.9
1 255 439 -13630.1
1 255 443 -89850.7
1 255 595 -671.1610000000001
1 255 596 -671.1610000000001
1 255 606 -671.1610000000001
1 255 609 -1342.32
1 255 610 -907.08
1 256 314 -6147.52
1 256 335 -1124.13
1 256 413 -1967.23
1 256 586 -43480.4
1 256 593 -2684.64
1 257 238 -140.52
1 257 324 -1583.41
1 257 576 -4116.03
1 257 599 -117027.0
1 257 600 -75316.6
1 258 325 -10.56
1 258 336 -2216.14
1 258 418 -277883.0
1 258 420 -2383.24
1 258 442 -571295.0
1 258 464 -5761.16
1 258 585 -4026.97
1 258 595 -1342.32
1 258 601 -3580.91
1 258 602 -9892.37
1 259 340 -1373.74
1 259 405 -789.15
1 259 588 -24614.5
1 259 592 -975.971
1 259 593 -975.971
1 260 342 -1686.19
1 260 349 -702.58
1 260 358 -2107.74
1 260 407 -1960630.0
1 260 413 -41762.1
1 260 424 -237.51
1 260 461 -1826.71
1 260 463 -35691.1
1 260 464 -27681.7
1 260 585 -17957.5
1 260 586 -28146.6
1 261 337 -3372.39
1 261 355 -3512.9
1 261 381 -218374.0
1 261 395 -159834.0
1 261 416 -22201.6
1 261 418 -671.1610000000001
1 261 429 -38944.2
1 261 464 -4074.97
1 261 492 -671.1610000000001
1 261 571 -15456.8
1 261 576 -13265.1
1 262 345 -702.58
1 262 540 -249.65
1 262 564 -6395.11
1 262 567 -32518.9
1 262 568 -19953.3
1 262 570 -128291.0
1 262 571 -1405.16
1 263 471 -1545.68
1 263 477 -173397.0
1 263 520 -1342.32
1 263 582 -17835.6
1 264 265 -2388.77
1 264 345 -2248.26
1 264 355 -140.52
1 264 367 -671.1610000000001
1 264 383 -2009.52
1 264 407 -2810.32
1 264 428 -111166.0
1 264 468 -54.05
1 264 471 -17986.1
1 264 476 -140.52
1 264 477 -203748.0
1 264 523 -2435.03
1 264 524 -421.55
1 264 549 -2780.04
1 265 364 -12803.2
1 265 374 -65939.1
1 265 380 -19.63
1 265 422 -386823.0
1 266 337 -671.1610000000001
1 266 462 -140.52
1 267 391 -421.55
1 267 396 -36393.7
1 267 463 -1405.16
1 267 555 -671.1610000000001
1 267 556 -671.1610000000001
1 268 333 -140.52
1 268 436 -2075710.0
1 268 455 -9.71
1 268 479 -562.06
1 268 480 -421.55
1 268 489 -2434.02
1 269 363 -671.1610000000001
1 269 397 -69555.5
1 269 450 -983.61
1 269 456 -8879.33
1 269 541 -671.1610000000001
1 270 337 -562.06
1 270 352 -140.52
1 270 412 -54712.9
1 270 429 -984.25
1 270 481 -671.1610000000001
1 270 483 -1308.11
1 270 484 -671.1610000000001
1 270 486 -4359.65
1 270 498 -25995.5
1 271 319 -43558.4
1 271 371 -1686.19
1 271 415 -37716.1
1 271 485 -251.34
1 271 493 -86603.5
1 271 498 -6604.26
1 271 537 -50986.2
1 272 336 -12012.8
1 272 337 -580.58
1 272 351 -7868.9
1 272 368 -133508.0
1 272 388 -779217.0
1 272 396 -702.58
1 272 450 -5058.58
1 272 451 -22201.6
1 272 453 -562.06
1 272 462 -2139370.0
1 272 491 -11.61
1 272 497 -31156.2
1 272 498 -64637.4
1 272 530 -27355.0
1 272 532 -123731.0
1 272 535 -4202.59
1 273 363 -3653.42
1 273 392 -408.84
1 273 480 -1405.16
1 273 510 -1654.77
1 273 516 -16193.0
1 273 517 -195860.0
1 273 518 -241.19
1 274 409 -1545.68
1 274 520 -19391.2
1 275 367 -40749.7
1 275 441 -241843.0
1 275 506 -140.52
1 276 366 -58876.3
1 276 392 -1264.65
1 276 446 -1686.19
1 276 474 -19064.7
1 277 294 -32687.1
1 277 390 -8290.45
1 277 407 -1074770.0
1 277 431 -25.87
1 277 472 -58300.1
1 277 480 -63006.8
1 277 482 -140.52
1 278 365 -13770.6
1 278 435 -99.18
1 278 482 -3091.35
1 279 310 -26822.9
1 279 336 -281.03
1 279 433 -175406.0
1 279 438 -368875.0
1 279 475 -63179.2
1 279 485 -5339.61
1 280 365 -1264.65
1 280 442 -17002.4
1 280 471 -36616.2
1 281 458 -1746780.0
1 282 409 -5620.65
1 282 424 -1264.65
1 282 430 -281.03
1 282 436 -3544.7
1 282 454 -27335.6
1 283 354 -140.52
1 283 429 -260236.0
1 283 449 -12890.7
1 283 452 -58772.1
1 283 455 -2376.07
1 283 468 -34746.4
1 284 339 -34241.3
1 284 457 -4496.52
1 284 463 -407179.0
1 284 481 -3404.33
1 285 336 -281.03
1 285 374 -843.1
1 285 467 -132025.0
1 285 475 -65162.9
1 286 330 -52152.7
1 286 425 -2235.44
1 286 475 -29026.0
1 286 477 -40164.6
1 287 388 -3076.04
1 287 426 -671.1610000000001
1 287 477 -37814.4
1 288 419 -9976.65
1 288 423 -1188.3
1 288 426 -671.1610000000001
1 289 351 -281.03
1 289 404 -163311.0
1 289 459 -3053.1
1 289 468 -52355.4
1 290 382 -2406.33
1 290 402 -5767.68
1 290 411 -4074.97
1 290 412 -6463.74
1 290 413 -843.1
1 291 355 -15527.0
1 291 373 -702.58
1 292 365 -12084.4
1 292 416 -843.1
1 292 469 -4734.89
1 294 435 -30211.0
1 294 447 -39103.8
1 294 458 -280271.0
1 295 356 -46.66
1 295 391 -22623.1
1 296 388 -2069.62
1 296 398 -29513.3
1 296 433 -1826.71
1 297 381 -843.1
1 297 395 -94607.1
1 297 401 -51389.5
1 297 402 -40889.1
1 297 413 -1375070.0
1 297 415 -59859.9
1 297 442 -50104.4
1 298 390 -843.1
1 299 355 -428.05
1 299 387 -38.42
1 102 110 -671.1610000000001
1 102 113 -671.1610000000001
1 103 100 -671.1610000000001
1 103 104 -671.1610000000001
1 104 115 -671.1610000000001
1 105 115 -671.1610000000001
1 105 139 -671.1610000000001
1 108 117 -671.1610000000001
1 109 112 -671.1610000000001
1 111 155 -671.1610000000001
1 111 208 -671.1610000000001
1 112 181 -671.1610000000001
1 113 111 -671.1610000000001
1 113 159 -671.1610000000001
1 113 211 -671.1610000000001
1 114 173 -671.1610000000001
1 114 212 -1342.32
1 115 212 -1342.32
1 116 121 -671.1610000000001
1 116 150 -671.1610000000001
1 116 166 -671.1610000000001
1 117 119 -671.1610000000001
1 117 168 -671.1610000000001
1 117 210 -671.1610000000001
1 119 194 -671.1610000000001
1 119 202 -671.1610000000001
1 119 96 -671.1610000000001
1 120 155 -671.1610000000001
1 120 94 -671.1610000000001
1 121 187 -671.1610000000001
1 123 110 -671.1610000000001
1 123 111 -671.1610000000001
1 123 158 -671.1610000000001
1 123 168 -671.1610000000001
1 123 193 -671.1610000000001
1 123 202 -1342.32
1 125 150 -671.1610000000001
1 125 151 -671.1610000000001
1 125 193 -671.1610000000001
1 125 194 -671.1610000000001
1 126 121 -671.1610000000001
1 126 191 -671.1610000000001
1 126 195 -671.1610000000001
1 127 150 -671.1610000000001
1 127 160 -671.1610000000001
1 127 169 -671.1610000000001
1 127 195 -671.1610000000001
1 127 199 -1342.32
1 128 122 -671.1610000000001
1 128 148 -671.1610000000001
1 128 149 -671.1610000000001
1 128 152 -671.1610000000001
1 128 153 -671.1610000000001
1 128 154 -671.1610000000001
1 128 157 -671.1610000000001
1 128 199 -671.1610000000001
1 129 117 -671.1610000000001
1 129 119 -671.1610000000001
1 129 122 -671.1610000000001
1 129 146 -671.1610000000001
1 129 154 -1342.32
1 129 162 -671.1610000000001
1 129 176 -671.1610000000001
1 130 120 -671.1610000000001
1 130 154 -671.1610000000001
1 130 155 -671.1610000000001
1 130 156 -2013.48
1 130 194 -671.1610000000001
1 131 112 -671.1610000000001
1 131 121 -671.1610000000001
1 131 122 -671.1610000000001
1 131 150 -671.1610000000001
1 131 156 -671.1610000000001
1 131 157 -671.1610000000001
1 131 158 -671.1610000000001
1 131 161 -1342.32
1 131 198 -671.1610000000001
1 132 112 -671.1610000000001
1 132 155 -671.1610000000001
1 132 156 -671.1610000000001
1 132 160 -671.1610000000001
1 132 161 -1342.32
1 133 155 -671.1610000000001
1 133 159 -671.1610000000001
1 133 160 -1342.32
1 133 192 -1342.32
1 133 193 -671.1610000000001
1 134 148 -671.1610000000001
1 134 150 -671.1610000000001
1 134 151 -671.1610000000001
1 134 156 -671.1610000000001
1 134 191 -671.1610000000001
1 134 193 -2684.64
1 135 148 -3355.8
1 135 149 -1342.32
1 135 156 -671.1610000000001
1 135 157 -671.1610000000001
1 135 193 -2013.48
1 136 147 -671.1610000000001
1 136 148 -671.1610000000001
1 136 149 -671.1610000000001
1 136 150 -1342.32
1 136 153 -671.1610000000001
1 136 155 -671.1610000000001
1 137 148 -671.1610000000001
1 137 150 -671.1610000000001
1 137 153 -1342.32
1 137 154 -671.1610000000001
1 137 157 -2013.48
1 137 175 -671.1610000000001
1 137 206 -671.1610000000001
1 138 151 -671.1610000000001
1 138 152 -671.1610000000001
1 138 153 -2013.48
1 138 168 -671.1610000000001
1 138 169 -671.1610000000001
1 139 151 -671.1610000000001
1 140 138 -671.1610000000001
1 140 155 -2684.64
1 140 156 -671.1610000000001
1 140 171 -671.1610000000001
1 140 180 -671.1610000000001
1 141 149 -671.1610000000001
1 141 154 -1342.32
1 141 157 -671.1610000000001
1 141 171 -671.1610000000001
1 141 199 -1342.32
1 142 155 -671.1610000000001
1 142 156 -671.1610000000001
1 142 157 -671.1610000000001
1 142 158 -671.1610000000001
1 142 174 -671.1610000000001
1 142 179 -671.1610000000001
1 142 201 -671.1610000000001
1 143 146 -671.1610000000001
1 143 157 -2013.48
1 144 142 -1342.32
1 144 173 -671.1610000000001
1 145 142 -671.1610000000001
1 145 143 -671.1610000000001
1 145 151 -671.1610000000001
1 145 187 -671.1610000000001
1 145 226 -671.1610000000001
1 146 140 -671.1610000000001
1 146 141 -1342.32
1 146 145 -671.1610000000001
1 146 208 -671.1610000000001
1 146 229 -671.1610000000001
1 146 230 -671.1610000000001
1 146 232 -671.1610000000001
1 147 139 -2013.48
1 147 140 -671.1610000000001
1 147 141 -671.1610000000001
1 147 142 -671.1610000000001
1 147 229 -671.1610000000001
1 147 230 -671.1610000000001
1 147 233 -671.1610000000001
1 147 239 -671.1610000000001
1 147 240 -671.1610000000001
1 148 217 -671.1610000000001
1 148 221 -671.1610000000001
1 149 127 -671.1610000000001
1 149 147 -671.1610000000001
1 149 154 -671.1610000000001
1 149 222 -671.1610000000001
1 149 253 -671.1610000000001
1 150 160 -671.1610000000001
1 150 164 -671.1610000000001
1 150 177 -671.1610000000001
1 150 227 -671.1610000000001
1 150 236 -671.1610000000001
1 151 128 -671.1610000000001
1 151 228 -671.1610000000001
1 152 153 -671.1610000000001
1 152 173 -671.1610000000001
1 152 176 -671.1610000000001
1 152 222 -671.1610000000001
1 152 228 -671.1610000000001
1 153 126 -671.1610000000001
1 153 136 -671.1610000000001
1 153 155 -671.1610000000001
1 153 232 -671.1610000000001
1 153 238 -671.1610000000001
1 153 253 -671.1610000000001
1 154 126 -671.1610000000001
1 154 133 -671.1610000000001
1 154 161 -671.1610000000001
1 154 172 -671.1610000000001
1 154 220 -671.1610000000001
1 154 244 -671.1610000000001
1 155 170 -1342.32
1 155 216 -671.1610000000001
1 155 262 -671.1610000000001
1 156 160 -671.1610000000001
1 156 211 -671.1610000000001
1 156 223 -671.1610000000001
1 157 132 -671.1610000000001
1 157 133 -671.1610000000001
1 157 134 -2013.48
1 157 136 -671.1610000000001
1 157 194 -671.1610000000001
1 157 207 -671.1610000000001
1 157 240 -671.1610000000001
1 158 135 -671.1610000000001
1 158 248 -671.1610000000001
1 159 152 -671.1610000000001
1 159 231 -671.1610000000001
1 159 240 -671.1610000000001
1 159 247 -671.1610000000001
1 159 248 -671.1610000000001
1 159 250 -671.1610000000001
1 159 251 -671.1610000000001
1 159 257 -671.1610000000001
1 160 133 -671.1610000000001
1 160 249 -1342.32
1 160 251 -1342.32
1 160 252 -671.1610000000001
1 160 253 -671.1610000000001
1 160 262 -671.1610000000001
1 161 144 -1342.32
1 161 251 -671.1610000000001
1 161 253 -671.1610000000001
1 162 137 -1342.32
1 162 252 -1342.32
1 162 253 -671.1610000000001
1 163 152 -671.1610000000001
1 163 190 -671.1610000000001
1 163 236 -671.1610000000001
1 164 278 -671.1610000000001
1 164 290 -671.1610000000001
1 164 299 -671.1610000000001
1 165 133 -1342.32
1 165 134 -1342.32
1 165 135 -671.1610000000001
1 165 290 -671.1610000000001
1 166 131 -671.1610000000001
1 166 132 -671.1610000000001
1 166 133 -1342.32
1 166 134 -671.1610000000001
1 166 135 -671.1610000000001
1 166 210 -671.1610000000001
1 166 254 -671.1610000000001
1 166 255 -671.1610000000001
1 167 127 -671.1610000000001
1 167 132 -1342.32
1 167 133 -1342.32
1 167 134 -2013.48
1 167 256 -671.1610000000001
1 167 288 -671.1610000000001
1 167 294 -671.1610000000001
1 168 130 -671.1610000000001
1 168 131 -671.1610000000001
1 168 132 -2684.64
1 168 133 -2684.64
1 168 286 -671.1610000000001
1 168 287 -1342.32
1 168 291 -1342.32
1 169 128 -1342.32
1 169 129 -2684.64
1 169 131 -671.1610000000001
1 169 132 -3355.8
1 169 133 -2013.48
1 169 134 -6040.45
1 169 135 -671.1610000000001
1 169 236 -671.1610000000001
1 169 260 -671.1610000000001
1 169 271 -671.1610000000001
1 169 287 -671.1610000000001
1 169 290 -671.1610000000001
1 170 133 -2013.48
1 170 134 -8053.93
1 170 136 -671.1610000000001
1 170 187 -671.1610000000001
1 170 256 -671.1610000000001
1 170 287 -671.1610000000001
1 170 292 -671.1610000000001
1 171 133 -1342.32
1 171 134 -671.1610000000001
1 171 136 -3355.8
1 171 290 -671.1610000000001
1 172 257 -671.1610000000001
1 172 284 -671.1610000000001
1 172 295 -1342.32
1 172 311 -671.1610000000001
1 173 258 -671.1610000000001
1 173 278 -671.1610000000001
1 173 290 -671.1610000000001
1 173 292 -671.1610000000001
1 173 293 -1342.32
1 173 294 -671.1610000000001
1 174 124 -671.1610000000001
1 174 253 -671.1610000000001
1 174 261 -671.1610000000001
1 174 270 -671.1610000000001
1 174 283 -671.1610000000001
1 174 289 -671.1610000000001
1 174 293 -671.1610000000001
1 175 260 -671.1610000000001
1 175 288 -671.1610000000001
1 175 292 -1342.32
1 175 293 -671.1610000000001
1 175 296 -671.1610000000001
1 175 305 -671.1610000000001
1 176 274 -671.1610000000001
1 176 305 -671.1610000000001
1 177 289 -671.1610000000001
1 177 290 -671.1610000000001
1 178 243 -671.1610000000001
1 178 280 -671.1610000000001
1 178 285 -671.1610000000001
1 178 302 -671.1610000000001
1 178 305 -671.1610000000001
1 178 306 -671.1610000000001
1 178 311 -671.1610000000001
1 179 278 -671.1610000000001
1 179 285 -671.1610000000001
1 180 149 -671.1610000000001
1 180 286 -671.1610000000001
1 181 297 -671.1610000000001
1 181 307 -671.1610000000001
1 181 308 -671.1610000000001
1 183 242 -671.1610000000001
1 183 285 -671.1610000000001
1 183 295 -671.1610000000001
1 183 308 -671.1610000000001
1 183 309 -671.1610000000001
1 183 318 -671.1610000000001
1 184 263 -671.1610000000001
1 184 285 -671.1610000000001
1 184 313 -671.1610000000001
1 184 319 -671.1610000000001
1 185 257 -671.1610000000001
1 185 305 -671.1610000000001
1 185 306 -671.1610000000001
1 185 307 -671.1610000000001
1 185 315 -671.1610000000001
1 186 255 -671.1610000000001
1 186 265 -671.1610000000001
1 186 307 -1342.32
1 186 310 -671.1610000000001
1 188 262 -671.1610000000001
1 188 294 -671.1610000000001
1 188 295 -671.1610000000001
1 189 295 -671.1610000000001
1 189 309 -671.1610000000001
1 190 307 -671.1610000000001
1 190 308 -671.1610000000001
1 190 324 -671.1610000000001
1 191 292 -1342.32
1 191 304 -671.1610000000001
1 191 305 -671.1610000000001
1 192 258 -671.1610000000001
1 192 284 -671.1610000000001
1 192 304 -671.1610000000001
1 192 316 -671.1610000000001
1 192 319 -671.1610000000001
1 193 262 -671.1610000000001
1 193 301 -671.1610000000001
1 193 311 -671.1610000000001
1 193 313 -1342.32
1 194 284 -671.1610000000001
1 194 313 -671.1610000000001
1 195 269 -671.1610000000001
1 195 287 -671.1610000000001
1 195 289 -671.1610000000001
1 195 300 -671.1610000000001
1 195 311 -671.1610000000001
1 195 313 -671.1610000000001
1 196 269 -671.1610000000001
1 196 275 -671.1610000000001
1 196 303 -671.1610000000001
1 196 324 -671.1610000000001
1 196 333 -671.1610000000001
1 197 264 -671.1610000000001
1 197 283 -671.1610000000001
1 197 300 -671.1610000000001
1 197 322 -671.1610000000001
1 197 325 -671.1610000000001
1 198 242 -671.1610000000001
1 198 276 -1342.32
1 198 309 -671.1610000000001
1 198 311 -671.1610000000001
1 199 283 -671.1610000000001
1 199 311 -671.1610000000001
1 199 324 -671.1610000000001
1 200 280 -671.1610000000001
1 200 286 -671.1610000000001
1 200 296 -671.1610000000001
1 200 299 -671.1610000000001
1 200 306 -671.1610000000001
1 200 307 -671.1610000000001
1 200 312 -671.1610000000001
1 200 343 -671.1610000000001
1 200 345 -671.1610000000001
1 201 257 -671.1610000000001
1 202 280 -671.1610000000001
1 202 287 -671.1610000000001
1 202 297 -671.1610000000001
1 202 301 -671.1610000000001
1 202 302 -671.1610000000001
1 203 215 -671.1610000000001
1 203 304 -671.1610000000001
1 203 305 -671.1610000000001
1 203 309 -671.1610000000001
1 203 315 -671.1610000000001
1 205 263 -671.1610000000001
1 205 303 -671.1610000000001
1 205 304 -671.1610000000001
1 205 317 -671.1610000000001
1 205 318 -671.1610000000001
1 205 319 -671.1610000000001
1 206 264 -671.1610000000001
1 206 270 -671.1610000000001
1 206 301 -671.1610000000001
1 206 304 -671.1610000000001
1 206 315 -671.1610000000001
1 206 317 -1342.32
1 207 262 -671.1610000000001
1 207 300 -671.1610000000001
1 207 301 -1342.32
1 207 303 -671.1610000000001
1 207 304 -671.1610000000001
1 207 306 -1342.32
1 207 315 -671.1610000000001
1 207 317 -671.1610000000001
1 208 298 -1342.32
1 208 299 -1342.32
1 208 306 -671.1610000000001
1 208 317 -671.1610000000001
1 208 328 -671.1610000000001
1 209 284 -671.1610000000001
1 209 297 -671.1610000000001
1 209 302 -671.1610000000001
1 210 284 -671.1610000000001
1 210 301 -671.1610000000001
1 210 302 -671.1610000000001
1 210 342 -671.1610000000001
1 211 301 -671.1610000000001
1 211 321 -671.1610000000001
1 212 295 -671.1610000000001
1 212 347 -671.1610000000001
1 213 226 -671.1610000000001
1 213 287 -671.1610000000001
1 213 303 -671.1610000000001
1 213 329 -671.1610000000001
1 214 319 -671.1610000000001
1 215 289 -671.1610000000001
1 215 311 -671.1610000000001
1 215 353 -671.1610000000001
1 216 323 -671.1610000000001
1 216 341 -671.1610000000001
1 217 244 -671.1610000000001
1 217 249 -671.1610000000001
1 217 351 -671.1610000000001
1 218 209 -671.1610000000001
1 218 243 -671.1610000000001
1 218 292 -671.1610000000001
1 218 345 -1342.32
1 221 240 -671.1610000000001
1 221 611 -671.1610000000001
1 222 254 -671.1610000000001
1 222 362 -671.1610000000001
1 224 338 -671.1610000000001
1 224 359 -671.1610000000001
1 225 323 -671.1610000000001
1 225 329 -671.1610000000001
1 225 332 -671.1610000000001
1 225 368 -671.1610000000001
1 225 373 -671.1610000000001
1 225 378 -671.1610000000001
1 225 382 -1342.32
1 226 323 -671.1610000000001
1 226 388 -1342.32
1 226 618 -671.1610000000001
1 227 315 -671.1610000000001
1 228 606 -671.1610000000001
1 229 385 -1342.32
1 229 392 -671.1610000000001
1 229 393 -671.1610000000001
1 229 397 -2684.64
1 229 618 -3355.8
1 230 338 -671.1610000000001
1 230 373 -1342.32
1 230 384 -671.1610000000001
1 230 392 -1342.32
1 230 393 -2684.64
1 230 396 -671.1610000000001
1 230 605 -671.1610000000001
1 231 343 -671.1610000000001
1 231 383 -671.1610000000001
1 231 392 -3355.8
1 231 393 -7382.77
1 231 398 -671.1610000000001
1 231 603 -671.1610000000001
1 231 607 -1342.32
1 232 259 -671.1610000000001
1 232 300 -671.1610000000001
1 232 384 -671.1610000000001
1 232 389 -671.1610000000001
1 232 393 -4026.97
1 232 394 -2684.64
1 232 405 -671.1610000000001
1 232 604 -1342.32
1 232 606 -1342.32
1 232 607 -2013.48
1 232 608 -671.1610000000001
1 233 373 -671.1610000000001
1 233 393 -671.1610000000001
1 233 403 -671.1610000000001
1 233 406 -2684.64
1 233 601 -1342.32
1 233 602 -671.1610000000001
1 234 374 -671.1610000000001
1 234 388 -671.1610000000001
1 234 389 -671.1610000000001
1 234 406 -2013.48
1 234 407 -1342.32
1 234 601 -671.1610000000001
1 234 602 -1342.32
1 234 603 -2013.48
1 234 604 -671.1610000000001
1 234 605 -1342.32
1 234 606 -671.1610000000001
1 234 609 -671.1610000000001
1 234 620 -671.1610000000001
1 234 621 -671.1610000000001
1 235 342 -671.1610000000001
1 235 368 -671.1610000000001
1 235 389 -671.1610000000001
1 235 392 -671.1610000000001
1 235 404 -671.1610000000001
1 235 406 -671.1610000000001
1 235 599 -671.1610000000001
1 235 600 -1342.32
1 235 602 -2013.48
1 235 603 -671.1610000000001
1 235 606 -671.1610000000001
1 235 608 -671.1610000000001
1 236 256 -671.1610000000001
1 236 359 -671.1610000000001
1 236 377 -1342.32
1 236 378 -671.1610000000001
1 236 389 -1342.32
1 236 600 -671.1610000000001
1 236 601 -671.1610000000001
1 236 602 -1342.32
1 236 605 -671.1610000000001
1 236 606 -671.1610000000001
1 236 607 -671.1610000000001
1 236 620 -671.1610000000001
1 237 330 -671.1610000000001
1 237 377 -671.1610000000001
1 237 384 -671.1610000000001
1 237 388 -671.1610000000001
1 237 605 -1342.32
1 237 606 -2013.48
1 237 607 -1342.32
1 237 608 -3355.8
1 237 609 -2013.48
1 237 620 -671.1610000000001
1 238 346 -671.1610000000001
1 238 391 -671.1610000000001
1 238 410 -671.1610000000001
1 238 602 -671.1610000000001
1 238 603 -671.1610000000001
1 238 606 -3355.8
1 238 607 -4026.97
1 238 608 -2684.64
1 238 610 -671.1610000000001
1 239 297 -671.1610000000001
1 239 323 -671.1610000000001
1 239 404 -671.1610000000001
1 239 601 -671.1610000000001
1 239 603 -671.1610000000001
1 239 607 -1342.32
1 239 608 -2684.64
1 239 609 -2013.48
1 239 610 -1342.32
1 239 615 -1342.32
1 240 267 -671.1610000000001
1 240 319 -671.1610000000001
1 240 327 -671.1610000000001
1 240 352 -671.1610000000001
1 240 374 -1342.32
1 240 392 -1342.32
1 240 396 -671.1610000000001
1 240 406 -671.1610000000001
1 240 603 -671.1610000000001
1 240 605 -2013.48
1 240 606 -2684.64
1 240 607 -1342.32
1 240 620 -1342.32
1 240 621 -671.1610000000001
1 241 339 -671.1610000000001
1 241 352 -671.1610000000001
1 241 370 -1342.32
1 241 375 -671.1610000000001
1 241 409 -671.1610000000001
1 241 577 -671.1610000000001
1 241 603 -1342.32
1 241 605 -2013.48
1 241 606 -1342.32
1 241 607 -1342.32
1 241 608 -1342.32
1 241 609 -3355.8
1 241 610 -671.1610000000001
1 241 611 -671.1610000000001
1 241 620 -671.1610000000001
1 241 621 -671.1610000000001
1 242 314 -671.1610000000001
1 242 318 -671.1610000000001
1 242 336 -671.1610000000001
1 242 338 -671.1610000000001
1 242 339 -671.1610000000001
1 242 373 -2013.48
1 242 374 -4026.97
1 242 406 -1342.32
1 242 603 -1342.32
1 242 604 -4698.13
1 242 605 -6040.45
1 242 606 -2013.48
1 242 607 -3355.8
1 242 608 -3355.8
1 242 609 -2013.48
1 242 610 -2013.48
1 242 616 -671.1610000000001
1 242 622 -671.1610000000001
1 242 623 -2013.48
1 243 366 -671.1610000000001
1 243 369 -671.1610000000001
1 243 372 -1342.32
1 243 373 -5369.29
1 243 374 -2013.48
1 243 386 -671.1610000000001
1 243 391 -671.1610000000001
1 243 405 -671.1610000000001
1 243 406 -671.1610000000001
1 243 407 -1342.32
1 243 409 -671.1610000000001
1 243 577 -671.1610000000001
1 243 606 -4698.13
1 243 607 -3355.8
1 243 608 -1342.32
1 243 609 -4026.97
1 243 620 -671.1610000000001
1 243 622 -1342.32
1 243 623 -5369.29
1 244 371 -671.1610000000001
1 244 372 -1342.32
1 244 373 -2013.48
1 244 415 -671.1610000000001
1 244 598 -671.1610000000001
1 244 606 -2684.64
1 244 607 -671.1610000000001
1 244 611 -671.1610000000001
1 244 616 -671.1610000000001
1 244 622 -671.1610000000001
1 244 623 -2684.64
1 244 624 -671.1610000000001
1 245 312 -671.1610000000001
1 245 315 -671.1610000000001
1 245 326 -671.1610000000001
1 245 335 -671.1610000000001
1 245 338 -671.1610000000001
1 245 356 -1342.32
1 245 371 -671.1610000000001
1 245 413 -671.1610000000001
1 245 586 -671.1610000000001
1 245 604 -671.1610000000001
1 245 605 -2013.48
1 245 606 -3355.8
1 245 607 -2684.64
1 245 609 -3355.8
1 245 610 -1342.32
1 245 612 -1342.32
1 245 616 -1342.32
1 245 619 -671.1610000000001
1 245 620 -1342.32
1 245 622 -671.1610000000001
1 246 214 -671.1610000000001
1 246 342 -671.1610000000001
1 246 356 -671.1610000000001
1 246 357 -671.1610000000001
1 246 374 -671.1610000000001
1 246 413 -671.1610000000001
1 246 590 -671.1610000000001
1 246 599 -671.1610000000001
1 246 600 -4026.97
1 246 605 -2684.64
1 246 606 -4698.13
1 246 607 -2684.64
1 246 610 -671.1610000000001
1 246 612 -1342.32
1 246 614 -671.1610000000001
1 246 615 -671.1610000000001
1 246 623 -671.1610000000001
1 247 314 -671.1610000000001
1 247 331 -671.1610000000001
1 247 367 -1342.32
1 247 368 -3355.8
1 247 387 -1342.32
1 247 413 -671.1610000000001
1 247 578 -671.1610000000001
1 247 597 -671.1610000000001
1 247 598 -4698.13
1 247 599 -4026.97
1 247 600 -6711.61
1 247 601 -6711.61
1 247 605 -1342.32
1 247 609 -1342.32
1 247 610 -1342.32
1 247 611 -2684.64
1 247 612 -2684.64
1 247 613 -1342.32
1 247 618 -1342.32
1 247 619 -671.1610000000001
1 247 623 -671.1610000000001
1 248 307 -671.1610000000001
1 248 367 -671.1610000000001
1 248 368 -2684.64
1 248 371 -1342.32
1 248 372 -3355.8
1 248 387 -1342.32
1 248 388 -4026.97
1 248 413 -671.1610000000001
1 248 416 -671.1610000000001
1 248 529 -671.1610000000001
1 248 567 -671.1610000000001
1 248 596 -4698.13
1 248 597 -3355.8
1 248 598 -6711.61
1 248 599 -4026.97
1 248 600 -2684.64
1 248 601 -4026.97
1 248 602 -2013.48
1 248 605 -671.1610000000001
1 248 608 -671.1610000000001
1 248 609 -1342.32
1 248 610 -2013.48
1 248 611 -4026.97
1 248 612 -4026.97
1 248 613 -4698.13
1 248 618 -671.1610000000001
1 248 619 -671.1610000000001
1 248 620 -671.1610000000001
1 248 623 -1342.32
1 249 333 -671.1610000000001
1 249 334 -671.1610000000001
1 249 365 -1342.32
1 249 366 -2013.48
1 249 367 -671.1610000000001
1 249 368 -2013.48
1 249 371 -671.1610000000001
1 249 387 -671.1610000000001
1 249 388 -671.1610000000001
1 249 400 -671.1610000000001
1 249 412 -671.1610000000001
1 249 567 -671.1610000000001
1 249 593 -1342.32
1 249 595 -4026.97
1 249 596 -4698.13
1 249 597 -7382.77
1 249 603 -2013.48
1 249 604 -5369.29
1 249 605 -3355.8
1 249 607 -2684.64
1 249 609 -671.1610000000001
1 249 610 -1342.32
1 249 611 -3355.8
1 249 612 -6040.45
1 249 613 -1342.32
1 249 618 -671.1610000000001
1 249 623 -671.1610000000001
1 250 331 -671.1610000000001
1 250 355 -671.1610000000001
1 250 365 -1342.32
1 250 366 -3355.8
1 250 367 -2013.48
1 250 368 -671.1610000000001
1 250 369 -1342.32
1 250 370 -1342.32
1 250 371 -4026.97
1 250 382 -671.1610000000001
1 250 406 -671.1610000000001
1 250 413 -671.1610000000001
1 250 414 -671.1610000000001
1 250 423 -671.1610000000001
1 250 436 -671.1610000000001
1 250 568 -671.1610000000001
1 250 579 -671.1610000000001
1 250 591 -671.1610000000001
1 250 594 -671.1610000000001
1 250 596 -5369.29
1 250 597 -1342.32
1 250 602 -671.1610000000001
1 250 603 -4698.13
1 250 604 -4026.97
1 250 605 -2684.64
1 250 607 -671.1610000000001
1 250 608 -2013.48
1 250 609 -671.1610000000001
1 250 610 -671.1610000000001
1 250 613 -671.1610000000001
1 251 276 -671.1610000000001
1 251 322 -671.1610000000001
1 251 365 -2013.48
1 251 366 -6040.45
1 251 367 -1342.32
1 251 368 -1342.32
1 251 371 -671.1610000000001
1 251 379 -671.1610000000001
1 251 407 -671.1610000000001
1 251 414 -671.1610000000001
1 251 424 -671.1610000000001
1 251 598 -671.1610000000001
1 251 604 -671.1610000000001
1 251 605 -671.1610000000001
1 251 607 -671.1610000000001
1 251 610 -671.1610000000001
1 252 236 -671.1610000000001
1 252 365 -2013.48
1 252 366 -4698.13
1 252 367 -4698.13
1 252 368 -1342.32
1 252 376 -671.1610000000001
1 252 412 -671.1610000000001
1 252 416 -671.1610000000001
1 252 428 -671.1610000000001
1 252 506 -671.1610000000001
1 252 507 -671.1610000000001
1 252 528 -671.1610000000001
1 252 534 -671.1610000000001
1 252 544 -671.1610000000001
1 252 576 -671.1610000000001
1 252 591 -1342.32
1 252 596 -1342.32
1 252 597 -1342.32
1 252 598 -671.1610000000001
1 252 599 -1342.32
1 252 608 -1342.32
1 252 609 -671.1610000000001
1 252 611 -671.1610000000001
1 252 620 -671.1610000000001
1 253 259 -671.1610000000001
1 253 342 -671.1610000000001
1 253 363 -671.1610000000001
1 253 365 -1342.32
1 253 366 -4026.97
1 253 367 -2684.64
1 253 370 -671.1610000000001
1 253 375 -1342.32
1 253 404 -671.1610000000001
1 253 433 -1342.32
1 253 506 -671.1610000000001
1 253 543 -671.1610000000001
1 253 546 -671.1610000000001
1 253 547 -671.1610000000001
1 253 566 -671.1610000000001
1 253 586 -1342.32
1 253 596 -671.1610000000001
1 253 597 -2684.64
1 253 601 -671.1610000000001
1 253 604 -671.1610000000001
1 253 605 -671.1610000000001
1 253 614 -2013.48
1 254 366 -1342.32
1 254 478 -671.1610000000001
1 254 581 -671.1610000000001
1 254 584 -671.1610000000001
1 254 585 -4026.97
1 254 586 -3355.8
1 254 587 -2013.48
1 254 588 -2013.48
1 254 589 -2684.64
1 254 598 -671.1610000000001
1 254 599 -671.1610000000001
1 254 601 -1342.32
1 254 604 -1342.32
1 254 605 -671.1610000000001
1 254 606 -671.1610000000001
1 254 611 -671.1610000000001
1 255 341 -671.1610000000001
1 255 346 -671.1610000000001
1 255 371 -671.1610000000001
1 255 402 -671.1610000000001
1 255 442 -671.1610000000001
1 255 445 -671.1610000000001
1 255 461 -671.1610000000001
1 255 479 -671.1610000000001
1 255 512 -671.1610000000001
1 255 513 -671.1610000000001
1 255 526 -671.1610000000001
1 255 547 -671.1610000000001
1 255 548 -671.1610000000001
1 255 565 -671.1610000000001
1 255 583 -2013.48
1 255 584 -2684.64
1 255 585 -2684.64
1 255 586 -2684.64
1 255 587 -1342.32
1 255 588 -671.1610000000001
1 255 591 -671.1610000000001
1 255 594 -671.1610000000001
1 255 597 -671.1610000000001
1 255 600 -1342.32
1 255 607 -671.1610000000001
1 256 346 -671.1610000000001
1 256 350 -671.1610000000001
1 256 367 -671.1610000000001
1 256 373 -671.1610000000001
1 256 374 -671.1610000000001
1 256 491 -671.1610000000001
1 256 526 -671.1610000000001
1 256 531 -2013.48
1 256 532 -671.1610000000001
1 256 547 -671.1610000000001
1 256 548 -1342.32
1 256 549 -671.1610000000001
1 256 575 -671.1610000000001
1 256 578 -1342.32
1 256 580 -671.1610000000001
1 256 584 -2013.48
1 256 585 -1342.32
1 256 592 -1342.32
1 256 594 -4698.13
1 256 595 -2684.64
1 256 607 -2684.64
1 256 608 -1342.32
1 256 609 -671.1610000000001
1 257 330 -671.1610000000001
1 257 461 -671.1610000000001
1 257 497 -671.1610000000001
1 257 503 -671.1610000000001
1 257 506 -671.1610000000001
1 257 512 -671.1610000000001
1 257 527 -2013.48
1 257 529 -671.1610000000001
1 257 532 -671.1610000000001
1 257 549 -671.1610000000001
1 257 574 -671.1610000000001
1 257 575 -2013.48
1 257 584 -2013.48
1 257 585 -2013.48
1 257 593 -1342.32
1 257 594 -5369.29
1 257 595 -2684.64
1 257 597 -1342.32
1 257 606 -4698.13
1 257 607 -671.1610000000001
1 258 307 -671.1610000000001
1 258 330 -671.1610000000001
1 258 366 -671.1610000000001
1 258 485 -1342.32
1 258 489 -1342.32
1 258 491 -671.1610000000001
1 258 493 -671.1610000000001
1 258 494 -671.1610000000001
1 258 496 -671.1610000000001
1 258 497 -671.1610000000001
1 258 498 -2013.48
1 258 499 -1342.32
1 258 502 -671.1610000000001
1 258 503 -671.1610000000001
1 258 529 -1342.32
1 258 531 -671.1610000000001
1 258 532 -671.1610000000001
1 258 533 -1342.32
1 258 535 -671.1610000000001
1 258 546 -671.1610000000001
1 258 550 -671.1610000000001
1 258 556 -1342.32
1 258 564 -671.1610000000001
1 258 576 -671.1610000000001
1 258 583 -671.1610000000001
1 258 584 -2013.48
1 258 586 -2013.48
1 258 594 -2013.48
1 258 606 -3355.8
1 258 607 -671.1610000000001
1 259 346 -671.1610000000001
1 259 369 -1342.32
1 259 402 -671.1610000000001
1 259 444 -671.1610000000001
1 259 456 -671.1610000000001
1 259 485 -671.1610000000001
1 259 486 -671.1610000000001
1 259 488 -671.1610000000001
1 259 489 -671.1610000000001
1 259 490 -1342.32
1 259 509 -1342.32
1 259 510 -671.1610000000001
1 259 522 -671.1610000000001
1 259 528 -671.1610000000001
1 259 529 -671.1610000000001
1 259 531 -671.1610000000001
1 259 532 -671.1610000000001
1 259 545 -671.1610000000001
1 259 549 -671.1610000000001
1 259 554 -1342.32
1 259 555 -1342.32
1 259 556 -2013.48
1 259 557 -2013.48
1 259 575 -2684.64
1 259 576 -671.1610000000001
1 259 579 -671.1610000000001
1 259 584 -671.1610000000001
1 259 585 -2684.64
1 259 586 -1342.32
1 260 369 -1342.32
1 260 404 -1342.32
1 260 443 -671.1610000000001
1 260 454 -671.1610000000001
1 260 485 -671.1610000000001
1 260 486 -1342.32
1 260 487 -671.1610000000001
1 260 492 -671.1610000000001
1 260 499 -671.1610000000001
1 260 502 -1342.32
1 260 517 -671.1610000000001
1 260 527 -671.1610000000001
1 260 545 -2013.48
1 260 548 -671.1610000000001
1 260 554 -671.1610000000001
1 260 556 -671.1610000000001
1 260 567 -671.1610000000001
1 260 576 -671.1610000000001
1 260 577 -671.1610000000001
1 261 397 -671.1610000000001
1 261 404 -671.1610000000001
1 261 444 -671.1610000000001
1 261 483 -671.1610000000001
1 261 487 -671.1610000000001
1 261 501 -671.1610000000001
1 261 502 -671.1610000000001
1 261 545 -671.1610000000001
1 261 551 -671.1610000000001
1 261 552 -671.1610000000001
1 261 565 -671.1610000000001
1 262 254 -671.1610000000001
1 262 353 -1342.32
1 262 369 -671.1610000000001
1 262 425 -671.1610000000001
1 262 443 -671.1610000000001
1 262 458 -671.1610000000001
1 262 483 -1342.32
1 262 493 -671.1610000000001
1 262 501 -671.1610000000001
1 262 502 -671.1610000000001
1 262 523 -671.1610000000001
1 262 524 -671.1610000000001
1 262 535 -671.1610000000001
1 262 536 -671.1610000000001
1 262 537 -671.1610000000001
1 262 542 -671.1610000000001
1 262 546 -671.1610000000001
1 262 584 -671.1610000000001
1 262 587 -671.1610000000001
1 263 355 -671.1610000000001
1 263 415 -671.1610000000001
1 263 484 -671.1610000000001
1 263 493 -671.1610000000001
1 263 509 -671.1610000000001
1 263 522 -671.1610000000001
1 263 523 -1342.32
1 263 524 -1342.32
1 263 541 -1342.32
1 263 542 -671.1610000000001
1 263 543 -671.1610000000001
1 263 546 -1342.32
1 263 576 -671.1610000000001
1 263 579 -671.1610000000001
1 263 581 -2684.64
1 264 369 -671.1610000000001
1 264 379 -671.1610000000001
1 264 481 -671.1610000000001
1 264 482 -671.1610000000001
1 264 493 -671.1610000000001
1 264 503 -671.1610000000001
1 264 504 -671.1610000000001
1 264 516 -671.1610000000001
1 264 521 -2013.48
1 264 527 -671.1610000000001
1 264 543 -2684.64
1 264 568 -671.1610000000001
1 264 575 -671.1610000000001
1 264 576 -1342.32
1 265 336 -671.1610000000001
1 265 367 -1342.32
1 265 457 -671.1610000000001
1 265 459 -671.1610000000001
1 265 511 -671.1610000000001
1 265 516 -671.1610000000001
1 265 520 -671.1610000000001
1 265 524 -671.1610000000001
1 265 568 -1342.32
1 266 314 -671.1610000000001
1 266 413 -671.1610000000001
1 266 456 -671.1610000000001
1 266 478 -671.1610000000001
1 266 481 -671.1610000000001
1 266 483 -671.1610000000001
1 266 484 -671.1610000000001
1 266 485 -671.1610000000001
1 266 492 -671.1610000000001
1 266 498 -671.1610000000001
1 266 505 -671.1610000000001
1 266 518 -671.1610000000001
1 266 523 -671.1610000000001
1 266 543 -671.1610000000001
1 266 545 -671.1610000000001
1 266 549 -671.1610000000001
1 266 555 -671.1610000000001
1 267 337 -671.1610000000001
1 267 365 -671.1610000000001
1 267 381 -671.1610000000001
1 267 459 -671.1610000000001
1 267 460 -1342.32
1 267 505 -671.1610000000001
1 267 507 -671.1610000000001
1 267 543 -671.1610000000001
1 267 544 -1342.32
1 267 549 -671.1610000000001
1 267 553 -2013.48
1 267 562 -671.1610000000001
1 268 507 -1342.32
1 268 540 -671.1610000000001
1 268 541 -671.1610000000001
1 268 542 -1342.32
1 268 543 -2684.64
1 268 544 -1342.32
1 268 549 -671.1610000000001
1 268 551 -671.1610000000001
1 268 552 -671.1610000000001
1 268 553 -671.1610000000001
1 269 362 -671.1610000000001
1 269 505 -1342.32
1 269 507 -671.1610000000001
1 269 528 -671.1610000000001
1 269 543 -671.1610000000001
1 269 547 -1342.32
1 270 474 -671.1610000000001
1 270 475 -1342.32
1 270 479 -671.1610000000001
1 270 491 -671.1610000000001
1 270 504 -671.1610000000001
1 270 507 -671.1610000000001
1 270 526 -671.1610000000001
1 271 375 -671.1610000000001
1 271 388 -671.1610000000001
1 271 479 -671.1610000000001
1 271 481 -671.1610000000001
1 271 487 -671.1610000000001
1 271 491 -671.1610000000001
1 271 526 -671.1610000000001
1 272 469 -671.1610000000001
1 272 493 -671.1610000000001
1 272 495 -1342.32
1 272 496 -671.1610000000001
1 272 502 -671.1610000000001
1 272 526 -2013.48
1 273 441 -671.1610000000001
1 273 462 -671.1610000000001
1 273 526 -671.1610000000001
1 275 463 -671.1610000000001
1 275 480 -671.1610000000001
1 275 502 -671.1610000000001
1 275 504 -671.1610000000001
1 276 502 -671.1610000000001
1 277 393 -671.1610000000001
1 279 459 -671.1610000000001
1 280 563 -671.1610000000001
1 282 434 -671.1610000000001
1 282 435 -671.1610000000001
1 283 461 -671.1610000000001
1 283 482 -671.1610000000001
1 283 483 -671.1610000000001
1 285 437 -671.1610000000001
1 285 482 -671.1610000000001
1 285 483 -671.1610000000001
1 286 377 -671.1610000000001
1 286 464 -671.1610000000001
1 288 469 -671.1610000000001
1 289 362 -671.1610000000001
1 289 443 -671.1610000000001
1 292 358 -671.1610000000001
1 293 390 -2013.48
1 293 391 -671.1610000000001
1 296 390 -671.1610000000001
1 301 359 -671.1610000000001
1 301 378 -671.1610000000001
1 85 106 -671.1610000000001
1 92 112 -1342.32
1 93 117 -671.1610000000001
1 97 89 -671.1610000000001
1 98 101 -671.1610000000001
1 99 126 -671.1610000000001
1 99 136 -671.1610000000001
1 147 119 -843.1
1 150 114 -4074.97
1 153 113 -4496.52
1 156 158 -1405.16
1 157 160 -983.61
1 197 280 -1686.19
1 199 225 -562.06
1 210 300 -1405.16
1 211 298 -8149.94
1 234 285 -843.1
1 244 234 -6604.26
1 259 541 -421.55
1 267 479 -1405.16
1 272 454 -74.1
1 285 433 -6463.74
1 291 453 -15472.5
1 299 360 -843.1
1 109 116 -6885.29
1 131 118 -421.55
1 132 183 -3934.45
1 137 123 -5058.58
1 140 173 -1967.23
1 152 130 -1545.68
1 155 192 -8009.42
1 157 117 -2529.29
1 158 205 -702.58
1 172 162 -4637.03
1 173 196 -281.03
1 175 213 -14754.2
1 203 296 -22904.1
1 214 174 -17564.5
1 226 358 -401.13
1 256 333 -3091.35
1 265 349 -1405.16
1 269 347 -983.61
1 271 470 -1405.16
1 274 431 -2524490.0
1 280 367 -281.03
1 292 370 -1967.23
1 293 370 -702.58
1 293 378 -562.06
1 143 152 -3793.94
1 144 130 -843.1
1 149 118 -27822.2
1 151 143 -3091.35
1 153 212 -3372.39
1 154 128 -140.52
1 155 180 -4074.97
1 161 161 -562.06
1 164 159 -9274.06
1 167 163 -8430.97
1 175 178 -562.06
1 176 128 -2107.74
1 201 279 -1405.16
1 221 294 -702.58
1 221 361 -140.52
1 222 252 -140.52
1 226 361 -421.55
1 234 319 -5339.61
1 235 317 -3512.9
1 238 244 -140.52
1 245 243 -5480.13
1 248 331 -421.55
1 256 342 -1405.16
1 259 347 -562.06
1 266 345 -983.61
1 271 268 -6744.77
1 274 278 -1405.16
1 295 392 -562.06
1 296 391 -983.61
1 296 393 -1545.68
1 140 166 -1124.13
1 142 185 -14051.6
1 146 180 -140.52
1 149 124 -562.06
1 151 189 -1967.23
1 151 211 -140.52
1 153 188 -2669.81
1 154 113 -140.52
1 165 167 -14473.2
1 170 115 -2248.26
1 176 222 -3653.42
1 184 210 -6885.29
1 189 288 -140.52
1 193 280 -2950.84
1 206 280 -2248.26
1 209 281 -2067.93
1 210 249 -140.52
1 211 263 -421.55
1 211 296 -421.55
1 221 317 -2107.74
1 224 287 -1686.19
1 228 354 -562.06
1 230 352 -2950.84
1 231 270 -562.06
1 235 295 -702.58
1 236 342 -1124.13
1 240 330 -1264.65
1 240 337 -3231.87
1 240 357 -562.06
1 244 333 -975.91
1 246 332 -1124.13
1 246 337 -1264.65
1 251 334 -1826.71
1 258 345 -281.03
1 260 345 -421.55
1 262 286 -421.55
1 263 344 -562.06
1 263 350 -140.52
1 267 321 -1124.13
1 267 428 -8.62
1 269 365 -281.03
1 270 361 -1686.19
1 271 363 -1545.68
1 275 399 -78.43
1 284 333 -140.52
1 289 371 -843.1
1 290 371 -1124.13
1 291 365 -281.03
1 296 358 -55679.5
1 297 356 -140.52
1 297 391 -1405.16
1 299 347 -140.52
1 142 117 -38782.4
1 142 169 -843.1
1 145 116 -6744.77
1 146 146 -1686.19
1 152 213 -1124.13
1 155 116 -5761.16
1 156 214 -7728.39
1 161 185 -3934.45
1 163 186 -281.03
1 166 203 -140.52
1 168 216 -42014.3
1 192 232 -562.06
1 215 261 -562.06
1 221 339 -1124.13
1 222 324 -1264.65
1 230 358 -421.55
1 233 341 -140.52
1 242 618 -1686.19
1 248 344 -843.1
1 263 345 -1124.13
1 263 570 -421.55
1 286 302 -421.55
1 292 360 -140.52
1 293 357 -7306.84
1 295 362 -1967.23
1 297 439 -691582.0
1 145 166 -2388.77
1 152 118 -4918.06
1 158 140 -7868.9
1 215 296 -2388.77
1 224 257 -3793.94
1 276 358 -281.03
1 281 445 -140.52
1 137 168 -2248.26
1 149 213 -3934.45
1 170 185 -140.52
1 210 253 -1405.16
1 217 236 -562.06
1 245 324 -140.52
1 270 480 -421.55
1 145 131 -4215.48
1 148 124 -140.52
1 153 116 -3934.45
1 158 114 -702.58
1 171 128 -281.03
1 188 204 -4918.06
1 206 281 -281.03
1 208 226 -1686.19
1 211 266 -40457.8
1 213 276 -53231.2
1 214 274 -12135.2
1 220 278 -110123.0
1 223 372 -18548.1
1 239 385 -37.05
1 239 416 -14.67
1 241 238 -1686.19
1 245 408 -3793.94
1 246 320 -281.03
1 248 454 -1124.13
1 259 351 -2948.41
1 265 360 -9502.56
1 269 360 -6731.47
1 272 360 -562.06
1 273 340 -281.03
1 273 521 -11522.3
1 275 465 -280.79
1 290 322 -1124.13
1 292 458 -6459.8
1 294 354 -46.66
1 297 377 -983.61
1 147 183 -2388.77
1 201 251 -140.52
1 201 301 -421.55
1 251 286 -140.52
1 265 488 -140.52
1 135 160 -2669.81
1 144 189 -2388.77
1 154 112 -1405.16
1 156 131 -281.03
1 161 179 -140.52
1 164 169 -3512.9
1 167 247 -281.03
1 186 209 -5199.1
1 204 300 -29.35
1 215 269 -4215.48
1 218 239 -3358.46
1 226 375 -30349.3
1 235 420 -10819.7
1 238 302 -983.61
1 242 355 -120.02
1 245 406 -140.52
1 248 590 -702.58
1 248 593 -281.03
1 255 333 -328.4
1 256 443 -417.91
1 258 339 -1178.98
1 258 416 -238.36
1 266 470 -1145.33
1 269 482 -140.52
1 270 476 -702.58
1 273 523 -110727.0
1 274 506 -140.52
1 275 479 -8290.45
1 280 458 -1088.12
1 293 458 -10398.2
1 298 384 -115.8
1 298 391 -281.03
1 221 300 -140.52
1 134 167 -4215.48
1 159 157 -9274.06
1 197 298 -25.55
1 211 290 -983.61
1 237 406 -1567.05
1 244 430 -562.06
1 247 342 -77.8
1 253 427 -2647.88
1 253 443 -125.93
1 254 398 -91.63
1 254 442 -2006.07
1 254 444 -293.99
1 254 445 -50.67
1 256 445 -574.36
1 261 369 -644.25
1 263 448 -281.03
1 271 471 -140.52
1 271 489 -13321.7
1 273 520 -843.1
1 275 371 -702.58
1 275 449 -19391.2
1 296 415 -140.52
1 262 394 -1133420.0
1 157 122 -4637.03
1 160 136 -281.03
1 169 201 -7025.81
1 199 297 -109.36
1 212 315 -192.01
1 214 287 -59.11
1 224 372 -2248.26
1 246 609 -1611.38
1 247 343 -28.92
1 247 590 -140.52
1 255 446 -3828.36
1 276 386 -843.1
1 281 446 -983.61
1 284 406 -421.55
1 291 458 -2.01
1 295 390 -2669.81
1 297 384 -562.06
1 165 158 -9274.06
1 178 212 -2107.74
1 257 443 -843.11
1 162 205 -2388.77
1 244 330 -421.55
1 248 343 -82.65
1 249 589 -140.52
1 254 394 -21.43
1 276 484 -140.52
1 282 451 -281.03
1 134 173 -1264.65
1 145 139 -140.52
1 150 115 -5480.13
1 152 115 -562.06
1 206 299 -3.91
1 239 305 -271.5
1 261 461 -140.52
1 289 412 -140.52
