1 62 1 3798.3
1 61 2 3770.7
1 60 3 3749.7
1 59 4 3733.5
1 58 5 3721.5
1 57 6 3713.4
1 56 7 3709.2
1 55 8 3709.0
1 54 9 3713.4
1 53 10 3722.5
1 52 11 3736.7
1 51 12 3755.5
1 49 13 3767.8
1 50 13 3777.1
1 48 14 3789.3
1 47 15 3784.5
1 46 16 3776.7
1 45 17 3766.9
1 45 18 3767.6
1 45 19 3768.3
1 44 20 3756.4
1 44 21 3756.2
1 44 22 3755.5
1 44 23 3754.2
1 44 24 3752.2
1 44 25 3749.4
1 44 26 3745.6
1 44 27 3740.7
1 44 28 3734.5
1 44 29 3727.0
1 44 30 3717.9
1 44 31 3707.0
1 44 32 3694.2
1 44 33 3679.1
1 44 34 3661.5
1 44 35 3641.1
1 44 36 3617.4
1 44 37 3589.8
1 44 38 3557.8
1 44 39 3520.3
1 44 40 3476.1
1 44 41 3422.8
1 43 42 3304.0
1 43 43 3265.0
1 43 44 3203.3
1 42 45 3052.1
1 42 46 2997.6
1 40 47 2765.7
1 41 47 2812.0
1 40 48 2729.6
1 40 49 2663.5
1 40 50 2567.6
1 35 78 4859.7
1 35 79 4888.1
1 34 80 4945.1
1 33 81 5025.5
1 32 82 5089.1
1 31 83 5102.5
1 30 84 5114.2
1 29 85 5123.1
1 28 86 5145.4
1 27 87 5164.2
1 26 88 5190.3
1 25 89 5217.8
1 25 90 5254.2
1 24 91 5241.3
1 24 92 5256.5
1 24 93 5293.6
1 24 94 5330.6
1 23 95 5345.7
1 23 96 5386.0
1 23 97 5422.3
1 22 98 5430.3
1 22 99 5471.4
1 22 100 5508.4
1 22 101 5545.7
1 21 102 5566.0
1 21 103 5611.1
1 20 104 5633.2
1 20 105 5675.7
1 19 106 5707.7
1 19 107 5752.1
1 18 108 5788.7
1 18 109 5828.5
1 17 110 5747.7
1 17 111 5758.8
1 17 112 5868.1
1 65 109 6030.5
1 66 109 6027.0
1 67 109 5976.4
1 68 109 5941.6
1 69 109 5951.1
1 62 110 5964.5
1 63 110 6002.2
1 64 110 6023.1
1 70 110 6040.0
1 60 111 5859.4
1 61 111 5880.9
1 71 111 6106.0
1 37 112 5647.1
1 38 112 5707.3
1 39 112 5768.9
1 40 112 5814.4
1 41 112 5851.4
1 42 112 5873.4
1 43 112 5884.6
1 44 112 5893.7
1 45 112 5900.9
1 46 112 5910.4
1 47 112 5919.3
1 48 112 5936.9
1 55 112 5739.6
1 56 112 5761.3
1 57 112 5778.4
1 58 112 5795.2
1 59 112 5810.1
1 72 112 6143.0
1 16 113 5956.8
1 33 113 5631.7
1 34 113 5615.1
1 35 113 5599.2
1 36 113 5578.7
1 49 113 5930.6
1 50 113 5908.4
1 51 113 5855.3
1 52 113 5800.7
1 53 113 5744.1
1 54 113 5707.4
1 73 113 6175.3
1 16 114 6015.9
1 29 114 5721.3
1 30 114 5696.1
1 31 114 5668.3
1 32 114 5633.3
1 74 114 6198.4
1 75 114 6202.5
1 16 115 6072.6
1 25 115 5833.0
1 26 115 5810.2
1 27 115 5781.0
1 28 115 5741.0
1 76 115 6234.3
1 16 116 6127.9
1 21 116 5975.7
1 22 116 5990.6
1 23 116 5903.4
1 24 116 5863.2
1 77 116 6249.5
1 78 116 6247.6
1 79 116 6260.2
1 16 117 6182.1
1 20 117 6023.7
1 80 117 6281.1
1 81 117 6279.2
1 82 117 6258.6
1 83 117 6231.1
1 84 117 6202.0
1 16 118 6219.5
1 17 118 6185.7
1 18 118 6138.6
1 19 118 6085.1
1 85 118 6131.5
1 85 119 6089.7
1 86 120 6072.5
1 86 121 6095.2
1 86 122 6120.0
1 86 123 6137.3
1 86 124 6149.7
1 86 125 6159.3
1 86 126 6166.4
1 86 127 6170.1
1 86 128 6170.7
1 86 129 6169.0
1 86 130 6166.3
1 86 131 6162.1
1 86 132 6155.2
1 86 133 6146.5
1 86 134 6134.7
1 86 135 6118.8
1 86 136 6099.7
1 85 137 6050.6
1 85 138 6037.7
1 84 139 6032.8
1 83 140 6073.8
1 82 141 6157.7
1 82 142 6174.0
1 81 143 6226.7
1 80 144 6287.2
1 79 145 6356.2
1 78 146 6419.8
1 77 147 6487.1
1 76 148 6559.0
1 75 149 6636.4
1 75 150 6700.7
1 75 151 6761.3
1 75 152 6821.9
1 75 153 6868.8
1 76 154 6862.0
1 77 154 6849.2
1 78 154 6839.0
1 79 155 6827.7
1 80 155 6815.1
1 81 156 6797.5
1 82 157 6771.0
1 82 158 6748.6
1 83 158 6734.5
1 84 159 6704.6
1 84 160 6676.8
1 84 161 6652.4
1 84 162 6628.5
1 85 163 6603.4
1 86 164 6574.0
1 87 165 6537.0
1 88 166 6502.2
1 89 167 6468.6
1 90 168 6387.2
1 90 169 6337.2
1 91 170 6269.8
1 92 171 6198.4
1 93 172 6167.7
1 94 173 6141.2
1 94 174 6138.8
1 95 175 6123.4
1 95 176 6109.0
1 95 177 6113.7
1 95 178 6120.7
1 95 179 6126.0
1 96 180 5954.7
1 97 181 5971.7
1 98 182 5989.2
1 99 183 6006.7
1 100 184 6022.5
1 101 185 6037.9
1 102 185 6046.3
1 103 185 6061.9
1 104 186 6096.3
1 105 186 6097.4
1 106 187 6100.6
1 107 188 6096.4
1 108 189 5914.1
1 108 190 5916.1
1 108 191 5917.1
1 108 192 5916.7
1 108 193 5912.5
1 107 194 5707.4
1 107 195 5703.4
1 107 196 5695.6
1 107 197 5685.3
1 107 198 5673.3
1 106 199 5634.9
1 106 200 5622.0
1 105 201 5576.1
1 105 202 5562.9
1 104 203 5522.4
1 104 204 5513.7
1 104 205 5498.7
1 104 206 5477.3
1 104 207 5444.2
1 98 208 5460.6
1 99 208 5470.7
1 100 208 5483.1
1 101 208 5496.0
1 102 208 5513.7
1 103 208 5542.4
1 97 209 5451.3
1 97 210 5450.1
1 97 211 5446.0
1 97 212 5440.7
1 96 213 5424.1
1 95 214 5416.7
1 95 215 5415.4
1 94 216 5408.0
1 94 217 5407.1
1 94 218 5406.4
1 95 219 5410.6
1 96 220 5414.1
1 97 221 5418.0
1 97 222 5416.9
1 98 223 5420.2
1 98 224 5418.8
1 99 225 5422.9
1 99 226 5421.0
1 100 227 5242.1
1 128 227 5398.5
1 129 227 5461.6
1 101 228 5248.0
1 107 228 5142.9
1 108 228 5167.8
1 109 228 5196.4
1 110 228 5228.4
1 111 228 5263.1
1 125 228 5283.4
1 126 228 5309.8
1 127 228 5318.0
1 130 228 5187.6
1 131 228 5194.1
1 132 228 5188.2
1 133 228 5189.3
1 134 228 5195.5
1 135 228 5209.9
1 136 228 5226.9
1 137 228 5240.2
1 138 228 5267.0
1 102 229 5252.8
1 106 229 5280.7
1 112 229 5117.3
1 118 229 5143.6
1 119 229 5162.0
1 120 229 5177.9
1 121 229 5192.0
1 122 229 5203.3
1 123 229 5212.7
1 124 229 5215.2
1 139 229 5340.3
1 103 230 5256.3
1 104 230 5258.9
1 105 230 5261.9
1 113 230 5133.9
1 114 230 5125.4
1 115 230 5121.1
1 116 230 5118.6
1 117 230 5110.7
1 140 230 5307.1
1 139 231 5374.7
1 137 232 5411.3
1 138 232 5410.6
1 136 233 5414.6
1 135 234 5407.4
1 133 235 5374.7
1 134 235 5388.0
1 132 236 5357.8
1 130 237 5314.5
1 131 237 5329.7
1 129 238 5303.3
1 128 239 5287.2
1 127 240 5267.3
1 127 241 5257.5
1 127 242 5244.6
1 128 243 5252.9
1 129 244 5251.2
1 129 245 5238.5
1 130 246 5234.7
1 131 246 5233.6
1 132 246 5236.5
1 133 246 5245.8
1 134 246 5263.2
1 135 246 5289.6
1 136 246 5316.8
1 137 246 5336.8
1 138 246 5358.8
1 139 247 5409.5
1 140 247 5434.0
1 141 247 5471.5
1 142 247 5514.8
1 143 248 5577.8
1 144 249 5671.3
1 144 250 5698.1
1 145 251 5749.9
1 145 252 5775.5
1 145 253 5795.8
1 146 254 5829.1
1 146 255 5826.5
1 146 256 5820.5
1 146 257 5812.6
1 146 258 5802.4
1 146 259 5790.6
1 146 260 5777.2
1 146 261 5764.9
1 146 262 5751.7
1 146 263 5738.5
1 146 264 5728.4
1 146 265 0.0
1 147 266 5482.8
1 147 267 5453.7
1 147 268 5428.8
1 147 269 5389.1
1 147 270 5356.1
1 148 271 5306.0
1 148 272 5279.2
1 148 273 5252.1
1 148 274 5230.3
1 149 274 5215.4
1 149 275 5175.8
1 149 276 5143.6
1 149 277 5091.0
1 149 278 5036.4
1 150 279 5132.7
1 150 280 5087.7
1 150 281 5046.5
1 150 282 5016.2
1 151 283 4932.5
1 151 284 4888.7
1 151 285 4855.4
1 152 286 4761.4
1 152 287 4706.8
1 152 288 4662.5
1 152 289 4628.0
1 153 290 4722.8
1 153 291 4696.3
1 153 292 4704.2
1 154 293 4715.0
1 154 294 4726.6
1 154 295 4736.1
1 154 296 4742.2
1 155 297 4760.1
1 155 298 4763.9
1 156 299 4586.8
1 157 299 4593.1
1 158 299 4602.6
1 159 299 4615.1
1 160 299 4631.1
1 161 299 4650.5
1 162 300 4681.7
1 162 301 4684.5
1 162 302 4683.6
1 162 303 4681.0
1 162 304 4678.3
1 163 305 4857.4
1 163 306 4848.4
1 163 307 4838.6
1 163 308 4829.3
1 163 309 4823.2
1 164 310 5039.4
1 165 311 5081.0
1 166 312 5152.7
1 167 313 5211.3
1 168 314 5244.2
1 168 315 5076.7
1 168 316 5081.0
1 169 316 5088.5
1 169 317 5094.3
1 170 317 5104.1
1 171 318 5105.2
1 171 319 5081.8
1 172 320 5033.9
1 172 321 4986.4
1 172 322 4938.1
1 172 323 4887.1
1 172 324 4847.4
1 173 325 4845.9
1 173 326 4849.5
1 173 327 4851.3
1 174 328 4860.7
1 174 329 4862.3
1 174 330 4863.3
1 175 331 4867.8
1 176 331 4871.8
1 177 331 4877.7
1 178 332 4887.1
1 179 333 4889.7
1 179 334 4886.6
1 179 335 4883.5
1 180 336 4881.0
1 181 337 4872.5
1 181 338 4867.8
1 187 338 4741.0
1 188 338 4762.1
1 189 338 4779.7
1 190 338 4793.4
1 182 339 4858.5
1 186 339 4873.5
1 191 339 4797.0
1 192 339 5216.0
1 182 340 4852.5
1 186 340 4857.8
1 193 340 5215.3
1 182 341 4848.9
1 186 341 4847.8
1 194 341 5215.2
1 195 341 5216.8
1 183 342 4845.3
1 184 342 4845.1
1 185 342 4844.6
1 186 342 4843.5
1 196 342 5216.5
1 196 343 5214.4
1 197 344 5213.3
1 198 345 5210.9
1 199 346 5208.8
1 200 346 5210.4
1 201 346 5212.6
1 202 346 5214.7
1 203 346 5215.5
1 204 346 4424.12
1 205 347 5199.5
1 206 347 5193.3
1 207 348 5398.8
1 207 349 5496.1
1 207 350 5637.0
1 206 351 5696.9
1 205 352 5701.7
1 205 353 5706.2
1 205 354 5711.2
1 206 355 5734.1
1 206 356 5742.3
1 207 357 5767.0
1 208 357 5784.2
1 209 358 5465.4
1 210 359 5522.7
1 211 359 5550.7
1 212 360 5470.5
1 212 361 5507.7
1 208 362 5529.9
1 209 362 5534.6
1 210 362 5541.7
1 211 362 5547.4
1 207 363 5526.1
1 206 364 5520.7
1 206 365 5522.0
1 206 366 5522.2
1 206 367 5521.4
1 206 368 5520.4
1 206 369 5519.2
1 207 369 5525.6
1 208 369 5542.1
1 209 369 5563.8
1 210 369 5588.2
1 211 369 5618.5
1 212 369 5654.9
1 213 369 5699.1
1 214 370 5595.6
1 215 370 5629.4
1 216 372 5626.7
1 214 373 5263.1
1 215 373 5351.3
1 214 374 5220.0
1 213 375 5270.2
1 212 376 5247.8
1 211 377 5194.7
1 211 378 5183.6
1 211 379 5178.1
1 211 380 5180.2
1 211 381 5189.3
1 211 382 5243.7
1 211 383 5293.5
1 212 384 45000.0
1 212 385 45000.0
1 212 386 45000.0
1 212 387 45000.0
1 212 388 45000.0
1 212 389 45000.0
1 212 390 45000.0
1 212 391 45000.0
1 212 392 45000.0
1 212 393 45000.0
1 213 394 45000.0
1 213 395 45000.0
1 213 396 45000.0
1 213 397 45000.0
1 213 398 45000.0
1 213 399 45000.0
1 213 400 45000.0
1 213 401 45000.0
1 213 402 45000.0
1 214 403 45000.0
1 214 404 45000.0
1 214 405 45000.0
1 214 406 45000.0
1 214 407 45000.0
1 214 409 45000.0
1 214 410 45000.0
1 214 411 45000.0
1 214 412 45000.0
1 214 413 45000.0
1 214 414 45000.0
1 214 415 45000.0
1 215 416 45000.0
1 215 417 45000.0
1 227 417 45000.0
1 228 417 45000.0
1 229 417 45000.0
1 216 418 45000.0
1 226 418 45000.0
1 230 418 45000.0
1 217 419 45000.0
1 218 419 45000.0
1 219 419 45000.0
1 220 419 45000.0
1 221 419 45000.0
1 222 419 45000.0
1 223 419 45000.0
1 224 419 45000.0
1 225 419 45000.0
1 229 419 45000.0
1 229 420 45000.0
1 226 421 45000.0
1 227 421 45000.0
1 228 421 45000.0
1 224 422 45000.0
1 225 422 45000.0
1 224 423 45000.0
1 224 424 45000.0
1 225 424 45000.0
1 226 424 45000.0
1 227 424 45000.0
1 228 424 45000.0
1 229 425 45000.0
1 229 426 45000.0
1 229 427 45000.0
1 229 428 45000.0
1 229 429 45000.0
1 228 430 45000.0
1 228 431 45000.0
1 228 432 45000.0
1 228 433 45000.0
1 228 434 45000.0
1 228 435 45000.0
1 229 435 45000.0
1 230 436 45000.0
1 230 437 45000.0
1 230 438 45000.0
1 230 439 45000.0
1 230 440 45000.0
1 230 441 45000.0
1 230 442 45000.0
1 230 443 45000.0
1 230 444 45000.0
1 230 445 45000.0
1 230 446 45000.0
1 230 447 45000.0
1 230 448 45000.0
1 230 449 45000.0
1 230 450 45000.0
1 230 451 45000.0
1 230 452 45000.0
1 230 453 45000.0
1 230 454 45000.0
1 230 455 45000.0
1 230 456 45000.0
1 231 457 45000.0
1 231 458 45000.0
1 231 459 45000.0
1 231 460 45000.0
1 232 461 45000.0
1 232 462 45000.0
1 232 463 45000.0
1 232 464 45000.0
1 233 464 45000.0
1 234 464 45000.0
1 235 464 45000.0
1 236 464 45000.0
1 237 464 45000.0
1 238 464 45000.0
1 239 465 45000.0
1 239 466 45000.0
1 239 467 5337.1
1 238 468 5337.1
1 238 469 5337.1
1 238 470 5337.1
1 239 471 5337.1
1 240 471 5337.1
1 241 472 5337.1
1 242 472 5337.1
1 243 472 5337.1
1 244 473 5337.1
1 245 474 5337.1
1 246 475 5337.1
1 246 476 5337.1
1 246 477 5337.1
1 246 478 5337.1
1 246 479 5337.1
1 246 480 5337.1
1 245 481 5337.1
1 245 482 5337.1
1 244 483 5337.1
1 243 484 5337.1
1 243 485 5337.1
1 243 486 5337.1
1 243 487 5337.1
1 243 488 5337.1
1 243 489 5337.1
1 242 490 5337.1
1 242 491 5337.1
1 241 492 5337.1
1 241 493 5337.1
1 240 494 5337.1
1 239 495 5337.1
1 238 496 5337.1
1 235 497 5337.1
1 236 497 5337.1
1 237 497 5337.1
1 233 498 5337.1
1 234 498 5337.1
1 233 499 5337.1
1 232 500 5337.1
1 231 501 5337.1
1 231 502 5337.1
1 231 503 5337.1
1 231 504 5337.1
1 231 505 5337.1
1 231 506 5337.1
1 231 507 5337.1
1 231 508 5337.1
1 231 509 5337.1
1 231 510 5337.1
1 231 511 5337.1
1 231 512 5337.1
1 231 513 5337.1
1 231 514 5337.1
1 231 515 5337.1
1 232 516 5337.1
1 232 517 5337.1
1 232 518 5337.1
1 233 519 5337.1
1 233 520 5337.1
1 233 521 5337.1
1 234 522 5337.1
1 234 523 5337.1
1 235 524 5337.1
1 235 525 5337.1
1 236 525 5337.1
1 237 525 5337.1
1 238 525 5337.1
1 239 526 5337.1
1 239 527 5337.1
1 240 528 5437.9
1 240 529 5453.1
1 241 530 5519.7
1 241 531 5549.7
1 241 532 5566.6
1 241 533 5578.1
1 241 534 5586.4
1 242 535 5064.8
1 242 536 5076.1
1 243 536 5094.1
1 244 536 5126.6
1 245 536 5155.2
1 246 537 5210.6
1 246 538 5227.7
1 247 539 5267.6
1 248 540 5303.1
1 249 540 5315.2
1 250 540 5331.6
1 251 541 5365.2
1 250 544 5398.8
1 251 544 5401.1
1 245 545 5344.2
1 246 545 5355.4
1 247 545 5374.0
1 248 545 5387.7
1 249 545 5393.2
1 243 546 5317.7
1 244 546 5321.7
1 243 547 5318.4
1 242 548 5314.5
1 242 549 5314.8
1 241 550 5308.6
1 241 551 5306.9
1 240 552 5296.5
1 239 553 5285.5
1 238 554 0.0
1 237 555 5249.9
1 236 556 5248.8
1 236 557 5248.8
1 232 558 5189.1
1 233 558 5186.1
1 234 558 5193.8
1 235 558 5197.3
1 232 559 5201.2
1 231 560 5201.4
1 231 561 5209.8
1 231 562 5216.5
1 231 563 5221.6
1 231 564 5222.9
1 230 565 5389.7
1 230 566 5382.9
1 230 567 5372.0
1 230 568 5359.6
1 215 371 5678.1
1 39 51 6043.2
1 39 52 5967.8
1 38 53 5714.5
1 38 54 5641.8
1 37 55 5375.6
1 36 56 5152.8
1 35 57 4950.0
1 35 58 4889.0
1 35 59 4787.7
1 35 60 8397.7
1 35 61 8262.3
1 35 62 8125.5
1 35 63 7985.2
1 35 64 7841.2
1 35 65 7693.4
1 35 66 7542.6
1 35 67 7395.4
1 35 68 7276.3
1 36 69 10770.0
1 36 70 10502.6
1 36 71 10250.3
1 36 72 10007.1
1 36 73 9772.1
1 36 74 9559.1
1 36 75 9377.7
1 36 76 9287.9
1 36 77 9255.2
1 230 569 5347.0
1 230 570 5333.5
1 230 571 5317.4
1 230 572 5306.0
1 230 573 5316.9
1 230 574 5332.4
1 230 575 5342.6
1 230 576 5344.7
1 230 577 5179.6
1 230 578 5212.8
1 230 579 5245.9
1 230 580 5275.3
1 230 581 5278.4
1 230 582 5283.8
1 230 583 5286.3
1 230 584 5285.4
1 230 585 5282.0
1 230 586 5277.4
1 230 587 5271.3
1 230 588 5267.4
1 229 589 5251.5
1 229 590 5242.2
1 228 591 5219.5
1 228 592 5203.8
1 228 593 5186.5
1 228 594 5164.3
1 227 595 5120.1
1 227 596 5096.9
1 227 597 5068.8
1 227 598 5035.6
1 227 599 4786.4
1 226 600 4700.2
1 226 601 4698.2
1 226 602 4696.9
1 226 603 4697.6
1 225 604 4268.5
1 224 605 4268.5
1 223 606 4290.4
1 222 607 4310.8
1 223 605 4275.0
1 114 114 -3484.8
1 117 120 -1177.98
1 129 121 -7840.8
1 130 122 -742.3760000000001
1 133 112 -16843.2
1 135 194 -1032.78
1 138 201 -3194.4
1 139 168 -871.2
1 140 168 -2613.6
1 141 191 -5082.0
1 143 126 -10164.0
1 143 172 -3484.8
1 143 190 -2468.4
1 144 166 -5953.2
1 144 172 -3920.4
1 144 182 -6243.6
1 144 190 -1452.0
1 145 161 -8857.2
1 145 164 -145.2
1 146 117 -5808.0
1 146 188 -145.2
1 146 190 -1887.6
1 147 132 -2323.2
1 147 145 -742.3760000000001
1 148 167 -7114.8
1 148 176 -742.3760000000001
1 148 196 -3194.4
1 149 145 -8276.4
1 149 146 -5953.2
1 150 124 -4791.6
1 150 141 -2758.8
1 150 198 -9292.8
1 151 142 -6824.4
1 151 195 -5227.2
1 152 123 -9438.0
1 152 125 -1177.98
1 152 132 -1468.38
1 153 142 -16988.4
1 153 192 -7260.0
1 154 125 -145.2
1 154 171 -1758.78
1 154 249 -1452.0
1 155 112 -6388.8
1 155 129 -290.4
1 155 141 -24248.4
1 156 129 -125308.0
1 156 146 -10309.2
1 157 116 -6098.4
1 157 135 -3081.95
1 157 140 -17859.6
1 157 251 -2032.8
1 158 133 -5533.98
1 158 137 -5808.0
1 158 181 -18876.0
1 159 119 -45302.4
1 159 173 -12777.6
1 161 125 -290.4
1 161 188 -11180.4
1 162 119 -1161.6
1 162 121 -16698.0
1 162 128 -143893.0
1 162 132 -11470.8
1 162 140 -435.6
1 162 167 -871.2
1 162 169 -1161.6
1 163 138 -1903.98
1 164 135 -3049.2
1 164 187 -7405.2
1 165 130 -6534.0
1 165 131 -435.6
1 166 126 -1016.4
1 167 259 -290.4
1 168 123 -290.4
1 168 208 -3194.4
1 169 163 -7695.6
1 170 131 -4791.6
1 170 132 -871.2
1 170 163 -3194.4
1 171 131 -4210.8
1 171 132 -3920.4
1 172 130 -4936.8
1 172 218 -10454.4
1 173 224 -3920.4
1 174 123 -290.4
1 175 134 -6969.6
1 175 204 -580.8
1 176 176 -2032.8
1 176 202 -145.2
1 177 133 -11761.2
1 177 211 -2904.0
1 178 164 -5808.0
1 179 181 -4791.6
1 179 183 -6243.6
1 179 210 -11761.2
1 180 208 -16262.4
1 183 184 -7986.0
1 184 246 -1742.4
1 187 200 -6679.2
1 188 198 -6388.8
1 188 240 -4791.6
1 188 258 -5227.2
1 191 281 -4065.6
1 193 256 -3920.4
1 193 260 -19262.4
1 197 204 -1742.4
1 197 252 -726.0
1 198 297 -435.6
1 198 298 -742.3760000000001
1 199 211 -2758.8
1 199 231 -1452.0
1 199 298 -742.3760000000001
1 200 298 -742.3760000000001
1 201 234 -290.4
1 203 275 -6824.4
1 203 280 -1016.4
1 204 248 -18146.2
1 205 300 -780.2360000000001
1 206 286 -1726.02
1 206 300 -1484.75
1 210 264 -580.8
1 211 255 -6534.0
1 212 226 -580.8
1 213 264 -145.2
1 213 300 -580.8
1 214 240 -18295.2
1 215 260 -2904.0
1 216 238 -4356.0
1 216 267 -1306.8
1 217 264 -2032.8
1 217 365 -435.6
1 218 179 -46028.4
1 219 310 -1306.8
1 221 223 -145.2
1 221 284 -11342.8
1 222 352 -8515.04
1 222 358 -290.4
1 222 369 -9583.2
1 223 271 -2323.2
1 224 301 -2468.4
1 224 374 -6851.87
1 226 311 -2904.0
1 226 350 -157.64
1 226 365 -1799.67
1 226 382 -3639.68
1 228 225 -2468.4
1 230 255 -3775.2
1 230 361 -2468.4
1 231 401 -742.3760000000001
1 232 256 -1306.8
1 232 364 -310.91
1 232 370 -14415.2
1 233 337 -742.3760000000001
1 233 376 -2036.85
1 233 394 -1484.75
1 233 399 -44431.2
1 234 304 -3903.8
1 234 393 -742.3760000000001
1 235 400 -1016.4
1 236 263 -871.2
1 236 351 -2178.0
1 237 237 -1887.6
1 237 316 -26083.9
1 237 357 -1634.25
1 237 389 -742.3760000000001
1 238 221 -580.8
1 238 398 -36.71
1 238 605 -3752.84
1 238 609 -1484.75
1 239 250 -290.4
1 239 338 -1161.6
1 239 426 -580.8
1 239 605 -3711.88
1 239 606 -2227.13
1 239 619 -742.3760000000001
1 240 380 -742.3760000000001
1 240 426 -742.3760000000001
1 240 608 -2969.5
1 241 335 -1597.2
1 241 342 -2613.6
1 241 358 -145.2
1 241 604 -742.3760000000001
1 242 311 -6077.44
1 243 357 -2904.0
1 243 371 -11726.9
1 243 389 -1452.0
1 243 431 -147.99
1 243 605 -3711.88
1 244 431 -81.42
1 244 605 -4454.25
1 244 621 -1484.75
1 245 238 -7840.8
1 245 322 -27226.3
1 245 337 -742.3760000000001
1 245 370 -175.57
1 245 621 -742.3760000000001
1 246 321 -3822.33
1 246 618 -2227.13
1 247 344 -742.3760000000001
1 247 383 -10268.5
1 247 384 -2195090.0
1 248 251 -24253.4
1 248 424 -1887.6
1 248 436 -1597.2
1 248 444 -21299.1
1 248 589 -2468.4
1 249 373 -742.3760000000001
1 249 389 -5227.2
1 249 424 -4372.38
1 249 430 -22821.1
1 249 436 -5736.15
1 249 443 -4602.73
1 249 606 -3711.88
1 250 239 -4210.8
1 250 326 -2667.28
1 250 424 -742.3760000000001
1 250 425 -407722.0
1 250 431 -30993.6
1 250 595 -2372.33
1 251 300 -4791.6
1 251 333 -436.11
1 251 356 -25640.0
1 251 408 -440.02
1 251 456 -887.576
1 251 457 -18.41
1 251 594 -742.3760000000001
1 251 595 -769.186
1 251 596 -1484.75
1 252 230 -3049.2
1 252 285 -1597.2
1 252 329 -26046.7
1 252 450 -580.8
1 252 595 -742.3760000000001
1 252 606 -742.3760000000001
1 253 298 -580.8
1 253 331 -11276.7
1 253 332 -14076.0
1 253 420 -9590.93
1 253 445 -60566.3
1 254 338 -3049.2
1 254 367 -435.6
1 254 407 -744.5
1 254 597 -742.3760000000001
1 254 607 -1758.78
1 255 381 -25700.4
1 255 383 -41236.8
1 255 388 -28749.6
1 255 395 -1452.0
1 255 420 -4065.6
1 255 439 -9147.6
1 255 443 -47893.4
1 255 595 -742.3760000000001
1 255 596 -742.3760000000001
1 255 606 -742.3760000000001
1 255 609 -1484.75
1 255 610 -38538.6
1 256 314 -7039.94
1 256 335 -2178.0
1 256 341 -145.2
1 256 370 -4402.51
1 256 413 -2032.8
1 256 586 -47122.7
1 256 593 -2969.5
1 257 238 -435.6
1 257 324 -4924.92
1 257 413 -1887.6
1 257 576 -4912.63
1 257 599 -3675.68
1 257 600 -91911.6
1 258 325 -8756.68
1 258 336 -3597.03
1 258 420 -135685.0
1 258 442 -571196.0
1 258 464 -1306.8
1 258 585 -4454.25
1 258 595 -1484.75
1 258 601 -15972.0
1 258 602 -79154.1
1 259 340 -5243.58
1 259 371 -5324.2
1 259 405 -111043.0
1 259 588 -30294.6
1 259 592 -1205.75
1 259 593 -1035.7
1 260 342 -1597.2
1 260 349 -580.8
1 260 407 -3151720.0
1 260 413 -35059.6
1 260 424 -670.47
1 260 461 -1306.8
1 260 463 -19311.6
1 260 464 -9873.6
1 260 585 -33193.7
1 260 586 -62422.7
1 260 587 -8887.18
1 261 337 -2758.8
1 261 355 -2468.4
1 261 381 -241690.0
1 261 395 -43710.6
1 261 416 -13503.6
1 261 418 -742.3760000000001
1 261 429 -62772.0
1 261 464 -15681.6
1 261 492 -742.3760000000001
1 261 571 -7260.0
1 261 576 -28640.5
1 262 345 -2032.8
1 262 540 -407.65
1 262 564 -2807.94
1 262 567 -32739.6
1 262 568 -13358.4
1 262 570 -106286.0
1 262 571 -2032.8
1 263 340 -580.8
1 263 471 -4065.6
1 263 477 -5372.4
1 263 520 -1484.75
1 263 574 -290.4
1 263 582 -4753.84
1 264 344 -1161.6
1 264 345 -2323.2
1 264 355 -145.2
1 264 367 -1323.18
1 264 383 -13706.7
1 264 407 -2613.6
1 264 428 -84107.5
1 264 468 -78.25
1 264 471 -3484.8
1 264 476 -69115.2
1 264 477 -871.2
1 264 523 -2662.73
1 264 524 -435.6
1 264 549 -3064.26
1 265 364 -17663.0
1 265 374 -101985.0
1 265 380 -51.78
1 265 422 -286396.0
1 265 523 -2284.68
1 266 337 -742.3760000000001
1 266 340 -145.2
1 266 462 -145.2
1 267 391 -10309.2
1 267 463 -1161.6
1 267 555 -887.576
1 267 556 -742.3760000000001
1 268 333 -1887.6
1 268 334 -1742.4
1 268 436 -1583140.0
1 268 455 -31.64
1 268 479 -290.4
1 268 480 -290.4
1 268 489 -7899.62
1 268 545 -42288.7
1 269 349 -435.6
1 269 363 -742.3760000000001
1 269 397 -43414.8
1 269 450 -1306.8
1 269 456 -10953.3
1 269 541 -742.3760000000001
1 270 337 -435.6
1 270 352 -3775.2
1 270 397 -14229.6
1 270 412 -15025.5
1 270 417 -117472.0
1 270 429 -909.04
1 270 481 -742.3760000000001
1 270 483 -1388.01
1 270 484 -742.3760000000001
1 270 486 -8199.18
1 271 319 -45581.9
1 271 335 -726.0
1 271 371 -1306.8
1 271 415 -24131.9
1 271 451 -4356.0
1 271 485 -297.22
1 271 493 -93758.5
1 271 498 -3049.2
1 271 537 -91965.1
1 272 336 -15.25
1 272 337 -19734.2
1 272 351 -15826.8
1 272 366 -2323.2
1 272 368 -57255.5
1 272 388 -782693.0
1 272 450 -3630.0
1 272 451 -17569.2
1 272 453 -145.2
1 272 462 -1700160.0
1 272 490 -290.4
1 272 491 -14.96
1 272 497 -28923.0
1 272 498 -58951.2
1 272 530 -15062.7
1 272 532 -86520.6
1 272 535 -6723.06
1 273 363 -145.2
1 273 410 -1016.4
1 273 480 -10744.8
1 273 510 -1613.58
1 273 516 -21978.0
1 273 517 -513634.0
1 273 518 -374.46
1 274 409 -2032.8
1 274 520 -19311.6
1 274 523 -145.2
1 275 367 -70131.6
1 275 441 -221285.0
1 275 450 -16552.8
1 275 506 -145.2
1 276 364 -2468.4
1 276 366 -56047.2
1 276 446 -1742.4
1 277 294 -67822.9
1 277 390 -3194.4
1 277 407 -315991.0
1 277 431 -5188.86
1 277 454 -3775.2
1 277 468 -145.2
1 277 472 -17458.6
1 277 480 -101447.0
1 277 482 -4791.6
1 278 365 -11761.2
1 278 435 -1671.8
1 278 482 -4791.6
1 279 310 -27812.0
1 279 336 -2758.8
1 279 433 -157228.0
1 279 438 -34148.9
1 279 449 -435.6
1 279 475 -81050.8
1 279 485 -8712.0
1 280 365 -145.2
1 280 433 -11664.9
1 280 442 -7260.0
1 280 469 -20375.8
1 280 471 -44970.6
1 281 458 -481727.0
1 282 409 -3775.2
1 282 424 -1161.6
1 282 430 -435.6
1 282 436 -3132.11
1 282 454 -771.93
1 282 457 -453.14
1 283 429 -201683.0
1 283 449 -35514.9
1 283 452 -18491.8
1 283 455 -70170.4
1 283 468 -38175.5
1 284 339 -18058.4
1 284 457 -3630.0
1 284 463 -203239.0
1 284 481 -8700.65
1 285 306 -12331.4
1 285 336 -456.08
1 285 374 -435.6
1 285 467 -110004.0
1 285 475 -87198.0
1 286 330 -45840.0
1 286 425 -83778.7
1 286 475 -39700.9
1 286 477 -9435.59
1 287 329 -580.42
1 287 388 -20489.3
1 287 426 -742.3760000000001
1 287 477 -21062.9
1 288 419 -6679.2
1 288 423 -1158.74
1 288 426 -742.3760000000001
1 289 351 -8566.8
1 289 404 -146839.0
1 289 459 -291616.0
1 289 468 -5120.64
1 290 374 -7114.8
1 290 382 -194421.0
1 290 402 -9723.05
1 290 411 -4501.2
1 290 412 -12777.6
1 290 413 -12632.4
1 290 420 -826.19
1 291 350 -435.6
1 291 355 -7697.48
1 291 373 -1016.4
1 291 419 -1504370.0
1 292 361 -1161.6
1 292 365 -8566.8
1 292 416 -435.6
1 292 469 -49952.9
1 294 435 -7550.4
1 294 447 -50374.9
1 294 458 -37336.1
1 295 391 -24829.2
1 295 430 -1743420.0
1 296 388 -2430.35
1 296 398 -25925.2
1 296 406 -19250.0
1 296 433 -5953.2
1 297 381 -1306.8
1 297 383 -435.6
1 297 395 -88024.3
1 297 401 -21553.8
1 297 402 -20782.9
1 297 413 -1213880.0
1 297 415 -67372.8
1 297 442 -48346.5
1 298 389 -290.4
1 298 390 -290.4
1 299 354 -435.6
1 299 355 -2295.09
1 299 387 -600.66
1 334 405 -15100.8
1 102 110 -742.3760000000001
1 102 113 -742.3760000000001
1 103 100 -742.3760000000001
1 103 104 -742.3760000000001
1 104 115 -742.3760000000001
1 105 115 -742.3760000000001
1 105 139 -742.3760000000001
1 108 117 -742.3760000000001
1 109 112 -742.3760000000001
1 111 155 -742.3760000000001
1 111 208 -742.3760000000001
1 112 181 -742.3760000000001
1 113 111 -742.3760000000001
1 113 159 -742.3760000000001
1 113 211 -742.3760000000001
1 114 173 -742.3760000000001
1 114 212 -1484.75
1 115 212 -1484.75
1 116 121 -742.3760000000001
1 116 150 -742.3760000000001
1 116 166 -742.3760000000001
1 117 119 -742.3760000000001
1 117 168 -742.3760000000001
1 117 210 -742.3760000000001
1 119 194 -742.3760000000001
1 119 202 -742.3760000000001
1 119 96 -742.3760000000001
1 120 155 -742.3760000000001
1 120 94 -742.3760000000001
1 121 187 -742.3760000000001
1 123 110 -742.3760000000001
1 123 111 -742.3760000000001
1 123 158 -742.3760000000001
1 123 168 -742.3760000000001
1 123 193 -742.3760000000001
1 123 202 -1484.75
1 125 150 -742.3760000000001
1 125 151 -742.3760000000001
1 125 193 -742.3760000000001
1 125 194 -742.3760000000001
1 126 121 -742.3760000000001
1 126 191 -742.3760000000001
1 126 195 -742.3760000000001
1 127 150 -742.3760000000001
1 127 160 -742.3760000000001
1 127 169 -742.3760000000001
1 127 195 -742.3760000000001
1 127 199 -1484.75
1 128 122 -742.3760000000001
1 128 148 -742.3760000000001
1 128 149 -742.3760000000001
1 128 152 -742.3760000000001
1 128 153 -742.3760000000001
1 128 154 -742.3760000000001
1 128 157 -742.3760000000001
1 128 199 -742.3760000000001
1 129 117 -742.3760000000001
1 129 119 -742.3760000000001
1 129 122 -742.3760000000001
1 129 146 -742.3760000000001
1 129 154 -1484.75
1 129 162 -742.3760000000001
1 129 176 -742.3760000000001
1 130 120 -742.3760000000001
1 130 154 -742.3760000000001
1 130 155 -742.3760000000001
1 130 156 -2227.13
1 130 194 -742.3760000000001
1 131 112 -742.3760000000001
1 131 121 -742.3760000000001
1 131 122 -742.3760000000001
1 131 150 -742.3760000000001
1 131 156 -742.3760000000001
1 131 157 -742.3760000000001
1 131 158 -742.3760000000001
1 131 161 -1484.75
1 131 198 -742.3760000000001
1 132 112 -742.3760000000001
1 132 155 -742.3760000000001
1 132 156 -742.3760000000001
1 132 160 -742.3760000000001
1 132 161 -1484.75
1 133 155 -742.3760000000001
1 133 159 -742.3760000000001
1 133 160 -1484.75
1 133 192 -1484.75
1 133 193 -742.3760000000001
1 134 148 -742.3760000000001
1 134 150 -742.3760000000001
1 134 151 -742.3760000000001
1 134 156 -742.3760000000001
1 134 191 -742.3760000000001
1 134 193 -2969.5
1 135 148 -3711.88
1 135 149 -1484.75
1 135 156 -742.3760000000001
1 135 157 -742.3760000000001
1 135 193 -2227.13
1 136 147 -742.3760000000001
1 136 148 -742.3760000000001
1 136 149 -742.3760000000001
1 136 150 -1484.75
1 136 153 -742.3760000000001
1 136 155 -742.3760000000001
1 137 148 -742.3760000000001
1 137 150 -742.3760000000001
1 137 153 -1484.75
1 137 154 -742.3760000000001
1 137 157 -2227.13
1 137 175 -742.3760000000001
1 137 206 -742.3760000000001
1 138 151 -742.3760000000001
1 138 152 -742.3760000000001
1 138 153 -2227.13
1 138 168 -742.3760000000001
1 138 169 -742.3760000000001
1 139 151 -742.3760000000001
1 140 138 -742.3760000000001
1 140 155 -2969.5
1 140 156 -742.3760000000001
1 140 171 -742.3760000000001
1 140 180 -742.3760000000001
1 141 149 -742.3760000000001
1 141 154 -1484.75
1 141 157 -742.3760000000001
1 141 171 -742.3760000000001
1 141 199 -1484.75
1 142 155 -742.3760000000001
1 142 156 -742.3760000000001
1 142 157 -742.3760000000001
1 142 158 -742.3760000000001
1 142 174 -742.3760000000001
1 142 179 -742.3760000000001
1 142 201 -742.3760000000001
1 143 146 -742.3760000000001
1 143 157 -2227.13
1 144 142 -1484.75
1 144 173 -742.3760000000001
1 145 142 -742.3760000000001
1 145 143 -742.3760000000001
1 145 151 -742.3760000000001
1 145 187 -742.3760000000001
1 145 226 -742.3760000000001
1 146 140 -742.3760000000001
1 146 141 -1484.75
1 146 145 -742.3760000000001
1 146 208 -742.3760000000001
1 146 229 -742.3760000000001
1 146 230 -742.3760000000001
1 146 232 -742.3760000000001
1 147 139 -2227.13
1 147 140 -742.3760000000001
1 147 141 -742.3760000000001
1 147 142 -742.3760000000001
1 147 229 -742.3760000000001
1 147 230 -742.3760000000001
1 147 233 -742.3760000000001
1 147 239 -742.3760000000001
1 147 240 -742.3760000000001
1 148 217 -742.3760000000001
1 148 221 -742.3760000000001
1 149 127 -742.3760000000001
1 149 147 -742.3760000000001
1 149 154 -742.3760000000001
1 149 222 -742.3760000000001
1 149 253 -742.3760000000001
1 150 160 -742.3760000000001
1 150 164 -742.3760000000001
1 150 177 -742.3760000000001
1 150 227 -742.3760000000001
1 150 236 -742.3760000000001
1 151 128 -742.3760000000001
1 151 228 -742.3760000000001
1 152 153 -742.3760000000001
1 152 173 -742.3760000000001
1 152 176 -742.3760000000001
1 152 222 -742.3760000000001
1 152 228 -742.3760000000001
1 153 126 -742.3760000000001
1 153 136 -742.3760000000001
1 153 155 -742.3760000000001
1 153 232 -742.3760000000001
1 153 238 -742.3760000000001
1 153 253 -742.3760000000001
1 154 126 -742.3760000000001
1 154 133 -742.3760000000001
1 154 161 -742.3760000000001
1 154 172 -742.3760000000001
1 154 220 -742.3760000000001
1 154 244 -742.3760000000001
1 155 170 -1484.75
1 155 216 -742.3760000000001
1 155 262 -742.3760000000001
1 156 160 -742.3760000000001
1 156 211 -742.3760000000001
1 156 223 -742.3760000000001
1 157 132 -742.3760000000001
1 157 133 -742.3760000000001
1 157 134 -2227.13
1 157 136 -742.3760000000001
1 157 194 -742.3760000000001
1 157 207 -742.3760000000001
1 157 240 -742.3760000000001
1 158 135 -742.3760000000001
1 158 248 -742.3760000000001
1 159 152 -742.3760000000001
1 159 231 -742.3760000000001
1 159 240 -742.3760000000001
1 159 247 -742.3760000000001
1 159 248 -742.3760000000001
1 159 250 -742.3760000000001
1 159 251 -742.3760000000001
1 159 257 -742.3760000000001
1 160 133 -742.3760000000001
1 160 249 -1484.75
1 160 251 -1484.75
1 160 252 -742.3760000000001
1 160 253 -742.3760000000001
1 160 262 -742.3760000000001
1 161 144 -1484.75
1 161 251 -742.3760000000001
1 161 253 -742.3760000000001
1 162 137 -1484.75
1 162 252 -1484.75
1 162 253 -742.3760000000001
1 163 152 -742.3760000000001
1 163 190 -742.3760000000001
1 163 236 -742.3760000000001
1 164 278 -742.3760000000001
1 164 290 -742.3760000000001
1 164 299 -742.3760000000001
1 165 133 -1484.75
1 165 134 -1484.75
1 165 135 -742.3760000000001
1 165 290 -742.3760000000001
1 166 131 -742.3760000000001
1 166 132 -742.3760000000001
1 166 133 -1484.75
1 166 134 -742.3760000000001
1 166 135 -742.3760000000001
1 166 210 -742.3760000000001
1 166 254 -742.3760000000001
1 166 255 -742.3760000000001
1 167 127 -742.3760000000001
1 167 132 -1484.75
1 167 133 -1484.75
1 167 134 -2227.13
1 167 256 -742.3760000000001
1 167 288 -742.3760000000001
1 167 294 -742.3760000000001
1 168 130 -742.3760000000001
1 168 131 -742.3760000000001
1 168 132 -2969.5
1 168 133 -2969.5
1 168 286 -742.3760000000001
1 168 287 -1484.75
1 168 291 -1484.75
1 169 128 -1484.75
1 169 129 -2969.5
1 169 131 -742.3760000000001
1 169 132 -3711.88
1 169 133 -2227.13
1 169 134 -6681.38
1 169 135 -742.3760000000001
1 169 236 -742.3760000000001
1 169 260 -742.3760000000001
1 169 271 -742.3760000000001
1 169 287 -742.3760000000001
1 169 290 -742.3760000000001
1 170 133 -2227.13
1 170 134 -8908.51
1 170 136 -742.3760000000001
1 170 187 -742.3760000000001
1 170 256 -742.3760000000001
1 170 287 -742.3760000000001
1 170 292 -742.3760000000001
1 171 133 -1484.75
1 171 134 -742.3760000000001
1 171 136 -3711.88
1 171 290 -742.3760000000001
1 172 257 -742.3760000000001
1 172 284 -742.3760000000001
1 172 295 -1484.75
1 172 311 -742.3760000000001
1 173 258 -742.3760000000001
1 173 278 -742.3760000000001
1 173 290 -742.3760000000001
1 173 292 -742.3760000000001
1 173 293 -1484.75
1 173 294 -742.3760000000001
1 174 124 -742.3760000000001
1 174 253 -742.3760000000001
1 174 261 -742.3760000000001
1 174 270 -742.3760000000001
1 174 283 -742.3760000000001
1 174 289 -742.3760000000001
1 174 293 -742.3760000000001
1 175 260 -742.3760000000001
1 175 288 -742.3760000000001
1 175 292 -1484.75
1 175 293 -742.3760000000001
1 175 296 -742.3760000000001
1 175 305 -742.3760000000001
1 176 274 -742.3760000000001
1 176 305 -742.3760000000001
1 177 289 -742.3760000000001
1 177 290 -742.3760000000001
1 178 243 -742.3760000000001
1 178 280 -742.3760000000001
1 178 285 -742.3760000000001
1 178 302 -742.3760000000001
1 178 305 -742.3760000000001
1 178 306 -742.3760000000001
1 178 311 -742.3760000000001
1 179 278 -742.3760000000001
1 179 285 -742.3760000000001
1 180 149 -742.3760000000001
1 180 286 -742.3760000000001
1 181 297 -742.3760000000001
1 181 307 -742.3760000000001
1 181 308 -742.3760000000001
1 183 242 -742.3760000000001
1 183 285 -742.3760000000001
1 183 295 -742.3760000000001
1 183 308 -742.3760000000001
1 183 309 -742.3760000000001
1 183 318 -742.3760000000001
1 184 263 -742.3760000000001
1 184 285 -742.3760000000001
1 184 313 -742.3760000000001
1 184 319 -742.3760000000001
1 185 257 -742.3760000000001
1 185 305 -742.3760000000001
1 185 306 -742.3760000000001
1 185 307 -742.3760000000001
1 185 315 -742.3760000000001
1 186 255 -742.3760000000001
1 186 265 -742.3760000000001
1 186 307 -1484.75
1 186 310 -742.3760000000001
1 188 262 -742.3760000000001
1 188 294 -742.3760000000001
1 188 295 -742.3760000000001
1 189 295 -742.3760000000001
1 189 309 -742.3760000000001
1 190 307 -742.3760000000001
1 190 308 -742.3760000000001
1 190 324 -742.3760000000001
1 191 292 -1484.75
1 191 304 -742.3760000000001
1 191 305 -742.3760000000001
1 192 258 -742.3760000000001
1 192 284 -742.3760000000001
1 192 304 -742.3760000000001
1 192 316 -742.3760000000001
1 192 319 -742.3760000000001
1 193 262 -742.3760000000001
1 193 301 -742.3760000000001
1 193 311 -742.3760000000001
1 193 313 -1484.75
1 194 284 -742.3760000000001
1 194 313 -742.3760000000001
1 195 269 -742.3760000000001
1 195 287 -742.3760000000001
1 195 289 -742.3760000000001
1 195 300 -742.3760000000001
1 195 311 -742.3760000000001
1 195 313 -742.3760000000001
1 196 269 -742.3760000000001
1 196 275 -742.3760000000001
1 196 303 -742.3760000000001
1 196 324 -742.3760000000001
1 196 333 -742.3760000000001
1 197 264 -742.3760000000001
1 197 283 -742.3760000000001
1 197 300 -742.3760000000001
1 197 322 -742.3760000000001
1 197 325 -742.3760000000001
1 198 242 -742.3760000000001
1 198 276 -1484.75
1 198 309 -742.3760000000001
1 198 311 -742.3760000000001
1 199 283 -742.3760000000001
1 199 311 -742.3760000000001
1 199 324 -742.3760000000001
1 200 280 -742.3760000000001
1 200 286 -742.3760000000001
1 200 296 -742.3760000000001
1 200 299 -742.3760000000001
1 200 306 -742.3760000000001
1 200 307 -742.3760000000001
1 200 312 -742.3760000000001
1 200 343 -742.3760000000001
1 200 345 -742.3760000000001
1 201 257 -742.3760000000001
1 202 280 -742.3760000000001
1 202 287 -742.3760000000001
1 202 297 -742.3760000000001
1 202 301 -742.3760000000001
1 202 302 -742.3760000000001
1 203 215 -742.3760000000001
1 203 304 -742.3760000000001
1 203 305 -742.3760000000001
1 203 309 -742.3760000000001
1 203 315 -742.3760000000001
1 205 263 -742.3760000000001
1 205 303 -742.3760000000001
1 205 304 -742.3760000000001
1 205 317 -742.3760000000001
1 205 318 -742.3760000000001
1 205 319 -742.3760000000001
1 206 264 -742.3760000000001
1 206 270 -742.3760000000001
1 206 301 -742.3760000000001
1 206 304 -742.3760000000001
1 206 315 -742.3760000000001
1 206 317 -1484.75
1 207 262 -742.3760000000001
1 207 300 -742.3760000000001
1 207 301 -1484.75
1 207 303 -742.3760000000001
1 207 304 -742.3760000000001
1 207 306 -1484.75
1 207 315 -742.3760000000001
1 207 317 -742.3760000000001
1 208 298 -1484.75
1 208 299 -1484.75
1 208 306 -742.3760000000001
1 208 317 -742.3760000000001
1 208 328 -742.3760000000001
1 209 284 -742.3760000000001
1 209 297 -742.3760000000001
1 209 302 -742.3760000000001
1 210 284 -742.3760000000001
1 210 301 -742.3760000000001
1 210 302 -742.3760000000001
1 210 342 -742.3760000000001
1 211 301 -742.3760000000001
1 211 321 -742.3760000000001
1 212 295 -742.3760000000001
1 212 347 -742.3760000000001
1 213 226 -742.3760000000001
1 213 287 -742.3760000000001
1 213 303 -742.3760000000001
1 213 329 -742.3760000000001
1 214 319 -742.3760000000001
1 215 289 -742.3760000000001
1 215 311 -742.3760000000001
1 215 353 -742.3760000000001
1 216 323 -742.3760000000001
1 216 341 -742.3760000000001
1 217 244 -742.3760000000001
1 217 249 -742.3760000000001
1 217 351 -742.3760000000001
1 218 209 -742.3760000000001
1 218 243 -742.3760000000001
1 218 292 -742.3760000000001
1 218 345 -1484.75
1 221 240 -742.3760000000001
1 221 611 -742.3760000000001
1 222 254 -742.3760000000001
1 222 362 -742.3760000000001
1 224 338 -742.3760000000001
1 224 359 -742.3760000000001
1 225 323 -742.3760000000001
1 225 329 -742.3760000000001
1 225 332 -742.3760000000001
1 225 368 -742.3760000000001
1 225 373 -742.3760000000001
1 225 378 -742.3760000000001
1 225 382 -1484.75
1 226 323 -742.3760000000001
1 226 388 -1484.75
1 226 618 -742.3760000000001
1 227 315 -742.3760000000001
1 228 606 -742.3760000000001
1 229 385 -1484.75
1 229 392 -742.3760000000001
1 229 393 -742.3760000000001
1 229 397 -2969.5
1 229 618 -3711.88
1 230 338 -742.3760000000001
1 230 373 -1484.75
1 230 384 -742.3760000000001
1 230 392 -1484.75
1 230 393 -2969.5
1 230 396 -742.3760000000001
1 230 605 -742.3760000000001
1 231 343 -742.3760000000001
1 231 383 -742.3760000000001
1 231 392 -3711.88
1 231 393 -8166.13
1 231 398 -742.3760000000001
1 231 603 -742.3760000000001
1 231 607 -1484.75
1 232 259 -742.3760000000001
1 232 300 -742.3760000000001
1 232 384 -742.3760000000001
1 232 389 -742.3760000000001
1 232 393 -4454.25
1 232 394 -2969.5
1 232 405 -742.3760000000001
1 232 604 -1484.75
1 232 606 -1484.75
1 232 607 -2227.13
1 232 608 -742.3760000000001
1 233 373 -742.3760000000001
1 233 393 -742.3760000000001
1 233 403 -742.3760000000001
1 233 406 -2969.5
1 233 601 -1484.75
1 233 602 -742.3760000000001
1 234 374 -742.3760000000001
1 234 388 -742.3760000000001
1 234 389 -742.3760000000001
1 234 406 -2227.13
1 234 407 -1484.75
1 234 601 -742.3760000000001
1 234 602 -1484.75
1 234 603 -2227.13
1 234 604 -742.3760000000001
1 234 605 -1484.75
1 234 606 -742.3760000000001
1 234 609 -742.3760000000001
1 234 620 -742.3760000000001
1 234 621 -742.3760000000001
1 235 342 -742.3760000000001
1 235 368 -742.3760000000001
1 235 389 -742.3760000000001
1 235 392 -742.3760000000001
1 235 404 -742.3760000000001
1 235 406 -742.3760000000001
1 235 599 -742.3760000000001
1 235 600 -1484.75
1 235 602 -2227.13
1 235 603 -742.3760000000001
1 235 606 -742.3760000000001
1 235 608 -742.3760000000001
1 236 256 -742.3760000000001
1 236 359 -742.3760000000001
1 236 377 -1484.75
1 236 378 -742.3760000000001
1 236 389 -1484.75
1 236 600 -742.3760000000001
1 236 601 -742.3760000000001
1 236 602 -1484.75
1 236 605 -742.3760000000001
1 236 606 -742.3760000000001
1 236 607 -742.3760000000001
1 236 620 -742.3760000000001
1 237 330 -742.3760000000001
1 237 377 -742.3760000000001
1 237 384 -742.3760000000001
1 237 388 -742.3760000000001
1 237 605 -1484.75
1 237 606 -2227.13
1 237 607 -1484.75
1 237 608 -3711.88
1 237 609 -2227.13
1 237 620 -742.3760000000001
1 238 346 -742.3760000000001
1 238 391 -742.3760000000001
1 238 410 -742.3760000000001
1 238 602 -742.3760000000001
1 238 603 -742.3760000000001
1 238 606 -3711.88
1 238 607 -4454.25
1 238 608 -2969.5
1 238 610 -742.3760000000001
1 239 297 -742.3760000000001
1 239 323 -742.3760000000001
1 239 404 -742.3760000000001
1 239 601 -742.3760000000001
1 239 603 -742.3760000000001
1 239 607 -1484.75
1 239 608 -2969.5
1 239 609 -2227.13
1 239 610 -1484.75
1 239 615 -1484.75
1 240 267 -742.3760000000001
1 240 319 -742.3760000000001
1 240 327 -742.3760000000001
1 240 352 -742.3760000000001
1 240 374 -1484.75
1 240 392 -1484.75
1 240 396 -742.3760000000001
1 240 406 -742.3760000000001
1 240 603 -742.3760000000001
1 240 605 -2227.13
1 240 606 -2969.5
1 240 607 -1484.75
1 240 620 -1484.75
1 240 621 -742.3760000000001
1 241 339 -742.3760000000001
1 241 352 -742.3760000000001
1 241 370 -1484.75
1 241 375 -742.3760000000001
1 241 409 -742.3760000000001
1 241 577 -742.3760000000001
1 241 603 -1484.75
1 241 605 -2227.13
1 241 606 -1484.75
1 241 607 -1484.75
1 241 608 -1484.75
1 241 609 -3711.88
1 241 610 -742.3760000000001
1 241 611 -742.3760000000001
1 241 620 -742.3760000000001
1 241 621 -742.3760000000001
1 242 314 -742.3760000000001
1 242 318 -742.3760000000001
1 242 336 -742.3760000000001
1 242 338 -742.3760000000001
1 242 339 -742.3760000000001
1 242 373 -2227.13
1 242 374 -4454.25
1 242 406 -1484.75
1 242 603 -1484.75
1 242 604 -5196.63
1 242 605 -6681.38
1 242 606 -2227.13
1 242 607 -3711.88
1 242 608 -3711.88
1 242 609 -2227.13
1 242 610 -2227.13
1 242 616 -742.3760000000001
1 242 622 -742.3760000000001
1 242 623 -2227.13
1 243 366 -742.3760000000001
1 243 369 -742.3760000000001
1 243 372 -1484.75
1 243 373 -5939.01
1 243 374 -2227.13
1 243 386 -742.3760000000001
1 243 391 -742.3760000000001
1 243 405 -742.3760000000001
1 243 406 -742.3760000000001
1 243 407 -1484.75
1 243 409 -742.3760000000001
1 243 577 -742.3760000000001
1 243 606 -5196.63
1 243 607 -3711.88
1 243 608 -1484.75
1 243 609 -4454.25
1 243 620 -742.3760000000001
1 243 622 -1484.75
1 243 623 -5939.01
1 244 371 -742.3760000000001
1 244 372 -1484.75
1 244 373 -2227.13
1 244 415 -742.3760000000001
1 244 598 -742.3760000000001
1 244 606 -2969.5
1 244 607 -742.3760000000001
1 244 611 -742.3760000000001
1 244 616 -742.3760000000001
1 244 622 -742.3760000000001
1 244 623 -2969.5
1 244 624 -742.3760000000001
1 245 312 -742.3760000000001
1 245 315 -742.3760000000001
1 245 326 -742.3760000000001
1 245 335 -742.3760000000001
1 245 338 -742.3760000000001
1 245 356 -1484.75
1 245 371 -742.3760000000001
1 245 413 -742.3760000000001
1 245 586 -742.3760000000001
1 245 604 -742.3760000000001
1 245 605 -2227.13
1 245 606 -3711.88
1 245 607 -2969.5
1 245 609 -3711.88
1 245 610 -1484.75
1 245 612 -1484.75
1 245 616 -1484.75
1 245 619 -742.3760000000001
1 245 620 -1484.75
1 245 622 -742.3760000000001
1 246 214 -742.3760000000001
1 246 342 -742.3760000000001
1 246 356 -742.3760000000001
1 246 357 -742.3760000000001
1 246 374 -742.3760000000001
1 246 413 -742.3760000000001
1 246 590 -742.3760000000001
1 246 599 -742.3760000000001
1 246 600 -4454.25
1 246 605 -2969.5
1 246 606 -5196.63
1 246 607 -2969.5
1 246 610 -742.3760000000001
1 246 612 -1484.75
1 246 614 -742.3760000000001
1 246 615 -742.3760000000001
1 246 623 -742.3760000000001
1 247 314 -742.3760000000001
1 247 331 -742.3760000000001
1 247 367 -1484.75
1 247 368 -3711.88
1 247 387 -1484.75
1 247 413 -742.3760000000001
1 247 578 -742.3760000000001
1 247 597 -742.3760000000001
1 247 598 -5196.63
1 247 599 -4454.25
1 247 600 -7423.76
1 247 601 -7423.76
1 247 605 -1484.75
1 247 609 -1484.75
1 247 610 -1484.75
1 247 611 -2969.5
1 247 612 -2969.5
1 247 613 -1484.75
1 247 618 -1484.75
1 247 619 -742.3760000000001
1 247 623 -742.3760000000001
1 248 307 -742.3760000000001
1 248 367 -742.3760000000001
1 248 368 -2969.5
1 248 371 -1484.75
1 248 372 -3711.88
1 248 387 -1484.75
1 248 388 -4454.25
1 248 413 -742.3760000000001
1 248 416 -742.3760000000001
1 248 529 -742.3760000000001
1 248 567 -742.3760000000001
1 248 596 -5196.63
1 248 597 -3711.88
1 248 598 -7423.76
1 248 599 -4454.25
1 248 600 -2969.5
1 248 601 -4454.25
1 248 602 -2227.13
1 248 605 -742.3760000000001
1 248 608 -742.3760000000001
1 248 609 -1484.75
1 248 610 -2227.13
1 248 611 -4454.25
1 248 612 -4454.25
1 248 613 -5196.63
1 248 618 -742.3760000000001
1 248 619 -742.3760000000001
1 248 620 -742.3760000000001
1 248 623 -1484.75
1 249 333 -742.3760000000001
1 249 334 -742.3760000000001
1 249 365 -1484.75
1 249 366 -2227.13
1 249 367 -742.3760000000001
1 249 368 -2227.13
1 249 371 -742.3760000000001
1 249 387 -742.3760000000001
1 249 388 -742.3760000000001
1 249 400 -742.3760000000001
1 249 412 -742.3760000000001
1 249 567 -742.3760000000001
1 249 593 -1484.75
1 249 595 -4454.25
1 249 596 -5196.63
1 249 597 -8166.13
1 249 603 -2227.13
1 249 604 -5939.01
1 249 605 -3711.88
1 249 607 -2969.5
1 249 609 -742.3760000000001
1 249 610 -1484.75
1 249 611 -3711.88
1 249 612 -6681.38
1 249 613 -1484.75
1 249 618 -742.3760000000001
1 249 623 -742.3760000000001
1 250 331 -742.3760000000001
1 250 355 -742.3760000000001
1 250 365 -1484.75
1 250 366 -3711.88
1 250 367 -2227.13
1 250 368 -742.3760000000001
1 250 369 -1484.75
1 250 370 -1484.75
1 250 371 -4454.25
1 250 382 -742.3760000000001
1 250 406 -742.3760000000001
1 250 413 -742.3760000000001
1 250 414 -742.3760000000001
1 250 423 -742.3760000000001
1 250 436 -742.3760000000001
1 250 568 -742.3760000000001
1 250 579 -742.3760000000001
1 250 591 -742.3760000000001
1 250 594 -742.3760000000001
1 250 596 -5939.01
1 250 597 -1484.75
1 250 602 -742.3760000000001
1 250 603 -5196.63
1 250 604 -4454.25
1 250 605 -2969.5
1 250 607 -742.3760000000001
1 250 608 -2227.13
1 250 609 -742.3760000000001
1 250 610 -742.3760000000001
1 250 613 -742.3760000000001
1 251 276 -742.3760000000001
1 251 322 -742.3760000000001
1 251 365 -2227.13
1 251 366 -6681.38
1 251 367 -1484.75
1 251 368 -1484.75
1 251 371 -742.3760000000001
1 251 379 -742.3760000000001
1 251 407 -742.3760000000001
1 251 414 -742.3760000000001
1 251 424 -742.3760000000001
1 251 598 -742.3760000000001
1 251 604 -742.3760000000001
1 251 605 -742.3760000000001
1 251 607 -742.3760000000001
1 251 610 -742.3760000000001
1 252 236 -742.3760000000001
1 252 365 -2227.13
1 252 366 -5196.63
1 252 367 -5196.63
1 252 368 -1484.75
1 252 376 -742.3760000000001
1 252 412 -742.3760000000001
1 252 416 -742.3760000000001
1 252 428 -742.3760000000001
1 252 506 -742.3760000000001
1 252 507 -742.3760000000001
1 252 528 -742.3760000000001
1 252 534 -742.3760000000001
1 252 544 -742.3760000000001
1 252 576 -742.3760000000001
1 252 591 -1484.75
1 252 596 -1484.75
1 252 597 -1484.75
1 252 598 -742.3760000000001
1 252 599 -1484.75
1 252 608 -1484.75
1 252 609 -742.3760000000001
1 252 611 -742.3760000000001
1 252 620 -742.3760000000001
1 253 259 -742.3760000000001
1 253 342 -742.3760000000001
1 253 363 -742.3760000000001
1 253 365 -1484.75
1 253 366 -4454.25
1 253 367 -2969.5
1 253 370 -742.3760000000001
1 253 375 -1484.75
1 253 404 -742.3760000000001
1 253 433 -1484.75
1 253 506 -742.3760000000001
1 253 543 -742.3760000000001
1 253 546 -742.3760000000001
1 253 547 -742.3760000000001
1 253 566 -742.3760000000001
1 253 586 -1484.75
1 253 596 -742.3760000000001
1 253 597 -2969.5
1 253 601 -742.3760000000001
1 253 604 -742.3760000000001
1 253 605 -742.3760000000001
1 253 614 -2227.13
1 254 366 -1484.75
1 254 478 -742.3760000000001
1 254 581 -742.3760000000001
1 254 584 -742.3760000000001
1 254 585 -4454.25
1 254 586 -3711.88
1 254 587 -2227.13
1 254 588 -2227.13
1 254 589 -2969.5
1 254 598 -742.3760000000001
1 254 599 -742.3760000000001
1 254 601 -1484.75
1 254 604 -1484.75
1 254 605 -742.3760000000001
1 254 606 -742.3760000000001
1 254 611 -742.3760000000001
1 255 341 -742.3760000000001
1 255 346 -742.3760000000001
1 255 371 -742.3760000000001
1 255 402 -742.3760000000001
1 255 442 -742.3760000000001
1 255 445 -742.3760000000001
1 255 461 -742.3760000000001
1 255 479 -742.3760000000001
1 255 512 -742.3760000000001
1 255 513 -742.3760000000001
1 255 526 -742.3760000000001
1 255 547 -742.3760000000001
1 255 548 -742.3760000000001
1 255 565 -742.3760000000001
1 255 583 -2227.13
1 255 584 -2969.5
1 255 585 -2969.5
1 255 586 -2969.5
1 255 587 -1484.75
1 255 588 -742.3760000000001
1 255 591 -742.3760000000001
1 255 594 -742.3760000000001
1 255 597 -742.3760000000001
1 255 600 -1484.75
1 255 607 -742.3760000000001
1 256 346 -742.3760000000001
1 256 350 -742.3760000000001
1 256 367 -742.3760000000001
1 256 373 -742.3760000000001
1 256 374 -742.3760000000001
1 256 491 -742.3760000000001
1 256 526 -742.3760000000001
1 256 531 -2227.13
1 256 532 -742.3760000000001
1 256 547 -742.3760000000001
1 256 548 -1484.75
1 256 549 -742.3760000000001
1 256 575 -742.3760000000001
1 256 578 -1484.75
1 256 580 -742.3760000000001
1 256 584 -2227.13
1 256 585 -1484.75
1 256 592 -1484.75
1 256 594 -5196.63
1 256 595 -2969.5
1 256 607 -2969.5
1 256 608 -1484.75
1 256 609 -742.3760000000001
1 257 330 -742.3760000000001
1 257 461 -742.3760000000001
1 257 497 -742.3760000000001
1 257 503 -742.3760000000001
1 257 506 -742.3760000000001
1 257 512 -742.3760000000001
1 257 527 -2227.13
1 257 529 -742.3760000000001
1 257 532 -742.3760000000001
1 257 549 -742.3760000000001
1 257 574 -742.3760000000001
1 257 575 -2227.13
1 257 584 -2227.13
1 257 585 -2227.13
1 257 593 -1484.75
1 257 594 -5939.01
1 257 595 -2969.5
1 257 597 -1484.75
1 257 606 -5196.63
1 257 607 -742.3760000000001
1 258 307 -742.3760000000001
1 258 330 -742.3760000000001
1 258 366 -742.3760000000001
1 258 485 -1484.75
1 258 489 -1484.75
1 258 491 -742.3760000000001
1 258 493 -742.3760000000001
1 258 494 -742.3760000000001
1 258 496 -742.3760000000001
1 258 497 -742.3760000000001
1 258 498 -2227.13
1 258 499 -1484.75
1 258 502 -742.3760000000001
1 258 503 -742.3760000000001
1 258 529 -1484.75
1 258 531 -742.3760000000001
1 258 532 -742.3760000000001
1 258 533 -1484.75
1 258 535 -742.3760000000001
1 258 546 -742.3760000000001
1 258 550 -742.3760000000001
1 258 556 -1484.75
1 258 564 -742.3760000000001
1 258 576 -742.3760000000001
1 258 583 -742.3760000000001
1 258 584 -2227.13
1 258 586 -2227.13
1 258 594 -2227.13
1 258 606 -3711.88
1 258 607 -742.3760000000001
1 259 346 -742.3760000000001
1 259 369 -1484.75
1 259 402 -742.3760000000001
1 259 444 -742.3760000000001
1 259 456 -742.3760000000001
1 259 485 -742.3760000000001
1 259 486 -742.3760000000001
1 259 488 -742.3760000000001
1 259 489 -742.3760000000001
1 259 490 -1484.75
1 259 509 -1484.75
1 259 510 -742.3760000000001
1 259 522 -742.3760000000001
1 259 528 -742.3760000000001
1 259 529 -742.3760000000001
1 259 531 -742.3760000000001
1 259 532 -742.3760000000001
1 259 545 -742.3760000000001
1 259 549 -742.3760000000001
1 259 554 -1484.75
1 259 555 -1484.75
1 259 556 -2227.13
1 259 557 -2227.13
1 259 575 -2969.5
1 259 576 -742.3760000000001
1 259 579 -742.3760000000001
1 259 584 -742.3760000000001
1 259 585 -2969.5
1 259 586 -1484.75
1 260 369 -1484.75
1 260 404 -1484.75
1 260 443 -742.3760000000001
1 260 454 -742.3760000000001
1 260 485 -742.3760000000001
1 260 486 -1484.75
1 260 487 -742.3760000000001
1 260 492 -742.3760000000001
1 260 499 -742.3760000000001
1 260 502 -1484.75
1 260 517 -742.3760000000001
1 260 527 -742.3760000000001
1 260 545 -2227.13
1 260 548 -742.3760000000001
1 260 554 -742.3760000000001
1 260 556 -742.3760000000001
1 260 567 -742.3760000000001
1 260 576 -742.3760000000001
1 260 577 -742.3760000000001
1 261 397 -742.3760000000001
1 261 404 -742.3760000000001
1 261 444 -742.3760000000001
1 261 483 -742.3760000000001
1 261 487 -742.3760000000001
1 261 501 -742.3760000000001
1 261 502 -742.3760000000001
1 261 545 -742.3760000000001
1 261 551 -742.3760000000001
1 261 552 -742.3760000000001
1 261 565 -742.3760000000001
1 262 254 -742.3760000000001
1 262 353 -1484.75
1 262 369 -742.3760000000001
1 262 425 -742.3760000000001
1 262 443 -742.3760000000001
1 262 458 -742.3760000000001
1 262 483 -1484.75
1 262 493 -742.3760000000001
1 262 501 -742.3760000000001
1 262 502 -742.3760000000001
1 262 523 -742.3760000000001
1 262 524 -742.3760000000001
1 262 535 -742.3760000000001
1 262 536 -742.3760000000001
1 262 537 -742.3760000000001
1 262 542 -742.3760000000001
1 262 546 -742.3760000000001
1 262 584 -742.3760000000001
1 262 587 -742.3760000000001
1 263 355 -742.3760000000001
1 263 415 -742.3760000000001
1 263 484 -742.3760000000001
1 263 493 -742.3760000000001
1 263 509 -742.3760000000001
1 263 522 -742.3760000000001
1 263 523 -1484.75
1 263 524 -1484.75
1 263 541 -1484.75
1 263 542 -742.3760000000001
1 263 543 -742.3760000000001
1 263 546 -1484.75
1 263 576 -742.3760000000001
1 263 579 -742.3760000000001
1 263 581 -2969.5
1 264 369 -742.3760000000001
1 264 379 -742.3760000000001
1 264 481 -742.3760000000001
1 264 482 -742.3760000000001
1 264 493 -742.3760000000001
1 264 503 -742.3760000000001
1 264 504 -742.3760000000001
1 264 516 -742.3760000000001
1 264 521 -2227.13
1 264 527 -742.3760000000001
1 264 543 -2969.5
1 264 568 -742.3760000000001
1 264 575 -742.3760000000001
1 264 576 -1484.75
1 265 336 -742.3760000000001
1 265 367 -1484.75
1 265 457 -742.3760000000001
1 265 459 -742.3760000000001
1 265 511 -742.3760000000001
1 265 516 -742.3760000000001
1 265 520 -742.3760000000001
1 265 524 -742.3760000000001
1 265 568 -1484.75
1 266 314 -742.3760000000001
1 266 413 -742.3760000000001
1 266 456 -742.3760000000001
1 266 478 -742.3760000000001
1 266 481 -742.3760000000001
1 266 483 -742.3760000000001
1 266 484 -742.3760000000001
1 266 485 -742.3760000000001
1 266 492 -742.3760000000001
1 266 498 -742.3760000000001
1 266 505 -742.3760000000001
1 266 518 -742.3760000000001
1 266 523 -742.3760000000001
1 266 543 -742.3760000000001
1 266 545 -742.3760000000001
1 266 549 -742.3760000000001
1 266 555 -742.3760000000001
1 267 337 -742.3760000000001
1 267 365 -742.3760000000001
1 267 381 -742.3760000000001
1 267 459 -742.3760000000001
1 267 460 -1484.75
1 267 505 -742.3760000000001
1 267 507 -742.3760000000001
1 267 543 -742.3760000000001
1 267 544 -1484.75
1 267 549 -742.3760000000001
1 267 553 -2227.13
1 267 562 -742.3760000000001
1 268 507 -1484.75
1 268 540 -742.3760000000001
1 268 541 -742.3760000000001
1 268 542 -1484.75
1 268 543 -2969.5
1 268 544 -1484.75
1 268 549 -742.3760000000001
1 268 551 -742.3760000000001
1 268 552 -742.3760000000001
1 268 553 -742.3760000000001
1 269 362 -742.3760000000001
1 269 505 -1484.75
1 269 507 -742.3760000000001
1 269 528 -742.3760000000001
1 269 543 -742.3760000000001
1 269 547 -1484.75
1 270 474 -742.3760000000001
1 270 475 -1484.75
1 270 479 -742.3760000000001
1 270 491 -742.3760000000001
1 270 504 -742.3760000000001
1 270 507 -742.3760000000001
1 270 526 -742.3760000000001
1 271 375 -742.3760000000001
1 271 388 -742.3760000000001
1 271 479 -742.3760000000001
1 271 481 -742.3760000000001
1 271 487 -742.3760000000001
1 271 491 -742.3760000000001
1 271 526 -742.3760000000001
1 272 469 -742.3760000000001
1 272 493 -742.3760000000001
1 272 495 -1484.75
1 272 496 -742.3760000000001
1 272 502 -742.3760000000001
1 272 526 -2227.13
1 273 441 -742.3760000000001
1 273 462 -742.3760000000001
1 273 526 -742.3760000000001
1 275 463 -742.3760000000001
1 275 480 -742.3760000000001
1 275 502 -742.3760000000001
1 275 504 -742.3760000000001
1 276 502 -742.3760000000001
1 277 393 -742.3760000000001
1 279 459 -742.3760000000001
1 280 563 -742.3760000000001
1 282 434 -742.3760000000001
1 282 435 -742.3760000000001
1 283 461 -742.3760000000001
1 283 482 -742.3760000000001
1 283 483 -742.3760000000001
1 285 437 -742.3760000000001
1 285 482 -742.3760000000001
1 285 483 -742.3760000000001
1 286 377 -742.3760000000001
1 286 464 -742.3760000000001
1 288 469 -742.3760000000001
1 289 362 -742.3760000000001
1 289 443 -742.3760000000001
1 292 358 -742.3760000000001
1 293 390 -2227.13
1 293 391 -742.3760000000001
1 296 390 -742.3760000000001
1 301 359 -742.3760000000001
1 301 378 -742.3760000000001
1 85 106 -742.3760000000001
1 92 112 -1484.75
1 93 117 -742.3760000000001
1 97 89 -742.3760000000001
1 98 101 -742.3760000000001
1 99 126 -742.3760000000001
1 99 136 -742.3760000000001
1 147 119 -1306.8
1 148 187 -7260.0
1 150 114 -14665.2
1 153 113 -8276.4
1 167 186 -5517.6
1 168 169 -5808.0
1 197 280 -2178.0
1 199 225 -2613.6
1 210 300 -580.8
1 211 298 -1742.4
1 234 285 -1597.2
1 244 234 -2323.2
1 267 479 -871.2
1 271 361 -1807.43
1 272 454 -34.06
1 285 433 -435.6
1 291 453 -113495.0
1 299 360 -2323.2
1 109 116 -14084.4
1 131 118 -580.8
1 132 183 -1597.2
1 137 123 -6388.8
1 140 173 -4936.8
1 141 124 -4646.4
1 142 121 -5372.4
1 152 130 -2468.4
1 155 192 -7260.0
1 157 117 -1597.2
1 158 205 -3049.2
1 164 258 -2758.8
1 169 164 -58660.8
1 172 162 -8857.2
1 172 163 -24684.0
1 172 164 -4210.8
1 173 196 -145.2
1 195 280 -3484.8
1 202 295 -5953.2
1 203 296 -16262.4
1 226 358 -2991.77
1 247 335 -1887.6
1 256 333 -2758.8
1 265 349 -2613.6
1 267 346 -1887.6
1 271 470 -435.6
1 274 431 -2380860.0
1 280 367 -1452.0
1 285 357 -3484.8
1 289 374 -1016.4
1 292 370 -3775.2
1 293 378 -1452.0
1 143 152 -6243.6
1 143 154 -5227.2
1 144 130 -3920.4
1 148 113 -137504.0
1 149 118 -54885.6
1 151 143 -6679.2
1 153 212 -4791.6
1 154 128 -145.2
1 161 161 -1887.6
1 164 159 -33250.8
1 167 163 -6534.0
1 170 217 -11035.2
1 176 128 -4356.0
1 188 287 -435.6
1 189 206 -11180.4
1 201 279 -3630.0
1 221 294 -3630.0
1 221 361 -145.2
1 222 252 -580.8
1 222 266 -2904.0
1 224 273 -3339.6
1 225 248 -2468.4
1 226 361 -2178.0
1 234 319 -4356.0
1 235 317 -6534.0
1 237 292 -26768.3
1 245 243 -12051.6
1 248 238 -2323.2
1 248 331 -1597.2
1 256 342 -871.2
1 259 347 -1016.4
1 266 345 -2613.6
1 271 268 -11616.0
1 274 278 -3630.0
1 289 355 -290.4
1 295 392 -580.8
1 296 391 -1306.8
1 296 393 -1306.8
1 141 116 -1161.6
1 143 114 -1016.4
1 144 151 -4501.2
1 145 114 -726.0
1 146 150 -1742.4
1 147 148 -6098.4
1 147 171 -3049.2
1 149 124 -435.6
1 150 172 -8131.2
1 150 186 -7550.4
1 151 189 -7695.6
1 151 211 -5808.0
1 152 180 -18004.8
1 153 188 -7260.0
1 154 113 -290.4
1 158 173 -290.4
1 164 124 -1161.6
1 170 115 -1452.0
1 171 125 -145.2
1 176 222 -3339.6
1 184 210 -13503.6
1 188 207 -9438.0
1 189 288 -871.2
1 193 280 -5372.4
1 206 280 -1452.0
1 210 249 -2613.6
1 211 263 -3484.8
1 211 296 -871.2
1 219 272 -1161.6
1 221 302 -145.2
1 221 317 -7114.8
1 224 287 -2178.0
1 227 344 -2468.4
1 228 354 -1887.6
1 230 352 -3049.2
1 231 270 -2178.0
1 231 347 -435.6
1 235 295 -2323.2
1 236 342 -2178.0
1 236 344 -726.0
1 240 330 -2904.0
1 240 337 -2032.8
1 240 357 -871.2
1 244 333 -4086.64
1 246 332 -2323.2
1 246 337 -3775.2
1 251 334 -2904.0
1 258 343 -145.2
1 258 345 -871.2
1 260 345 -871.2
1 261 340 -1306.8
1 261 351 -726.0
1 262 286 -726.0
1 262 361 -9438.0
1 263 344 -1452.0
1 263 350 -1016.4
1 265 517 -145.2
1 267 321 -2613.6
1 269 365 -871.2
1 270 267 -9002.4
1 271 267 -11761.2
1 271 355 -1306.8
1 275 399 -223.0
1 278 502 -1887.6
1 281 331 -580.8
1 284 333 -435.6
1 289 371 -871.2
1 290 371 -1306.8
1 291 365 -435.6
1 296 358 -15826.8
1 297 356 -1452.0
1 297 391 -2032.8
1 299 347 -435.6
1 125 93 -2613.6
1 142 117 -38768.4
1 142 169 -435.6
1 145 116 -7405.2
1 146 146 -6388.8
1 152 213 -3049.2
1 166 203 -1161.6
1 183 232 -7260.0
1 192 232 -6679.2
1 193 235 -7405.2
1 211 195 -1016.4
1 215 261 -1597.2
1 221 339 -1597.2
1 223 263 -1742.4
1 226 354 -1452.0
1 230 358 -726.0
1 232 274 -2178.0
1 232 347 -435.6
1 233 341 -1306.8
1 248 344 -1452.0
1 263 345 -4210.8
1 263 570 -145.2
1 264 348 -290.4
1 286 302 -580.8
1 292 360 -580.8
1 293 357 -3339.6
1 295 362 -1306.8
1 297 439 -441204.0
1 134 124 -6969.6
1 134 126 -2323.2
1 137 128 -8566.8
1 145 166 -1016.4
1 148 119 -9147.6
1 150 118 -9147.6
1 150 121 -14084.4
1 150 127 -1016.4
1 152 118 -7840.8
1 153 122 -13648.8
1 153 123 -25264.8
1 155 125 -52707.6
1 156 124 -14665.2
1 158 138 -1452.0
1 158 140 -6824.4
1 160 139 -11761.2
1 181 126 -59241.6
1 185 168 -18585.6
1 189 126 -15681.6
1 224 257 -6824.4
1 230 223 -5808.0
1 260 337 -145.2
1 137 168 -1161.6
1 149 213 -7840.8
1 202 228 -580.8
1 210 253 -3194.4
1 217 236 -3049.2
1 245 324 -145.2
1 186 159 -2904.0
1 188 160 -6824.4
1 291 354 -871.2
1 145 131 -4936.8
1 153 116 -2323.2
1 158 114 -10018.8
1 160 170 -9147.6
1 187 160 -4791.6
1 188 197 -145.2
1 188 204 -4501.2
1 206 169 -726.0
1 208 226 -2323.2
1 211 266 -30385.0
1 213 265 -145.2
1 213 276 -36652.8
1 214 274 -32043.5
1 220 278 -71392.1
1 223 372 -12632.4
1 232 398 -145.2
1 233 375 -290.4
1 236 317 -580.8
1 239 385 -23.7
1 239 406 -123.81
1 239 416 -4.83
1 241 238 -1887.6
1 244 244 -2904.0
1 245 408 -3194.4
1 246 320 -435.6
1 248 454 -145.2
1 259 351 -3285.2
1 265 360 -2220.81
1 267 407 -145.2
1 267 449 -1306.8
1 268 351 -9583.2
1 269 360 -8310.49
1 273 367 -726.0
1 274 327 -1016.4
1 274 432 -7260.0
1 275 465 -286.86
1 290 322 -2904.0
1 292 458 -37577.6
1 294 354 -5983.54
1 296 371 -20037.6
1 297 377 -2178.0
1 147 116 -56337.6
1 147 183 -1452.0
1 156 122 -42398.4
1 257 342 -580.8
1 201 251 -3920.4
1 251 286 -435.6
1 261 570 -145.2
1 265 488 -290.4
1 136 173 -726.0
1 144 189 -1887.6
1 154 112 -9728.4
1 154 122 -27733.2
1 161 179 -9873.6
1 164 169 -2178.0
1 167 247 -726.0
1 183 124 -51836.4
1 186 123 -31218.0
1 186 125 -145.2
1 186 209 -5808.0
1 204 300 -28.65
1 215 269 -7114.8
1 218 239 -12197.2
1 225 242 -1161.6
1 226 375 -32783.0
1 235 420 -6098.4
1 238 302 -1161.6
1 242 355 -86.42
1 245 406 -871.2
1 247 591 -580.8
1 248 590 -145.2
1 248 593 -871.2
1 251 614 -1036.65
1 255 333 -2767.36
1 256 443 -253.15
1 258 339 -465.8
1 258 416 -185.96
1 259 414 -435.6
1 266 470 -1578.04
1 270 476 -1161.6
1 273 523 -19021.2
1 274 506 -435.6
1 275 479 -6534.0
1 278 446 -435.6
1 280 458 -775.44
1 291 374 -580.8
1 293 458 -7986.0
1 297 388 -1012.25
1 298 384 -71.34
1 298 391 -290.4
1 221 300 -145.2
1 134 167 -145.2
1 153 134 -1597.2
1 156 121 -145.2
1 158 122 -145.2
1 159 157 -14520.0
1 160 117 -2032.8
1 176 181 -290.4
1 184 305 -1.38
1 197 298 -13.81
1 211 290 -726.0
1 221 351 -145.2
1 225 289 -2178.0
1 226 330 -49288.6
1 228 243 -1452.0
1 237 406 -120.02
1 239 392 -290.4
1 241 343 -2468.4
1 244 430 -580.8
1 247 342 -32.68
1 253 427 -2530.0
1 253 443 -117.25
1 254 398 -3.22
1 254 442 -12.43
1 254 444 -9.44
1 254 445 -352.11
1 256 445 -1139.4
1 257 344 -33.95
1 257 387 -28749.6
1 259 345 -290.4
1 261 322 -20.48
1 261 346 -121.28
1 261 369 -484.33
1 262 322 -66.39
1 262 555 -145.2
1 265 559 -842.18
1 267 388 -4065.6
1 270 319 -6016.24
1 271 364 -726.0
1 271 471 -145.2
1 271 489 -1265.75
1 272 371 -290.4
1 273 520 -11470.8
1 273 522 -145.2
1 274 474 -145.2
1 275 371 -580.8
1 275 449 -7114.8
1 277 386 -435.6
1 289 321 -26281.2
1 295 375 -290.4
1 296 415 -1597.2
1 262 394 -163459.0
