1 204 346 -320.811
1 212 384 45000.0
1 212 385 45000.0
1 212 386 45000.0
1 212 387 45000.0
1 212 388 45000.0
1 212 389 45000.0
1 212 390 45000.0
1 212 391 45000.0
1 212 392 45000.0
1 212 393 45000.0
1 213 394 45000.0
1 213 395 45000.0
1 213 396 45000.0
1 213 397 45000.0
1 213 398 45000.0
1 213 399 45000.0
1 213 400 45000.0
1 213 401 45000.0
1 213 402 45000.0
1 214 403 45000.0
1 214 404 45000.0
1 214 405 45000.0
1 214 406 45000.0
1 214 407 45000.0
1 214 409 45000.0
1 214 410 45000.0
1 214 411 45000.0
1 214 412 45000.0
1 214 413 45000.0
1 214 414 45000.0
1 214 415 45000.0
1 215 416 45000.0
1 215 417 45000.0
1 227 417 45000.0
1 228 417 45000.0
1 229 417 45000.0
1 216 418 45000.0
1 226 418 45000.0
1 230 418 45000.0
1 217 419 45000.0
1 218 419 45000.0
1 219 419 45000.0
1 220 419 45000.0
1 221 419 45000.0
1 222 419 45000.0
1 223 419 45000.0
1 224 419 45000.0
1 225 419 45000.0
1 229 419 45000.0
1 229 420 45000.0
1 226 421 45000.0
1 227 421 45000.0
1 228 421 45000.0
1 224 422 45000.0
1 225 422 45000.0
1 224 423 45000.0
1 224 424 45000.0
1 225 424 45000.0
1 226 424 45000.0
1 227 424 45000.0
1 228 424 45000.0
1 229 425 45000.0
1 229 426 45000.0
1 229 427 45000.0
1 229 428 45000.0
1 229 429 45000.0
1 228 430 45000.0
1 228 431 45000.0
1 228 432 45000.0
1 228 433 45000.0
1 228 434 45000.0
1 228 435 45000.0
1 229 435 45000.0
1 230 436 45000.0
1 230 437 45000.0
1 230 438 45000.0
1 230 439 45000.0
1 230 440 45000.0
1 230 441 45000.0
1 230 442 45000.0
1 230 443 45000.0
1 230 444 45000.0
1 230 445 45000.0
1 230 446 45000.0
1 230 447 45000.0
1 230 448 45000.0
1 230 449 45000.0
1 230 450 45000.0
1 230 451 45000.0
1 230 452 45000.0
1 230 453 45000.0
1 230 454 45000.0
1 230 455 45000.0
1 230 456 45000.0
1 231 457 45000.0
1 231 458 45000.0
1 231 459 45000.0
1 231 460 45000.0
1 232 461 45000.0
1 232 462 45000.0
1 232 463 45000.0
1 232 464 45000.0
1 233 464 45000.0
1 234 464 45000.0
1 235 464 45000.0
1 236 464 45000.0
1 237 464 45000.0
1 238 464 45000.0
1 239 465 45000.0
1 239 466 45000.0
1 114 114 -555.15
1 117 120 -320.811
1 130 122 -320.811
1 133 112 -9739.17
1 135 194 -1230.7
1 139 168 -29508.4
1 141 191 -73606.6
1 143 172 -14051.6
1 144 182 -38903.3
1 144 190 -12.8011
1 146 117 -13585.1
1 146 190 -25146.8
1 147 145 -320.811
1 148 123 -156.32
1 148 176 -113485.0
1 148 196 -16966.6
1 149 145 -44205.0
1 149 146 -26235.8
1 150 124 -4794.8
1 150 128 -1.50326
1 150 141 -20910.2
1 150 198 -25157.4
1 151 142 -7440.33
1 151 195 -25371.1
1 152 123 -6742.13
1 152 125 -8774.63
1 152 132 -27663.8
1 153 133 -2.28595
1 153 192 -112413.0
1 154 125 -605.701
1 154 171 -14018.3
1 155 129 -11470.7
1 155 141 -30064.8
1 156 129 -168627.0
1 157 135 -641.622
1 157 140 -136771.0
1 157 251 -86002.9
1 158 133 -320.811
1 159 119 -36374.1
1 159 173 -18167.7
1 161 125 -46305.3
1 161 188 -1374.25
1 162 128 -298337.0
1 162 167 -388.968
1 163 138 -655.207
1 164 187 -23466.2
1 165 130 -18523.3
1 165 131 -504.106
1 166 126 -5230.01
1 167 259 -2900.25
1 168 123 -242.96
1 168 208 -19744.9
1 169 127 -21.0439
1 169 163 -18951.4
1 172 218 -63795.7
1 174 123 -14047.4
1 174 135 -5867.95
1 175 134 -64353.6
1 175 204 -11.2413
1 176 176 -9277.01
1 176 202 -11765.4
1 177 133 -36383.8
1 177 211 -15.4568
1 178 164 -25457.1
1 178 261 -144553.0
1 179 181 -80937.3
1 179 183 -32459.2
1 179 210 -2850.42
1 180 208 -56478.0
1 184 246 -19812.8
1 187 200 -109833.0
1 187 281 -11241.3
1 188 198 -44143.1
1 188 209 -9431.44
1 188 258 -10218.6
1 189 282 -5620.65
1 190 281 -61203.0
1 191 191 -7793.02
1 193 256 -38908.9
1 193 260 -40630.3
1 197 204 -4093.74
1 197 252 -10499.5
1 198 297 -1502.12
1 198 298 -336.85
1 199 211 -21527.5
1 199 231 -41092.8
1 199 298 -370.14599999999996
1 200 298 -320.811
1 201 234 -2950.84
1 203 275 -104803.0
1 203 280 -13398.3
1 204 248 -21104.3
1 205 300 -383.68
1 206 286 -5620.65
1 206 300 -660.467
1 210 264 -15553.7
1 211 255 -149620.0
1 212 226 -4682.0
1 212 258 -185868.0
1 213 300 -10935.4
1 214 240 -82706.1
1 215 260 -48072.0
1 216 238 -17632.0
1 217 264 -4215.48
1 217 365 -1284.2
1 218 179 -20660.1
1 219 310 -102530.0
1 221 223 -1108.67
1 221 246 -72.1445
1 221 284 -41208.2
1 222 352 -37059.9
1 222 369 -7826.36
1 223 271 -34115.7
1 224 301 -16410.9
1 224 374 -9761.66
1 226 311 -1889.94
1 226 365 -2309.27
1 227 270 -49180.6
1 228 225 -56506.2
1 230 255 -12345.2
1 230 361 -64855.2
1 231 401 -320.811
1 232 364 -307.638
1 233 337 -320.811
1 233 394 -719.243
1 234 304 -6045.82
1 234 393 -406.319
1 235 367 -2251.07
1 235 400 -2263.95
1 235 609 -9469.77
1 236 263 -36465.3
1 236 609 -129.791
1 237 237 -20894.9
1 237 316 -56814.3
1 237 357 -9106.85
1 237 389 -320.815
1 238 221 -1837.95
1 238 398 -4.74351
1 238 605 -1667.66
1 238 609 -1236.44
1 239 250 -11239.9
1 239 338 -32033.1
1 239 426 -1384.67
1 239 605 -1669.6
1 239 606 -989.04
1 239 619 -15884.4
1 240 380 -483.815
1 240 426 -497.615
1 240 608 -1420.78
1 241 335 -60358.7
1 241 342 -3747.6
1 241 604 -432.715
1 242 311 -13351.7
1 243 371 -440.25
1 243 389 -1083.25
1 243 422 -183.488
1 243 431 -17.2491
1 243 605 -1604.06
1 244 431 -7411.52
1 244 605 -1976.27
1 244 621 -5225.58
1 245 238 -22235.3
1 245 322 -10263.2
1 245 337 -320.811
1 245 621 -320.811
1 246 321 -4361.01
1 246 618 -1046.87
1 247 344 -487.42900000000003
1 247 384 -1121440.0
1 248 251 -39362.5
1 248 424 -3682.26
1 248 436 -3492.95
1 248 442 -1713.27
1 248 444 -10424.9
1 248 589 -3368.75
1 249 373 -334.653
1 249 389 -1680.06
1 249 424 -17709.3
1 249 430 -61579.4
1 249 436 -13216.1
1 249 606 -1670.38
1 250 326 -3856.9
1 250 424 -320.811
1 250 425 -395855.0
1 250 431 -71092.1
1 250 595 -1247.5
1 251 356 -149230.0
1 251 408 -1368.29
1 251 456 -541.6
1 251 457 -51.1609
1 251 594 -382.175
1 251 595 -634.033
1 251 596 -936.4789999999999
1 252 230 -4337.73
1 252 285 -21260.4
1 252 329 -37503.9
1 252 450 -325.75
1 252 595 -320.811
1 252 606 -454.49199999999996
1 253 298 -21611.4
1 253 331 -22191.0
1 253 332 -33972.2
1 253 420 -21517.9
1 253 445 -55024.0
1 254 338 -171289.0
1 254 367 -47833.7
1 254 407 -29097.6
1 254 597 -329.315
1 254 607 -10460.7
1 255 381 -26500.6
1 255 383 -39918.8
1 255 388 -114237.0
1 255 395 -4870.29
1 255 420 -15873.5
1 255 439 -39647.1
1 255 443 -192971.0
1 255 595 -399.086
1 255 596 -409.55800000000005
1 255 606 -2186.3
1 255 609 -641.622
1 255 610 -43.3656
1 256 314 -9197.46
1 256 335 -10334.8
1 256 341 -714.3510000000001
1 256 370 -4.31228
1 256 413 -2171.69
1 256 586 -17848.2
1 256 593 -1283.24
1 257 238 -0.140516
1 257 324 -8004.89
1 257 413 -2982.09
1 257 576 -4732.71
1 257 599 -16814.3
1 257 600 -127596.0
1 258 325 -10140.8
1 258 336 -1714.21
1 258 442 -685213.0
1 258 464 -1867.61
1 258 585 -2070.53
1 258 595 -750.268
1 258 601 -42357.1
1 258 602 -10516.9
1 259 340 -89084.9
1 259 371 -11431.9
1 259 405 -23500.5
1 259 588 -31708.2
1 259 592 -320.811
1 259 593 -320.87
1 260 342 -34115.7
1 260 349 -77.5908
1 260 424 -566.931
1 260 461 -4944.89
1 260 463 -54966.5
1 260 464 -45663.2
1 260 585 -14065.8
1 260 586 -21456.1
1 261 337 -11651.8
1 261 381 -222996.0
1 261 395 -43950.8
1 261 416 -14669.1
1 261 418 -485.79900000000004
1 261 429 -69798.6
1 261 464 -9608.19
1 261 492 -356.845
1 261 571 -250.112
1 261 576 -15231.5
1 262 345 -44601.2
1 262 540 -409.381
1 262 564 -14799.8
1 262 567 -29634.0
1 262 568 -24489.4
1 262 570 -167235.0
1 262 571 -3756.0
1 263 471 -28758.6
1 263 477 -49.6128
1 263 520 -642.45
1 263 582 -27173.1
1 264 265 -12276.9
1 264 344 -23334.1
1 264 345 -6812.22
1 264 355 -656.76
1 264 367 -320.811
1 264 383 -165906.0
1 264 407 -8125.2
1 264 428 -173353.0
1 264 468 -51.3162
1 264 471 -6472.73
1 264 476 -115.569
1 264 477 -76.267
1 264 523 -1344.63
1 264 524 -505.98900000000003
1 264 549 -9850.98
1 265 364 -33170.1
1 265 374 -28387.1
1 265 523 -4829.63
1 266 337 -320.811
1 266 462 -154.592
1 267 391 -21692.5
1 267 463 -211.30200000000002
1 267 555 -320.811
1 267 556 -320.811
1 268 333 -102.57700000000001
1 268 334 -16788.8
1 268 455 -10.4788
1 268 480 -651.931
1 268 489 -3701.64
1 269 363 -337.715
1 269 397 -59180.9
1 269 456 -24922.0
1 269 483 -57.4683
1 269 541 -320.811
1 270 337 -2248.26
1 270 352 -16256.3
1 270 412 -54766.0
1 270 429 -4014.3
1 270 481 -381.31199999999995
1 270 483 -1864.47
1 270 484 -388.14300000000003
1 270 486 -66974.0
1 270 498 -38467.5
1 270 539 -242.35
1 271 319 -90920.1
1 271 371 -914.204
1 271 485 -299.057
1 271 493 -155682.0
1 271 498 -10602.2
1 271 537 -108347.0
1 272 337 -27102.7
1 272 366 -391.764
1 272 368 -393254.0
1 272 396 -6182.71
1 272 450 -8090.29
1 272 451 -28134.8
1 272 453 -206.162
1 272 491 -60.9325
1 272 497 -29047.5
1 272 498 -151362.0
1 272 530 -220811.0
1 272 532 -281585.0
1 272 535 -63520.9
1 273 363 -329.329
1 273 392 -301.663
1 273 410 -5651.22
1 273 480 -1058.68
1 273 510 -320.811
1 273 516 -685.653
1 274 409 -734.087
1 274 520 -62730.8
1 274 523 -2423.9
1 275 367 -101222.0
1 275 506 -4005.83
1 276 392 -515.404
1 276 446 -3348.49
1 276 474 -6546.04
1 277 294 -52842.7
1 277 390 -11357.8
1 277 407 -773524.0
1 277 431 -2410.52
1 277 454 -34.4983
1 277 468 -174.567
1 277 472 -53134.9
1 277 480 -63946.8
1 278 365 -91684.3
1 278 435 -12765.2
1 278 482 -8368.18
1 279 310 -27154.4
1 279 336 -181.266
1 279 433 -31260.5
1 279 475 -111585.0
1 279 485 -36823.4
1 280 365 -11023.5
1 280 433 -27399.6
1 280 442 -10513.3
1 280 469 -18407.0
1 280 471 -26334.8
1 282 409 -9323.15
1 282 424 -1817.63
1 282 430 -903.423
1 282 436 -15880.6
1 282 454 -3143.65
1 282 457 -5722.4
1 283 335 -22901.3
1 283 354 -14154.2
1 283 429 -259829.0
1 283 452 -62213.3
1 283 455 -106707.0
1 283 468 -89984.9
1 284 339 -114166.0
1 284 457 -16411.7
1 284 463 -141.921
1 285 374 -3656.81
1 285 467 -315737.0
1 286 330 -77250.2
1 286 475 -36352.5
1 286 477 -45563.6
1 287 426 -320.811
1 287 477 -24674.9
1 288 372 -117.294
1 288 419 -20369.5
1 288 423 -334.301
1 288 426 -320.811
1 289 404 -173388.0
1 289 459 -137.70600000000002
1 289 468 -8848.8
1 290 402 -11134.5
1 290 411 -4629.64
1 290 412 -32429.3
1 290 413 -1360.75
1 290 420 -288.492
1 291 350 -5968.2
1 291 355 -150733.0
1 291 373 -2593.41
1 291 399 -74434.3
1 291 419 -554107.0
1 292 365 -18046.9
1 292 416 -572.628
1 292 469 -86137.8
1 293 440 -45.8396
1 294 435 -24590.8
1 294 447 -22.1057
1 295 356 -9940.11
1 296 398 -441578.0
1 296 433 -335.834
1 297 381 -9793.97
1 297 383 -488.582
1 297 395 -409235.0
1 297 401 -486985.0
1 297 402 -153142.0
1 297 413 -1072790.0
1 297 415 -108341.0
1 297 442 -17.5404
1 299 354 -56.907
1 299 355 -1318.29
1 299 387 -99.1606
1 102 110 -320.811
1 102 113 -320.811
1 103 100 -320.811
1 103 104 -320.811
1 104 115 -320.811
1 105 115 -320.811
1 105 139 -320.811
1 108 117 -320.811
1 109 112 -320.811
1 111 155 -320.811
1 111 208 -320.811
1 112 181 -320.811
1 113 111 -320.811
1 113 159 -320.811
1 113 211 -320.811
1 114 173 -320.811
1 114 212 -641.622
1 115 212 -641.622
1 116 121 -320.811
1 116 150 -320.811
1 116 166 -320.811
1 117 119 -320.811
1 117 168 -320.811
1 117 210 -320.811
1 119 194 -320.811
1 119 202 -320.811
1 119 96 -320.811
1 120 155 -320.811
1 120 94 -320.811
1 121 187 -320.811
1 123 110 -320.811
1 123 111 -320.811
1 123 158 -320.811
1 123 168 -320.811
1 123 193 -320.811
1 123 202 -641.622
1 125 150 -320.811
1 125 151 -320.811
1 125 193 -320.811
1 125 194 -320.811
1 126 121 -320.811
1 126 191 -320.811
1 126 195 -320.811
1 127 150 -320.811
1 127 160 -320.811
1 127 169 -320.811
1 127 195 -320.811
1 127 199 -641.622
1 128 122 -320.811
1 128 148 -320.811
1 128 149 -320.811
1 128 152 -320.811
1 128 153 -320.811
1 128 154 -320.811
1 128 157 -320.811
1 128 199 -320.811
1 129 117 -320.811
1 129 119 -320.811
1 129 122 -320.811
1 129 146 -320.811
1 129 154 -641.622
1 129 162 -320.811
1 129 176 -320.811
1 130 120 -320.811
1 130 154 -320.811
1 130 155 -320.811
1 130 156 -962.433
1 130 194 -320.811
1 131 112 -320.811
1 131 121 -320.811
1 131 122 -320.811
1 131 150 -320.811
1 131 156 -320.811
1 131 157 -320.811
1 131 158 -320.811
1 131 161 -641.622
1 131 198 -320.811
1 132 112 -320.811
1 132 155 -320.811
1 132 156 -320.811
1 132 160 -320.811
1 132 161 -641.622
1 133 155 -320.811
1 133 159 -320.811
1 133 160 -641.622
1 133 192 -641.622
1 133 193 -320.811
1 134 148 -320.811
1 134 150 -320.811
1 134 151 -320.811
1 134 156 -320.811
1 134 191 -320.811
1 134 193 -1283.24
1 135 148 -1604.06
1 135 149 -641.622
1 135 156 -320.811
1 135 157 -320.811
1 135 193 -962.433
1 136 147 -320.811
1 136 148 -320.811
1 136 149 -320.811
1 136 150 -641.622
1 136 153 -320.811
1 136 155 -320.811
1 137 148 -320.811
1 137 150 -320.811
1 137 153 -641.622
1 137 154 -320.811
1 137 157 -962.433
1 137 175 -320.811
1 137 206 -101411.0
1 138 151 -320.811
1 138 152 -320.811
1 138 153 -962.433
1 138 168 -320.811
1 138 169 -320.811
1 139 151 -320.811
1 140 138 -320.811
1 140 155 -1283.24
1 140 156 -320.811
1 140 171 -320.811
1 140 180 -320.811
1 141 149 -320.811
1 141 154 -641.622
1 141 157 -320.811
1 141 171 -320.811
1 141 199 -641.622
1 142 155 -320.811
1 142 156 -320.811
1 142 157 -320.811
1 142 158 -320.811
1 142 174 -320.811
1 142 179 -320.811
1 142 201 -320.811
1 143 146 -320.811
1 143 157 -962.433
1 144 142 -641.622
1 144 173 -320.811
1 145 142 -320.811
1 145 143 -320.811
1 145 151 -320.811
1 145 187 -320.811
1 145 226 -320.811
1 146 140 -320.811
1 146 141 -641.622
1 146 145 -320.811
1 146 208 -320.811
1 146 229 -320.811
1 146 230 -320.811
1 146 232 -320.811
1 147 139 -962.433
1 147 140 -320.811
1 147 141 -320.811
1 147 142 -320.811
1 147 229 -320.811
1 147 230 -320.811
1 147 233 -320.811
1 147 239 -320.811
1 147 240 -320.811
1 148 217 -320.811
1 148 221 -320.811
1 149 127 -320.811
1 149 147 -320.811
1 149 154 -320.811
1 149 222 -320.811
1 149 253 -320.811
1 150 160 -320.811
1 150 164 -320.811
1 150 177 -320.811
1 150 227 -320.811
1 150 236 -320.811
1 151 128 -320.811
1 151 228 -320.811
1 152 153 -320.811
1 152 173 -320.811
1 152 176 -320.811
1 152 222 -320.811
1 152 228 -320.811
1 153 126 -320.811
1 153 136 -320.811
1 153 155 -320.811
1 153 232 -320.811
1 153 238 -320.811
1 153 253 -320.811
1 154 126 -320.811
1 154 133 -320.811
1 154 161 -320.811
1 154 172 -320.811
1 154 220 -320.811
1 154 244 -320.811
1 155 170 -641.622
1 155 216 -320.811
1 155 262 -320.811
1 156 160 -320.811
1 156 211 -320.811
1 156 223 -320.811
1 157 132 -320.811
1 157 133 -320.811
1 157 134 -962.433
1 157 136 -320.811
1 157 194 -320.811
1 157 207 -320.811
1 157 240 -320.811
1 158 135 -320.811
1 158 248 -320.811
1 159 152 -320.811
1 159 231 -320.811
1 159 240 -320.811
1 159 247 -320.811
1 159 248 -320.811
1 159 250 -320.811
1 159 251 -320.811
1 159 257 -320.811
1 160 133 -320.811
1 160 249 -641.622
1 160 251 -641.622
1 160 252 -320.811
1 160 253 -320.811
1 160 262 -320.811
1 161 144 -641.622
1 161 251 -320.811
1 161 253 -320.811
1 162 137 -641.622
1 162 252 -641.622
1 162 253 -320.811
1 163 152 -320.811
1 163 190 -320.811
1 163 236 -320.811
1 164 278 -320.811
1 164 290 -320.811
1 164 299 -320.811
1 165 133 -641.622
1 165 134 -641.622
1 165 135 -320.811
1 165 290 -320.811
1 166 131 -320.811
1 166 132 -320.811
1 166 133 -641.622
1 166 134 -320.811
1 166 135 -320.811
1 166 210 -320.811
1 166 254 -320.811
1 166 255 -320.811
1 167 127 -320.811
1 167 132 -641.622
1 167 133 -641.622
1 167 134 -962.433
1 167 256 -320.811
1 167 288 -320.811
1 167 294 -320.811
1 168 130 -320.811
1 168 131 -320.811
1 168 132 -1283.24
1 168 133 -1283.24
1 168 286 -320.811
1 168 287 -641.622
1 168 291 -641.622
1 169 128 -641.622
1 169 129 -1283.24
1 169 131 -320.811
1 169 132 -1604.06
1 169 133 -962.433
1 169 134 -2887.3
1 169 135 -320.811
1 169 236 -320.811
1 169 260 -320.811
1 169 271 -320.811
1 169 287 -320.811
1 169 290 -320.811
1 170 133 -962.433
1 170 134 -3849.73
1 170 136 -320.811
1 170 187 -320.811
1 170 256 -320.811
1 170 287 -320.811
1 170 292 -320.811
1 171 133 -641.622
1 171 134 -320.811
1 171 136 -1604.06
1 171 290 -320.811
1 172 257 -320.811
1 172 284 -320.811
1 172 295 -641.622
1 172 311 -320.811
1 173 258 -320.811
1 173 278 -320.811
1 173 290 -320.811
1 173 292 -320.811
1 173 293 -641.622
1 173 294 -320.811
1 174 124 -320.811
1 174 253 -320.811
1 174 261 -320.811
1 174 270 -320.811
1 174 283 -320.811
1 174 289 -320.811
1 174 293 -320.811
1 175 260 -320.811
1 175 288 -320.811
1 175 292 -641.622
1 175 293 -320.811
1 175 296 -320.811
1 175 305 -320.811
1 176 274 -320.811
1 176 305 -320.811
1 177 289 -320.811
1 177 290 -320.811
1 178 243 -320.811
1 178 280 -320.811
1 178 285 -320.811
1 178 302 -320.811
1 178 305 -320.811
1 178 306 -320.811
1 178 311 -320.811
1 179 278 -320.811
1 179 285 -320.811
1 180 149 -320.811
1 180 286 -320.811
1 181 297 -320.811
1 181 307 -320.811
1 181 308 -320.811
1 183 242 -320.811
1 183 285 -320.811
1 183 295 -320.811
1 183 308 -320.811
1 183 309 -320.811
1 183 318 -320.811
1 184 263 -320.811
1 184 285 -320.811
1 184 313 -320.811
1 184 319 -320.811
1 185 257 -320.811
1 185 305 -320.811
1 185 306 -320.811
1 185 307 -320.811
1 185 315 -320.811
1 186 255 -320.811
1 186 265 -320.811
1 186 307 -641.622
1 186 310 -320.811
1 188 262 -320.811
1 188 294 -320.811
1 188 295 -320.811
1 189 295 -320.811
1 189 309 -320.811
1 190 307 -320.811
1 190 308 -329.091
1 190 324 -320.811
1 191 292 -641.622
1 191 304 -320.811
1 191 305 -320.811
1 192 258 -320.811
1 192 284 -320.811
1 192 304 -320.811
1 192 316 -320.811
1 192 319 -320.811
1 193 262 -320.811
1 193 301 -320.811
1 193 311 -320.811
1 193 313 -641.622
1 194 284 -320.811
1 194 313 -320.811
1 195 269 -320.811
1 195 287 -320.811
1 195 289 -320.811
1 195 300 -320.811
1 195 311 -320.811
1 195 313 -320.811
1 196 269 -320.811
1 196 275 -320.811
1 196 303 -320.811
1 196 324 -320.811
1 196 333 -320.811
1 197 264 -320.811
1 197 283 -320.811
1 197 300 -320.811
1 197 322 -320.811
1 197 325 -320.811
1 198 242 -320.811
1 198 276 -641.622
1 198 309 -320.811
1 198 311 -320.811
1 199 283 -320.811
1 199 311 -320.811
1 199 324 -320.811
1 200 280 -320.811
1 200 286 -320.811
1 200 296 -320.811
1 200 299 -320.811
1 200 306 -320.811
1 200 307 -320.811
1 200 312 -320.811
1 200 343 -320.811
1 200 345 -320.811
1 201 257 -320.811
1 202 280 -320.811
1 202 287 -320.811
1 202 297 -320.811
1 202 301 -320.811
1 202 302 -320.811
1 203 215 -320.811
1 203 304 -320.811
1 203 305 -320.811
1 203 309 -320.811
1 203 315 -320.811
1 205 263 -320.811
1 205 303 -320.811
1 205 304 -320.811
1 205 317 -320.811
1 205 318 -320.811
1 205 319 -320.811
1 206 264 -320.811
1 206 270 -320.811
1 206 301 -320.811
1 206 304 -320.811
1 206 315 -320.811
1 206 317 -641.622
1 207 262 -320.811
1 207 300 -320.811
1 207 301 -641.622
1 207 303 -320.811
1 207 304 -320.811
1 207 306 -641.622
1 207 315 -320.811
1 207 317 -320.811
1 208 298 -641.622
1 208 299 -641.622
1 208 306 -320.811
1 208 317 -320.811
1 208 328 -320.811
1 209 284 -320.811
1 209 297 -320.811
1 209 302 -320.811
1 210 284 -320.811
1 210 301 -320.811
1 210 302 -320.811
1 210 342 -320.811
1 211 301 -320.811
1 211 321 -320.811
1 212 295 -320.811
1 212 347 -320.811
1 213 226 -320.811
1 213 287 -320.811
1 213 303 -320.811
1 213 329 -320.811
1 214 319 -320.811
1 215 289 -320.811
1 215 311 -320.811
1 215 353 -320.811
1 216 323 -320.811
1 216 341 -320.811
1 217 244 -320.811
1 217 249 -320.811
1 217 351 -320.811
1 218 209 -320.811
1 218 243 -320.811
1 218 292 -320.811
1 218 345 -641.622
1 221 240 -320.811
1 221 611 -320.811
1 222 254 -320.811
1 222 362 -320.811
1 224 338 -320.811
1 224 359 -320.811
1 225 323 -320.811
1 225 329 -320.811
1 225 332 -320.811
1 225 368 -320.811
1 225 373 -320.811
1 225 378 -320.811
1 225 382 -641.622
1 226 323 -320.811
1 226 388 -641.622
1 226 618 -320.811
1 227 315 -320.811
1 228 606 -320.811
1 229 385 -641.622
1 229 392 -320.811
1 229 393 -320.811
1 229 397 -1283.24
1 229 618 -1604.06
1 230 338 -320.811
1 230 373 -641.622
1 230 384 -320.811
1 230 392 -641.622
1 230 393 -1283.24
1 230 396 -320.811
1 230 605 -320.811
1 231 343 -320.811
1 231 383 -320.811
1 231 392 -1604.06
1 231 393 -3528.92
1 231 398 -320.811
1 231 603 -320.811
1 231 607 -641.622
1 232 259 -320.811
1 232 300 -320.811
1 232 384 -320.811
1 232 389 -320.811
1 232 393 -1924.87
1 232 394 -1283.24
1 232 405 -320.811
1 232 604 -641.622
1 232 606 -641.622
1 232 607 -962.433
1 232 608 -320.811
1 233 373 -320.811
1 233 393 -320.811
1 233 403 -320.811
1 233 406 -1283.24
1 233 601 -641.622
1 233 602 -320.811
1 234 374 -320.811
1 234 388 -320.811
1 234 389 -320.811
1 234 406 -962.433
1 234 407 -641.622
1 234 601 -320.811
1 234 602 -641.622
1 234 603 -962.433
1 234 604 -320.811
1 234 605 -641.622
1 234 606 -320.811
1 234 609 -320.811
1 234 620 -320.811
1 234 621 -320.811
1 235 342 -320.811
1 235 368 -320.811
1 235 389 -320.811
1 235 392 -320.811
1 235 404 -320.811
1 235 406 -320.811
1 235 599 -320.811
1 235 600 -641.622
1 235 602 -962.433
1 235 603 -320.811
1 235 606 -320.811
1 235 608 -320.811
1 236 256 -320.811
1 236 359 -320.811
1 236 377 -641.622
1 236 378 -320.811
1 236 389 -641.622
1 236 600 -320.811
1 236 601 -320.811
1 236 602 -641.622
1 236 605 -320.811
1 236 606 -320.811
1 236 607 -320.811
1 236 620 -320.811
1 237 330 -320.811
1 237 377 -320.811
1 237 384 -320.811
1 237 388 -320.811
1 237 605 -641.622
1 237 606 -962.433
1 237 607 -641.622
1 237 608 -1604.06
1 237 609 -962.433
1 237 620 -320.811
1 238 346 -320.811
1 238 391 -320.811
1 238 410 -320.811
1 238 602 -320.811
1 238 603 -320.811
1 238 606 -1604.06
1 238 607 -1924.87
1 238 608 -1283.24
1 238 610 -320.811
1 239 297 -32372.5
1 239 323 -320.811
1 239 404 -320.811
1 239 601 -320.811
1 239 603 -320.811
1 239 607 -641.622
1 239 608 -1283.24
1 239 609 -962.433
1 239 610 -641.622
1 239 615 -641.622
1 240 267 -320.811
1 240 319 -320.811
1 240 327 -320.811
1 240 352 -320.811
1 240 374 -641.622
1 240 392 -641.622
1 240 396 -320.811
1 240 406 -320.811
1 240 603 -320.811
1 240 605 -962.433
1 240 606 -1283.24
1 240 607 -641.622
1 240 620 -641.622
1 240 621 -320.811
1 241 339 -320.811
1 241 352 -320.811
1 241 370 -641.622
1 241 375 -320.811
1 241 409 -320.811
1 241 577 -320.811
1 241 603 -641.622
1 241 605 -962.433
1 241 606 -641.622
1 241 607 -641.622
1 241 608 -641.622
1 241 609 -1604.06
1 241 610 -320.811
1 241 611 -320.811
1 241 620 -320.811
1 241 621 -320.811
1 242 314 -320.811
1 242 318 -320.811
1 242 336 -320.811
1 242 338 -320.811
1 242 339 -320.811
1 242 373 -962.433
1 242 374 -1924.87
1 242 406 -641.622
1 242 603 -641.622
1 242 604 -2245.68
1 242 605 -2887.3
1 242 606 -962.433
1 242 607 -1604.06
1 242 608 -1604.06
1 242 609 -962.433
1 242 610 -962.433
1 242 616 -320.811
1 242 622 -320.811
1 242 623 -962.433
1 243 366 -320.811
1 243 369 -320.811
1 243 372 -641.622
1 243 373 -2566.49
1 243 374 -962.433
1 243 386 -320.811
1 243 391 -320.811
1 243 405 -320.811
1 243 406 -320.811
1 243 407 -641.622
1 243 409 -320.811
1 243 577 -320.811
1 243 606 -2245.68
1 243 607 -1604.06
1 243 608 -641.622
1 243 609 -1924.87
1 243 620 -320.811
1 243 622 -641.622
1 243 623 -2566.49
1 244 371 -320.811
1 244 372 -641.622
1 244 373 -962.433
1 244 415 -320.811
1 244 598 -320.811
1 244 606 -1290.53
1 244 607 -320.811
1 244 611 -320.811
1 244 616 -320.811
1 244 622 -320.811
1 244 623 -1283.24
1 244 624 -320.811
1 245 312 -320.811
1 245 315 -320.811
1 245 326 -320.811
1 245 335 -320.811
1 245 338 -320.811
1 245 356 -641.622
1 245 371 -320.811
1 245 413 -320.811
1 245 586 -320.811
1 245 604 -320.811
1 245 605 -962.433
1 245 606 -1604.06
1 245 607 -1283.24
1 245 609 -1604.06
1 245 610 -641.622
1 245 612 -641.622
1 245 616 -641.622
1 245 619 -320.811
1 245 620 -641.622
1 245 622 -320.811
1 246 214 -320.811
1 246 342 -320.811
1 246 356 -320.811
1 246 357 -320.811
1 246 374 -320.811
1 246 413 -320.811
1 246 590 -320.811
1 246 599 -320.811
1 246 600 -1924.87
1 246 605 -1283.24
1 246 606 -2245.68
1 246 607 -1283.24
1 246 610 -320.811
1 246 612 -641.622
1 246 614 -320.811
1 246 615 -320.811
1 246 623 -320.811
1 247 314 -320.811
1 247 331 -320.811
1 247 367 -641.622
1 247 368 -1604.06
1 247 387 -641.622
1 247 413 -320.811
1 247 578 -320.811
1 247 597 -320.811
1 247 598 -2245.68
1 247 599 -1924.87
1 247 600 -3208.11
1 247 601 -3208.11
1 247 605 -641.622
1 247 609 -641.622
1 247 610 -641.622
1 247 611 -1283.24
1 247 612 -1283.24
1 247 613 -641.622
1 247 618 -641.622
1 247 619 -320.811
1 247 623 -320.811
1 248 307 -320.811
1 248 367 -320.811
1 248 368 -1283.24
1 248 371 -641.622
1 248 372 -1604.06
1 248 387 -641.622
1 248 388 -1924.87
1 248 413 -320.811
1 248 416 -320.811
1 248 529 -320.811
1 248 567 -320.811
1 248 596 -2245.68
1 248 597 -1604.06
1 248 598 -3208.11
1 248 599 -1924.87
1 248 600 -1283.24
1 248 601 -1924.87
1 248 602 -962.433
1 248 605 -320.811
1 248 608 -320.811
1 248 609 -641.622
1 248 610 -962.433
1 248 611 -1924.87
1 248 612 -1924.87
1 248 613 -2245.68
1 248 618 -320.811
1 248 619 -320.811
1 248 620 -320.811
1 248 623 -641.622
1 249 333 -320.811
1 249 334 -320.811
1 249 365 -641.622
1 249 366 -962.433
1 249 367 -320.811
1 249 368 -962.433
1 249 371 -320.811
1 249 387 -320.811
1 249 388 -320.811
1 249 400 -320.811
1 249 412 -320.811
1 249 567 -320.811
1 249 593 -641.622
1 249 595 -1924.87
1 249 596 -2245.68
1 249 597 -3528.92
1 249 603 -962.433
1 249 604 -2566.49
1 249 605 -1604.06
1 249 607 -1283.24
1 249 609 -320.811
1 249 610 -641.622
1 249 611 -1604.06
1 249 612 -2887.3
1 249 613 -641.622
1 249 618 -320.811
1 249 623 -320.811
1 250 331 -628.2769999999999
1 250 355 -320.811
1 250 365 -641.622
1 250 366 -1604.06
1 250 367 -962.433
1 250 368 -320.811
1 250 369 -641.622
1 250 370 -641.622
1 250 371 -1939.14
1 250 382 -320.811
1 250 406 -320.811
1 250 413 -320.811
1 250 414 -320.811
1 250 423 -320.811
1 250 436 -320.811
1 250 568 -320.811
1 250 579 -320.811
1 250 591 -320.811
1 250 594 -320.811
1 250 596 -2566.49
1 250 597 -641.622
1 250 602 -320.811
1 250 603 -2245.68
1 250 604 -1924.87
1 250 605 -1283.24
1 250 607 -320.811
1 250 608 -962.433
1 250 609 -320.811
1 250 610 -320.811
1 250 613 -320.811
1 251 276 -320.811
1 251 322 -320.811
1 251 365 -962.433
1 251 366 -2887.3
1 251 367 -641.622
1 251 368 -641.622
1 251 371 -320.811
1 251 379 -320.811
1 251 407 -320.811
1 251 414 -320.811
1 251 424 -320.811
1 251 598 -320.811
1 251 604 -320.811
1 251 605 -320.811
1 251 607 -320.811
1 251 610 -320.811
1 252 236 -320.811
1 252 365 -962.433
1 252 366 -2245.68
1 252 367 -2245.68
1 252 368 -641.622
1 252 376 -320.811
1 252 412 -320.811
1 252 416 -320.811
1 252 428 -320.811
1 252 506 -320.811
1 252 507 -320.811
1 252 528 -320.811
1 252 534 -320.811
1 252 544 -320.811
1 252 576 -320.811
1 252 591 -641.622
1 252 596 -756.961
1 252 597 -641.622
1 252 598 -320.811
1 252 599 -641.622
1 252 608 -641.622
1 252 609 -320.811
1 252 611 -320.811
1 252 620 -320.811
1 253 259 -320.811
1 253 342 -320.811
1 253 363 -320.811
1 253 365 -641.622
1 253 366 -1924.87
1 253 367 -1283.24
1 253 370 -320.811
1 253 375 -641.622
1 253 404 -320.811
1 253 433 -641.622
1 253 506 -320.811
1 253 543 -320.811
1 253 546 -320.811
1 253 547 -320.811
1 253 566 -320.811
1 253 586 -641.622
1 253 596 -320.811
1 253 597 -1283.24
1 253 601 -320.811
1 253 604 -320.811
1 253 605 -320.811
1 253 614 -962.433
1 254 366 -641.622
1 254 478 -320.811
1 254 581 -320.811
1 254 584 -320.811
1 254 585 -1924.87
1 254 586 -1604.06
1 254 587 -962.433
1 254 588 -962.433
1 254 589 -1283.24
1 254 598 -320.811
1 254 599 -320.811
1 254 601 -641.622
1 254 604 -641.622
1 254 605 -320.811
1 254 606 -320.811
1 254 611 -320.811
1 255 341 -320.811
1 255 346 -320.811
1 255 371 -320.811
1 255 402 -320.811
1 255 442 -320.811
1 255 445 -320.811
1 255 461 -320.811
1 255 479 -320.811
1 255 512 -320.811
1 255 513 -320.811
1 255 526 -320.811
1 255 547 -320.811
1 255 548 -320.811
1 255 565 -320.811
1 255 583 -962.433
1 255 584 -1283.24
1 255 585 -1283.24
1 255 586 -1283.24
1 255 587 -641.622
1 255 588 -320.811
1 255 591 -320.811
1 255 594 -320.811
1 255 597 -320.811
1 255 600 -641.622
1 255 607 -320.811
1 256 346 -320.811
1 256 350 -320.811
1 256 367 -320.811
1 256 373 -320.811
1 256 374 -320.811
1 256 491 -320.811
1 256 526 -320.811
1 256 531 -962.433
1 256 532 -320.811
1 256 547 -320.811
1 256 548 -641.622
1 256 549 -320.811
1 256 575 -320.811
1 256 578 -641.622
1 256 580 -320.811
1 256 584 -962.433
1 256 585 -641.622
1 256 592 -641.622
1 256 594 -2246.35
1 256 595 -1283.24
1 256 607 -1283.24
1 256 608 -641.622
1 256 609 -320.811
1 257 330 -320.811
1 257 461 -320.811
1 257 497 -320.811
1 257 503 -320.811
1 257 506 -320.811
1 257 512 -320.811
1 257 527 -962.433
1 257 529 -320.811
1 257 532 -320.811
1 257 549 -320.811
1 257 574 -320.811
1 257 575 -962.433
1 257 584 -962.433
1 257 585 -962.433
1 257 593 -641.622
1 257 594 -2566.49
1 257 595 -1283.24
1 257 597 -641.622
1 257 606 -2245.68
1 257 607 -320.811
1 258 307 -320.811
1 258 330 -320.811
1 258 366 -320.811
1 258 485 -641.622
1 258 489 -641.622
1 258 491 -320.811
1 258 493 -320.811
1 258 494 -320.811
1 258 496 -320.811
1 258 497 -320.811
1 258 498 -962.433
1 258 499 -641.622
1 258 502 -320.811
1 258 503 -320.811
1 258 529 -641.622
1 258 531 -320.811
1 258 532 -320.811
1 258 533 -641.622
1 258 535 -320.811
1 258 546 -320.811
1 258 550 -320.811
1 258 556 -641.622
1 258 564 -320.811
1 258 576 -320.811
1 258 583 -320.811
1 258 584 -962.433
1 258 586 -962.433
1 258 594 -962.433
1 258 606 -1604.06
1 258 607 -320.811
1 259 346 -320.811
1 259 369 -641.622
1 259 402 -320.811
1 259 444 -320.811
1 259 456 -320.811
1 259 485 -320.811
1 259 486 -320.811
1 259 488 -320.811
1 259 489 -320.811
1 259 490 -641.622
1 259 509 -641.622
1 259 510 -320.811
1 259 522 -320.811
1 259 528 -320.811
1 259 529 -320.811
1 259 531 -320.811
1 259 532 -320.811
1 259 545 -320.811
1 259 549 -320.811
1 259 554 -641.622
1 259 555 -641.622
1 259 556 -962.433
1 259 557 -962.433
1 259 575 -1283.24
1 259 576 -320.811
1 259 579 -320.811
1 259 584 -320.811
1 259 585 -1283.24
1 259 586 -641.622
1 260 369 -641.622
1 260 404 -641.622
1 260 443 -320.811
1 260 454 -320.811
1 260 485 -320.811
1 260 486 -641.622
1 260 487 -320.811
1 260 492 -320.811
1 260 499 -320.811
1 260 502 -641.622
1 260 517 -320.811
1 260 527 -320.811
1 260 545 -962.433
1 260 548 -320.811
1 260 554 -320.811
1 260 556 -320.811
1 260 567 -320.811
1 260 576 -320.811
1 260 577 -320.811
1 261 397 -320.811
1 261 404 -320.811
1 261 444 -320.811
1 261 483 -320.811
1 261 487 -320.811
1 261 501 -320.811
1 261 502 -320.811
1 261 545 -320.811
1 261 551 -320.811
1 261 552 -320.811
1 261 565 -320.811
1 262 254 -320.811
1 262 353 -641.622
1 262 369 -320.811
1 262 425 -320.811
1 262 443 -320.811
1 262 458 -320.811
1 262 483 -641.622
1 262 493 -320.811
1 262 501 -320.811
1 262 502 -320.811
1 262 523 -320.811
1 262 524 -320.811
1 262 535 -320.811
1 262 536 -320.811
1 262 537 -320.811
1 262 542 -320.811
1 262 546 -320.811
1 262 584 -320.811
1 262 587 -320.811
1 263 355 -320.811
1 263 415 -320.811
1 263 484 -320.811
1 263 493 -320.811
1 263 509 -320.811
1 263 522 -320.811
1 263 523 -641.622
1 263 524 -641.622
1 263 541 -641.622
1 263 542 -320.811
1 263 543 -320.811
1 263 546 -641.622
1 263 576 -320.811
1 263 579 -320.811
1 263 581 -1283.24
1 264 369 -320.811
1 264 379 -327.452
1 264 481 -320.811
1 264 482 -320.811
1 264 493 -320.811
1 264 503 -320.811
1 264 504 -320.811
1 264 516 -320.811
1 264 521 -962.433
1 264 527 -320.811
1 264 543 -1283.24
1 264 568 -320.811
1 264 575 -320.811
1 264 576 -641.622
1 265 336 -320.811
1 265 367 -689.92
1 265 457 -320.811
1 265 459 -320.811
1 265 511 -320.811
1 265 516 -320.811
1 265 520 -320.811
1 265 524 -605.422
1 265 568 -641.622
1 266 314 -320.811
1 266 413 -320.811
1 266 456 -320.811
1 266 478 -320.811
1 266 481 -320.811
1 266 483 -320.811
1 266 484 -320.811
1 266 485 -320.811
1 266 492 -320.811
1 266 498 -320.811
1 266 505 -320.811
1 266 518 -320.811
1 266 523 -320.811
1 266 543 -320.811
1 266 545 -320.811
1 266 549 -320.811
1 266 555 -320.811
1 267 337 -320.811
1 267 365 -320.811
1 267 381 -320.811
1 267 459 -320.811
1 267 460 -641.622
1 267 505 -320.811
1 267 507 -320.811
1 267 543 -320.811
1 267 544 -641.622
1 267 549 -320.811
1 267 553 -962.433
1 267 562 -320.811
1 268 507 -641.622
1 268 540 -320.811
1 268 541 -320.811
1 268 542 -641.622
1 268 543 -1283.24
1 268 544 -641.622
1 268 549 -320.811
1 268 551 -320.811
1 268 552 -320.811
1 268 553 -320.811
1 269 362 -320.811
1 269 505 -641.622
1 269 507 -320.811
1 269 528 -320.811
1 269 543 -320.811
1 269 547 -641.622
1 270 474 -320.811
1 270 475 -641.622
1 270 479 -320.811
1 270 491 -320.811
1 270 504 -320.811
1 270 507 -320.811
1 270 526 -320.811
1 271 375 -320.811
1 271 388 -320.811
1 271 479 -320.811
1 271 481 -320.811
1 271 487 -320.811
1 271 491 -320.811
1 271 526 -320.811
1 272 469 -320.811
1 272 493 -320.811
1 272 495 -641.622
1 272 496 -320.811
1 272 502 -320.811
1 272 526 -962.433
1 273 441 -320.811
1 273 462 -320.811
1 273 526 -320.811
1 275 463 -320.811
1 275 480 -320.811
1 275 502 -320.811
1 275 504 -320.811
1 276 502 -320.811
1 277 393 -320.811
1 279 459 -320.811
1 280 563 -320.811
1 282 434 -320.811
1 282 435 -320.811
1 283 461 -320.811
1 283 482 -320.811
1 283 483 -320.811
1 285 437 -320.811
1 285 482 -320.811
1 285 483 -320.811
1 286 377 -320.811
1 286 464 -320.811
1 288 469 -320.811
1 289 362 -320.811
1 289 443 -320.811
1 292 358 -320.811
1 293 390 -962.433
1 293 391 -320.811
1 296 390 -320.811
1 301 359 -320.811
1 301 378 -320.811
1 85 106 -320.811
1 92 112 -641.622
1 93 117 -320.811
1 97 89 -320.811
1 98 101 -320.811
1 99 126 -320.811
1 99 136 -320.811
1 147 119 -12941.5
1 148 187 -18584.7
1 156 158 -37719.3
1 170 169 -153163.0
1 197 280 -46665.4
1 199 225 -47663.1
1 210 300 -16793.1
1 234 285 -13680.7
1 244 234 -176335.0
1 259 541 -73.9988
1 265 469 -90.8167
1 267 479 -1472.01
1 272 454 -22.7914
1 285 433 -1795.2
1 291 453 -11022.1
1 299 360 -27202.5
1 109 116 -11935.4
1 131 118 -2266.53
1 132 183 -31259.2
1 140 173 -24296.0
1 155 192 -62591.5
1 157 190 -29.5084
1 158 205 -74563.5
1 164 258 -43679.4
1 169 164 -71337.2
1 172 162 -7691.85
1 173 196 -187.83700000000002
1 175 213 -33868.6
1 195 280 -53396.1
1 202 295 -62368.1
1 203 296 -194005.0
1 214 174 -31222.2
1 218 173 -53578.4
1 226 358 -3341.54
1 247 335 -156727.0
1 256 333 -52300.1
1 262 350 -14765.8
1 265 349 -3986.28
1 267 346 -27165.9
1 269 347 -28134.9
1 271 470 -2372.78
1 274 431 -188516.0
1 285 357 -54941.8
1 289 374 -20918.6
1 299 335 -136301.0
1 144 130 -2935.76
1 148 113 -26589.6
1 149 118 -30207.9
1 153 185 -49288.8
1 154 128 -147.68
1 155 187 -23626.4
1 161 161 -18469.1
1 164 159 -36499.7
1 174 182 -49320.8
1 175 178 -7461.41
1 176 128 -195.935
1 188 287 -10991.3
1 189 206 -125059.0
1 201 279 -153404.0
1 221 361 -12092.8
1 222 252 -125678.0
1 225 248 -19195.9
1 228 373 -54.8013
1 234 319 -19672.3
1 235 317 -16861.9
1 237 292 -39404.9
1 238 244 -27168.8
1 245 243 -18090.0
1 248 331 -39143.6
1 256 342 -5620.65
1 259 347 -5378.67
1 266 345 -12298.0
1 271 268 -39177.3
1 274 278 -96040.0
1 289 355 -18615.6
1 296 393 -9649.75
1 140 166 -14102.2
1 141 165 -4750.85
1 142 185 -51288.4
1 144 186 -45948.8
1 146 180 -18421.7
1 147 148 -5620.65
1 149 124 -286.653
1 149 181 -91041.8
1 149 202 -14481.6
1 150 183 -106888.0
1 150 186 -73513.8
1 151 178 -44452.3
1 151 181 -44948.3
1 151 189 -15878.3
1 151 211 -10366.9
1 152 180 -101090.0
1 153 188 -29648.9
1 158 173 -7037.64
1 164 124 -1182.27
1 165 167 -42014.3
1 168 164 -34226.0
1 168 166 -9877.75
1 170 115 -13062.4
1 189 288 -8385.2
1 193 280 -27948.8
1 206 280 -126840.0
1 209 273 -181224.0
1 209 281 -144743.0
1 210 249 -34694.7
1 211 263 -36180.1
1 211 296 -9423.01
1 213 270 -62026.6
1 221 302 -8672.66
1 221 317 -104892.0
1 224 287 -25967.4
1 227 344 -66524.3
1 228 354 -72788.8
1 230 352 -48908.1
1 236 320 -11241.3
1 236 342 -27785.2
1 236 344 -27755.5
1 240 330 -25713.0
1 240 357 -23974.0
1 244 333 -4825.85
1 246 332 -44965.2
1 246 337 -4215.48
1 251 334 -191015.0
1 258 345 -7772.03
1 260 345 -12881.1
1 262 286 -18116.7
1 265 517 -37.9653
1 267 321 -89553.7
1 267 428 -214.99
1 269 364 -2357.62
1 269 365 -3512.9
1 270 361 -10379.9
1 271 355 -26613.4
1 284 333 -1944.26
1 290 371 -54256.1
1 291 365 -732.0889999999999
1 296 358 -33387.7
1 297 356 -26313.1
1 297 391 -587.357
1 299 347 -5119.19
1 125 93 -10941.8
1 131 125 -42015.7
1 142 117 -18951.4
1 142 169 -10058.0
1 146 146 -89930.3
1 155 116 -987.828
1 163 186 -449.214
1 166 203 -4185.98
1 192 232 -126987.0
1 193 235 -53788.2
1 201 310 -1485.55
1 215 261 -42448.5
1 221 339 -52024.5
1 222 324 -22832.9
1 223 263 -69693.2
1 226 354 -19848.9
1 233 341 -13984.4
1 242 618 -18730.8
1 248 344 -20100.9
1 263 345 -79305.9
1 263 427 -0.282929
1 263 570 -181.202
1 265 414 -25.4425
1 268 366 -1826.71
1 286 302 -14459.1
1 297 439 -890430.0
1 132 120 -15431.5
1 134 124 -10365.9
1 134 126 -11081.1
1 135 122 -10663.8
1 137 128 -24722.1
1 145 166 -7891.88
1 150 118 -75822.9
1 150 127 -2868.86
1 152 118 -21013.3
1 153 123 -13905.3
1 155 125 -13710.4
1 158 140 -69079.1
1 181 126 -124187.0
1 215 296 -1724.3
1 224 257 -3934.87
1 230 223 -169537.0
1 260 337 -2388.77
1 276 359 -19927.9
1 281 445 -408.832
1 137 168 -59989.1
1 149 213 -39.3445
1 189 195 -94643.2
1 190 250 -25536.0
1 192 197 -145476.0
1 210 253 -1.4058
1 245 324 -7925.11
1 247 330 -17.6804
1 270 480 -106.686
1 291 354 -4913.9
1 145 131 -750.3560000000001
1 148 166 -24497.6
1 158 114 -14810.4
1 188 197 -27048.3
1 188 204 -17950.3
1 203 340 -867.13
1 206 281 -346.707
1 208 226 -54737.3
1 211 266 -100834.0
1 213 276 -7033.76
1 214 274 -101134.0
1 220 278 -75515.4
1 223 372 -730.684
1 233 375 -743.8689999999999
1 236 317 -22482.6
1 239 385 -12771.6
1 239 406 -250.112
1 239 416 -1.6427200000000002
1 245 408 -12230.1
1 246 320 -14144.4
1 248 454 -2907.99
1 259 351 -1464.78
1 262 363 -21517.9
1 262 585 -170.033
1 263 492 -30.2117
1 267 449 -2123.8
1 268 351 -677.288
1 272 360 -8515.62
1 273 521 -3751.69
1 274 327 -3323.34
1 275 465 -174.21599999999998
1 290 322 -61685.2
1 292 458 -206.55900000000003
1 147 116 -21640.0
1 156 122 -2417.19
1 258 337 -103.06
1 268 484 -50.5854
1 281 328 -12594.0
1 173 183 -42256.3
1 257 342 -11696.8
1 201 251 -162369.0
1 201 301 -1214.59
1 251 286 -14608.1
1 264 441 -112.162
1 265 488 -240.465
1 294 356 -2710.03
1 136 173 -29873.7
1 144 189 -13770.6
1 154 112 -201.683
1 154 122 -24511.4
1 161 179 -44333.6
1 167 128 -2810.32
1 167 247 -1545.68
1 183 124 -59094.1
1 183 205 -108.679
1 204 300 -82.5802
1 225 242 -14051.6
1 226 375 -252385.0
1 238 302 -14196.5
1 242 355 -243.933
1 244 321 -43887.4
1 245 406 -2334.37
1 247 591 -838.7389999999999
1 248 590 -19.4053
1 248 593 -0.431228
1 251 614 -3210.41
1 255 333 -49311.3
1 256 443 -648.278
1 258 339 -3072.07
1 258 416 -223.37599999999998
1 263 583 -515.361
1 266 470 -1409.81
1 269 482 -255.815
1 270 476 -3128.13
1 274 506 -10692.7
1 275 479 -26963.0
1 280 458 -137.993
1 291 374 -107.704
1 297 388 -551.972
1 298 384 -124.927
1 204 299 -913.355
1 221 300 -5626.77
1 239 400 -19.4798
1 272 494 -169.77
1 158 122 -1698.11
1 159 157 -38043.2
1 184 305 -0.85115
1 225 289 -41691.1
1 226 330 -37650.5
1 237 406 -550.262
1 244 430 -1533.02
1 247 342 -793.627
1 253 427 -1312.66
1 253 443 -2191.54
1 254 398 -27.1243
1 254 442 -9854.6
1 254 444 -111.1
1 254 445 -9.458089999999999
1 256 445 -3937.11
1 259 345 -5608.32
1 261 346 -96.6619
1 261 369 -2495.57
1 262 555 -33.1269
1 263 448 -156.967
1 265 559 -0.661593
1 271 364 -20723.2
1 271 471 -311.131
1 271 489 -1543.8
1 272 371 -475.731
1 275 371 -2175.11
1 271 492 -108.626
1 167 168 -79532.1
1 157 122 -361.908
1 169 201 -22345.1
1 199 297 -94.8622
1 211 313 -108.238
1 212 315 -339.158
1 214 287 -315.228
1 224 372 -2211.34
1 246 609 -2204.44
1 247 343 -134.974
1 247 590 -3597.53
1 255 446 -786.56
1 261 524 -143.07
1 270 482 -118.415
1 276 386 -574.396
1 278 371 -2559.07
1 281 446 -1509.3
1 284 406 -3910.81
1 291 458 -114.58200000000001
1 295 390 -33414.3
1 297 384 -196.665
1 297 387 -402.702
1 165 158 -10096.3
1 145 147 -201.55599999999998
1 257 443 -2599.44
1 162 205 -20918.3
1 170 249 -1642.98
1 178 255 -6679.72
1 194 320 -20.4026
1 196 299 -44.9652
1 234 400 -13.7993
1 237 378 -34.5845
1 240 386 -112.507
1 241 353 -126.699
1 247 341 -45.7006
1 248 343 -155.494
1 249 589 -64.6842
1 252 457 -252.484
1 253 400 -335.349
1 254 370 -4.76684
1 254 400 -79.346
1 255 373 -318.678
1 261 362 -70553.2
1 262 441 -52.4805
1 263 353 -6.919339999999999
1 274 527 -197.486
1 276 469 -55.6284
1 276 484 -130.188
1 282 451 -3618.0
1 279 477 -349.12300000000005
1 207 193 -153279.0
1 145 139 -440.658
1 206 299 -207.45
1 239 305 -1272.12
1 261 461 -321.394
1 117 117 -233.81599999999997
1 183 311 -1408.14
1 220 175 -51092.9
1 244 355 -44402.0
1 245 261 -16369.4
1 294 370 -11110.6
1 264 474 -14.4893
1 157 131 -20.3773
1 149 125 -1040.42
1 164 240 -784.835
1 201 297 -324.078
1 207 298 -43.0366
1 232 373 -305.741
1 233 392 -260.592
1 234 236 -7822.48
1 234 401 -16.3435
1 235 390 -132.20600000000002
1 236 398 -964.12
1 237 390 -360.07599999999996
1 237 399 -134.974
1 241 374 -3.25146
1 248 342 -478.189
1 248 606 -164.988
1 249 344 -116.31
1 249 411 -100.48
1 253 418 -79.3891
1 253 442 -1416.15
1 254 600 -18090.1
1 258 597 -196.878
1 259 428 -997.465
1 263 467 -43116.1
1 263 468 -35557.7
1 267 481 -672.716
1 268 457 -12.1038
1 281 429 -1990.98
1 283 394 -60.2857
1 284 436 -5407.6
1 296 414 -9.1966
1 297 446 -1.55611
1 300 390 -16928.0
1 237 382 -40.9667
1 240 379 -1181.57
1 146 126 -10254.9
1 147 130 -9661.57
1 223 371 -21.0008
1 257 456 -230.405
1 160 142 -2.8041099999999997
1 247 419 -2586.51
1 272 448 -4558.08
1 290 441 -215.183
1 176 219 -215.65900000000002
1 256 590 -3.1048400000000003
1 290 403 -53.1515
1 250 618 -3605.07
1 261 581 -96.5188
1 241 405 -560.597
1 251 362 -4854.83
1 271 484 -91.8516
1 235 358 -368.60900000000004
1 240 422 -58.1727
1 254 368 -444.70599999999996
1 260 348 -54.766000000000005
1 261 424 -927.1410000000001
1 269 477 -1746.2
1 290 463 -16723.0
1 279 465 -50.5831
1 195 301 -403.19800000000004
1 271 397 -116.604
1 231 201 -343.085
1 240 393 -29.1941
1 282 445 -0.776211
1 234 395 -3.88105
1 255 399 -1435.13
1 267 483 -817.212
1 243 350 -1047.02
1 261 521 -81.8471
1 244 406 -1.59855
1 288 370 -71.1526
1 162 138 -2.50366
1 164 144 -65.4455
1 218 352 -21433.5
1 259 459 -3.70856
1 267 360 -2.8292900000000003
1 261 433 -9.83613
1 251 431 -1727.5
1 292 373 -16.9314
1 265 476 -34.4983
1 235 401 -55.1541
1 272 354 -271.19599999999997
1 271 480 -26.4774
1 259 438 -32.0834
1 250 372 -7.664339999999999
1 279 460 -15.9554
1 268 485 -217.542
1 272 492 -20.7514
1 243 423 -36.87
1 259 448 -315.788
1 271 535 -243.53099999999998
1 244 609 -42.0016
1 160 144 -67.6456
1 212 180 -208.998
1 217 228 -2255.32
1 245 387 -65.7088
1 252 431 -3008.25
1 251 443 -165.355
1 250 444 -261.001
1 284 437 -401.222
1 201 245 -35557.6
1 237 397 -2167.26
1 252 401 -3044.9
1 201 299 -50925.5
1 175 170 -53935.7
1 261 540 -684.3589999999999
