1 62 1 3798.3
1 61 2 3770.7
1 60 3 3749.7
1 59 4 3733.5
1 58 5 3721.5
1 57 6 3713.4
1 56 7 3709.2
1 55 8 3709.0
1 54 9 3713.4
1 53 10 3722.5
1 52 11 3736.7
1 51 12 3755.5
1 49 13 3767.8
1 50 13 3777.1
1 48 14 3789.3
1 47 15 3784.5
1 46 16 3776.7
1 45 17 3766.9
1 45 18 3767.6
1 45 19 3768.3
1 44 20 3756.4
1 44 21 3756.2
1 44 22 3755.5
1 44 23 3754.2
1 44 24 3752.2
1 44 25 3749.4
1 44 26 3745.6
1 44 27 3740.7
1 44 28 3734.5
1 44 29 3727.0
1 44 30 3717.9
1 44 31 3707.0
1 44 32 3694.2
1 44 33 3679.1
1 44 34 3661.5
1 44 35 3641.1
1 44 36 3617.4
1 44 37 3589.8
1 44 38 3557.8
1 44 39 3520.3
1 44 40 3476.1
1 44 41 3422.8
1 43 42 3304.0
1 43 43 3265.0
1 43 44 3203.3
1 42 45 3052.1
1 42 46 2997.6
1 40 47 2765.7
1 41 47 2812.0
1 40 48 2729.6
1 40 49 2663.5
1 40 50 2567.6
1 35 78 4859.7
1 35 79 4888.1
1 34 80 4945.1
1 33 81 5025.5
1 32 82 5089.1
1 31 83 5102.5
1 30 84 5114.2
1 29 85 5123.1
1 28 86 5145.4
1 27 87 5164.2
1 26 88 5190.3
1 25 89 5217.8
1 25 90 5254.2
1 24 91 5241.3
1 24 92 5256.5
1 24 93 5293.6
1 24 94 5330.6
1 23 95 5345.7
1 23 96 5386.0
1 23 97 5422.3
1 22 98 5430.3
1 22 99 5471.4
1 22 100 5508.4
1 22 101 5545.7
1 21 102 5566.0
1 21 103 5611.1
1 20 104 5633.2
1 20 105 5675.7
1 19 106 5707.7
1 19 107 5752.1
1 18 108 5788.7
1 18 109 5828.5
1 17 110 5747.7
1 17 111 5758.8
1 17 112 5868.1
1 65 109 6030.5
1 66 109 6027.0
1 67 109 5976.4
1 68 109 5941.6
1 69 109 5951.1
1 62 110 5964.5
1 63 110 6002.2
1 64 110 6023.1
1 70 110 6040.0
1 60 111 5859.4
1 61 111 5880.9
1 71 111 6106.0
1 37 112 5647.1
1 38 112 5707.3
1 39 112 5768.9
1 40 112 5814.4
1 41 112 5851.4
1 42 112 5873.4
1 43 112 5884.6
1 44 112 5893.7
1 45 112 5900.9
1 46 112 5910.4
1 47 112 5919.3
1 48 112 5936.9
1 55 112 5739.6
1 56 112 5761.3
1 57 112 5778.4
1 58 112 5795.2
1 59 112 5810.1
1 72 112 6143.0
1 16 113 5956.8
1 33 113 5631.7
1 34 113 5615.1
1 35 113 5599.2
1 36 113 5578.7
1 49 113 5930.6
1 50 113 5908.4
1 51 113 5855.3
1 52 113 5800.7
1 53 113 5744.1
1 54 113 5707.4
1 73 113 6175.3
1 16 114 6015.9
1 29 114 5721.3
1 30 114 5696.1
1 31 114 5668.3
1 32 114 5633.3
1 74 114 6198.4
1 75 114 6202.5
1 16 115 6072.6
1 25 115 5833.0
1 26 115 5810.2
1 27 115 5781.0
1 28 115 5741.0
1 76 115 6234.3
1 16 116 6127.9
1 21 116 5975.7
1 22 116 5990.6
1 23 116 5903.4
1 24 116 5863.2
1 77 116 6249.5
1 78 116 6247.6
1 79 116 6260.2
1 16 117 6182.1
1 20 117 6023.7
1 80 117 6281.1
1 81 117 6279.2
1 82 117 6258.6
1 83 117 6231.1
1 84 117 6202.0
1 16 118 6219.5
1 17 118 6185.7
1 18 118 6138.6
1 19 118 6085.1
1 85 118 6131.5
1 85 119 6089.7
1 86 120 6072.5
1 86 121 6095.2
1 86 122 6120.0
1 86 123 6137.3
1 86 124 6149.7
1 86 125 6159.3
1 86 126 6166.4
1 86 127 6170.1
1 86 128 6170.7
1 86 129 6169.0
1 86 130 6166.3
1 86 131 6162.1
1 86 132 6155.2
1 86 133 6146.5
1 86 134 6134.7
1 86 135 6118.8
1 86 136 6099.7
1 85 137 6050.6
1 85 138 6037.7
1 84 139 6032.8
1 83 140 6073.8
1 82 141 6157.7
1 82 142 6174.0
1 81 143 6226.7
1 80 144 6287.2
1 79 145 6356.2
1 78 146 6419.8
1 77 147 6487.1
1 76 148 6559.0
1 75 149 6636.4
1 75 150 6700.7
1 75 151 6761.3
1 75 152 6821.9
1 75 153 6868.8
1 76 154 6862.0
1 77 154 6849.2
1 78 154 6839.0
1 79 155 6827.7
1 80 155 6815.1
1 81 156 6797.5
1 82 157 6771.0
1 82 158 6748.6
1 83 158 6734.5
1 84 159 6704.6
1 84 160 6676.8
1 84 161 6652.4
1 84 162 6628.5
1 85 163 6603.4
1 86 164 6574.0
1 87 165 6537.0
1 88 166 6502.2
1 89 167 6468.6
1 90 168 6387.2
1 90 169 6337.2
1 91 170 6269.8
1 92 171 6198.4
1 93 172 6167.7
1 94 173 6141.2
1 94 174 6138.8
1 95 175 6123.4
1 95 176 6109.0
1 95 177 6113.7
1 95 178 6120.7
1 95 179 6126.0
1 96 180 5954.7
1 97 181 5971.7
1 98 182 5989.2
1 99 183 6006.7
1 100 184 6022.5
1 101 185 6037.9
1 102 185 6046.3
1 103 185 6061.9
1 104 186 6096.3
1 105 186 6097.4
1 106 187 6100.6
1 107 188 6096.4
1 108 189 5914.1
1 108 190 5916.1
1 108 191 5917.1
1 108 192 5916.7
1 108 193 5912.5
1 107 194 5707.4
1 107 195 5703.4
1 107 196 5695.6
1 107 197 5685.3
1 107 198 5673.3
1 106 199 5634.9
1 106 200 5622.0
1 105 201 5576.1
1 105 202 5562.9
1 104 203 5522.4
1 104 204 5513.7
1 104 205 5498.7
1 104 206 5477.3
1 104 207 5444.2
1 98 208 5460.6
1 99 208 5470.7
1 100 208 5483.1
1 101 208 5496.0
1 102 208 5513.7
1 103 208 5542.4
1 97 209 5451.3
1 97 210 5450.1
1 97 211 5446.0
1 97 212 5440.7
1 96 213 5424.1
1 95 214 5416.7
1 95 215 5415.4
1 94 216 5408.0
1 94 217 5407.1
1 94 218 5406.4
1 95 219 5410.6
1 96 220 5414.1
1 97 221 5418.0
1 97 222 5416.9
1 98 223 5420.2
1 98 224 5418.8
1 99 225 5422.9
1 99 226 5421.0
1 100 227 5242.1
1 128 227 5398.5
1 129 227 5461.6
1 101 228 5248.0
1 107 228 5142.9
1 108 228 5167.8
1 109 228 5196.4
1 110 228 5228.4
1 111 228 5263.1
1 125 228 5283.4
1 126 228 5309.8
1 127 228 5318.0
1 130 228 5187.6
1 131 228 5194.1
1 132 228 5188.2
1 133 228 5189.3
1 134 228 5195.5
1 135 228 5209.9
1 136 228 5226.9
1 137 228 5240.2
1 138 228 5267.0
1 102 229 5252.8
1 106 229 5280.7
1 112 229 5117.3
1 118 229 5143.6
1 119 229 5162.0
1 120 229 5177.9
1 121 229 5192.0
1 122 229 5203.3
1 123 229 5212.7
1 124 229 5215.2
1 139 229 5340.3
1 103 230 5256.3
1 104 230 5258.9
1 105 230 5261.9
1 113 230 5133.9
1 114 230 5125.4
1 115 230 5121.1
1 116 230 5118.6
1 117 230 5110.7
1 140 230 5307.1
1 139 231 5374.7
1 137 232 5411.3
1 138 232 5410.6
1 136 233 5414.6
1 135 234 5407.4
1 133 235 5374.7
1 134 235 5388.0
1 132 236 5357.8
1 130 237 5314.5
1 131 237 5329.7
1 129 238 5303.3
1 128 239 5287.2
1 127 240 5267.3
1 127 241 5257.5
1 127 242 5244.6
1 128 243 5252.9
1 129 244 5251.2
1 129 245 5238.5
1 130 246 5234.7
1 131 246 5233.6
1 132 246 5236.5
1 133 246 5245.8
1 134 246 5263.2
1 135 246 5289.6
1 136 246 5316.8
1 137 246 5336.8
1 138 246 5358.8
1 139 247 5409.5
1 140 247 5434.0
1 141 247 5471.5
1 142 247 5514.8
1 143 248 5577.8
1 144 249 5671.3
1 144 250 5698.1
1 145 251 5749.9
1 145 252 5775.5
1 145 253 5795.8
1 146 254 5829.1
1 146 255 5826.5
1 146 256 5820.5
1 146 257 5812.6
1 146 258 5802.4
1 146 259 5790.6
1 146 260 5777.2
1 146 261 5764.9
1 146 262 5751.7
1 146 263 5738.5
1 146 264 5728.4
1 146 265 0.0
1 147 266 5482.8
1 147 267 5453.7
1 147 268 5428.8
1 147 269 5389.1
1 147 270 5356.1
1 148 271 5306.0
1 148 272 5279.2
1 148 273 5252.1
1 148 274 5230.3
1 149 274 5215.4
1 149 275 5175.8
1 149 276 5143.6
1 149 277 5091.0
1 149 278 5036.4
1 150 279 5132.7
1 150 280 5087.7
1 150 281 5046.5
1 150 282 5016.2
1 151 283 4932.5
1 151 284 4888.7
1 151 285 4855.4
1 152 286 4761.4
1 152 287 4706.8
1 152 288 4662.5
1 152 289 4628.0
1 153 290 4722.8
1 153 291 4696.3
1 153 292 4704.2
1 154 293 4715.0
1 154 294 4726.6
1 154 295 4736.1
1 154 296 4742.2
1 155 297 4760.1
1 155 298 4763.9
1 156 299 4586.8
1 157 299 4593.1
1 158 299 4602.6
1 159 299 4615.1
1 160 299 4631.1
1 161 299 4650.5
1 162 300 4681.7
1 162 301 4684.5
1 162 302 4683.6
1 162 303 4681.0
1 162 304 4678.3
1 163 305 4857.4
1 163 306 4848.4
1 163 307 4838.6
1 163 308 4829.3
1 163 309 4823.2
1 164 310 5039.4
1 165 311 5081.0
1 166 312 5152.7
1 167 313 5211.3
1 168 314 5244.2
1 168 315 5076.7
1 168 316 5081.0
1 169 316 5088.5
1 169 317 5094.3
1 170 317 5104.1
1 171 318 5105.2
1 171 319 5081.8
1 172 320 5033.9
1 172 321 4986.4
1 172 322 4938.1
1 172 323 4887.1
1 172 324 4847.4
1 173 325 4845.9
1 173 326 4849.5
1 173 327 4851.3
1 174 328 4860.7
1 174 329 4862.3
1 174 330 4863.3
1 175 331 4867.8
1 176 331 4871.8
1 177 331 4877.7
1 178 332 4887.1
1 179 333 4889.7
1 179 334 4886.6
1 179 335 4883.5
1 180 336 4881.0
1 181 337 4872.5
1 181 338 4867.8
1 187 338 4741.0
1 188 338 4762.1
1 189 338 4779.7
1 190 338 4793.4
1 182 339 4858.5
1 186 339 4873.5
1 191 339 4797.0
1 192 339 5216.0
1 182 340 4852.5
1 186 340 4857.8
1 193 340 5215.3
1 182 341 4848.9
1 186 341 4847.8
1 194 341 5215.2
1 195 341 5216.8
1 183 342 4845.3
1 184 342 4845.1
1 185 342 4844.6
1 186 342 4843.5
1 196 342 5216.5
1 196 343 5214.4
1 197 344 5213.3
1 198 345 5210.9
1 199 346 5208.8
1 200 346 5210.4
1 201 346 5212.6
1 202 346 5214.7
1 203 346 5215.5
1 204 346 4555.31
1 205 347 5199.5
1 206 347 5193.3
1 207 348 5398.8
1 207 349 5496.1
1 207 350 5637.0
1 206 351 5696.9
1 205 352 5701.7
1 205 353 5706.2
1 205 354 5711.2
1 206 355 5734.1
1 206 356 5742.3
1 207 357 5767.0
1 208 357 5784.2
1 209 358 5465.4
1 210 359 5522.7
1 211 359 5550.7
1 212 360 5470.5
1 212 361 5507.7
1 208 362 5529.9
1 209 362 5534.6
1 210 362 5541.7
1 211 362 5547.4
1 207 363 5526.1
1 206 364 5520.7
1 206 365 5522.0
1 206 366 5522.2
1 206 367 5521.4
1 206 368 5520.4
1 206 369 5519.2
1 207 369 5525.6
1 208 369 5542.1
1 209 369 5563.8
1 210 369 5588.2
1 211 369 5618.5
1 212 369 5654.9
1 213 369 5699.1
1 214 370 5595.6
1 215 370 5629.4
1 216 372 5626.7
1 214 373 5263.1
1 215 373 5351.3
1 214 374 5220.0
1 213 375 5270.2
1 212 376 5247.8
1 211 377 5194.7
1 211 378 5183.6
1 211 379 5178.1
1 211 380 5180.2
1 211 381 5189.3
1 211 382 5243.7
1 211 383 5293.5
1 212 384 45000.0
1 212 385 45000.0
1 212 386 45000.0
1 212 387 45000.0
1 212 388 45000.0
1 212 389 45000.0
1 212 390 45000.0
1 212 391 45000.0
1 212 392 45000.0
1 212 393 45000.0
1 213 394 45000.0
1 213 395 45000.0
1 213 396 45000.0
1 213 397 45000.0
1 213 398 45000.0
1 213 399 45000.0
1 213 400 45000.0
1 213 401 45000.0
1 213 402 45000.0
1 214 403 45000.0
1 214 404 45000.0
1 214 405 45000.0
1 214 406 45000.0
1 214 407 45000.0
1 214 409 45000.0
1 214 410 45000.0
1 214 411 45000.0
1 214 412 45000.0
1 214 413 45000.0
1 214 414 45000.0
1 214 415 45000.0
1 215 416 45000.0
1 215 417 45000.0
1 227 417 45000.0
1 228 417 45000.0
1 229 417 45000.0
1 216 418 45000.0
1 226 418 45000.0
1 230 418 45000.0
1 217 419 45000.0
1 218 419 45000.0
1 219 419 45000.0
1 220 419 45000.0
1 221 419 45000.0
1 222 419 45000.0
1 223 419 45000.0
1 224 419 45000.0
1 225 419 45000.0
1 229 419 45000.0
1 229 420 45000.0
1 226 421 45000.0
1 227 421 45000.0
1 228 421 45000.0
1 224 422 45000.0
1 225 422 45000.0
1 224 423 45000.0
1 224 424 45000.0
1 225 424 45000.0
1 226 424 45000.0
1 227 424 45000.0
1 228 424 45000.0
1 229 425 45000.0
1 229 426 45000.0
1 229 427 45000.0
1 229 428 45000.0
1 229 429 45000.0
1 228 430 45000.0
1 228 431 45000.0
1 228 432 45000.0
1 228 433 45000.0
1 228 434 45000.0
1 228 435 45000.0
1 229 435 45000.0
1 230 436 45000.0
1 230 437 45000.0
1 230 438 45000.0
1 230 439 45000.0
1 230 440 45000.0
1 230 441 45000.0
1 230 442 45000.0
1 230 443 45000.0
1 230 444 45000.0
1 230 445 45000.0
1 230 446 45000.0
1 230 447 45000.0
1 230 448 45000.0
1 230 449 45000.0
1 230 450 45000.0
1 230 451 45000.0
1 230 452 45000.0
1 230 453 45000.0
1 230 454 45000.0
1 230 455 45000.0
1 230 456 45000.0
1 231 457 45000.0
1 231 458 45000.0
1 231 459 45000.0
1 231 460 45000.0
1 232 461 45000.0
1 232 462 45000.0
1 232 463 45000.0
1 232 464 45000.0
1 233 464 45000.0
1 234 464 45000.0
1 235 464 45000.0
1 236 464 45000.0
1 237 464 45000.0
1 238 464 45000.0
1 239 465 45000.0
1 239 466 45000.0
1 239 467 5337.1
1 238 468 5337.1
1 238 469 5337.1
1 238 470 5337.1
1 239 471 5337.1
1 240 471 5337.1
1 241 472 5337.1
1 242 472 5337.1
1 243 472 5337.1
1 244 473 5337.1
1 245 474 5337.1
1 246 475 5337.1
1 246 476 5337.1
1 246 477 5337.1
1 246 478 5337.1
1 246 479 5337.1
1 246 480 5337.1
1 245 481 5337.1
1 245 482 5337.1
1 244 483 5337.1
1 243 484 5337.1
1 243 485 5337.1
1 243 486 5337.1
1 243 487 5337.1
1 243 488 5337.1
1 243 489 5337.1
1 242 490 5337.1
1 242 491 5337.1
1 241 492 5337.1
1 241 493 5337.1
1 240 494 5337.1
1 239 495 5337.1
1 238 496 5337.1
1 235 497 5337.1
1 236 497 5337.1
1 237 497 5337.1
1 233 498 5337.1
1 234 498 5337.1
1 233 499 5337.1
1 232 500 5337.1
1 231 501 5337.1
1 231 502 5337.1
1 231 503 5337.1
1 231 504 5337.1
1 231 505 5337.1
1 231 506 5337.1
1 231 507 5337.1
1 231 508 5337.1
1 231 509 5337.1
1 231 510 5337.1
1 231 511 5337.1
1 231 512 5337.1
1 231 513 5337.1
1 231 514 5337.1
1 231 515 5337.1
1 232 516 5337.1
1 232 517 5337.1
1 232 518 5337.1
1 233 519 5337.1
1 233 520 5337.1
1 233 521 5337.1
1 234 522 5337.1
1 234 523 5337.1
1 235 524 5337.1
1 235 525 5337.1
1 236 525 5337.1
1 237 525 5337.1
1 238 525 5337.1
1 239 526 5337.1
1 239 527 5337.1
1 240 528 5437.9
1 240 529 5453.1
1 241 530 5519.7
1 241 531 5549.7
1 241 532 5566.6
1 241 533 5578.1
1 241 534 5586.4
1 242 535 5064.8
1 242 536 5076.1
1 243 536 5094.1
1 244 536 5126.6
1 245 536 5155.2
1 246 537 5210.6
1 246 538 5227.7
1 247 539 5267.6
1 248 540 5303.1
1 249 540 5315.2
1 250 540 5331.6
1 251 541 5365.2
1 250 544 5398.8
1 251 544 5401.1
1 245 545 5344.2
1 246 545 5355.4
1 247 545 5374.0
1 248 545 5387.7
1 249 545 5393.2
1 243 546 5317.7
1 244 546 5321.7
1 243 547 5318.4
1 242 548 5314.5
1 242 549 5314.8
1 241 550 5308.6
1 241 551 5306.9
1 240 552 5296.5
1 239 553 5285.5
1 238 554 0.0
1 237 555 5249.9
1 236 556 5248.8
1 236 557 5248.8
1 232 558 5189.1
1 233 558 5186.1
1 234 558 5193.8
1 235 558 5197.3
1 232 559 5201.2
1 231 560 5201.4
1 231 561 5209.8
1 231 562 5216.5
1 231 563 5221.6
1 231 564 5222.9
1 230 565 5389.7
1 230 566 5382.9
1 230 567 5372.0
1 230 568 5359.6
1 215 371 5678.1
1 39 51 6043.2
1 39 52 5967.8
1 38 53 5714.5
1 38 54 5641.8
1 37 55 5375.6
1 36 56 5152.8
1 35 57 4950.0
1 35 58 4889.0
1 35 59 4787.7
1 35 60 8397.7
1 35 61 8262.3
1 35 62 8125.5
1 35 63 7985.2
1 35 64 7841.2
1 35 65 7693.4
1 35 66 7542.6
1 35 67 7395.4
1 35 68 7276.3
1 36 69 10770.0
1 36 70 10502.6
1 36 71 10250.3
1 36 72 10007.1
1 36 73 9772.1
1 36 74 9559.1
1 36 75 9377.7
1 36 76 9287.9
1 36 77 9255.2
1 230 569 5347.0
1 230 570 5333.5
1 230 571 5317.4
1 230 572 5306.0
1 230 573 5316.9
1 230 574 5332.4
1 230 575 5342.6
1 230 576 5344.7
1 230 577 5179.6
1 230 578 5212.8
1 230 579 5245.9
1 230 580 5275.3
1 230 581 5278.4
1 230 582 5283.8
1 230 583 5286.3
1 230 584 5285.4
1 230 585 5282.0
1 230 586 5277.4
1 230 587 5271.3
1 230 588 5267.4
1 229 589 5251.5
1 229 590 5242.2
1 228 591 5219.5
1 228 592 5203.8
1 228 593 5186.5
1 228 594 5164.3
1 227 595 5120.1
1 227 596 5096.9
1 227 597 5068.8
1 227 598 5035.6
1 227 599 4786.4
1 226 600 4700.2
1 226 601 4698.2
1 226 602 4696.9
1 226 603 4697.6
1 225 604 4268.5
1 224 605 4268.5
1 223 606 4290.4
1 222 607 4310.8
1 223 605 4275.0
1 114 114 -2810.32
1 117 120 -611.186
1 129 121 -8852.52
1 130 122 -611.186
1 133 112 -16018.8
1 135 194 -1173.25
1 138 201 -4215.48
1 139 168 -4496.52
1 140 168 -4496.52
1 141 191 -15878.3
1 143 172 -4496.52
1 143 190 -7728.39
1 144 166 -5620.65
1 144 172 -4496.52
1 144 182 -25433.4
1 144 190 -7728.39
1 145 161 -23747.2
1 146 117 -17002.4
1 146 188 -2950.84
1 146 190 -2950.84
1 147 132 -5620.65
1 147 145 -611.186
1 148 167 -14613.7
1 148 176 -14943.8
1 148 196 -10679.2
1 149 145 -15175.7
1 149 146 -7587.87
1 150 124 -5199.1
1 150 141 -5620.65
1 150 198 -23325.7
1 151 142 -4074.97
1 151 195 -14332.7
1 152 123 -9976.65
1 152 125 -9604.22
1 152 132 -10447.3
1 153 142 -19110.2
1 153 192 -16721.4
1 154 125 -281.03
1 154 171 -611.186
1 154 249 -16580.9
1 155 112 -11943.9
1 155 129 -843.1
1 155 141 -77986.5
1 156 129 -173818.0
1 156 146 -17564.5
1 157 116 -140.52
1 157 135 -4594.76
1 157 140 -13349.0
1 157 251 -32178.2
1 158 133 -12836.1
1 158 181 -28103.2
1 159 119 -47775.5
1 159 173 -24449.8
1 161 131 -843.1
1 161 188 -15035.2
1 162 119 -1124.13
1 162 121 -16018.8
1 162 128 -167214.0
1 162 169 -1124.13
1 163 137 -562.06
1 163 138 -2297.38
1 163 171 -4356.0
1 165 130 -281.03
1 165 131 -421.55
1 166 126 -1405.16
1 167 125 -5339.61
1 167 259 -5339.61
1 168 123 -8712.0
1 168 208 -14613.7
1 170 131 -9695.61
1 171 130 -3793.94
1 171 131 -281.03
1 171 132 -3934.45
1 173 224 -7587.87
1 174 123 -2669.81
1 174 135 -843.1
1 175 204 -3653.42
1 176 176 -6463.74
1 176 202 -2810.32
1 177 133 -19250.7
1 177 211 -7447.35
1 178 164 -281.03
1 178 261 -36534.2
1 179 181 -41452.3
1 179 183 -7447.35
1 179 210 -14473.2
1 180 208 -15035.2
1 183 184 -26417.0
1 184 246 -8430.97
1 187 200 -18969.7
1 188 198 -16299.9
1 188 209 -10398.2
1 188 240 -19110.2
1 188 258 -40890.2
1 191 191 -85433.8
1 193 256 -6323.23
1 193 260 -33828.7
1 197 204 -5058.58
1 197 252 -3372.39
1 198 298 -611.186
1 199 211 -9133.55
1 199 231 -12646.5
1 199 298 -611.186
1 200 298 -658.9860000000001
1 201 234 -1826.71
1 203 275 -55503.9
1 203 280 -17143.0
1 204 248 -13879.2
1 205 300 -634.746
1 206 286 -6924.88
1 206 300 -1222.37
1 211 255 -17845.6
1 212 226 -5339.61
1 212 258 -277800.0
1 213 264 -281.03
1 213 300 -2950.84
1 214 240 -24590.3
1 216 238 -11381.8
1 216 267 -1405.16
1 217 264 -185481.0
1 217 365 -702.58
1 218 179 -277238.0
1 219 310 -5058.58
1 221 223 -983.61
1 221 246 -24028.3
1 221 284 -4395.47
1 222 369 -2529.29
1 223 271 -17002.4
1 224 301 -7728.39
1 224 374 -7477.93
1 226 311 -140.52
1 226 365 -1758.34
1 227 270 -140.52
1 228 225 -25573.9
1 230 361 -35410.1
1 231 401 -2437.9
1 232 364 -127.63
1 232 370 -6109.36
1 233 337 -611.186
1 233 376 -1922.42
1 233 394 -1222.37
1 234 304 -3703.46
1 234 393 -652.836
1 235 367 -28762.9
1 235 400 -421.55
1 235 605 -42.5
1 235 609 -338.55
1 236 263 -2950.84
1 236 351 -17283.5
1 237 237 -25152.4
1 237 316 -13386.2
1 237 357 -5706.01
1 237 389 -611.186
1 238 221 -702.58
1 238 398 -4.42
1 238 605 -3129.22
1 238 609 -1222.37
1 239 250 -7025.81
1 239 338 -16299.9
1 239 605 -3055.93
1 239 606 -1833.56
1 239 619 -2578.42
1 240 380 -611.186
1 240 426 -611.186
1 240 608 -2464.07
1 241 335 -18407.6
1 241 342 -23887.7
1 241 604 -611.186
1 242 311 -4455.2
1 243 371 -611.186
1 243 389 -1264.65
1 243 422 -140.52
1 243 431 -9.06
1 243 605 -3055.93
1 244 431 -3.88
1 244 605 -3667.12
1 244 621 -1327.74
1 245 238 -26417.0
1 245 337 -611.186
1 245 370 -3116.05
1 245 621 -611.186
1 246 321 -3265.18
1 246 618 -1833.56
1 247 344 -631.766
1 247 383 -11152.8
1 247 384 -1509370.0
1 248 251 -23096.6
1 248 424 -3512.9
1 248 436 -3653.42
1 248 444 -10680.7
1 248 589 -1264.65
1 249 373 -611.186
1 249 424 -611.186
1 249 430 -26900.0
1 249 436 -6403.01
1 249 443 -5340.36
1 249 606 -3055.93
1 250 239 -4637.03
1 250 326 -3166.69
1 250 424 -611.186
1 250 425 -560378.0
1 250 431 -32652.6
1 250 595 -1974.08
1 251 300 -39344.5
1 251 356 -57543.1
1 251 408 -535.52
1 251 456 -751.706
1 251 457 -28.66
1 251 594 -611.186
1 251 595 -624.266
1 251 596 -1222.37
1 252 230 -8571.48
1 252 285 -12084.4
1 252 329 -29233.0
1 252 450 -562.06
1 252 595 -611.186
1 252 606 -611.186
1 253 298 -8571.48
1 253 331 -13027.4
1 253 332 -15472.5
1 253 416 -421.55
1 253 420 -9850.64
1 253 445 -97023.5
1 254 338 -52834.1
1 254 367 -702.58
1 254 407 -113465.0
1 254 597 -611.186
1 254 607 -6231.84
1 255 381 -26557.6
1 255 383 -13068.0
1 255 388 -37096.3
1 255 395 -2529.29
1 255 420 -8993.03
1 255 439 -23606.7
1 255 443 -53261.0
1 255 595 -611.186
1 255 596 -611.186
1 255 606 -6231.84
1 255 609 -1222.37
1 256 314 -27615.6
1 256 335 -17002.4
1 256 341 -421.55
1 256 370 -3946.12
1 256 413 -1826.71
1 256 586 -53925.9
1 256 593 -2444.74
1 257 238 -1405.16
1 257 324 -5569.0
1 257 413 -1826.71
1 257 576 -4094.35
1 257 599 -110946.0
1 257 600 -86979.5
1 258 325 -6212.4
1 258 336 -1503.37
1 258 418 -315514.0
1 258 420 -10032.5
1 258 442 -673780.0
1 258 464 -4777.55
1 258 585 -3667.12
1 258 595 -1222.37
1 258 601 -40328.1
1 258 602 -6489.98
1 259 340 -51899.6
1 259 371 -3946.12
1 259 405 -21350.1
1 259 588 -29220.0
1 259 592 -617.196
1 259 593 -617.196
1 260 342 -19110.2
1 260 349 -702.58
1 260 407 -2657970.0
1 260 413 -18618.0
1 260 424 -338.36
1 260 461 -2107.74
1 260 463 -28243.7
1 260 464 -38220.4
1 260 585 -6306.55
1 260 586 -12985.4
1 261 337 -4637.03
1 261 355 -32880.8
1 261 381 -307366.0
1 261 395 -12282.6
1 261 416 -14894.7
1 261 418 -611.186
1 261 429 -42700.2
1 261 464 -12927.5
1 261 492 -611.186
1 261 571 -19391.2
1 261 576 -15590.9
1 262 345 -24449.8
1 262 540 -235.35
1 262 564 -38392.2
1 262 568 -16018.8
1 262 570 -29086.8
1 262 571 -9695.61
1 263 434 -1795.62
1 263 471 -9695.61
1 263 477 -16440.4
1 263 520 -1222.37
1 263 582 -17874.4
1 264 265 -12084.4
1 264 344 -12224.9
1 264 345 -3653.42
1 264 355 -281.03
1 264 367 -611.186
1 264 383 -19789.1
1 264 407 -4074.97
1 264 428 -155229.0
1 264 468 -63.96
1 264 471 -9836.13
1 264 476 -140.52
1 264 477 -79110.6
1 264 523 -2255.11
1 264 524 -421.55
1 264 549 -4581.67
1 265 363 -2529.29
1 265 364 -20556.3
1 265 374 -758.96
1 265 380 -12.21
1 265 422 -12353.2
1 265 557 -843.1
1 266 337 -611.186
1 266 340 -4496.52
1 266 462 -140.52
1 267 391 -14473.2
1 267 463 -2248.26
1 267 555 -611.186
1 267 556 -611.186
1 268 333 -11943.9
1 268 334 -14192.1
1 268 436 -3403670.0
1 268 455 -11.93
1 268 479 -562.06
1 268 480 -421.55
1 268 489 -1678.79
1 269 363 -611.186
1 269 397 -35269.6
1 269 450 -2388.77
1 269 456 -14354.1
1 269 541 -751.706
1 270 337 -1124.13
1 270 352 -17705.0
1 270 412 -32263.9
1 270 417 -22129.8
1 270 429 -1490.87
1 270 481 -751.706
1 270 483 -1241.26
1 270 484 -611.186
1 270 486 -15755.8
1 270 539 -281.03
1 271 319 -13386.2
1 271 371 -1124.13
1 271 415 -91519.5
1 271 485 -195.63
1 271 493 -124086.0
1 271 498 -8430.97
1 271 537 -854.34
1 272 336 -15697.1
1 272 337 -19.78
1 272 351 -17283.5
1 272 366 -3091.35
1 272 368 -248314.0
1 272 388 -575072.0
1 272 396 -8712.0
1 272 450 -5901.68
1 272 451 -16159.3
1 272 453 -983.61
1 272 462 -1449780.0
1 272 491 -14.72
1 272 497 -32053.2
1 272 498 -140.52
1 272 530 -59962.4
1 272 532 -245462.0
1 272 535 -1635.61
1 273 363 -281.03
1 273 392 -812.23
1 273 410 -983.61
1 273 480 -13208.5
1 273 510 -892.216
1 273 516 -15502.8
1 273 517 -160231.0
1 273 518 -257.07
1 274 409 -983.61
1 274 520 -30492.0
1 274 523 -2107.74
1 275 367 -11803.3
1 275 441 -391186.0
1 275 450 -14754.2
1 275 506 -1405.16
1 276 366 -7306.84
1 276 446 -4777.55
1 276 474 -24295.4
1 277 294 -49914.7
1 277 390 -10257.7
1 277 407 -1205710.0
1 277 431 -4536.52
1 277 472 -28169.0
1 277 480 -33195.9
1 277 482 -1545.68
1 278 365 -17845.6
1 278 435 -7037.64
1 278 482 -1545.68
1 279 310 -22671.2
1 279 433 -198572.0
1 279 475 -75361.4
1 279 485 -18267.1
1 280 365 -8149.94
1 280 433 -17779.5
1 280 442 -8149.94
1 280 469 -52189.3
1 280 471 -43689.2
1 281 458 -20554.8
1 282 409 -5339.61
1 282 424 -1826.71
1 282 430 -702.58
1 282 436 -17.25
1 282 454 -1250.56
1 283 335 -14051.6
1 283 354 -3231.87
1 283 429 -225107.0
1 283 452 -107436.0
1 283 468 -42542.8
1 284 339 -26634.4
1 284 457 -5199.1
1 284 463 -107.81
1 284 481 -6729.4
1 285 336 -281.03
1 285 374 -2669.81
1 285 467 -238734.0
1 285 475 -83632.4
1 286 330 -51229.9
1 286 425 -220504.0
1 286 475 -33364.1
1 286 477 -63588.9
1 287 426 -611.186
1 287 477 -43748.1
1 288 419 -9695.61
1 288 423 -734.71
1 288 426 -611.186
1 289 351 -10819.7
1 289 404 -202877.0
1 289 459 -21.56
1 290 382 -142018.0
1 290 402 -319.11
1 290 411 -1124.13
1 290 412 -17845.6
1 290 413 -843.1
1 291 350 -2950.84
1 291 373 -1124.13
1 291 399 -95079.9
1 292 361 -17283.5
1 292 365 -16018.8
1 292 416 -1124.13
1 292 469 -13079.2
1 293 440 -140.52
1 294 435 -11100.8
1 294 447 -67521.7
1 294 458 -33362.4
1 295 356 -1453.41
1 295 391 -24309.3
1 295 430 -320521.0
1 296 388 -488.4
1 296 406 -7137.69
1 296 433 -6323.23
1 297 381 -6604.26
1 297 395 -2117.33
1 297 401 -31807.4
1 297 402 -2768.48
1 297 413 -1155180.0
1 297 442 -22859.4
1 299 354 -1545.68
1 299 355 -284.59
1 299 387 -65.4
1 102 110 -611.186
1 102 113 -611.186
1 103 100 -611.186
1 103 104 -611.186
1 104 115 -611.186
1 105 115 -611.186
1 105 139 -611.186
1 108 117 -611.186
1 109 112 -611.186
1 111 155 -611.186
1 111 208 -611.186
1 112 181 -611.186
1 113 111 -611.186
1 113 159 -611.186
1 113 211 -611.186
1 114 173 -611.186
1 114 212 -1222.37
1 115 212 -1222.37
1 116 121 -611.186
1 116 150 -611.186
1 116 166 -611.186
1 117 119 -611.186
1 117 168 -611.186
1 117 210 -611.186
1 119 194 -611.186
1 119 202 -611.186
1 119 96 -611.186
1 120 155 -611.186
1 120 94 -611.186
1 121 187 -611.186
1 123 110 -611.186
1 123 111 -611.186
1 123 158 -611.186
1 123 168 -611.186
1 123 193 -611.186
1 123 202 -1222.37
1 125 150 -611.186
1 125 151 -611.186
1 125 193 -611.186
1 125 194 -611.186
1 126 121 -611.186
1 126 191 -611.186
1 126 195 -611.186
1 127 150 -611.186
1 127 160 -611.186
1 127 169 -611.186
1 127 195 -611.186
1 127 199 -1222.37
1 128 122 -611.186
1 128 148 -611.186
1 128 149 -611.186
1 128 152 -611.186
1 128 153 -611.186
1 128 154 -611.186
1 128 157 -611.186
1 128 199 -611.186
1 129 117 -611.186
1 129 119 -611.186
1 129 122 -611.186
1 129 146 -611.186
1 129 154 -1222.37
1 129 162 -611.186
1 129 176 -611.186
1 130 120 -611.186
1 130 154 -611.186
1 130 155 -611.186
1 130 156 -1833.56
1 130 194 -611.186
1 131 112 -611.186
1 131 121 -611.186
1 131 122 -611.186
1 131 150 -611.186
1 131 156 -611.186
1 131 157 -611.186
1 131 158 -611.186
1 131 161 -1222.37
1 131 198 -611.186
1 132 112 -611.186
1 132 155 -611.186
1 132 156 -611.186
1 132 160 -611.186
1 132 161 -1222.37
1 133 155 -611.186
1 133 159 -611.186
1 133 160 -1222.37
1 133 192 -1222.37
1 133 193 -611.186
1 134 148 -611.186
1 134 150 -611.186
1 134 151 -611.186
1 134 156 -611.186
1 134 191 -611.186
1 134 193 -2444.74
1 135 148 -3055.93
1 135 149 -1222.37
1 135 156 -611.186
1 135 157 -611.186
1 135 193 -1833.56
1 136 147 -611.186
1 136 148 -611.186
1 136 149 -611.186
1 136 150 -1222.37
1 136 153 -611.186
1 136 155 -611.186
1 137 148 -611.186
1 137 150 -611.186
1 137 153 -1222.37
1 137 154 -611.186
1 137 157 -1833.56
1 137 175 -611.186
1 137 206 -611.186
1 138 151 -611.186
1 138 152 -611.186
1 138 153 -1833.56
1 138 168 -611.186
1 138 169 -611.186
1 139 151 -611.186
1 140 138 -611.186
1 140 155 -2444.74
1 140 156 -611.186
1 140 171 -611.186
1 140 180 -611.186
1 141 149 -611.186
1 141 154 -1222.37
1 141 157 -611.186
1 141 171 -611.186
1 141 199 -1222.37
1 142 155 -611.186
1 142 156 -611.186
1 142 157 -611.186
1 142 158 -611.186
1 142 174 -611.186
1 142 179 -611.186
1 142 201 -611.186
1 143 146 -611.186
1 143 157 -1833.56
1 144 142 -1222.37
1 144 173 -611.186
1 145 142 -611.186
1 145 143 -611.186
1 145 151 -611.186
1 145 187 -611.186
1 145 226 -611.186
1 146 140 -611.186
1 146 141 -1222.37
1 146 145 -611.186
1 146 208 -611.186
1 146 229 -611.186
1 146 230 -611.186
1 146 232 -611.186
1 147 139 -1833.56
1 147 140 -611.186
1 147 141 -611.186
1 147 142 -611.186
1 147 229 -611.186
1 147 230 -611.186
1 147 233 -611.186
1 147 239 -611.186
1 147 240 -611.186
1 148 217 -611.186
1 148 221 -611.186
1 149 127 -611.186
1 149 147 -611.186
1 149 154 -611.186
1 149 222 -611.186
1 149 253 -611.186
1 150 160 -611.186
1 150 164 -611.186
1 150 177 -611.186
1 150 227 -611.186
1 150 236 -611.186
1 151 128 -611.186
1 151 228 -611.186
1 152 153 -611.186
1 152 173 -611.186
1 152 176 -611.186
1 152 222 -611.186
1 152 228 -611.186
1 153 126 -611.186
1 153 136 -611.186
1 153 155 -611.186
1 153 232 -611.186
1 153 238 -611.186
1 153 253 -611.186
1 154 126 -611.186
1 154 133 -611.186
1 154 161 -611.186
1 154 172 -611.186
1 154 220 -611.186
1 154 244 -611.186
1 155 170 -1222.37
1 155 216 -611.186
1 155 262 -611.186
1 156 160 -611.186
1 156 211 -611.186
1 156 223 -611.186
1 157 132 -611.186
1 157 133 -611.186
1 157 134 -1833.56
1 157 136 -611.186
1 157 194 -611.186
1 157 207 -611.186
1 157 240 -611.186
1 158 135 -611.186
1 158 248 -611.186
1 159 152 -611.186
1 159 231 -611.186
1 159 240 -611.186
1 159 247 -611.186
1 159 248 -611.186
1 159 250 -611.186
1 159 251 -611.186
1 159 257 -611.186
1 160 133 -611.186
1 160 249 -1222.37
1 160 251 -1222.37
1 160 252 -611.186
1 160 253 -611.186
1 160 262 -611.186
1 161 144 -1222.37
1 161 251 -611.186
1 161 253 -611.186
1 162 137 -1222.37
1 162 252 -1222.37
1 162 253 -611.186
1 163 152 -611.186
1 163 190 -611.186
1 163 236 -611.186
1 164 278 -611.186
1 164 290 -611.186
1 164 299 -611.186
1 165 133 -1222.37
1 165 134 -1222.37
1 165 135 -611.186
1 165 290 -611.186
1 166 131 -611.186
1 166 132 -611.186
1 166 133 -1222.37
1 166 134 -611.186
1 166 135 -611.186
1 166 210 -611.186
1 166 254 -611.186
1 166 255 -611.186
1 167 127 -611.186
1 167 132 -1222.37
1 167 133 -1222.37
1 167 134 -1833.56
1 167 256 -611.186
1 167 288 -611.186
1 167 294 -611.186
1 168 130 -611.186
1 168 131 -611.186
1 168 132 -2444.74
1 168 133 -2444.74
1 168 286 -611.186
1 168 287 -1222.37
1 168 291 -1222.37
1 169 128 -1222.37
1 169 129 -2444.74
1 169 131 -611.186
1 169 132 -3055.93
1 169 133 -1833.56
1 169 134 -5500.67
1 169 135 -611.186
1 169 236 -611.186
1 169 260 -611.186
1 169 271 -611.186
1 169 287 -611.186
1 169 290 -611.186
1 170 133 -1833.56
1 170 134 -7334.23
1 170 136 -611.186
1 170 187 -611.186
1 170 256 -611.186
1 170 287 -611.186
1 170 292 -611.186
1 171 133 -1222.37
1 171 134 -611.186
1 171 136 -3055.93
1 171 290 -611.186
1 172 257 -611.186
1 172 284 -611.186
1 172 295 -1222.37
1 172 311 -611.186
1 173 258 -611.186
1 173 278 -611.186
1 173 290 -611.186
1 173 292 -611.186
1 173 293 -1222.37
1 173 294 -611.186
1 174 124 -611.186
1 174 253 -611.186
1 174 261 -611.186
1 174 270 -611.186
1 174 283 -611.186
1 174 289 -611.186
1 174 293 -611.186
1 175 260 -611.186
1 175 288 -611.186
1 175 292 -1222.37
1 175 293 -611.186
1 175 296 -611.186
1 175 305 -611.186
1 176 274 -611.186
1 176 305 -611.186
1 177 289 -611.186
1 177 290 -611.186
1 178 243 -611.186
1 178 280 -611.186
1 178 285 -611.186
1 178 302 -611.186
1 178 305 -611.186
1 178 306 -611.186
1 178 311 -611.186
1 179 278 -611.186
1 179 285 -611.186
1 180 149 -611.186
1 180 286 -611.186
1 181 297 -611.186
1 181 307 -611.186
1 181 308 -611.186
1 183 242 -611.186
1 183 285 -611.186
1 183 295 -611.186
1 183 308 -611.186
1 183 309 -611.186
1 183 318 -611.186
1 184 263 -611.186
1 184 285 -611.186
1 184 313 -611.186
1 184 319 -611.186
1 185 257 -611.186
1 185 305 -611.186
1 185 306 -611.186
1 185 307 -611.186
1 185 315 -611.186
1 186 255 -611.186
1 186 265 -611.186
1 186 307 -1222.37
1 186 310 -611.186
1 188 262 -611.186
1 188 294 -611.186
1 188 295 -611.186
1 189 295 -611.186
1 189 309 -611.186
1 190 307 -611.186
1 190 308 -611.186
1 190 324 -611.186
1 191 292 -1222.37
1 191 304 -611.186
1 191 305 -611.186
1 192 258 -611.186
1 192 284 -611.186
1 192 304 -611.186
1 192 316 -611.186
1 192 319 -611.186
1 193 262 -611.186
1 193 301 -611.186
1 193 311 -611.186
1 193 313 -1222.37
1 194 284 -611.186
1 194 313 -611.186
1 195 269 -611.186
1 195 287 -611.186
1 195 289 -611.186
1 195 300 -611.186
1 195 311 -611.186
1 195 313 -611.186
1 196 269 -611.186
1 196 275 -611.186
1 196 303 -611.186
1 196 324 -611.186
1 196 333 -611.186
1 197 264 -611.186
1 197 283 -611.186
1 197 300 -611.186
1 197 322 -611.186
1 197 325 -611.186
1 198 242 -611.186
1 198 276 -1222.37
1 198 309 -611.186
1 198 311 -611.186
1 199 283 -611.186
1 199 311 -611.186
1 199 324 -611.186
1 200 280 -611.186
1 200 286 -611.186
1 200 296 -611.186
1 200 299 -611.186
1 200 306 -611.186
1 200 307 -611.186
1 200 312 -611.186
1 200 343 -611.186
1 200 345 -611.186
1 201 257 -611.186
1 202 280 -611.186
1 202 287 -611.186
1 202 297 -611.186
1 202 301 -611.186
1 202 302 -611.186
1 203 215 -611.186
1 203 304 -611.186
1 203 305 -611.186
1 203 309 -611.186
1 203 315 -611.186
1 205 263 -611.186
1 205 303 -611.186
1 205 304 -611.186
1 205 317 -611.186
1 205 318 -611.186
1 205 319 -611.186
1 206 264 -611.186
1 206 270 -611.186
1 206 301 -611.186
1 206 304 -611.186
1 206 315 -611.186
1 206 317 -1222.37
1 207 262 -611.186
1 207 300 -611.186
1 207 301 -1222.37
1 207 303 -611.186
1 207 304 -611.186
1 207 306 -1222.37
1 207 315 -611.186
1 207 317 -611.186
1 208 298 -1222.37
1 208 299 -1222.37
1 208 306 -611.186
1 208 317 -611.186
1 208 328 -611.186
1 209 284 -611.186
1 209 297 -611.186
1 209 302 -611.186
1 210 284 -611.186
1 210 301 -611.186
1 210 302 -611.186
1 210 342 -611.186
1 211 301 -611.186
1 211 321 -611.186
1 212 295 -611.186
1 212 347 -611.186
1 213 226 -611.186
1 213 287 -611.186
1 213 303 -611.186
1 213 329 -611.186
1 214 319 -611.186
1 215 289 -611.186
1 215 311 -611.186
1 215 353 -611.186
1 216 323 -611.186
1 216 341 -611.186
1 217 244 -611.186
1 217 249 -611.186
1 217 351 -611.186
1 218 209 -611.186
1 218 243 -611.186
1 218 292 -611.186
1 218 345 -1222.37
1 221 240 -611.186
1 221 611 -611.186
1 222 254 -611.186
1 222 362 -611.186
1 224 338 -611.186
1 224 359 -611.186
1 225 323 -611.186
1 225 329 -611.186
1 225 332 -611.186
1 225 368 -611.186
1 225 373 -611.186
1 225 378 -611.186
1 225 382 -1222.37
1 226 323 -611.186
1 226 388 -1222.37
1 226 618 -611.186
1 227 315 -611.186
1 228 606 -611.186
1 229 385 -1222.37
1 229 392 -611.186
1 229 393 -611.186
1 229 397 -2444.74
1 229 618 -3055.93
1 230 338 -611.186
1 230 373 -1222.37
1 230 384 -611.186
1 230 392 -1222.37
1 230 393 -2444.74
1 230 396 -611.186
1 230 605 -611.186
1 231 343 -611.186
1 231 383 -611.186
1 231 392 -3055.93
1 231 393 -6723.05
1 231 398 -611.186
1 231 603 -611.186
1 231 607 -1222.37
1 232 259 -611.186
1 232 300 -611.186
1 232 384 -611.186
1 232 389 -611.186
1 232 393 -3667.12
1 232 394 -2444.74
1 232 405 -611.186
1 232 604 -1222.37
1 232 606 -1222.37
1 232 607 -1833.56
1 232 608 -611.186
1 233 373 -611.186
1 233 393 -611.186
1 233 403 -611.186
1 233 406 -2444.74
1 233 601 -1222.37
1 233 602 -611.186
1 234 374 -611.186
1 234 388 -611.186
1 234 389 -611.186
1 234 406 -1833.56
1 234 407 -1222.37
1 234 601 -611.186
1 234 602 -1222.37
1 234 603 -1833.56
1 234 604 -611.186
1 234 605 -1222.37
1 234 606 -611.186
1 234 609 -611.186
1 234 620 -611.186
1 234 621 -611.186
1 235 342 -611.186
1 235 368 -611.186
1 235 389 -611.186
1 235 392 -611.186
1 235 404 -611.186
1 235 406 -611.186
1 235 599 -611.186
1 235 600 -1222.37
1 235 602 -1833.56
1 235 603 -611.186
1 235 606 -611.186
1 235 608 -611.186
1 236 256 -611.186
1 236 359 -611.186
1 236 377 -1222.37
1 236 378 -611.186
1 236 389 -1222.37
1 236 600 -611.186
1 236 601 -611.186
1 236 602 -1222.37
1 236 605 -611.186
1 236 606 -611.186
1 236 607 -611.186
1 236 620 -611.186
1 237 330 -611.186
1 237 377 -611.186
1 237 384 -611.186
1 237 388 -611.186
1 237 605 -1222.37
1 237 606 -1833.56
1 237 607 -1222.37
1 237 608 -3055.93
1 237 609 -1833.56
1 237 620 -611.186
1 238 346 -611.186
1 238 391 -611.186
1 238 410 -611.186
1 238 602 -611.186
1 238 603 -611.186
1 238 606 -3055.93
1 238 607 -3667.12
1 238 608 -2444.74
1 238 610 -611.186
1 239 297 -611.186
1 239 323 -611.186
1 239 404 -611.186
1 239 601 -611.186
1 239 603 -611.186
1 239 607 -1222.37
1 239 608 -2444.74
1 239 609 -1833.56
1 239 610 -1222.37
1 239 615 -1222.37
1 240 267 -611.186
1 240 319 -611.186
1 240 327 -611.186
1 240 352 -611.186
1 240 374 -1222.37
1 240 392 -1222.37
1 240 396 -611.186
1 240 406 -611.186
1 240 603 -611.186
1 240 605 -1833.56
1 240 606 -2444.74
1 240 607 -1222.37
1 240 620 -1222.37
1 240 621 -611.186
1 241 339 -611.186
1 241 352 -611.186
1 241 370 -1222.37
1 241 375 -611.186
1 241 409 -611.186
1 241 577 -611.186
1 241 603 -1222.37
1 241 605 -1833.56
1 241 606 -1222.37
1 241 607 -1222.37
1 241 608 -1222.37
1 241 609 -3055.93
1 241 610 -611.186
1 241 611 -611.186
1 241 620 -611.186
1 241 621 -611.186
1 242 314 -611.186
1 242 318 -611.186
1 242 336 -611.186
1 242 338 -611.186
1 242 339 -611.186
1 242 373 -1833.56
1 242 374 -3667.12
1 242 406 -1222.37
1 242 603 -1222.37
1 242 604 -4278.3
1 242 605 -5500.67
1 242 606 -1833.56
1 242 607 -3055.93
1 242 608 -3055.93
1 242 609 -1833.56
1 242 610 -1833.56
1 242 616 -611.186
1 242 622 -611.186
1 242 623 -1833.56
1 243 366 -611.186
1 243 369 -611.186
1 243 372 -1222.37
1 243 373 -4889.49
1 243 374 -1833.56
1 243 386 -611.186
1 243 391 -611.186
1 243 405 -611.186
1 243 406 -611.186
1 243 407 -1222.37
1 243 409 -611.186
1 243 577 -611.186
1 243 606 -4278.3
1 243 607 -3055.93
1 243 608 -1222.37
1 243 609 -3667.12
1 243 620 -611.186
1 243 622 -1222.37
1 243 623 -4889.49
1 244 371 -611.186
1 244 372 -1222.37
1 244 373 -1833.56
1 244 415 -611.186
1 244 598 -611.186
1 244 606 -2444.74
1 244 607 -611.186
1 244 611 -611.186
1 244 616 -611.186
1 244 622 -611.186
1 244 623 -2444.74
1 244 624 -611.186
1 245 312 -611.186
1 245 315 -611.186
1 245 326 -611.186
1 245 335 -611.186
1 245 338 -611.186
1 245 356 -1222.37
1 245 371 -611.186
1 245 413 -611.186
1 245 586 -611.186
1 245 604 -611.186
1 245 605 -1833.56
1 245 606 -3055.93
1 245 607 -2444.74
1 245 609 -3055.93
1 245 610 -1222.37
1 245 612 -1222.37
1 245 616 -1222.37
1 245 619 -611.186
1 245 620 -1222.37
1 245 622 -611.186
1 246 214 -611.186
1 246 342 -611.186
1 246 356 -611.186
1 246 357 -611.186
1 246 374 -611.186
1 246 413 -611.186
1 246 590 -611.186
1 246 599 -611.186
1 246 600 -3667.12
1 246 605 -2444.74
1 246 606 -4278.3
1 246 607 -2444.74
1 246 610 -611.186
1 246 612 -1222.37
1 246 614 -611.186
1 246 615 -611.186
1 246 623 -611.186
1 247 314 -611.186
1 247 331 -611.186
1 247 367 -1222.37
1 247 368 -3055.93
1 247 387 -1222.37
1 247 413 -611.186
1 247 578 -611.186
1 247 597 -611.186
1 247 598 -4278.3
1 247 599 -3667.12
1 247 600 -6111.86
1 247 601 -6111.86
1 247 605 -1222.37
1 247 609 -1222.37
1 247 610 -1222.37
1 247 611 -2444.74
1 247 612 -2444.74
1 247 613 -1222.37
1 247 618 -1222.37
1 247 619 -611.186
1 247 623 -611.186
1 248 307 -611.186
1 248 367 -611.186
1 248 368 -2444.74
1 248 371 -1222.37
1 248 372 -3055.93
1 248 387 -1222.37
1 248 388 -3667.12
1 248 413 -611.186
1 248 416 -611.186
1 248 529 -611.186
1 248 567 -611.186
1 248 596 -4278.3
1 248 597 -3055.93
1 248 598 -6111.86
1 248 599 -3667.12
1 248 600 -2444.74
1 248 601 -3667.12
1 248 602 -1833.56
1 248 605 -611.186
1 248 608 -611.186
1 248 609 -1222.37
1 248 610 -1833.56
1 248 611 -3667.12
1 248 612 -3667.12
1 248 613 -4278.3
1 248 618 -611.186
1 248 619 -611.186
1 248 620 -611.186
1 248 623 -1222.37
1 249 333 -611.186
1 249 334 -611.186
1 249 365 -1222.37
1 249 366 -1833.56
1 249 367 -611.186
1 249 368 -1833.56
1 249 371 -611.186
1 249 387 -611.186
1 249 388 -611.186
1 249 400 -611.186
1 249 412 -611.186
1 249 567 -611.186
1 249 593 -1222.37
1 249 595 -3667.12
1 249 596 -4278.3
1 249 597 -6723.05
1 249 603 -1833.56
1 249 604 -4889.49
1 249 605 -3055.93
1 249 607 -2444.74
1 249 609 -611.186
1 249 610 -1222.37
1 249 611 -3055.93
1 249 612 -5500.67
1 249 613 -1222.37
1 249 618 -611.186
1 249 623 -611.186
1 250 331 -611.186
1 250 355 -611.186
1 250 365 -1222.37
1 250 366 -3055.93
1 250 367 -1833.56
1 250 368 -611.186
1 250 369 -1222.37
1 250 370 -1222.37
1 250 371 -3667.12
1 250 382 -611.186
1 250 406 -611.186
1 250 413 -611.186
1 250 414 -611.186
1 250 423 -611.186
1 250 436 -611.186
1 250 568 -611.186
1 250 579 -611.186
1 250 591 -611.186
1 250 594 -611.186
1 250 596 -4889.49
1 250 597 -1222.37
1 250 602 -611.186
1 250 603 -4278.3
1 250 604 -3667.12
1 250 605 -2444.74
1 250 607 -611.186
1 250 608 -1833.56
1 250 609 -611.186
1 250 610 -611.186
1 250 613 -611.186
1 251 276 -611.186
1 251 322 -611.186
1 251 365 -1833.56
1 251 366 -5500.67
1 251 367 -1222.37
1 251 368 -1222.37
1 251 371 -611.186
1 251 379 -611.186
1 251 407 -611.186
1 251 414 -611.186
1 251 424 -611.186
1 251 598 -611.186
1 251 604 -611.186
1 251 605 -611.186
1 251 607 -611.186
1 251 610 -611.186
1 252 236 -611.186
1 252 365 -1833.56
1 252 366 -4278.3
1 252 367 -4278.3
1 252 368 -1222.37
1 252 376 -611.186
1 252 412 -611.186
1 252 416 -611.186
1 252 428 -611.186
1 252 506 -611.186
1 252 507 -611.186
1 252 528 -611.186
1 252 534 -611.186
1 252 544 -611.186
1 252 576 -611.186
1 252 591 -1222.37
1 252 596 -1222.37
1 252 597 -1222.37
1 252 598 -611.186
1 252 599 -1222.37
1 252 608 -1222.37
1 252 609 -611.186
1 252 611 -611.186
1 252 620 -611.186
1 253 259 -611.186
1 253 342 -611.186
1 253 363 -611.186
1 253 365 -1222.37
1 253 366 -3667.12
1 253 367 -2444.74
1 253 370 -611.186
1 253 375 -1222.37
1 253 404 -611.186
1 253 433 -1222.37
1 253 506 -611.186
1 253 543 -611.186
1 253 546 -611.186
1 253 547 -611.186
1 253 566 -611.186
1 253 586 -1222.37
1 253 596 -611.186
1 253 597 -2444.74
1 253 601 -611.186
1 253 604 -611.186
1 253 605 -611.186
1 253 614 -1833.56
1 254 366 -1222.37
1 254 478 -611.186
1 254 581 -611.186
1 254 584 -611.186
1 254 585 -3667.12
1 254 586 -3055.93
1 254 587 -1833.56
1 254 588 -1833.56
1 254 589 -2444.74
1 254 598 -611.186
1 254 599 -611.186
1 254 601 -1222.37
1 254 604 -1222.37
1 254 605 -611.186
1 254 606 -611.186
1 254 611 -611.186
1 255 341 -611.186
1 255 346 -611.186
1 255 371 -611.186
1 255 402 -611.186
1 255 442 -611.186
1 255 445 -611.186
1 255 461 -611.186
1 255 479 -611.186
1 255 512 -611.186
1 255 513 -611.186
1 255 526 -611.186
1 255 547 -611.186
1 255 548 -611.186
1 255 565 -611.186
1 255 583 -1833.56
1 255 584 -2444.74
1 255 585 -2444.74
1 255 586 -2444.74
1 255 587 -1222.37
1 255 588 -611.186
1 255 591 -611.186
1 255 594 -611.186
1 255 597 -611.186
1 255 600 -1222.37
1 255 607 -611.186
1 256 346 -611.186
1 256 350 -611.186
1 256 367 -611.186
1 256 373 -611.186
1 256 374 -611.186
1 256 491 -611.186
1 256 526 -611.186
1 256 531 -1833.56
1 256 532 -611.186
1 256 547 -611.186
1 256 548 -1222.37
1 256 549 -611.186
1 256 575 -611.186
1 256 578 -1222.37
1 256 580 -611.186
1 256 584 -1833.56
1 256 585 -1222.37
1 256 592 -1222.37
1 256 594 -4278.3
1 256 595 -2444.74
1 256 607 -2444.74
1 256 608 -1222.37
1 256 609 -611.186
1 257 330 -611.186
1 257 461 -611.186
1 257 497 -611.186
1 257 503 -611.186
1 257 506 -611.186
1 257 512 -611.186
1 257 527 -1833.56
1 257 529 -611.186
1 257 532 -611.186
1 257 549 -611.186
1 257 574 -611.186
1 257 575 -1833.56
1 257 584 -1833.56
1 257 585 -1833.56
1 257 593 -1222.37
1 257 594 -4889.49
1 257 595 -2444.74
1 257 597 -1222.37
1 257 606 -4278.3
1 257 607 -611.186
1 258 307 -611.186
1 258 330 -611.186
1 258 366 -611.186
1 258 485 -1222.37
1 258 489 -1222.37
1 258 491 -611.186
1 258 493 -611.186
1 258 494 -611.186
1 258 496 -611.186
1 258 497 -611.186
1 258 498 -1833.56
1 258 499 -1222.37
1 258 502 -611.186
1 258 503 -611.186
1 258 529 -1222.37
1 258 531 -611.186
1 258 532 -611.186
1 258 533 -1222.37
1 258 535 -611.186
1 258 546 -611.186
1 258 550 -611.186
1 258 556 -1222.37
1 258 564 -611.186
1 258 576 -611.186
1 258 583 -611.186
1 258 584 -1833.56
1 258 586 -1833.56
1 258 594 -1833.56
1 258 606 -3055.93
1 258 607 -611.186
1 259 346 -611.186
1 259 369 -1222.37
1 259 402 -611.186
1 259 444 -611.186
1 259 456 -611.186
1 259 485 -611.186
1 259 486 -611.186
1 259 488 -611.186
1 259 489 -611.186
1 259 490 -1222.37
1 259 509 -1222.37
1 259 510 -611.186
1 259 522 -611.186
1 259 528 -611.186
1 259 529 -611.186
1 259 531 -611.186
1 259 532 -611.186
1 259 545 -611.186
1 259 549 -611.186
1 259 554 -1222.37
1 259 555 -1222.37
1 259 556 -1833.56
1 259 557 -1833.56
1 259 575 -2444.74
1 259 576 -611.186
1 259 579 -611.186
1 259 584 -611.186
1 259 585 -2444.74
1 259 586 -1222.37
1 260 369 -1222.37
1 260 404 -1222.37
1 260 443 -611.186
1 260 454 -611.186
1 260 485 -611.186
1 260 486 -1222.37
1 260 487 -611.186
1 260 492 -611.186
1 260 499 -611.186
1 260 502 -1222.37
1 260 517 -611.186
1 260 527 -611.186
1 260 545 -1833.56
1 260 548 -611.186
1 260 554 -611.186
1 260 556 -611.186
1 260 567 -611.186
1 260 576 -611.186
1 260 577 -611.186
1 261 397 -611.186
1 261 404 -611.186
1 261 444 -611.186
1 261 483 -611.186
1 261 487 -611.186
1 261 501 -611.186
1 261 502 -611.186
1 261 545 -611.186
1 261 551 -611.186
1 261 552 -611.186
1 261 565 -611.186
1 262 254 -611.186
1 262 353 -1222.37
1 262 369 -611.186
1 262 425 -611.186
1 262 443 -611.186
1 262 458 -611.186
1 262 483 -1222.37
1 262 493 -611.186
1 262 501 -611.186
1 262 502 -611.186
1 262 523 -611.186
1 262 524 -611.186
1 262 535 -611.186
1 262 536 -611.186
1 262 537 -611.186
1 262 542 -611.186
1 262 546 -611.186
1 262 584 -611.186
1 262 587 -611.186
1 263 355 -611.186
1 263 415 -611.186
1 263 484 -611.186
1 263 493 -611.186
1 263 509 -611.186
1 263 522 -611.186
1 263 523 -1222.37
1 263 524 -1222.37
1 263 541 -1222.37
1 263 542 -611.186
1 263 543 -611.186
1 263 546 -1222.37
1 263 576 -611.186
1 263 579 -611.186
1 263 581 -2444.74
1 264 369 -611.186
1 264 379 -611.186
1 264 481 -611.186
1 264 482 -611.186
1 264 493 -611.186
1 264 503 -611.186
1 264 504 -611.186
1 264 516 -611.186
1 264 521 -1833.56
1 264 527 -611.186
1 264 543 -2444.74
1 264 568 -611.186
1 264 575 -611.186
1 264 576 -1222.37
1 265 336 -611.186
1 265 367 -1222.37
1 265 457 -611.186
1 265 459 -611.186
1 265 511 -611.186
1 265 516 -611.186
1 265 520 -611.186
1 265 524 -611.186
1 265 568 -1222.37
1 266 314 -611.186
1 266 413 -611.186
1 266 456 -611.186
1 266 478 -611.186
1 266 481 -611.186
1 266 483 -611.186
1 266 484 -611.186
1 266 485 -611.186
1 266 492 -611.186
1 266 498 -611.186
1 266 505 -611.186
1 266 518 -611.186
1 266 523 -611.186
1 266 543 -611.186
1 266 545 -611.186
1 266 549 -611.186
1 266 555 -611.186
1 267 337 -611.186
1 267 365 -611.186
1 267 381 -611.186
1 267 459 -611.186
1 267 460 -1222.37
1 267 505 -611.186
1 267 507 -611.186
1 267 543 -611.186
1 267 544 -1222.37
1 267 549 -611.186
1 267 553 -1833.56
1 267 562 -611.186
1 268 507 -1222.37
1 268 540 -611.186
1 268 541 -611.186
1 268 542 -1222.37
1 268 543 -2444.74
1 268 544 -1222.37
1 268 549 -611.186
1 268 551 -611.186
1 268 552 -611.186
1 268 553 -611.186
1 269 362 -611.186
1 269 505 -1222.37
1 269 507 -611.186
1 269 528 -611.186
1 269 543 -611.186
1 269 547 -1222.37
1 270 474 -611.186
1 270 475 -1222.37
1 270 479 -611.186
1 270 491 -611.186
1 270 504 -611.186
1 270 507 -611.186
1 270 526 -611.186
1 271 375 -611.186
1 271 388 -611.186
1 271 479 -611.186
1 271 481 -611.186
1 271 487 -611.186
1 271 491 -611.186
1 271 526 -611.186
1 272 469 -611.186
1 272 493 -611.186
1 272 495 -1222.37
1 272 496 -611.186
1 272 502 -611.186
1 272 526 -1833.56
1 273 441 -611.186
1 273 462 -611.186
1 273 526 -611.186
1 275 463 -611.186
1 275 480 -611.186
1 275 502 -611.186
1 275 504 -611.186
1 276 502 -611.186
1 277 393 -611.186
1 279 459 -611.186
1 280 563 -611.186
1 282 434 -611.186
1 282 435 -611.186
1 283 461 -611.186
1 283 482 -611.186
1 283 483 -611.186
1 285 437 -611.186
1 285 482 -611.186
1 285 483 -611.186
1 286 377 -611.186
1 286 464 -611.186
1 288 469 -611.186
1 289 362 -611.186
1 289 443 -611.186
1 292 358 -611.186
1 293 390 -1833.56
1 293 391 -611.186
1 296 390 -611.186
1 301 359 -611.186
1 301 378 -611.186
1 85 106 -611.186
1 92 112 -1222.37
1 93 117 -611.186
1 97 89 -611.186
1 98 101 -611.186
1 99 126 -611.186
1 99 136 -611.186
1 147 119 -5339.61
1 148 187 -18829.2
1 150 114 -5761.16
1 153 113 -15456.8
1 156 158 -16861.9
1 157 160 -13770.6
1 167 186 -11662.8
1 170 169 -98361.3
1 197 280 -36534.2
1 199 225 -27681.7
1 234 285 -21217.9
1 244 234 -53536.6
1 259 541 -140.52
1 265 469 -281.03
1 267 479 -2388.77
1 271 361 -3273.93
1 272 454 -35.2
1 285 433 -2248.26
1 291 453 -47.44
1 299 360 -13911.1
1 109 116 -4637.03
1 131 118 -1545.68
1 132 183 -9414.58
1 140 173 -19953.3
1 141 124 -11522.3
1 142 121 -17705.0
1 155 192 -16159.3
1 157 117 -5058.58
1 157 190 -140.52
1 158 205 -23466.2
1 169 164 -33302.3
1 172 162 -7728.39
1 172 163 -7728.39
1 172 164 -7728.39
1 173 196 -281.03
1 195 280 -33583.4
1 202 295 -10538.7
1 203 296 -40609.2
1 218 173 -264592.0
1 226 358 -5193.08
1 247 335 -28384.3
1 256 333 -7306.84
1 265 349 -15597.3
1 267 346 -12787.0
1 271 470 -1545.68
1 274 431 -3021550.0
1 280 367 -23044.7
1 285 357 -21499.0
1 289 374 -1405.16
1 293 378 -17002.4
1 299 335 -116909.0
1 143 152 -18969.7
1 144 130 -4637.03
1 151 143 -7728.39
1 153 212 -22201.6
1 154 128 -281.03
1 161 161 -12927.5
1 162 171 -421.55
1 167 163 -20093.8
1 174 182 -9133.55
1 175 178 -2248.26
1 176 128 -2950.84
1 188 287 -2248.26
1 189 206 -4215.48
1 201 279 -53958.2
1 221 294 -35129.0
1 221 361 -1405.16
1 222 252 -13349.0
1 224 273 -42295.4
1 225 248 -7025.81
1 226 361 -28805.8
1 234 319 -36815.2
1 235 317 -36815.2
1 237 292 -14.05
1 238 244 -18407.6
1 248 238 -69274.5
1 248 331 -14051.6
1 256 342 -10538.7
1 266 345 -29086.8
1 271 268 -59297.8
1 274 278 -8430.97
1 289 355 -6323.23
1 295 392 -5901.68
1 296 391 -11241.3
1 296 393 -14473.2
1 141 165 -57892.6
1 144 151 -20093.8
1 144 186 -5901.68
1 146 150 -71944.3
1 147 148 -146137.0
1 149 124 -281.03
1 149 202 -16299.9
1 151 211 -6042.19
1 158 173 -2529.29
1 164 124 -702.58
1 165 167 -9133.55
1 170 115 -14613.7
1 171 125 -140.52
1 176 222 -5480.13
1 184 210 -19391.2
1 189 288 -4637.03
1 206 280 -11943.9
1 209 281 -38294.4
1 210 249 -20655.9
1 211 263 -27541.2
1 211 296 -16018.8
1 219 272 -7728.39
1 221 302 -1686.19
1 221 317 -35691.1
1 224 287 -24730.8
1 230 352 -43981.6
1 231 270 -10257.7
1 231 347 -8430.97
1 235 295 -18548.1
1 236 342 -26979.1
1 236 344 -11381.8
1 240 330 -22201.6
1 240 337 -25714.4
1 240 357 -26979.1
1 244 333 -4165.41
1 246 332 -10117.2
1 246 337 -14613.7
1 251 334 -33864.4
1 258 343 -1405.16
1 258 345 -6885.29
1 260 345 -7587.87
1 261 340 -9414.58
1 262 286 -6323.23
1 262 361 -52412.5
1 263 344 -15035.2
1 263 350 -2810.32
1 267 321 -16159.3
1 267 428 -431.23
1 269 365 -2248.26
1 270 361 -27260.1
1 271 267 -138268.0
1 271 355 -17986.1
1 271 363 -30632.5
1 281 331 -5339.61
1 284 333 -6182.71
1 289 371 -18126.6
1 290 371 -16721.4
1 291 365 -9414.58
1 296 358 -122109.0
1 297 356 -9695.61
1 297 391 -17283.5
1 299 347 -3793.94
1 125 93 -13630.1
1 142 117 -27119.6
1 142 169 -6463.74
1 145 116 -8712.0
1 146 146 -6463.74
1 152 213 -9695.61
1 155 116 -7025.81
1 156 214 -140.52
1 161 185 -35691.1
1 163 186 -2669.81
1 166 203 -983.61
1 183 232 -281.03
1 192 232 -73630.5
1 193 235 -35129.0
1 201 310 -1545.68
1 211 195 -1124.13
1 215 261 -25573.9
1 221 339 -28946.3
1 222 324 -14051.6
1 226 354 -19391.2
1 230 358 -8430.97
1 232 347 -11522.3
1 233 341 -14192.1
1 242 618 -8290.45
1 248 344 -24871.3
1 263 345 -34004.9
1 263 427 -140.52
1 263 570 -9695.61
1 264 348 -8571.48
1 265 414 -140.52
1 268 366 -2248.26
1 286 302 -1545.68
1 292 360 -8149.94
1 293 357 -13770.6
1 297 439 -546183.0
1 132 120 -34004.9
1 134 124 -31335.1
1 134 126 -31897.2
1 135 122 -20093.8
1 137 128 -22061.0
1 145 166 -4777.55
1 150 121 -108619.0
1 150 127 -3512.9
1 152 118 -20796.4
1 185 168 -8149.94
1 224 257 -4637.03
1 230 223 -23747.2
1 260 332 -2669.81
1 260 337 -1826.71
1 276 358 -17143.0
1 281 445 -421.55
1 282 357 -281.03
1 137 168 -16018.8
1 149 213 -23606.7
1 189 195 -5761.16
1 192 197 -32037.7
1 202 228 -7587.87
1 210 253 -20374.8
1 217 236 -18829.2
1 245 324 -1826.71
1 270 480 -140.52
1 291 354 -1545.68
1 145 131 -11241.3
1 148 166 -13068.0
1 151 118 -6182.71
1 153 116 -3512.9
1 158 114 -2810.32
1 188 197 -11100.8
1 188 204 -12084.4
1 206 169 -1826.71
1 206 281 -843.1
1 211 266 -48306.2
1 213 276 -17572.6
1 214 274 -7411.09
1 220 278 -138951.0
1 232 398 -1826.71
1 233 375 -1405.16
1 239 385 -2134.67
1 239 406 -229.0
1 239 416 -5.39
1 241 238 -10257.7
1 245 408 -4777.55
1 246 320 -4356.0
1 248 454 -562.06
1 259 351 -3230.94
1 265 360 -18904.0
1 269 360 -7451.62
1 272 360 -23887.7
1 273 521 -10398.2
1 274 327 -6182.71
1 274 521 -1405.16
1 275 465 -145.23
1 280 371 -2529.29
1 290 322 -36534.2
1 294 354 -93178.1
1 147 183 -8290.45
1 205 310 -1124.13
1 173 183 -9976.65
1 257 342 -6182.71
1 201 251 -21077.4
1 201 301 -4637.03
1 251 286 -3793.94
1 259 336 -140.52
1 261 570 -9695.61
1 264 441 -140.52
1 144 132 -140.52
1 135 160 -5901.68
1 136 173 -2810.32
1 144 189 -7728.39
1 156 131 -702.58
1 161 179 -38782.4
1 164 169 -3512.9
1 204 300 -34.62
1 225 242 -17986.1
1 226 375 -21574.0
1 235 420 -7025.81
1 238 302 -9555.1
1 242 355 -145.23
1 245 406 -983.61
1 247 591 -1264.65
1 248 590 -1264.65
1 248 593 -1264.65
1 251 614 -1401.62
1 255 333 -10679.2
1 256 443 -157.16
1 258 339 -1939.66
1 258 416 -311.43
1 267 354 -421.55
1 267 554 -421.55
1 270 476 -1264.65
1 273 477 -4356.0
1 273 523 -99063.9
1 274 506 -1405.16
1 275 479 -12927.5
1 280 458 -784.43
1 297 388 -969.0
1 298 384 -106.66
1 204 299 -983.61
1 221 300 -3653.42
1 140 116 -2950.84
1 134 167 -13068.0
1 160 117 -6182.71
1 197 298 -21.93
1 211 290 -41030.7
1 226 330 -15140.4
1 237 406 -2063.23
1 244 430 -1124.13
1 247 342 -101.56
1 253 427 -1159.63
1 253 443 -460.5
1 254 398 -189.09
1 254 442 -2139.79
1 254 444 -357.4
1 254 445 -39.53
1 256 445 -995.84
1 259 345 -843.1
1 261 369 -1800.38
1 262 555 -140.52
1 263 448 -140.52
1 270 319 -13386.2
1 271 364 -16299.9
1 271 471 -281.03
1 271 489 -15999.0
1 275 371 -140.52
1 277 386 -421.55
1 289 321 -18267.1
1 296 415 -421.55
1 262 394 -420644.0
1 167 168 -9133.55
1 157 122 -421.55
1 169 201 -11241.3
1 199 297 -127.05
1 212 315 -162.35
1 214 287 -280.75
1 224 372 -1967.23
1 247 343 -45.4
1 247 590 -1264.65
1 255 446 -488.59
1 261 524 -34945.2
1 261 525 -34945.2
1 268 567 -9695.61
1 276 386 -421.55
1 278 371 -1826.71
1 281 446 -1124.13
1 284 406 -1545.68
1 291 458 -130.03
1 295 390 -8712.0
1 297 387 -702.58
1 257 443 -1327.36
1 162 205 -9414.58
1 244 330 -5901.68
1 248 343 -151.29
1 249 589 -1264.65
1 254 394 -22.31
1 261 362 -16299.9
1 282 451 -843.1
1 134 173 -2810.32
1 145 139 -421.55
1 150 115 -7587.87
1 206 299 -10.29
1 239 305 -1011.8
1 261 461 -140.52
1 233 400 -66745.2
1 117 117 -2810.32
1 178 182 -1264.65
1 183 311 -2227.6
1 185 196 -12365.4
1 201 309 -1545.68
1 220 175 -11522.3
1 244 355 -18297.0
1 245 261 -8960.92
1 259 512 -281.03
1 260 541 -140.52
1 262 563 -9695.61
1 269 319 -13386.2
1 269 429 -1490.87
1 271 512 -281.03
1 273 506 -702.58
1 290 355 -13317.2
1 264 474 -140.52
1 264 351 -281.03
1 275 383 -13349.0
