1 62 1 3798.3
1 61 2 3770.7
1 60 3 3749.7
1 59 4 3733.5
1 58 5 3721.5
1 57 6 3713.4
1 56 7 3709.2
1 55 8 3709.0
1 54 9 3713.4
1 53 10 3722.5
1 52 11 3736.7
1 51 12 3755.5
1 49 13 3767.8
1 50 13 3777.1
1 48 14 3789.3
1 47 15 3784.5
1 46 16 3776.7
1 45 17 3766.9
1 45 18 3767.6
1 45 19 3768.3
1 44 20 3756.4
1 44 21 3756.2
1 44 22 3755.5
1 44 23 3754.2
1 44 24 3752.2
1 44 25 3749.4
1 44 26 3745.6
1 44 27 3740.7
1 44 28 3734.5
1 44 29 3727.0
1 44 30 3717.9
1 44 31 3707.0
1 44 32 3694.2
1 44 33 3679.1
1 44 34 3661.5
1 44 35 3641.1
1 44 36 3617.4
1 44 37 3589.8
1 44 38 3557.8
1 44 39 3520.3
1 44 40 3476.1
1 44 41 3422.8
1 43 42 3304.0
1 43 43 3265.0
1 43 44 3203.3
1 42 45 3052.1
1 42 46 2997.6
1 40 47 2765.7
1 41 47 2812.0
1 40 48 2729.6
1 40 49 2663.5
1 40 50 2567.6
1 35 78 4859.7
1 35 79 4888.1
1 34 80 4945.1
1 33 81 5025.5
1 32 82 5089.1
1 31 83 5102.5
1 30 84 5114.2
1 29 85 5123.1
1 28 86 5145.4
1 27 87 5164.2
1 26 88 5190.3
1 25 89 5217.8
1 25 90 5254.2
1 24 91 5241.3
1 24 92 5256.5
1 24 93 5293.6
1 24 94 5330.6
1 23 95 5345.7
1 23 96 5386.0
1 23 97 5422.3
1 22 98 5430.3
1 22 99 5471.4
1 22 100 5508.4
1 22 101 5545.7
1 21 102 5566.0
1 21 103 5611.1
1 20 104 5633.2
1 20 105 5675.7
1 19 106 5707.7
1 19 107 5752.1
1 18 108 5788.7
1 18 109 5828.5
1 17 110 5747.7
1 17 111 5758.8
1 17 112 5868.1
1 65 109 6030.5
1 66 109 6027.0
1 67 109 5976.4
1 68 109 5941.6
1 69 109 5951.1
1 62 110 5964.5
1 63 110 6002.2
1 64 110 6023.1
1 70 110 6040.0
1 60 111 5859.4
1 61 111 5880.9
1 71 111 6106.0
1 37 112 5647.1
1 38 112 5707.3
1 39 112 5768.9
1 40 112 5814.4
1 41 112 5851.4
1 42 112 5873.4
1 43 112 5884.6
1 44 112 5893.7
1 45 112 5900.9
1 46 112 5910.4
1 47 112 5919.3
1 48 112 5936.9
1 55 112 5739.6
1 56 112 5761.3
1 57 112 5778.4
1 58 112 5795.2
1 59 112 5810.1
1 72 112 6143.0
1 16 113 5956.8
1 33 113 5631.7
1 34 113 5615.1
1 35 113 5599.2
1 36 113 5578.7
1 49 113 5930.6
1 50 113 5908.4
1 51 113 5855.3
1 52 113 5800.7
1 53 113 5744.1
1 54 113 5707.4
1 73 113 6175.3
1 16 114 6015.9
1 29 114 5721.3
1 30 114 5696.1
1 31 114 5668.3
1 32 114 5633.3
1 74 114 6198.4
1 75 114 6202.5
1 16 115 6072.6
1 25 115 5833.0
1 26 115 5810.2
1 27 115 5781.0
1 28 115 5741.0
1 76 115 6234.3
1 16 116 6127.9
1 21 116 5975.7
1 22 116 5990.6
1 23 116 5903.4
1 24 116 5863.2
1 77 116 6249.5
1 78 116 6247.6
1 79 116 6260.2
1 16 117 6182.1
1 20 117 6023.7
1 80 117 6281.1
1 81 117 6279.2
1 82 117 6258.6
1 83 117 6231.1
1 84 117 6202.0
1 16 118 6219.5
1 17 118 6185.7
1 18 118 6138.6
1 19 118 6085.1
1 85 118 6131.5
1 85 119 6089.7
1 86 120 6072.5
1 86 121 6095.2
1 86 122 6120.0
1 86 123 6137.3
1 86 124 6149.7
1 86 125 6159.3
1 86 126 6166.4
1 86 127 6170.1
1 86 128 6170.7
1 86 129 6169.0
1 86 130 6166.3
1 86 131 6162.1
1 86 132 6155.2
1 86 133 6146.5
1 86 134 6134.7
1 86 135 6118.8
1 86 136 6099.7
1 85 137 6050.6
1 85 138 6037.7
1 84 139 6032.8
1 83 140 6073.8
1 82 141 6157.7
1 82 142 6174.0
1 81 143 6226.7
1 80 144 6287.2
1 79 145 6356.2
1 78 146 6419.8
1 77 147 6487.1
1 76 148 6559.0
1 75 149 6636.4
1 75 150 6700.7
1 75 151 6761.3
1 75 152 6821.9
1 75 153 6868.8
1 76 154 6862.0
1 77 154 6849.2
1 78 154 6839.0
1 79 155 6827.7
1 80 155 6815.1
1 81 156 6797.5
1 82 157 6771.0
1 82 158 6748.6
1 83 158 6734.5
1 84 159 6704.6
1 84 160 6676.8
1 84 161 6652.4
1 84 162 6628.5
1 85 163 6603.4
1 86 164 6574.0
1 87 165 6537.0
1 88 166 6502.2
1 89 167 6468.6
1 90 168 6387.2
1 90 169 6337.2
1 91 170 6269.8
1 92 171 6198.4
1 93 172 6167.7
1 94 173 6141.2
1 94 174 6138.8
1 95 175 6123.4
1 95 176 6109.0
1 95 177 6113.7
1 95 178 6120.7
1 95 179 6126.0
1 96 180 5954.7
1 97 181 5971.7
1 98 182 5989.2
1 99 183 6006.7
1 100 184 6022.5
1 101 185 6037.9
1 102 185 6046.3
1 103 185 6061.9
1 104 186 6096.3
1 105 186 6097.4
1 106 187 6100.6
1 107 188 6096.4
1 108 189 5914.1
1 108 190 5916.1
1 108 191 5917.1
1 108 192 5916.7
1 108 193 5912.5
1 107 194 5707.4
1 107 195 5703.4
1 107 196 5695.6
1 107 197 5685.3
1 107 198 5673.3
1 106 199 5634.9
1 106 200 5622.0
1 105 201 5576.1
1 105 202 5562.9
1 104 203 5522.4
1 104 204 5513.7
1 104 205 5498.7
1 104 206 5477.3
1 104 207 5444.2
1 98 208 5460.6
1 99 208 5470.7
1 100 208 5483.1
1 101 208 5496.0
1 102 208 5513.7
1 103 208 5542.4
1 97 209 5451.3
1 97 210 5450.1
1 97 211 5446.0
1 97 212 5440.7
1 96 213 5424.1
1 95 214 5416.7
1 95 215 5415.4
1 94 216 5408.0
1 94 217 5407.1
1 94 218 5406.4
1 95 219 5410.6
1 96 220 5414.1
1 97 221 5418.0
1 97 222 5416.9
1 98 223 5420.2
1 98 224 5418.8
1 99 225 5422.9
1 99 226 5421.0
1 100 227 5242.1
1 128 227 5398.5
1 129 227 5461.6
1 101 228 5248.0
1 107 228 5142.9
1 108 228 5167.8
1 109 228 5196.4
1 110 228 5228.4
1 111 228 5263.1
1 125 228 5283.4
1 126 228 5309.8
1 127 228 5318.0
1 130 228 5187.6
1 131 228 5194.1
1 132 228 5188.2
1 133 228 5189.3
1 134 228 5195.5
1 135 228 5209.9
1 136 228 5226.9
1 137 228 5240.2
1 138 228 5267.0
1 102 229 5252.8
1 106 229 5280.7
1 112 229 5117.3
1 118 229 5143.6
1 119 229 5162.0
1 120 229 5177.9
1 121 229 5192.0
1 122 229 5203.3
1 123 229 5212.7
1 124 229 5215.2
1 139 229 5340.3
1 103 230 5256.3
1 104 230 5258.9
1 105 230 5261.9
1 113 230 5133.9
1 114 230 5125.4
1 115 230 5121.1
1 116 230 5118.6
1 117 230 5110.7
1 140 230 5307.1
1 139 231 5374.7
1 137 232 5411.3
1 138 232 5410.6
1 136 233 5414.6
1 135 234 5407.4
1 133 235 5374.7
1 134 235 5388.0
1 132 236 5357.8
1 130 237 5314.5
1 131 237 5329.7
1 129 238 5303.3
1 128 239 5287.2
1 127 240 5267.3
1 127 241 5257.5
1 127 242 5244.6
1 128 243 5252.9
1 129 244 5251.2
1 129 245 5238.5
1 130 246 5234.7
1 131 246 5233.6
1 132 246 5236.5
1 133 246 5245.8
1 134 246 5263.2
1 135 246 5289.6
1 136 246 5316.8
1 137 246 5336.8
1 138 246 5358.8
1 139 247 5409.5
1 140 247 5434.0
1 141 247 5471.5
1 142 247 5514.8
1 143 248 5577.8
1 144 249 5671.3
1 144 250 5698.1
1 145 251 5749.9
1 145 252 5775.5
1 145 253 5795.8
1 146 254 5829.1
1 146 255 5826.5
1 146 256 5820.5
1 146 257 5812.6
1 146 258 5802.4
1 146 259 5790.6
1 146 260 5777.2
1 146 261 5764.9
1 146 262 5751.7
1 146 263 5738.5
1 146 264 5728.4
1 146 265 0.0
1 147 266 5482.8
1 147 267 5453.7
1 147 268 5428.8
1 147 269 5389.1
1 147 270 5356.1
1 148 271 5306.0
1 148 272 5279.2
1 148 273 5252.1
1 148 274 5230.3
1 149 274 5215.4
1 149 275 5175.8
1 149 276 5143.6
1 149 277 5091.0
1 149 278 5036.4
1 150 279 5132.7
1 150 280 5087.7
1 150 281 5046.5
1 150 282 5016.2
1 151 283 4932.5
1 151 284 4888.7
1 151 285 4855.4
1 152 286 4761.4
1 152 287 4706.8
1 152 288 4662.5
1 152 289 4628.0
1 153 290 4722.8
1 153 291 4696.3
1 153 292 4704.2
1 154 293 4715.0
1 154 294 4726.6
1 154 295 4736.1
1 154 296 4742.2
1 155 297 4760.1
1 155 298 4763.9
1 156 299 4586.8
1 157 299 4593.1
1 158 299 4602.6
1 159 299 4615.1
1 160 299 4631.1
1 161 299 4650.5
1 162 300 4681.7
1 162 301 4684.5
1 162 302 4683.6
1 162 303 4681.0
1 162 304 4678.3
1 163 305 4857.4
1 163 306 4848.4
1 163 307 4838.6
1 163 308 4829.3
1 163 309 4823.2
1 164 310 5039.4
1 165 311 5081.0
1 166 312 5152.7
1 167 313 5211.3
1 168 314 5244.2
1 168 315 5076.7
1 168 316 5081.0
1 169 316 5088.5
1 169 317 5094.3
1 170 317 5104.1
1 171 318 5105.2
1 171 319 5081.8
1 172 320 5033.9
1 172 321 4986.4
1 172 322 4938.1
1 172 323 4887.1
1 172 324 4847.4
1 173 325 4845.9
1 173 326 4849.5
1 173 327 4851.3
1 174 328 4860.7
1 174 329 4862.3
1 174 330 4863.3
1 175 331 4867.8
1 176 331 4871.8
1 177 331 4877.7
1 178 332 4887.1
1 179 333 4889.7
1 179 334 4886.6
1 179 335 4883.5
1 180 336 4881.0
1 181 337 4872.5
1 181 338 4867.8
1 187 338 4741.0
1 188 338 4762.1
1 189 338 4779.7
1 190 338 4793.4
1 182 339 4858.5
1 186 339 4873.5
1 191 339 4797.0
1 192 339 5216.0
1 182 340 4852.5
1 186 340 4857.8
1 193 340 5215.3
1 182 341 4848.9
1 186 341 4847.8
1 194 341 5215.2
1 195 341 5216.8
1 183 342 4845.3
1 184 342 4845.1
1 185 342 4844.6
1 186 342 4843.5
1 196 342 5216.5
1 196 343 5214.4
1 197 344 5213.3
1 198 345 5210.9
1 199 346 5208.8
1 200 346 5210.4
1 201 346 5212.6
1 202 346 5214.7
1 203 346 5215.5
1 204 346 4431.53
1 205 347 5199.5
1 206 347 5193.3
1 207 348 5398.8
1 207 349 5496.1
1 207 350 5637.0
1 206 351 5696.9
1 205 352 5701.7
1 205 353 5706.2
1 205 354 5711.2
1 206 355 5734.1
1 206 356 5742.3
1 207 357 5767.0
1 208 357 5784.2
1 209 358 5465.4
1 210 359 5522.7
1 211 359 5550.7
1 212 360 5470.5
1 212 361 5507.7
1 208 362 5529.9
1 209 362 5534.6
1 210 362 5541.7
1 211 362 5547.4
1 207 363 5526.1
1 206 364 5520.7
1 206 365 5522.0
1 206 366 5522.2
1 206 367 5521.4
1 206 368 5520.4
1 206 369 5519.2
1 207 369 5525.6
1 208 369 5542.1
1 209 369 5563.8
1 210 369 5588.2
1 211 369 5618.5
1 212 369 5654.9
1 213 369 5699.1
1 214 370 5595.6
1 215 370 5629.4
1 216 372 5626.7
1 214 373 5263.1
1 215 373 5351.3
1 214 374 5220.0
1 213 375 5270.2
1 212 376 5247.8
1 211 377 5194.7
1 211 378 5183.6
1 211 379 5178.1
1 211 380 5180.2
1 211 381 5189.3
1 211 382 5243.7
1 211 383 5293.5
1 212 384 45000.0
1 212 385 45000.0
1 212 386 45000.0
1 212 387 45000.0
1 212 388 45000.0
1 212 389 45000.0
1 212 390 45000.0
1 212 391 45000.0
1 212 392 45000.0
1 212 393 45000.0
1 213 394 45000.0
1 213 395 45000.0
1 213 396 45000.0
1 213 397 45000.0
1 213 398 45000.0
1 213 399 45000.0
1 213 400 45000.0
1 213 401 45000.0
1 213 402 45000.0
1 214 403 45000.0
1 214 404 45000.0
1 214 405 45000.0
1 214 406 45000.0
1 214 407 45000.0
1 214 409 45000.0
1 214 410 45000.0
1 214 411 45000.0
1 214 412 45000.0
1 214 413 45000.0
1 214 414 45000.0
1 214 415 45000.0
1 215 416 45000.0
1 215 417 45000.0
1 227 417 45000.0
1 228 417 45000.0
1 229 417 45000.0
1 216 418 45000.0
1 226 418 45000.0
1 230 418 45000.0
1 217 419 45000.0
1 218 419 45000.0
1 219 419 45000.0
1 220 419 45000.0
1 221 419 45000.0
1 222 419 45000.0
1 223 419 45000.0
1 224 419 45000.0
1 225 419 45000.0
1 229 419 45000.0
1 229 420 45000.0
1 226 421 45000.0
1 227 421 45000.0
1 228 421 45000.0
1 224 422 45000.0
1 225 422 45000.0
1 224 423 45000.0
1 224 424 45000.0
1 225 424 45000.0
1 226 424 45000.0
1 227 424 45000.0
1 228 424 45000.0
1 229 425 45000.0
1 229 426 45000.0
1 229 427 45000.0
1 229 428 45000.0
1 229 429 45000.0
1 228 430 45000.0
1 228 431 45000.0
1 228 432 45000.0
1 228 433 45000.0
1 228 434 45000.0
1 228 435 45000.0
1 229 435 45000.0
1 230 436 45000.0
1 230 437 45000.0
1 230 438 45000.0
1 230 439 45000.0
1 230 440 45000.0
1 230 441 45000.0
1 230 442 45000.0
1 230 443 45000.0
1 230 444 45000.0
1 230 445 45000.0
1 230 446 45000.0
1 230 447 45000.0
1 230 448 45000.0
1 230 449 45000.0
1 230 450 45000.0
1 230 451 45000.0
1 230 452 45000.0
1 230 453 45000.0
1 230 454 45000.0
1 230 455 45000.0
1 230 456 45000.0
1 231 457 45000.0
1 231 458 45000.0
1 231 459 45000.0
1 231 460 45000.0
1 232 461 45000.0
1 232 462 45000.0
1 232 463 45000.0
1 232 464 45000.0
1 233 464 45000.0
1 234 464 45000.0
1 235 464 45000.0
1 236 464 45000.0
1 237 464 45000.0
1 238 464 45000.0
1 239 465 45000.0
1 239 466 45000.0
1 239 467 5337.1
1 238 468 5337.1
1 238 469 5337.1
1 238 470 5337.1
1 239 471 5337.1
1 240 471 5337.1
1 241 472 5337.1
1 242 472 5337.1
1 243 472 5337.1
1 244 473 5337.1
1 245 474 5337.1
1 246 475 5337.1
1 246 476 5337.1
1 246 477 5337.1
1 246 478 5337.1
1 246 479 5337.1
1 246 480 5337.1
1 245 481 5337.1
1 245 482 5337.1
1 244 483 5337.1
1 243 484 5337.1
1 243 485 5337.1
1 243 486 5337.1
1 243 487 5337.1
1 243 488 5337.1
1 243 489 5337.1
1 242 490 5337.1
1 242 491 5337.1
1 241 492 5337.1
1 241 493 5337.1
1 240 494 5337.1
1 239 495 5337.1
1 238 496 5337.1
1 235 497 5337.1
1 236 497 5337.1
1 237 497 5337.1
1 233 498 5337.1
1 234 498 5337.1
1 233 499 5337.1
1 232 500 5337.1
1 231 501 5337.1
1 231 502 5337.1
1 231 503 5337.1
1 231 504 5337.1
1 231 505 5337.1
1 231 506 5337.1
1 231 507 5337.1
1 231 508 5337.1
1 231 509 5337.1
1 231 510 5337.1
1 231 511 5337.1
1 231 512 5337.1
1 231 513 5337.1
1 231 514 5337.1
1 231 515 5337.1
1 232 516 5337.1
1 232 517 5337.1
1 232 518 5337.1
1 233 519 5337.1
1 233 520 5337.1
1 233 521 5337.1
1 234 522 5337.1
1 234 523 5337.1
1 235 524 5337.1
1 235 525 5337.1
1 236 525 5337.1
1 237 525 5337.1
1 238 525 5337.1
1 239 526 5337.1
1 239 527 5337.1
1 240 528 5437.9
1 240 529 5453.1
1 241 530 5519.7
1 241 531 5549.7
1 241 532 5566.6
1 241 533 5578.1
1 241 534 5586.4
1 242 535 5064.8
1 242 536 5076.1
1 243 536 5094.1
1 244 536 5126.6
1 245 536 5155.2
1 246 537 5210.6
1 246 538 5227.7
1 247 539 5267.6
1 248 540 5303.1
1 249 540 5315.2
1 250 540 5331.6
1 251 541 5365.2
1 250 544 5398.8
1 251 544 5401.1
1 245 545 5344.2
1 246 545 5355.4
1 247 545 5374.0
1 248 545 5387.7
1 249 545 5393.2
1 243 546 5317.7
1 244 546 5321.7
1 243 547 5318.4
1 242 548 5314.5
1 242 549 5314.8
1 241 550 5308.6
1 241 551 5306.9
1 240 552 5296.5
1 239 553 5285.5
1 238 554 0.0
1 237 555 5249.9
1 236 556 5248.8
1 236 557 5248.8
1 232 558 5189.1
1 233 558 5186.1
1 234 558 5193.8
1 235 558 5197.3
1 232 559 5201.2
1 231 560 5201.4
1 231 561 5209.8
1 231 562 5216.5
1 231 563 5221.6
1 231 564 5222.9
1 230 565 5389.7
1 230 566 5382.9
1 230 567 5372.0
1 230 568 5359.6
1 215 371 5678.1
1 39 51 6043.2
1 39 52 5967.8
1 38 53 5714.5
1 38 54 5641.8
1 37 55 5375.6
1 36 56 5152.8
1 35 57 4950.0
1 35 58 4889.0
1 35 59 4787.7
1 35 60 8397.7
1 35 61 8262.3
1 35 62 8125.5
1 35 63 7985.2
1 35 64 7841.2
1 35 65 7693.4
1 35 66 7542.6
1 35 67 7395.4
1 35 68 7276.3
1 36 69 10770.0
1 36 70 10502.6
1 36 71 10250.3
1 36 72 10007.1
1 36 73 9772.1
1 36 74 9559.1
1 36 75 9377.7
1 36 76 9287.9
1 36 77 9255.2
1 230 569 5347.0
1 230 570 5333.5
1 230 571 5317.4
1 230 572 5306.0
1 230 573 5316.9
1 230 574 5332.4
1 230 575 5342.6
1 230 576 5344.7
1 230 577 5179.6
1 230 578 5212.8
1 230 579 5245.9
1 230 580 5275.3
1 230 581 5278.4
1 230 582 5283.8
1 230 583 5286.3
1 230 584 5285.4
1 230 585 5282.0
1 230 586 5277.4
1 230 587 5271.3
1 230 588 5267.4
1 229 589 5251.5
1 229 590 5242.2
1 228 591 5219.5
1 228 592 5203.8
1 228 593 5186.5
1 228 594 5164.3
1 227 595 5120.1
1 227 596 5096.9
1 227 597 5068.8
1 227 598 5035.6
1 227 599 4786.4
1 226 600 4700.2
1 226 601 4698.2
1 226 602 4696.9
1 226 603 4697.6
1 225 604 4268.5
1 224 605 4268.5
1 223 606 4290.4
1 222 607 4310.8
1 223 605 4275.0
1 114 114 -2810.32
1 117 120 -1016.0
1 129 121 -6323.23
1 130 122 -734.965
1 133 112 -13630.1
1 135 194 -1156.52
1 138 201 -2529.29
1 139 168 -702.58
1 140 168 -2107.74
1 141 191 -4074.97
1 143 126 -8149.94
1 143 172 -2810.32
1 143 190 -1967.23
1 144 166 -4918.06
1 144 172 -3091.35
1 144 182 -5058.58
1 144 190 -1124.13
1 145 161 -7306.84
1 146 117 -4637.03
1 146 190 -1545.68
1 147 132 -1826.71
1 147 145 -734.965
1 148 167 -5761.16
1 148 176 -734.965
1 148 196 -2669.81
1 149 145 -6744.77
1 149 146 -4777.55
1 150 124 -3793.94
1 150 128 -140.52
1 150 141 -2248.26
1 150 198 -7587.87
1 151 142 -5620.65
1 151 195 -4215.48
1 152 123 -7587.87
1 152 125 -1016.0
1 152 132 -1297.03
1 153 192 -5901.68
1 154 125 -140.52
1 154 171 -1578.07
1 154 249 -5058.58
1 155 112 -5199.1
1 155 129 -281.03
1 156 129 -127308.0
1 157 116 -4918.06
1 157 135 -2734.58
1 157 251 -6885.29
1 158 133 -4669.42
1 158 137 -4777.55
1 158 181 -15316.3
1 159 119 -46089.3
1 159 173 -12646.5
1 161 125 -281.03
1 161 188 -8993.03
1 162 119 -983.61
1 162 121 -13489.5
1 162 128 -146137.0
1 162 132 -11662.8
1 162 140 -562.06
1 162 167 -1264.65
1 162 169 -1545.68
1 163 138 -1578.07
1 164 135 -2388.77
1 164 187 -6042.19
1 165 130 -5339.61
1 165 131 -281.03
1 166 126 -702.58
1 167 259 -843.1
1 168 123 -281.03
1 168 208 -3512.9
1 169 163 -6182.71
1 170 131 -3934.45
1 170 132 -702.58
1 170 163 -2669.81
1 171 131 -3512.9
1 171 132 -3231.87
1 172 130 -3934.45
1 172 218 -8430.97
1 173 224 -3231.87
1 174 123 -281.03
1 175 134 -21780.0
1 175 204 -562.06
1 176 176 -1686.19
1 177 133 -9555.1
1 177 211 -2248.26
1 178 164 -4777.55
1 178 261 -23044.7
1 179 181 -17845.6
1 179 183 -5058.58
1 179 210 -11943.9
1 180 208 -16440.4
1 183 184 -6463.74
1 184 246 -2248.26
1 187 200 -5480.13
1 188 198 -5199.1
1 188 240 -16440.4
1 188 258 -18126.6
1 191 191 -134614.0
1 191 281 -13911.1
1 193 256 -13489.5
1 193 260 -19061.8
1 197 204 -1405.16
1 197 252 -2669.81
1 198 297 -1405.16
1 198 298 -734.965
1 199 211 -2248.26
1 199 231 -4777.55
1 199 298 -734.965
1 200 298 -734.965
1 201 234 -983.61
1 203 275 -23747.2
1 203 280 -3653.42
1 204 248 -17957.2
1 205 300 -772.425
1 206 286 -1708.04
1 206 300 -1469.93
1 210 264 -1826.71
1 211 255 -22623.1
1 212 226 -1967.23
1 212 258 -155692.0
1 213 264 -140.52
1 213 300 -2107.74
1 214 240 -60703.0
1 215 260 -10117.2
1 216 238 -15597.3
1 216 267 -4496.52
1 217 264 -7306.84
1 217 365 -562.06
1 218 179 -37096.3
1 219 310 -4637.03
1 221 223 -421.55
1 221 284 -11224.7
1 222 352 -8426.35
1 222 358 -843.1
1 222 369 -12505.9
1 223 271 -8149.94
1 224 301 -8571.48
1 224 374 -6658.58
1 226 311 -9836.13
1 226 350 -156.0
1 226 365 -1780.92
1 226 382 -4127.28
1 227 270 -140.52
1 228 225 -8712.0
1 230 255 -12787.0
1 230 361 -8430.97
1 231 401 -734.965
1 232 256 -4637.03
1 232 364 -307.68
1 232 370 -14544.0
1 233 337 -734.965
1 233 376 -2067.31
1 233 394 -1469.93
1 233 399 -58173.7
1 234 304 -3863.14
1 234 393 -734.965
1 235 400 -1264.65
1 236 263 -2810.32
1 236 351 -7447.35
1 237 237 -3512.9
1 237 316 -24440.4
1 237 357 -2931.01
1 237 389 -734.965
1 238 221 -2107.74
1 238 398 -36.32
1 238 605 -3715.37
1 238 609 -1469.93
1 239 250 -843.1
1 239 338 -3934.45
1 239 426 -562.06
1 239 605 -3674.83
1 239 606 -2204.9
1 239 619 -734.965
1 240 380 -734.965
1 240 426 -734.965
1 240 608 -2939.86
1 241 335 -5480.13
1 241 342 -9133.55
1 241 358 -421.55
1 241 604 -734.965
1 242 311 -6014.14
1 243 357 -9836.13
1 243 371 -13045.7
1 243 389 -1826.71
1 243 422 -140.52
1 243 431 -134.75
1 243 605 -3674.83
1 244 431 -74.14
1 244 605 -4409.79
1 244 621 -1469.93
1 245 238 -13911.1
1 245 322 -26942.7
1 245 337 -875.485
1 245 370 -910.75
1 245 621 -734.965
1 246 321 -3782.52
1 246 618 -2204.9
1 247 344 -734.965
1 247 383 -11732.4
1 247 384 -1967860.0
1 248 251 -24000.8
1 248 424 -2529.29
1 248 436 -1967.23
1 248 444 -21077.3
1 248 589 -3091.35
1 249 373 -734.965
1 249 389 -6744.77
1 249 424 -5372.0
1 249 430 -20779.6
1 249 436 -5676.4
1 249 443 -4554.79
1 249 606 -3674.83
1 250 239 -12224.9
1 250 326 -2639.5
1 250 424 -734.965
1 250 425 -609559.0
1 250 431 -28220.9
1 250 595 -2345.42
1 251 300 -16580.9
1 251 333 -431.57
1 251 356 -26839.6
1 251 408 -435.44
1 251 456 -875.485
1 251 457 -18.22
1 251 594 -734.965
1 251 595 -761.495
1 251 596 -1469.93
1 252 230 -10398.2
1 252 285 -5480.13
1 252 329 -26609.9
1 252 450 -702.58
1 252 595 -734.965
1 252 606 -734.965
1 253 298 -2248.26
1 253 331 -11520.6
1 253 332 -14380.4
1 253 416 -140.52
1 253 420 -9491.04
1 253 445 -60367.6
1 254 338 -10679.2
1 254 367 -421.55
1 254 407 -720.48
1 254 597 -734.965
1 254 607 -4107.36
1 255 381 -26838.6
1 255 383 -43138.4
1 255 388 -37658.3
1 255 395 -1967.23
1 255 420 -5480.13
1 255 439 -12084.4
1 255 443 -59738.0
1 255 595 -734.965
1 255 596 -734.965
1 255 606 -875.485
1 255 609 -1469.93
1 255 610 -38137.2
1 256 314 -7940.71
1 256 335 -7587.87
1 256 341 -421.55
1 256 370 -4356.65
1 256 413 -2669.81
1 256 586 -36271.6
1 256 593 -2939.86
1 257 238 -1545.68
1 257 324 -4873.62
1 257 413 -2388.77
1 257 576 -4862.11
1 257 599 -2789.09
1 257 600 -63372.8
1 258 325 -8665.48
1 258 336 -3559.57
1 258 420 -133071.0
1 258 442 -561266.0
1 258 464 -1967.23
1 258 585 -4409.79
1 258 595 -1469.93
1 258 601 -20936.9
1 258 602 -60062.0
1 259 340 -16613.3
1 259 371 -5268.75
1 259 405 -107461.0
1 259 588 -31512.0
1 259 592 -1193.52
1 259 593 -1025.23
1 260 342 -5480.13
1 260 349 -702.58
1 260 407 -2895390.0
1 260 413 -65213.4
1 260 424 -663.48
1 260 461 -1686.19
1 260 463 -29227.3
1 260 464 -14894.7
1 260 585 -32848.6
1 260 586 -64361.7
1 260 587 -9244.29
1 261 337 -3653.42
1 261 355 -8430.97
1 261 381 -253398.0
1 261 395 -34809.9
1 261 416 -17705.0
1 261 418 -734.965
1 261 429 -171314.0
1 261 464 -23606.7
1 261 492 -734.965
1 261 571 -8993.03
1 261 576 -18193.4
1 262 345 -7166.32
1 262 449 -140.52
1 262 540 -403.4
1 262 564 -2920.77
1 262 567 -34055.2
1 262 568 -17564.5
1 262 570 -133631.0
1 262 571 -2529.29
1 263 340 -2107.74
1 263 471 -5339.61
1 263 477 -5620.65
1 263 520 -1469.93
1 263 574 -1124.13
1 263 582 -2927.58
1 264 344 -3934.45
1 264 345 -8149.94
1 264 355 -281.03
1 264 367 -1578.07
1 264 383 -64.68
1 264 407 -3512.9
1 264 428 -11518.1
1 264 468 -77.43
1 264 471 -4637.03
1 264 476 -72225.3
1 264 477 -983.61
1 264 523 -2766.96
1 264 524 -562.06
1 264 549 -3032.35
1 265 364 -17479.0
1 265 374 -98203.6
1 265 380 -51.24
1 265 422 -105751.0
1 265 523 -2260.88
1 266 337 -734.965
1 266 340 -702.58
1 266 462 -140.52
1 267 391 -13489.5
1 267 463 -1405.16
1 267 555 -1156.52
1 267 556 -734.965
1 268 333 -6463.74
1 268 334 -6182.71
1 268 436 -1599930.0
1 268 455 -31.31
1 268 479 -421.55
1 268 480 -421.55
1 268 489 -7817.66
1 268 545 -41848.2
1 269 349 -843.1
1 269 363 -734.965
1 269 397 -57049.6
1 269 450 -1686.19
1 269 456 -10839.2
1 269 541 -875.485
1 270 337 -1405.16
1 270 352 -7306.84
1 270 397 -18688.7
1 270 412 -440.63
1 270 417 -404059.0
1 270 429 -899.57
1 270 481 -734.965
1 270 483 -1511.22
1 270 484 -734.965
1 270 486 -8113.78
1 270 498 -140.52
1 271 319 -42709.8
1 271 335 -2388.77
1 271 368 -140.52
1 271 371 -1686.19
1 271 415 -43181.9
1 271 451 -5620.65
1 271 485 -294.13
1 271 493 -103196.0
1 271 498 -9414.58
1 271 537 -83447.2
1 272 336 -15.09
1 272 337 -19528.7
1 272 351 -30070.4
1 272 366 -7868.9
1 272 368 -62605.7
1 272 388 -713382.0
1 272 450 -4777.55
1 272 451 -23044.7
1 272 453 -140.52
1 272 462 -1603020.0
1 272 490 -281.03
1 272 491 -14.8
1 272 497 -31834.3
1 272 498 -77424.4
1 272 530 -11758.2
1 272 532 -67539.4
1 272 535 -5248.13
1 273 363 -140.52
1 273 410 -1264.65
1 273 480 -19812.8
1 273 510 -1859.1
1 273 516 -21749.1
1 273 517 -460557.0
1 273 518 -335.76
1 274 409 -2669.81
1 274 520 -25433.4
1 274 523 -281.03
1 275 367 -99766.5
1 275 441 -222519.0
1 275 450 -21499.0
1 275 506 -702.58
1 276 364 -3653.42
1 276 366 -79532.1
1 276 446 -2248.26
1 277 294 -70258.1
1 277 390 -4215.48
1 277 407 -334880.0
1 277 431 -5558.27
1 277 454 -4918.06
1 277 468 -140.52
1 277 472 -18438.6
1 277 480 -72972.7
1 277 482 -6323.23
1 278 365 -17143.0
1 278 435 -1790.82
1 278 482 -6323.23
1 279 310 -27522.3
1 279 336 -9836.13
1 279 433 -168422.0
1 279 449 -562.06
1 279 475 -78729.7
1 279 485 -11381.8
1 280 365 -562.06
1 280 433 -12495.3
1 280 442 -9555.1
1 280 469 -21519.5
1 280 471 -47494.9
1 281 458 -451647.0
1 282 409 -4918.06
1 282 424 -1545.68
1 282 430 -421.55
1 282 436 -3355.1
1 282 454 -756.81
1 282 457 -444.26
1 283 429 -264592.0
1 283 449 -23794.1
1 283 452 -18129.4
1 283 455 -68795.4
1 283 468 -40318.3
1 284 339 -17870.4
1 284 457 -4777.55
1 284 463 -325422.0
1 284 481 -8610.03
1 285 306 -12203.0
1 285 336 -1706.46
1 285 374 -562.06
1 285 467 -98356.2
1 285 475 -84700.8
1 286 330 -49426.0
1 286 425 -63010.2
1 286 475 -38569.6
1 286 477 -9337.31
1 287 329 -625.82
1 287 388 -11015.8
1 287 426 -734.965
1 287 477 -20459.7
1 288 419 -8852.52
1 288 423 -1146.67
1 288 426 -734.965
1 289 351 -11241.3
1 289 404 -153871.0
1 289 459 -297582.0
1 289 468 -4578.43
1 290 374 -24730.8
1 290 382 -253804.0
1 290 402 -8991.54
1 290 411 -5901.68
1 290 412 -16721.4
1 290 413 -16580.9
1 290 420 -817.58
1 291 350 -702.58
1 291 355 -7617.31
1 291 373 -1264.65
1 291 419 -1411340.0
1 292 361 -3934.45
1 292 365 -11381.8
1 292 416 -562.06
1 292 469 -44663.5
1 294 435 -9976.65
1 294 447 -45960.8
1 294 458 -3084.42
1 295 391 -32459.2
1 295 430 -2300540.0
1 296 388 -2405.04
1 296 398 -4019.05
1 296 406 -18922.3
1 296 433 -7868.9
1 297 381 -4356.0
1 297 383 -562.06
1 297 395 -116669.0
1 297 401 -39405.6
1 297 402 -13915.7
1 297 413 -789611.0
1 297 415 -60703.0
1 297 442 -44110.1
1 298 389 -983.61
1 298 390 -983.61
1 299 354 -1264.65
1 299 355 -3523.14
1 299 387 -594.4
1 334 405 -19953.3
1 102 110 -734.965
1 102 113 -734.965
1 103 100 -734.965
1 103 104 -734.965
1 104 115 -734.965
1 105 115 -734.965
1 105 139 -734.965
1 108 117 -734.965
1 109 112 -734.965
1 111 155 -734.965
1 111 208 -734.965
1 112 181 -734.965
1 113 111 -734.965
1 113 159 -734.965
1 113 211 -734.965
1 114 173 -734.965
1 114 212 -1469.93
1 115 212 -1469.93
1 116 121 -734.965
1 116 150 -734.965
1 116 166 -734.965
1 117 119 -734.965
1 117 168 -734.965
1 117 210 -734.965
1 119 194 -734.965
1 119 202 -734.965
1 119 96 -734.965
1 120 155 -734.965
1 120 94 -734.965
1 121 187 -734.965
1 123 110 -734.965
1 123 111 -734.965
1 123 158 -734.965
1 123 168 -734.965
1 123 193 -734.965
1 123 202 -1469.93
1 125 150 -734.965
1 125 151 -734.965
1 125 193 -734.965
1 125 194 -734.965
1 126 121 -734.965
1 126 191 -734.965
1 126 195 -734.965
1 127 150 -734.965
1 127 160 -734.965
1 127 169 -734.965
1 127 195 -734.965
1 127 199 -1469.93
1 128 122 -734.965
1 128 148 -734.965
1 128 149 -734.965
1 128 152 -734.965
1 128 153 -734.965
1 128 154 -734.965
1 128 157 -734.965
1 128 199 -734.965
1 129 117 -734.965
1 129 119 -734.965
1 129 122 -734.965
1 129 146 -734.965
1 129 154 -1469.93
1 129 162 -734.965
1 129 176 -734.965
1 130 120 -734.965
1 130 154 -734.965
1 130 155 -734.965
1 130 156 -2204.9
1 130 194 -734.965
1 131 112 -734.965
1 131 121 -734.965
1 131 122 -734.965
1 131 150 -734.965
1 131 156 -734.965
1 131 157 -734.965
1 131 158 -734.965
1 131 161 -1469.93
1 131 198 -734.965
1 132 112 -734.965
1 132 155 -734.965
1 132 156 -734.965
1 132 160 -734.965
1 132 161 -1469.93
1 133 155 -734.965
1 133 159 -734.965
1 133 160 -1469.93
1 133 192 -1469.93
1 133 193 -734.965
1 134 148 -734.965
1 134 150 -734.965
1 134 151 -734.965
1 134 156 -734.965
1 134 191 -734.965
1 134 193 -2939.86
1 135 148 -3674.83
1 135 149 -1469.93
1 135 156 -734.965
1 135 157 -734.965
1 135 193 -2204.9
1 136 147 -734.965
1 136 148 -734.965
1 136 149 -734.965
1 136 150 -1469.93
1 136 153 -734.965
1 136 155 -734.965
1 137 148 -734.965
1 137 150 -734.965
1 137 153 -1469.93
1 137 154 -734.965
1 137 157 -2204.9
1 137 175 -734.965
1 137 206 -734.965
1 138 151 -734.965
1 138 152 -734.965
1 138 153 -2204.9
1 138 168 -734.965
1 138 169 -734.965
1 139 151 -734.965
1 140 138 -734.965
1 140 155 -2939.86
1 140 156 -734.965
1 140 171 -734.965
1 140 180 -734.965
1 141 149 -734.965
1 141 154 -1469.93
1 141 157 -734.965
1 141 171 -734.965
1 141 199 -1469.93
1 142 155 -734.965
1 142 156 -734.965
1 142 157 -734.965
1 142 158 -734.965
1 142 174 -734.965
1 142 179 -734.965
1 142 201 -734.965
1 143 146 -734.965
1 143 157 -2204.9
1 144 142 -1469.93
1 144 173 -734.965
1 145 142 -734.965
1 145 143 -734.965
1 145 151 -734.965
1 145 187 -734.965
1 145 226 -734.965
1 146 140 -734.965
1 146 141 -1469.93
1 146 145 -734.965
1 146 208 -734.965
1 146 229 -734.965
1 146 230 -734.965
1 146 232 -734.965
1 147 139 -2204.9
1 147 140 -734.965
1 147 141 -734.965
1 147 142 -734.965
1 147 229 -734.965
1 147 230 -734.965
1 147 233 -734.965
1 147 239 -734.965
1 147 240 -734.965
1 148 217 -734.965
1 148 221 -734.965
1 149 127 -734.965
1 149 147 -734.965
1 149 154 -734.965
1 149 222 -734.965
1 149 253 -734.965
1 150 160 -734.965
1 150 164 -734.965
1 150 177 -734.965
1 150 227 -734.965
1 150 236 -734.965
1 151 128 -734.965
1 151 228 -734.965
1 152 153 -734.965
1 152 173 -734.965
1 152 176 -734.965
1 152 222 -734.965
1 152 228 -734.965
1 153 126 -734.965
1 153 136 -734.965
1 153 155 -734.965
1 153 232 -734.965
1 153 238 -734.965
1 153 253 -734.965
1 154 126 -734.965
1 154 133 -734.965
1 154 161 -734.965
1 154 172 -734.965
1 154 220 -734.965
1 154 244 -734.965
1 155 170 -1469.93
1 155 216 -734.965
1 155 262 -734.965
1 156 160 -734.965
1 156 211 -734.965
1 156 223 -734.965
1 157 132 -734.965
1 157 133 -734.965
1 157 134 -2204.9
1 157 136 -734.965
1 157 194 -734.965
1 157 207 -734.965
1 157 240 -734.965
1 158 135 -734.965
1 158 248 -734.965
1 159 152 -734.965
1 159 231 -734.965
1 159 240 -734.965
1 159 247 -734.965
1 159 248 -734.965
1 159 250 -734.965
1 159 251 -734.965
1 159 257 -734.965
1 160 133 -734.965
1 160 249 -1469.93
1 160 251 -1469.93
1 160 252 -734.965
1 160 253 -734.965
1 160 262 -734.965
1 161 144 -1469.93
1 161 251 -734.965
1 161 253 -734.965
1 162 137 -1469.93
1 162 252 -1469.93
1 162 253 -734.965
1 163 152 -734.965
1 163 190 -734.965
1 163 236 -734.965
1 164 278 -734.965
1 164 290 -734.965
1 164 299 -734.965
1 165 133 -1469.93
1 165 134 -1469.93
1 165 135 -734.965
1 165 290 -734.965
1 166 131 -734.965
1 166 132 -734.965
1 166 133 -1469.93
1 166 134 -734.965
1 166 135 -734.965
1 166 210 -734.965
1 166 254 -734.965
1 166 255 -734.965
1 167 127 -734.965
1 167 132 -1469.93
1 167 133 -1469.93
1 167 134 -2204.9
1 167 256 -734.965
1 167 288 -734.965
1 167 294 -734.965
1 168 130 -734.965
1 168 131 -734.965
1 168 132 -2939.86
1 168 133 -2939.86
1 168 286 -734.965
1 168 287 -1469.93
1 168 291 -1469.93
1 169 128 -1469.93
1 169 129 -2939.86
1 169 131 -734.965
1 169 132 -3674.83
1 169 133 -2204.9
1 169 134 -6614.69
1 169 135 -734.965
1 169 236 -734.965
1 169 260 -734.965
1 169 271 -734.965
1 169 287 -734.965
1 169 290 -734.965
1 170 133 -2204.9
1 170 134 -8819.58
1 170 136 -734.965
1 170 187 -734.965
1 170 256 -734.965
1 170 287 -734.965
1 170 292 -734.965
1 171 133 -1469.93
1 171 134 -734.965
1 171 136 -3674.83
1 171 290 -734.965
1 172 257 -734.965
1 172 284 -734.965
1 172 295 -1469.93
1 172 311 -734.965
1 173 258 -734.965
1 173 278 -734.965
1 173 290 -734.965
1 173 292 -734.965
1 173 293 -1469.93
1 173 294 -734.965
1 174 124 -734.965
1 174 253 -734.965
1 174 261 -734.965
1 174 270 -734.965
1 174 283 -734.965
1 174 289 -734.965
1 174 293 -734.965
1 175 260 -734.965
1 175 288 -734.965
1 175 292 -1469.93
1 175 293 -734.965
1 175 296 -734.965
1 175 305 -734.965
1 176 274 -734.965
1 176 305 -734.965
1 177 289 -734.965
1 177 290 -734.965
1 178 243 -734.965
1 178 280 -734.965
1 178 285 -734.965
1 178 302 -734.965
1 178 305 -734.965
1 178 306 -734.965
1 178 311 -734.965
1 179 278 -734.965
1 179 285 -734.965
1 180 149 -734.965
1 180 286 -734.965
1 181 297 -734.965
1 181 307 -734.965
1 181 308 -734.965
1 183 242 -734.965
1 183 285 -734.965
1 183 295 -734.965
1 183 308 -734.965
1 183 309 -734.965
1 183 318 -734.965
1 184 263 -734.965
1 184 285 -734.965
1 184 313 -734.965
1 184 319 -734.965
1 185 257 -734.965
1 185 305 -734.965
1 185 306 -734.965
1 185 307 -734.965
1 185 315 -734.965
1 186 255 -734.965
1 186 265 -734.965
1 186 307 -1469.93
1 186 310 -734.965
1 188 262 -734.965
1 188 294 -734.965
1 188 295 -734.965
1 189 295 -734.965
1 189 309 -734.965
1 190 307 -734.965
1 190 308 -734.965
1 190 324 -734.965
1 191 292 -1469.93
1 191 304 -734.965
1 191 305 -734.965
1 192 258 -734.965
1 192 284 -734.965
1 192 304 -734.965
1 192 316 -734.965
1 192 319 -734.965
1 193 262 -734.965
1 193 301 -734.965
1 193 311 -734.965
1 193 313 -1469.93
1 194 284 -734.965
1 194 313 -734.965
1 195 269 -734.965
1 195 287 -734.965
1 195 289 -734.965
1 195 300 -734.965
1 195 311 -734.965
1 195 313 -734.965
1 196 269 -734.965
1 196 275 -734.965
1 196 303 -734.965
1 196 324 -734.965
1 196 333 -734.965
1 197 264 -734.965
1 197 283 -734.965
1 197 300 -734.965
1 197 322 -734.965
1 197 325 -734.965
1 198 242 -734.965
1 198 276 -1469.93
1 198 309 -734.965
1 198 311 -734.965
1 199 283 -734.965
1 199 311 -734.965
1 199 324 -734.965
1 200 280 -734.965
1 200 286 -734.965
1 200 296 -734.965
1 200 299 -734.965
1 200 306 -734.965
1 200 307 -734.965
1 200 312 -734.965
1 200 343 -734.965
1 200 345 -734.965
1 201 257 -734.965
1 202 280 -734.965
1 202 287 -734.965
1 202 297 -734.965
1 202 301 -734.965
1 202 302 -734.965
1 203 215 -734.965
1 203 304 -734.965
1 203 305 -734.965
1 203 309 -734.965
1 203 315 -734.965
1 205 263 -734.965
1 205 303 -734.965
1 205 304 -734.965
1 205 317 -734.965
1 205 318 -734.965
1 205 319 -734.965
1 206 264 -734.965
1 206 270 -734.965
1 206 301 -734.965
1 206 304 -734.965
1 206 315 -734.965
1 206 317 -1469.93
1 207 262 -734.965
1 207 300 -734.965
1 207 301 -1469.93
1 207 303 -734.965
1 207 304 -734.965
1 207 306 -1469.93
1 207 315 -734.965
1 207 317 -734.965
1 208 298 -1469.93
1 208 299 -1469.93
1 208 306 -734.965
1 208 317 -734.965
1 208 328 -734.965
1 209 284 -734.965
1 209 297 -734.965
1 209 302 -734.965
1 210 284 -734.965
1 210 301 -734.965
1 210 302 -734.965
1 210 342 -734.965
1 211 301 -734.965
1 211 321 -734.965
1 212 295 -734.965
1 212 347 -734.965
1 213 226 -734.965
1 213 287 -734.965
1 213 303 -734.965
1 213 329 -734.965
1 214 319 -734.965
1 215 289 -734.965
1 215 311 -734.965
1 215 353 -734.965
1 216 323 -734.965
1 216 341 -734.965
1 217 244 -734.965
1 217 249 -734.965
1 217 351 -734.965
1 218 209 -734.965
1 218 243 -734.965
1 218 292 -734.965
1 218 345 -1469.93
1 221 240 -734.965
1 221 611 -734.965
1 222 254 -734.965
1 222 362 -734.965
1 224 338 -734.965
1 224 359 -734.965
1 225 323 -734.965
1 225 329 -734.965
1 225 332 -734.965
1 225 368 -734.965
1 225 373 -734.965
1 225 378 -734.965
1 225 382 -1469.93
1 226 323 -734.965
1 226 388 -1469.93
1 226 618 -734.965
1 227 315 -734.965
1 228 606 -734.965
1 229 385 -1469.93
1 229 392 -734.965
1 229 393 -734.965
1 229 397 -2939.86
1 229 618 -3674.83
1 230 338 -734.965
1 230 373 -1469.93
1 230 384 -734.965
1 230 392 -1469.93
1 230 393 -2939.86
1 230 396 -734.965
1 230 605 -734.965
1 231 343 -734.965
1 231 383 -734.965
1 231 392 -3674.83
1 231 393 -8084.62
1 231 398 -734.965
1 231 603 -734.965
1 231 607 -1469.93
1 232 259 -734.965
1 232 300 -734.965
1 232 384 -734.965
1 232 389 -734.965
1 232 393 -4409.79
1 232 394 -2939.86
1 232 405 -734.965
1 232 604 -1469.93
1 232 606 -1469.93
1 232 607 -2204.9
1 232 608 -734.965
1 233 373 -734.965
1 233 393 -734.965
1 233 403 -734.965
1 233 406 -2939.86
1 233 601 -1469.93
1 233 602 -734.965
1 234 374 -734.965
1 234 388 -734.965
1 234 389 -734.965
1 234 406 -2204.9
1 234 407 -1469.93
1 234 601 -734.965
1 234 602 -1469.93
1 234 603 -2204.9
1 234 604 -734.965
1 234 605 -1469.93
1 234 606 -734.965
1 234 609 -734.965
1 234 620 -734.965
1 234 621 -734.965
1 235 342 -734.965
1 235 368 -734.965
1 235 389 -734.965
1 235 392 -734.965
1 235 404 -734.965
1 235 406 -734.965
1 235 599 -734.965
1 235 600 -1469.93
1 235 602 -2204.9
1 235 603 -734.965
1 235 606 -734.965
1 235 608 -734.965
1 236 256 -734.965
1 236 359 -734.965
1 236 377 -1469.93
1 236 378 -734.965
1 236 389 -1469.93
1 236 600 -734.965
1 236 601 -734.965
1 236 602 -1469.93
1 236 605 -734.965
1 236 606 -734.965
1 236 607 -734.965
1 236 620 -734.965
1 237 330 -734.965
1 237 377 -734.965
1 237 384 -734.965
1 237 388 -734.965
1 237 605 -1469.93
1 237 606 -2204.9
1 237 607 -1469.93
1 237 608 -3674.83
1 237 609 -2204.9
1 237 620 -734.965
1 238 346 -734.965
1 238 391 -734.965
1 238 410 -734.965
1 238 602 -734.965
1 238 603 -734.965
1 238 606 -3674.83
1 238 607 -4409.79
1 238 608 -2939.86
1 238 610 -734.965
1 239 297 -734.965
1 239 323 -734.965
1 239 404 -734.965
1 239 601 -734.965
1 239 603 -734.965
1 239 607 -1469.93
1 239 608 -2939.86
1 239 609 -2204.9
1 239 610 -1469.93
1 239 615 -1469.93
1 240 267 -734.965
1 240 319 -734.965
1 240 327 -734.965
1 240 352 -734.965
1 240 374 -1469.93
1 240 392 -1469.93
1 240 396 -734.965
1 240 406 -734.965
1 240 603 -734.965
1 240 605 -2204.9
1 240 606 -2939.86
1 240 607 -1469.93
1 240 620 -1469.93
1 240 621 -734.965
1 241 339 -734.965
1 241 352 -734.965
1 241 370 -1469.93
1 241 375 -734.965
1 241 409 -734.965
1 241 577 -734.965
1 241 603 -1469.93
1 241 605 -2204.9
1 241 606 -1469.93
1 241 607 -1469.93
1 241 608 -1469.93
1 241 609 -3674.83
1 241 610 -734.965
1 241 611 -734.965
1 241 620 -734.965
1 241 621 -734.965
1 242 314 -734.965
1 242 318 -734.965
1 242 336 -734.965
1 242 338 -734.965
1 242 339 -734.965
1 242 373 -2204.9
1 242 374 -4409.79
1 242 406 -1469.93
1 242 603 -1469.93
1 242 604 -5144.76
1 242 605 -6614.69
1 242 606 -2204.9
1 242 607 -3674.83
1 242 608 -3674.83
1 242 609 -2204.9
1 242 610 -2204.9
1 242 616 -734.965
1 242 622 -734.965
1 242 623 -2204.9
1 243 366 -734.965
1 243 369 -734.965
1 243 372 -1469.93
1 243 373 -5879.72
1 243 374 -2204.9
1 243 386 -734.965
1 243 391 -734.965
1 243 405 -734.965
1 243 406 -734.965
1 243 407 -1469.93
1 243 409 -734.965
1 243 577 -734.965
1 243 606 -5144.76
1 243 607 -3674.83
1 243 608 -1469.93
1 243 609 -4409.79
1 243 620 -734.965
1 243 622 -1469.93
1 243 623 -5879.72
1 244 371 -734.965
1 244 372 -1469.93
1 244 373 -2204.9
1 244 415 -734.965
1 244 598 -734.965
1 244 606 -2939.86
1 244 607 -734.965
1 244 611 -734.965
1 244 616 -734.965
1 244 622 -734.965
1 244 623 -2939.86
1 244 624 -734.965
1 245 312 -734.965
1 245 315 -734.965
1 245 326 -734.965
1 245 335 -734.965
1 245 338 -734.965
1 245 356 -1469.93
1 245 371 -734.965
1 245 413 -734.965
1 245 586 -734.965
1 245 604 -734.965
1 245 605 -2204.9
1 245 606 -3674.83
1 245 607 -2939.86
1 245 609 -3674.83
1 245 610 -1469.93
1 245 612 -1469.93
1 245 616 -1469.93
1 245 619 -734.965
1 245 620 -1469.93
1 245 622 -734.965
1 246 214 -734.965
1 246 342 -734.965
1 246 356 -734.965
1 246 357 -734.965
1 246 374 -734.965
1 246 413 -734.965
1 246 590 -734.965
1 246 599 -734.965
1 246 600 -4409.79
1 246 605 -2939.86
1 246 606 -5144.76
1 246 607 -2939.86
1 246 610 -734.965
1 246 612 -1469.93
1 246 614 -734.965
1 246 615 -734.965
1 246 623 -734.965
1 247 314 -734.965
1 247 331 -734.965
1 247 367 -1469.93
1 247 368 -3674.83
1 247 387 -1469.93
1 247 413 -734.965
1 247 578 -734.965
1 247 597 -734.965
1 247 598 -5144.76
1 247 599 -4409.79
1 247 600 -7349.65
1 247 601 -7349.65
1 247 605 -1469.93
1 247 609 -1469.93
1 247 610 -1469.93
1 247 611 -2939.86
1 247 612 -2939.86
1 247 613 -1469.93
1 247 618 -1469.93
1 247 619 -734.965
1 247 623 -734.965
1 248 307 -734.965
1 248 367 -734.965
1 248 368 -2939.86
1 248 371 -1469.93
1 248 372 -3674.83
1 248 387 -1469.93
1 248 388 -4409.79
1 248 413 -734.965
1 248 416 -734.965
1 248 529 -734.965
1 248 567 -734.965
1 248 596 -5144.76
1 248 597 -3674.83
1 248 598 -7349.65
1 248 599 -4409.79
1 248 600 -2939.86
1 248 601 -4409.79
1 248 602 -2204.9
1 248 605 -734.965
1 248 608 -734.965
1 248 609 -1469.93
1 248 610 -2204.9
1 248 611 -4409.79
1 248 612 -4409.79
1 248 613 -5144.76
1 248 618 -734.965
1 248 619 -734.965
1 248 620 -734.965
1 248 623 -1469.93
1 249 333 -734.965
1 249 334 -734.965
1 249 365 -1469.93
1 249 366 -2204.9
1 249 367 -734.965
1 249 368 -2204.9
1 249 371 -734.965
1 249 387 -734.965
1 249 388 -734.965
1 249 400 -734.965
1 249 412 -734.965
1 249 567 -734.965
1 249 593 -1469.93
1 249 595 -4409.79
1 249 596 -5144.76
1 249 597 -8084.62
1 249 603 -2204.9
1 249 604 -5879.72
1 249 605 -3674.83
1 249 607 -2939.86
1 249 609 -734.965
1 249 610 -1469.93
1 249 611 -3674.83
1 249 612 -6614.69
1 249 613 -1469.93
1 249 618 -734.965
1 249 623 -734.965
1 250 331 -734.965
1 250 355 -734.965
1 250 365 -1469.93
1 250 366 -3674.83
1 250 367 -2204.9
1 250 368 -734.965
1 250 369 -1469.93
1 250 370 -1469.93
1 250 371 -4409.79
1 250 382 -734.965
1 250 406 -734.965
1 250 413 -734.965
1 250 414 -734.965
1 250 423 -734.965
1 250 436 -734.965
1 250 568 -734.965
1 250 579 -734.965
1 250 591 -734.965
1 250 594 -734.965
1 250 596 -5879.72
1 250 597 -1469.93
1 250 602 -734.965
1 250 603 -5144.76
1 250 604 -4409.79
1 250 605 -2939.86
1 250 607 -734.965
1 250 608 -2204.9
1 250 609 -734.965
1 250 610 -734.965
1 250 613 -734.965
1 251 276 -734.965
1 251 322 -734.965
1 251 365 -2204.9
1 251 366 -6614.69
1 251 367 -1469.93
1 251 368 -1469.93
1 251 371 -734.965
1 251 379 -734.965
1 251 407 -734.965
1 251 414 -734.965
1 251 424 -734.965
1 251 598 -734.965
1 251 604 -734.965
1 251 605 -734.965
1 251 607 -734.965
1 251 610 -734.965
1 252 236 -734.965
1 252 365 -2204.9
1 252 366 -5144.76
1 252 367 -5144.76
1 252 368 -1469.93
1 252 376 -734.965
1 252 412 -734.965
1 252 416 -734.965
1 252 428 -734.965
1 252 506 -734.965
1 252 507 -734.965
1 252 528 -734.965
1 252 534 -734.965
1 252 544 -734.965
1 252 576 -734.965
1 252 591 -1469.93
1 252 596 -1469.93
1 252 597 -1469.93
1 252 598 -734.965
1 252 599 -1469.93
1 252 608 -1469.93
1 252 609 -734.965
1 252 611 -734.965
1 252 620 -734.965
1 253 259 -734.965
1 253 342 -734.965
1 253 363 -734.965
1 253 365 -1469.93
1 253 366 -4409.79
1 253 367 -2939.86
1 253 370 -734.965
1 253 375 -1469.93
1 253 404 -734.965
1 253 433 -1469.93
1 253 506 -734.965
1 253 543 -734.965
1 253 546 -734.965
1 253 547 -734.965
1 253 566 -734.965
1 253 586 -1469.93
1 253 596 -734.965
1 253 597 -2939.86
1 253 601 -734.965
1 253 604 -734.965
1 253 605 -734.965
1 253 614 -2204.9
1 254 366 -1469.93
1 254 478 -734.965
1 254 581 -734.965
1 254 584 -734.965
1 254 585 -4409.79
1 254 586 -3674.83
1 254 587 -2204.9
1 254 588 -2204.9
1 254 589 -2939.86
1 254 598 -734.965
1 254 599 -734.965
1 254 601 -1469.93
1 254 604 -1469.93
1 254 605 -734.965
1 254 606 -734.965
1 254 611 -734.965
1 255 341 -734.965
1 255 346 -734.965
1 255 371 -734.965
1 255 402 -734.965
1 255 442 -734.965
1 255 445 -734.965
1 255 461 -734.965
1 255 479 -734.965
1 255 512 -734.965
1 255 513 -734.965
1 255 526 -734.965
1 255 547 -734.965
1 255 548 -734.965
1 255 565 -734.965
1 255 583 -2204.9
1 255 584 -2939.86
1 255 585 -2939.86
1 255 586 -2939.86
1 255 587 -1469.93
1 255 588 -734.965
1 255 591 -734.965
1 255 594 -734.965
1 255 597 -734.965
1 255 600 -1469.93
1 255 607 -734.965
1 256 346 -734.965
1 256 350 -734.965
1 256 367 -734.965
1 256 373 -734.965
1 256 374 -734.965
1 256 491 -734.965
1 256 526 -734.965
1 256 531 -2204.9
1 256 532 -734.965
1 256 547 -734.965
1 256 548 -1469.93
1 256 549 -734.965
1 256 575 -734.965
1 256 578 -1469.93
1 256 580 -734.965
1 256 584 -2204.9
1 256 585 -1469.93
1 256 592 -1469.93
1 256 594 -5144.76
1 256 595 -2939.86
1 256 607 -2939.86
1 256 608 -1469.93
1 256 609 -734.965
1 257 330 -734.965
1 257 461 -734.965
1 257 497 -734.965
1 257 503 -734.965
1 257 506 -734.965
1 257 512 -734.965
1 257 527 -2204.9
1 257 529 -734.965
1 257 532 -734.965
1 257 549 -734.965
1 257 574 -734.965
1 257 575 -2204.9
1 257 584 -2204.9
1 257 585 -2204.9
1 257 593 -1469.93
1 257 594 -5879.72
1 257 595 -2939.86
1 257 597 -1469.93
1 257 606 -5144.76
1 257 607 -734.965
1 258 307 -734.965
1 258 330 -734.965
1 258 366 -734.965
1 258 485 -1469.93
1 258 489 -1469.93
1 258 491 -734.965
1 258 493 -734.965
1 258 494 -734.965
1 258 496 -734.965
1 258 497 -734.965
1 258 498 -2204.9
1 258 499 -1469.93
1 258 502 -734.965
1 258 503 -734.965
1 258 529 -1469.93
1 258 531 -734.965
1 258 532 -734.965
1 258 533 -1469.93
1 258 535 -734.965
1 258 546 -734.965
1 258 550 -734.965
1 258 556 -1469.93
1 258 564 -734.965
1 258 576 -734.965
1 258 583 -734.965
1 258 584 -2204.9
1 258 586 -2204.9
1 258 594 -2204.9
1 258 606 -3674.83
1 258 607 -734.965
1 259 346 -734.965
1 259 369 -1469.93
1 259 402 -734.965
1 259 444 -734.965
1 259 456 -734.965
1 259 485 -734.965
1 259 486 -734.965
1 259 488 -734.965
1 259 489 -734.965
1 259 490 -1469.93
1 259 509 -1469.93
1 259 510 -734.965
1 259 522 -734.965
1 259 528 -734.965
1 259 529 -734.965
1 259 531 -734.965
1 259 532 -734.965
1 259 545 -734.965
1 259 549 -734.965
1 259 554 -1469.93
1 259 555 -1469.93
1 259 556 -2204.9
1 259 557 -2204.9
1 259 575 -2939.86
1 259 576 -734.965
1 259 579 -734.965
1 259 584 -734.965
1 259 585 -2939.86
1 259 586 -1469.93
1 260 369 -1469.93
1 260 404 -1469.93
1 260 443 -734.965
1 260 454 -734.965
1 260 485 -734.965
1 260 486 -1469.93
1 260 487 -734.965
1 260 492 -734.965
1 260 499 -734.965
1 260 502 -1469.93
1 260 517 -734.965
1 260 527 -734.965
1 260 545 -2204.9
1 260 548 -734.965
1 260 554 -734.965
1 260 556 -734.965
1 260 567 -734.965
1 260 576 -734.965
1 260 577 -734.965
1 261 397 -734.965
1 261 404 -734.965
1 261 444 -734.965
1 261 483 -734.965
1 261 487 -734.965
1 261 501 -734.965
1 261 502 -734.965
1 261 545 -734.965
1 261 551 -734.965
1 261 552 -734.965
1 261 565 -734.965
1 262 254 -734.965
1 262 353 -1469.93
1 262 369 -734.965
1 262 425 -734.965
1 262 443 -734.965
1 262 458 -734.965
1 262 483 -1469.93
1 262 493 -734.965
1 262 501 -734.965
1 262 502 -734.965
1 262 523 -734.965
1 262 524 -734.965
1 262 535 -734.965
1 262 536 -734.965
1 262 537 -734.965
1 262 542 -734.965
1 262 546 -734.965
1 262 584 -734.965
1 262 587 -734.965
1 263 355 -734.965
1 263 415 -734.965
1 263 484 -734.965
1 263 493 -734.965
1 263 509 -734.965
1 263 522 -734.965
1 263 523 -1469.93
1 263 524 -1469.93
1 263 541 -1469.93
1 263 542 -734.965
1 263 543 -734.965
1 263 546 -1469.93
1 263 576 -734.965
1 263 579 -734.965
1 263 581 -2939.86
1 264 369 -734.965
1 264 379 -734.965
1 264 481 -734.965
1 264 482 -734.965
1 264 493 -734.965
1 264 503 -734.965
1 264 504 -734.965
1 264 516 -734.965
1 264 521 -2204.9
1 264 527 -734.965
1 264 543 -2939.86
1 264 568 -734.965
1 264 575 -734.965
1 264 576 -1469.93
1 265 336 -734.965
1 265 367 -1469.93
1 265 457 -734.965
1 265 459 -734.965
1 265 511 -734.965
1 265 516 -734.965
1 265 520 -734.965
1 265 524 -734.965
1 265 568 -1469.93
1 266 314 -734.965
1 266 413 -734.965
1 266 456 -734.965
1 266 478 -734.965
1 266 481 -734.965
1 266 483 -734.965
1 266 484 -734.965
1 266 485 -734.965
1 266 492 -734.965
1 266 498 -734.965
1 266 505 -734.965
1 266 518 -734.965
1 266 523 -734.965
1 266 543 -734.965
1 266 545 -734.965
1 266 549 -734.965
1 266 555 -734.965
1 267 337 -734.965
1 267 365 -734.965
1 267 381 -734.965
1 267 459 -734.965
1 267 460 -1469.93
1 267 505 -734.965
1 267 507 -734.965
1 267 543 -734.965
1 267 544 -1469.93
1 267 549 -734.965
1 267 553 -2204.9
1 267 562 -734.965
1 268 507 -1469.93
1 268 540 -734.965
1 268 541 -734.965
1 268 542 -1469.93
1 268 543 -2939.86
1 268 544 -1469.93
1 268 549 -734.965
1 268 551 -734.965
1 268 552 -734.965
1 268 553 -734.965
1 269 362 -734.965
1 269 505 -1469.93
1 269 507 -734.965
1 269 528 -734.965
1 269 543 -734.965
1 269 547 -1469.93
1 270 474 -734.965
1 270 475 -1469.93
1 270 479 -734.965
1 270 491 -734.965
1 270 504 -734.965
1 270 507 -734.965
1 270 526 -734.965
1 271 375 -734.965
1 271 388 -734.965
1 271 479 -734.965
1 271 481 -734.965
1 271 487 -734.965
1 271 491 -734.965
1 271 526 -734.965
1 272 469 -734.965
1 272 493 -734.965
1 272 495 -1469.93
1 272 496 -734.965
1 272 502 -734.965
1 272 526 -2204.9
1 273 441 -734.965
1 273 462 -734.965
1 273 526 -734.965
1 275 463 -734.965
1 275 480 -734.965
1 275 502 -734.965
1 275 504 -734.965
1 276 502 -734.965
1 277 393 -734.965
1 279 459 -734.965
1 280 563 -734.965
1 282 434 -734.965
1 282 435 -734.965
1 283 461 -734.965
1 283 482 -734.965
1 283 483 -734.965
1 285 437 -734.965
1 285 482 -734.965
1 285 483 -734.965
1 286 377 -734.965
1 286 464 -734.965
1 288 469 -734.965
1 289 362 -734.965
1 289 443 -734.965
1 292 358 -734.965
1 293 390 -2204.9
1 293 391 -734.965
1 296 390 -734.965
1 301 359 -734.965
1 301 378 -734.965
1 85 106 -734.965
1 92 112 -1469.93
1 93 117 -734.965
1 97 89 -734.965
1 98 101 -734.965
1 99 126 -734.965
1 99 136 -734.965
1 147 119 -983.61
1 148 187 -5901.68
1 150 114 -11943.9
1 153 113 -6744.77
1 167 186 -4496.52
1 168 169 -25292.9
1 197 280 -7587.87
1 199 225 -9274.06
1 210 300 -1826.71
1 211 298 -5901.68
1 234 285 -5339.61
1 244 234 -7025.81
1 267 479 -1264.65
1 271 361 -3321.59
1 272 454 -33.71
1 285 433 -562.06
1 291 453 -11328.4
1 299 360 -8009.42
1 109 116 -11381.8
1 131 118 -562.06
1 132 183 -1264.65
1 137 123 -5199.1
1 140 173 -4074.97
1 141 124 -3793.94
1 142 121 -4356.0
1 152 130 -2107.74
1 155 192 -5901.68
1 157 117 -1264.65
1 158 205 -2388.77
1 164 258 -9414.58
1 169 164 -47775.5
1 172 162 -19812.8
1 172 163 -55222.8
1 172 164 -9274.06
1 173 196 -140.52
1 195 280 -12224.9
1 202 295 -11241.3
1 203 296 -8712.0
1 226 358 -2960.61
1 247 335 -6744.77
1 256 333 -9274.06
1 262 350 -281.03
1 265 349 -9133.55
1 267 346 -6885.29
1 269 347 -562.06
1 271 470 -562.06
1 274 431 -2800650.0
1 280 367 -5199.1
1 285 357 -11943.9
1 289 374 -3512.9
1 292 370 -12787.0
1 293 378 -5199.1
1 143 152 -5058.58
1 143 154 -4356.0
1 144 130 -3372.39
1 151 143 -5480.13
1 153 212 -3934.45
1 154 128 -140.52
1 161 161 -1545.68
1 162 171 -281.03
1 164 159 -26979.1
1 167 163 -5339.61
1 170 217 -8993.03
1 176 128 -3512.9
1 188 287 -1967.23
1 189 206 -8993.03
1 201 279 -12646.5
1 221 294 -12505.9
1 221 361 -281.03
1 222 252 -2107.74
1 222 266 -9836.13
1 224 273 -11803.3
1 225 248 -8430.97
1 226 361 -7587.87
1 234 319 -15175.7
1 235 317 -22342.1
1 237 292 -26489.5
1 245 243 -35129.0
1 248 238 -6604.26
1 248 331 -5480.13
1 256 342 -3231.87
1 259 347 -3512.9
1 266 345 -8993.03
1 271 268 -40187.6
1 274 278 -12505.9
1 289 355 -983.61
1 295 392 -1967.23
1 296 391 -4637.03
1 296 393 -4496.52
1 141 116 -4918.06
1 143 114 -4637.03
1 145 114 -3372.39
1 147 171 -2529.29
1 149 124 -562.06
1 150 172 -6604.26
1 150 186 -6042.19
1 151 189 -6323.23
1 151 211 -4777.55
1 152 180 -14613.7
1 153 188 -5901.68
1 154 113 -140.52
1 158 173 -421.55
1 164 124 -983.61
1 170 115 -1124.13
1 171 125 -140.52
1 176 222 -2669.81
1 184 210 -10960.3
1 188 207 -7728.39
1 189 288 -2950.84
1 193 280 -18548.1
1 206 280 -5199.1
1 210 249 -8852.52
1 211 263 -11943.9
1 211 296 -3091.35
1 219 272 -4074.97
1 221 302 -421.55
1 221 317 -24449.8
1 224 287 -7447.35
1 227 344 -8430.97
1 228 354 -6463.74
1 230 352 -10398.2
1 231 270 -7447.35
1 231 347 -1545.68
1 235 295 -8149.94
1 236 342 -7728.39
1 236 344 -2669.81
1 240 330 -10117.2
1 240 337 -6744.77
1 240 357 -3091.35
1 244 333 -4044.08
1 246 332 -8009.42
1 246 337 -5058.58
1 251 334 -10117.2
1 258 343 -421.55
1 258 345 -3091.35
1 260 345 -2810.32
1 261 340 -4777.55
1 261 351 -2388.77
1 262 286 -2248.26
1 262 361 -12365.4
1 263 344 -4918.06
1 263 350 -3372.39
1 265 517 -281.03
1 267 321 -8852.52
1 269 365 -3231.87
1 271 355 -4496.52
1 275 399 -220.68
1 278 502 -2529.29
1 281 331 -2107.74
1 284 333 -1545.68
1 289 371 -3091.35
1 290 371 -4637.03
1 291 365 -1686.19
1 296 358 -20796.4
1 297 356 -4918.06
1 297 391 -6885.29
1 299 347 -1405.16
1 125 93 -2107.74
1 142 169 -421.55
1 146 146 -5199.1
1 152 213 -2529.29
1 166 203 -983.61
1 183 232 -25152.4
1 192 232 -22904.1
1 193 235 -25433.4
1 211 195 -1405.16
1 215 261 -5339.61
1 221 339 -5480.13
1 223 263 -5901.68
1 226 354 -4777.55
1 230 358 -2248.26
1 232 274 -7447.35
1 232 347 -1686.19
1 233 341 -4356.0
1 242 618 -140.52
1 248 344 -4777.55
1 263 345 -14754.2
1 263 570 -140.52
1 264 348 -983.61
1 286 302 -1967.23
1 292 360 -1967.23
1 293 357 -11662.8
1 295 362 -4777.55
1 297 439 -188150.0
1 134 124 -8852.52
1 134 126 -3091.35
1 137 128 -6885.29
1 145 166 -843.1
1 150 127 -843.1
1 152 118 -6323.23
1 153 123 -4918.06
1 155 125 -10117.2
1 156 124 -11803.3
1 158 138 -1124.13
1 160 139 -7868.9
1 181 126 -76862.3
1 185 168 -15175.7
1 189 126 -12787.0
1 224 257 -8993.03
1 230 223 -7587.87
1 260 337 -281.03
1 137 168 -843.1
1 149 213 -6463.74
1 189 195 -26276.5
1 192 197 -25152.4
1 202 228 -2248.26
1 210 253 -11241.3
1 217 236 -10538.7
1 245 324 -281.03
1 186 159 -2388.77
1 188 160 -5620.65
1 291 354 -2810.32
1 145 131 -3934.45
1 153 116 -1826.71
1 158 114 -8149.94
1 160 170 -12084.4
1 187 160 -3934.45
1 188 197 -140.52
1 188 204 -3653.42
1 206 169 -562.06
1 208 226 -7868.9
1 211 266 -32729.4
1 213 265 -140.52
1 213 276 -39480.7
1 214 274 -34515.9
1 220 278 -76900.4
1 223 372 -16580.9
1 232 398 -281.03
1 233 375 -421.55
1 236 317 -2107.74
1 239 385 -23.46
1 239 406 -122.52
1 239 416 -4.78
1 241 238 -6744.77
1 244 244 -2810.32
1 245 408 -4074.97
1 246 320 -1264.65
1 248 454 -140.52
1 259 351 -3250.98
1 265 360 -2197.68
1 267 407 -140.52
1 267 449 -1686.19
1 268 351 -18407.6
1 269 360 -7908.72
1 273 340 -140.52
1 273 367 -2529.29
1 274 327 -3372.39
1 274 432 -9414.58
1 275 465 -283.88
1 290 322 -10257.7
1 292 458 -29043.2
1 294 354 -5921.22
1 296 371 -26276.5
1 297 377 -7306.84
1 147 183 -1264.65
1 156 122 -8149.94
1 268 484 -140.52
1 257 342 -2248.26
1 268 354 -140.52
1 201 251 -13770.6
1 251 286 -1405.16
1 259 336 -140.52
1 261 570 -140.52
1 265 488 -421.55
1 136 173 -562.06
1 144 189 -1545.68
1 154 112 -7868.9
1 154 122 -5339.61
1 161 179 -8149.94
1 164 169 -1826.71
1 167 247 -2388.77
1 183 124 -67307.2
1 186 123 -40609.2
1 186 125 -281.03
1 186 209 -4777.55
1 204 300 -28.35
1 215 269 -24590.3
1 218 239 -12070.2
1 225 242 -3934.45
1 226 375 -15422.1
1 235 420 -8009.42
1 238 302 -3793.94
1 242 355 -85.52
1 245 406 -1124.13
1 247 591 -843.1
1 248 590 -140.52
1 248 593 -1124.13
1 251 614 -1025.85
1 255 333 -8448.96
1 256 443 -250.51
1 258 339 -460.94
1 258 416 -184.02
1 259 414 -562.06
1 266 470 -1561.61
1 267 554 -281.03
1 270 476 -1545.68
1 273 523 -24871.3
1 274 506 -1264.65
1 275 479 -8571.48
1 278 446 -1264.65
1 280 458 -767.37
1 291 374 -2107.74
1 293 458 -10538.7
1 297 388 -1001.71
1 298 384 -70.6
1 298 391 -983.61
1 221 300 -562.06
1 134 167 -140.52
1 153 134 -1264.65
1 156 121 -140.52
1 158 122 -140.52
1 159 157 -11803.3
1 160 117 -1686.19
1 176 181 -281.03
1 184 305 -1.37
1 197 298 -13.66
1 211 290 -2388.77
1 221 351 -140.52
1 225 289 -7447.35
1 226 330 -48775.3
1 228 243 -5058.58
1 237 406 -118.77
1 239 392 -843.1
1 241 343 -8571.48
1 244 430 -702.58
1 247 342 -32.34
1 253 427 -2503.65
1 253 443 -116.03
1 254 398 -3.19
1 254 442 -12.3
1 254 444 -9.34
1 254 445 -348.44
1 256 445 -1127.54
1 257 344 -33.59
1 257 387 -37658.3
1 259 345 -1124.13
1 261 322 -20.27
1 261 346 -120.02
1 261 369 -479.29
1 262 322 -65.7
1 262 555 -140.52
1 263 448 -140.52
1 265 559 -833.41
1 267 388 -5339.61
1 270 319 -5637.16
1 271 364 -2529.29
1 271 471 -140.52
1 271 489 -1252.57
1 272 371 -281.03
1 273 520 -15035.2
1 273 522 -281.03
1 274 474 -140.52
1 275 371 -843.1
1 275 449 -9414.58
1 277 386 -702.58
1 289 321 -90492.4
1 295 375 -983.61
1 296 415 -2107.74
1 262 394 -361758.0
