1 62 1 3798.3
1 61 2 3770.7
1 60 3 3749.7
1 59 4 3733.5
1 58 5 3721.5
1 57 6 3713.4
1 56 7 3709.2
1 55 8 3709.0
1 54 9 3713.4
1 53 10 3722.5
1 52 11 3736.7
1 51 12 3755.5
1 49 13 3767.8
1 50 13 3777.1
1 48 14 3789.3
1 47 15 3784.5
1 46 16 3776.7
1 45 17 3766.9
1 45 18 3767.6
1 45 19 3768.3
1 44 20 3756.4
1 44 21 3756.2
1 44 22 3755.5
1 44 23 3754.2
1 44 24 3752.2
1 44 25 3749.4
1 44 26 3745.6
1 44 27 3740.7
1 44 28 3734.5
1 44 29 3727.0
1 44 30 3717.9
1 44 31 3707.0
1 44 32 3694.2
1 44 33 3679.1
1 44 34 3661.5
1 44 35 3641.1
1 44 36 3617.4
1 44 37 3589.8
1 44 38 3557.8
1 44 39 3520.3
1 44 40 3476.1
1 44 41 3422.8
1 43 42 3304.0
1 43 43 3265.0
1 43 44 3203.3
1 42 45 3052.1
1 42 46 2997.6
1 40 47 2765.7
1 41 47 2812.0
1 40 48 2729.6
1 40 49 2663.5
1 40 50 2567.6
1 35 78 4859.7
1 35 79 4888.1
1 34 80 4945.1
1 33 81 5025.5
1 32 82 5089.1
1 31 83 5102.5
1 30 84 5114.2
1 29 85 5123.1
1 28 86 5145.4
1 27 87 5164.2
1 26 88 5190.3
1 25 89 5217.8
1 25 90 5254.2
1 24 91 5241.3
1 24 92 5256.5
1 24 93 5293.6
1 24 94 5330.6
1 23 95 5345.7
1 23 96 5386.0
1 23 97 5422.3
1 22 98 5430.3
1 22 99 5471.4
1 22 100 5508.4
1 22 101 5545.7
1 21 102 5566.0
1 21 103 5611.1
1 20 104 5633.2
1 20 105 5675.7
1 19 106 5707.7
1 19 107 5752.1
1 18 108 5788.7
1 18 109 5828.5
1 17 110 5747.7
1 17 111 5758.8
1 17 112 5868.1
1 65 109 6030.5
1 66 109 6027.0
1 67 109 5976.4
1 68 109 5941.6
1 69 109 5951.1
1 62 110 5964.5
1 63 110 6002.2
1 64 110 6023.1
1 70 110 6040.0
1 60 111 5859.4
1 61 111 5880.9
1 71 111 6106.0
1 37 112 5647.1
1 38 112 5707.3
1 39 112 5768.9
1 40 112 5814.4
1 41 112 5851.4
1 42 112 5873.4
1 43 112 5884.6
1 44 112 5893.7
1 45 112 5900.9
1 46 112 5910.4
1 47 112 5919.3
1 48 112 5936.9
1 55 112 5739.6
1 56 112 5761.3
1 57 112 5778.4
1 58 112 5795.2
1 59 112 5810.1
1 72 112 6143.0
1 16 113 5956.8
1 33 113 5631.7
1 34 113 5615.1
1 35 113 5599.2
1 36 113 5578.7
1 49 113 5930.6
1 50 113 5908.4
1 51 113 5855.3
1 52 113 5800.7
1 53 113 5744.1
1 54 113 5707.4
1 73 113 6175.3
1 16 114 6015.9
1 29 114 5721.3
1 30 114 5696.1
1 31 114 5668.3
1 32 114 5633.3
1 74 114 6198.4
1 75 114 6202.5
1 16 115 6072.6
1 25 115 5833.0
1 26 115 5810.2
1 27 115 5781.0
1 28 115 5741.0
1 76 115 6234.3
1 16 116 6127.9
1 21 116 5975.7
1 22 116 5990.6
1 23 116 5903.4
1 24 116 5863.2
1 77 116 6249.5
1 78 116 6247.6
1 79 116 6260.2
1 16 117 6182.1
1 20 117 6023.7
1 80 117 6281.1
1 81 117 6279.2
1 82 117 6258.6
1 83 117 6231.1
1 84 117 6202.0
1 16 118 6219.5
1 17 118 6185.7
1 18 118 6138.6
1 19 118 6085.1
1 85 118 6131.5
1 85 119 6089.7
1 86 120 6072.5
1 86 121 6095.2
1 86 122 6120.0
1 86 123 6137.3
1 86 124 6149.7
1 86 125 6159.3
1 86 126 6166.4
1 86 127 6170.1
1 86 128 6170.7
1 86 129 6169.0
1 86 130 6166.3
1 86 131 6162.1
1 86 132 6155.2
1 86 133 6146.5
1 86 134 6134.7
1 86 135 6118.8
1 86 136 6099.7
1 85 137 6050.6
1 85 138 6037.7
1 84 139 6032.8
1 83 140 6073.8
1 82 141 6157.7
1 82 142 6174.0
1 81 143 6226.7
1 80 144 6287.2
1 79 145 6356.2
1 78 146 6419.8
1 77 147 6487.1
1 76 148 6559.0
1 75 149 6636.4
1 75 150 6700.7
1 75 151 6761.3
1 75 152 6821.9
1 75 153 6868.8
1 76 154 6862.0
1 77 154 6849.2
1 78 154 6839.0
1 79 155 6827.7
1 80 155 6815.1
1 81 156 6797.5
1 82 157 6771.0
1 82 158 6748.6
1 83 158 6734.5
1 84 159 6704.6
1 84 160 6676.8
1 84 161 6652.4
1 84 162 6628.5
1 85 163 6603.4
1 86 164 6574.0
1 87 165 6537.0
1 88 166 6502.2
1 89 167 6468.6
1 90 168 6387.2
1 90 169 6337.2
1 91 170 6269.8
1 92 171 6198.4
1 93 172 6167.7
1 94 173 6141.2
1 94 174 6138.8
1 95 175 6123.4
1 95 176 6109.0
1 95 177 6113.7
1 95 178 6120.7
1 95 179 6126.0
1 96 180 5954.7
1 97 181 5971.7
1 98 182 5989.2
1 99 183 6006.7
1 100 184 6022.5
1 101 185 6037.9
1 102 185 6046.3
1 103 185 6061.9
1 104 186 6096.3
1 105 186 6097.4
1 106 187 6100.6
1 107 188 6096.4
1 108 189 5914.1
1 108 190 5916.1
1 108 191 5917.1
1 108 192 5916.7
1 108 193 5912.5
1 107 194 5707.4
1 107 195 5703.4
1 107 196 5695.6
1 107 197 5685.3
1 107 198 5673.3
1 106 199 5634.9
1 106 200 5622.0
1 105 201 5576.1
1 105 202 5562.9
1 104 203 5522.4
1 104 204 5513.7
1 104 205 5498.7
1 104 206 5477.3
1 104 207 5444.2
1 98 208 5460.6
1 99 208 5470.7
1 100 208 5483.1
1 101 208 5496.0
1 102 208 5513.7
1 103 208 5542.4
1 97 209 5451.3
1 97 210 5450.1
1 97 211 5446.0
1 97 212 5440.7
1 96 213 5424.1
1 95 214 5416.7
1 95 215 5415.4
1 94 216 5408.0
1 94 217 5407.1
1 94 218 5406.4
1 95 219 5410.6
1 96 220 5414.1
1 97 221 5418.0
1 97 222 5416.9
1 98 223 5420.2
1 98 224 5418.8
1 99 225 5422.9
1 99 226 5421.0
1 100 227 5242.1
1 128 227 5398.5
1 129 227 5461.6
1 101 228 5248.0
1 107 228 5142.9
1 108 228 5167.8
1 109 228 5196.4
1 110 228 5228.4
1 111 228 5263.1
1 125 228 5283.4
1 126 228 5309.8
1 127 228 5318.0
1 130 228 5187.6
1 131 228 5194.1
1 132 228 5188.2
1 133 228 5189.3
1 134 228 5195.5
1 135 228 5209.9
1 136 228 5226.9
1 137 228 5240.2
1 138 228 5267.0
1 102 229 5252.8
1 106 229 5280.7
1 112 229 5117.3
1 118 229 5143.6
1 119 229 5162.0
1 120 229 5177.9
1 121 229 5192.0
1 122 229 5203.3
1 123 229 5212.7
1 124 229 5215.2
1 139 229 5340.3
1 103 230 5256.3
1 104 230 5258.9
1 105 230 5261.9
1 113 230 5133.9
1 114 230 5125.4
1 115 230 5121.1
1 116 230 5118.6
1 117 230 5110.7
1 140 230 5307.1
1 139 231 5374.7
1 137 232 5411.3
1 138 232 5410.6
1 136 233 5414.6
1 135 234 5407.4
1 133 235 5374.7
1 134 235 5388.0
1 132 236 5357.8
1 130 237 5314.5
1 131 237 5329.7
1 129 238 5303.3
1 128 239 5287.2
1 127 240 5267.3
1 127 241 5257.5
1 127 242 5244.6
1 128 243 5252.9
1 129 244 5251.2
1 129 245 5238.5
1 130 246 5234.7
1 131 246 5233.6
1 132 246 5236.5
1 133 246 5245.8
1 134 246 5263.2
1 135 246 5289.6
1 136 246 5316.8
1 137 246 5336.8
1 138 246 5358.8
1 139 247 5409.5
1 140 247 5434.0
1 141 247 5471.5
1 142 247 5514.8
1 143 248 5577.8
1 144 249 5671.3
1 144 250 5698.1
1 145 251 5749.9
1 145 252 5775.5
1 145 253 5795.8
1 146 254 5829.1
1 146 255 5826.5
1 146 256 5820.5
1 146 257 5812.6
1 146 258 5802.4
1 146 259 5790.6
1 146 260 5777.2
1 146 261 5764.9
1 146 262 5751.7
1 146 263 5738.5
1 146 264 5728.4
1 146 265 0.0
1 147 266 5482.8
1 147 267 5453.7
1 147 268 5428.8
1 147 269 5389.1
1 147 270 5356.1
1 148 271 5306.0
1 148 272 5279.2
1 148 273 5252.1
1 148 274 5230.3
1 149 274 5215.4
1 149 275 5175.8
1 149 276 5143.6
1 149 277 5091.0
1 149 278 5036.4
1 150 279 5132.7
1 150 280 5087.7
1 150 281 5046.5
1 150 282 5016.2
1 151 283 4932.5
1 151 284 4888.7
1 151 285 4855.4
1 152 286 4761.4
1 152 287 4706.8
1 152 288 4662.5
1 152 289 4628.0
1 153 290 4722.8
1 153 291 4696.3
1 153 292 4704.2
1 154 293 4715.0
1 154 294 4726.6
1 154 295 4736.1
1 154 296 4742.2
1 155 297 4760.1
1 155 298 4763.9
1 156 299 4586.8
1 157 299 4593.1
1 158 299 4602.6
1 159 299 4615.1
1 160 299 4631.1
1 161 299 4650.5
1 162 300 4681.7
1 162 301 4684.5
1 162 302 4683.6
1 162 303 4681.0
1 162 304 4678.3
1 163 305 4857.4
1 163 306 4848.4
1 163 307 4838.6
1 163 308 4829.3
1 163 309 4823.2
1 164 310 5039.4
1 165 311 5081.0
1 166 312 5152.7
1 167 313 5211.3
1 168 314 5244.2
1 168 315 5076.7
1 168 316 5081.0
1 169 316 5088.5
1 169 317 5094.3
1 170 317 5104.1
1 171 318 5105.2
1 171 319 5081.8
1 172 320 5033.9
1 172 321 4986.4
1 172 322 4938.1
1 172 323 4887.1
1 172 324 4847.4
1 173 325 4845.9
1 173 326 4849.5
1 173 327 4851.3
1 174 328 4860.7
1 174 329 4862.3
1 174 330 4863.3
1 175 331 4867.8
1 176 331 4871.8
1 177 331 4877.7
1 178 332 4887.1
1 179 333 4889.7
1 179 334 4886.6
1 179 335 4883.5
1 180 336 4881.0
1 181 337 4872.5
1 181 338 4867.8
1 187 338 4741.0
1 188 338 4762.1
1 189 338 4779.7
1 190 338 4793.4
1 182 339 4858.5
1 186 339 4873.5
1 191 339 4797.0
1 192 339 5216.0
1 182 340 4852.5
1 186 340 4857.8
1 193 340 5215.3
1 182 341 4848.9
1 186 341 4847.8
1 194 341 5215.2
1 195 341 5216.8
1 183 342 4845.3
1 184 342 4845.1
1 185 342 4844.6
1 186 342 4843.5
1 196 342 5216.5
1 196 343 5214.4
1 197 344 5213.3
1 198 345 5210.9
1 199 346 5208.8
1 200 346 5210.4
1 201 346 5212.6
1 202 346 5214.7
1 203 346 5215.5
1 204 346 4148.03
1 205 347 5199.5
1 206 347 5193.3
1 207 348 5398.8
1 207 349 5496.1
1 207 350 5637.0
1 206 351 5696.9
1 205 352 5701.7
1 205 353 5706.2
1 205 354 5711.2
1 206 355 5734.1
1 206 356 5742.3
1 207 357 5767.0
1 208 357 5784.2
1 209 358 5465.4
1 210 359 5522.7
1 211 359 5550.7
1 212 360 5470.5
1 212 361 5507.7
1 208 362 5529.9
1 209 362 5534.6
1 210 362 5541.7
1 211 362 5547.4
1 207 363 5526.1
1 206 364 5520.7
1 206 365 5522.0
1 206 366 5522.2
1 206 367 5521.4
1 206 368 5520.4
1 206 369 5519.2
1 207 369 5525.6
1 208 369 5542.1
1 209 369 5563.8
1 210 369 5588.2
1 211 369 5618.5
1 212 369 5654.9
1 213 369 5699.1
1 214 370 5595.6
1 215 370 5629.4
1 216 372 5626.7
1 214 373 5263.1
1 215 373 5351.3
1 214 374 5220.0
1 213 375 5270.2
1 212 376 5247.8
1 211 377 5194.7
1 211 378 5183.6
1 211 379 5178.1
1 211 380 5180.2
1 211 381 5189.3
1 211 382 5243.7
1 211 383 5293.5
1 212 384 45000.0
1 212 385 45000.0
1 212 386 45000.0
1 212 387 45000.0
1 212 388 45000.0
1 212 389 45000.0
1 212 390 45000.0
1 212 391 45000.0
1 212 392 45000.0
1 212 393 45000.0
1 213 394 45000.0
1 213 395 45000.0
1 213 396 45000.0
1 213 397 45000.0
1 213 398 45000.0
1 213 399 45000.0
1 213 400 45000.0
1 213 401 45000.0
1 213 402 45000.0
1 214 403 45000.0
1 214 404 45000.0
1 214 405 45000.0
1 214 406 45000.0
1 214 407 45000.0
1 214 409 45000.0
1 214 410 45000.0
1 214 411 45000.0
1 214 412 45000.0
1 214 413 45000.0
1 214 414 45000.0
1 214 415 45000.0
1 215 416 45000.0
1 215 417 45000.0
1 227 417 45000.0
1 228 417 45000.0
1 229 417 45000.0
1 216 418 45000.0
1 226 418 45000.0
1 230 418 45000.0
1 217 419 45000.0
1 218 419 45000.0
1 219 419 45000.0
1 220 419 45000.0
1 221 419 45000.0
1 222 419 45000.0
1 223 419 45000.0
1 224 419 45000.0
1 225 419 45000.0
1 229 419 45000.0
1 229 420 45000.0
1 226 421 45000.0
1 227 421 45000.0
1 228 421 45000.0
1 224 422 45000.0
1 225 422 45000.0
1 224 423 45000.0
1 224 424 45000.0
1 225 424 45000.0
1 226 424 45000.0
1 227 424 45000.0
1 228 424 45000.0
1 229 425 45000.0
1 229 426 45000.0
1 229 427 45000.0
1 229 428 45000.0
1 229 429 45000.0
1 228 430 45000.0
1 228 431 45000.0
1 228 432 45000.0
1 228 433 45000.0
1 228 434 45000.0
1 228 435 45000.0
1 229 435 45000.0
1 230 436 45000.0
1 230 437 45000.0
1 230 438 45000.0
1 230 439 45000.0
1 230 440 45000.0
1 230 441 45000.0
1 230 442 45000.0
1 230 443 45000.0
1 230 444 45000.0
1 230 445 45000.0
1 230 446 45000.0
1 230 447 45000.0
1 230 448 45000.0
1 230 449 45000.0
1 230 450 45000.0
1 230 451 45000.0
1 230 452 45000.0
1 230 453 45000.0
1 230 454 45000.0
1 230 455 45000.0
1 230 456 45000.0
1 231 457 45000.0
1 231 458 45000.0
1 231 459 45000.0
1 231 460 45000.0
1 232 461 45000.0
1 232 462 45000.0
1 232 463 45000.0
1 232 464 45000.0
1 233 464 45000.0
1 234 464 45000.0
1 235 464 45000.0
1 236 464 45000.0
1 237 464 45000.0
1 238 464 45000.0
1 239 465 45000.0
1 239 466 45000.0
1 239 467 5337.1
1 238 468 5337.1
1 238 469 5337.1
1 238 470 5337.1
1 239 471 5337.1
1 240 471 5337.1
1 241 472 5337.1
1 242 472 5337.1
1 243 472 5337.1
1 244 473 5337.1
1 245 474 5337.1
1 246 475 5337.1
1 246 476 5337.1
1 246 477 5337.1
1 246 478 5337.1
1 246 479 5337.1
1 246 480 5337.1
1 245 481 5337.1
1 245 482 5337.1
1 244 483 5337.1
1 243 484 5337.1
1 243 485 5337.1
1 243 486 5337.1
1 243 487 5337.1
1 243 488 5337.1
1 243 489 5337.1
1 242 490 5337.1
1 242 491 5337.1
1 241 492 5337.1
1 241 493 5337.1
1 240 494 5337.1
1 239 495 5337.1
1 238 496 5337.1
1 235 497 5337.1
1 236 497 5337.1
1 237 497 5337.1
1 233 498 5337.1
1 234 498 5337.1
1 233 499 5337.1
1 232 500 5337.1
1 231 501 5337.1
1 231 502 5337.1
1 231 503 5337.1
1 231 504 5337.1
1 231 505 5337.1
1 231 506 5337.1
1 231 507 5337.1
1 231 508 5337.1
1 231 509 5337.1
1 231 510 5337.1
1 231 511 5337.1
1 231 512 5337.1
1 231 513 5337.1
1 231 514 5337.1
1 231 515 5337.1
1 232 516 5337.1
1 232 517 5337.1
1 232 518 5337.1
1 233 519 5337.1
1 233 520 5337.1
1 233 521 5337.1
1 234 522 5337.1
1 234 523 5337.1
1 235 524 5337.1
1 235 525 5337.1
1 236 525 5337.1
1 237 525 5337.1
1 238 525 5337.1
1 239 526 5337.1
1 239 527 5337.1
1 240 528 5437.9
1 240 529 5453.1
1 241 530 5519.7
1 241 531 5549.7
1 241 532 5566.6
1 241 533 5578.1
1 241 534 5586.4
1 242 535 5064.8
1 242 536 5076.1
1 243 536 5094.1
1 244 536 5126.6
1 245 536 5155.2
1 246 537 5210.6
1 246 538 5227.7
1 247 539 5267.6
1 248 540 5303.1
1 249 540 5315.2
1 250 540 5331.6
1 251 541 5365.2
1 250 544 5398.8
1 251 544 5401.1
1 245 545 5344.2
1 246 545 5355.4
1 247 545 5374.0
1 248 545 5387.7
1 249 545 5393.2
1 243 546 5317.7
1 244 546 5321.7
1 243 547 5318.4
1 242 548 5314.5
1 242 549 5314.8
1 241 550 5308.6
1 241 551 5306.9
1 240 552 5296.5
1 239 553 5285.5
1 238 554 0.0
1 237 555 5249.9
1 236 556 5248.8
1 236 557 5248.8
1 232 558 5189.1
1 233 558 5186.1
1 234 558 5193.8
1 235 558 5197.3
1 232 559 5201.2
1 231 560 5201.4
1 231 561 5209.8
1 231 562 5216.5
1 231 563 5221.6
1 231 564 5222.9
1 230 565 5389.7
1 230 566 5382.9
1 230 567 5372.0
1 230 568 5359.6
1 215 371 5678.1
1 39 51 6043.2
1 39 52 5967.8
1 38 53 5714.5
1 38 54 5641.8
1 37 55 5375.6
1 36 56 5152.8
1 35 57 4950.0
1 35 58 4889.0
1 35 59 4787.7
1 35 60 8397.7
1 35 61 8262.3
1 35 62 8125.5
1 35 63 7985.2
1 35 64 7841.2
1 35 65 7693.4
1 35 66 7542.6
1 35 67 7395.4
1 35 68 7276.3
1 36 69 10770.0
1 36 70 10502.6
1 36 71 10250.3
1 36 72 10007.1
1 36 73 9772.1
1 36 74 9559.1
1 36 75 9377.7
1 36 76 9287.9
1 36 77 9255.2
1 230 569 5347.0
1 230 570 5333.5
1 230 571 5317.4
1 230 572 5306.0
1 230 573 5316.9
1 230 574 5332.4
1 230 575 5342.6
1 230 576 5344.7
1 230 577 5179.6
1 230 578 5212.8
1 230 579 5245.9
1 230 580 5275.3
1 230 581 5278.4
1 230 582 5283.8
1 230 583 5286.3
1 230 584 5285.4
1 230 585 5282.0
1 230 586 5277.4
1 230 587 5271.3
1 230 588 5267.4
1 229 589 5251.5
1 229 590 5242.2
1 228 591 5219.5
1 228 592 5203.8
1 228 593 5186.5
1 228 594 5164.3
1 227 595 5120.1
1 227 596 5096.9
1 227 597 5068.8
1 227 598 5035.6
1 227 599 4786.4
1 226 600 4700.2
1 226 601 4698.2
1 226 602 4696.9
1 226 603 4697.6
1 225 604 4268.5
1 224 605 4268.5
1 223 606 4290.4
1 222 607 4310.8
1 223 605 4275.0
1 114 114 -11035.2
1 117 120 -1018.47
1 129 121 -6098.4
1 130 122 -1018.47
1 133 112 -72454.8
1 135 194 -1889.67
1 143 126 -21780.0
1 143 172 -7840.8
1 143 190 -19602.0
1 144 166 -8421.6
1 144 172 -3920.4
1 144 182 -64323.6
1 144 190 -14665.2
1 145 161 -21925.2
1 146 117 -15391.2
1 147 132 -4791.6
1 147 145 -1744.47
1 148 167 -13794.0
1 148 176 -1018.47
1 148 196 -8131.2
1 150 141 -19166.4
1 150 198 -12342.0
1 151 142 -35719.2
1 151 195 -11325.6
1 152 125 -1018.47
1 152 132 -1018.47
1 153 192 -18876.0
1 154 125 -435.6
1 154 171 -3486.87
1 155 112 -18150.0
1 155 141 -33976.8
1 156 129 -208072.0
1 157 135 -2036.94
1 157 140 -60403.2
1 157 251 -19892.4
1 158 133 -1018.47
1 158 137 -11906.4
1 158 181 -29185.2
1 159 119 -46464.0
1 159 173 -22651.2
1 160 119 -4936.8
1 161 125 -435.6
1 161 188 -1742.4
1 162 119 -1161.6
1 162 121 -25700.4
1 162 128 -197762.0
1 162 167 -1452.0
1 162 169 -2468.4
1 163 138 -5955.27
1 164 135 -8276.4
1 165 131 -580.8
1 167 125 -4501.2
1 167 259 -435.6
1 168 123 -23232.0
1 168 208 -56192.4
1 170 131 -12196.8
1 173 224 -5808.0
1 174 135 -4065.6
1 175 134 -38623.2
1 175 204 -9873.6
1 176 176 -2468.4
1 176 202 -1306.8
1 177 133 -14665.2
1 177 211 -3775.2
1 178 164 -8131.2
1 179 181 -9728.4
1 179 183 -23232.0
1 179 210 -21489.6
1 180 208 -16552.8
1 183 184 -3630.0
1 184 246 -26716.8
1 187 200 -21780.0
1 187 281 -2032.8
1 188 240 -19892.4
1 188 258 -19602.0
1 190 281 -15246.0
1 191 191 -118048.0
1 193 256 -145.2
1 193 260 -26170.2
1 197 204 -8276.4
1 197 252 -2178.0
1 198 297 -580.8
1 198 298 -1144.56
1 199 211 -7840.8
1 199 298 -1018.47
1 200 298 -1063.03
1 201 234 -871.2
1 203 275 -39639.6
1 203 280 -5227.2
1 204 248 -16950.7
1 205 300 -1068.61
1 206 196 -7695.6
1 206 286 -7260.0
1 206 300 -2056.57
1 210 264 -580.8
1 211 255 -3484.8
1 212 258 -26426.4
1 213 264 -290.4
1 213 300 -4936.8
1 214 240 -1016.4
1 215 260 -13939.2
1 217 264 -21780.0
1 217 365 -580.8
1 218 179 -163931.0
1 219 310 -2904.0
1 221 223 -871.2
1 221 246 -29330.4
1 221 284 -24210.7
1 222 352 -37617.4
1 222 369 -1016.4
1 223 271 -9438.0
1 224 374 -6389.05
1 226 350 -229.81
1 226 365 -2080.52
1 231 401 -1018.47
1 232 364 -112.34
1 232 370 -346.67
1 233 337 -1018.47
1 233 394 -2064.39
1 234 304 -4514.84
1 234 393 -1045.43
1 235 367 -29044.4
1 235 400 -1016.4
1 235 605 -978.53
1 235 609 -6349.29
1 236 263 -18585.6
1 236 351 -8712.0
1 237 237 -24829.2
1 237 316 -26909.9
1 237 357 -4460.48
1 237 389 -1018.47
1 238 221 -871.2
1 238 398 -5.35
1 238 605 -5097.03
1 238 609 -2036.94
1 239 426 -726.0
1 239 605 -5092.35
1 239 606 -3108.08
1 239 619 -1018.47
1 240 380 -1189.58
1 240 426 -1251.52
1 240 608 -4099.16
1 241 604 -1095.47
1 242 311 -3533.58
1 243 371 -9191.26
1 243 389 -1306.8
1 243 422 -145.2
1 243 431 -316.38
1 243 605 -5092.35
1 244 431 -449.61
1 244 605 -6167.03
1 244 621 -4274.85
1 245 238 -44721.6
1 245 322 -5010.35
1 245 337 -1018.47
1 245 621 -1018.47
1 246 321 -3605.81
1 246 618 -3099.12
1 247 344 -1058.85
1 247 383 -7934.4
1 247 384 -2429270.0
1 248 251 -16246.7
1 248 424 -2178.0
1 248 436 -6098.4
1 248 442 -580.8
1 248 444 -6560.16
1 248 589 -3484.8
1 249 373 -1034.64
1 249 424 -1018.47
1 249 430 -31076.3
1 249 436 -6404.15
1 249 606 -5140.69
1 250 239 -12051.6
1 250 326 -3155.76
1 250 424 -1018.47
1 250 425 -669808.0
1 250 431 -40625.6
1 250 595 -3080.21
1 251 356 -76697.1
1 251 408 -674.64
1 251 456 -1454.07
1 251 457 -15.87
1 251 594 -1018.47
1 251 595 -1325.27
1 251 596 -2169.37
1 252 230 -64468.8
1 252 285 -3339.6
1 252 329 -30269.8
1 252 450 -290.4
1 252 595 -1194.04
1 252 606 -1035.02
1 253 331 -13853.8
1 253 332 -18902.5
1 253 416 -435.6
1 253 420 -8041.34
1 253 445 -22990.9
1 254 338 -871.2
1 254 367 -20879.4
1 254 407 -118557.0
1 254 597 -1018.47
1 254 607 -8278.47
1 255 381 -14374.8
1 255 383 -44286.0
1 255 388 -36445.2
1 255 395 -2032.8
1 255 420 -7695.6
1 255 439 -25264.8
1 255 443 -139549.0
1 255 595 -1251.26
1 255 596 -1126.26
1 255 606 -13070.1
1 255 609 -2036.94
1 256 314 -3711.87
1 256 335 -11325.6
1 256 341 -290.4
1 256 370 -9794.34
1 256 413 -1306.8
1 256 586 -61607.6
1 256 593 -4219.08
1 257 238 -2178.0
1 257 324 -5249.2
1 257 413 -580.8
1 257 576 -5521.55
1 257 599 -76634.7
1 257 600 -101785.0
1 258 325 -54947.2
1 258 336 -2062.25
1 258 420 -229581.0
1 258 442 -920485.0
1 258 464 -3630.0
1 258 585 -6228.88
1 258 595 -2182.14
1 258 601 -48642.0
1 258 602 -109957.0
1 259 340 -1889.67
1 259 405 -17293.8
1 259 588 -29619.2
1 259 592 -1018.47
1 259 593 -1018.47
1 260 349 -435.6
1 260 407 -3474690.0
1 260 413 -302730.0
1 260 424 -247.14
1 260 461 -2178.0
1 260 463 -25990.8
1 260 585 -8195.17
1 260 586 -13183.2
1 261 337 -7695.6
1 261 381 -352360.0
1 261 395 -10398.0
1 261 416 -6534.0
1 261 418 -1018.47
1 261 429 -6982.59
1 261 464 -8421.6
1 261 492 -1018.47
1 261 571 -145.2
1 261 576 -15084.2
1 262 540 -326.45
1 262 564 -46569.9
1 262 568 -22215.6
1 262 570 -93654.0
1 262 571 -3775.2
1 263 471 -15681.6
1 263 477 -33686.4
1 263 520 -2110.11
1 263 574 -580.8
1 263 582 -15564.9
1 264 367 -1018.47
1 264 383 -54715.5
1 264 407 -7550.4
1 264 428 -170581.0
1 264 468 -90.72
1 264 471 -12922.8
1 264 476 -435.6
1 264 477 -66937.2
1 264 523 -3345.81
1 264 549 -770.58
1 265 364 -35734.6
1 265 374 -1969.56
1 265 422 -369872.0
1 265 523 -2740.9
1 265 557 -145.2
1 266 337 -1018.47
1 266 340 -435.6
1 266 462 -3339.6
1 267 391 -17859.6
1 267 463 -3194.4
1 267 555 -1018.47
1 267 556 -1018.47
1 268 333 -290.4
1 268 334 -145.2
1 268 436 -3626970.0
1 268 455 -57.93
1 268 479 -580.8
1 268 480 -871.2
1 268 489 -6031.5
1 269 363 -1025.07
1 269 397 -39349.2
1 269 450 -3484.8
1 269 456 -9264.07
1 269 541 -1018.47
1 270 429 -4071.47
1 270 481 -1163.67
1 270 483 -1783.13
1 270 484 -1163.67
1 270 486 -17663.7
1 270 498 -92782.8
1 270 539 -145.2
1 271 319 -59839.9
1 271 371 -2032.8
1 271 485 -364.77
1 271 493 -107395.0
1 271 498 -8131.2
1 272 336 -16380.3
1 272 337 -89.12
1 272 351 -5227.2
1 272 366 -580.8
1 272 368 -238821.0
1 272 388 -449490.0
1 272 396 -22070.4
1 272 450 -9438.0
1 272 451 -9002.4
1 272 453 -145.2
1 272 462 -1173560.0
1 272 490 -290.4
1 272 491 -9.13
1 272 497 -13751.3
1 272 498 -34993.2
1 272 530 -133103.0
1 272 532 -240621.0
1 272 535 -97809.0
1 273 363 -580.8
1 273 392 -1139.41
1 273 480 -726.0
1 273 510 -1018.47
1 273 516 -11911.0
1 273 517 -82235.9
1 273 518 -143.17
1 274 409 -4791.6
1 274 520 -129083.0
1 274 523 -3484.8
1 275 367 -27733.2
1 275 450 -1597.2
1 275 506 -726.0
1 276 366 -60693.6
1 276 392 -580.8
1 276 446 -3920.4
1 276 474 -32956.8
1 277 294 -57460.4
1 277 390 -11180.4
1 277 407 -2482290.0
1 277 431 -4482.76
1 277 472 -18419.1
1 277 480 -73118.9
1 278 365 -111804.0
1 278 435 -1590.8
1 278 482 -1597.2
1 279 310 -29944.5
1 279 336 -14229.6
1 279 433 -204153.0
1 279 438 -10851.1
1 279 475 -96597.7
1 279 485 -19456.8
1 280 365 -19602.0
1 280 433 -2473.09
1 280 469 -55657.8
1 280 471 -39008.7
1 281 458 -3748720.0
1 282 409 -5517.6
1 282 424 -2613.6
1 282 430 -726.0
1 282 436 -26433.1
1 282 454 -1818.06
1 282 457 -2370.6
1 283 335 -33250.8
1 283 354 -1452.0
1 283 429 -317988.0
1 283 449 -59285.6
1 283 452 -116222.0
1 283 455 -5057.59
1 283 468 -36529.2
1 284 339 -71191.3
1 284 457 -6098.4
1 284 463 -435077.0
1 284 481 -11407.4
1 285 374 -1161.6
1 285 467 -228246.0
1 285 475 -77102.6
1 286 330 -55343.8
1 286 425 -257329.0
1 286 475 -31887.3
1 286 477 -71300.9
1 287 426 -1018.47
1 287 477 -30497.0
1 288 419 -12922.8
1 288 423 -448.72
1 288 426 -1018.47
1 289 351 -6243.6
1 289 404 -130282.0
1 289 459 -37234.5
1 289 468 -909.03
1 290 382 -27489.6
1 290 411 -1887.6
1 290 412 -18004.8
1 290 413 -1016.4
1 290 420 -112.29
1 291 350 -3339.6
1 291 373 -1016.4
1 291 399 -110506.0
1 291 419 -956219.0
1 292 365 -13794.0
1 292 416 -1465.84
1 292 469 -12075.8
1 293 440 -145.2
1 294 435 -145.2
1 294 447 -23327.3
1 295 391 -22215.6
1 295 430 -869598.0
1 296 388 -792.73
1 296 398 -61653.6
1 296 406 -59439.4
1 296 433 -145.2
1 297 395 -106.58
1 297 401 -128463.0
1 297 415 -83199.6
1 297 442 -73823.0
1 298 390 -4646.4
1 299 354 -871.2
1 299 355 -936.66
1 299 387 -379.3
1 102 110 -1018.47
1 102 113 -1018.47
1 103 100 -1018.47
1 103 104 -1018.47
1 104 115 -1018.47
1 105 115 -1018.47
1 105 139 -1018.47
1 108 117 -1018.47
1 109 112 -1018.47
1 111 155 -1018.47
1 111 208 -1018.47
1 112 181 -1018.47
1 113 111 -1018.47
1 113 159 -1018.47
1 113 211 -1018.47
1 114 173 -1018.47
1 114 212 -2036.94
1 115 212 -2036.94
1 116 121 -1018.47
1 116 150 -1018.47
1 116 166 -1018.47
1 117 119 -1018.47
1 117 168 -1018.47
1 117 210 -1018.47
1 119 194 -1018.47
1 119 202 -1018.47
1 119 96 -1018.47
1 120 155 -1018.47
1 120 94 -1018.47
1 121 187 -1018.47
1 123 110 -1018.47
1 123 111 -1018.47
1 123 158 -1018.47
1 123 168 -1018.47
1 123 193 -1018.47
1 123 202 -2036.94
1 125 150 -1018.47
1 125 151 -1018.47
1 125 193 -1018.47
1 125 194 -1018.47
1 126 121 -1018.47
1 126 191 -1018.47
1 126 195 -1018.47
1 127 150 -1018.47
1 127 160 -1018.47
1 127 169 -1018.47
1 127 195 -1018.47
1 127 199 -2036.94
1 128 122 -1018.47
1 128 148 -1018.47
1 128 149 -1018.47
1 128 152 -1018.47
1 128 153 -1018.47
1 128 154 -1018.47
1 128 157 -1018.47
1 128 199 -1018.47
1 129 117 -1018.47
1 129 119 -1018.47
1 129 122 -1018.47
1 129 146 -1018.47
1 129 154 -2036.94
1 129 162 -1018.47
1 129 176 -1018.47
1 130 120 -1018.47
1 130 154 -1018.47
1 130 155 -1018.47
1 130 156 -3055.41
1 130 194 -1018.47
1 131 112 -1018.47
1 131 121 -1018.47
1 131 122 -1018.47
1 131 150 -1018.47
1 131 156 -1018.47
1 131 157 -1018.47
1 131 158 -1018.47
1 131 161 -2036.94
1 131 198 -1018.47
1 132 112 -1018.47
1 132 155 -1018.47
1 132 156 -1018.47
1 132 160 -1018.47
1 132 161 -2036.94
1 133 155 -1018.47
1 133 159 -1018.47
1 133 160 -2036.94
1 133 192 -2036.94
1 133 193 -1018.47
1 134 148 -1018.47
1 134 150 -1018.47
1 134 151 -1018.47
1 134 156 -1018.47
1 134 191 -1018.47
1 134 193 -4073.88
1 135 148 -5092.35
1 135 149 -2036.94
1 135 156 -1018.47
1 135 157 -1018.47
1 135 193 -3055.41
1 136 147 -1018.47
1 136 148 -1018.47
1 136 149 -1018.47
1 136 150 -2036.94
1 136 153 -1018.47
1 136 155 -1018.47
1 137 148 -1018.47
1 137 150 -1018.47
1 137 153 -2036.94
1 137 154 -1018.47
1 137 157 -3055.41
1 137 175 -1018.47
1 137 206 -1018.47
1 138 151 -1018.47
1 138 152 -1018.47
1 138 153 -3055.41
1 138 168 -1018.47
1 138 169 -1018.47
1 139 151 -1018.47
1 140 138 -1018.47
1 140 155 -4073.88
1 140 156 -1018.47
1 140 171 -1018.47
1 140 180 -1018.47
1 141 149 -1018.47
1 141 154 -2036.94
1 141 157 -1018.47
1 141 171 -1018.47
1 141 199 -2036.94
1 142 155 -1018.47
1 142 156 -1018.47
1 142 157 -1018.47
1 142 158 -1018.47
1 142 174 -1018.47
1 142 179 -1018.47
1 142 201 -1018.47
1 143 146 -1018.47
1 143 157 -3055.41
1 144 142 -2036.94
1 144 173 -1018.47
1 145 142 -1018.47
1 145 143 -1018.47
1 145 151 -1018.47
1 145 187 -1018.47
1 145 226 -1018.47
1 146 140 -1018.47
1 146 141 -2036.94
1 146 145 -1018.47
1 146 208 -1018.47
1 146 229 -1018.47
1 146 230 -1018.47
1 146 232 -1018.47
1 147 139 -3055.41
1 147 140 -1018.47
1 147 141 -1018.47
1 147 142 -1018.47
1 147 229 -1018.47
1 147 230 -1018.47
1 147 233 -1018.47
1 147 239 -1018.47
1 147 240 -1018.47
1 148 217 -1018.47
1 148 221 -1018.47
1 149 127 -1018.47
1 149 147 -1018.47
1 149 154 -1018.47
1 149 222 -1018.47
1 149 253 -1018.47
1 150 160 -1018.47
1 150 164 -1018.47
1 150 177 -1018.47
1 150 227 -1018.47
1 150 236 -1018.47
1 151 128 -1018.47
1 151 228 -1018.47
1 152 153 -1018.47
1 152 173 -1018.47
1 152 176 -1018.47
1 152 222 -1018.47
1 152 228 -1018.47
1 153 126 -1018.47
1 153 136 -1018.47
1 153 155 -1018.47
1 153 232 -1018.47
1 153 238 -1018.47
1 153 253 -1018.47
1 154 126 -1018.47
1 154 133 -1018.47
1 154 161 -1018.47
1 154 172 -1018.47
1 154 220 -1018.47
1 154 244 -1018.47
1 155 170 -2036.94
1 155 216 -1018.47
1 155 262 -1018.47
1 156 160 -1018.47
1 156 211 -1018.47
1 156 223 -1018.47
1 157 132 -1018.47
1 157 133 -1018.47
1 157 134 -3055.41
1 157 136 -1018.47
1 157 194 -1018.47
1 157 207 -1018.47
1 157 240 -1018.47
1 158 135 -1018.47
1 158 248 -1018.47
1 159 152 -1018.47
1 159 231 -1018.47
1 159 240 -1018.47
1 159 247 -1018.47
1 159 248 -1018.47
1 159 250 -1018.47
1 159 251 -1018.47
1 159 257 -1018.47
1 160 133 -1018.47
1 160 249 -2036.94
1 160 251 -2036.94
1 160 252 -1018.47
1 160 253 -1018.47
1 160 262 -1018.47
1 161 144 -2036.94
1 161 251 -1018.47
1 161 253 -1018.47
1 162 137 -2036.94
1 162 252 -2036.94
1 162 253 -1018.47
1 163 152 -1018.47
1 163 190 -1018.47
1 163 236 -1018.47
1 164 278 -1018.47
1 164 290 -1018.47
1 164 299 -1018.47
1 165 133 -2036.94
1 165 134 -2036.94
1 165 135 -1018.47
1 165 290 -1018.47
1 166 131 -1018.47
1 166 132 -1018.47
1 166 133 -2036.94
1 166 134 -1018.47
1 166 135 -1018.47
1 166 210 -1018.47
1 166 254 -1018.47
1 166 255 -1018.47
1 167 127 -1018.47
1 167 132 -2036.94
1 167 133 -2036.94
1 167 134 -3055.41
1 167 256 -1018.47
1 167 288 -1018.47
1 167 294 -1018.47
1 168 130 -1018.47
1 168 131 -1018.47
1 168 132 -4073.88
1 168 133 -4073.88
1 168 286 -1018.47
1 168 287 -2036.94
1 168 291 -2036.94
1 169 128 -2036.94
1 169 129 -4073.88
1 169 131 -1018.47
1 169 132 -5092.35
1 169 133 -3055.41
1 169 134 -9166.23
1 169 135 -1018.47
1 169 236 -1018.47
1 169 260 -1018.47
1 169 271 -1018.47
1 169 287 -1018.47
1 169 290 -1018.47
1 170 133 -3055.41
1 170 134 -12221.6
1 170 136 -1018.47
1 170 187 -1018.47
1 170 256 -1018.47
1 170 287 -1018.47
1 170 292 -1018.47
1 171 133 -2036.94
1 171 134 -1018.47
1 171 136 -5092.35
1 171 290 -1018.47
1 172 257 -1018.47
1 172 284 -1018.47
1 172 295 -2036.94
1 172 311 -1018.47
1 173 258 -1018.47
1 173 278 -1018.47
1 173 290 -1018.47
1 173 292 -1018.47
1 173 293 -2036.94
1 173 294 -1018.47
1 174 124 -1018.47
1 174 253 -1018.47
1 174 261 -1018.47
1 174 270 -1018.47
1 174 283 -1018.47
1 174 289 -1018.47
1 174 293 -1018.47
1 175 260 -1018.47
1 175 288 -1018.47
1 175 292 -2036.94
1 175 293 -1018.47
1 175 296 -1018.47
1 175 305 -1018.47
1 176 274 -1018.47
1 176 305 -1018.47
1 177 289 -1018.47
1 177 290 -1018.47
1 178 243 -1018.47
1 178 280 -1018.47
1 178 285 -1018.47
1 178 302 -1018.47
1 178 305 -1018.47
1 178 306 -1018.47
1 178 311 -1018.47
1 179 278 -1018.47
1 179 285 -1018.47
1 180 149 -1018.47
1 180 286 -1018.47
1 181 297 -1018.47
1 181 307 -1018.47
1 181 308 -1018.47
1 183 242 -1018.47
1 183 285 -1018.47
1 183 295 -1018.47
1 183 308 -1018.47
1 183 309 -1018.47
1 183 318 -1018.47
1 184 263 -1018.47
1 184 285 -1018.47
1 184 313 -1018.47
1 184 319 -1018.47
1 185 257 -1018.47
1 185 305 -1018.47
1 185 306 -1018.47
1 185 307 -1018.47
1 185 315 -1018.47
1 186 255 -1018.47
1 186 265 -1018.47
1 186 307 -2036.94
1 186 310 -1018.47
1 188 262 -1018.47
1 188 294 -1018.47
1 188 295 -1018.47
1 189 295 -1018.47
1 189 309 -1018.47
1 190 307 -1018.47
1 190 308 -1018.47
1 190 324 -1018.47
1 191 292 -2036.94
1 191 304 -1018.47
1 191 305 -1018.47
1 192 258 -1018.47
1 192 284 -1018.47
1 192 304 -1018.47
1 192 316 -1018.47
1 192 319 -1018.47
1 193 262 -1018.47
1 193 301 -1018.47
1 193 311 -1018.47
1 193 313 -2036.94
1 194 284 -1018.47
1 194 313 -1018.47
1 195 269 -1018.47
1 195 287 -1018.47
1 195 289 -1018.47
1 195 300 -1018.47
1 195 311 -1018.47
1 195 313 -1018.47
1 196 269 -1018.47
1 196 275 -1018.47
1 196 303 -1018.47
1 196 324 -1018.47
1 196 333 -1018.47
1 197 264 -1018.47
1 197 283 -1018.47
1 197 300 -1018.47
1 197 322 -1018.47
1 197 325 -1018.47
1 198 242 -1018.47
1 198 276 -2036.94
1 198 309 -1018.47
1 198 311 -1018.47
1 199 283 -1018.47
1 199 311 -1018.47
1 199 324 -1018.47
1 200 280 -1018.47
1 200 286 -1018.47
1 200 296 -1018.47
1 200 299 -1018.47
1 200 306 -1018.47
1 200 307 -1018.47
1 200 312 -1018.47
1 200 343 -1018.47
1 200 345 -1018.47
1 201 257 -1018.47
1 202 280 -1018.47
1 202 287 -1018.47
1 202 297 -1018.47
1 202 301 -1018.47
1 202 302 -1018.47
1 203 215 -1018.47
1 203 304 -1018.47
1 203 305 -1018.47
1 203 309 -1018.47
1 203 315 -1018.47
1 205 263 -1018.47
1 205 303 -1018.47
1 205 304 -1018.47
1 205 317 -1018.47
1 205 318 -1018.47
1 205 319 -1018.47
1 206 264 -1018.47
1 206 270 -1018.47
1 206 301 -1018.47
1 206 304 -1018.47
1 206 315 -1018.47
1 206 317 -2036.94
1 207 262 -1018.47
1 207 300 -1018.47
1 207 301 -2036.94
1 207 303 -1018.47
1 207 304 -1018.47
1 207 306 -2036.94
1 207 315 -1018.47
1 207 317 -1018.47
1 208 298 -2036.94
1 208 299 -2036.94
1 208 306 -1018.47
1 208 317 -1018.47
1 208 328 -1018.47
1 209 284 -1018.47
1 209 297 -1018.47
1 209 302 -1018.47
1 210 284 -1018.47
1 210 301 -1018.47
1 210 302 -1018.47
1 210 342 -1018.47
1 211 301 -1018.47
1 211 321 -1018.47
1 212 295 -1018.47
1 212 347 -1018.47
1 213 226 -1018.47
1 213 287 -1018.47
1 213 303 -1018.47
1 213 329 -1018.47
1 214 319 -1018.47
1 215 289 -1018.47
1 215 311 -1018.47
1 215 353 -1018.47
1 216 323 -1018.47
1 216 341 -1018.47
1 217 244 -1018.47
1 217 249 -1018.47
1 217 351 -1018.47
1 218 209 -1018.47
1 218 243 -1018.47
1 218 292 -1018.47
1 218 345 -2036.94
1 221 240 -1018.47
1 221 611 -1018.47
1 222 254 -1018.47
1 222 362 -1018.47
1 224 338 -1018.47
1 224 359 -1018.47
1 225 323 -1018.47
1 225 329 -1018.47
1 225 332 -1018.47
1 225 368 -1018.47
1 225 373 -1018.47
1 225 378 -1018.47
1 225 382 -2036.94
1 226 323 -1018.47
1 226 388 -2036.94
1 226 618 -1018.47
1 227 315 -1018.47
1 228 606 -1018.47
1 229 385 -2036.94
1 229 392 -1018.47
1 229 393 -1018.47
1 229 397 -4073.88
1 229 618 -5092.35
1 230 338 -1018.47
1 230 373 -2036.94
1 230 384 -1018.47
1 230 392 -2036.94
1 230 393 -4073.88
1 230 396 -1018.47
1 230 605 -1018.47
1 231 343 -1018.47
1 231 383 -1018.47
1 231 392 -5092.35
1 231 393 -11203.2
1 231 398 -1018.47
1 231 603 -1018.47
1 231 607 -2036.94
1 232 259 -1018.47
1 232 300 -1018.47
1 232 384 -1018.47
1 232 389 -1018.47
1 232 393 -6110.82
1 232 394 -4073.88
1 232 405 -1018.47
1 232 604 -2036.94
1 232 606 -2036.94
1 232 607 -3055.41
1 232 608 -1018.47
1 233 373 -1018.47
1 233 393 -1018.47
1 233 403 -1018.47
1 233 406 -4073.88
1 233 601 -2036.94
1 233 602 -1018.47
1 234 374 -1018.47
1 234 388 -1018.47
1 234 389 -1018.47
1 234 406 -3055.41
1 234 407 -2036.94
1 234 601 -1018.47
1 234 602 -2036.94
1 234 603 -3055.41
1 234 604 -1018.47
1 234 605 -2036.94
1 234 606 -1018.47
1 234 609 -1018.47
1 234 620 -1018.47
1 234 621 -1018.47
1 235 342 -1018.47
1 235 368 -1018.47
1 235 389 -1018.47
1 235 392 -1018.47
1 235 404 -1018.47
1 235 406 -1018.47
1 235 599 -1018.47
1 235 600 -2036.94
1 235 602 -3055.41
1 235 603 -1018.47
1 235 606 -1018.47
1 235 608 -1018.47
1 236 256 -1018.47
1 236 359 -1018.47
1 236 377 -2036.94
1 236 378 -1018.47
1 236 389 -2036.94
1 236 600 -1018.47
1 236 601 -1018.47
1 236 602 -2036.94
1 236 605 -1018.47
1 236 606 -1018.47
1 236 607 -1018.47
1 236 620 -1018.47
1 237 330 -1018.47
1 237 377 -1018.47
1 237 384 -1018.47
1 237 388 -1018.47
1 237 605 -2036.94
1 237 606 -3055.41
1 237 607 -2036.94
1 237 608 -5092.35
1 237 609 -3055.41
1 237 620 -1018.47
1 238 346 -1018.47
1 238 391 -1018.47
1 238 410 -1018.47
1 238 602 -1018.47
1 238 603 -1018.47
1 238 606 -5092.35
1 238 607 -6110.82
1 238 608 -4073.88
1 238 610 -1018.47
1 239 297 -1018.47
1 239 323 -1018.47
1 239 404 -1018.47
1 239 601 -1018.47
1 239 603 -1018.47
1 239 607 -2036.94
1 239 608 -4073.88
1 239 609 -3055.41
1 239 610 -2036.94
1 239 615 -2036.94
1 240 267 -1018.47
1 240 319 -1018.47
1 240 327 -1018.47
1 240 352 -1018.47
1 240 374 -2036.94
1 240 392 -2036.94
1 240 396 -1018.47
1 240 406 -1018.47
1 240 603 -1018.47
1 240 605 -3055.41
1 240 606 -4073.88
1 240 607 -2036.94
1 240 620 -2036.94
1 240 621 -1018.47
1 241 339 -1018.47
1 241 352 -1018.47
1 241 370 -2036.94
1 241 375 -1018.47
1 241 409 -1018.47
1 241 577 -1018.47
1 241 603 -2036.94
1 241 605 -3055.41
1 241 606 -2036.94
1 241 607 -2036.94
1 241 608 -2036.94
1 241 609 -5092.35
1 241 610 -1018.47
1 241 611 -1018.47
1 241 620 -1018.47
1 241 621 -1018.47
1 242 314 -1018.47
1 242 318 -1018.47
1 242 336 -1018.47
1 242 338 -1018.47
1 242 339 -1018.47
1 242 373 -3055.41
1 242 374 -6110.82
1 242 406 -2036.94
1 242 603 -2036.94
1 242 604 -7129.29
1 242 605 -9166.23
1 242 606 -3055.41
1 242 607 -5092.35
1 242 608 -5092.35
1 242 609 -3055.41
1 242 610 -3055.41
1 242 616 -1018.47
1 242 622 -1018.47
1 242 623 -3055.41
1 243 366 -1018.47
1 243 369 -1018.47
1 243 372 -2036.94
1 243 373 -8147.76
1 243 374 -3055.41
1 243 386 -1018.47
1 243 391 -1018.47
1 243 405 -1018.47
1 243 406 -1018.47
1 243 407 -2036.94
1 243 409 -1018.47
1 243 577 -1018.47
1 243 606 -7129.29
1 243 607 -5092.35
1 243 608 -2036.94
1 243 609 -6110.82
1 243 620 -1018.47
1 243 622 -2036.94
1 243 623 -8147.76
1 244 371 -1018.47
1 244 372 -2036.94
1 244 373 -3055.41
1 244 415 -1018.47
1 244 598 -1018.47
1 244 606 -4073.88
1 244 607 -1018.47
1 244 611 -1018.47
1 244 616 -1018.47
1 244 622 -1018.47
1 244 623 -4073.88
1 244 624 -1018.47
1 245 312 -1018.47
1 245 315 -1018.47
1 245 326 -1018.47
1 245 335 -1018.47
1 245 338 -1018.47
1 245 356 -2036.94
1 245 371 -1018.47
1 245 413 -1018.47
1 245 586 -1018.47
1 245 604 -1018.47
1 245 605 -3055.41
1 245 606 -5092.35
1 245 607 -4073.88
1 245 609 -5092.35
1 245 610 -2036.94
1 245 612 -2036.94
1 245 616 -2036.94
1 245 619 -1018.47
1 245 620 -2036.94
1 245 622 -1018.47
1 246 214 -1018.47
1 246 342 -1018.47
1 246 356 -1018.47
1 246 357 -1018.47
1 246 374 -1018.47
1 246 413 -1018.47
1 246 590 -1018.47
1 246 599 -1018.47
1 246 600 -6110.82
1 246 605 -4073.88
1 246 606 -7129.29
1 246 607 -4073.88
1 246 610 -1018.47
1 246 612 -2036.94
1 246 614 -1018.47
1 246 615 -1018.47
1 246 623 -1018.47
1 247 314 -1018.47
1 247 331 -1018.47
1 247 367 -2036.94
1 247 368 -5092.35
1 247 387 -2036.94
1 247 413 -1018.47
1 247 578 -1018.47
1 247 597 -1018.47
1 247 598 -7129.29
1 247 599 -6110.82
1 247 600 -10184.7
1 247 601 -10184.7
1 247 605 -2036.94
1 247 609 -2036.94
1 247 610 -2036.94
1 247 611 -4073.88
1 247 612 -4073.88
1 247 613 -2036.94
1 247 618 -2036.94
1 247 619 -1018.47
1 247 623 -1018.47
1 248 307 -1018.47
1 248 367 -1018.47
1 248 368 -4073.88
1 248 371 -2036.94
1 248 372 -5092.35
1 248 387 -2036.94
1 248 388 -6110.82
1 248 413 -1018.47
1 248 416 -1018.47
1 248 529 -1018.47
1 248 567 -1018.47
1 248 596 -7129.29
1 248 597 -5092.35
1 248 598 -10184.7
1 248 599 -6110.82
1 248 600 -4073.88
1 248 601 -6110.82
1 248 602 -3055.41
1 248 605 -1018.47
1 248 608 -1018.47
1 248 609 -2036.94
1 248 610 -3055.41
1 248 611 -6110.82
1 248 612 -6110.82
1 248 613 -7129.29
1 248 618 -1018.47
1 248 619 -1018.47
1 248 620 -1018.47
1 248 623 -2036.94
1 249 333 -1018.47
1 249 334 -1018.47
1 249 365 -2036.94
1 249 366 -3055.41
1 249 367 -1018.47
1 249 368 -3055.41
1 249 371 -1018.47
1 249 387 -1018.47
1 249 388 -1018.47
1 249 400 -1018.47
1 249 412 -1018.47
1 249 567 -1018.47
1 249 593 -2036.94
1 249 595 -6110.82
1 249 596 -7129.29
1 249 597 -11203.2
1 249 603 -3055.41
1 249 604 -8147.76
1 249 605 -5092.35
1 249 607 -4073.88
1 249 609 -1018.47
1 249 610 -2036.94
1 249 611 -5092.35
1 249 612 -9166.23
1 249 613 -2036.94
1 249 618 -1018.47
1 249 623 -1018.47
1 250 331 -1018.47
1 250 355 -1018.47
1 250 365 -2036.94
1 250 366 -5092.35
1 250 367 -3055.41
1 250 368 -1018.47
1 250 369 -2036.94
1 250 370 -2036.94
1 250 371 -6110.82
1 250 382 -1018.47
1 250 406 -1018.47
1 250 413 -1018.47
1 250 414 -1018.47
1 250 423 -1018.47
1 250 436 -1018.47
1 250 568 -1018.47
1 250 579 -1018.47
1 250 591 -1018.47
1 250 594 -1018.47
1 250 596 -8147.76
1 250 597 -2036.94
1 250 602 -1018.47
1 250 603 -7129.29
1 250 604 -6110.82
1 250 605 -4073.88
1 250 607 -1018.47
1 250 608 -3055.41
1 250 609 -1018.47
1 250 610 -1018.47
1 250 613 -1018.47
1 251 276 -1018.47
1 251 322 -1018.47
1 251 365 -3055.41
1 251 366 -9166.23
1 251 367 -2036.94
1 251 368 -2036.94
1 251 371 -1018.47
1 251 379 -1018.47
1 251 407 -1018.47
1 251 414 -1018.47
1 251 424 -1018.47
1 251 598 -1018.47
1 251 604 -1018.47
1 251 605 -1018.47
1 251 607 -1018.47
1 251 610 -1018.47
1 252 236 -1018.47
1 252 365 -3055.41
1 252 366 -7129.29
1 252 367 -7129.29
1 252 368 -2036.94
1 252 376 -1018.47
1 252 412 -1018.47
1 252 416 -1018.47
1 252 428 -1018.47
1 252 506 -1018.47
1 252 507 -1018.47
1 252 528 -1018.47
1 252 534 -1018.47
1 252 544 -1018.47
1 252 576 -1018.47
1 252 591 -2036.94
1 252 596 -2036.94
1 252 597 -2036.94
1 252 598 -1018.47
1 252 599 -2036.94
1 252 608 -2036.94
1 252 609 -1018.47
1 252 611 -1018.47
1 252 620 -1018.47
1 253 259 -1018.47
1 253 342 -1018.47
1 253 363 -1018.47
1 253 365 -2036.94
1 253 366 -6110.82
1 253 367 -4073.88
1 253 370 -1018.47
1 253 375 -2036.94
1 253 404 -1018.47
1 253 433 -2036.94
1 253 506 -1018.47
1 253 543 -1018.47
1 253 546 -1018.47
1 253 547 -1018.47
1 253 566 -1018.47
1 253 586 -2036.94
1 253 596 -1018.47
1 253 597 -4073.88
1 253 601 -1018.47
1 253 604 -1018.47
1 253 605 -1018.47
1 253 614 -3055.41
1 254 366 -2036.94
1 254 478 -1018.47
1 254 581 -1018.47
1 254 584 -1018.47
1 254 585 -6110.82
1 254 586 -5092.35
1 254 587 -3055.41
1 254 588 -3055.41
1 254 589 -4073.88
1 254 598 -1018.47
1 254 599 -1018.47
1 254 601 -2036.94
1 254 604 -2036.94
1 254 605 -1018.47
1 254 606 -1018.47
1 254 611 -1018.47
1 255 341 -1018.47
1 255 346 -1018.47
1 255 371 -1018.47
1 255 402 -1018.47
1 255 442 -1018.47
1 255 445 -1018.47
1 255 461 -1018.47
1 255 479 -1018.47
1 255 512 -1018.47
1 255 513 -1018.47
1 255 526 -1018.47
1 255 547 -1018.47
1 255 548 -1018.47
1 255 565 -1018.47
1 255 583 -3055.41
1 255 584 -4073.88
1 255 585 -4073.88
1 255 586 -4073.88
1 255 587 -2036.94
1 255 588 -1018.47
1 255 591 -1018.47
1 255 594 -1018.47
1 255 597 -1018.47
1 255 600 -2036.94
1 255 607 -1018.47
1 256 346 -1018.47
1 256 350 -1018.47
1 256 367 -1018.47
1 256 373 -1018.47
1 256 374 -1018.47
1 256 491 -1018.47
1 256 526 -1018.47
1 256 531 -3055.41
1 256 532 -1018.47
1 256 547 -1018.47
1 256 548 -2036.94
1 256 549 -1018.47
1 256 575 -1018.47
1 256 578 -2036.94
1 256 580 -1018.47
1 256 584 -3055.41
1 256 585 -2036.94
1 256 592 -2036.94
1 256 594 -7129.29
1 256 595 -4073.88
1 256 607 -4073.88
1 256 608 -2036.94
1 256 609 -1018.47
1 257 330 -1018.47
1 257 461 -1018.47
1 257 497 -1018.47
1 257 503 -1018.47
1 257 506 -1018.47
1 257 512 -1018.47
1 257 527 -3055.41
1 257 529 -1018.47
1 257 532 -1018.47
1 257 549 -1018.47
1 257 574 -1018.47
1 257 575 -3055.41
1 257 584 -3055.41
1 257 585 -3055.41
1 257 593 -2036.94
1 257 594 -8147.76
1 257 595 -4073.88
1 257 597 -2036.94
1 257 606 -7129.29
1 257 607 -1018.47
1 258 307 -1018.47
1 258 330 -1018.47
1 258 366 -1018.47
1 258 485 -2036.94
1 258 489 -2036.94
1 258 491 -1018.47
1 258 493 -1018.47
1 258 494 -1018.47
1 258 496 -1018.47
1 258 497 -1018.47
1 258 498 -3055.41
1 258 499 -2036.94
1 258 502 -1018.47
1 258 503 -1018.47
1 258 529 -2036.94
1 258 531 -1018.47
1 258 532 -1018.47
1 258 533 -2036.94
1 258 535 -1018.47
1 258 546 -1018.47
1 258 550 -1018.47
1 258 556 -2036.94
1 258 564 -1018.47
1 258 576 -1018.47
1 258 583 -1018.47
1 258 584 -3055.41
1 258 586 -3055.41
1 258 594 -3055.41
1 258 606 -5092.35
1 258 607 -1018.47
1 259 346 -1018.47
1 259 369 -2036.94
1 259 402 -1018.47
1 259 444 -1018.47
1 259 456 -1018.47
1 259 485 -1018.47
1 259 486 -1018.47
1 259 488 -1018.47
1 259 489 -1018.47
1 259 490 -2036.94
1 259 509 -2036.94
1 259 510 -1018.47
1 259 522 -1018.47
1 259 528 -1018.47
1 259 529 -1018.47
1 259 531 -1018.47
1 259 532 -1018.47
1 259 545 -1018.47
1 259 549 -1018.47
1 259 554 -2036.94
1 259 555 -2036.94
1 259 556 -3055.41
1 259 557 -3055.41
1 259 575 -4073.88
1 259 576 -1018.47
1 259 579 -1018.47
1 259 584 -1018.47
1 259 585 -4073.88
1 259 586 -2036.94
1 260 369 -2036.94
1 260 404 -2036.94
1 260 443 -1018.47
1 260 454 -1018.47
1 260 485 -1018.47
1 260 486 -2036.94
1 260 487 -1018.47
1 260 492 -1018.47
1 260 499 -1018.47
1 260 502 -2036.94
1 260 517 -1018.47
1 260 527 -1018.47
1 260 545 -3055.41
1 260 548 -1018.47
1 260 554 -1018.47
1 260 556 -1018.47
1 260 567 -1018.47
1 260 576 -1018.47
1 260 577 -1018.47
1 261 397 -1018.47
1 261 404 -1018.47
1 261 444 -1018.47
1 261 483 -1018.47
1 261 487 -1018.47
1 261 501 -1018.47
1 261 502 -1018.47
1 261 545 -1018.47
1 261 551 -1018.47
1 261 552 -1018.47
1 261 565 -1018.47
1 262 254 -1018.47
1 262 353 -2036.94
1 262 369 -1018.47
1 262 425 -1018.47
1 262 443 -1018.47
1 262 458 -1018.47
1 262 483 -2036.94
1 262 493 -1018.47
1 262 501 -1018.47
1 262 502 -1018.47
1 262 523 -1018.47
1 262 524 -1018.47
1 262 535 -1018.47
1 262 536 -1018.47
1 262 537 -1018.47
1 262 542 -1018.47
1 262 546 -1018.47
1 262 584 -1018.47
1 262 587 -1018.47
1 263 355 -1018.47
1 263 415 -1018.47
1 263 484 -1018.47
1 263 493 -1018.47
1 263 509 -1018.47
1 263 522 -1018.47
1 263 523 -2036.94
1 263 524 -2036.94
1 263 541 -2036.94
1 263 542 -1018.47
1 263 543 -1018.47
1 263 546 -2036.94
1 263 576 -1018.47
1 263 579 -1018.47
1 263 581 -4073.88
1 264 369 -1018.47
1 264 379 -1018.47
1 264 481 -1018.47
1 264 482 -1018.47
1 264 493 -1018.47
1 264 503 -1018.47
1 264 504 -1018.47
1 264 516 -1018.47
1 264 521 -3055.41
1 264 527 -1018.47
1 264 543 -4073.88
1 264 568 -1018.47
1 264 575 -1018.47
1 264 576 -2036.94
1 265 336 -1018.47
1 265 367 -2036.94
1 265 457 -1018.47
1 265 459 -1018.47
1 265 511 -1018.47
1 265 516 -1018.47
1 265 520 -1018.47
1 265 524 -1018.47
1 265 568 -2036.94
1 266 314 -1018.47
1 266 413 -1018.47
1 266 456 -1018.47
1 266 478 -1018.47
1 266 481 -1018.47
1 266 483 -1018.47
1 266 484 -1018.47
1 266 485 -1018.47
1 266 492 -1018.47
1 266 498 -1018.47
1 266 505 -1018.47
1 266 518 -1018.47
1 266 523 -1018.47
1 266 543 -1018.47
1 266 545 -1018.47
1 266 549 -1018.47
1 266 555 -1018.47
1 267 337 -1018.47
1 267 365 -1018.47
1 267 381 -1018.47
1 267 459 -1018.47
1 267 460 -2036.94
1 267 505 -1018.47
1 267 507 -1018.47
1 267 543 -1018.47
1 267 544 -2036.94
1 267 549 -1018.47
1 267 553 -3055.41
1 267 562 -1018.47
1 268 507 -2036.94
1 268 540 -1018.47
1 268 541 -1018.47
1 268 542 -2036.94
1 268 543 -4073.88
1 268 544 -2036.94
1 268 549 -1018.47
1 268 551 -1018.47
1 268 552 -1018.47
1 268 553 -1018.47
1 269 362 -1018.47
1 269 505 -2036.94
1 269 507 -1018.47
1 269 528 -1018.47
1 269 543 -1018.47
1 269 547 -2036.94
1 270 474 -1018.47
1 270 475 -2036.94
1 270 479 -1018.47
1 270 491 -1018.47
1 270 504 -1018.47
1 270 507 -1018.47
1 270 526 -1018.47
1 271 375 -1018.47
1 271 388 -1018.47
1 271 479 -1018.47
1 271 481 -1018.47
1 271 487 -1018.47
1 271 491 -1018.47
1 271 526 -1018.47
1 272 469 -1018.47
1 272 493 -1018.47
1 272 495 -2036.94
1 272 496 -1018.47
1 272 502 -1018.47
1 272 526 -3055.41
1 273 441 -1018.47
1 273 462 -1018.47
1 273 526 -1018.47
1 275 463 -1018.47
1 275 480 -1018.47
1 275 502 -1018.47
1 275 504 -1018.47
1 276 502 -1018.47
1 277 393 -1018.47
1 279 459 -1018.47
1 280 563 -1018.47
1 282 434 -1018.47
1 282 435 -1018.47
1 283 461 -1018.47
1 283 482 -1018.47
1 283 483 -1018.47
1 285 437 -1018.47
1 285 482 -1018.47
1 285 483 -1018.47
1 286 377 -1018.47
1 286 464 -1018.47
1 288 469 -1018.47
1 289 362 -1018.47
1 289 443 -1018.47
1 292 358 -1018.47
1 293 390 -3055.41
1 293 391 -1018.47
1 296 390 -1018.47
1 301 359 -1018.47
1 301 378 -1018.47
1 85 106 -1018.47
1 92 112 -2036.94
1 93 117 -1018.47
1 97 89 -1018.47
1 98 101 -1018.47
1 99 126 -1018.47
1 99 136 -1018.47
1 147 119 -20618.4
1 156 158 -11906.4
1 157 160 -11616.0
1 170 169 -46464.0
1 199 225 -34557.6
1 234 285 -17133.6
1 244 234 -105270.0
1 259 541 -435.6
1 265 469 -145.2
1 267 479 -580.8
1 271 361 -1226.68
1 285 433 -36735.6
1 291 453 -32061.1
1 109 116 -16117.2
1 131 118 -2468.4
1 132 183 -7260.0
1 137 123 -16552.8
1 140 173 -9728.4
1 152 130 -4501.2
1 157 190 -145.2
1 158 205 -34557.6
1 164 258 -39930.0
1 169 164 -83344.8
1 172 162 -18295.2
1 172 163 -13068.0
1 173 196 -290.4
1 175 213 -27588.0
1 195 280 -15972.0
1 202 295 -13939.2
1 203 296 -35283.6
1 218 173 -48642.0
1 267 346 -4356.0
1 271 470 -2032.8
1 274 431 -2659060.0
1 299 335 -146652.0
1 148 113 -20908.8
1 149 118 -20328.0
1 151 143 -435.6
1 152 183 -21199.2
1 153 185 -14665.2
1 153 212 -25990.8
1 159 188 -290.4
1 161 161 -13939.2
1 162 171 -435.6
1 164 159 -30492.0
1 175 178 -1306.8
1 188 287 -1161.6
1 189 206 -17714.4
1 221 361 -1161.6
1 222 252 -32379.6
1 222 266 -43560.0
1 224 273 -10309.2
1 237 292 -20815.9
1 245 243 -19166.4
1 248 238 -36590.4
1 248 331 -7550.4
1 271 268 -13068.0
1 274 278 -5808.0
1 289 355 -871.2
1 296 391 -145.2
1 296 393 -4936.8
1 141 165 -435.6
1 146 150 -60984.0
1 146 180 -47335.2
1 147 148 -95832.0
1 149 124 -435.6
1 149 181 -47916.0
1 149 202 -33250.8
1 150 183 -49803.6
1 150 186 -42543.6
1 151 211 -50239.2
1 152 180 -51691.2
1 154 113 -580.8
1 158 173 -7840.8
1 164 124 -3194.4
1 165 167 -45012.0
1 168 164 -12051.6
1 168 166 -14084.4
1 176 222 -2758.8
1 206 280 -4210.8
1 209 281 -27474.7
1 213 270 -6679.2
1 221 317 -14955.6
1 228 354 -12342.0
1 236 342 -5662.8
1 236 344 -3920.4
1 240 337 -10454.4
1 240 357 -11325.6
1 251 334 -1161.6
1 263 344 -145.2
1 265 517 -145.2
1 267 321 -12051.6
1 267 428 -579.28
1 270 361 -12487.2
1 271 363 -8276.4
1 275 399 -1051.47
1 284 333 -871.2
1 296 358 -31508.4
1 297 356 -10164.0
1 299 347 -7986.0
1 134 123 -30201.6
1 142 169 -2323.2
1 146 146 -4791.6
1 152 213 -11761.2
1 155 116 -51836.4
1 156 214 -18585.6
1 161 185 -3049.2
1 163 186 -4210.8
1 166 203 -1452.0
1 168 216 -32379.6
1 183 232 -9002.4
1 201 310 -290.4
1 211 195 -2323.2
1 226 354 -5808.0
1 230 358 -2904.0
1 232 347 -145.2
1 248 344 -129.45
1 263 427 -145.2
1 263 570 -145.2
1 286 302 -1452.0
1 292 360 -1597.2
1 293 357 -12777.6
1 297 439 -1335580.0
1 132 120 -18295.2
1 134 124 -19021.2
1 134 126 -10454.4
1 135 122 -11616.0
1 137 128 -25700.4
1 148 119 -7405.2
1 150 118 -22215.6
1 150 121 -21780.0
1 150 127 -1306.8
1 152 118 -9873.6
1 153 122 -9147.6
1 153 123 -11035.2
1 155 125 -13503.6
1 156 124 -7405.2
1 158 138 -9147.6
1 158 140 -19166.4
1 160 139 -16843.2
1 185 168 -24974.4
1 189 126 -41236.8
1 230 223 -7550.4
1 276 358 -145.2
1 276 359 -63307.2
1 281 445 -145.2
1 137 168 -36445.2
1 149 213 -3775.2
1 190 250 -14520.0
1 192 197 -9583.2
1 202 228 -12196.8
1 210 253 -1597.2
1 245 324 -4646.4
1 270 480 -580.8
1 144 124 -3049.2
1 145 131 -11470.8
1 148 166 -8712.0
1 151 118 -34702.8
1 158 114 -3194.4
1 188 204 -8276.4
1 203 340 -1236.1
1 208 226 -435.6
1 211 266 -56872.2
1 213 276 -28179.9
1 214 274 -136286.0
1 220 278 -1297.59
1 223 372 -3775.2
1 232 398 -435.6
1 233 375 -1452.0
1 239 385 -3208.37
1 239 406 -385.91
1 241 238 -4501.2
1 245 408 -9147.6
1 246 320 -435.6
1 248 454 -1161.6
1 259 351 -3559.52
1 263 492 -2.8
1 269 360 -8154.52
1 272 360 -5227.2
1 273 521 -6969.6
1 274 327 -2904.0
1 274 521 -290.4
1 275 465 -102.49
1 280 371 -9147.6
1 294 354 -2904.0
1 297 377 -1452.0
1 147 116 -13648.8
1 147 183 -22506.0
1 156 122 -4356.0
1 205 310 -145.2
1 259 439 -435.6
1 257 342 -1887.6
1 201 251 -6243.6
1 201 301 -3194.4
1 251 286 -11180.4
1 265 488 -145.2
1 136 173 -7695.6
1 144 189 -5517.6
1 154 112 -3630.0
1 154 122 -15826.8
1 161 179 -56918.4
1 164 169 -1597.2
1 167 128 -1016.4
1 167 247 -726.0
1 183 124 -22651.2
1 186 125 -25410.0
1 204 300 -43.94
1 215 269 -45012.0
1 225 242 -23232.0
1 226 375 -82892.8
1 238 302 -14665.2
1 242 355 -175.83
1 244 321 -20182.8
1 245 406 -1161.6
1 248 593 -145.2
1 251 614 -1199.65
1 256 443 -230.29
1 258 335 -12075.8
1 258 339 -1536.44
1 258 416 -101.6
1 263 583 -316.4
1 266 470 -491.56
1 269 482 -145.2
1 270 476 -2758.8
1 273 523 -146071.0
1 274 506 -580.8
1 280 458 -588.2
1 297 388 -1087.27
1 298 384 -168.26
1 221 300 -290.4
1 140 116 -26571.6
1 272 494 -290.4
1 134 167 -42834.0
1 159 157 -38913.6
1 184 305 -53.98
1 197 298 -14.64
1 211 290 -36300.0
1 226 330 -17579.0
1 237 406 -11345.9
1 244 430 -1742.4
1 247 342 -340.97
1 253 427 -2784.57
1 253 443 -1033.64
1 254 398 -232.96
1 254 442 -2228.46
1 254 444 -251.25
1 254 445 -46.48
1 256 445 -576.61
1 261 346 -17188.9
1 261 369 -1859.5
1 265 559 -1532.87
1 271 364 -3920.4
1 271 471 -435.6
1 271 489 -9821.08
1 272 371 -145.2
1 262 394 -454597.0
1 167 168 -18440.4
1 157 122 -290.4
1 160 136 -1016.4
1 169 201 -7114.8
1 211 313 -43.76
1 212 315 -240.73
1 214 287 -95.8
1 224 372 -2032.8
1 246 609 -1555.6
1 247 343 -32.89
1 247 590 -2758.8
1 255 446 -526.15
1 261 525 -31.28
1 270 482 -84.66
1 276 386 -145.2
1 278 371 -4065.6
1 281 446 -871.2
1 291 458 -14.91
1 295 390 -6679.2
1 297 384 -290.4
1 297 387 -1306.8
1 165 158 -11906.4
1 178 212 -1742.4
1 145 147 -435.6
1 257 443 -507.99
1 162 205 -17859.6
1 170 249 -871.2
1 196 299 -6824.4
1 237 378 -10.56
1 240 386 -81.3
1 241 353 -143.43
1 244 330 -7840.8
1 247 341 -117.29
1 248 343 -140.99
1 253 400 -145.2
1 254 394 -34.62
1 254 400 -290.4
1 255 373 -145.2
1 261 362 -29475.6
1 263 353 -8.02
1 274 527 -311.25
1 277 429 -4.83
1 282 451 -1016.4
1 145 139 -1161.6
1 150 115 -42543.6
1 206 299 -84.54
1 261 461 -290.4
1 233 400 -7986.0
1 268 360 -871.2
1 117 117 -3920.4
1 244 355 -20720.5
1 245 261 -19530.8
1 290 355 -45242.1
1 264 351 -290.4
1 164 240 -580.8
1 173 170 -5662.8
1 181 179 -19456.8
1 201 297 -82.32
1 207 298 -29.99
1 232 373 -1083.43
1 233 392 -214.2
1 234 236 -290.4
1 235 390 -92.5
1 236 398 -1016.4
1 237 390 -948.94
1 237 399 -145.2
1 237 400 -145.2
1 241 374 -35.52
1 248 342 -22.28
1 248 606 -20.01
1 249 343 -52.58
1 249 344 -42.71
1 249 411 -496.31
1 253 418 -128.07
1 253 442 -945.08
1 254 600 -168.98
1 256 442 -37.62
1 258 597 -101.6
1 259 335 -868.92
1 259 428 -1016.4
1 263 467 -86974.8
1 263 468 -30637.2
1 267 481 -63.28
1 268 457 -145.2
1 278 469 -207.21
1 281 429 -609.14
1 283 394 -62.69
1 284 436 -4065.6
1 292 376 -145.2
1 296 414 -3.79
1 297 446 -145.2
1 300 390 -6680.08
1 162 179 -23232.0
1 240 379 -1016.4
1 144 126 -31798.8
1 146 126 -20328.0
1 147 130 -12632.4
1 148 141 -50239.2
1 223 371 -580.8
1 257 456 -290.4
1 247 419 -145.2
1 290 441 -145.2
1 257 602 -145.2
1 256 590 -33.06
1 290 403 -145.2
1 250 618 -1452.0
1 261 581 -145.2
1 241 405 -580.8
