1 204 346 -690.674
1 212 384 45000.0
1 212 385 45000.0
1 212 386 45000.0
1 212 387 45000.0
1 212 388 45000.0
1 212 389 45000.0
1 212 390 45000.0
1 212 391 45000.0
1 212 392 45000.0
1 212 393 45000.0
1 213 394 45000.0
1 213 395 45000.0
1 213 396 45000.0
1 213 397 45000.0
1 213 398 45000.0
1 213 399 45000.0
1 213 400 45000.0
1 213 401 45000.0
1 213 402 45000.0
1 214 403 45000.0
1 214 404 45000.0
1 214 405 45000.0
1 214 406 45000.0
1 214 407 45000.0
1 214 409 45000.0
1 214 410 45000.0
1 214 411 45000.0
1 214 412 45000.0
1 214 413 45000.0
1 214 414 45000.0
1 214 415 45000.0
1 215 416 45000.0
1 215 417 45000.0
1 227 417 45000.0
1 228 417 45000.0
1 229 417 45000.0
1 216 418 45000.0
1 226 418 45000.0
1 230 418 45000.0
1 217 419 45000.0
1 218 419 45000.0
1 219 419 45000.0
1 220 419 45000.0
1 221 419 45000.0
1 222 419 45000.0
1 223 419 45000.0
1 224 419 45000.0
1 225 419 45000.0
1 229 419 45000.0
1 229 420 45000.0
1 226 421 45000.0
1 227 421 45000.0
1 228 421 45000.0
1 224 422 45000.0
1 225 422 45000.0
1 224 423 45000.0
1 224 424 45000.0
1 225 424 45000.0
1 226 424 45000.0
1 227 424 45000.0
1 228 424 45000.0
1 229 425 45000.0
1 229 426 45000.0
1 229 427 45000.0
1 229 428 45000.0
1 229 429 45000.0
1 228 430 45000.0
1 228 431 45000.0
1 228 432 45000.0
1 228 433 45000.0
1 228 434 45000.0
1 228 435 45000.0
1 229 435 45000.0
1 230 436 45000.0
1 230 437 45000.0
1 230 438 45000.0
1 230 439 45000.0
1 230 440 45000.0
1 230 441 45000.0
1 230 442 45000.0
1 230 443 45000.0
1 230 444 45000.0
1 230 445 45000.0
1 230 446 45000.0
1 230 447 45000.0
1 230 448 45000.0
1 230 449 45000.0
1 230 450 45000.0
1 230 451 45000.0
1 230 452 45000.0
1 230 453 45000.0
1 230 454 45000.0
1 230 455 45000.0
1 230 456 45000.0
1 231 457 45000.0
1 231 458 45000.0
1 231 459 45000.0
1 231 460 45000.0
1 232 461 45000.0
1 232 462 45000.0
1 232 463 45000.0
1 232 464 45000.0
1 233 464 45000.0
1 234 464 45000.0
1 235 464 45000.0
1 236 464 45000.0
1 237 464 45000.0
1 238 464 45000.0
1 239 465 45000.0
1 239 466 45000.0
1 114 114 -5105.0
1 117 120 -690.674
1 129 121 -11597.4
1 130 122 -690.674
1 133 112 -45246.2
1 135 194 -1544.51
1 140 168 -6711.6
1 141 191 -14362.2
1 143 126 -22323.7
1 143 172 -9352.23
1 143 190 -40468.6
1 144 166 -14094.4
1 144 172 -10452.5
1 144 182 -30147.7
1 145 161 -32301.8
1 146 117 -13479.7
1 146 188 -46447.6
1 146 190 -578.9259999999999
1 147 132 -44283.7
1 147 145 -690.674
1 148 123 -41.3979
1 148 167 -19034.5
1 148 176 -46407.6
1 148 196 -24258.4
1 150 124 -7591.81
1 150 128 -12.0971
1 150 141 -9342.92
1 150 198 -33526.4
1 151 142 -6441.26
1 151 195 -20914.6
1 152 123 -8975.72
1 152 125 -7308.42
1 152 132 -37463.7
1 154 125 -163.004
1 154 171 -16799.4
1 154 249 -6533.85
1 155 112 -32179.4
1 156 129 -156777.0
1 157 135 -1381.35
1 157 140 -45270.1
1 158 133 -690.674
1 158 137 -15218.8
1 158 181 -57993.8
1 159 119 -517.474
1 159 173 -10879.9
1 160 119 -36500.5
1 161 125 -513.161
1 161 129 -267.361
1 161 188 -129.275
1 162 119 -1848.74
1 162 121 -24166.6
1 162 128 -220983.0
1 163 137 -2834.21
1 163 138 -690.674
1 164 135 -19101.8
1 164 187 -32740.3
1 165 130 -27755.4
1 165 131 -215.183
1 167 125 -12948.6
1 168 123 -251.102
1 168 208 -38255.8
1 169 127 -0.431228
1 169 163 -70874.9
1 170 131 -4936.33
1 170 163 -37987.1
1 171 130 -22722.9
1 171 132 -1.40516
1 172 130 -40749.7
1 173 224 -15456.8
1 174 123 -72738.2
1 174 135 -22.4826
1 175 134 -18777.2
1 175 204 -23252.6
1 176 176 -17050.2
1 176 202 -8801.93
1 177 133 -10010.4
1 178 164 -39426.0
1 178 261 -22687.7
1 179 181 -11662.8
1 179 183 -54379.7
1 179 210 -357.91900000000004
1 180 208 -30992.4
1 184 246 -15012.7
1 187 200 -91365.0
1 187 281 -1334.9
1 188 198 -49964.7
1 188 240 -45791.3
1 189 282 -1264.65
1 190 281 -46370.3
1 191 191 -19673.7
1 193 260 -24605.9
1 197 204 -11337.7
1 197 252 -8076.45
1 198 297 -2367.7
1 198 298 -727.1519999999999
1 199 211 -8523.12
1 199 231 -9594.51
1 199 298 -728.41
1 200 298 -690.674
1 201 234 -845.095
1 203 275 -59384.9
1 203 280 -9733.93
1 204 248 -21013.7
1 205 300 -706.0
1 206 196 -35265.9
1 206 286 -2529.29
1 206 300 -1397.0
1 211 255 -10150.9
1 212 258 -69531.6
1 213 264 -198.236
1 213 300 -14731.7
1 214 240 -2873.51
1 216 238 -1.40516
1 217 264 -11345.3
1 217 365 -235.882
1 218 179 -51861.7
1 221 223 -878.2260000000001
1 221 246 -27178.6
1 221 284 -20853.6
1 222 352 -27629.3
1 222 369 -145.32399999999998
1 223 271 -119508.0
1 224 301 -22533.3
1 224 374 -5505.49
1 226 311 -355.506
1 226 365 -1804.26
1 228 225 -27098.6
1 230 255 -1342.99
1 231 401 -690.674
1 232 364 -147.178
1 232 370 -151.232
1 233 337 -690.674
1 233 394 -1421.68
1 234 304 -3521.41
1 234 393 -716.655
1 235 367 -7123.89
1 235 400 -1604.6
1 236 263 -27954.3
1 236 351 -8430.97
1 236 609 -125.794
1 237 237 -5044.31
1 237 316 -31755.6
1 237 357 -6226.93
1 237 389 -690.674
1 238 221 -2903.06
1 238 398 -0.862456
1 238 605 -3479.97
1 238 609 -2106.04
1 239 338 -234.662
1 239 426 -369.131
1 239 605 -3517.07
1 239 606 -2110.14
1 239 619 -5749.25
1 240 380 -779.507
1 240 426 -773.9010000000001
1 240 608 -2797.16
1 241 335 -71758.8
1 241 342 -15074.6
1 241 604 -773.944
1 242 311 -7838.87
1 243 371 -7558.84
1 243 389 -1178.12
1 243 422 -46.3139
1 243 431 -531.273
1 243 605 -3453.37
1 244 431 -16.3867
1 244 605 -4182.06
1 244 621 -1381.35
1 245 238 -2279.17
1 245 322 -3695.63
1 245 337 -690.674
1 245 370 -16.129
1 245 621 -690.674
1 246 321 -3138.91
1 246 618 -2168.1
1 247 344 -761.2410000000001
1 247 383 -6036.33
1 247 384 -2236640.0
1 248 251 -22902.5
1 248 424 -2185.77
1 248 436 -2956.93
1 248 442 -69.859
1 248 444 -7145.88
1 248 589 -2617.12
1 249 373 -704.43
1 249 389 -933.178
1 249 424 -690.674
1 249 430 -30975.1
1 249 436 -5401.0
1 249 443 -6605.98
1 249 606 -3542.63
1 250 239 -113.818
1 250 326 -2581.76
1 250 424 -690.674
1 250 425 -362348.0
1 250 431 -17464.0
1 250 595 -2164.44
1 251 300 -16861.9
1 251 356 -86715.7
1 251 408 -849.5189999999999
1 251 456 -953.568
1 251 457 -5.95095
1 251 594 -718.3539999999999
1 251 595 -15974.3
1 251 596 -1554.59
1 252 230 -1704.46
1 252 329 -23191.5
1 252 450 -644.212
1 252 595 -705.7239999999999
1 252 606 -756.1339999999999
1 253 331 -11013.6
1 253 332 -15558.7
1 253 416 -260.309
1 253 420 -7325.48
1 253 445 -69692.1
1 254 338 -632.323
1 254 367 -28963.3
1 254 407 -74960.4
1 254 597 -705.322
1 254 607 -690.674
1 255 381 -17645.9
1 255 383 -36011.9
1 255 388 -24743.9
1 255 395 -2863.79
1 255 420 -7267.63
1 255 439 -15748.5
1 255 443 -79187.5
1 255 595 -787.5880000000001
1 255 596 -787.441
1 255 606 -690.674
1 255 609 -1381.35
1 256 314 -8189.49
1 256 335 -2988.78
1 256 341 -298.41
1 256 370 -292.79
1 256 413 -2023.75
1 256 586 -2081.78
1 256 593 -2762.7
1 257 238 -0.421548
1 257 324 -5053.56
1 257 413 -944.05
1 257 576 -1384.56
1 257 599 -8.65475
1 257 600 -79803.1
1 258 325 -5464.09
1 258 336 -1630.04
1 258 418 -78.0523
1 258 420 -269259.0
1 258 442 -375703.0
1 258 464 -1765.71
1 258 585 -4333.61
1 258 595 -1459.08
1 258 601 -25340.5
1 258 602 -13.3077
1 259 340 -2772.63
1 259 371 -5053.99
1 259 405 -29646.9
1 259 588 -31574.5
1 259 592 -690.674
1 259 593 -690.674
1 260 342 -23714.9
1 260 349 -489.444
1 260 407 -3458650.0
1 260 413 -328607.0
1 260 424 -405.225
1 260 461 -1730.95
1 260 463 -39294.1
1 260 464 -33599.1
1 260 585 -25961.4
1 260 586 -37608.0
1 261 337 -7706.05
1 261 355 -24355.7
1 261 381 -272161.0
1 261 418 -761.5239999999999
1 261 429 -143327.0
1 261 464 -5377.38
1 261 492 -730.9069999999999
1 261 571 -340.67
1 261 576 -1391.11
1 262 345 -26630.6
1 262 540 -116.561
1 262 564 -41906.8
1 262 568 -28590.4
1 262 570 -64988.7
1 263 471 -27050.9
1 263 477 -15064.7
1 263 520 -1400.11
1 263 574 -1840.05
1 263 582 -33.6229
1 264 265 -5127.43
1 264 344 -35171.2
1 264 355 -205.265
1 264 367 -690.674
1 264 407 -6138.1
1 264 428 -14592.8
1 264 468 -69.0655
1 264 471 -615.794
1 264 476 -1481.7
1 264 477 -31686.4
1 264 523 -2302.67
1 264 524 -668.2689999999999
1 264 549 -5637.45
1 265 364 -20142.7
1 265 374 -20069.4
1 265 422 -182306.0
1 265 523 -3471.39
1 266 337 -690.674
1 266 340 -234.662
1 266 462 -62.7437
1 267 391 -20565.3
1 267 396 -1.9620900000000001
1 267 463 -254.425
1 267 555 -690.674
1 267 556 -690.674
1 268 333 -5875.85
1 268 334 -335.834
1 268 436 -2933770.0
1 268 455 -12.7212
1 268 479 -704.2389999999999
1 268 480 -644.557
1 268 489 -2014.54
1 269 363 -740.567
1 269 397 -34634.5
1 269 456 -7821.62
1 269 483 -47.6835
1 269 541 -690.674
1 270 337 -2501.19
1 270 352 -11997.3
1 270 412 -20228.9
1 270 429 -1.95433
1 270 481 -728.7510000000001
1 270 483 -1358.47
1 270 484 -851.91
1 270 486 -2177.7
1 270 498 -35.0157
1 270 539 -101.339
1 271 319 -56495.2
1 271 371 -908.5980000000001
1 271 415 -95858.1
1 271 451 -1131.45
1 271 498 -8371.86
1 271 537 -21250.8
1 272 336 -12729.9
1 272 366 -390.44800000000004
1 272 368 -364509.0
1 272 388 -1007630.0
1 272 451 -24135.3
1 272 453 -68.0931
1 272 462 -1181240.0
1 272 490 -23.7195
1 272 491 -27.5986
1 272 497 -29543.5
1 272 498 -150264.0
1 272 530 -103727.0
1 272 532 -204980.0
1 272 535 -34343.0
1 273 363 -44.6841
1 273 392 -371.719
1 273 410 -5122.56
1 273 480 -1226.71
1 273 510 -690.674
1 273 516 -16723.0
1 273 517 -30.186
1 273 518 -212.33700000000002
1 274 409 -4141.52
1 274 520 -55930.3
1 274 523 -854.3380000000001
1 275 367 -90586.5
1 275 441 -40316.4
1 275 506 -3614.45
1 276 366 -71558.0
1 276 392 -1808.14
1 276 446 -922.3969999999999
1 276 474 -22863.7
1 277 294 -41574.7
1 277 390 -7586.27
1 277 407 -952148.0
1 277 431 -4299.34
1 277 454 -34.4983
1 277 468 -145.454
1 277 472 -38672.6
1 277 480 -29698.7
1 278 365 -23560.2
1 278 435 -14463.4
1 278 482 -3974.63
1 279 310 -24968.1
1 279 336 -4069.92
1 279 433 -45723.1
1 279 475 -70889.6
1 279 485 -24557.9
1 280 365 -14511.1
1 280 433 -94745.1
1 280 442 -5605.97
1 280 469 -18700.9
1 280 471 -15428.5
1 281 458 -373144.0
1 282 409 -4105.29
1 282 424 -1075.05
1 282 430 -396.514
1 282 436 -40979.6
1 282 454 -5304.11
1 283 354 -4496.52
1 283 429 -271303.0
1 283 449 -65.676
1 283 452 -32467.2
1 283 455 -58095.1
1 283 468 -33379.6
1 284 339 -70816.3
1 284 457 -4016.03
1 284 463 -176.804
1 284 481 -6412.36
1 285 336 -39596.4
1 285 374 -1785.28
1 285 467 -119644.0
1 285 475 -95397.7
1 286 330 -54925.5
1 286 425 -356921.0
1 286 477 -64110.7
1 287 426 -690.674
1 287 477 -32704.3
1 288 372 -131.95600000000002
1 288 419 -12688.0
1 288 423 -914.204
1 288 426 -690.674
1 289 404 -150696.0
1 289 459 -112.119
1 289 468 -457.102
1 290 382 -259604.0
1 290 402 -345.414
1 290 411 -1788.52
1 290 412 -22934.6
1 290 413 -55.9734
1 290 420 -37.9481
1 291 350 -1181.57
1 291 373 -883.155
1 291 399 -327952.0
1 291 419 -414075.0
1 292 365 -11699.2
1 292 416 -134895.0
1 292 469 -13381.0
1 293 440 -58.2181
1 294 435 -411.82300000000004
1 294 447 -42083.6
1 295 391 -0.431228
1 295 430 -7956.85
1 296 388 -825.664
1 296 398 -49461.9
1 296 433 -529.746
1 297 383 -568.79
1 297 395 -0.0004312
1 297 401 -102688.0
1 297 402 -82437.9
1 297 413 -2433620.0
1 297 415 -58957.5
1 297 442 -34274.0
1 298 389 -2203.29
1 298 390 -4790.59
1 299 354 -19391.5
1 299 355 -30.9135
1 102 110 -690.674
1 102 113 -690.674
1 103 100 -690.674
1 103 104 -690.674
1 104 115 -690.674
1 105 115 -690.674
1 105 139 -690.674
1 108 117 -690.674
1 109 112 -690.674
1 111 155 -690.674
1 111 208 -690.674
1 112 181 -690.674
1 113 111 -690.674
1 113 159 -690.674
1 113 211 -690.674
1 114 173 -690.674
1 114 212 -1381.35
1 115 212 -1381.35
1 116 121 -690.674
1 116 150 -690.674
1 116 166 -690.674
1 117 119 -690.674
1 117 168 -690.674
1 117 210 -690.674
1 119 194 -690.674
1 119 202 -690.674
1 119 96 -690.674
1 120 155 -690.674
1 120 94 -690.674
1 121 187 -690.674
1 123 110 -690.674
1 123 111 -690.674
1 123 158 -690.674
1 123 168 -690.674
1 123 193 -690.674
1 123 202 -1381.35
1 125 150 -690.674
1 125 151 -690.674
1 125 193 -690.674
1 125 194 -690.674
1 126 121 -690.674
1 126 191 -690.674
1 126 195 -690.674
1 127 150 -690.674
1 127 160 -690.674
1 127 169 -690.674
1 127 195 -690.674
1 127 199 -1381.35
1 128 122 -690.674
1 128 148 -690.674
1 128 149 -690.674
1 128 152 -690.674
1 128 153 -690.674
1 128 154 -690.674
1 128 157 -690.674
1 128 199 -690.674
1 129 117 -690.674
1 129 119 -690.674
1 129 122 -690.674
1 129 146 -690.674
1 129 154 -1381.35
1 129 162 -690.674
1 129 176 -690.674
1 130 120 -690.674
1 130 154 -690.674
1 130 155 -690.674
1 130 156 -2072.02
1 130 194 -690.674
1 131 112 -690.674
1 131 121 -690.674
1 131 122 -690.674
1 131 150 -690.674
1 131 156 -690.674
1 131 157 -690.674
1 131 158 -690.674
1 131 161 -1381.35
1 131 198 -690.674
1 132 112 -690.674
1 132 155 -690.674
1 132 156 -690.674
1 132 160 -690.674
1 132 161 -1381.35
1 133 155 -690.674
1 133 159 -690.674
1 133 160 -1381.35
1 133 192 -1381.35
1 133 193 -690.674
1 134 148 -690.674
1 134 150 -690.674
1 134 151 -690.674
1 134 156 -690.674
1 134 191 -690.674
1 134 193 -2762.69
1 135 148 -3453.37
1 135 149 -1381.35
1 135 156 -690.674
1 135 157 -690.674
1 135 193 -2072.02
1 136 147 -690.674
1 136 148 -690.674
1 136 149 -690.674
1 136 150 -1381.35
1 136 153 -690.674
1 136 155 -690.674
1 137 148 -690.674
1 137 150 -690.674
1 137 153 -1381.35
1 137 154 -690.674
1 137 157 -2072.02
1 137 175 -690.674
1 137 206 -690.674
1 138 151 -690.674
1 138 152 -690.674
1 138 153 -2072.02
1 138 168 -690.674
1 138 169 -690.674
1 139 151 -690.674
1 140 138 -690.674
1 140 155 -2762.69
1 140 156 -690.674
1 140 171 -690.674
1 140 180 -690.674
1 141 149 -690.674
1 141 154 -1381.35
1 141 157 -690.674
1 141 171 -690.674
1 141 199 -1381.35
1 142 155 -690.674
1 142 156 -690.674
1 142 157 -690.674
1 142 158 -690.674
1 142 174 -690.674
1 142 179 -690.674
1 142 201 -690.674
1 143 146 -690.674
1 143 157 -2072.02
1 144 142 -1381.35
1 144 173 -690.674
1 145 142 -690.674
1 145 143 -690.674
1 145 151 -690.674
1 145 187 -690.674
1 145 226 -690.674
1 146 140 -690.674
1 146 141 -1381.35
1 146 145 -690.674
1 146 208 -690.674
1 146 229 -690.674
1 146 230 -690.674
1 146 232 -690.674
1 147 139 -2072.02
1 147 140 -690.674
1 147 141 -690.674
1 147 142 -690.674
1 147 229 -690.674
1 147 230 -690.674
1 147 233 -690.674
1 147 239 -690.674
1 147 240 -690.674
1 148 217 -690.674
1 148 221 -690.674
1 149 127 -690.674
1 149 147 -690.674
1 149 154 -690.674
1 149 222 -690.674
1 149 253 -690.674
1 150 160 -690.674
1 150 164 -690.674
1 150 177 -690.674
1 150 227 -690.674
1 150 236 -690.674
1 151 128 -690.674
1 151 228 -690.674
1 152 153 -690.674
1 152 173 -690.674
1 152 176 -690.674
1 152 222 -690.674
1 152 228 -690.674
1 153 126 -690.674
1 153 136 -690.674
1 153 155 -690.674
1 153 232 -690.674
1 153 238 -690.674
1 153 253 -690.674
1 154 126 -690.674
1 154 133 -690.674
1 154 161 -690.674
1 154 172 -690.674
1 154 220 -690.674
1 154 244 -690.674
1 155 170 -1381.35
1 155 216 -690.674
1 155 262 -690.674
1 156 160 -690.674
1 156 211 -690.674
1 156 223 -690.674
1 157 132 -690.674
1 157 133 -690.674
1 157 134 -2072.02
1 157 136 -690.674
1 157 194 -690.674
1 157 207 -690.674
1 157 240 -690.674
1 158 135 -690.674
1 158 248 -690.674
1 159 152 -690.674
1 159 231 -690.674
1 159 240 -690.674
1 159 247 -690.674
1 159 248 -690.674
1 159 250 -690.674
1 159 251 -690.674
1 159 257 -690.674
1 160 133 -690.674
1 160 249 -1381.35
1 160 251 -1381.35
1 160 252 -690.674
1 160 253 -690.674
1 160 262 -690.674
1 161 144 -1381.35
1 161 251 -690.674
1 161 253 -690.674
1 162 137 -1381.35
1 162 252 -1381.35
1 162 253 -690.674
1 163 152 -690.674
1 163 190 -690.674
1 163 236 -690.674
1 164 278 -690.674
1 164 290 -690.674
1 164 299 -690.674
1 165 133 -1381.35
1 165 134 -1381.35
1 165 135 -690.674
1 165 290 -690.674
1 166 131 -690.674
1 166 132 -690.674
1 166 133 -1381.35
1 166 134 -690.674
1 166 135 -690.674
1 166 210 -690.674
1 166 254 -690.674
1 166 255 -690.674
1 167 127 -690.674
1 167 132 -1381.35
1 167 133 -1381.35
1 167 134 -2072.02
1 167 256 -690.674
1 167 288 -690.674
1 167 294 -690.674
1 168 130 -690.674
1 168 131 -690.674
1 168 132 -2762.69
1 168 133 -2762.69
1 168 286 -690.674
1 168 287 -1381.35
1 168 291 -1381.35
1 169 128 -1381.35
1 169 129 -2762.69
1 169 131 -690.674
1 169 132 -3453.37
1 169 133 -2072.02
1 169 134 -6216.06
1 169 135 -690.674
1 169 236 -690.674
1 169 260 -690.674
1 169 271 -690.674
1 169 287 -690.674
1 169 290 -690.674
1 170 133 -2072.02
1 170 134 -8288.08
1 170 136 -690.674
1 170 187 -690.674
1 170 256 -690.674
1 170 287 -690.674
1 170 292 -690.674
1 171 133 -1381.35
1 171 134 -690.674
1 171 136 -3453.37
1 171 290 -690.674
1 172 257 -690.674
1 172 284 -690.674
1 172 295 -1381.35
1 172 311 -690.674
1 173 258 -690.674
1 173 278 -690.674
1 173 290 -690.674
1 173 292 -690.674
1 173 293 -1381.35
1 173 294 -690.674
1 174 124 -690.674
1 174 253 -690.674
1 174 261 -690.674
1 174 270 -690.674
1 174 283 -690.674
1 174 289 -690.674
1 174 293 -690.674
1 175 260 -690.674
1 175 288 -690.674
1 175 292 -1381.35
1 175 293 -690.674
1 175 296 -690.674
1 175 305 -690.674
1 176 274 -690.674
1 176 305 -690.674
1 177 289 -690.674
1 177 290 -690.674
1 178 243 -690.674
1 178 280 -690.674
1 178 285 -690.674
1 178 302 -690.674
1 178 305 -690.674
1 178 306 -690.674
1 178 311 -690.674
1 179 278 -690.674
1 179 285 -690.674
1 180 149 -690.674
1 180 286 -690.674
1 181 297 -690.674
1 181 307 -690.674
1 181 308 -690.674
1 183 242 -690.674
1 183 285 -690.674
1 183 295 -690.674
1 183 308 -690.674
1 183 309 -690.674
1 183 318 -690.674
1 184 263 -690.674
1 184 285 -690.674
1 184 313 -690.674
1 184 319 -690.674
1 185 257 -690.674
1 185 305 -690.674
1 185 306 -690.674
1 185 307 -690.674
1 185 315 -690.674
1 186 255 -690.674
1 186 265 -690.674
1 186 307 -1381.35
1 186 310 -690.674
1 188 262 -690.674
1 188 294 -690.674
1 188 295 -690.674
1 189 295 -690.674
1 189 309 -690.674
1 190 307 -690.674
1 190 308 -690.674
1 190 324 -690.674
1 191 292 -1381.35
1 191 304 -690.674
1 191 305 -690.674
1 192 258 -690.674
1 192 284 -690.674
1 192 304 -690.674
1 192 316 -690.674
1 192 319 -690.674
1 193 262 -690.674
1 193 301 -690.674
1 193 311 -690.674
1 193 313 -1381.35
1 194 284 -690.674
1 194 313 -690.674
1 195 269 -690.674
1 195 287 -690.674
1 195 289 -690.674
1 195 300 -690.674
1 195 311 -690.674
1 195 313 -690.674
1 196 269 -690.674
1 196 275 -690.674
1 196 303 -690.674
1 196 324 -690.674
1 196 333 -690.674
1 197 264 -690.674
1 197 283 -690.674
1 197 300 -690.674
1 197 322 -690.674
1 197 325 -690.674
1 198 242 -690.674
1 198 276 -1381.35
1 198 309 -690.674
1 198 311 -690.674
1 199 283 -690.674
1 199 311 -690.674
1 199 324 -690.674
1 200 280 -690.674
1 200 286 -690.674
1 200 296 -690.674
1 200 299 -690.674
1 200 306 -690.674
1 200 307 -690.674
1 200 312 -690.674
1 200 343 -690.674
1 200 345 -690.674
1 201 257 -690.674
1 202 280 -690.674
1 202 287 -690.674
1 202 297 -690.674
1 202 301 -690.674
1 202 302 -690.674
1 203 215 -690.674
1 203 304 -690.674
1 203 305 -690.674
1 203 309 -690.674
1 203 315 -690.674
1 205 263 -690.674
1 205 303 -690.674
1 205 304 -690.674
1 205 317 -690.674
1 205 318 -690.674
1 205 319 -690.674
1 206 264 -690.674
1 206 270 -690.674
1 206 301 -690.674
1 206 304 -690.674
1 206 315 -690.674
1 206 317 -1381.35
1 207 262 -690.674
1 207 300 -690.674
1 207 301 -1381.35
1 207 303 -690.674
1 207 304 -690.674
1 207 306 -1381.35
1 207 315 -690.674
1 207 317 -690.674
1 208 298 -1381.35
1 208 299 -1381.35
1 208 306 -690.674
1 208 317 -690.674
1 208 328 -690.674
1 209 284 -690.674
1 209 297 -690.674
1 209 302 -690.674
1 210 284 -690.674
1 210 301 -690.674
1 210 302 -690.674
1 210 342 -690.674
1 211 301 -690.674
1 211 321 -690.674
1 212 295 -690.674
1 212 347 -690.674
1 213 226 -690.674
1 213 287 -690.674
1 213 303 -690.674
1 213 329 -690.674
1 214 319 -690.674
1 215 289 -690.674
1 215 311 -690.674
1 215 353 -690.674
1 216 323 -690.674
1 216 341 -690.674
1 217 244 -690.674
1 217 249 -690.674
1 217 351 -690.674
1 218 209 -690.674
1 218 243 -690.674
1 218 292 -690.674
1 218 345 -1381.35
1 221 240 -690.674
1 221 611 -690.674
1 222 254 -690.674
1 222 362 -690.674
1 224 338 -690.674
1 224 359 -690.674
1 225 323 -690.674
1 225 329 -690.674
1 225 332 -690.674
1 225 368 -690.674
1 225 373 -690.674
1 225 378 -690.674
1 225 382 -1381.35
1 226 323 -690.674
1 226 388 -1381.35
1 226 618 -690.674
1 227 315 -690.674
1 228 606 -690.674
1 229 385 -1381.35
1 229 392 -690.674
1 229 393 -690.674
1 229 397 -2762.69
1 229 618 -3453.37
1 230 338 -690.674
1 230 373 -1381.35
1 230 384 -690.674
1 230 392 -1381.35
1 230 393 -2762.69
1 230 396 -690.674
1 230 605 -690.674
1 231 343 -690.674
1 231 383 -690.674
1 231 392 -3453.37
1 231 393 -7597.41
1 231 398 -690.674
1 231 603 -690.674
1 231 607 -1381.35
1 232 259 -690.674
1 232 300 -690.674
1 232 384 -690.674
1 232 389 -690.674
1 232 393 -4144.04
1 232 394 -2762.69
1 232 405 -690.674
1 232 604 -1381.35
1 232 606 -1381.35
1 232 607 -2072.02
1 232 608 -690.674
1 233 373 -690.674
1 233 393 -690.674
1 233 403 -690.674
1 233 406 -2762.69
1 233 601 -1381.35
1 233 602 -690.674
1 234 374 -690.674
1 234 388 -690.674
1 234 389 -690.674
1 234 406 -2072.02
1 234 407 -1381.35
1 234 601 -690.674
1 234 602 -1381.35
1 234 603 -2072.02
1 234 604 -690.674
1 234 605 -1381.35
1 234 606 -690.674
1 234 609 -690.674
1 234 620 -690.674
1 234 621 -690.674
1 235 342 -690.674
1 235 368 -690.674
1 235 389 -690.674
1 235 392 -690.674
1 235 404 -690.674
1 235 406 -690.674
1 235 599 -690.674
1 235 600 -1381.35
1 235 602 -2072.02
1 235 603 -690.674
1 235 606 -690.674
1 235 608 -690.674
1 236 256 -690.674
1 236 359 -690.674
1 236 377 -1381.35
1 236 378 -690.674
1 236 389 -1381.35
1 236 600 -690.674
1 236 601 -690.674
1 236 602 -1381.35
1 236 605 -690.674
1 236 606 -690.674
1 236 607 -690.674
1 236 620 -690.674
1 237 330 -690.674
1 237 377 -690.674
1 237 384 -690.674
1 237 388 -690.674
1 237 605 -1381.35
1 237 606 -2072.02
1 237 607 -1381.35
1 237 608 -3453.37
1 237 609 -2072.02
1 237 620 -690.674
1 238 346 -690.674
1 238 391 -690.674
1 238 410 -690.674
1 238 602 -690.674
1 238 603 -690.674
1 238 606 -3453.37
1 238 607 -4144.04
1 238 608 -2762.69
1 238 610 -690.674
1 239 297 -15523.8
1 239 323 -690.674
1 239 404 -690.674
1 239 601 -690.674
1 239 603 -690.674
1 239 607 -1381.35
1 239 608 -2762.69
1 239 609 -2072.02
1 239 610 -1381.35
1 239 615 -1381.35
1 240 267 -690.674
1 240 319 -690.674
1 240 327 -701.284
1 240 352 -690.674
1 240 374 -1381.35
1 240 392 -1381.35
1 240 396 -690.674
1 240 406 -690.674
1 240 603 -690.674
1 240 605 -2072.02
1 240 606 -2762.69
1 240 607 -1381.35
1 240 620 -1381.35
1 240 621 -690.674
1 241 339 -690.674
1 241 352 -690.674
1 241 370 -1381.35
1 241 375 -690.674
1 241 409 -690.674
1 241 577 -690.674
1 241 603 -1381.35
1 241 605 -2072.02
1 241 606 -1381.35
1 241 607 -1381.35
1 241 608 -1381.35
1 241 609 -3453.37
1 241 610 -690.674
1 241 611 -690.674
1 241 620 -690.674
1 241 621 -690.674
1 242 314 -690.674
1 242 318 -690.674
1 242 336 -690.674
1 242 338 -690.674
1 242 339 -690.674
1 242 373 -2072.02
1 242 374 -4144.04
1 242 406 -1381.35
1 242 603 -1381.35
1 242 604 -4834.72
1 242 605 -6216.06
1 242 606 -2072.02
1 242 607 -3453.37
1 242 608 -3453.37
1 242 609 -2072.02
1 242 610 -2072.02
1 242 616 -690.674
1 242 622 -690.674
1 242 623 -2072.02
1 243 366 -690.674
1 243 369 -690.674
1 243 372 -1381.35
1 243 373 -5525.39
1 243 374 -2072.02
1 243 386 -690.674
1 243 391 -690.674
1 243 405 -690.674
1 243 406 -690.674
1 243 407 -1381.35
1 243 409 -690.674
1 243 577 -690.674
1 243 606 -4834.72
1 243 607 -3453.37
1 243 608 -1381.35
1 243 609 -4144.04
1 243 620 -690.674
1 243 622 -1381.35
1 243 623 -5525.39
1 244 371 -690.674
1 244 372 -1381.35
1 244 373 -2072.02
1 244 415 -690.674
1 244 598 -690.674
1 244 606 -2771.15
1 244 607 -690.674
1 244 611 -690.674
1 244 616 -690.674
1 244 622 -690.674
1 244 623 -2762.69
1 244 624 -690.674
1 245 312 -690.674
1 245 315 -690.674
1 245 326 -690.674
1 245 335 -690.674
1 245 338 -690.674
1 245 356 -1381.35
1 245 371 -690.674
1 245 413 -690.674
1 245 586 -690.674
1 245 604 -690.674
1 245 605 -2072.02
1 245 606 -3453.37
1 245 607 -2762.69
1 245 609 -3453.37
1 245 610 -1381.35
1 245 612 -1381.35
1 245 616 -1381.35
1 245 619 -690.674
1 245 620 -1381.35
1 245 622 -690.674
1 246 214 -690.674
1 246 342 -690.674
1 246 356 -690.674
1 246 357 -690.674
1 246 374 -690.674
1 246 413 -690.674
1 246 590 -690.674
1 246 599 -690.674
1 246 600 -4144.04
1 246 605 -2762.69
1 246 606 -4834.72
1 246 607 -2762.69
1 246 610 -690.674
1 246 612 -1381.35
1 246 614 -690.674
1 246 615 -690.674
1 246 623 -690.674
1 247 314 -690.674
1 247 331 -690.674
1 247 367 -1381.35
1 247 368 -3453.37
1 247 387 -1381.35
1 247 413 -690.674
1 247 578 -690.674
1 247 597 -690.674
1 247 598 -4834.72
1 247 599 -4144.04
1 247 600 -6906.74
1 247 601 -6906.74
1 247 605 -1381.35
1 247 609 -1381.35
1 247 610 -1381.35
1 247 611 -2762.69
1 247 612 -2762.69
1 247 613 -1381.35
1 247 618 -1381.35
1 247 619 -690.674
1 247 623 -690.674
1 248 307 -690.674
1 248 367 -690.674
1 248 368 -2762.69
1 248 371 -1381.35
1 248 372 -3453.37
1 248 387 -1381.35
1 248 388 -4144.04
1 248 413 -690.674
1 248 416 -690.674
1 248 529 -690.674
1 248 567 -690.674
1 248 596 -4834.72
1 248 597 -3453.37
1 248 598 -6906.74
1 248 599 -4144.04
1 248 600 -2762.69
1 248 601 -4144.04
1 248 602 -2072.02
1 248 605 -690.674
1 248 608 -690.674
1 248 609 -1381.35
1 248 610 -2072.02
1 248 611 -4144.04
1 248 612 -4144.04
1 248 613 -4834.72
1 248 618 -690.674
1 248 619 -690.674
1 248 620 -690.674
1 248 623 -1381.35
1 249 333 -690.674
1 249 334 -690.674
1 249 365 -1381.35
1 249 366 -2072.02
1 249 367 -690.674
1 249 368 -2072.02
1 249 371 -690.674
1 249 387 -690.674
1 249 388 -690.674
1 249 400 -690.674
1 249 412 -690.674
1 249 567 -690.674
1 249 593 -1381.35
1 249 595 -4144.04
1 249 596 -4834.72
1 249 597 -7597.41
1 249 603 -2072.02
1 249 604 -5525.39
1 249 605 -3453.37
1 249 607 -2762.69
1 249 609 -690.674
1 249 610 -1381.35
1 249 611 -3453.37
1 249 612 -6216.06
1 249 613 -1381.35
1 249 618 -690.674
1 249 623 -690.674
1 250 331 -735.953
1 250 355 -690.674
1 250 365 -1381.35
1 250 366 -3453.37
1 250 367 -2072.02
1 250 368 -690.674
1 250 369 -1381.35
1 250 370 -1381.35
1 250 371 -4159.95
1 250 382 -690.674
1 250 406 -690.674
1 250 413 -690.674
1 250 414 -690.674
1 250 423 -690.674
1 250 436 -690.674
1 250 568 -690.674
1 250 579 -690.674
1 250 591 -690.674
1 250 594 -690.674
1 250 596 -5525.39
1 250 597 -1381.35
1 250 602 -690.674
1 250 603 -4834.72
1 250 604 -4144.04
1 250 605 -2762.69
1 250 607 -690.674
1 250 608 -2072.02
1 250 609 -690.674
1 250 610 -690.674
1 250 613 -690.674
1 251 276 -690.674
1 251 322 -690.674
1 251 365 -2072.02
1 251 366 -6216.06
1 251 367 -1381.35
1 251 368 -1381.35
1 251 371 -690.674
1 251 379 -690.674
1 251 407 -690.674
1 251 414 -690.674
1 251 424 -690.674
1 251 598 -690.674
1 251 604 -690.674
1 251 605 -690.674
1 251 607 -690.674
1 251 610 -690.674
1 252 236 -690.674
1 252 365 -2072.02
1 252 366 -4834.72
1 252 367 -4834.72
1 252 368 -1381.35
1 252 376 -690.674
1 252 412 -690.674
1 252 416 -690.674
1 252 428 -690.674
1 252 506 -690.674
1 252 507 -690.674
1 252 528 -690.674
1 252 534 -690.674
1 252 544 -690.674
1 252 576 -690.674
1 252 591 -1381.35
1 252 596 -1425.46
1 252 597 -1381.35
1 252 598 -690.674
1 252 599 -1381.35
1 252 608 -1381.35
1 252 609 -690.674
1 252 611 -690.674
1 252 620 -690.674
1 253 259 -690.674
1 253 342 -690.674
1 253 363 -690.674
1 253 365 -1381.35
1 253 366 -4144.04
1 253 367 -2762.69
1 253 370 -690.674
1 253 375 -1381.35
1 253 404 -690.674
1 253 433 -1381.35
1 253 506 -690.674
1 253 543 -690.674
1 253 546 -690.674
1 253 547 -690.674
1 253 566 -690.674
1 253 586 -1381.35
1 253 596 -690.674
1 253 597 -2762.69
1 253 601 -690.674
1 253 604 -690.674
1 253 605 -690.674
1 253 614 -2072.02
1 254 366 -1381.35
1 254 478 -690.674
1 254 581 -690.674
1 254 584 -690.674
1 254 585 -4144.04
1 254 586 -3453.37
1 254 587 -2072.02
1 254 588 -2072.02
1 254 589 -2762.69
1 254 598 -690.674
1 254 599 -690.674
1 254 601 -1381.35
1 254 604 -1381.35
1 254 605 -690.674
1 254 606 -690.674
1 254 611 -690.674
1 255 341 -690.674
1 255 346 -690.674
1 255 371 -690.674
1 255 402 -690.674
1 255 442 -690.674
1 255 445 -690.674
1 255 461 -690.674
1 255 479 -690.674
1 255 512 -690.674
1 255 513 -690.674
1 255 526 -690.674
1 255 547 -690.674
1 255 548 -690.674
1 255 565 -690.674
1 255 583 -2072.02
1 255 584 -2762.69
1 255 585 -2762.69
1 255 586 -2762.69
1 255 587 -1381.35
1 255 588 -690.674
1 255 591 -690.674
1 255 594 -690.674
1 255 597 -690.674
1 255 600 -1381.35
1 255 607 -690.674
1 256 346 -690.674
1 256 350 -690.674
1 256 367 -690.674
1 256 373 -690.674
1 256 374 -690.674
1 256 491 -690.674
1 256 526 -690.674
1 256 531 -2072.02
1 256 532 -690.674
1 256 547 -690.674
1 256 548 -1381.35
1 256 549 -690.674
1 256 575 -690.674
1 256 578 -1381.35
1 256 580 -690.674
1 256 584 -2072.02
1 256 585 -1381.35
1 256 592 -1381.35
1 256 594 -4835.3
1 256 595 -2762.69
1 256 607 -2762.69
1 256 608 -1381.35
1 256 609 -690.674
1 257 330 -690.674
1 257 461 -690.674
1 257 497 -690.674
1 257 503 -690.674
1 257 506 -690.674
1 257 512 -690.674
1 257 527 -2072.02
1 257 529 -690.674
1 257 532 -690.674
1 257 549 -690.674
1 257 574 -690.674
1 257 575 -2072.02
1 257 584 -2072.02
1 257 585 -2072.02
1 257 593 -1381.35
1 257 594 -5525.39
1 257 595 -2762.69
1 257 597 -1381.35
1 257 606 -4834.72
1 257 607 -690.674
1 258 307 -690.674
1 258 330 -690.674
1 258 366 -690.674
1 258 485 -1381.35
1 258 489 -1381.35
1 258 491 -690.674
1 258 493 -690.674
1 258 494 -690.674
1 258 496 -690.674
1 258 497 -690.674
1 258 498 -2072.02
1 258 499 -1381.35
1 258 502 -690.674
1 258 503 -690.674
1 258 529 -1381.35
1 258 531 -690.674
1 258 532 -690.674
1 258 533 -1381.35
1 258 535 -690.674
1 258 546 -690.674
1 258 550 -690.674
1 258 556 -1381.35
1 258 564 -690.674
1 258 576 -690.674
1 258 583 -690.674
1 258 584 -2072.02
1 258 586 -2072.02
1 258 594 -2072.02
1 258 606 -3453.37
1 258 607 -690.674
1 259 346 -690.674
1 259 369 -1381.35
1 259 402 -690.674
1 259 444 -690.674
1 259 456 -690.674
1 259 485 -690.674
1 259 486 -690.674
1 259 488 -690.674
1 259 489 -690.674
1 259 490 -1381.35
1 259 509 -1381.35
1 259 510 -690.674
1 259 522 -690.674
1 259 528 -690.674
1 259 529 -690.674
1 259 531 -690.674
1 259 532 -690.674
1 259 545 -690.674
1 259 549 -690.674
1 259 554 -1381.35
1 259 555 -1381.35
1 259 556 -2072.02
1 259 557 -2072.02
1 259 575 -2762.69
1 259 576 -690.674
1 259 579 -690.674
1 259 584 -690.674
1 259 585 -2762.69
1 259 586 -1381.35
1 260 369 -1381.35
1 260 404 -1381.35
1 260 443 -690.674
1 260 454 -690.674
1 260 485 -690.674
1 260 486 -1381.35
1 260 487 -690.674
1 260 492 -690.674
1 260 499 -690.674
1 260 502 -1381.35
1 260 517 -690.674
1 260 527 -690.674
1 260 545 -2072.02
1 260 548 -690.674
1 260 554 -690.674
1 260 556 -690.674
1 260 567 -690.674
1 260 576 -690.674
1 260 577 -690.674
1 261 397 -690.674
1 261 404 -690.674
1 261 444 -690.674
1 261 483 -690.674
1 261 487 -690.674
1 261 501 -690.674
1 261 502 -690.674
1 261 545 -690.674
1 261 551 -690.674
1 261 552 -690.674
1 261 565 -690.674
1 262 254 -690.674
1 262 353 -1381.35
1 262 369 -690.674
1 262 425 -690.674
1 262 443 -690.674
1 262 458 -690.674
1 262 483 -1381.35
1 262 493 -690.674
1 262 501 -690.674
1 262 502 -690.674
1 262 523 -690.674
1 262 524 -690.674
1 262 535 -690.674
1 262 536 -690.674
1 262 537 -690.674
1 262 542 -690.674
1 262 546 -690.674
1 262 584 -690.674
1 262 587 -690.674
1 263 355 -690.674
1 263 415 -690.674
1 263 484 -690.674
1 263 493 -690.674
1 263 509 -690.674
1 263 522 -690.674
1 263 523 -1381.35
1 263 524 -1381.35
1 263 541 -1381.35
1 263 542 -690.674
1 263 543 -690.674
1 263 546 -1381.35
1 263 576 -690.674
1 263 579 -690.674
1 263 581 -2762.69
1 264 369 -690.674
1 264 379 -690.674
1 264 481 -690.674
1 264 482 -690.674
1 264 493 -690.674
1 264 503 -690.674
1 264 504 -690.674
1 264 516 -690.674
1 264 521 -2072.02
1 264 527 -690.674
1 264 543 -2762.69
1 264 568 -690.674
1 264 575 -690.674
1 264 576 -1381.35
1 265 336 -690.674
1 265 367 -1381.35
1 265 457 -690.674
1 265 459 -690.674
1 265 511 -690.674
1 265 516 -690.674
1 265 520 -690.674
1 265 524 -765.88
1 265 568 -1381.35
1 266 314 -690.674
1 266 413 -690.674
1 266 456 -690.674
1 266 478 -690.674
1 266 481 -690.674
1 266 483 -690.674
1 266 484 -690.674
1 266 485 -690.674
1 266 492 -690.674
1 266 498 -690.674
1 266 505 -690.674
1 266 518 -690.674
1 266 523 -690.674
1 266 543 -690.674
1 266 545 -690.674
1 266 549 -690.674
1 266 555 -690.674
1 267 337 -690.674
1 267 365 -690.674
1 267 381 -690.674
1 267 459 -690.674
1 267 460 -1381.35
1 267 505 -690.674
1 267 507 -690.674
1 267 543 -690.674
1 267 544 -1381.35
1 267 549 -690.674
1 267 553 -2072.02
1 267 562 -690.674
1 268 507 -1381.35
1 268 540 -690.674
1 268 541 -690.674
1 268 542 -1381.35
1 268 543 -2762.69
1 268 544 -1381.35
1 268 549 -690.674
1 268 551 -690.674
1 268 552 -690.674
1 268 553 -690.674
1 269 362 -690.674
1 269 505 -1381.35
1 269 507 -690.674
1 269 528 -690.674
1 269 543 -690.674
1 269 547 -1381.35
1 270 474 -690.674
1 270 475 -1381.35
1 270 479 -690.674
1 270 491 -690.674
1 270 504 -690.674
1 270 507 -690.674
1 270 526 -690.674
1 271 375 -690.674
1 271 388 -690.674
1 271 479 -690.674
1 271 481 -690.674
1 271 487 -690.674
1 271 491 -690.674
1 271 526 -690.674
1 272 469 -690.674
1 272 493 -690.674
1 272 495 -1381.35
1 272 496 -690.674
1 272 502 -690.674
1 272 526 -2072.02
1 273 441 -690.674
1 273 462 -690.674
1 273 526 -690.674
1 275 463 -690.674
1 275 480 -690.674
1 275 502 -690.674
1 275 504 -690.674
1 276 502 -690.674
1 277 393 -690.674
1 279 459 -690.674
1 280 563 -690.674
1 282 434 -690.674
1 282 435 -690.674
1 283 461 -690.674
1 283 482 -690.674
1 283 483 -690.674
1 285 437 -690.674
1 285 482 -690.674
1 285 483 -690.674
1 286 377 -690.674
1 286 464 -690.674
1 288 469 -690.674
1 289 362 -690.674
1 289 443 -690.674
1 292 358 -690.674
1 293 390 -2072.02
1 293 391 -690.674
1 296 390 -690.674
1 301 359 -690.674
1 301 378 -690.674
1 85 106 -690.674
1 92 112 -1381.35
1 93 117 -690.674
1 97 89 -690.674
1 98 101 -690.674
1 99 126 -690.674
1 99 136 -690.674
1 153 113 -21889.6
1 156 158 -35758.5
1 157 160 -17934.3
1 167 186 -24233.4
1 168 169 -35129.0
1 170 169 -165809.0
1 197 280 -50959.6
1 199 225 -34370.2
1 210 300 -20211.8
1 234 285 -4299.79
1 244 234 -47552.1
1 259 541 -98.665
1 265 469 -66.7972
1 267 479 -663.2719999999999
1 271 361 -1405.38
1 272 454 -60.0193
1 285 433 -8794.9
1 299 360 -25151.0
1 109 116 -23623.8
1 131 118 -1452.8
1 132 183 -13136.9
1 137 123 -15435.4
1 140 173 -40379.6
1 141 124 -48865.9
1 142 121 -66575.1
1 152 130 -7509.84
1 155 192 -6381.36
1 157 190 -11.2413
1 164 258 -40590.9
1 169 164 -37467.2
1 172 162 -9945.73
1 173 196 -441.221
1 195 280 -49180.6
1 202 295 -46904.3
1 203 296 -77055.1
1 214 174 -12025.3
1 218 173 -113201.0
1 226 358 -3057.62
1 256 333 -2810.32
1 262 350 -19253.5
1 267 346 -18369.7
1 269 347 -10368.5
1 271 470 -1699.38
1 274 431 -1415090.0
1 280 367 -11716.2
1 293 378 -432.86
1 299 335 -51021.4
1 144 130 -6117.9
1 148 113 -32079.8
1 152 183 -22190.3
1 153 185 -30718.2
1 153 212 -76215.9
1 155 180 -20733.2
1 159 188 -15846.0
1 161 161 -13945.8
1 162 171 -19.6723
1 164 159 -29989.2
1 167 163 -70258.1
1 174 182 -71973.8
1 175 178 -4288.55
1 189 206 -214990.0
1 201 279 -64886.1
1 221 294 -14276.5
1 221 361 -8664.67
1 222 252 -72590.6
1 225 248 -3816.38
1 234 319 -88525.2
1 235 317 -10986.6
1 237 292 -39843.3
1 238 244 -675.883
1 245 243 -35478.9
1 248 238 -0.0418723
1 256 342 -22482.6
1 259 347 -29543.5
1 266 345 -15847.2
1 271 268 -254.334
1 274 278 -594.383
1 295 392 -61277.7
1 140 166 -281.032
1 141 165 -757.382
1 144 151 -35397.4
1 144 186 -25573.9
1 146 150 -16861.9
1 146 180 -44539.2
1 147 148 -29508.4
1 147 171 -12646.5
1 149 181 -44068.2
1 149 202 -22243.7
1 150 183 -22449.5
1 150 186 -24927.0
1 152 180 -54082.1
1 153 188 -14051.6
1 154 113 -40.8197
1 158 173 -3906.93
1 165 167 -51709.9
1 168 164 -21420.2
1 168 166 -13639.6
1 170 115 -5187.86
1 176 222 -28103.2
1 211 296 -14683.9
1 219 272 -15178.8
1 221 302 -4586.45
1 221 317 -56719.3
1 230 352 -41294.9
1 235 295 -12049.3
1 236 320 -47775.5
1 236 342 -15923.0
1 236 344 -11793.9
1 240 337 -17933.3
1 240 357 -9915.79
1 246 337 -983.613
1 260 345 -22499.4
1 261 340 -8163.53
1 265 517 -63.908
1 267 428 -172.49099999999999
1 269 365 -8637.53
1 271 267 -22297.8
1 271 355 -29.5084
1 277 371 -813.321
1 278 502 -13673.8
1 281 331 -3026.48
1 284 333 -6740.56
1 296 358 -67383.0
1 297 356 -20006.7
1 297 391 -37956.2
1 125 93 -3068.41
1 142 117 -79474.5
1 142 169 -10452.5
1 145 116 -20006.7
1 146 146 -9242.21
1 152 213 -35056.0
1 155 116 -18067.6
1 156 214 -16364.1
1 168 216 -54687.6
1 183 232 -77463.7
1 192 232 -117460.0
1 193 235 -53903.4
1 201 310 -236.888
1 211 195 -1140.39
1 221 339 -18336.3
1 226 354 -18133.6
1 232 347 -7250.24
1 233 341 -10320.1
1 248 344 -10223.0
1 263 345 -18251.6
1 263 427 -0.646842
1 263 570 -128.98
1 265 414 -185.428
1 268 366 -9526.99
1 286 302 -11703.6
1 292 360 -2.0448
1 295 362 -538.177
1 297 439 -62114.1
1 132 120 -43266.3
1 134 124 -36843.3
1 134 126 -36662.1
1 135 122 -41838.7
1 137 128 -110231.0
1 148 119 -18705.5
1 150 121 -52456.1
1 150 127 -4211.74
1 152 118 -55484.2
1 153 122 -32868.1
1 153 123 -37762.3
1 155 125 -38845.7
1 158 140 -38973.6
1 160 139 -38297.7
1 181 126 -60599.0
1 189 126 -56791.0
1 224 257 -2120.98
1 230 223 -38991.7
1 260 337 -397.403
1 281 445 -305.806
1 137 168 -25845.1
1 189 195 -37491.1
1 192 197 -120290.0
1 202 228 -10009.8
1 210 253 -141.921
1 245 324 -4180.35
1 247 330 -3.88105
1 270 480 -107.505
1 272 486 -2.81032
1 144 124 -2832.81
1 145 131 -34138.4
1 148 166 -25161.1
1 158 114 -10580.9
1 188 197 -52536.2
1 188 204 -11858.1
1 203 340 -752.493
1 206 281 -260.301
1 208 226 -12403.7
1 211 266 -66952.5
1 213 276 -6820.3
1 214 274 -83223.6
1 220 278 -32110.1
1 223 372 -3332.53
1 232 398 -60222.4
1 233 375 -175.94099999999997
1 236 317 -22482.6
1 239 385 -5347.62
1 239 406 -165.16
1 239 416 -0.6899649999999999
1 241 238 -10077.8
1 246 320 -316.161
1 248 454 -1255.43
1 259 351 -3078.97
1 262 585 -98.5529
1 263 492 -0.0518807
1 265 360 -5718.09
1 267 449 -1637.8
1 268 351 -6179.9
1 269 360 -8590.07
1 273 521 -6468.42
1 274 327 -3345.55
1 275 465 -49.5912
1 290 322 -339210.0
1 292 458 -211.30200000000002
1 294 354 -11633.3
1 297 377 -8226.82
1 147 116 -57046.7
1 205 310 -140.516
1 258 337 -9.657060000000001
1 268 484 -34.9599
1 281 328 -49361.9
1 173 183 -61355.0
1 257 342 -6810.15
1 268 354 -45034.0
1 272 484 -22.4826
1 201 251 -36154.8
1 251 286 -5983.18
1 264 441 -21.1302
1 265 488 -2859.85
1 136 173 -12351.4
1 144 189 -20234.3
1 154 122 -49489.8
1 161 179 -71599.1
1 164 169 -15456.8
1 167 247 -1075.61
1 186 125 -28897.1
1 204 300 -45.5808
1 225 242 -18267.1
1 226 375 -94893.4
1 238 302 -10521.1
1 242 355 -170.85299999999998
1 244 321 -7278.74
1 245 406 -256.969
1 247 591 -4142.38
1 248 590 -344.983
1 248 593 -197.071
1 251 614 -933.135
1 256 443 -131.741
1 258 335 -2637.82
1 258 416 -187.584
1 266 470 -1167.9
1 269 482 -241.074
1 270 476 -1270.4
1 273 523 -194173.0
1 274 506 -6395.35
1 275 479 -12997.6
1 280 458 -323.421
1 298 384 -219.495
1 204 299 -923.8939999999999
1 221 300 -27667.2
1 239 400 -4.84846
1 272 494 -318.134
1 134 167 -25134.1
1 159 157 -55820.5
1 225 289 -1819.68
1 226 330 -20116.8
1 244 430 -686.084
1 247 342 -1168.52
1 253 427 -536.448
1 253 443 -503.588
1 254 398 -15.7398
1 254 442 -884.449
1 254 444 -218.676
1 254 445 -20.3291
1 256 445 -793.029
1 261 346 -15.8065
1 261 369 -1215.63
1 262 555 -4.75213
1 263 448 -48.2976
1 271 364 -4.21548
1 271 471 -507.469
1 271 489 -858.1439999999999
1 272 371 -261.022
1 262 394 -45.0633
1 271 492 -263.825
1 167 168 -35129.0
1 157 122 -327.733
1 160 136 -214.32
1 199 297 -51.4052
1 211 313 -38.0774
1 224 372 -1136.29
1 246 609 -813.4689999999999
1 247 343 -27.4261
1 255 446 -56.0597
1 261 524 -214.752
1 270 482 -38.8105
1 276 386 -849.5189999999999
1 278 371 -45001.7
1 281 446 -578.2769999999999
1 284 406 -400.611
1 291 458 -102.03299999999999
1 295 390 -26871.3
1 297 384 -160.069
1 297 387 -507.12300000000005
1 165 158 -14621.9
1 231 363 -12.9368
1 145 147 -99.8293
1 257 443 -401.905
1 258 456 -42.02
1 170 249 -1239.88
1 194 320 -2844.61
1 196 299 -44.9652
1 229 341 -0.0817702
1 234 400 -33.1183
1 237 378 -19.8451
1 240 386 -120.65299999999999
1 247 341 -19.5861
1 248 343 -144.783
1 252 457 -74.8612
1 253 400 -4.74351
1 254 370 -3.23421
1 254 394 -17.3785
1 254 400 -54.6064
1 255 373 -93.5765
1 262 441 -2.80298
1 263 353 -8.06397
1 274 527 -45.278999999999996
1 276 469 -16.8179
1 276 484 -68.8529
1 282 451 -567.263
1 130 192 -48.3541
1 207 193 -84123.8
1 145 139 -943.987
1 206 299 -50.4866
1 239 305 -719.72
1 289 412 -0.754206
1 233 400 -60100.3
1 268 360 -1806.85
1 117 117 -905.076
1 183 311 -1158.71
1 185 196 -238.9
1 220 175 -47069.1
1 244 355 -26533.5
1 245 261 -10474.5
1 290 355 -53368.8
1 264 474 -1.8974
1 157 131 -27.5066
1 164 240 -918.5160000000001
1 201 297 -65.6405
1 207 298 -14.4893
1 232 373 -172.313
1 233 392 -13.8424
1 234 236 -2241.74
1 234 401 -3.3635800000000002
1 235 390 -585.433
1 236 398 -1098.77
1 237 390 -527.841
1 237 399 -48.7719
1 237 400 -109.36
1 248 342 -96.8724
1 248 606 -151.232
1 249 344 -49.8586
1 249 411 -268.904
1 253 418 -24014.2
1 253 442 -624.418
1 254 600 -138.30100000000002
1 258 597 -113.025
1 259 428 -470.47
1 263 467 -36295.2
1 263 468 -4992.76
1 268 457 -93.6292
1 281 429 -562.452
1 283 394 -68.548
1 284 436 -418.291
1 296 414 -5.60597
1 297 446 -139.718
1 147 130 -18043.7
1 223 371 -87.1081
1 257 456 -202.28900000000002
1 160 142 -6.07611
1 290 441 -74.5507
1 257 602 -99.6137
1 176 219 -229.77599999999998
1 256 590 -18.6722
1 261 581 -138.653
1 241 405 -514.024
1 251 362 -1904.68
1 271 484 -171.831
1 235 358 -278.775
1 240 422 -47.7542
1 254 368 -2240.66
1 260 348 -74.6025
1 261 424 -64.6842
1 269 477 -978.95
1 290 463 -2942.8
1 175 246 -18251.6
1 195 301 -43.1228
1 271 397 -102.992
1 231 201 -29657.3
1 240 393 -22.3376
1 282 445 -17.4545
1 234 395 -18.9154
1 255 399 -656.76
1 267 483 -1012.96
1 167 144 -20.6559
1 261 521 -3.09735
1 244 406 -179.93200000000002
1 288 370 -57.6116
1 162 138 -2.67361
1 164 144 -41.0844
1 259 459 -2.88923
1 267 360 -7.832839999999999
1 251 431 -274.347
1 292 373 -5.0589900000000005
1 235 401 -7.46025
1 271 480 -6.51155
1 259 438 -52.6745
1 287 390 -22.9543
1 279 460 -10.4788
1 272 492 -4683.99
1 243 423 -16.6454
1 259 448 -17.8854
1 244 609 -29.6685
1 271 517 -460.983
1 156 195 -49.0009
1 269 497 -100.544
1 217 228 -1039.26
1 252 431 -1121.19
1 250 444 -254.706
1 201 245 -4152.05
1 237 397 -1630.42
1 252 401 -2372.62
1 261 540 -834.815
