1 62 1 3798.3
1 61 2 3770.7
1 60 3 3749.7
1 59 4 3733.5
1 58 5 3721.5
1 57 6 3713.4
1 56 7 3709.2
1 55 8 3709.0
1 54 9 3713.4
1 53 10 3722.5
1 52 11 3736.7
1 51 12 3755.5
1 49 13 3767.8
1 50 13 3777.1
1 48 14 3789.3
1 47 15 3784.5
1 46 16 3776.7
1 45 17 3766.9
1 45 18 3767.6
1 45 19 3768.3
1 44 20 3756.4
1 44 21 3756.2
1 44 22 3755.5
1 44 23 3754.2
1 44 24 3752.2
1 44 25 3749.4
1 44 26 3745.6
1 44 27 3740.7
1 44 28 3734.5
1 44 29 3727.0
1 44 30 3717.9
1 44 31 3707.0
1 44 32 3694.2
1 44 33 3679.1
1 44 34 3661.5
1 44 35 3641.1
1 44 36 3617.4
1 44 37 3589.8
1 44 38 3557.8
1 44 39 3520.3
1 44 40 3476.1
1 44 41 3422.8
1 43 42 3304.0
1 43 43 3265.0
1 43 44 3203.3
1 42 45 3052.1
1 42 46 2997.6
1 40 47 2765.7
1 41 47 2812.0
1 40 48 2729.6
1 40 49 2663.5
1 40 50 2567.6
1 35 78 4859.7
1 35 79 4888.1
1 34 80 4945.1
1 33 81 5025.5
1 32 82 5089.1
1 31 83 5102.5
1 30 84 5114.2
1 29 85 5123.1
1 28 86 5145.4
1 27 87 5164.2
1 26 88 5190.3
1 25 89 5217.8
1 25 90 5254.2
1 24 91 5241.3
1 24 92 5256.5
1 24 93 5293.6
1 24 94 5330.6
1 23 95 5345.7
1 23 96 5386.0
1 23 97 5422.3
1 22 98 5430.3
1 22 99 5471.4
1 22 100 5508.4
1 22 101 5545.7
1 21 102 5566.0
1 21 103 5611.1
1 20 104 5633.2
1 20 105 5675.7
1 19 106 5707.7
1 19 107 5752.1
1 18 108 5788.7
1 18 109 5828.5
1 17 110 5747.7
1 17 111 5758.8
1 17 112 5868.1
1 65 109 6030.5
1 66 109 6027.0
1 67 109 5976.4
1 68 109 5941.6
1 69 109 5951.1
1 62 110 5964.5
1 63 110 6002.2
1 64 110 6023.1
1 70 110 6040.0
1 60 111 5859.4
1 61 111 5880.9
1 71 111 6106.0
1 37 112 5647.1
1 38 112 5707.3
1 39 112 5768.9
1 40 112 5814.4
1 41 112 5851.4
1 42 112 5873.4
1 43 112 5884.6
1 44 112 5893.7
1 45 112 5900.9
1 46 112 5910.4
1 47 112 5919.3
1 48 112 5936.9
1 55 112 5739.6
1 56 112 5761.3
1 57 112 5778.4
1 58 112 5795.2
1 59 112 5810.1
1 72 112 6143.0
1 16 113 5956.8
1 33 113 5631.7
1 34 113 5615.1
1 35 113 5599.2
1 36 113 5578.7
1 49 113 5930.6
1 50 113 5908.4
1 51 113 5855.3
1 52 113 5800.7
1 53 113 5744.1
1 54 113 5707.4
1 73 113 6175.3
1 16 114 6015.9
1 29 114 5721.3
1 30 114 5696.1
1 31 114 5668.3
1 32 114 5633.3
1 74 114 6198.4
1 75 114 6202.5
1 16 115 6072.6
1 25 115 5833.0
1 26 115 5810.2
1 27 115 5781.0
1 28 115 5741.0
1 76 115 6234.3
1 16 116 6127.9
1 21 116 5975.7
1 22 116 5990.6
1 23 116 5903.4
1 24 116 5863.2
1 77 116 6249.5
1 78 116 6247.6
1 79 116 6260.2
1 16 117 6182.1
1 20 117 6023.7
1 80 117 6281.1
1 81 117 6279.2
1 82 117 6258.6
1 83 117 6231.1
1 84 117 6202.0
1 16 118 6219.5
1 17 118 6185.7
1 18 118 6138.6
1 19 118 6085.1
1 85 118 6131.5
1 85 119 6089.7
1 86 120 6072.5
1 86 121 6095.2
1 86 122 6120.0
1 86 123 6137.3
1 86 124 6149.7
1 86 125 6159.3
1 86 126 6166.4
1 86 127 6170.1
1 86 128 6170.7
1 86 129 6169.0
1 86 130 6166.3
1 86 131 6162.1
1 86 132 6155.2
1 86 133 6146.5
1 86 134 6134.7
1 86 135 6118.8
1 86 136 6099.7
1 85 137 6050.6
1 85 138 6037.7
1 84 139 6032.8
1 83 140 6073.8
1 82 141 6157.7
1 82 142 6174.0
1 81 143 6226.7
1 80 144 6287.2
1 79 145 6356.2
1 78 146 6419.8
1 77 147 6487.1
1 76 148 6559.0
1 75 149 6636.4
1 75 150 6700.7
1 75 151 6761.3
1 75 152 6821.9
1 75 153 6868.8
1 76 154 6862.0
1 77 154 6849.2
1 78 154 6839.0
1 79 155 6827.7
1 80 155 6815.1
1 81 156 6797.5
1 82 157 6771.0
1 82 158 6748.6
1 83 158 6734.5
1 84 159 6704.6
1 84 160 6676.8
1 84 161 6652.4
1 84 162 6628.5
1 85 163 6603.4
1 86 164 6574.0
1 87 165 6537.0
1 88 166 6502.2
1 89 167 6468.6
1 90 168 6387.2
1 90 169 6337.2
1 91 170 6269.8
1 92 171 6198.4
1 93 172 6167.7
1 94 173 6141.2
1 94 174 6138.8
1 95 175 6123.4
1 95 176 6109.0
1 95 177 6113.7
1 95 178 6120.7
1 95 179 6126.0
1 96 180 5954.7
1 97 181 5971.7
1 98 182 5989.2
1 99 183 6006.7
1 100 184 6022.5
1 101 185 6037.9
1 102 185 6046.3
1 103 185 6061.9
1 104 186 6096.3
1 105 186 6097.4
1 106 187 6100.6
1 107 188 6096.4
1 108 189 5914.1
1 108 190 5916.1
1 108 191 5917.1
1 108 192 5916.7
1 108 193 5912.5
1 107 194 5707.4
1 107 195 5703.4
1 107 196 5695.6
1 107 197 5685.3
1 107 198 5673.3
1 106 199 5634.9
1 106 200 5622.0
1 105 201 5576.1
1 105 202 5562.9
1 104 203 5522.4
1 104 204 5513.7
1 104 205 5498.7
1 104 206 5477.3
1 104 207 5444.2
1 98 208 5460.6
1 99 208 5470.7
1 100 208 5483.1
1 101 208 5496.0
1 102 208 5513.7
1 103 208 5542.4
1 97 209 5451.3
1 97 210 5450.1
1 97 211 5446.0
1 97 212 5440.7
1 96 213 5424.1
1 95 214 5416.7
1 95 215 5415.4
1 94 216 5408.0
1 94 217 5407.1
1 94 218 5406.4
1 95 219 5410.6
1 96 220 5414.1
1 97 221 5418.0
1 97 222 5416.9
1 98 223 5420.2
1 98 224 5418.8
1 99 225 5422.9
1 99 226 5421.0
1 100 227 5242.1
1 128 227 5398.5
1 129 227 5461.6
1 101 228 5248.0
1 107 228 5142.9
1 108 228 5167.8
1 109 228 5196.4
1 110 228 5228.4
1 111 228 5263.1
1 125 228 5283.4
1 126 228 5309.8
1 127 228 5318.0
1 130 228 5187.6
1 131 228 5194.1
1 132 228 5188.2
1 133 228 5189.3
1 134 228 5195.5
1 135 228 5209.9
1 136 228 5226.9
1 137 228 5240.2
1 138 228 5267.0
1 102 229 5252.8
1 106 229 5280.7
1 112 229 5117.3
1 118 229 5143.6
1 119 229 5162.0
1 120 229 5177.9
1 121 229 5192.0
1 122 229 5203.3
1 123 229 5212.7
1 124 229 5215.2
1 139 229 5340.3
1 103 230 5256.3
1 104 230 5258.9
1 105 230 5261.9
1 113 230 5133.9
1 114 230 5125.4
1 115 230 5121.1
1 116 230 5118.6
1 117 230 5110.7
1 140 230 5307.1
1 139 231 5374.7
1 137 232 5411.3
1 138 232 5410.6
1 136 233 5414.6
1 135 234 5407.4
1 133 235 5374.7
1 134 235 5388.0
1 132 236 5357.8
1 130 237 5314.5
1 131 237 5329.7
1 129 238 5303.3
1 128 239 5287.2
1 127 240 5267.3
1 127 241 5257.5
1 127 242 5244.6
1 128 243 5252.9
1 129 244 5251.2
1 129 245 5238.5
1 130 246 5234.7
1 131 246 5233.6
1 132 246 5236.5
1 133 246 5245.8
1 134 246 5263.2
1 135 246 5289.6
1 136 246 5316.8
1 137 246 5336.8
1 138 246 5358.8
1 139 247 5409.5
1 140 247 5434.0
1 141 247 5471.5
1 142 247 5514.8
1 143 248 5577.8
1 144 249 5671.3
1 144 250 5698.1
1 145 251 5749.9
1 145 252 5775.5
1 145 253 5795.8
1 146 254 5829.1
1 146 255 5826.5
1 146 256 5820.5
1 146 257 5812.6
1 146 258 5802.4
1 146 259 5790.6
1 146 260 5777.2
1 146 261 5764.9
1 146 262 5751.7
1 146 263 5738.5
1 146 264 5728.4
1 146 265 0.0
1 147 266 5482.8
1 147 267 5453.7
1 147 268 5428.8
1 147 269 5389.1
1 147 270 5356.1
1 148 271 5306.0
1 148 272 5279.2
1 148 273 5252.1
1 148 274 5230.3
1 149 274 5215.4
1 149 275 5175.8
1 149 276 5143.6
1 149 277 5091.0
1 149 278 5036.4
1 150 279 5132.7
1 150 280 5087.7
1 150 281 5046.5
1 150 282 5016.2
1 151 283 4932.5
1 151 284 4888.7
1 151 285 4855.4
1 152 286 4761.4
1 152 287 4706.8
1 152 288 4662.5
1 152 289 4628.0
1 153 290 4722.8
1 153 291 4696.3
1 153 292 4704.2
1 154 293 4715.0
1 154 294 4726.6
1 154 295 4736.1
1 154 296 4742.2
1 155 297 4760.1
1 155 298 4763.9
1 156 299 4586.8
1 157 299 4593.1
1 158 299 4602.6
1 159 299 4615.1
1 160 299 4631.1
1 161 299 4650.5
1 162 300 4681.7
1 162 301 4684.5
1 162 302 4683.6
1 162 303 4681.0
1 162 304 4678.3
1 163 305 4857.4
1 163 306 4848.4
1 163 307 4838.6
1 163 308 4829.3
1 163 309 4823.2
1 164 310 5039.4
1 165 311 5081.0
1 166 312 5152.7
1 167 313 5211.3
1 168 314 5244.2
1 168 315 5076.7
1 168 316 5081.0
1 169 316 5088.5
1 169 317 5094.3
1 170 317 5104.1
1 171 318 5105.2
1 171 319 5081.8
1 172 320 5033.9
1 172 321 4986.4
1 172 322 4938.1
1 172 323 4887.1
1 172 324 4847.4
1 173 325 4845.9
1 173 326 4849.5
1 173 327 4851.3
1 174 328 4860.7
1 174 329 4862.3
1 174 330 4863.3
1 175 331 4867.8
1 176 331 4871.8
1 177 331 4877.7
1 178 332 4887.1
1 179 333 4889.7
1 179 334 4886.6
1 179 335 4883.5
1 180 336 4881.0
1 181 337 4872.5
1 181 338 4867.8
1 187 338 4741.0
1 188 338 4762.1
1 189 338 4779.7
1 190 338 4793.4
1 182 339 4858.5
1 186 339 4873.5
1 191 339 4797.0
1 192 339 5216.0
1 182 340 4852.5
1 186 340 4857.8
1 193 340 5215.3
1 182 341 4848.9
1 186 341 4847.8
1 194 341 5215.2
1 195 341 5216.8
1 183 342 4845.3
1 184 342 4845.1
1 185 342 4844.6
1 186 342 4843.5
1 196 342 5216.5
1 196 343 5214.4
1 197 344 5213.3
1 198 345 5210.9
1 199 346 5208.8
1 200 346 5210.4
1 201 346 5212.6
1 202 346 5214.7
1 203 346 5215.5
1 204 346 4445.83
1 205 347 5199.5
1 206 347 5193.3
1 207 348 5398.8
1 207 349 5496.1
1 207 350 5637.0
1 206 351 5696.9
1 205 352 5701.7
1 205 353 5706.2
1 205 354 5711.2
1 206 355 5734.1
1 206 356 5742.3
1 207 357 5767.0
1 208 357 5784.2
1 209 358 5465.4
1 210 359 5522.7
1 211 359 5550.7
1 212 360 5470.5
1 212 361 5507.7
1 208 362 5529.9
1 209 362 5534.6
1 210 362 5541.7
1 211 362 5547.4
1 207 363 5526.1
1 206 364 5520.7
1 206 365 5522.0
1 206 366 5522.2
1 206 367 5521.4
1 206 368 5520.4
1 206 369 5519.2
1 207 369 5525.6
1 208 369 5542.1
1 209 369 5563.8
1 210 369 5588.2
1 211 369 5618.5
1 212 369 5654.9
1 213 369 5699.1
1 214 370 5595.6
1 215 370 5629.4
1 216 372 5626.7
1 214 373 5263.1
1 215 373 5351.3
1 214 374 5220.0
1 213 375 5270.2
1 212 376 5247.8
1 211 377 5194.7
1 211 378 5183.6
1 211 379 5178.1
1 211 380 5180.2
1 211 381 5189.3
1 211 382 5243.7
1 211 383 5293.5
1 212 384 45000.0
1 212 385 45000.0
1 212 386 45000.0
1 212 387 45000.0
1 212 388 45000.0
1 212 389 45000.0
1 212 390 45000.0
1 212 391 45000.0
1 212 392 45000.0
1 212 393 45000.0
1 213 394 45000.0
1 213 395 45000.0
1 213 396 45000.0
1 213 397 45000.0
1 213 398 45000.0
1 213 399 45000.0
1 213 400 45000.0
1 213 401 45000.0
1 213 402 45000.0
1 214 403 45000.0
1 214 404 45000.0
1 214 405 45000.0
1 214 406 45000.0
1 214 407 45000.0
1 214 409 45000.0
1 214 410 45000.0
1 214 411 45000.0
1 214 412 45000.0
1 214 413 45000.0
1 214 414 45000.0
1 214 415 45000.0
1 215 416 45000.0
1 215 417 45000.0
1 227 417 45000.0
1 228 417 45000.0
1 229 417 45000.0
1 216 418 45000.0
1 226 418 45000.0
1 230 418 45000.0
1 217 419 45000.0
1 218 419 45000.0
1 219 419 45000.0
1 220 419 45000.0
1 221 419 45000.0
1 222 419 45000.0
1 223 419 45000.0
1 224 419 45000.0
1 225 419 45000.0
1 229 419 45000.0
1 229 420 45000.0
1 226 421 45000.0
1 227 421 45000.0
1 228 421 45000.0
1 224 422 45000.0
1 225 422 45000.0
1 224 423 45000.0
1 224 424 45000.0
1 225 424 45000.0
1 226 424 45000.0
1 227 424 45000.0
1 228 424 45000.0
1 229 425 45000.0
1 229 426 45000.0
1 229 427 45000.0
1 229 428 45000.0
1 229 429 45000.0
1 228 430 45000.0
1 228 431 45000.0
1 228 432 45000.0
1 228 433 45000.0
1 228 434 45000.0
1 228 435 45000.0
1 229 435 45000.0
1 230 436 45000.0
1 230 437 45000.0
1 230 438 45000.0
1 230 439 45000.0
1 230 440 45000.0
1 230 441 45000.0
1 230 442 45000.0
1 230 443 45000.0
1 230 444 45000.0
1 230 445 45000.0
1 230 446 45000.0
1 230 447 45000.0
1 230 448 45000.0
1 230 449 45000.0
1 230 450 45000.0
1 230 451 45000.0
1 230 452 45000.0
1 230 453 45000.0
1 230 454 45000.0
1 230 455 45000.0
1 230 456 45000.0
1 231 457 45000.0
1 231 458 45000.0
1 231 459 45000.0
1 231 460 45000.0
1 232 461 45000.0
1 232 462 45000.0
1 232 463 45000.0
1 232 464 45000.0
1 233 464 45000.0
1 234 464 45000.0
1 235 464 45000.0
1 236 464 45000.0
1 237 464 45000.0
1 238 464 45000.0
1 239 465 45000.0
1 239 466 45000.0
1 239 467 5337.1
1 238 468 5337.1
1 238 469 5337.1
1 238 470 5337.1
1 239 471 5337.1
1 240 471 5337.1
1 241 472 5337.1
1 242 472 5337.1
1 243 472 5337.1
1 244 473 5337.1
1 245 474 5337.1
1 246 475 5337.1
1 246 476 5337.1
1 246 477 5337.1
1 246 478 5337.1
1 246 479 5337.1
1 246 480 5337.1
1 245 481 5337.1
1 245 482 5337.1
1 244 483 5337.1
1 243 484 5337.1
1 243 485 5337.1
1 243 486 5337.1
1 243 487 5337.1
1 243 488 5337.1
1 243 489 5337.1
1 242 490 5337.1
1 242 491 5337.1
1 241 492 5337.1
1 241 493 5337.1
1 240 494 5337.1
1 239 495 5337.1
1 238 496 5337.1
1 235 497 5337.1
1 236 497 5337.1
1 237 497 5337.1
1 233 498 5337.1
1 234 498 5337.1
1 233 499 5337.1
1 232 500 5337.1
1 231 501 5337.1
1 231 502 5337.1
1 231 503 5337.1
1 231 504 5337.1
1 231 505 5337.1
1 231 506 5337.1
1 231 507 5337.1
1 231 508 5337.1
1 231 509 5337.1
1 231 510 5337.1
1 231 511 5337.1
1 231 512 5337.1
1 231 513 5337.1
1 231 514 5337.1
1 231 515 5337.1
1 232 516 5337.1
1 232 517 5337.1
1 232 518 5337.1
1 233 519 5337.1
1 233 520 5337.1
1 233 521 5337.1
1 234 522 5337.1
1 234 523 5337.1
1 235 524 5337.1
1 235 525 5337.1
1 236 525 5337.1
1 237 525 5337.1
1 238 525 5337.1
1 239 526 5337.1
1 239 527 5337.1
1 240 528 5437.9
1 240 529 5453.1
1 241 530 5519.7
1 241 531 5549.7
1 241 532 5566.6
1 241 533 5578.1
1 241 534 5586.4
1 242 535 5064.8
1 242 536 5076.1
1 243 536 5094.1
1 244 536 5126.6
1 245 536 5155.2
1 246 537 5210.6
1 246 538 5227.7
1 247 539 5267.6
1 248 540 5303.1
1 249 540 5315.2
1 250 540 5331.6
1 251 541 5365.2
1 250 544 5398.8
1 251 544 5401.1
1 245 545 5344.2
1 246 545 5355.4
1 247 545 5374.0
1 248 545 5387.7
1 249 545 5393.2
1 243 546 5317.7
1 244 546 5321.7
1 243 547 5318.4
1 242 548 5314.5
1 242 549 5314.8
1 241 550 5308.6
1 241 551 5306.9
1 240 552 5296.5
1 239 553 5285.5
1 238 554 0.0
1 237 555 5249.9
1 236 556 5248.8
1 236 557 5248.8
1 232 558 5189.1
1 233 558 5186.1
1 234 558 5193.8
1 235 558 5197.3
1 232 559 5201.2
1 231 560 5201.4
1 231 561 5209.8
1 231 562 5216.5
1 231 563 5221.6
1 231 564 5222.9
1 230 565 5389.7
1 230 566 5382.9
1 230 567 5372.0
1 230 568 5359.6
1 215 371 5678.1
1 39 51 6043.2
1 39 52 5967.8
1 38 53 5714.5
1 38 54 5641.8
1 37 55 5375.6
1 36 56 5152.8
1 35 57 4950.0
1 35 58 4889.0
1 35 59 4787.7
1 35 60 8397.7
1 35 61 8262.3
1 35 62 8125.5
1 35 63 7985.2
1 35 64 7841.2
1 35 65 7693.4
1 35 66 7542.6
1 35 67 7395.4
1 35 68 7276.3
1 36 69 10770.0
1 36 70 10502.6
1 36 71 10250.3
1 36 72 10007.1
1 36 73 9772.1
1 36 74 9559.1
1 36 75 9377.7
1 36 76 9287.9
1 36 77 9255.2
1 230 569 5347.0
1 230 570 5333.5
1 230 571 5317.4
1 230 572 5306.0
1 230 573 5316.9
1 230 574 5332.4
1 230 575 5342.6
1 230 576 5344.7
1 230 577 5179.6
1 230 578 5212.8
1 230 579 5245.9
1 230 580 5275.3
1 230 581 5278.4
1 230 582 5283.8
1 230 583 5286.3
1 230 584 5285.4
1 230 585 5282.0
1 230 586 5277.4
1 230 587 5271.3
1 230 588 5267.4
1 229 589 5251.5
1 229 590 5242.2
1 228 591 5219.5
1 228 592 5203.8
1 228 593 5186.5
1 228 594 5164.3
1 227 595 5120.1
1 227 596 5096.9
1 227 597 5068.8
1 227 598 5035.6
1 227 599 4786.4
1 226 600 4700.2
1 226 601 4698.2
1 226 602 4696.9
1 226 603 4697.6
1 225 604 4268.5
1 224 605 4268.5
1 223 606 4290.4
1 222 607 4310.8
1 223 605 4275.0
1 114 114 -19531.7
1 117 120 -720.666
1 129 121 -10819.7
1 130 122 -720.666
1 133 112 -34988.5
1 135 194 -1423.25
1 141 191 -28946.3
1 143 126 -38641.9
1 143 172 -14051.6
1 143 190 -34567.0
1 144 166 -15035.2
1 144 172 -6885.29
1 144 182 -9695.61
1 144 190 -25995.5
1 145 161 -14613.7
1 146 117 -27260.1
1 146 188 -64356.4
1 146 190 -45386.7
1 147 132 -8430.97
1 147 145 -1985.32
1 148 167 -24309.3
1 148 176 -12102.5
1 148 196 -14332.7
1 149 145 -49321.2
1 149 146 -16299.9
1 150 141 -1545.68
1 150 198 -21780.0
1 151 142 -41171.2
1 151 195 -20093.8
1 152 125 -720.666
1 152 132 -720.666
1 153 133 -140.52
1 153 142 -27541.2
1 153 192 -33302.3
1 154 125 -702.58
1 154 171 -4936.15
1 154 249 -73208.9
1 155 112 -32037.7
1 155 141 -59719.4
1 156 129 -190540.0
1 157 135 -1441.33
1 157 140 -107635.0
1 157 251 -112413.0
1 158 133 -720.666
1 158 137 -21077.4
1 158 181 -51709.9
1 159 119 -47213.4
1 159 173 -19812.8
1 160 119 -8712.0
1 161 188 -49180.6
1 162 119 -1967.23
1 162 121 -45527.2
1 162 128 -186746.0
1 162 167 -1967.23
1 162 169 -2248.26
1 163 137 -2669.81
1 163 138 -2687.9
1 164 135 -21358.4
1 165 131 -983.61
1 167 125 -7868.9
1 167 259 -2388.77
1 168 123 -48197.0
1 168 208 -2529.29
1 169 163 -47353.9
1 170 131 -21639.5
1 171 130 -15035.2
1 172 218 -120001.0
1 173 224 -10398.2
1 174 135 -7306.84
1 175 134 -49742.7
1 175 204 -17424.0
1 176 176 -4356.0
1 176 202 -2950.84
1 177 133 -35691.1
1 177 211 -6604.26
1 178 164 -14473.2
1 178 261 -16159.3
1 179 181 -17283.5
1 179 183 -41030.7
1 179 210 -5058.58
1 180 208 -28243.7
1 183 184 -6604.26
1 184 246 -30351.5
1 187 200 -38501.4
1 187 281 -10257.7
1 188 198 -31475.6
1 188 240 -101734.0
1 188 258 -122249.0
1 189 282 -42576.4
1 190 281 -77564.9
1 193 256 -983.61
1 193 260 -29383.9
1 197 204 -14613.7
1 197 252 -10960.3
1 198 297 -562.06
1 198 298 -845.446
1 199 211 -13911.1
1 199 298 -720.666
1 200 298 -742.2260000000001
1 201 234 -4215.48
1 203 275 -86839.0
1 203 280 -26698.1
1 204 248 -14010.6
1 205 300 -770.2860000000001
1 206 286 -1405.16
1 206 300 -1456.12
1 210 264 -1124.13
1 211 255 -135036.0
1 212 226 -4074.97
1 212 258 -202484.0
1 213 264 -281.03
1 214 240 -37939.4
1 215 260 -34988.5
1 216 238 -41311.7
1 217 264 -119439.0
1 217 365 -562.06
1 218 179 -106652.0
1 219 310 -15035.2
1 221 223 -983.61
1 221 246 -562.06
1 221 284 -23959.7
1 222 352 -37227.4
1 222 369 -1686.19
1 223 271 -48197.0
1 224 374 -7975.56
1 226 350 -227.43
1 226 365 -2218.24
1 231 401 -720.666
1 232 364 -135.97
1 232 370 -2.9
1 233 337 -720.666
1 233 394 -1472.08
1 234 304 -4717.64
1 234 393 -762.796
1 235 367 -14058.0
1 235 400 -421.55
1 235 605 -968.38
1 235 609 -6283.46
1 236 263 -22482.6
1 236 351 -11241.3
1 237 237 -140.52
1 237 316 -27042.3
1 237 357 -5270.47
1 237 389 -720.666
1 238 221 -1405.16
1 238 605 -3628.38
1 238 609 -1441.33
1 239 338 -5620.65
1 239 426 -843.1
1 239 605 -3603.33
1 239 606 -2214.13
1 239 619 -6060.28
1 240 380 -929.3760000000001
1 240 426 -862.5360000000001
1 240 608 -2907.68
1 241 335 -33161.8
1 241 604 -720.666
1 242 311 -9379.77
1 243 371 -9961.89
1 243 389 -1686.19
1 243 422 -140.52
1 243 431 -188.02
1 243 605 -3603.33
1 244 431 -8.19
1 244 605 -4379.62
1 244 621 -3656.04
1 245 238 -13630.1
1 245 322 -7672.41
1 245 337 -720.666
1 245 370 -7.76
1 245 621 -720.666
1 246 321 -3591.27
1 246 618 -2220.13
1 247 344 -763.706
1 247 383 -9219.23
1 247 384 -2186290.0
1 248 251 -14657.5
1 248 424 -2669.81
1 248 436 -5339.61
1 248 442 -421.55
1 248 444 -2151.4
1 248 589 -3372.39
1 249 373 -736.306
1 249 424 -720.666
1 249 430 -29401.1
1 249 436 -5819.73
1 249 443 -1220.81
1 249 606 -3651.17
1 250 239 -37096.3
1 250 326 -35.79
1 250 424 -720.666
1 250 425 -796586.0
1 250 431 -39685.9
1 250 595 -2467.57
1 251 300 -227636.0
1 251 356 -98216.5
1 251 408 -2266.1
1 251 456 -720.666
1 251 457 -28.75
1 251 594 -720.666
1 251 595 -1017.79
1 251 596 -1561.3
1 252 230 -28103.2
1 252 285 -17143.0
1 252 329 -31057.1
1 252 450 -421.55
1 252 595 -732.2260000000001
1 252 606 -743.3960000000001
1 253 298 -27681.7
1 253 331 -14299.5
1 253 332 -19194.0
1 253 416 -421.55
1 253 420 -13659.6
1 253 445 -68600.6
1 254 338 -151055.0
1 254 367 -33503.3
1 254 407 -124155.0
1 254 597 -720.666
1 254 607 -4655.12
1 255 381 -6323.23
1 255 383 -24590.3
1 255 388 -53958.2
1 255 395 -2529.29
1 255 420 -13770.6
1 255 439 -30070.4
1 255 443 -78699.1
1 255 595 -951.0360000000001
1 255 596 -768.056
1 255 606 -3249.96
1 255 609 -1441.33
1 256 314 -6796.16
1 256 335 -50164.3
1 256 341 -421.55
1 256 370 -1095.32
1 256 413 -3372.39
1 256 586 -38234.2
1 256 593 -3023.18
1 257 238 -1826.71
1 257 324 -5974.24
1 257 413 -421.55
1 257 576 -5201.64
1 257 599 -103396.0
1 257 600 -97658.7
1 258 325 -61273.2
1 258 336 -1881.45
1 258 420 -329635.0
1 258 442 -955202.0
1 258 464 -1967.23
1 258 585 -4440.83
1 258 595 -1581.85
1 258 601 -27962.7
1 258 602 -66616.1
1 259 340 -125077.0
1 259 371 -422.6
1 259 405 -21151.7
1 259 588 -32993.3
1 259 592 -720.666
1 259 593 -720.666
1 260 342 -75316.6
1 260 349 -140.52
1 260 407 -3404230.0
1 260 424 -157.75
1 260 461 -3231.87
1 260 463 -983.61
1 260 585 -8923.14
1 260 586 -15511.4
1 261 337 -7728.39
1 261 355 -89227.7
1 261 381 -371024.0
1 261 395 -66942.0
1 261 416 -284686.0
1 261 418 -720.666
1 261 429 -642.53
1 261 464 -13208.5
1 261 492 -720.666
1 261 571 -140.52
1 261 576 -12476.5
1 262 345 -40468.6
1 262 540 -298.8
1 262 564 -51950.1
1 262 568 -23325.7
1 262 570 -78127.0
1 262 571 -2107.74
1 263 340 -17845.6
1 263 471 -15737.8
1 263 477 -27962.7
1 263 520 -1511.12
1 263 574 -3091.35
1 263 582 -12678.1
1 264 265 -19953.3
1 264 344 -30351.5
1 264 355 -562.06
1 264 367 -720.666
1 264 383 -72347.1
1 264 407 -3653.42
1 264 468 -50.45
1 264 471 -1124.13
1 264 476 -281.03
1 264 477 -72365.8
1 264 523 -2443.03
1 264 549 -5228.64
1 265 363 -6744.77
1 265 364 -28944.0
1 265 374 -340.67
1 265 380 -3.45
1 265 422 -331870.0
1 265 523 -3339.43
1 265 557 -843.1
1 266 337 -720.666
1 266 340 -27400.7
1 266 462 -3653.42
1 267 391 -17002.4
1 267 463 -702.58
1 267 555 -720.666
1 267 556 -720.666
1 268 333 -36112.6
1 268 334 -4637.03
1 268 436 -3172260.0
1 268 455 -6.17
1 268 479 -562.06
1 268 480 -421.55
1 268 489 -2191.16
1 269 363 -726.3760000000001
1 269 397 -42154.8
1 269 450 -2107.74
1 269 456 -21708.0
1 269 541 -720.666
1 270 429 -2690.43
1 270 481 -861.186
1 270 483 -1226.65
1 270 484 -861.186
1 270 486 -14735.1
1 270 498 -90632.9
1 270 539 -140.52
1 271 319 -58323.6
1 271 335 -13489.5
1 271 371 -1545.68
1 271 415 -145995.0
1 271 485 -286.29
1 271 493 -125168.0
1 271 498 -8430.97
1 271 537 -149282.0
1 272 336 -4.31
1 272 337 -15920.9
1 272 351 -26557.6
1 272 366 -2810.32
1 272 368 -229124.0
1 272 388 -495234.0
1 272 396 -2107.74
1 272 450 -8993.03
1 272 451 -19531.7
1 272 453 -843.1
1 272 462 -1579980.0
1 272 490 -421.55
1 272 491 -18.11
1 272 497 -21777.0
1 272 498 -21639.5
1 272 530 -159599.0
1 272 532 -207900.0
1 272 535 -86077.0
1 273 363 -702.58
1 273 392 -399.75
1 273 410 -1545.68
1 273 480 -983.61
1 273 510 -720.666
1 273 516 -19254.3
1 273 517 -318380.0
1 273 518 -479.74
1 274 409 -1264.65
1 274 520 -35831.6
1 274 523 -1545.68
1 275 367 -70258.1
1 275 450 -843.1
1 275 506 -2669.81
1 276 366 -17986.1
1 276 392 -562.06
1 276 446 -2248.26
1 276 474 -32212.7
1 277 294 -60936.9
1 277 390 -12505.9
1 277 407 -2440420.0
1 277 431 -9021.29
1 277 468 -140.52
1 277 472 -22813.8
1 277 480 -70471.3
1 278 365 -120984.0
1 278 435 -18120.2
1 278 482 -3091.35
1 279 310 -29043.2
1 279 336 -49321.2
1 279 433 -182892.0
1 279 438 -80744.7
1 279 475 -101343.0
1 279 485 -28384.3
1 280 433 -22678.3
1 280 469 -50053.4
1 280 471 -983.61
1 281 458 -1975000.0
1 282 409 -4918.06
1 282 424 -1405.16
1 282 430 -281.03
1 282 436 -5187.67
1 282 454 -2173.39
1 282 457 -4105.29
1 283 335 -27260.1
1 283 354 -5620.65
1 283 429 -268667.0
1 283 449 -14991.7
1 283 452 -116518.0
1 283 455 -10789.3
1 283 468 -88040.1
1 284 339 -89653.7
1 284 457 -6604.26
1 284 463 -533779.0
1 284 481 -10388.3
1 285 374 -983.61
1 285 467 -242639.0
1 285 475 -85081.3
1 286 330 -59091.2
1 286 425 -360788.0
1 286 475 -34023.9
1 286 477 -71070.7
1 287 426 -720.666
1 287 477 -38004.1
1 288 419 -13068.0
1 288 423 -1588.21
1 288 426 -720.666
1 289 351 -83466.6
1 289 404 -161434.0
1 289 459 -29651.2
1 289 468 -1427.37
1 290 382 -202513.0
1 290 411 -2388.77
1 290 412 -19953.3
1 290 413 -1264.65
1 290 420 -101.77
1 291 350 -2107.74
1 291 373 -1124.13
1 291 399 -106898.0
1 291 419 -1231110.0
1 292 365 -16018.8
1 292 416 -294.72
1 292 469 -19263.0
1 294 435 -27962.7
1 294 447 -39047.7
1 294 458 -40146.9
1 295 391 -21639.5
1 295 430 -1119010.0
1 296 388 -1020.72
1 296 398 -102628.0
1 296 406 -2388.14
1 296 433 -7447.35
1 297 381 -20234.3
1 297 395 -8.46
1 297 401 -69479.5
1 297 413 -311178.0
1 297 415 -86276.9
1 297 442 -62717.8
1 298 390 -23466.2
1 299 354 -281.03
1 299 355 -522.65
1 299 387 -221.26
1 102 110 -720.666
1 102 113 -720.666
1 103 100 -720.666
1 103 104 -720.666
1 104 115 -720.666
1 105 115 -720.666
1 105 139 -720.666
1 108 117 -720.666
1 109 112 -720.666
1 111 155 -720.666
1 111 208 -720.666
1 112 181 -720.666
1 113 111 -720.666
1 113 159 -720.666
1 113 211 -720.666
1 114 173 -720.666
1 114 212 -1441.33
1 115 212 -1441.33
1 116 121 -720.666
1 116 150 -720.666
1 116 166 -720.666
1 117 119 -720.666
1 117 168 -720.666
1 117 210 -720.666
1 119 194 -720.666
1 119 202 -720.666
1 119 96 -720.666
1 120 155 -720.666
1 120 94 -720.666
1 121 187 -720.666
1 123 110 -720.666
1 123 111 -720.666
1 123 158 -720.666
1 123 168 -720.666
1 123 193 -720.666
1 123 202 -1441.33
1 125 150 -720.666
1 125 151 -720.666
1 125 193 -720.666
1 125 194 -720.666
1 126 121 -720.666
1 126 191 -720.666
1 126 195 -720.666
1 127 150 -720.666
1 127 160 -720.666
1 127 169 -720.666
1 127 195 -720.666
1 127 199 -1441.33
1 128 122 -720.666
1 128 148 -720.666
1 128 149 -720.666
1 128 152 -720.666
1 128 153 -720.666
1 128 154 -720.666
1 128 157 -720.666
1 128 199 -720.666
1 129 117 -720.666
1 129 119 -720.666
1 129 122 -720.666
1 129 146 -720.666
1 129 154 -1441.33
1 129 162 -720.666
1 129 176 -720.666
1 130 120 -720.666
1 130 154 -720.666
1 130 155 -720.666
1 130 156 -2162.0
1 130 194 -720.666
1 131 112 -720.666
1 131 121 -720.666
1 131 122 -720.666
1 131 150 -720.666
1 131 156 -720.666
1 131 157 -720.666
1 131 158 -720.666
1 131 161 -1441.33
1 131 198 -720.666
1 132 112 -720.666
1 132 155 -720.666
1 132 156 -720.666
1 132 160 -720.666
1 132 161 -1441.33
1 133 155 -720.666
1 133 159 -720.666
1 133 160 -1441.33
1 133 192 -1441.33
1 133 193 -720.666
1 134 148 -720.666
1 134 150 -720.666
1 134 151 -720.666
1 134 156 -720.666
1 134 191 -720.666
1 134 193 -2882.66
1 135 148 -3603.33
1 135 149 -1441.33
1 135 156 -720.666
1 135 157 -720.666
1 135 193 -2162.0
1 136 147 -720.666
1 136 148 -720.666
1 136 149 -720.666
1 136 150 -1441.33
1 136 153 -720.666
1 136 155 -720.666
1 137 148 -720.666
1 137 150 -720.666
1 137 153 -1441.33
1 137 154 -720.666
1 137 157 -2162.0
1 137 175 -720.666
1 137 206 -720.666
1 138 151 -720.666
1 138 152 -720.666
1 138 153 -2162.0
1 138 168 -720.666
1 138 169 -720.666
1 139 151 -720.666
1 140 138 -720.666
1 140 155 -2882.66
1 140 156 -720.666
1 140 171 -720.666
1 140 180 -720.666
1 141 149 -720.666
1 141 154 -1441.33
1 141 157 -720.666
1 141 171 -720.666
1 141 199 -1441.33
1 142 155 -720.666
1 142 156 -720.666
1 142 157 -720.666
1 142 158 -720.666
1 142 174 -720.666
1 142 179 -720.666
1 142 201 -720.666
1 143 146 -720.666
1 143 157 -2162.0
1 144 142 -1441.33
1 144 173 -720.666
1 145 142 -720.666
1 145 143 -720.666
1 145 151 -720.666
1 145 187 -720.666
1 145 226 -720.666
1 146 140 -720.666
1 146 141 -1441.33
1 146 145 -720.666
1 146 208 -720.666
1 146 229 -720.666
1 146 230 -720.666
1 146 232 -720.666
1 147 139 -2162.0
1 147 140 -720.666
1 147 141 -720.666
1 147 142 -720.666
1 147 229 -720.666
1 147 230 -720.666
1 147 233 -720.666
1 147 239 -720.666
1 147 240 -720.666
1 148 217 -720.666
1 148 221 -720.666
1 149 127 -720.666
1 149 147 -720.666
1 149 154 -720.666
1 149 222 -720.666
1 149 253 -720.666
1 150 160 -720.666
1 150 164 -720.666
1 150 177 -720.666
1 150 227 -720.666
1 150 236 -720.666
1 151 128 -720.666
1 151 228 -720.666
1 152 153 -720.666
1 152 173 -720.666
1 152 176 -720.666
1 152 222 -720.666
1 152 228 -720.666
1 153 126 -720.666
1 153 136 -720.666
1 153 155 -720.666
1 153 232 -720.666
1 153 238 -720.666
1 153 253 -720.666
1 154 126 -720.666
1 154 133 -720.666
1 154 161 -720.666
1 154 172 -720.666
1 154 220 -720.666
1 154 244 -720.666
1 155 170 -1441.33
1 155 216 -720.666
1 155 262 -720.666
1 156 160 -720.666
1 156 211 -720.666
1 156 223 -720.666
1 157 132 -720.666
1 157 133 -720.666
1 157 134 -2162.0
1 157 136 -720.666
1 157 194 -720.666
1 157 207 -720.666
1 157 240 -720.666
1 158 135 -720.666
1 158 248 -720.666
1 159 152 -720.666
1 159 231 -720.666
1 159 240 -720.666
1 159 247 -720.666
1 159 248 -720.666
1 159 250 -720.666
1 159 251 -720.666
1 159 257 -720.666
1 160 133 -720.666
1 160 249 -1441.33
1 160 251 -1441.33
1 160 252 -720.666
1 160 253 -720.666
1 160 262 -720.666
1 161 144 -1441.33
1 161 251 -720.666
1 161 253 -720.666
1 162 137 -1441.33
1 162 252 -1441.33
1 162 253 -720.666
1 163 152 -720.666
1 163 190 -720.666
1 163 236 -720.666
1 164 278 -720.666
1 164 290 -720.666
1 164 299 -720.666
1 165 133 -1441.33
1 165 134 -1441.33
1 165 135 -720.666
1 165 290 -720.666
1 166 131 -720.666
1 166 132 -720.666
1 166 133 -1441.33
1 166 134 -720.666
1 166 135 -720.666
1 166 210 -720.666
1 166 254 -720.666
1 166 255 -720.666
1 167 127 -720.666
1 167 132 -1441.33
1 167 133 -1441.33
1 167 134 -2162.0
1 167 256 -720.666
1 167 288 -720.666
1 167 294 -720.666
1 168 130 -720.666
1 168 131 -720.666
1 168 132 -2882.66
1 168 133 -2882.66
1 168 286 -720.666
1 168 287 -1441.33
1 168 291 -1441.33
1 169 128 -1441.33
1 169 129 -2882.66
1 169 131 -720.666
1 169 132 -3603.33
1 169 133 -2162.0
1 169 134 -6485.99
1 169 135 -720.666
1 169 236 -720.666
1 169 260 -720.666
1 169 271 -720.666
1 169 287 -720.666
1 169 290 -720.666
1 170 133 -2162.0
1 170 134 -8647.99
1 170 136 -720.666
1 170 187 -720.666
1 170 256 -720.666
1 170 287 -720.666
1 170 292 -720.666
1 171 133 -1441.33
1 171 134 -720.666
1 171 136 -3603.33
1 171 290 -720.666
1 172 257 -720.666
1 172 284 -720.666
1 172 295 -1441.33
1 172 311 -720.666
1 173 258 -720.666
1 173 278 -720.666
1 173 290 -720.666
1 173 292 -720.666
1 173 293 -1441.33
1 173 294 -720.666
1 174 124 -720.666
1 174 253 -720.666
1 174 261 -720.666
1 174 270 -720.666
1 174 283 -720.666
1 174 289 -720.666
1 174 293 -720.666
1 175 260 -720.666
1 175 288 -720.666
1 175 292 -1441.33
1 175 293 -720.666
1 175 296 -720.666
1 175 305 -720.666
1 176 274 -720.666
1 176 305 -720.666
1 177 289 -720.666
1 177 290 -720.666
1 178 243 -720.666
1 178 280 -720.666
1 178 285 -720.666
1 178 302 -720.666
1 178 305 -720.666
1 178 306 -720.666
1 178 311 -720.666
1 179 278 -720.666
1 179 285 -720.666
1 180 149 -720.666
1 180 286 -720.666
1 181 297 -720.666
1 181 307 -720.666
1 181 308 -720.666
1 183 242 -720.666
1 183 285 -720.666
1 183 295 -720.666
1 183 308 -720.666
1 183 309 -720.666
1 183 318 -720.666
1 184 263 -720.666
1 184 285 -720.666
1 184 313 -720.666
1 184 319 -720.666
1 185 257 -720.666
1 185 305 -720.666
1 185 306 -720.666
1 185 307 -720.666
1 185 315 -720.666
1 186 255 -720.666
1 186 265 -720.666
1 186 307 -1441.33
1 186 310 -720.666
1 188 262 -720.666
1 188 294 -720.666
1 188 295 -720.666
1 189 295 -720.666
1 189 309 -720.666
1 190 307 -720.666
1 190 308 -720.666
1 190 324 -720.666
1 191 292 -1441.33
1 191 304 -720.666
1 191 305 -720.666
1 192 258 -720.666
1 192 284 -720.666
1 192 304 -720.666
1 192 316 -720.666
1 192 319 -720.666
1 193 262 -720.666
1 193 301 -720.666
1 193 311 -720.666
1 193 313 -1441.33
1 194 284 -720.666
1 194 313 -720.666
1 195 269 -720.666
1 195 287 -720.666
1 195 289 -720.666
1 195 300 -720.666
1 195 311 -720.666
1 195 313 -720.666
1 196 269 -720.666
1 196 275 -720.666
1 196 303 -720.666
1 196 324 -720.666
1 196 333 -720.666
1 197 264 -720.666
1 197 283 -720.666
1 197 300 -720.666
1 197 322 -720.666
1 197 325 -720.666
1 198 242 -720.666
1 198 276 -1441.33
1 198 309 -720.666
1 198 311 -720.666
1 199 283 -720.666
1 199 311 -720.666
1 199 324 -720.666
1 200 280 -720.666
1 200 286 -720.666
1 200 296 -720.666
1 200 299 -720.666
1 200 306 -720.666
1 200 307 -720.666
1 200 312 -720.666
1 200 343 -720.666
1 200 345 -720.666
1 201 257 -720.666
1 202 280 -720.666
1 202 287 -720.666
1 202 297 -720.666
1 202 301 -720.666
1 202 302 -720.666
1 203 215 -720.666
1 203 304 -720.666
1 203 305 -720.666
1 203 309 -720.666
1 203 315 -720.666
1 205 263 -720.666
1 205 303 -720.666
1 205 304 -720.666
1 205 317 -720.666
1 205 318 -720.666
1 205 319 -720.666
1 206 264 -720.666
1 206 270 -720.666
1 206 301 -720.666
1 206 304 -720.666
1 206 315 -720.666
1 206 317 -1441.33
1 207 262 -720.666
1 207 300 -720.666
1 207 301 -1441.33
1 207 303 -720.666
1 207 304 -720.666
1 207 306 -1441.33
1 207 315 -720.666
1 207 317 -720.666
1 208 298 -1441.33
1 208 299 -1441.33
1 208 306 -720.666
1 208 317 -720.666
1 208 328 -720.666
1 209 284 -720.666
1 209 297 -720.666
1 209 302 -720.666
1 210 284 -720.666
1 210 301 -720.666
1 210 302 -720.666
1 210 342 -720.666
1 211 301 -720.666
1 211 321 -720.666
1 212 295 -720.666
1 212 347 -720.666
1 213 226 -720.666
1 213 287 -720.666
1 213 303 -720.666
1 213 329 -720.666
1 214 319 -720.666
1 215 289 -720.666
1 215 311 -720.666
1 215 353 -720.666
1 216 323 -720.666
1 216 341 -720.666
1 217 244 -720.666
1 217 249 -720.666
1 217 351 -720.666
1 218 209 -720.666
1 218 243 -720.666
1 218 292 -720.666
1 218 345 -1441.33
1 221 240 -720.666
1 221 611 -720.666
1 222 254 -720.666
1 222 362 -720.666
1 224 338 -720.666
1 224 359 -720.666
1 225 323 -720.666
1 225 329 -720.666
1 225 332 -720.666
1 225 368 -720.666
1 225 373 -720.666
1 225 378 -720.666
1 225 382 -1441.33
1 226 323 -720.666
1 226 388 -1441.33
1 226 618 -720.666
1 227 315 -720.666
1 228 606 -720.666
1 229 385 -1441.33
1 229 392 -720.666
1 229 393 -720.666
1 229 397 -2882.66
1 229 618 -3603.33
1 230 338 -720.666
1 230 373 -1441.33
1 230 384 -720.666
1 230 392 -1441.33
1 230 393 -2882.66
1 230 396 -720.666
1 230 605 -720.666
1 231 343 -720.666
1 231 383 -720.666
1 231 392 -3603.33
1 231 393 -7927.32
1 231 398 -720.666
1 231 603 -720.666
1 231 607 -1441.33
1 232 259 -720.666
1 232 300 -720.666
1 232 384 -720.666
1 232 389 -720.666
1 232 393 -4324.0
1 232 394 -2882.66
1 232 405 -720.666
1 232 604 -1441.33
1 232 606 -1441.33
1 232 607 -2162.0
1 232 608 -720.666
1 233 373 -720.666
1 233 393 -720.666
1 233 403 -720.666
1 233 406 -2882.66
1 233 601 -1441.33
1 233 602 -720.666
1 234 374 -720.666
1 234 388 -720.666
1 234 389 -720.666
1 234 406 -2162.0
1 234 407 -1441.33
1 234 601 -720.666
1 234 602 -1441.33
1 234 603 -2162.0
1 234 604 -720.666
1 234 605 -1441.33
1 234 606 -720.666
1 234 609 -720.666
1 234 620 -720.666
1 234 621 -720.666
1 235 342 -720.666
1 235 368 -720.666
1 235 389 -720.666
1 235 392 -720.666
1 235 404 -720.666
1 235 406 -720.666
1 235 599 -720.666
1 235 600 -1441.33
1 235 602 -2162.0
1 235 603 -720.666
1 235 606 -720.666
1 235 608 -720.666
1 236 256 -720.666
1 236 359 -720.666
1 236 377 -1441.33
1 236 378 -720.666
1 236 389 -1441.33
1 236 600 -720.666
1 236 601 -720.666
1 236 602 -1441.33
1 236 605 -720.666
1 236 606 -720.666
1 236 607 -720.666
1 236 620 -720.666
1 237 330 -720.666
1 237 377 -720.666
1 237 384 -720.666
1 237 388 -720.666
1 237 605 -1441.33
1 237 606 -2162.0
1 237 607 -1441.33
1 237 608 -3603.33
1 237 609 -2162.0
1 237 620 -720.666
1 238 346 -720.666
1 238 391 -720.666
1 238 410 -720.666
1 238 602 -720.666
1 238 603 -720.666
1 238 606 -3603.33
1 238 607 -4324.0
1 238 608 -2882.66
1 238 610 -720.666
1 239 297 -720.666
1 239 323 -720.666
1 239 404 -720.666
1 239 601 -720.666
1 239 603 -720.666
1 239 607 -1441.33
1 239 608 -2882.66
1 239 609 -2162.0
1 239 610 -1441.33
1 239 615 -1441.33
1 240 267 -720.666
1 240 319 -720.666
1 240 327 -720.666
1 240 352 -720.666
1 240 374 -1441.33
1 240 392 -1441.33
1 240 396 -720.666
1 240 406 -720.666
1 240 603 -720.666
1 240 605 -2162.0
1 240 606 -2882.66
1 240 607 -1441.33
1 240 620 -1441.33
1 240 621 -720.666
1 241 339 -720.666
1 241 352 -720.666
1 241 370 -1441.33
1 241 375 -720.666
1 241 409 -720.666
1 241 577 -720.666
1 241 603 -1441.33
1 241 605 -2162.0
1 241 606 -1441.33
1 241 607 -1441.33
1 241 608 -1441.33
1 241 609 -3603.33
1 241 610 -720.666
1 241 611 -720.666
1 241 620 -720.666
1 241 621 -720.666
1 242 314 -720.666
1 242 318 -720.666
1 242 336 -720.666
1 242 338 -720.666
1 242 339 -720.666
1 242 373 -2162.0
1 242 374 -4324.0
1 242 406 -1441.33
1 242 603 -1441.33
1 242 604 -5044.66
1 242 605 -6485.99
1 242 606 -2162.0
1 242 607 -3603.33
1 242 608 -3603.33
1 242 609 -2162.0
1 242 610 -2162.0
1 242 616 -720.666
1 242 622 -720.666
1 242 623 -2162.0
1 243 366 -720.666
1 243 369 -720.666
1 243 372 -1441.33
1 243 373 -5765.33
1 243 374 -2162.0
1 243 386 -720.666
1 243 391 -720.666
1 243 405 -720.666
1 243 406 -720.666
1 243 407 -1441.33
1 243 409 -720.666
1 243 577 -720.666
1 243 606 -5044.66
1 243 607 -3603.33
1 243 608 -1441.33
1 243 609 -4324.0
1 243 620 -720.666
1 243 622 -1441.33
1 243 623 -5765.33
1 244 371 -720.666
1 244 372 -1441.33
1 244 373 -2162.0
1 244 415 -720.666
1 244 598 -720.666
1 244 606 -2882.66
1 244 607 -720.666
1 244 611 -720.666
1 244 616 -720.666
1 244 622 -720.666
1 244 623 -2882.66
1 244 624 -720.666
1 245 312 -720.666
1 245 315 -720.666
1 245 326 -720.666
1 245 335 -720.666
1 245 338 -720.666
1 245 356 -1441.33
1 245 371 -720.666
1 245 413 -720.666
1 245 586 -720.666
1 245 604 -720.666
1 245 605 -2162.0
1 245 606 -3603.33
1 245 607 -2882.66
1 245 609 -3603.33
1 245 610 -1441.33
1 245 612 -1441.33
1 245 616 -1441.33
1 245 619 -720.666
1 245 620 -1441.33
1 245 622 -720.666
1 246 214 -720.666
1 246 342 -720.666
1 246 356 -720.666
1 246 357 -720.666
1 246 374 -720.666
1 246 413 -720.666
1 246 590 -720.666
1 246 599 -720.666
1 246 600 -4324.0
1 246 605 -2882.66
1 246 606 -5044.66
1 246 607 -2882.66
1 246 610 -720.666
1 246 612 -1441.33
1 246 614 -720.666
1 246 615 -720.666
1 246 623 -720.666
1 247 314 -720.666
1 247 331 -720.666
1 247 367 -1441.33
1 247 368 -3603.33
1 247 387 -1441.33
1 247 413 -720.666
1 247 578 -720.666
1 247 597 -720.666
1 247 598 -5044.66
1 247 599 -4324.0
1 247 600 -7206.66
1 247 601 -7206.66
1 247 605 -1441.33
1 247 609 -1441.33
1 247 610 -1441.33
1 247 611 -2882.66
1 247 612 -2882.66
1 247 613 -1441.33
1 247 618 -1441.33
1 247 619 -720.666
1 247 623 -720.666
1 248 307 -720.666
1 248 367 -720.666
1 248 368 -2882.66
1 248 371 -1441.33
1 248 372 -3603.33
1 248 387 -1441.33
1 248 388 -4324.0
1 248 413 -720.666
1 248 416 -720.666
1 248 529 -720.666
1 248 567 -720.666
1 248 596 -5044.66
1 248 597 -3603.33
1 248 598 -7206.66
1 248 599 -4324.0
1 248 600 -2882.66
1 248 601 -4324.0
1 248 602 -2162.0
1 248 605 -720.666
1 248 608 -720.666
1 248 609 -1441.33
1 248 610 -2162.0
1 248 611 -4324.0
1 248 612 -4324.0
1 248 613 -5044.66
1 248 618 -720.666
1 248 619 -720.666
1 248 620 -720.666
1 248 623 -1441.33
1 249 333 -720.666
1 249 334 -720.666
1 249 365 -1441.33
1 249 366 -2162.0
1 249 367 -720.666
1 249 368 -2162.0
1 249 371 -720.666
1 249 387 -720.666
1 249 388 -720.666
1 249 400 -720.666
1 249 412 -720.666
1 249 567 -720.666
1 249 593 -1441.33
1 249 595 -4324.0
1 249 596 -5044.66
1 249 597 -7927.32
1 249 603 -2162.0
1 249 604 -5765.33
1 249 605 -3603.33
1 249 607 -2882.66
1 249 609 -720.666
1 249 610 -1441.33
1 249 611 -3603.33
1 249 612 -6485.99
1 249 613 -1441.33
1 249 618 -720.666
1 249 623 -720.666
1 250 331 -720.666
1 250 355 -720.666
1 250 365 -1441.33
1 250 366 -3603.33
1 250 367 -2162.0
1 250 368 -720.666
1 250 369 -1441.33
1 250 370 -1441.33
1 250 371 -4324.0
1 250 382 -720.666
1 250 406 -720.666
1 250 413 -720.666
1 250 414 -720.666
1 250 423 -720.666
1 250 436 -720.666
1 250 568 -720.666
1 250 579 -720.666
1 250 591 -720.666
1 250 594 -720.666
1 250 596 -5765.33
1 250 597 -1441.33
1 250 602 -720.666
1 250 603 -5044.66
1 250 604 -4324.0
1 250 605 -2882.66
1 250 607 -720.666
1 250 608 -2162.0
1 250 609 -720.666
1 250 610 -720.666
1 250 613 -720.666
1 251 276 -720.666
1 251 322 -720.666
1 251 365 -2162.0
1 251 366 -6485.99
1 251 367 -1441.33
1 251 368 -1441.33
1 251 371 -720.666
1 251 379 -720.666
1 251 407 -720.666
1 251 414 -720.666
1 251 424 -720.666
1 251 598 -720.666
1 251 604 -720.666
1 251 605 -720.666
1 251 607 -720.666
1 251 610 -720.666
1 252 236 -720.666
1 252 365 -2162.0
1 252 366 -5044.66
1 252 367 -5044.66
1 252 368 -1441.33
1 252 376 -720.666
1 252 412 -720.666
1 252 416 -720.666
1 252 428 -720.666
1 252 506 -720.666
1 252 507 -720.666
1 252 528 -720.666
1 252 534 -720.666
1 252 544 -720.666
1 252 576 -720.666
1 252 591 -1441.33
1 252 596 -1441.33
1 252 597 -1441.33
1 252 598 -720.666
1 252 599 -1441.33
1 252 608 -1441.33
1 252 609 -720.666
1 252 611 -720.666
1 252 620 -720.666
1 253 259 -720.666
1 253 342 -720.666
1 253 363 -720.666
1 253 365 -1441.33
1 253 366 -4324.0
1 253 367 -2882.66
1 253 370 -720.666
1 253 375 -1441.33
1 253 404 -720.666
1 253 433 -1441.33
1 253 506 -720.666
1 253 543 -720.666
1 253 546 -720.666
1 253 547 -720.666
1 253 566 -720.666
1 253 586 -1441.33
1 253 596 -720.666
1 253 597 -2882.66
1 253 601 -720.666
1 253 604 -720.666
1 253 605 -720.666
1 253 614 -2162.0
1 254 366 -1441.33
1 254 478 -720.666
1 254 581 -720.666
1 254 584 -720.666
1 254 585 -4324.0
1 254 586 -3603.33
1 254 587 -2162.0
1 254 588 -2162.0
1 254 589 -2882.66
1 254 598 -720.666
1 254 599 -720.666
1 254 601 -1441.33
1 254 604 -1441.33
1 254 605 -720.666
1 254 606 -720.666
1 254 611 -720.666
1 255 341 -720.666
1 255 346 -720.666
1 255 371 -720.666
1 255 402 -720.666
1 255 442 -720.666
1 255 445 -720.666
1 255 461 -720.666
1 255 479 -720.666
1 255 512 -720.666
1 255 513 -720.666
1 255 526 -720.666
1 255 547 -720.666
1 255 548 -720.666
1 255 565 -720.666
1 255 583 -2162.0
1 255 584 -2882.66
1 255 585 -2882.66
1 255 586 -2882.66
1 255 587 -1441.33
1 255 588 -720.666
1 255 591 -720.666
1 255 594 -720.666
1 255 597 -720.666
1 255 600 -1441.33
1 255 607 -720.666
1 256 346 -720.666
1 256 350 -720.666
1 256 367 -720.666
1 256 373 -720.666
1 256 374 -720.666
1 256 491 -720.666
1 256 526 -720.666
1 256 531 -2162.0
1 256 532 -720.666
1 256 547 -720.666
1 256 548 -1441.33
1 256 549 -720.666
1 256 575 -720.666
1 256 578 -1441.33
1 256 580 -720.666
1 256 584 -2162.0
1 256 585 -1441.33
1 256 592 -1441.33
1 256 594 -5044.66
1 256 595 -2882.66
1 256 607 -2882.66
1 256 608 -1441.33
1 256 609 -720.666
1 257 330 -720.666
1 257 461 -720.666
1 257 497 -720.666
1 257 503 -720.666
1 257 506 -720.666
1 257 512 -720.666
1 257 527 -2162.0
1 257 529 -720.666
1 257 532 -720.666
1 257 549 -720.666
1 257 574 -720.666
1 257 575 -2162.0
1 257 584 -2162.0
1 257 585 -2162.0
1 257 593 -1441.33
1 257 594 -5765.33
1 257 595 -2882.66
1 257 597 -1441.33
1 257 606 -5044.66
1 257 607 -720.666
1 258 307 -720.666
1 258 330 -720.666
1 258 366 -720.666
1 258 485 -1441.33
1 258 489 -1441.33
1 258 491 -720.666
1 258 493 -720.666
1 258 494 -720.666
1 258 496 -720.666
1 258 497 -720.666
1 258 498 -2162.0
1 258 499 -1441.33
1 258 502 -720.666
1 258 503 -720.666
1 258 529 -1441.33
1 258 531 -720.666
1 258 532 -720.666
1 258 533 -1441.33
1 258 535 -720.666
1 258 546 -720.666
1 258 550 -720.666
1 258 556 -1441.33
1 258 564 -720.666
1 258 576 -720.666
1 258 583 -720.666
1 258 584 -2162.0
1 258 586 -2162.0
1 258 594 -2162.0
1 258 606 -3603.33
1 258 607 -720.666
1 259 346 -720.666
1 259 369 -1441.33
1 259 402 -720.666
1 259 444 -720.666
1 259 456 -720.666
1 259 485 -720.666
1 259 486 -720.666
1 259 488 -720.666
1 259 489 -720.666
1 259 490 -1441.33
1 259 509 -1441.33
1 259 510 -720.666
1 259 522 -720.666
1 259 528 -720.666
1 259 529 -720.666
1 259 531 -720.666
1 259 532 -720.666
1 259 545 -720.666
1 259 549 -720.666
1 259 554 -1441.33
1 259 555 -1441.33
1 259 556 -2162.0
1 259 557 -2162.0
1 259 575 -2882.66
1 259 576 -720.666
1 259 579 -720.666
1 259 584 -720.666
1 259 585 -2882.66
1 259 586 -1441.33
1 260 369 -1441.33
1 260 404 -1441.33
1 260 443 -720.666
1 260 454 -720.666
1 260 485 -720.666
1 260 486 -1441.33
1 260 487 -720.666
1 260 492 -720.666
1 260 499 -720.666
1 260 502 -1441.33
1 260 517 -720.666
1 260 527 -720.666
1 260 545 -2162.0
1 260 548 -720.666
1 260 554 -720.666
1 260 556 -720.666
1 260 567 -720.666
1 260 576 -720.666
1 260 577 -720.666
1 261 397 -720.666
1 261 404 -720.666
1 261 444 -720.666
1 261 483 -720.666
1 261 487 -720.666
1 261 501 -720.666
1 261 502 -720.666
1 261 545 -720.666
1 261 551 -720.666
1 261 552 -720.666
1 261 565 -720.666
1 262 254 -720.666
1 262 353 -1441.33
1 262 369 -720.666
1 262 425 -720.666
1 262 443 -720.666
1 262 458 -720.666
1 262 483 -1441.33
1 262 493 -720.666
1 262 501 -720.666
1 262 502 -720.666
1 262 523 -720.666
1 262 524 -720.666
1 262 535 -720.666
1 262 536 -720.666
1 262 537 -720.666
1 262 542 -720.666
1 262 546 -720.666
1 262 584 -720.666
1 262 587 -720.666
1 263 355 -720.666
1 263 415 -720.666
1 263 484 -720.666
1 263 493 -720.666
1 263 509 -720.666
1 263 522 -720.666
1 263 523 -1441.33
1 263 524 -1441.33
1 263 541 -1441.33
1 263 542 -720.666
1 263 543 -720.666
1 263 546 -1441.33
1 263 576 -720.666
1 263 579 -720.666
1 263 581 -2882.66
1 264 369 -720.666
1 264 379 -720.666
1 264 481 -720.666
1 264 482 -720.666
1 264 493 -720.666
1 264 503 -720.666
1 264 504 -720.666
1 264 516 -720.666
1 264 521 -2162.0
1 264 527 -720.666
1 264 543 -2882.66
1 264 568 -720.666
1 264 575 -720.666
1 264 576 -1441.33
1 265 336 -720.666
1 265 367 -1441.33
1 265 457 -720.666
1 265 459 -720.666
1 265 511 -720.666
1 265 516 -720.666
1 265 520 -720.666
1 265 524 -720.666
1 265 568 -1441.33
1 266 314 -720.666
1 266 413 -720.666
1 266 456 -720.666
1 266 478 -720.666
1 266 481 -720.666
1 266 483 -720.666
1 266 484 -720.666
1 266 485 -720.666
1 266 492 -720.666
1 266 498 -720.666
1 266 505 -720.666
1 266 518 -720.666
1 266 523 -720.666
1 266 543 -720.666
1 266 545 -720.666
1 266 549 -720.666
1 266 555 -720.666
1 267 337 -720.666
1 267 365 -720.666
1 267 381 -720.666
1 267 459 -720.666
1 267 460 -1441.33
1 267 505 -720.666
1 267 507 -720.666
1 267 543 -720.666
1 267 544 -1441.33
1 267 549 -720.666
1 267 553 -2162.0
1 267 562 -720.666
1 268 507 -1441.33
1 268 540 -720.666
1 268 541 -720.666
1 268 542 -1441.33
1 268 543 -2882.66
1 268 544 -1441.33
1 268 549 -720.666
1 268 551 -720.666
1 268 552 -720.666
1 268 553 -720.666
1 269 362 -720.666
1 269 505 -1441.33
1 269 507 -720.666
1 269 528 -720.666
1 269 543 -720.666
1 269 547 -1441.33
1 270 474 -720.666
1 270 475 -1441.33
1 270 479 -720.666
1 270 491 -720.666
1 270 504 -720.666
1 270 507 -720.666
1 270 526 -720.666
1 271 375 -720.666
1 271 388 -720.666
1 271 479 -720.666
1 271 481 -720.666
1 271 487 -720.666
1 271 491 -720.666
1 271 526 -720.666
1 272 469 -720.666
1 272 493 -720.666
1 272 495 -1441.33
1 272 496 -720.666
1 272 502 -720.666
1 272 526 -2162.0
1 273 441 -720.666
1 273 462 -720.666
1 273 526 -720.666
1 275 463 -720.666
1 275 480 -720.666
1 275 502 -720.666
1 275 504 -720.666
1 276 502 -720.666
1 277 393 -720.666
1 279 459 -720.666
1 280 563 -720.666
1 282 434 -720.666
1 282 435 -720.666
1 283 461 -720.666
1 283 482 -720.666
1 283 483 -720.666
1 285 437 -720.666
1 285 482 -720.666
1 285 483 -720.666
1 286 377 -720.666
1 286 464 -720.666
1 288 469 -720.666
1 289 362 -720.666
1 289 443 -720.666
1 292 358 -720.666
1 293 390 -2162.0
1 293 391 -720.666
1 296 390 -720.666
1 301 359 -720.666
1 301 378 -720.666
1 85 106 -720.666
1 92 112 -1441.33
1 93 117 -720.666
1 97 89 -720.666
1 98 101 -720.666
1 99 126 -720.666
1 99 136 -720.666
1 147 119 -4637.03
1 148 187 -45948.8
1 150 114 -26979.1
1 153 113 -29227.3
1 156 158 -21077.4
1 157 160 -20655.9
1 170 169 -119439.0
1 197 280 -42154.8
1 199 225 -11803.3
1 210 300 -15878.3
1 234 285 -22482.6
1 244 234 -14894.7
1 259 541 -843.1
1 267 479 -562.06
1 271 361 -1279.88
1 291 453 -15946.8
1 109 116 -28524.8
1 131 118 -2950.84
1 132 183 -2248.26
1 137 123 -29227.3
1 140 173 -17143.0
1 141 124 -26417.0
1 142 121 -116628.0
1 152 130 -8009.42
1 155 192 -29367.9
1 157 117 -13770.6
1 157 190 -281.03
1 164 258 -70398.6
1 169 164 -147542.0
1 172 162 -32459.2
1 172 163 -23185.2
1 173 196 -562.06
1 175 213 -48759.1
1 195 280 -78689.0
1 202 295 -83607.1
1 203 296 -113397.0
1 218 173 -99344.9
1 226 358 -3878.25
1 247 335 -33302.3
1 256 333 -14051.6
1 262 350 -49180.6
1 265 349 -26276.5
1 267 346 -85293.3
1 269 347 -105387.0
1 271 470 -1826.71
1 274 431 -2772760.0
1 280 367 -77424.4
1 285 357 -281.03
1 289 374 -281.03
1 299 335 -71663.2
1 143 152 -55503.9
1 144 130 -7025.81
1 148 113 -37096.3
1 149 118 -36112.6
1 151 143 -281.03
1 152 177 -55644.4
1 152 183 -28946.3
1 153 185 -54239.2
1 153 212 -45948.8
1 155 180 -27822.2
1 159 188 -22904.1
1 161 161 -24730.8
1 162 171 -58454.7
1 164 159 -53817.7
1 167 163 -19672.3
1 170 217 -12224.9
1 175 178 -2388.77
1 176 128 -11943.9
1 188 287 -6323.23
1 189 206 -59719.4
1 201 279 -45808.3
1 221 294 -105247.0
1 222 266 -21077.4
1 224 273 -52693.6
1 226 361 -56347.0
1 234 319 -154568.0
1 235 317 -28103.2
1 237 292 -112468.0
1 248 238 -132507.0
1 248 331 -38501.4
1 256 342 -7025.81
1 259 347 -56206.4
1 266 345 -68009.8
1 271 268 -119439.0
1 274 278 -63232.3
1 289 355 -4637.03
1 296 391 -140.52
1 296 393 -25433.4
1 140 166 -843.1
1 141 116 -23185.2
1 141 165 -843.1
1 143 114 -43981.6
1 144 151 -118596.0
1 145 114 -4215.48
1 146 150 -36955.7
1 146 180 -12787.0
1 147 148 -38782.4
1 149 124 -843.1
1 149 181 -42154.8
1 149 202 -45386.7
1 150 172 -85714.8
1 150 183 -9133.55
1 150 186 -43700.5
1 151 181 -37096.3
1 152 180 -74754.6
1 154 113 -983.61
1 158 173 -4215.48
1 164 124 -5620.65
1 165 167 -79532.1
1 168 164 -21358.4
1 168 166 -25011.9
1 176 222 -4918.06
1 184 210 -57330.6
1 188 207 -58735.7
1 189 288 -1264.65
1 193 280 -22763.6
1 206 280 -4918.06
1 209 273 -66745.2
1 209 281 -98361.3
1 210 249 -5480.13
1 211 263 -56628.0
1 211 296 -9274.06
1 213 270 -54520.3
1 221 302 -1826.71
1 221 317 -76581.3
1 224 287 -33723.9
1 228 354 -63372.8
1 230 352 -154568.0
1 231 270 -21780.0
1 231 347 -18267.1
1 235 295 -57471.1
1 236 320 -74473.5
1 236 342 -29086.8
1 236 344 -20093.8
1 240 330 -111851.0
1 240 337 -52974.6
1 240 357 -57892.6
1 246 332 -21077.4
1 251 334 -161313.0
1 258 345 -39625.6
1 260 345 -37517.8
1 261 340 -14051.6
1 262 286 -5480.13
1 263 344 -49742.7
1 267 321 -23747.2
1 267 428 -192845.0
1 270 361 -63513.3
1 271 267 -32318.7
1 271 363 -42154.8
1 275 399 -1040.57
1 284 333 -4777.55
1 289 371 -18126.6
1 296 358 -35691.1
1 297 356 -7025.81
1 297 391 -65340.0
1 299 347 -9274.06
1 131 125 -35550.6
1 134 123 -26979.1
1 135 126 -30070.4
1 138 125 -35410.1
1 142 169 -4074.97
1 146 146 -8430.97
1 155 116 -3934.45
1 156 214 -33021.3
1 161 185 -5339.61
1 163 186 -7587.87
1 166 203 -2529.29
1 168 216 -57190.1
1 183 232 -29648.9
1 192 232 -369557.0
1 193 235 -61827.1
1 201 310 -1405.16
1 211 195 -3231.87
1 215 261 -13911.1
1 221 339 -94145.8
1 222 324 -18407.6
1 223 263 -88946.7
1 226 354 -15456.8
1 230 358 -14613.7
1 232 347 -421.55
1 233 341 -25292.9
1 242 618 -23466.2
1 248 344 -165.99
1 263 345 -185481.0
1 263 570 -140.52
1 268 366 -4215.48
1 286 302 -2810.32
1 292 360 -702.58
1 293 357 -14613.7
1 295 362 -9274.06
1 297 439 -1313480.0
1 132 120 -32318.7
1 134 124 -33723.9
1 134 126 -18407.6
1 135 122 -20655.9
1 137 128 -45527.2
1 148 119 -13208.5
1 150 118 -39485.0
1 150 121 -38501.4
1 150 127 -2388.77
1 152 118 -17283.5
1 153 122 -16159.3
1 153 123 -19391.2
1 155 125 -24028.3
1 156 124 -12927.5
1 158 138 -16159.3
1 158 140 -33864.4
1 160 139 -29789.4
1 185 168 -44262.6
1 189 126 -72927.9
1 230 223 -8571.48
1 276 358 -562.06
1 276 359 -17564.5
1 281 445 -140.52
1 149 213 -42295.4
1 189 195 -85012.3
1 190 250 -5620.65
1 192 197 -245060.0
1 210 253 -57892.6
1 217 236 -68993.4
1 245 324 -1405.16
1 270 480 -421.55
1 144 124 -5480.13
1 145 131 -20374.8
1 148 124 -281.03
1 148 166 -15456.8
1 151 118 -33583.4
1 158 114 -28384.3
1 187 263 -140.52
1 188 204 -3934.45
1 203 340 -1222.53
1 208 226 -2529.29
1 211 266 -38918.3
1 213 276 -11953.6
1 214 274 -19444.1
1 220 278 -132905.0
1 233 375 -1545.68
1 236 317 -56768.5
1 239 385 -4242.37
1 239 406 -381.91
1 241 238 -22623.1
1 245 408 -10117.2
1 246 320 -6042.19
1 248 454 -281.03
1 259 351 -3978.64
1 263 492 -2.78
1 269 360 -8184.71
1 272 360 -26698.1
1 273 521 -15456.8
1 274 327 -14894.7
1 274 521 -421.55
1 275 465 -89.26
1 290 322 -26557.6
1 294 354 -2810.32
1 297 377 -7306.84
1 147 116 -24028.3
1 147 183 -39766.1
1 156 122 -7587.87
1 257 342 -9695.61
1 201 251 -77564.9
1 201 301 -16299.9
1 259 336 -140.52
1 264 441 -281.03
1 265 488 -281.03
1 135 160 -13489.5
1 136 173 -1826.71
1 144 189 -9695.61
1 154 112 -6463.74
1 154 122 -27962.7
1 156 131 -983.61
1 161 179 -100750.0
1 164 169 -2950.84
1 167 128 -1686.19
1 167 247 -4074.97
1 183 124 -40047.1
1 183 205 -140.52
1 186 125 -44965.2
1 186 209 -28946.3
1 204 300 -30.96
1 215 269 -56206.4
1 225 242 -19672.3
1 226 375 -159757.0
1 238 302 -11803.3
1 242 355 -94.53
1 244 321 -30773.0
1 245 406 -1686.19
1 247 591 -421.55
1 248 593 -140.52
1 251 614 -1289.8
1 255 333 -14051.6
1 256 443 -227.9
1 258 335 -32199.8
1 258 339 -1516.2
1 258 416 -107.81
1 263 583 -308.29
1 266 470 -486.46
1 269 482 -140.52
1 270 476 -1686.19
1 273 523 -124778.0
1 274 506 -5058.58
1 275 479 -15035.2
1 280 458 -685.65
1 297 388 -1191.48
1 298 384 -209.96
1 204 299 -281.03
1 221 300 -281.03
1 140 116 -26557.6
1 272 494 -281.03
1 134 167 -11662.8
1 159 157 -68852.9
1 184 305 -53.42
1 197 298 -14.49
1 211 290 -46370.3
1 226 330 -19905.5
1 244 430 -1826.71
1 247 342 -420.25
1 253 427 -940.08
1 253 443 -1022.92
1 254 398 -132.65
1 254 444 -70.66
1 254 445 -46.0
1 256 445 -506.69
1 261 346 -17010.7
1 261 369 -1975.89
1 263 448 -281.03
1 265 559 -1573.98
1 271 364 -19953.3
1 271 471 -140.52
1 271 489 -16481.5
1 272 371 -281.03
1 275 449 -140.52
1 262 394 -287119.0
1 167 168 -32599.7
1 157 122 -843.1
1 160 136 -3793.94
1 169 201 -40047.1
1 211 313 -43.3
1 212 315 -238.24
1 214 287 -116.86
1 224 372 -2388.77
1 246 609 -2150.97
1 247 343 -37.6
1 247 590 -3091.35
1 255 446 -520.7
1 261 525 -30.96
1 270 482 -43.12
1 276 386 -702.58
1 281 446 -843.1
1 291 458 -13.85
1 295 390 -3934.45
1 297 384 -281.03
1 297 387 -2107.74
1 165 158 -21077.4
1 178 212 -3091.35
1 257 443 -1405.8
1 162 205 -31616.1
1 170 249 -4777.55
1 196 299 -7587.87
1 237 378 -7.24
1 240 386 -53.86
1 241 353 -75.89
1 247 341 -116.07
1 248 343 -171.15
1 252 457 -140.52
1 253 400 -140.52
1 254 394 -29.24
1 254 400 -140.52
1 255 373 -140.52
1 261 362 -39344.5
1 263 353 -6.74
1 274 527 -164.47
1 277 429 -4.78
1 282 451 -1124.13
1 207 193 -85293.3
1 145 139 -1405.16
1 150 115 -41452.3
1 206 299 -56.31
1 261 461 -140.52
1 233 400 -46651.4
1 268 360 -983.61
1 117 117 -7025.81
1 244 355 -21626.1
1 245 261 -21893.4
1 290 355 -48374.2
1 294 370 -68290.8
1 264 351 -1124.13
1 164 240 -702.58
1 173 170 -1264.65
1 181 179 -843.1
1 201 297 -81.47
1 207 298 -15.52
1 232 373 -1072.19
1 233 392 -218.31
1 234 236 -983.61
1 235 390 -91.54
1 236 398 -562.06
1 237 390 -939.1
1 237 399 -140.52
1 237 400 -281.03
1 241 374 -35.15
1 248 342 -17.82
1 248 606 -26.43
1 249 343 -50.88
1 249 344 -54.46
1 249 411 -440.33
1 253 418 -344.25
1 253 442 -898.51
1 254 600 -164.05
1 256 442 -37.23
1 258 597 -93.49
1 259 335 -1427.37
1 259 428 -702.58
1 263 467 -23466.2
1 263 468 -72365.8
1 267 481 -125.06
1 268 457 -140.52
1 278 465 -140.52
1 278 469 -334.63
1 281 429 -301.86
1 283 394 -50.87
1 284 436 -3512.9
1 292 376 -140.52
1 296 414 -3.75
1 297 446 -140.52
1 300 390 -6610.83
1 162 179 -31335.1
1 240 379 -1826.71
1 148 141 -23325.7
1 223 371 -1826.71
1 257 456 -140.52
1 240 384 -7025.81
1 247 419 -1264.65
1 272 448 -7587.87
1 290 441 -140.52
1 257 602 -140.52
