1 204 346 -885.716
1 212 384 45000.0
1 212 385 45000.0
1 212 386 45000.0
1 212 387 45000.0
1 212 388 45000.0
1 212 389 45000.0
1 212 390 45000.0
1 212 391 45000.0
1 212 392 45000.0
1 212 393 45000.0
1 213 394 45000.0
1 213 395 45000.0
1 213 396 45000.0
1 213 397 45000.0
1 213 398 45000.0
1 213 399 45000.0
1 213 400 45000.0
1 213 401 45000.0
1 213 402 45000.0
1 214 403 45000.0
1 214 404 45000.0
1 214 405 45000.0
1 214 406 45000.0
1 214 407 45000.0
1 214 409 45000.0
1 214 410 45000.0
1 214 411 45000.0
1 214 412 45000.0
1 214 413 45000.0
1 214 414 45000.0
1 214 415 45000.0
1 215 416 45000.0
1 215 417 45000.0
1 227 417 45000.0
1 228 417 45000.0
1 229 417 45000.0
1 216 418 45000.0
1 226 418 45000.0
1 230 418 45000.0
1 217 419 45000.0
1 218 419 45000.0
1 219 419 45000.0
1 220 419 45000.0
1 221 419 45000.0
1 222 419 45000.0
1 223 419 45000.0
1 224 419 45000.0
1 225 419 45000.0
1 229 419 45000.0
1 229 420 45000.0
1 226 421 45000.0
1 227 421 45000.0
1 228 421 45000.0
1 224 422 45000.0
1 225 422 45000.0
1 224 423 45000.0
1 224 424 45000.0
1 225 424 45000.0
1 226 424 45000.0
1 227 424 45000.0
1 228 424 45000.0
1 229 425 45000.0
1 229 426 45000.0
1 229 427 45000.0
1 229 428 45000.0
1 229 429 45000.0
1 228 430 45000.0
1 228 431 45000.0
1 228 432 45000.0
1 228 433 45000.0
1 228 434 45000.0
1 228 435 45000.0
1 229 435 45000.0
1 230 436 45000.0
1 230 437 45000.0
1 230 438 45000.0
1 230 439 45000.0
1 230 440 45000.0
1 230 441 45000.0
1 230 442 45000.0
1 230 443 45000.0
1 230 444 45000.0
1 230 445 45000.0
1 230 446 45000.0
1 230 447 45000.0
1 230 448 45000.0
1 230 449 45000.0
1 230 450 45000.0
1 230 451 45000.0
1 230 452 45000.0
1 230 453 45000.0
1 230 454 45000.0
1 230 455 45000.0
1 230 456 45000.0
1 231 457 45000.0
1 231 458 45000.0
1 231 459 45000.0
1 231 460 45000.0
1 232 461 45000.0
1 232 462 45000.0
1 232 463 45000.0
1 232 464 45000.0
1 233 464 45000.0
1 234 464 45000.0
1 235 464 45000.0
1 236 464 45000.0
1 237 464 45000.0
1 238 464 45000.0
1 239 465 45000.0
1 239 466 45000.0
1 114 114 -54.4463
1 117 120 -885.716
1 130 122 -885.716
1 133 112 -8315.74
1 135 194 -1766.9
1 139 168 -1595.77
1 143 172 -3533.5
1 143 190 -12538.2
1 144 172 -3685.48
1 144 190 -148.255
1 146 117 -22018.9
1 147 145 -1953.67
1 148 167 -6421.09
1 148 176 -885.716
1 149 145 -4431.23
1 149 146 -3295.08
1 150 124 -3141.89
1 150 141 -2571.45
1 151 142 -5551.79
1 152 123 -1837.19
1 152 125 -2786.74
1 152 132 -7347.31
1 153 133 -3.93183
1 154 125 -593.245
1 154 171 -2271.83
1 154 249 -62351.2
1 155 129 -1599.86
1 156 129 -225239.0
1 157 135 -1771.43
1 157 140 -13351.2
1 158 133 -885.716
1 159 119 -49073.8
1 159 173 -6399.1
1 161 125 -55494.8
1 161 188 -59.0168
1 162 128 -69613.2
1 162 167 -1766.74
1 162 169 -6484.09
1 163 138 -1533.5
1 164 135 -3368.17
1 164 187 -3579.09
1 165 131 -177.666
1 166 126 -249.055
1 168 123 -511.749
1 168 208 -5189.02
1 169 127 -0.215614
1 170 131 -28513.5
1 170 163 -1927.88
1 175 134 -7844.06
1 175 204 -7025.81
1 176 176 -2715.21
1 177 133 -7214.87
1 179 181 -85293.3
1 179 183 -31335.1
1 179 210 -7762.11
1 180 208 -10974.8
1 184 246 -12851.6
1 188 198 -35.129
1 188 240 -9527.34
1 191 191 -49257.9
1 193 260 -32195.5
1 197 204 -5032.42
1 197 252 -1277.56
1 198 298 -885.716
1 199 211 -4573.6
1 199 231 -226.231
1 199 298 -885.716
1 200 298 -907.278
1 203 280 -1803.68
1 205 300 -923.507
1 206 196 -52770.8
1 206 286 -4510.41
1 206 300 -1794.2
1 212 226 -8013.63
1 212 258 -21320.5
1 213 264 -194.389
1 214 240 -6497.75
1 217 264 -60947.5
1 218 179 -91269.8
1 221 223 -1143.8
1 221 246 -40066.8
1 222 358 -14.0516
1 222 369 -244.498
1 224 374 -8371.86
1 226 365 -1864.8
1 227 270 -4512.95
1 228 225 -7374.0
1 230 255 -10177.6
1 230 361 -11890.5
1 231 401 -885.716
1 232 364 -101.12299999999999
1 233 337 -885.716
1 233 394 -1789.41
1 234 304 -4681.41
1 234 393 -909.171
1 235 400 -2759.43
1 235 605 -879.705
1 235 609 -7110.95
1 236 263 -19360.3
1 236 351 -8430.97
1 236 609 -108.89399999999999
1 237 237 -28315.3
1 237 316 -39271.9
1 237 357 -9672.45
1 237 389 -885.7410000000001
1 238 221 -80.0942
1 238 398 -2.58737
1 238 605 -4463.04
1 238 609 -2168.81
1 239 250 -5877.79
1 239 426 -492.894
1 239 605 -4428.58
1 239 606 -2657.15
1 239 619 -6032.82
1 240 380 -1065.11
1 240 426 -1006.46
1 240 608 -3617.29
1 241 604 -885.716
1 242 311 -8803.52
1 243 371 -885.716
1 243 389 -1843.8
1 243 422 -121.175
1 243 431 -20793.8
1 243 605 -4428.58
1 244 431 -2.15614
1 244 605 -5314.3
1 244 621 -3957.76
1 245 322 -14886.0
1 245 337 -885.716
1 245 621 -885.716
1 246 321 -3755.57
1 246 618 -2702.0
1 247 344 -985.062
1 247 384 -3199390.0
1 248 251 -29806.5
1 248 424 -1515.08
1 248 436 -1729.22
1 248 442 -379.05
1 248 444 -14177.1
1 248 589 -3567.98
1 249 373 -907.191
1 249 389 -1473.08
1 249 424 -26101.8
1 249 430 -24679.2
1 249 436 -12540.2
1 249 606 -4428.58
1 250 239 -51.99100000000001
1 250 326 -2674.91
1 250 424 -885.716
1 250 425 -302826.0
1 250 431 -25575.3
1 250 595 -2753.02
1 251 356 -72245.4
1 251 408 -1319.99
1 251 456 -885.716
1 251 457 -78.4102
1 251 594 -932.073
1 251 595 -1023.33
1 251 596 -1966.94
1 252 230 -11712.0
1 252 285 -64.6374
1 252 329 -26356.7
1 252 450 -516.094
1 252 595 -885.716
1 252 606 -961.7739999999999
1 253 331 -16882.6
1 253 332 -26555.0
1 253 416 -38.6265
1 253 420 -12108.7
1 253 445 -4108.31
1 254 338 -997.664
1 254 367 -104560.0
1 254 407 -70984.5
1 254 597 -887.4580000000001
1 254 607 -6212.96
1 255 381 -8486.57
1 255 383 -35192.5
1 255 388 -60643.6
1 255 395 -1543.8
1 255 420 -11548.3
1 255 439 -17227.6
1 255 443 -78779.4
1 255 595 -908.51
1 255 596 -885.716
1 255 606 -4200.35
1 255 609 -1771.43
1 256 314 -6680.55
1 256 335 -3660.45
1 256 341 -92.5907
1 256 370 -8434.82
1 256 413 -617.0880000000001
1 256 586 -21347.2
1 256 593 -3542.86
1 257 238 -0.140516
1 257 324 -6026.84
1 257 413 -2682.24
1 257 576 -4474.96
1 257 599 -5459.05
1 258 325 -6812.97
1 258 336 -1854.71
1 258 442 -777717.0
1 258 464 -2581.5
1 258 585 -5314.3
1 258 595 -1920.04
1 258 602 -27161.8
1 259 340 -1072.6
1 259 371 -73.3088
1 259 405 -64856.7
1 259 588 -33295.1
1 259 592 -885.716
1 259 593 -885.716
1 260 349 -448.246
1 260 407 -4308860.0
1 260 413 -84710.5
1 260 424 -202.59099999999998
1 260 461 -2765.47
1 260 463 -58741.9
1 260 464 -56659.5
1 260 585 -7122.0
1 260 586 -5989.7
1 261 337 -9435.27
1 261 381 -134845.0
1 261 395 -11427.5
1 261 418 -1094.91
1 261 429 -1395.02
1 261 464 -6489.12
1 261 492 -907.579
1 261 571 -728.7760000000001
1 261 576 -1771.43
1 262 345 -3778.29
1 262 449 -17.1869
1 262 540 -186.377
1 262 564 -38094.8
1 262 567 -21987.3
1 262 568 -8982.48
1 262 570 -134498.0
1 262 571 -6636.17
1 263 471 -1685.54
1 263 477 -22739.7
1 263 520 -1771.43
1 263 574 -14286.3
1 263 582 -28120.1
1 264 265 -28255.0
1 264 345 -7583.66
1 264 355 -173.785
1 264 367 -885.716
1 264 383 -132461.0
1 264 407 -6752.48
1 264 428 -120458.0
1 264 468 -55.7707
1 264 471 -22881.4
1 264 476 -199.227
1 264 477 -67609.3
1 264 523 -2838.98
1 264 524 -350.55800000000005
1 264 549 -6235.56
1 265 364 -27486.5
1 265 374 -21630.4
1 265 380 -0.431228
1 265 422 -199384.0
1 265 523 -2726.01
1 266 337 -885.7410000000001
1 266 340 -250.11900000000003
1 266 462 -182.09799999999998
1 267 391 -13735.8
1 267 463 -495.912
1 267 555 -885.716
1 267 556 -885.716
1 268 333 -112.413
1 268 334 -257.145
1 268 436 -2989440.0
1 268 455 -8.3227
1 268 479 -694.638
1 268 480 -1060.95
1 268 489 -1480.81
1 269 363 -903.14
1 269 397 -50341.1
1 269 456 -14239.6
1 269 541 -885.716
1 270 337 -421.548
1 270 352 -3185.5
1 270 412 -46037.9
1 270 429 -3708.13
1 270 481 -939.706
1 270 483 -1873.1
1 270 484 -1075.59
1 270 486 -58340.9
1 270 498 -38818.7
1 270 539 -170.335
1 271 319 -58927.3
1 271 371 -810.278
1 271 415 -53489.5
1 271 451 -23323.9
1 271 485 -423.98400000000004
1 271 493 -135393.0
1 271 498 -6226.5
1 271 537 -50646.9
1 272 336 -16373.7
1 272 368 -390967.0
1 272 388 -1302470.0
1 272 450 -6468.42
1 272 451 -1345.52
1 272 462 -1012530.0
1 272 491 -12.8506
1 272 498 -56976.9
1 272 530 -165906.0
1 272 532 -244335.0
1 272 535 -11984.6
1 273 392 -2056.1
1 273 410 -3930.64
1 273 480 -726.4680000000001
1 273 510 -885.716
1 273 517 -142060.0
1 273 518 -3176.43
1 274 409 -1947.0
1 274 520 -38577.3
1 274 523 -3418.76
1 275 367 -134546.0
1 275 441 -243653.0
1 275 506 -0.140516
1 276 366 -530.411
1 276 392 -280.428
1 276 446 -2621.87
1 276 474 -37715.2
1 277 294 -37710.9
1 277 390 -7959.41
1 277 407 -855673.0
1 277 431 -11453.4
1 277 454 -34.4983
1 277 468 -97.3842
1 277 472 -51579.2
1 277 480 -4.31228
1 278 365 -38418.1
1 278 482 -3885.37
1 279 336 -51.99100000000001
1 279 433 -138687.0
1 279 438 -491.6
1 279 475 -107018.0
1 279 485 -32398.2
1 280 365 -2936.79
1 280 433 -85965.3
1 280 442 -3493.66
1 280 469 -18251.8
1 280 471 -68237.5
1 281 458 -103532.0
1 282 409 -6830.65
1 282 424 -1431.68
1 282 430 -375.16900000000004
1 283 354 -13783.2
1 283 429 -192240.0
1 283 449 -37167.6
1 283 452 -35477.1
1 283 455 -61066.2
1 283 468 -42127.9
1 284 339 -123371.0
1 284 457 -5004.83
1 284 463 -184608.0
1 284 481 -1694.73
1 285 374 -4864.25
1 285 467 -134039.0
1 285 475 -108182.0
1 286 330 -54535.6
1 286 425 -490212.0
1 286 477 -24520.1
1 287 388 -18716.0
1 287 426 -885.716
1 287 477 -12376.7
1 288 372 -217.33900000000003
1 288 419 -14378.0
1 288 423 -324.715
1 288 426 -885.716
1 289 351 -6956.95
1 289 404 -188803.0
1 289 459 -112.119
1 289 468 -2341.57
1 290 382 -382880.0
1 290 402 -313.934
1 290 411 -1037.32
1 290 412 -25249.7
1 290 413 -479.094
1 290 420 -225.532
1 291 350 -3497.26
1 291 373 -1139.3
1 291 399 -7326.57
1 291 419 -900491.0
1 292 365 -15653.6
1 292 416 -181.11599999999999
1 292 469 -45175.5
1 293 440 -37.0425
1 294 435 -667.541
1 294 447 -47590.3
1 294 458 -214036.0
1 295 356 -12393.5
1 295 391 -25718.8
1 295 430 -1366980.0
1 296 398 -29141.1
1 296 406 -294887.0
1 297 381 -5839.85
1 297 383 -545.072
1 297 395 -314365.0
1 297 401 -448404.0
1 297 402 -98017.7
1 297 413 -1360750.0
1 297 415 -5993.33
1 297 442 -43752.4
1 299 354 -110.788
1 299 387 -420.01599999999996
1 102 110 -885.716
1 102 113 -885.716
1 103 100 -885.716
1 103 104 -885.716
1 104 115 -885.716
1 105 115 -885.716
1 105 139 -885.716
1 108 117 -885.716
1 109 112 -885.716
1 111 155 -885.716
1 111 208 -885.716
1 112 181 -885.716
1 113 111 -885.716
1 113 159 -885.716
1 113 211 -885.716
1 114 173 -885.716
1 114 212 -1771.43
1 115 212 -1771.43
1 116 121 -885.716
1 116 150 -885.716
1 116 166 -885.716
1 117 119 -885.716
1 117 168 -885.716
1 117 210 -885.716
1 119 194 -885.716
1 119 202 -885.716
1 119 96 -885.716
1 120 155 -885.716
1 120 94 -885.716
1 121 187 -885.716
1 123 110 -885.716
1 123 111 -885.716
1 123 158 -885.716
1 123 168 -885.716
1 123 193 -885.716
1 123 202 -1771.43
1 125 150 -885.716
1 125 151 -885.716
1 125 193 -885.716
1 125 194 -885.716
1 126 121 -885.716
1 126 191 -885.716
1 126 195 -885.716
1 127 150 -885.716
1 127 160 -885.716
1 127 169 -885.716
1 127 195 -885.716
1 127 199 -1771.43
1 128 122 -885.716
1 128 148 -885.716
1 128 149 -885.716
1 128 152 -885.716
1 128 153 -885.716
1 128 154 -885.716
1 128 157 -885.716
1 128 199 -885.716
1 129 117 -885.716
1 129 119 -885.716
1 129 122 -885.716
1 129 146 -885.716
1 129 154 -1771.43
1 129 162 -885.716
1 129 176 -885.716
1 130 120 -885.716
1 130 154 -885.716
1 130 155 -885.716
1 130 156 -2657.15
1 130 194 -885.716
1 131 112 -885.716
1 131 121 -885.716
1 131 122 -885.716
1 131 150 -885.716
1 131 156 -885.716
1 131 157 -885.716
1 131 158 -885.716
1 131 161 -1771.43
1 131 198 -885.716
1 132 112 -885.716
1 132 155 -885.716
1 132 156 -885.716
1 132 160 -885.716
1 132 161 -1771.43
1 133 155 -885.716
1 133 159 -885.716
1 133 160 -1771.43
1 133 192 -1771.43
1 133 193 -885.716
1 134 148 -885.716
1 134 150 -885.716
1 134 151 -885.716
1 134 156 -885.716
1 134 191 -885.716
1 134 193 -3542.86
1 135 148 -4428.58
1 135 149 -1771.43
1 135 156 -885.716
1 135 157 -885.716
1 135 193 -2657.15
1 136 147 -885.716
1 136 148 -885.716
1 136 149 -885.716
1 136 150 -1771.43
1 136 153 -885.716
1 136 155 -885.716
1 137 148 -885.716
1 137 150 -885.716
1 137 153 -1771.43
1 137 154 -885.716
1 137 157 -2657.15
1 137 175 -885.716
1 137 206 -885.716
1 138 151 -885.716
1 138 152 -885.716
1 138 153 -2657.15
1 138 168 -885.716
1 138 169 -885.716
1 139 151 -885.716
1 140 138 -885.716
1 140 155 -3542.86
1 140 156 -885.716
1 140 171 -885.716
1 140 180 -885.716
1 141 149 -885.716
1 141 154 -1771.43
1 141 157 -885.716
1 141 171 -885.716
1 141 199 -1771.43
1 142 155 -885.716
1 142 156 -885.716
1 142 157 -885.716
1 142 158 -885.716
1 142 174 -885.716
1 142 179 -885.716
1 142 201 -885.716
1 143 146 -885.716
1 143 157 -2657.15
1 144 142 -1771.43
1 144 173 -885.716
1 145 142 -885.716
1 145 143 -885.716
1 145 151 -885.716
1 145 187 -885.716
1 145 226 -885.716
1 146 140 -885.716
1 146 141 -1771.43
1 146 145 -885.716
1 146 208 -885.716
1 146 229 -885.716
1 146 230 -885.716
1 146 232 -885.716
1 147 139 -2657.15
1 147 140 -885.716
1 147 141 -885.716
1 147 142 -885.716
1 147 229 -885.716
1 147 230 -885.716
1 147 233 -885.716
1 147 239 -885.716
1 147 240 -885.716
1 148 217 -885.716
1 148 221 -885.716
1 149 127 -885.716
1 149 147 -885.716
1 149 154 -885.716
1 149 222 -885.716
1 149 253 -885.716
1 150 160 -885.716
1 150 164 -885.716
1 150 177 -885.716
1 150 227 -885.716
1 150 236 -885.716
1 151 128 -885.716
1 151 228 -885.716
1 152 153 -885.716
1 152 173 -885.716
1 152 176 -885.716
1 152 222 -885.716
1 152 228 -885.716
1 153 126 -885.716
1 153 136 -885.716
1 153 155 -885.716
1 153 232 -885.716
1 153 238 -885.716
1 153 253 -885.716
1 154 126 -885.716
1 154 133 -885.716
1 154 161 -885.716
1 154 172 -885.716
1 154 220 -885.716
1 154 244 -885.716
1 155 170 -1771.43
1 155 216 -885.716
1 155 262 -885.716
1 156 160 -885.716
1 156 211 -885.716
1 156 223 -885.716
1 157 132 -885.716
1 157 133 -885.716
1 157 134 -2657.15
1 157 136 -885.716
1 157 194 -885.716
1 157 207 -885.716
1 157 240 -885.716
1 158 135 -885.716
1 158 248 -885.716
1 159 152 -885.716
1 159 231 -885.716
1 159 240 -885.716
1 159 247 -885.716
1 159 248 -885.716
1 159 250 -885.716
1 159 251 -885.716
1 159 257 -885.716
1 160 133 -885.716
1 160 249 -1771.43
1 160 251 -1771.43
1 160 252 -885.716
1 160 253 -885.716
1 160 262 -885.716
1 161 144 -1771.43
1 161 251 -885.716
1 161 253 -885.716
1 162 137 -1771.43
1 162 252 -1771.43
1 162 253 -885.716
1 163 152 -885.716
1 163 190 -885.716
1 163 236 -885.716
1 164 278 -885.716
1 164 290 -885.716
1 164 299 -885.716
1 165 133 -1771.43
1 165 134 -1771.43
1 165 135 -885.716
1 165 290 -885.716
1 166 131 -885.716
1 166 132 -885.716
1 166 133 -1771.43
1 166 134 -885.716
1 166 135 -885.716
1 166 210 -885.716
1 166 254 -885.716
1 166 255 -885.716
1 167 127 -885.716
1 167 132 -1771.43
1 167 133 -1771.43
1 167 134 -2657.15
1 167 256 -885.716
1 167 288 -885.716
1 167 294 -885.716
1 168 130 -885.716
1 168 131 -885.716
1 168 132 -3542.86
1 168 133 -3542.86
1 168 286 -885.716
1 168 287 -1771.43
1 168 291 -1771.43
1 169 128 -1771.43
1 169 129 -3542.86
1 169 131 -885.716
1 169 132 -4428.58
1 169 133 -2657.15
1 169 134 -7971.45
1 169 135 -885.716
1 169 236 -885.716
1 169 260 -885.716
1 169 271 -885.716
1 169 287 -885.716
1 169 290 -885.716
1 170 133 -2657.15
1 170 134 -10628.6
1 170 136 -885.716
1 170 187 -885.716
1 170 256 -885.716
1 170 287 -885.716
1 170 292 -885.716
1 171 133 -1771.43
1 171 134 -885.716
1 171 136 -4428.58
1 171 290 -885.716
1 172 257 -885.716
1 172 284 -885.716
1 172 295 -1771.43
1 172 311 -885.716
1 173 258 -885.716
1 173 278 -885.716
1 173 290 -885.716
1 173 292 -885.716
1 173 293 -1771.43
1 173 294 -885.716
1 174 124 -885.716
1 174 253 -885.716
1 174 261 -885.716
1 174 270 -885.716
1 174 283 -885.716
1 174 289 -885.716
1 174 293 -885.716
1 175 260 -885.716
1 175 288 -885.716
1 175 292 -1771.43
1 175 293 -885.716
1 175 296 -885.716
1 175 305 -885.716
1 176 274 -885.716
1 176 305 -885.716
1 177 289 -885.716
1 177 290 -885.716
1 178 243 -885.716
1 178 280 -885.716
1 178 285 -885.716
1 178 302 -885.716
1 178 305 -885.716
1 178 306 -885.716
1 178 311 -885.716
1 179 278 -885.716
1 179 285 -885.716
1 180 149 -885.716
1 180 286 -885.716
1 181 297 -885.716
1 181 307 -885.716
1 181 308 -885.716
1 183 242 -885.716
1 183 285 -885.716
1 183 295 -885.716
1 183 308 -885.716
1 183 309 -885.716
1 183 318 -885.716
1 184 263 -885.716
1 184 285 -885.716
1 184 313 -885.716
1 184 319 -885.716
1 185 257 -885.716
1 185 305 -885.716
1 185 306 -885.716
1 185 307 -885.716
1 185 315 -885.716
1 186 255 -885.716
1 186 265 -885.716
1 186 307 -1771.43
1 186 310 -885.716
1 188 262 -885.716
1 188 294 -885.716
1 188 295 -885.716
1 189 295 -885.716
1 189 309 -885.716
1 190 307 -885.716
1 190 308 -885.716
1 190 324 -885.716
1 191 292 -1771.43
1 191 304 -885.716
1 191 305 -885.716
1 192 258 -885.716
1 192 284 -885.716
1 192 304 -885.716
1 192 316 -885.716
1 192 319 -885.716
1 193 262 -885.716
1 193 301 -885.716
1 193 311 -885.716
1 193 313 -1771.43
1 194 284 -885.716
1 194 313 -885.716
1 195 269 -885.716
1 195 287 -885.716
1 195 289 -885.716
1 195 300 -885.716
1 195 311 -885.716
1 195 313 -885.716
1 196 269 -885.716
1 196 275 -885.716
1 196 303 -885.716
1 196 324 -885.716
1 196 333 -885.716
1 197 264 -885.716
1 197 283 -885.716
1 197 300 -885.716
1 197 322 -885.716
1 197 325 -885.716
1 198 242 -885.716
1 198 276 -1771.43
1 198 309 -885.716
1 198 311 -885.716
1 199 283 -885.716
1 199 311 -885.716
1 199 324 -885.716
1 200 280 -885.716
1 200 286 -885.716
1 200 296 -885.716
1 200 299 -885.716
1 200 306 -885.716
1 200 307 -885.716
1 200 312 -885.716
1 200 343 -885.716
1 200 345 -885.716
1 201 257 -885.716
1 202 280 -885.716
1 202 287 -885.716
1 202 297 -885.716
1 202 301 -885.716
1 202 302 -885.716
1 203 215 -885.716
1 203 304 -885.716
1 203 305 -885.716
1 203 309 -885.716
1 203 315 -885.716
1 205 263 -885.716
1 205 303 -885.716
1 205 304 -885.716
1 205 317 -885.716
1 205 318 -885.716
1 205 319 -885.716
1 206 264 -885.716
1 206 270 -885.716
1 206 301 -885.716
1 206 304 -885.716
1 206 315 -885.716
1 206 317 -1771.43
1 207 262 -885.716
1 207 300 -885.716
1 207 301 -1771.43
1 207 303 -885.716
1 207 304 -885.716
1 207 306 -1771.43
1 207 315 -885.716
1 207 317 -885.716
1 208 298 -1771.43
1 208 299 -1771.43
1 208 306 -885.716
1 208 317 -885.716
1 208 328 -885.716
1 209 284 -885.716
1 209 297 -885.716
1 209 302 -885.716
1 210 284 -885.716
1 210 301 -885.716
1 210 302 -885.716
1 210 342 -885.716
1 211 301 -885.716
1 211 321 -885.716
1 212 295 -885.716
1 212 347 -885.716
1 213 226 -885.716
1 213 287 -885.716
1 213 303 -885.716
1 213 329 -885.716
1 214 319 -885.716
1 215 289 -885.716
1 215 311 -885.716
1 215 353 -885.716
1 216 323 -885.716
1 216 341 -885.716
1 217 244 -885.716
1 217 249 -885.716
1 217 351 -885.716
1 218 209 -885.716
1 218 243 -885.716
1 218 292 -885.716
1 218 345 -1771.43
1 221 240 -885.716
1 221 611 -885.716
1 222 254 -885.716
1 222 362 -885.716
1 224 338 -885.716
1 224 359 -885.716
1 225 323 -885.716
1 225 329 -885.716
1 225 332 -885.716
1 225 368 -885.716
1 225 373 -885.716
1 225 378 -885.716
1 225 382 -1771.43
1 226 323 -885.716
1 226 388 -1771.43
1 226 618 -885.716
1 227 315 -885.716
1 228 606 -885.716
1 229 385 -1771.43
1 229 392 -885.716
1 229 393 -885.716
1 229 397 -3542.86
1 229 618 -4428.58
1 230 338 -885.716
1 230 373 -1771.43
1 230 384 -885.716
1 230 392 -1771.43
1 230 393 -3542.86
1 230 396 -885.716
1 230 605 -885.716
1 231 343 -885.716
1 231 383 -885.716
1 231 392 -4428.58
1 231 393 -9742.88
1 231 398 -885.716
1 231 603 -885.716
1 231 607 -1771.43
1 232 259 -885.716
1 232 300 -885.716
1 232 384 -885.716
1 232 389 -885.716
1 232 393 -5314.3
1 232 394 -3542.86
1 232 405 -885.716
1 232 604 -1771.43
1 232 606 -1771.43
1 232 607 -2657.15
1 232 608 -885.716
1 233 373 -885.716
1 233 393 -885.716
1 233 403 -885.716
1 233 406 -3542.86
1 233 601 -1771.43
1 233 602 -885.716
1 234 374 -885.716
1 234 388 -885.716
1 234 389 -885.716
1 234 406 -2657.15
1 234 407 -1771.43
1 234 601 -885.716
1 234 602 -1771.43
1 234 603 -2657.15
1 234 604 -885.716
1 234 605 -1771.43
1 234 606 -885.716
1 234 609 -885.716
1 234 620 -885.716
1 234 621 -885.716
1 235 342 -885.716
1 235 368 -885.716
1 235 389 -885.716
1 235 392 -885.716
1 235 404 -885.716
1 235 406 -885.716
1 235 599 -885.716
1 235 600 -1771.43
1 235 602 -2657.15
1 235 603 -885.716
1 235 606 -885.716
1 235 608 -885.716
1 236 256 -885.716
1 236 359 -885.716
1 236 377 -1771.43
1 236 378 -885.716
1 236 389 -1771.43
1 236 600 -885.716
1 236 601 -885.716
1 236 602 -1771.43
1 236 605 -885.716
1 236 606 -885.716
1 236 607 -885.716
1 236 620 -885.716
1 237 330 -885.716
1 237 377 -885.716
1 237 384 -885.716
1 237 388 -885.716
1 237 605 -1771.43
1 237 606 -2657.15
1 237 607 -1771.43
1 237 608 -4428.58
1 237 609 -2657.15
1 237 620 -885.716
1 238 346 -885.716
1 238 391 -885.716
1 238 410 -885.716
1 238 602 -885.716
1 238 603 -885.716
1 238 606 -4428.58
1 238 607 -5314.3
1 238 608 -3542.86
1 238 610 -885.716
1 239 297 -29986.6
1 239 323 -885.716
1 239 404 -885.716
1 239 601 -885.716
1 239 603 -885.716
1 239 607 -1771.43
1 239 608 -3542.86
1 239 609 -2657.15
1 239 610 -1771.43
1 239 615 -1771.43
1 240 267 -885.716
1 240 319 -885.716
1 240 327 -885.716
1 240 352 -885.716
1 240 374 -1771.43
1 240 392 -1771.43
1 240 396 -885.716
1 240 406 -885.716
1 240 603 -885.716
1 240 605 -2657.15
1 240 606 -3542.86
1 240 607 -1771.43
1 240 620 -1771.43
1 240 621 -885.716
1 241 339 -885.716
1 241 352 -885.716
1 241 370 -1771.43
1 241 375 -885.716
1 241 409 -885.716
1 241 577 -885.716
1 241 603 -1771.43
1 241 605 -2657.15
1 241 606 -1771.43
1 241 607 -1771.43
1 241 608 -1771.43
1 241 609 -4428.58
1 241 610 -885.716
1 241 611 -885.716
1 241 620 -885.716
1 241 621 -885.716
1 242 314 -885.716
1 242 318 -885.716
1 242 336 -885.716
1 242 338 -885.716
1 242 339 -885.716
1 242 373 -2657.15
1 242 374 -5314.3
1 242 406 -1771.43
1 242 603 -1771.43
1 242 604 -6200.01
1 242 605 -7971.45
1 242 606 -2657.15
1 242 607 -4428.58
1 242 608 -4428.58
1 242 609 -2657.15
1 242 610 -2657.15
1 242 616 -885.716
1 242 622 -885.716
1 242 623 -2657.15
1 243 366 -885.716
1 243 369 -885.716
1 243 372 -1771.43
1 243 373 -7085.73
1 243 374 -2657.15
1 243 386 -885.716
1 243 391 -885.716
1 243 405 -885.716
1 243 406 -885.716
1 243 407 -1771.43
1 243 409 -885.716
1 243 577 -885.716
1 243 606 -6200.01
1 243 607 -4428.58
1 243 608 -1771.43
1 243 609 -5314.3
1 243 620 -885.716
1 243 622 -1771.43
1 243 623 -7085.73
1 244 371 -885.716
1 244 372 -1771.43
1 244 373 -2657.15
1 244 415 -885.716
1 244 598 -885.716
1 244 606 -3542.86
1 244 607 -885.716
1 244 611 -885.716
1 244 616 -885.716
1 244 622 -885.716
1 244 623 -3542.86
1 244 624 -885.716
1 245 312 -885.716
1 245 315 -885.716
1 245 326 -885.716
1 245 335 -885.716
1 245 338 -885.716
1 245 356 -1771.43
1 245 371 -885.716
1 245 413 -885.716
1 245 586 -885.716
1 245 604 -885.716
1 245 605 -2657.15
1 245 606 -4428.58
1 245 607 -3542.86
1 245 609 -4428.58
1 245 610 -1771.43
1 245 612 -1771.43
1 245 616 -1771.43
1 245 619 -885.716
1 245 620 -1771.43
1 245 622 -885.716
1 246 214 -885.716
1 246 342 -885.716
1 246 356 -885.716
1 246 357 -885.716
1 246 374 -885.716
1 246 413 -885.716
1 246 590 -885.716
1 246 599 -885.716
1 246 600 -5314.3
1 246 605 -3542.86
1 246 606 -6200.01
1 246 607 -3542.86
1 246 610 -885.716
1 246 612 -1771.43
1 246 614 -885.716
1 246 615 -885.716
1 246 623 -885.716
1 247 314 -885.716
1 247 331 -885.716
1 247 367 -1771.43
1 247 368 -4428.58
1 247 387 -1771.43
1 247 413 -885.716
1 247 578 -885.716
1 247 597 -885.716
1 247 598 -6200.01
1 247 599 -5314.3
1 247 600 -8857.16
1 247 601 -8857.16
1 247 605 -1771.43
1 247 609 -1771.43
1 247 610 -1771.43
1 247 611 -3542.86
1 247 612 -3542.86
1 247 613 -1771.43
1 247 618 -1771.43
1 247 619 -885.716
1 247 623 -885.716
1 248 307 -885.716
1 248 367 -885.716
1 248 368 -3542.86
1 248 371 -1771.43
1 248 372 -4428.58
1 248 387 -1771.43
1 248 388 -5314.3
1 248 413 -885.716
1 248 416 -885.716
1 248 529 -885.716
1 248 567 -885.716
1 248 596 -6200.01
1 248 597 -4428.58
1 248 598 -8857.16
1 248 599 -5314.3
1 248 600 -3542.86
1 248 601 -5314.3
1 248 602 -2657.15
1 248 605 -885.716
1 248 608 -885.716
1 248 609 -1771.43
1 248 610 -2657.15
1 248 611 -5314.3
1 248 612 -5314.3
1 248 613 -6200.01
1 248 618 -885.716
1 248 619 -885.716
1 248 620 -885.716
1 248 623 -1771.43
1 249 333 -885.716
1 249 334 -885.716
1 249 365 -1771.43
1 249 366 -2657.15
1 249 367 -885.716
1 249 368 -2657.15
1 249 371 -885.716
1 249 387 -885.716
1 249 388 -885.716
1 249 400 -885.716
1 249 412 -885.716
1 249 567 -885.716
1 249 593 -1771.43
1 249 595 -5314.3
1 249 596 -6200.01
1 249 597 -9742.88
1 249 603 -2657.15
1 249 604 -7085.73
1 249 605 -4428.58
1 249 607 -3542.86
1 249 609 -885.716
1 249 610 -1771.43
1 249 611 -4428.58
1 249 612 -7971.45
1 249 613 -1771.43
1 249 618 -885.716
1 249 623 -885.716
1 250 331 -885.716
1 250 355 -885.716
1 250 365 -1771.43
1 250 366 -4428.58
1 250 367 -2657.15
1 250 368 -885.716
1 250 369 -1771.43
1 250 370 -1771.43
1 250 371 -5314.3
1 250 382 -885.716
1 250 406 -885.716
1 250 413 -885.716
1 250 414 -885.716
1 250 423 -885.716
1 250 436 -885.716
1 250 568 -885.716
1 250 579 -885.716
1 250 591 -885.716
1 250 594 -885.716
1 250 596 -7085.73
1 250 597 -1771.43
1 250 602 -885.716
1 250 603 -6200.01
1 250 604 -5314.3
1 250 605 -3542.86
1 250 607 -885.716
1 250 608 -2657.15
1 250 609 -885.716
1 250 610 -885.716
1 250 613 -885.716
1 251 276 -885.716
1 251 322 -885.716
1 251 365 -2657.15
1 251 366 -7971.45
1 251 367 -1771.43
1 251 368 -1771.43
1 251 371 -885.716
1 251 379 -885.716
1 251 407 -885.716
1 251 414 -885.716
1 251 424 -885.716
1 251 598 -885.716
1 251 604 -885.716
1 251 605 -885.716
1 251 607 -885.716
1 251 610 -885.716
1 252 236 -885.716
1 252 365 -2657.15
1 252 366 -6200.01
1 252 367 -6200.01
1 252 368 -1771.43
1 252 376 -885.716
1 252 412 -885.716
1 252 416 -885.716
1 252 428 -885.716
1 252 506 -885.716
1 252 507 -885.716
1 252 528 -885.716
1 252 534 -885.716
1 252 544 -885.716
1 252 576 -885.716
1 252 591 -1771.43
1 252 596 -1817.47
1 252 597 -1771.43
1 252 598 -885.716
1 252 599 -1771.43
1 252 608 -1771.43
1 252 609 -885.716
1 252 611 -885.716
1 252 620 -885.716
1 253 259 -885.716
1 253 342 -885.716
1 253 363 -885.716
1 253 365 -1771.43
1 253 366 -5314.3
1 253 367 -3542.86
1 253 370 -885.716
1 253 375 -1771.43
1 253 404 -885.716
1 253 433 -1771.43
1 253 506 -885.716
1 253 543 -885.716
1 253 546 -885.716
1 253 547 -885.716
1 253 566 -885.716
1 253 586 -1771.43
1 253 596 -885.716
1 253 597 -3542.86
1 253 601 -885.716
1 253 604 -885.716
1 253 605 -885.716
1 253 614 -2657.15
1 254 366 -1771.43
1 254 478 -885.716
1 254 581 -885.716
1 254 584 -885.716
1 254 585 -5314.3
1 254 586 -4428.58
1 254 587 -2657.15
1 254 588 -2657.15
1 254 589 -3542.86
1 254 598 -885.716
1 254 599 -885.716
1 254 601 -1771.43
1 254 604 -1771.43
1 254 605 -885.716
1 254 606 -885.716
1 254 611 -885.716
1 255 341 -885.716
1 255 346 -885.716
1 255 371 -885.716
1 255 402 -885.716
1 255 442 -885.716
1 255 445 -885.716
1 255 461 -885.716
1 255 479 -885.716
1 255 512 -885.716
1 255 513 -885.716
1 255 526 -885.716
1 255 547 -885.716
1 255 548 -885.716
1 255 565 -885.716
1 255 583 -2657.15
1 255 584 -3542.86
1 255 585 -3542.86
1 255 586 -3542.86
1 255 587 -1771.43
1 255 588 -885.716
1 255 591 -885.716
1 255 594 -885.716
1 255 597 -885.716
1 255 600 -1771.43
1 255 607 -885.716
1 256 346 -885.716
1 256 350 -885.716
1 256 367 -885.716
1 256 373 -885.716
1 256 374 -885.716
1 256 491 -885.716
1 256 526 -885.716
1 256 531 -2657.15
1 256 532 -885.716
1 256 547 -885.716
1 256 548 -1771.43
1 256 549 -885.716
1 256 575 -885.716
1 256 578 -1771.43
1 256 580 -885.716
1 256 584 -2657.15
1 256 585 -1771.43
1 256 592 -1771.43
1 256 594 -6202.02
1 256 595 -3542.86
1 256 607 -3542.86
1 256 608 -1771.43
1 256 609 -885.716
1 257 330 -885.716
1 257 461 -885.716
1 257 497 -885.716
1 257 503 -885.716
1 257 506 -885.716
1 257 512 -885.716
1 257 527 -2657.15
1 257 529 -885.716
1 257 532 -885.716
1 257 549 -885.716
1 257 574 -885.716
1 257 575 -2657.15
1 257 584 -2657.15
1 257 585 -2657.15
1 257 593 -1771.43
1 257 594 -7085.73
1 257 595 -3542.86
1 257 597 -1771.43
1 257 606 -6200.01
1 257 607 -885.716
1 258 307 -885.716
1 258 330 -885.716
1 258 366 -885.716
1 258 485 -1771.43
1 258 489 -1771.43
1 258 491 -885.716
1 258 493 -885.716
1 258 494 -885.716
1 258 496 -885.716
1 258 497 -885.716
1 258 498 -2657.15
1 258 499 -1771.43
1 258 502 -885.716
1 258 503 -885.716
1 258 529 -1771.43
1 258 531 -885.716
1 258 532 -885.716
1 258 533 -1771.43
1 258 535 -885.716
1 258 546 -885.716
1 258 550 -885.716
1 258 556 -1771.43
1 258 564 -885.716
1 258 576 -885.716
1 258 583 -885.716
1 258 584 -2657.15
1 258 586 -2657.15
1 258 594 -2657.15
1 258 606 -4428.58
1 258 607 -885.716
1 259 346 -885.716
1 259 369 -1771.43
1 259 402 -885.716
1 259 444 -885.716
1 259 456 -885.716
1 259 485 -885.716
1 259 486 -885.716
1 259 488 -885.716
1 259 489 -885.716
1 259 490 -1771.43
1 259 509 -1771.43
1 259 510 -885.716
1 259 522 -885.716
1 259 528 -885.716
1 259 529 -885.716
1 259 531 -885.716
1 259 532 -885.716
1 259 545 -885.716
1 259 549 -885.716
1 259 554 -1771.43
1 259 555 -1771.43
1 259 556 -2657.15
1 259 557 -2657.15
1 259 575 -3542.86
1 259 576 -885.716
1 259 579 -885.716
1 259 584 -885.716
1 259 585 -3542.86
1 259 586 -1771.43
1 260 369 -1771.43
1 260 404 -1771.43
1 260 443 -885.716
1 260 454 -885.716
1 260 485 -885.716
1 260 486 -1771.43
1 260 487 -885.716
1 260 492 -885.716
1 260 499 -885.716
1 260 502 -1771.43
1 260 517 -885.716
1 260 527 -885.716
1 260 545 -2657.15
1 260 548 -885.716
1 260 554 -885.716
1 260 556 -885.716
1 260 567 -885.716
1 260 576 -885.716
1 260 577 -885.716
1 261 397 -885.716
1 261 404 -885.716
1 261 444 -885.716
1 261 483 -885.716
1 261 487 -885.716
1 261 501 -885.716
1 261 502 -885.716
1 261 545 -885.716
1 261 551 -885.716
1 261 552 -885.716
1 261 565 -885.716
1 262 254 -885.716
1 262 353 -1771.43
1 262 369 -885.716
1 262 425 -885.716
1 262 443 -885.716
1 262 458 -885.716
1 262 483 -1771.43
1 262 493 -885.716
1 262 501 -885.716
1 262 502 -885.716
1 262 523 -885.716
1 262 524 -885.716
1 262 535 -885.716
1 262 536 -885.716
1 262 537 -885.716
1 262 542 -885.716
1 262 546 -885.716
1 262 584 -885.716
1 262 587 -885.716
1 263 355 -885.716
1 263 415 -885.716
1 263 484 -885.716
1 263 493 -885.716
1 263 509 -885.716
1 263 522 -885.716
1 263 523 -1771.43
1 263 524 -1771.43
1 263 541 -1771.43
1 263 542 -885.716
1 263 543 -885.716
1 263 546 -1771.43
1 263 576 -885.716
1 263 579 -885.716
1 263 581 -3542.86
1 264 369 -885.716
1 264 379 -915.255
1 264 481 -885.716
1 264 482 -885.716
1 264 493 -885.716
1 264 503 -885.716
1 264 504 -885.716
1 264 516 -885.716
1 264 521 -2657.15
1 264 527 -885.716
1 264 543 -3542.86
1 264 568 -885.716
1 264 575 -885.716
1 264 576 -1771.43
1 265 336 -885.716
1 265 367 -1841.29
1 265 457 -885.716
1 265 459 -885.716
1 265 511 -885.716
1 265 516 -885.716
1 265 520 -885.716
1 265 524 -1117.42
1 265 568 -1771.43
1 266 314 -885.716
1 266 413 -885.716
1 266 456 -885.716
1 266 478 -885.716
1 266 481 -885.716
1 266 483 -885.716
1 266 484 -885.716
1 266 485 -885.716
1 266 492 -885.716
1 266 498 -885.716
1 266 505 -885.716
1 266 518 -885.716
1 266 523 -885.716
1 266 543 -885.716
1 266 545 -885.716
1 266 549 -885.716
1 266 555 -885.716
1 267 337 -885.716
1 267 365 -885.716
1 267 381 -885.716
1 267 459 -885.716
1 267 460 -1771.43
1 267 505 -885.716
1 267 507 -885.716
1 267 543 -885.716
1 267 544 -1771.43
1 267 549 -885.716
1 267 553 -2657.15
1 267 562 -885.716
1 268 507 -1771.43
1 268 540 -885.716
1 268 541 -885.716
1 268 542 -1771.43
1 268 543 -3542.86
1 268 544 -1771.43
1 268 549 -885.716
1 268 551 -885.716
1 268 552 -885.716
1 268 553 -885.716
1 269 362 -885.716
1 269 505 -1771.43
1 269 507 -885.716
1 269 528 -885.716
1 269 543 -885.716
1 269 547 -1771.43
1 270 474 -885.716
1 270 475 -1771.43
1 270 479 -885.716
1 270 491 -885.716
1 270 504 -885.716
1 270 507 -885.716
1 270 526 -885.716
1 271 375 -885.716
1 271 388 -885.716
1 271 479 -885.716
1 271 481 -885.716
1 271 487 -885.716
1 271 491 -885.716
1 271 526 -885.716
1 272 469 -885.716
1 272 493 -885.716
1 272 495 -1771.43
1 272 496 -885.716
1 272 502 -885.716
1 272 526 -2657.15
1 273 441 -885.716
1 273 462 -885.716
1 273 526 -885.716
1 275 463 -885.716
1 275 480 -885.716
1 275 502 -885.716
1 275 504 -885.716
1 276 502 -885.716
1 277 393 -885.716
1 279 459 -885.716
1 280 563 -885.716
1 282 434 -885.716
1 282 435 -885.716
1 283 461 -885.716
1 283 482 -885.716
1 283 483 -885.716
1 285 437 -885.716
1 285 482 -885.716
1 285 483 -885.716
1 286 377 -885.716
1 286 464 -885.716
1 288 469 -885.716
1 289 362 -885.716
1 289 443 -885.716
1 292 358 -885.716
1 293 390 -2657.15
1 293 391 -885.716
1 296 390 -885.716
1 301 359 -885.716
1 301 378 -885.716
1 85 106 -885.716
1 92 112 -1771.43
1 93 117 -885.716
1 97 89 -885.716
1 98 101 -885.716
1 99 126 -885.716
1 99 136 -885.716
1 147 119 -8065.63
1 150 114 -281.032
1 156 158 -12538.2
1 157 160 -4863.31
1 170 169 -15235.8
1 199 225 -112.413
1 210 300 -38001.2
1 234 285 -14433.8
1 244 234 -51598.9
1 259 541 -17.4216
1 265 469 -78.656
1 267 479 -1656.11
1 272 454 -44.934
1 299 360 -11088.1
1 131 118 -4078.62
1 140 173 -7902.88
1 141 124 -47116.5
1 155 192 -4458.44
1 157 190 -13.8072
1 158 205 -13582.3
1 164 258 -15233.4
1 172 162 -5807.66
1 172 163 -200.57299999999998
1 173 196 -404.061
1 203 296 -86.5579
1 214 174 -7866.78
1 218 173 -4129.4
1 226 358 -2792.16
1 262 350 -455.272
1 265 349 -4334.92
1 274 431 -1369500.0
1 285 357 -295.084
1 293 378 -918.305
1 299 335 -106792.0
1 144 130 -2576.3
1 152 177 -31285.9
1 154 128 -41.1602
1 162 171 -47.7755
1 175 178 -1168.94
1 188 287 -324.86
1 221 361 -6747.86
1 222 266 -134.621
1 225 248 -865.579
1 237 292 -29457.8
1 238 244 -0.0200176
1 245 243 -36351.5
1 248 238 -130.68
1 266 345 -2748.5
1 274 278 -945.674
1 289 355 -4065.13
1 296 391 -18.2671
1 296 393 -3012.67
1 141 116 -1640.26
1 144 151 -30913.5
1 145 114 -6767.75
1 146 150 -14051.6
1 146 180 -14365.7
1 147 148 -59016.8
1 149 124 -306.325
1 149 181 -13438.3
1 150 183 -9283.26
1 150 186 -10451.2
1 151 189 -2388.77
1 151 211 -4019.49
1 152 180 -2529.29
1 165 167 -10908.2
1 170 115 -4414.74
1 176 222 -8430.97
1 189 288 -1378.03
1 210 249 -2986.19
1 211 296 -16911.1
1 224 287 -481.131
1 227 344 -14508.4
1 230 352 -14908.6
1 231 270 -4105.33
1 231 347 -2784.39
1 236 342 -7189.61
1 236 344 -3803.61
1 240 357 -3254.64
1 244 333 -2921.88
1 261 340 -1834.31
1 261 351 -2.22075
1 262 286 -8099.35
1 263 344 -2981.88
1 263 350 -1.08724
1 265 517 -252.842
1 267 321 -21456.8
1 278 502 -1229.39
1 284 333 -892.002
1 289 371 -19.8365
1 291 365 -2303.06
1 296 358 -33723.9
1 297 356 -5307.29
1 299 347 -0.023132800000000002
1 135 126 -2.81032
1 138 125 -8.43097
1 142 169 -3530.69
1 146 146 -2279.69
1 166 203 -166.454
1 183 232 -16435.3
1 192 232 -1034.2
1 201 310 -221.21
1 211 195 -1762.63
1 221 339 -7655.02
1 222 324 -2901.98
1 233 341 -28.1032
1 248 344 -11272.4
1 263 345 -3251.96
1 263 427 -9.271410000000001
1 263 570 -185.21200000000002
1 265 414 -61.2344
1 268 366 -2435.14
1 286 302 -8769.61
1 293 357 -15196.8
1 297 439 -521.786
1 145 166 -23498.5
1 150 118 -9509.1
1 150 121 -14910.2
1 150 127 -268.812
1 153 122 -2355.78
1 153 123 -13505.0
1 155 125 -9890.93
1 158 138 -5004.69
1 158 140 -8433.09
1 160 139 -7755.0
1 181 126 -22942.1
1 224 257 -279.20599999999996
1 230 223 -19317.0
1 260 337 -496.425
1 281 445 -368.651
1 137 168 -21780.0
1 149 213 -49.1806
1 189 195 -8122.07
1 190 250 -2079.54
1 192 197 -20128.9
1 210 253 -11377.6
1 245 324 -2950.84
1 247 330 -3.0186
1 270 480 -110.006
1 153 116 -11446.4
1 188 197 -22700.4
1 188 204 -4812.66
1 203 340 -366.285
1 206 281 -431.385
1 208 226 -45898.2
1 211 266 -74632.7
1 213 276 -4375.67
1 214 274 -26374.8
1 220 278 -132030.0
1 223 372 -5221.72
1 239 385 -10711.2
1 239 406 -28.8923
1 241 238 -5913.22
1 245 408 -4736.18
1 246 320 -10541.5
1 248 454 -202.343
1 259 351 -3336.11
1 262 585 -83.1408
1 263 492 -8.78647
1 267 449 -2747.35
1 269 360 -8197.65
1 272 360 -1180.34
1 273 340 -110.02
1 273 521 -20267.7
1 274 327 -1822.2
1 274 521 -133.908
1 275 465 -362.23199999999997
1 290 322 -15684.1
1 292 458 -362.23199999999997
1 258 337 -18.1922
1 259 439 -216.045
1 268 484 -6.35466
1 257 342 -1313.17
1 201 251 -15313.4
1 264 441 -62.6575
1 144 132 -73.4436
1 257 404 -51268.7
1 136 173 -15765.9
1 144 189 -5657.4
1 161 179 -6383.02
1 167 128 -17194.8
1 183 205 -17.8575
1 204 300 -49.7637
1 225 242 -11241.3
1 226 375 -258375.0
1 238 302 -15366.4
1 244 321 -25049.8
1 245 406 -1150.17
1 247 591 -1373.03
1 248 590 -43.553999999999995
1 248 593 -129.368
1 251 614 -1133.79
1 256 443 -769.029
1 258 339 -1746.47
1 258 416 -266.068
1 263 583 -377.10900000000004
1 266 470 -1228.14
1 269 482 -297.692
1 270 476 -2261.36
1 273 523 -211523.0
1 274 506 -1697.58
1 275 479 -31174.8
1 280 458 -810.709
1 297 388 -793.8910000000001
1 221 300 -90.7484
1 272 494 -200.00799999999998
1 134 167 -43103.3
1 158 122 -422.38599999999997
1 211 290 -2297.44
1 225 289 -3970.39
1 226 330 -29741.8
1 237 406 -711.48
1 244 430 -959.712
1 247 342 -39.6299
1 253 427 -1175.1
1 253 443 -1738.59
1 254 398 -23.8469
1 254 442 -3832.44
1 254 444 -160.762
1 254 445 -16.9889
1 256 445 -3009.11
1 261 369 -309.191
1 262 555 -133.202
1 263 448 -62.5281
1 271 471 -209.771
1 271 489 -715.8389999999999
1 272 371 -489.01300000000003
1 273 520 -0.258759
1 275 371 -1527.41
1 289 321 -3545.47
1 262 394 -641598.0
1 271 492 -78.6129
1 167 168 -5957.55
1 157 122 -270.703
1 160 136 -22.1985
1 169 201 -7233.41
1 211 313 -41.9585
1 212 315 -188.17
1 214 287 -179.391
1 224 372 -3319.16
1 246 609 -1654.62
1 247 590 -3086.73
1 255 446 -412.254
1 270 482 -48.5528
1 276 386 -1128.52
1 281 446 -558.009
1 291 458 -100.929
1 295 390 -2610.31
1 297 384 -215.113
1 297 387 -65.9293
1 145 147 -258.694
1 257 443 -554.991
1 258 456 -2.5163900000000003
1 234 400 -26.7361
1 237 378 -26.3912
1 240 386 -45.1065
1 241 353 -26.3
1 244 330 -8957.9
1 248 343 -127.73
1 252 457 -68.8671
1 253 400 -206.196
1 254 370 -17.2498
1 254 400 -30.2075
1 255 373 -120.744
1 261 362 -34218.0
1 262 441 -61.7821
1 263 353 -13.5837
1 274 527 -145.643
1 276 469 -24.58
1 276 484 -154.86700000000002
1 277 429 -1682.17
1 282 451 -1760.7
1 279 477 -24.7198
1 207 193 -70988.8
1 145 139 -946.5169999999999
1 206 299 -29.7404
1 239 305 -616.295
1 261 461 -121.865
1 289 412 -4.164619999999999
1 233 400 -58664.7
1 268 360 -1384.24
1 117 117 -26.2543
1 183 311 -1317.4
1 185 196 -4084.59
1 220 175 -4661.18
1 244 355 -28387.8
1 245 261 -12087.3
1 290 355 -25444.8
1 264 474 -13.1525
1 164 240 -362.23199999999997
1 201 297 -79.7053
1 207 298 -20.3971
1 232 373 -400.13699999999994
1 233 392 -124.90100000000001
1 234 236 -4182.91
1 234 401 -22.7688
1 235 390 -180.14
1 236 398 -2038.17
1 237 390 -143.168
1 237 399 -80.575
1 241 374 -36.1369
1 248 606 -108.42399999999999
1 249 411 -328.959
1 253 418 -342.231
1 253 442 -1654.62
1 254 600 -144.249
1 258 597 -425.881
1 259 428 -571.377
1 263 467 -33947.1
1 263 468 -52005.3
1 267 481 -612.05
1 268 457 -13.4375
1 281 429 -1074.16
1 283 394 -11.4099
1 284 436 -4859.94
1 300 390 -4531.36
1 237 382 -605.444
1 240 379 -43.1228
1 223 371 -73.395
1 257 456 -230.44799999999998
1 160 142 -10.1936
1 247 419 -1315.68
1 272 448 -3231.19
1 290 441 -209.922
1 257 602 -200.206
1 176 219 -19.4836
1 209 228 -9244.56
1 256 590 -88.6328
1 290 403 -130.11
1 261 581 -190.271
1 241 405 -621.548
1 251 362 -70983.6
1 271 484 -78.794
1 235 358 -452.963
1 254 368 -1538.29
1 261 424 -495.912
1 290 463 -5994.07
1 279 465 -71.4718
1 175 246 -1.55621
1 231 201 -67305.8
1 240 393 -45.6239
1 282 445 -0.008625
1 255 399 -301.86
1 267 483 -193.602
1 243 350 -3155.3
1 244 406 -1.12119
1 288 370 -665.816
1 162 138 -2.16045
1 218 352 -7667.65
1 259 459 -6.20969
1 251 431 -1199.68
1 292 373 -10.1536
1 227 282 -4.83889
1 265 476 -13.7993
1 251 330 -128.075
1 185 272 -8.19544
1 235 401 -14.7092
1 274 481 -53.2696
1 271 480 -17.896
1 286 460 -168.584
1 259 438 -22.0358
1 272 492 -29.7831
1 243 423 -16.4298
1 259 448 -17.206
1 271 535 -410.853
1 244 609 -27.9005
1 160 144 -84.2436
1 271 517 -1378.68
1 212 180 -298.372
1 271 536 -112.413
1 217 228 -1690.41
1 252 431 -2375.64
1 186 275 -2328.35
1 174 184 -609.757
1 250 444 -303.992
1 201 245 -10743.9
1 237 397 -3304.07
1 252 401 -3902.18
1 201 299 -7951.02
1 258 419 -708905.0
1 261 540 -909.805
