1 62 1 3798.3
1 61 2 3770.7
1 60 3 3749.7
1 59 4 3733.5
1 58 5 3721.5
1 57 6 3713.4
1 56 7 3709.2
1 55 8 3709.0
1 54 9 3713.4
1 53 10 3722.5
1 52 11 3736.7
1 51 12 3755.5
1 49 13 3767.8
1 50 13 3777.1
1 48 14 3789.3
1 47 15 3784.5
1 46 16 3776.7
1 45 17 3766.9
1 45 18 3767.6
1 45 19 3768.3
1 44 20 3756.4
1 44 21 3756.2
1 44 22 3755.5
1 44 23 3754.2
1 44 24 3752.2
1 44 25 3749.4
1 44 26 3745.6
1 44 27 3740.7
1 44 28 3734.5
1 44 29 3727.0
1 44 30 3717.9
1 44 31 3707.0
1 44 32 3694.2
1 44 33 3679.1
1 44 34 3661.5
1 44 35 3641.1
1 44 36 3617.4
1 44 37 3589.8
1 44 38 3557.8
1 44 39 3520.3
1 44 40 3476.1
1 44 41 3422.8
1 43 42 3304.0
1 43 43 3265.0
1 43 44 3203.3
1 42 45 3052.1
1 42 46 2997.6
1 40 47 2765.7
1 41 47 2812.0
1 40 48 2729.6
1 40 49 2663.5
1 40 50 2567.6
1 35 78 4859.7
1 35 79 4888.1
1 34 80 4945.1
1 33 81 5025.5
1 32 82 5089.1
1 31 83 5102.5
1 30 84 5114.2
1 29 85 5123.1
1 28 86 5145.4
1 27 87 5164.2
1 26 88 5190.3
1 25 89 5217.8
1 25 90 5254.2
1 24 91 5241.3
1 24 92 5256.5
1 24 93 5293.6
1 24 94 5330.6
1 23 95 5345.7
1 23 96 5386.0
1 23 97 5422.3
1 22 98 5430.3
1 22 99 5471.4
1 22 100 5508.4
1 22 101 5545.7
1 21 102 5566.0
1 21 103 5611.1
1 20 104 5633.2
1 20 105 5675.7
1 19 106 5707.7
1 19 107 5752.1
1 18 108 5788.7
1 18 109 5828.5
1 17 110 5747.7
1 17 111 5758.8
1 17 112 5868.1
1 65 109 6030.5
1 66 109 6027.0
1 67 109 5976.4
1 68 109 5941.6
1 69 109 5951.1
1 62 110 5964.5
1 63 110 6002.2
1 64 110 6023.1
1 70 110 6040.0
1 60 111 5859.4
1 61 111 5880.9
1 71 111 6106.0
1 37 112 5647.1
1 38 112 5707.3
1 39 112 5768.9
1 40 112 5814.4
1 41 112 5851.4
1 42 112 5873.4
1 43 112 5884.6
1 44 112 5893.7
1 45 112 5900.9
1 46 112 5910.4
1 47 112 5919.3
1 48 112 5936.9
1 55 112 5739.6
1 56 112 5761.3
1 57 112 5778.4
1 58 112 5795.2
1 59 112 5810.1
1 72 112 6143.0
1 16 113 5956.8
1 33 113 5631.7
1 34 113 5615.1
1 35 113 5599.2
1 36 113 5578.7
1 49 113 5930.6
1 50 113 5908.4
1 51 113 5855.3
1 52 113 5800.7
1 53 113 5744.1
1 54 113 5707.4
1 73 113 6175.3
1 16 114 6015.9
1 29 114 5721.3
1 30 114 5696.1
1 31 114 5668.3
1 32 114 5633.3
1 74 114 6198.4
1 75 114 6202.5
1 16 115 6072.6
1 25 115 5833.0
1 26 115 5810.2
1 27 115 5781.0
1 28 115 5741.0
1 76 115 6234.3
1 16 116 6127.9
1 21 116 5975.7
1 22 116 5990.6
1 23 116 5903.4
1 24 116 5863.2
1 77 116 6249.5
1 78 116 6247.6
1 79 116 6260.2
1 16 117 6182.1
1 20 117 6023.7
1 80 117 6281.1
1 81 117 6279.2
1 82 117 6258.6
1 83 117 6231.1
1 84 117 6202.0
1 16 118 6219.5
1 17 118 6185.7
1 18 118 6138.6
1 19 118 6085.1
1 85 118 6131.5
1 85 119 6089.7
1 86 120 6072.5
1 86 121 6095.2
1 86 122 6120.0
1 86 123 6137.3
1 86 124 6149.7
1 86 125 6159.3
1 86 126 6166.4
1 86 127 6170.1
1 86 128 6170.7
1 86 129 6169.0
1 86 130 6166.3
1 86 131 6162.1
1 86 132 6155.2
1 86 133 6146.5
1 86 134 6134.7
1 86 135 6118.8
1 86 136 6099.7
1 85 137 6050.6
1 85 138 6037.7
1 84 139 6032.8
1 83 140 6073.8
1 82 141 6157.7
1 82 142 6174.0
1 81 143 6226.7
1 80 144 6287.2
1 79 145 6356.2
1 78 146 6419.8
1 77 147 6487.1
1 76 148 6559.0
1 75 149 6636.4
1 75 150 6700.7
1 75 151 6761.3
1 75 152 6821.9
1 75 153 6868.8
1 76 154 6862.0
1 77 154 6849.2
1 78 154 6839.0
1 79 155 6827.7
1 80 155 6815.1
1 81 156 6797.5
1 82 157 6771.0
1 82 158 6748.6
1 83 158 6734.5
1 84 159 6704.6
1 84 160 6676.8
1 84 161 6652.4
1 84 162 6628.5
1 85 163 6603.4
1 86 164 6574.0
1 87 165 6537.0
1 88 166 6502.2
1 89 167 6468.6
1 90 168 6387.2
1 90 169 6337.2
1 91 170 6269.8
1 92 171 6198.4
1 93 172 6167.7
1 94 173 6141.2
1 94 174 6138.8
1 95 175 6123.4
1 95 176 6109.0
1 95 177 6113.7
1 95 178 6120.7
1 95 179 6126.0
1 96 180 5954.7
1 97 181 5971.7
1 98 182 5989.2
1 99 183 6006.7
1 100 184 6022.5
1 101 185 6037.9
1 102 185 6046.3
1 103 185 6061.9
1 104 186 6096.3
1 105 186 6097.4
1 106 187 6100.6
1 107 188 6096.4
1 108 189 5914.1
1 108 190 5916.1
1 108 191 5917.1
1 108 192 5916.7
1 108 193 5912.5
1 107 194 5707.4
1 107 195 5703.4
1 107 196 5695.6
1 107 197 5685.3
1 107 198 5673.3
1 106 199 5634.9
1 106 200 5622.0
1 105 201 5576.1
1 105 202 5562.9
1 104 203 5522.4
1 104 204 5513.7
1 104 205 5498.7
1 104 206 5477.3
1 104 207 5444.2
1 98 208 5460.6
1 99 208 5470.7
1 100 208 5483.1
1 101 208 5496.0
1 102 208 5513.7
1 103 208 5542.4
1 97 209 5451.3
1 97 210 5450.1
1 97 211 5446.0
1 97 212 5440.7
1 96 213 5424.1
1 95 214 5416.7
1 95 215 5415.4
1 94 216 5408.0
1 94 217 5407.1
1 94 218 5406.4
1 95 219 5410.6
1 96 220 5414.1
1 97 221 5418.0
1 97 222 5416.9
1 98 223 5420.2
1 98 224 5418.8
1 99 225 5422.9
1 99 226 5421.0
1 100 227 5242.1
1 128 227 5398.5
1 129 227 5461.6
1 101 228 5248.0
1 107 228 5142.9
1 108 228 5167.8
1 109 228 5196.4
1 110 228 5228.4
1 111 228 5263.1
1 125 228 5283.4
1 126 228 5309.8
1 127 228 5318.0
1 130 228 5187.6
1 131 228 5194.1
1 132 228 5188.2
1 133 228 5189.3
1 134 228 5195.5
1 135 228 5209.9
1 136 228 5226.9
1 137 228 5240.2
1 138 228 5267.0
1 102 229 5252.8
1 106 229 5280.7
1 112 229 5117.3
1 118 229 5143.6
1 119 229 5162.0
1 120 229 5177.9
1 121 229 5192.0
1 122 229 5203.3
1 123 229 5212.7
1 124 229 5215.2
1 139 229 5340.3
1 103 230 5256.3
1 104 230 5258.9
1 105 230 5261.9
1 113 230 5133.9
1 114 230 5125.4
1 115 230 5121.1
1 116 230 5118.6
1 117 230 5110.7
1 140 230 5307.1
1 139 231 5374.7
1 137 232 5411.3
1 138 232 5410.6
1 136 233 5414.6
1 135 234 5407.4
1 133 235 5374.7
1 134 235 5388.0
1 132 236 5357.8
1 130 237 5314.5
1 131 237 5329.7
1 129 238 5303.3
1 128 239 5287.2
1 127 240 5267.3
1 127 241 5257.5
1 127 242 5244.6
1 128 243 5252.9
1 129 244 5251.2
1 129 245 5238.5
1 130 246 5234.7
1 131 246 5233.6
1 132 246 5236.5
1 133 246 5245.8
1 134 246 5263.2
1 135 246 5289.6
1 136 246 5316.8
1 137 246 5336.8
1 138 246 5358.8
1 139 247 5409.5
1 140 247 5434.0
1 141 247 5471.5
1 142 247 5514.8
1 143 248 5577.8
1 144 249 5671.3
1 144 250 5698.1
1 145 251 5749.9
1 145 252 5775.5
1 145 253 5795.8
1 146 254 5829.1
1 146 255 5826.5
1 146 256 5820.5
1 146 257 5812.6
1 146 258 5802.4
1 146 259 5790.6
1 146 260 5777.2
1 146 261 5764.9
1 146 262 5751.7
1 146 263 5738.5
1 146 264 5728.4
1 146 265 0.0
1 147 266 5482.8
1 147 267 5453.7
1 147 268 5428.8
1 147 269 5389.1
1 147 270 5356.1
1 148 271 5306.0
1 148 272 5279.2
1 148 273 5252.1
1 148 274 5230.3
1 149 274 5215.4
1 149 275 5175.8
1 149 276 5143.6
1 149 277 5091.0
1 149 278 5036.4
1 150 279 5132.7
1 150 280 5087.7
1 150 281 5046.5
1 150 282 5016.2
1 151 283 4932.5
1 151 284 4888.7
1 151 285 4855.4
1 152 286 4761.4
1 152 287 4706.8
1 152 288 4662.5
1 152 289 4628.0
1 153 290 4722.8
1 153 291 4696.3
1 153 292 4704.2
1 154 293 4715.0
1 154 294 4726.6
1 154 295 4736.1
1 154 296 4742.2
1 155 297 4760.1
1 155 298 4763.9
1 156 299 4586.8
1 157 299 4593.1
1 158 299 4602.6
1 159 299 4615.1
1 160 299 4631.1
1 161 299 4650.5
1 162 300 4681.7
1 162 301 4684.5
1 162 302 4683.6
1 162 303 4681.0
1 162 304 4678.3
1 163 305 4857.4
1 163 306 4848.4
1 163 307 4838.6
1 163 308 4829.3
1 163 309 4823.2
1 164 310 5039.4
1 165 311 5081.0
1 166 312 5152.7
1 167 313 5211.3
1 168 314 5244.2
1 168 315 5076.7
1 168 316 5081.0
1 169 316 5088.5
1 169 317 5094.3
1 170 317 5104.1
1 171 318 5105.2
1 171 319 5081.8
1 172 320 5033.9
1 172 321 4986.4
1 172 322 4938.1
1 172 323 4887.1
1 172 324 4847.4
1 173 325 4845.9
1 173 326 4849.5
1 173 327 4851.3
1 174 328 4860.7
1 174 329 4862.3
1 174 330 4863.3
1 175 331 4867.8
1 176 331 4871.8
1 177 331 4877.7
1 178 332 4887.1
1 179 333 4889.7
1 179 334 4886.6
1 179 335 4883.5
1 180 336 4881.0
1 181 337 4872.5
1 181 338 4867.8
1 187 338 4741.0
1 188 338 4762.1
1 189 338 4779.7
1 190 338 4793.4
1 182 339 4858.5
1 186 339 4873.5
1 191 339 4797.0
1 192 339 5216.0
1 182 340 4852.5
1 186 340 4857.8
1 193 340 5215.3
1 182 341 4848.9
1 186 341 4847.8
1 194 341 5215.2
1 195 341 5216.8
1 183 342 4845.3
1 184 342 4845.1
1 185 342 4844.6
1 186 342 4843.5
1 196 342 5216.5
1 196 343 5214.4
1 197 344 5213.3
1 198 345 5210.9
1 199 346 5208.8
1 200 346 5210.4
1 201 346 5212.6
1 202 346 5214.7
1 203 346 5215.5
1 204 346 4384.3
1 205 347 5199.5
1 206 347 5193.3
1 207 348 5398.8
1 207 349 5496.1
1 207 350 5637.0
1 206 351 5696.9
1 205 352 5701.7
1 205 353 5706.2
1 205 354 5711.2
1 206 355 5734.1
1 206 356 5742.3
1 207 357 5767.0
1 208 357 5784.2
1 209 358 5465.4
1 210 359 5522.7
1 211 359 5550.7
1 212 360 5470.5
1 212 361 5507.7
1 208 362 5529.9
1 209 362 5534.6
1 210 362 5541.7
1 211 362 5547.4
1 207 363 5526.1
1 206 364 5520.7
1 206 365 5522.0
1 206 366 5522.2
1 206 367 5521.4
1 206 368 5520.4
1 206 369 5519.2
1 207 369 5525.6
1 208 369 5542.1
1 209 369 5563.8
1 210 369 5588.2
1 211 369 5618.5
1 212 369 5654.9
1 213 369 5699.1
1 214 370 5595.6
1 215 370 5629.4
1 216 372 5626.7
1 214 373 5263.1
1 215 373 5351.3
1 214 374 5220.0
1 213 375 5270.2
1 212 376 5247.8
1 211 377 5194.7
1 211 378 5183.6
1 211 379 5178.1
1 211 380 5180.2
1 211 381 5189.3
1 211 382 5243.7
1 211 383 5293.5
1 212 384 45000.0
1 212 385 45000.0
1 212 386 45000.0
1 212 387 45000.0
1 212 388 45000.0
1 212 389 45000.0
1 212 390 45000.0
1 212 391 45000.0
1 212 392 45000.0
1 212 393 45000.0
1 213 394 45000.0
1 213 395 45000.0
1 213 396 45000.0
1 213 397 45000.0
1 213 398 45000.0
1 213 399 45000.0
1 213 400 45000.0
1 213 401 45000.0
1 213 402 45000.0
1 214 403 45000.0
1 214 404 45000.0
1 214 405 45000.0
1 214 406 45000.0
1 214 407 45000.0
1 214 409 45000.0
1 214 410 45000.0
1 214 411 45000.0
1 214 412 45000.0
1 214 413 45000.0
1 214 414 45000.0
1 214 415 45000.0
1 215 416 45000.0
1 215 417 45000.0
1 227 417 45000.0
1 228 417 45000.0
1 229 417 45000.0
1 216 418 45000.0
1 226 418 45000.0
1 230 418 45000.0
1 217 419 45000.0
1 218 419 45000.0
1 219 419 45000.0
1 220 419 45000.0
1 221 419 45000.0
1 222 419 45000.0
1 223 419 45000.0
1 224 419 45000.0
1 225 419 45000.0
1 229 419 45000.0
1 229 420 45000.0
1 226 421 45000.0
1 227 421 45000.0
1 228 421 45000.0
1 224 422 45000.0
1 225 422 45000.0
1 224 423 45000.0
1 224 424 45000.0
1 225 424 45000.0
1 226 424 45000.0
1 227 424 45000.0
1 228 424 45000.0
1 229 425 45000.0
1 229 426 45000.0
1 229 427 45000.0
1 229 428 45000.0
1 229 429 45000.0
1 228 430 45000.0
1 228 431 45000.0
1 228 432 45000.0
1 228 433 45000.0
1 228 434 45000.0
1 228 435 45000.0
1 229 435 45000.0
1 230 436 45000.0
1 230 437 45000.0
1 230 438 45000.0
1 230 439 45000.0
1 230 440 45000.0
1 230 441 45000.0
1 230 442 45000.0
1 230 443 45000.0
1 230 444 45000.0
1 230 445 45000.0
1 230 446 45000.0
1 230 447 45000.0
1 230 448 45000.0
1 230 449 45000.0
1 230 450 45000.0
1 230 451 45000.0
1 230 452 45000.0
1 230 453 45000.0
1 230 454 45000.0
1 230 455 45000.0
1 230 456 45000.0
1 231 457 45000.0
1 231 458 45000.0
1 231 459 45000.0
1 231 460 45000.0
1 232 461 45000.0
1 232 462 45000.0
1 232 463 45000.0
1 232 464 45000.0
1 233 464 45000.0
1 234 464 45000.0
1 235 464 45000.0
1 236 464 45000.0
1 237 464 45000.0
1 238 464 45000.0
1 239 465 45000.0
1 239 466 45000.0
1 239 467 5337.1
1 238 468 5337.1
1 238 469 5337.1
1 238 470 5337.1
1 239 471 5337.1
1 240 471 5337.1
1 241 472 5337.1
1 242 472 5337.1
1 243 472 5337.1
1 244 473 5337.1
1 245 474 5337.1
1 246 475 5337.1
1 246 476 5337.1
1 246 477 5337.1
1 246 478 5337.1
1 246 479 5337.1
1 246 480 5337.1
1 245 481 5337.1
1 245 482 5337.1
1 244 483 5337.1
1 243 484 5337.1
1 243 485 5337.1
1 243 486 5337.1
1 243 487 5337.1
1 243 488 5337.1
1 243 489 5337.1
1 242 490 5337.1
1 242 491 5337.1
1 241 492 5337.1
1 241 493 5337.1
1 240 494 5337.1
1 239 495 5337.1
1 238 496 5337.1
1 235 497 5337.1
1 236 497 5337.1
1 237 497 5337.1
1 233 498 5337.1
1 234 498 5337.1
1 233 499 5337.1
1 232 500 5337.1
1 231 501 5337.1
1 231 502 5337.1
1 231 503 5337.1
1 231 504 5337.1
1 231 505 5337.1
1 231 506 5337.1
1 231 507 5337.1
1 231 508 5337.1
1 231 509 5337.1
1 231 510 5337.1
1 231 511 5337.1
1 231 512 5337.1
1 231 513 5337.1
1 231 514 5337.1
1 231 515 5337.1
1 232 516 5337.1
1 232 517 5337.1
1 232 518 5337.1
1 233 519 5337.1
1 233 520 5337.1
1 233 521 5337.1
1 234 522 5337.1
1 234 523 5337.1
1 235 524 5337.1
1 235 525 5337.1
1 236 525 5337.1
1 237 525 5337.1
1 238 525 5337.1
1 239 526 5337.1
1 239 527 5337.1
1 240 528 5437.9
1 240 529 5453.1
1 241 530 5519.7
1 241 531 5549.7
1 241 532 5566.6
1 241 533 5578.1
1 241 534 5586.4
1 242 535 5064.8
1 242 536 5076.1
1 243 536 5094.1
1 244 536 5126.6
1 245 536 5155.2
1 246 537 5210.6
1 246 538 5227.7
1 247 539 5267.6
1 248 540 5303.1
1 249 540 5315.2
1 250 540 5331.6
1 251 541 5365.2
1 250 544 5398.8
1 251 544 5401.1
1 245 545 5344.2
1 246 545 5355.4
1 247 545 5374.0
1 248 545 5387.7
1 249 545 5393.2
1 243 546 5317.7
1 244 546 5321.7
1 243 547 5318.4
1 242 548 5314.5
1 242 549 5314.8
1 241 550 5308.6
1 241 551 5306.9
1 240 552 5296.5
1 239 553 5285.5
1 238 554 0.0
1 237 555 5249.9
1 236 556 5248.8
1 236 557 5248.8
1 232 558 5189.1
1 233 558 5186.1
1 234 558 5193.8
1 235 558 5197.3
1 232 559 5201.2
1 231 560 5201.4
1 231 561 5209.8
1 231 562 5216.5
1 231 563 5221.6
1 231 564 5222.9
1 230 565 5389.7
1 230 566 5382.9
1 230 567 5372.0
1 230 568 5359.6
1 215 371 5678.1
1 39 51 6043.2
1 39 52 5967.8
1 38 53 5714.5
1 38 54 5641.8
1 37 55 5375.6
1 36 56 5152.8
1 35 57 4950.0
1 35 58 4889.0
1 35 59 4787.7
1 35 60 8397.7
1 35 61 8262.3
1 35 62 8125.5
1 35 63 7985.2
1 35 64 7841.2
1 35 65 7693.4
1 35 66 7542.6
1 35 67 7395.4
1 35 68 7276.3
1 36 69 10770.0
1 36 70 10502.6
1 36 71 10250.3
1 36 72 10007.1
1 36 73 9772.1
1 36 74 9559.1
1 36 75 9377.7
1 36 76 9287.9
1 36 77 9255.2
1 230 569 5347.0
1 230 570 5333.5
1 230 571 5317.4
1 230 572 5306.0
1 230 573 5316.9
1 230 574 5332.4
1 230 575 5342.6
1 230 576 5344.7
1 230 577 5179.6
1 230 578 5212.8
1 230 579 5245.9
1 230 580 5275.3
1 230 581 5278.4
1 230 582 5283.8
1 230 583 5286.3
1 230 584 5285.4
1 230 585 5282.0
1 230 586 5277.4
1 230 587 5271.3
1 230 588 5267.4
1 229 589 5251.5
1 229 590 5242.2
1 228 591 5219.5
1 228 592 5203.8
1 228 593 5186.5
1 228 594 5164.3
1 227 595 5120.1
1 227 596 5096.9
1 227 597 5068.8
1 227 598 5035.6
1 227 599 4786.4
1 226 600 4700.2
1 226 601 4698.2
1 226 602 4696.9
1 226 603 4697.6
1 225 604 4268.5
1 224 605 4268.5
1 223 606 4290.4
1 222 607 4310.8
1 223 605 4275.0
1 114 114 -9976.65
1 117 120 -782.198
1 121 111 -53677.2
1 121 113 -63232.3
1 124 115 -38501.4
1 125 116 -140516.0
1 126 120 -140.52
1 129 121 -10960.3
1 130 122 -782.198
1 133 112 -61686.6
1 135 194 -782.198
1 138 201 -5339.61
1 139 168 -6042.19
1 140 168 -13349.0
1 141 191 -86417.4
1 143 126 -40187.6
1 143 172 -18126.6
1 144 172 -18688.7
1 145 161 -41030.7
1 146 117 -3793.94
1 146 188 -14051.6
1 146 190 -35129.0
1 147 145 -782.198
1 148 167 -29367.9
1 148 176 -32398.3
1 148 196 -34707.5
1 149 145 -35410.1
1 149 146 -29367.9
1 150 124 -8009.42
1 150 141 -18267.1
1 150 198 -68712.4
1 151 142 -7587.87
1 151 195 -39485.0
1 152 123 -21077.4
1 152 125 -17503.6
1 152 132 -9494.2
1 153 192 -46370.3
1 154 125 -562.06
1 154 171 -17784.6
1 154 249 -45386.7
1 155 112 -42857.4
1 155 129 -281.03
1 156 129 -82061.4
1 156 146 -39204.0
1 157 135 -1564.4
1 157 140 -41171.2
1 157 251 -75738.2
1 158 133 -782.198
1 158 137 -21499.0
1 158 181 -110305.0
1 159 119 -47635.0
1 159 173 -33021.3
1 160 119 -7447.35
1 161 125 -14613.7
1 161 129 -14051.6
1 161 140 -702.58
1 161 188 -46932.4
1 162 119 -2529.29
1 162 121 -36253.2
1 162 128 -304498.0
1 162 132 -4918.06
1 162 167 -3091.35
1 163 137 -10117.2
1 163 138 -4435.62
1 164 135 -29508.4
1 165 130 -1545.68
1 166 126 -2107.74
1 167 259 -21920.5
1 168 123 -8430.97
1 168 208 -40749.7
1 170 131 -23044.7
1 171 131 -5620.65
1 171 132 -1124.13
1 172 130 -1264.65
1 172 218 -77283.9
1 173 224 -33723.9
1 174 123 -50445.3
1 174 135 -6182.71
1 175 134 -28243.7
1 175 204 -34707.5
1 176 176 -15878.3
1 176 202 -4074.97
1 177 133 -38079.9
1 177 211 -14051.6
1 178 261 -65059.0
1 179 181 -26979.1
1 179 183 -33583.4
1 179 210 -35972.1
1 180 208 -12365.4
1 187 200 -41452.3
1 187 281 -15456.8
1 188 198 -83045.0
1 188 209 -43700.5
1 188 240 -103279.0
1 188 258 -56206.4
1 189 282 -21077.4
1 190 281 -39485.0
1 191 191 -67307.2
1 191 281 -75878.7
1 193 256 -29929.9
1 193 260 -32126.5
1 197 204 -18407.6
1 197 252 -18267.1
1 198 297 -1124.13
1 198 298 -782.198
1 199 211 -23185.2
1 199 231 -47213.4
1 199 298 -806.578
1 200 298 -825.318
1 203 275 -120563.0
1 203 280 -37658.3
1 204 248 -16671.3
1 205 300 -838.4580000000001
1 206 196 -81639.9
1 206 286 -5620.65
1 206 300 -1580.12
1 211 255 -72787.4
1 212 226 -5901.68
1 212 258 -111991.0
1 213 264 -421.55
1 213 300 -70258.1
1 214 240 -36815.2
1 215 260 -30913.6
1 216 238 -19250.7
1 216 267 -22763.6
1 217 264 -48197.0
1 217 365 -281.03
1 218 179 -35972.1
1 219 310 -28103.2
1 221 223 -1124.13
1 221 246 -30351.5
1 221 284 -42.92
1 222 352 -57659.6
1 222 358 -7728.39
1 222 369 -1826.71
1 223 271 -193069.0
1 224 301 -47916.0
1 224 374 -8352.49
1 226 365 -2185.9
1 228 225 -71101.2
1 230 361 -60843.5
1 231 401 -782.198
1 232 256 -1264.65
1 232 364 -226.39
1 232 370 -469.27
1 233 337 -1625.3
1 233 394 -1585.4
1 234 304 -5592.17
1 234 393 -808.9780000000001
1 235 367 -37549.8
1 235 400 -562.06
1 235 605 -8236.46
1 235 609 -6507.23
1 236 263 -562.06
1 236 351 -25292.9
1 236 609 -171.91
1 237 237 -11100.8
1 237 316 -28025.5
1 237 357 -7494.79
1 237 389 -2749.43
1 238 221 -2248.26
1 238 398 -14.23
1 238 605 -3927.42
1 238 609 -2408.09
1 239 250 -18969.7
1 239 338 -32740.3
1 239 426 -702.58
1 239 605 -3968.46
1 239 606 -2389.56
1 239 619 -10337.3
1 240 380 -905.0980000000001
1 240 426 -1031.45
1 240 608 -3166.1
1 241 335 -8712.0
1 241 342 -57752.1
1 241 604 -900.618
1 242 311 -9412.29
1 243 371 -10795.6
1 243 389 -1124.13
1 243 422 -140.52
1 243 605 -3910.99
1 244 431 -34.5
1 244 605 -4725.14
1 244 621 -3604.11
1 245 238 -16721.4
1 245 322 -5676.69
1 245 337 -782.198
1 245 370 -49.13
1 245 621 -782.198
1 246 321 -4231.64
1 246 618 -2404.59
1 247 344 -876.1080000000001
1 247 383 -11209.9
1 247 384 -3322570.0
1 248 251 -16770.5
1 248 424 -1826.71
1 248 436 -3653.42
1 248 442 -421.55
1 248 444 -1.29
1 248 589 -3653.42
1 249 373 -798.748
1 249 389 -140.52
1 249 424 -782.198
1 249 430 -37538.4
1 249 436 -6210.89
1 249 443 -4185.5
1 249 606 -3960.93
1 250 239 -44684.1
1 250 326 -4254.5
1 250 424 -782.198
1 250 425 -421970.0
1 250 431 -33617.7
1 250 595 -2503.97
1 251 300 -22482.6
1 251 356 -109015.0
1 251 408 -880.57
1 251 456 -922.7180000000001
1 251 457 -27.73
1 251 594 -782.198
1 251 595 -966.788
1 251 596 -1675.53
1 252 230 -14051.6
1 252 285 -27681.7
1 252 329 -53222.2
1 252 450 -281.03
1 252 595 -819.408
1 252 606 -806.6080000000001
1 253 298 -32740.3
1 253 331 -7490.43
1 253 332 -11160.2
1 253 416 -281.03
1 253 420 -9308.06
1 253 445 -49831.1
1 254 338 -239018.0
1 254 367 -2246800.0
1 254 407 -129782.0
1 254 597 -782.198
1 254 607 -12304.5
1 255 381 -23887.7
1 255 383 -81780.4
1 255 388 -57190.1
1 255 395 -2107.74
1 255 420 -9274.06
1 255 439 -32880.8
1 255 443 -53812.9
1 255 595 -979.3580000000001
1 255 596 -886.178
1 255 606 -17503.6
1 255 609 -1564.4
1 256 314 -9783.6
1 256 335 -25714.4
1 256 341 -562.06
1 256 370 -2915.1
1 256 413 -1826.71
1 256 586 -30837.8
1 256 593 -3128.79
1 257 238 -2529.29
1 257 324 -6404.17
1 257 413 -843.1
1 257 576 -5730.06
1 257 599 -52549.5
1 257 600 -102155.0
1 258 325 -7330.88
1 258 336 -1847.81
1 258 418 -39224.8
1 258 420 -280698.0
1 258 442 -402713.0
1 258 464 -2107.74
1 258 585 -4872.54
1 258 595 -1564.4
1 258 601 -43700.5
1 258 602 -17844.2
1 259 340 -105045.0
1 259 371 -9530.14
1 259 405 -22100.4
1 259 588 -27779.7
1 259 592 -782.198
1 259 593 -782.198
1 260 342 -25152.4
1 260 349 -1545.68
1 260 407 -3993160.0
1 260 413 -452170.0
1 260 424 -1438.92
1 260 461 -2248.26
1 260 463 -34285.9
1 260 585 -10490.8
1 260 586 -19155.5
1 261 337 -4215.48
1 261 355 -57049.6
1 261 381 -303563.0
1 261 416 -8852.52
1 261 418 -1537.11
1 261 429 -46770.6
1 261 464 -7868.9
1 261 492 -782.198
1 261 571 -140.52
1 261 576 -13962.2
1 262 345 -421.55
1 262 540 -457.96
1 262 564 -50652.1
1 262 568 -17564.5
1 262 570 -77845.9
1 263 434 -4570.11
1 263 471 -28384.3
1 263 477 -19953.3
1 263 520 -1583.29
1 263 574 -1124.13
1 263 582 -15416.4
1 264 265 -25433.4
1 264 355 -843.1
1 264 367 -782.198
1 264 383 -59782.7
1 264 428 -166719.0
1 264 468 -87.5
1 264 471 -11100.8
1 264 476 -562.06
1 264 477 -73068.4
1 264 523 -2768.14
1 264 549 -584.77
1 265 364 -47840.4
1 265 374 -3977.76
1 265 380 -6.04
1 265 422 -539954.0
1 265 523 -2900.44
1 266 337 -782.198
1 266 340 -702.58
1 266 462 -140.52
1 267 391 -13208.5
1 267 463 -8430.97
1 267 555 -782.198
1 267 556 -782.198
1 268 333 -14894.7
1 268 334 -68290.8
1 268 379 -90.95
1 268 436 -2951380.0
1 268 455 -11.73
1 268 479 -702.58
1 268 480 -983.61
1 268 489 -1515.29
1 269 363 -788.2080000000001
1 269 397 -39625.6
1 269 450 -4777.55
1 269 456 -21602.8
1 269 541 -2046.85
1 270 337 -3091.35
1 270 352 -11241.3
1 270 429 -1565.7
1 270 481 -782.198
1 270 483 -1671.83
1 270 484 -922.7180000000001
1 270 486 -9120.48
1 270 498 -93583.7
1 271 319 -55973.4
1 271 371 -843.1
1 271 485 -470.17
1 271 493 -119265.0
1 271 498 -13489.5
1 271 537 -13551.1
1 272 336 -18309.9
1 272 337 -12.94
1 272 351 -2529.29
1 272 368 -327615.0
1 272 388 -486416.0
1 272 450 -7447.35
1 272 451 -14332.7
1 272 462 -1791650.0
1 272 490 -562.06
1 272 491 -18.11
1 272 497 -31949.7
1 272 498 -140.52
1 272 530 -176942.0
1 272 532 -257863.0
1 272 535 -32974.3
1 273 363 -140.52
1 273 392 -576.55
1 273 410 -2248.26
1 273 480 -702.58
1 273 510 -782.198
1 273 516 -19784.8
1 273 517 -9288.65
1 273 518 -192.24
1 274 409 -1826.71
1 274 520 -25855.0
1 274 523 -4356.0
1 275 367 -26417.0
1 275 450 -1545.68
1 275 506 -1967.23
1 276 366 -35972.1
1 276 392 -702.58
1 276 446 -1967.23
1 276 474 -37585.9
1 277 294 -59815.7
1 277 390 -14473.2
1 277 407 -1641740.0
1 277 431 -5187.67
1 277 468 -140.52
1 277 472 -18686.4
1 277 480 -77107.9
1 278 365 -113256.0
1 278 435 -29448.6
1 278 482 -3231.87
1 279 310 -30082.5
1 279 336 -32318.7
1 279 433 -142151.0
1 279 438 -99712.2
1 279 475 -88703.6
1 279 485 -22623.1
1 280 365 -8571.48
1 280 433 -36534.2
1 280 442 -3793.94
1 280 469 -54390.1
1 280 471 -45228.8
1 281 458 -2528920.0
1 282 409 -6885.29
1 282 424 -1686.19
1 282 430 -562.06
1 282 436 -55869.9
1 282 454 -3596.44
1 282 457 -6162.25
1 283 335 -30211.0
1 283 354 -11241.3
1 283 429 -303936.0
1 283 449 -70906.2
1 283 452 -117053.0
1 283 455 -15114.5
1 283 468 -38763.4
1 284 339 -23816.9
1 284 457 -4777.55
1 284 463 -267901.0
1 284 481 -7736.23
1 285 306 -21.56
1 285 374 -5761.16
1 285 467 -242208.0
1 285 475 -87181.4
1 286 330 -69354.4
1 286 425 -496010.0
1 286 475 -45046.1
1 286 477 -74723.2
1 287 426 -782.198
1 287 477 -40134.4
1 288 372 -130.58
1 288 419 -13911.1
1 288 423 -1198.38
1 288 426 -782.198
1 289 351 -38220.4
1 289 404 -180685.0
1 289 459 -12653.0
1 289 468 -1246.25
1 290 382 -333526.0
1 290 402 -1017.67
1 290 411 -2669.81
1 290 412 -20655.9
1 290 413 -1124.13
1 290 420 -148.77
1 291 373 -1264.65
1 291 399 -134952.0
1 291 419 -977423.0
1 292 361 -47494.4
1 292 365 -10257.7
1 292 469 -16429.8
1 293 440 -140.52
1 294 435 -5199.1
1 294 447 -46003.4
1 295 391 -19391.2
1 295 430 -917068.0
1 296 388 -856.42
1 296 398 -50801.7
1 296 406 -37064.6
1 296 433 -27681.7
1 297 381 -45246.2
1 297 383 -562.06
1 297 395 -4041.16
1 297 401 -114512.0
1 297 402 -95842.3
1 297 415 -71241.7
1 297 442 -56534.0
1 298 390 -76300.3
1 299 354 -3512.9
1 299 387 -353.18
1 102 110 -782.198
1 102 113 -782.198
1 103 100 -782.198
1 103 104 -782.198
1 104 115 -782.198
1 105 115 -782.198
1 105 139 -782.198
1 108 117 -782.198
1 109 112 -782.198
1 111 155 -782.198
1 111 208 -782.198
1 112 181 -782.198
1 113 111 -782.198
1 113 159 -782.198
1 113 211 -782.198
1 114 173 -782.198
1 114 212 -1564.4
1 115 212 -1564.4
1 116 121 -782.198
1 116 150 -782.198
1 116 166 -782.198
1 117 119 -782.198
1 117 168 -782.198
1 117 210 -782.198
1 119 194 -782.198
1 119 202 -782.198
1 119 96 -782.198
1 120 155 -782.198
1 120 94 -782.198
1 121 187 -782.198
1 123 110 -782.198
1 123 111 -782.198
1 123 158 -782.198
1 123 168 -782.198
1 123 193 -782.198
1 123 202 -1564.4
1 125 150 -782.198
1 125 151 -782.198
1 125 193 -782.198
1 125 194 -782.198
1 126 121 -782.198
1 126 191 -782.198
1 126 195 -782.198
1 127 150 -782.198
1 127 160 -782.198
1 127 169 -782.198
1 127 195 -782.198
1 127 199 -1564.4
1 128 122 -782.198
1 128 148 -782.198
1 128 149 -782.198
1 128 152 -782.198
1 128 153 -782.198
1 128 154 -782.198
1 128 157 -782.198
1 128 199 -782.198
1 129 117 -782.198
1 129 119 -782.198
1 129 122 -782.198
1 129 146 -782.198
1 129 154 -1564.4
1 129 162 -782.198
1 129 176 -782.198
1 130 120 -782.198
1 130 154 -782.198
1 130 155 -782.198
1 130 156 -2346.59
1 130 194 -782.198
1 131 112 -782.198
1 131 121 -782.198
1 131 122 -782.198
1 131 150 -782.198
1 131 156 -782.198
1 131 157 -782.198
1 131 158 -782.198
1 131 161 -1564.4
1 131 198 -782.198
1 132 112 -782.198
1 132 155 -782.198
1 132 156 -782.198
1 132 160 -782.198
1 132 161 -1564.4
1 133 155 -782.198
1 133 159 -782.198
1 133 160 -1564.4
1 133 192 -1564.4
1 133 193 -782.198
1 134 148 -782.198
1 134 150 -782.198
1 134 151 -782.198
1 134 156 -782.198
1 134 191 -782.198
1 134 193 -3128.79
1 135 148 -3910.99
1 135 149 -1564.4
1 135 156 -782.198
1 135 157 -782.198
1 135 193 -2346.59
1 136 147 -782.198
1 136 148 -782.198
1 136 149 -782.198
1 136 150 -1564.4
1 136 153 -782.198
1 136 155 -782.198
1 137 148 -782.198
1 137 150 -782.198
1 137 153 -1564.4
1 137 154 -782.198
1 137 157 -2346.59
1 137 175 -782.198
1 137 206 -782.198
1 138 151 -782.198
1 138 152 -782.198
1 138 153 -2346.59
1 138 168 -782.198
1 138 169 -782.198
1 139 151 -782.198
1 140 138 -782.198
1 140 155 -3128.79
1 140 156 -782.198
1 140 171 -782.198
1 140 180 -782.198
1 141 149 -782.198
1 141 154 -1564.4
1 141 157 -782.198
1 141 171 -782.198
1 141 199 -1564.4
1 142 155 -782.198
1 142 156 -782.198
1 142 157 -782.198
1 142 158 -782.198
1 142 174 -782.198
1 142 179 -782.198
1 142 201 -782.198
1 143 146 -782.198
1 143 157 -2346.59
1 144 142 -1564.4
1 144 173 -782.198
1 145 142 -782.198
1 145 143 -782.198
1 145 151 -782.198
1 145 187 -782.198
1 145 226 -782.198
1 146 140 -782.198
1 146 141 -1564.4
1 146 145 -782.198
1 146 208 -782.198
1 146 229 -782.198
1 146 230 -782.198
1 146 232 -782.198
1 147 139 -2346.59
1 147 140 -782.198
1 147 141 -782.198
1 147 142 -782.198
1 147 229 -782.198
1 147 230 -782.198
1 147 233 -782.198
1 147 239 -782.198
1 147 240 -782.198
1 148 217 -782.198
1 148 221 -782.198
1 149 127 -782.198
1 149 147 -782.198
1 149 154 -782.198
1 149 222 -782.198
1 149 253 -782.198
1 150 160 -782.198
1 150 164 -782.198
1 150 177 -782.198
1 150 227 -782.198
1 150 236 -782.198
1 151 128 -782.198
1 151 228 -782.198
1 152 153 -782.198
1 152 173 -782.198
1 152 176 -782.198
1 152 222 -782.198
1 152 228 -782.198
1 153 126 -782.198
1 153 136 -782.198
1 153 155 -782.198
1 153 232 -782.198
1 153 238 -782.198
1 153 253 -782.198
1 154 126 -782.198
1 154 133 -782.198
1 154 161 -782.198
1 154 172 -782.198
1 154 220 -782.198
1 154 244 -782.198
1 155 170 -1564.4
1 155 216 -782.198
1 155 262 -782.198
1 156 160 -782.198
1 156 211 -782.198
1 156 223 -782.198
1 157 132 -782.198
1 157 133 -782.198
1 157 134 -2346.59
1 157 136 -782.198
1 157 194 -782.198
1 157 207 -782.198
1 157 240 -782.198
1 158 135 -782.198
1 158 248 -782.198
1 159 152 -782.198
1 159 231 -782.198
1 159 240 -782.198
1 159 247 -782.198
1 159 248 -782.198
1 159 250 -782.198
1 159 251 -782.198
1 159 257 -782.198
1 160 133 -782.198
1 160 249 -1564.4
1 160 251 -1564.4
1 160 252 -782.198
1 160 253 -782.198
1 160 262 -782.198
1 161 144 -1564.4
1 161 251 -782.198
1 161 253 -782.198
1 162 137 -1564.4
1 162 252 -1564.4
1 162 253 -782.198
1 163 152 -782.198
1 163 190 -782.198
1 163 236 -782.198
1 164 278 -782.198
1 164 290 -782.198
1 164 299 -782.198
1 165 133 -1564.4
1 165 134 -1564.4
1 165 135 -782.198
1 165 290 -782.198
1 166 131 -782.198
1 166 132 -782.198
1 166 133 -1564.4
1 166 134 -782.198
1 166 135 -782.198
1 166 210 -782.198
1 166 254 -782.198
1 166 255 -782.198
1 167 127 -782.198
1 167 132 -1564.4
1 167 133 -1564.4
1 167 134 -2346.59
1 167 256 -782.198
1 167 288 -782.198
1 167 294 -782.198
1 168 130 -782.198
1 168 131 -782.198
1 168 132 -3128.79
1 168 133 -3128.79
1 168 286 -782.198
1 168 287 -1564.4
1 168 291 -1564.4
1 169 128 -1564.4
1 169 129 -3128.79
1 169 131 -782.198
1 169 132 -3910.99
1 169 133 -2346.59
1 169 134 -7039.78
1 169 135 -782.198
1 169 236 -782.198
1 169 260 -782.198
1 169 271 -782.198
1 169 287 -782.198
1 169 290 -782.198
1 170 133 -2346.59
1 170 134 -9386.37
1 170 136 -782.198
1 170 187 -782.198
1 170 256 -782.198
1 170 287 -782.198
1 170 292 -782.198
1 171 133 -1564.4
1 171 134 -782.198
1 171 136 -3910.99
1 171 290 -782.198
1 172 257 -782.198
1 172 284 -782.198
1 172 295 -1564.4
1 172 311 -782.198
1 173 258 -782.198
1 173 278 -782.198
1 173 290 -782.198
1 173 292 -782.198
1 173 293 -1564.4
1 173 294 -782.198
1 174 124 -782.198
1 174 253 -782.198
1 174 261 -782.198
1 174 270 -782.198
1 174 283 -782.198
1 174 289 -782.198
1 174 293 -782.198
1 175 260 -782.198
1 175 288 -782.198
1 175 292 -1564.4
1 175 293 -782.198
1 175 296 -782.198
1 175 305 -782.198
1 176 274 -782.198
1 176 305 -782.198
1 177 289 -782.198
1 177 290 -782.198
1 178 243 -782.198
1 178 280 -782.198
1 178 285 -782.198
1 178 302 -782.198
1 178 305 -782.198
1 178 306 -782.198
1 178 311 -782.198
1 179 278 -782.198
1 179 285 -782.198
1 180 149 -782.198
1 180 286 -782.198
1 181 297 -782.198
1 181 307 -782.198
1 181 308 -782.198
1 183 242 -782.198
1 183 285 -782.198
1 183 295 -782.198
1 183 308 -782.198
1 183 309 -782.198
1 183 318 -782.198
1 184 263 -782.198
1 184 285 -782.198
1 184 313 -782.198
1 184 319 -782.198
1 185 257 -782.198
1 185 305 -782.198
1 185 306 -782.198
1 185 307 -782.198
1 185 315 -782.198
1 186 255 -782.198
1 186 265 -782.198
1 186 307 -1564.4
1 186 310 -782.198
1 188 262 -782.198
1 188 294 -782.198
1 188 295 -782.198
1 189 295 -782.198
1 189 309 -782.198
1 190 307 -782.198
1 190 308 -782.198
1 190 324 -782.198
1 191 292 -1564.4
1 191 304 -782.198
1 191 305 -782.198
1 192 258 -782.198
1 192 284 -782.198
1 192 304 -782.198
1 192 316 -782.198
1 192 319 -782.198
1 193 262 -782.198
1 193 301 -782.198
1 193 311 -782.198
1 193 313 -1564.4
1 194 284 -782.198
1 194 313 -782.198
1 195 269 -782.198
1 195 287 -782.198
1 195 289 -782.198
1 195 300 -782.198
1 195 311 -782.198
1 195 313 -782.198
1 196 269 -782.198
1 196 275 -782.198
1 196 303 -782.198
1 196 324 -782.198
1 196 333 -782.198
1 197 264 -782.198
1 197 283 -782.198
1 197 300 -782.198
1 197 322 -782.198
1 197 325 -782.198
1 198 242 -782.198
1 198 276 -1564.4
1 198 309 -782.198
1 198 311 -782.198
1 199 283 -782.198
1 199 311 -782.198
1 199 324 -782.198
1 200 280 -782.198
1 200 286 -782.198
1 200 296 -782.198
1 200 299 -782.198
1 200 306 -782.198
1 200 307 -782.198
1 200 312 -782.198
1 200 343 -782.198
1 200 345 -782.198
1 201 257 -782.198
1 202 280 -782.198
1 202 287 -782.198
1 202 297 -782.198
1 202 301 -782.198
1 202 302 -782.198
1 203 215 -782.198
1 203 304 -782.198
1 203 305 -782.198
1 203 309 -782.198
1 203 315 -782.198
1 205 263 -782.198
1 205 303 -782.198
1 205 304 -782.198
1 205 317 -782.198
1 205 318 -782.198
1 205 319 -782.198
1 206 264 -782.198
1 206 270 -782.198
1 206 301 -782.198
1 206 304 -782.198
1 206 315 -782.198
1 206 317 -1564.4
1 207 262 -782.198
1 207 300 -782.198
1 207 301 -1564.4
1 207 303 -782.198
1 207 304 -782.198
1 207 306 -1564.4
1 207 315 -782.198
1 207 317 -782.198
1 208 298 -1564.4
1 208 299 -1564.4
1 208 306 -782.198
1 208 317 -782.198
1 208 328 -782.198
1 209 284 -782.198
1 209 297 -782.198
1 209 302 -782.198
1 210 284 -782.198
1 210 301 -782.198
1 210 302 -782.198
1 210 342 -782.198
1 211 301 -782.198
1 211 321 -782.198
1 212 295 -782.198
1 212 347 -782.198
1 213 226 -782.198
1 213 287 -782.198
1 213 303 -782.198
1 213 329 -782.198
1 214 319 -782.198
1 215 289 -782.198
1 215 311 -782.198
1 215 353 -782.198
1 216 323 -782.198
1 216 341 -782.198
1 217 244 -782.198
1 217 249 -782.198
1 217 351 -782.198
1 218 209 -782.198
1 218 243 -782.198
1 218 292 -782.198
1 218 345 -1564.4
1 221 240 -782.198
1 221 611 -782.198
1 222 254 -782.198
1 222 362 -782.198
1 224 338 -782.198
1 224 359 -782.198
1 225 323 -782.198
1 225 329 -782.198
1 225 332 -782.198
1 225 368 -782.198
1 225 373 -782.198
1 225 378 -782.198
1 225 382 -1564.4
1 226 323 -782.198
1 226 388 -1564.4
1 226 618 -782.198
1 227 315 -782.198
1 228 606 -782.198
1 229 385 -1564.4
1 229 392 -782.198
1 229 393 -782.198
1 229 397 -3128.79
1 229 618 -3910.99
1 230 338 -782.198
1 230 373 -1564.4
1 230 384 -782.198
1 230 392 -1564.4
1 230 393 -3128.79
1 230 396 -782.198
1 230 605 -782.198
1 231 343 -782.198
1 231 383 -782.198
1 231 392 -3910.99
1 231 393 -8604.17
1 231 398 -782.198
1 231 603 -782.198
1 231 607 -1564.4
1 232 259 -782.198
1 232 300 -782.198
1 232 384 -782.198
1 232 389 -782.198
1 232 393 -4693.19
1 232 394 -3128.79
1 232 405 -782.198
1 232 604 -1564.4
1 232 606 -1564.4
1 232 607 -2346.59
1 232 608 -782.198
1 233 373 -782.198
1 233 393 -782.198
1 233 403 -782.198
1 233 406 -3128.79
1 233 601 -1564.4
1 233 602 -782.198
1 234 374 -782.198
1 234 388 -782.198
1 234 389 -782.198
1 234 406 -2346.59
1 234 407 -1564.4
1 234 601 -782.198
1 234 602 -1564.4
1 234 603 -2346.59
1 234 604 -782.198
1 234 605 -1564.4
1 234 606 -782.198
1 234 609 -782.198
1 234 620 -782.198
1 234 621 -782.198
1 235 342 -782.198
1 235 368 -782.198
1 235 389 -782.198
1 235 392 -782.198
1 235 404 -782.198
1 235 406 -782.198
1 235 599 -782.198
1 235 600 -1564.4
1 235 602 -2346.59
1 235 603 -782.198
1 235 606 -782.198
1 235 608 -782.198
1 236 256 -782.198
1 236 359 -782.198
1 236 377 -1564.4
1 236 378 -782.198
1 236 389 -1564.4
1 236 600 -782.198
1 236 601 -782.198
1 236 602 -1564.4
1 236 605 -782.198
1 236 606 -782.198
1 236 607 -782.198
1 236 620 -782.198
1 237 330 -782.198
1 237 377 -782.198
1 237 384 -782.198
1 237 388 -782.198
1 237 605 -1564.4
1 237 606 -2346.59
1 237 607 -1564.4
1 237 608 -3910.99
1 237 609 -2346.59
1 237 620 -782.198
1 238 346 -782.198
1 238 391 -782.198
1 238 410 -782.198
1 238 602 -782.198
1 238 603 -782.198
1 238 606 -3910.99
1 238 607 -4693.19
1 238 608 -3128.79
1 238 610 -782.198
1 239 297 -782.198
1 239 323 -782.198
1 239 404 -782.198
1 239 601 -782.198
1 239 603 -782.198
1 239 607 -1564.4
1 239 608 -3128.79
1 239 609 -2346.59
1 239 610 -1564.4
1 239 615 -1564.4
1 240 267 -782.198
1 240 319 -782.198
1 240 327 -782.198
1 240 352 -782.198
1 240 374 -1564.4
1 240 392 -1564.4
1 240 396 -782.198
1 240 406 -782.198
1 240 603 -782.198
1 240 605 -2346.59
1 240 606 -3128.79
1 240 607 -1564.4
1 240 620 -1564.4
1 240 621 -782.198
1 241 339 -782.198
1 241 352 -782.198
1 241 370 -1564.4
1 241 375 -782.198
1 241 409 -782.198
1 241 577 -782.198
1 241 603 -1564.4
1 241 605 -2346.59
1 241 606 -1564.4
1 241 607 -1564.4
1 241 608 -1564.4
1 241 609 -3910.99
1 241 610 -782.198
1 241 611 -782.198
1 241 620 -782.198
1 241 621 -782.198
1 242 314 -782.198
1 242 318 -782.198
1 242 336 -782.198
1 242 338 -782.198
1 242 339 -782.198
1 242 373 -2346.59
1 242 374 -4693.19
1 242 406 -1564.4
1 242 603 -1564.4
1 242 604 -5475.38
1 242 605 -7039.78
1 242 606 -2346.59
1 242 607 -3910.99
1 242 608 -3910.99
1 242 609 -2346.59
1 242 610 -2346.59
1 242 616 -782.198
1 242 622 -782.198
1 242 623 -2346.59
1 243 366 -782.198
1 243 369 -782.198
1 243 372 -1564.4
1 243 373 -6257.58
1 243 374 -2346.59
1 243 386 -782.198
1 243 391 -782.198
1 243 405 -782.198
1 243 406 -782.198
1 243 407 -1564.4
1 243 409 -782.198
1 243 577 -782.198
1 243 606 -5475.38
1 243 607 -3910.99
1 243 608 -1564.4
1 243 609 -4693.19
1 243 620 -782.198
1 243 622 -1564.4
1 243 623 -6257.58
1 244 371 -782.198
1 244 372 -1564.4
1 244 373 -2346.59
1 244 415 -782.198
1 244 598 -782.198
1 244 606 -3128.79
1 244 607 -782.198
1 244 611 -782.198
1 244 616 -782.198
1 244 622 -782.198
1 244 623 -3128.79
1 244 624 -782.198
1 245 312 -782.198
1 245 315 -782.198
1 245 326 -782.198
1 245 335 -782.198
1 245 338 -782.198
1 245 356 -1564.4
1 245 371 -782.198
1 245 413 -782.198
1 245 586 -782.198
1 245 604 -782.198
1 245 605 -2346.59
1 245 606 -3910.99
1 245 607 -3128.79
1 245 609 -3910.99
1 245 610 -1564.4
1 245 612 -1564.4
1 245 616 -1564.4
1 245 619 -782.198
1 245 620 -1564.4
1 245 622 -782.198
1 246 214 -782.198
1 246 342 -782.198
1 246 356 -782.198
1 246 357 -782.198
1 246 374 -782.198
1 246 413 -782.198
1 246 590 -782.198
1 246 599 -782.198
1 246 600 -4693.19
1 246 605 -3128.79
1 246 606 -5475.38
1 246 607 -3128.79
1 246 610 -782.198
1 246 612 -1564.4
1 246 614 -782.198
1 246 615 -782.198
1 246 623 -782.198
1 247 314 -782.198
1 247 331 -782.198
1 247 367 -1564.4
1 247 368 -3910.99
1 247 387 -1564.4
1 247 413 -782.198
1 247 578 -782.198
1 247 597 -782.198
1 247 598 -5475.38
1 247 599 -4693.19
1 247 600 -7821.98
1 247 601 -7821.98
1 247 605 -1564.4
1 247 609 -1564.4
1 247 610 -1564.4
1 247 611 -3128.79
1 247 612 -3128.79
1 247 613 -1564.4
1 247 618 -1564.4
1 247 619 -782.198
1 247 623 -782.198
1 248 307 -782.198
1 248 367 -782.198
1 248 368 -3128.79
1 248 371 -1564.4
1 248 372 -3910.99
1 248 387 -1564.4
1 248 388 -4693.19
1 248 413 -782.198
1 248 416 -782.198
1 248 529 -782.198
1 248 567 -782.198
1 248 596 -5475.38
1 248 597 -3910.99
1 248 598 -7821.98
1 248 599 -4693.19
1 248 600 -3128.79
1 248 601 -4693.19
1 248 602 -2346.59
1 248 605 -782.198
1 248 608 -782.198
1 248 609 -1564.4
1 248 610 -2346.59
1 248 611 -4693.19
1 248 612 -4693.19
1 248 613 -5475.38
1 248 618 -782.198
1 248 619 -782.198
1 248 620 -782.198
1 248 623 -1564.4
1 249 333 -782.198
1 249 334 -782.198
1 249 365 -1564.4
1 249 366 -2346.59
1 249 367 -782.198
1 249 368 -2346.59
1 249 371 -782.198
1 249 387 -782.198
1 249 388 -782.198
1 249 400 -782.198
1 249 412 -782.198
1 249 567 -782.198
1 249 593 -1564.4
1 249 595 -4693.19
1 249 596 -5475.38
1 249 597 -8604.17
1 249 603 -2346.59
1 249 604 -6257.58
1 249 605 -3910.99
1 249 607 -3128.79
1 249 609 -782.198
1 249 610 -1564.4
1 249 611 -3910.99
1 249 612 -7039.78
1 249 613 -1564.4
1 249 618 -782.198
1 249 623 -782.198
1 250 331 -782.198
1 250 355 -782.198
1 250 365 -1564.4
1 250 366 -3910.99
1 250 367 -2346.59
1 250 368 -782.198
1 250 369 -1564.4
1 250 370 -1564.4
1 250 371 -4693.19
1 250 382 -782.198
1 250 406 -782.198
1 250 413 -782.198
1 250 414 -782.198
1 250 423 -782.198
1 250 436 -782.198
1 250 568 -782.198
1 250 579 -782.198
1 250 591 -782.198
1 250 594 -782.198
1 250 596 -6257.58
1 250 597 -1564.4
1 250 602 -782.198
1 250 603 -5475.38
1 250 604 -4693.19
1 250 605 -3128.79
1 250 607 -782.198
1 250 608 -2346.59
1 250 609 -782.198
1 250 610 -782.198
1 250 613 -782.198
1 251 276 -782.198
1 251 322 -782.198
1 251 365 -2346.59
1 251 366 -7039.78
1 251 367 -1564.4
1 251 368 -1564.4
1 251 371 -782.198
1 251 379 -782.198
1 251 407 -782.198
1 251 414 -782.198
1 251 424 -782.198
1 251 598 -782.198
1 251 604 -782.198
1 251 605 -782.198
1 251 607 -782.198
1 251 610 -782.198
1 252 236 -782.198
1 252 365 -2346.59
1 252 366 -5475.38
1 252 367 -5475.38
1 252 368 -1564.4
1 252 376 -782.198
1 252 412 -782.198
1 252 416 -782.198
1 252 428 -782.198
1 252 506 -782.198
1 252 507 -782.198
1 252 528 -782.198
1 252 534 -782.198
1 252 544 -782.198
1 252 576 -782.198
1 252 591 -1564.4
1 252 596 -1564.4
1 252 597 -1564.4
1 252 598 -782.198
1 252 599 -1564.4
1 252 608 -1564.4
1 252 609 -782.198
1 252 611 -782.198
1 252 620 -782.198
1 253 259 -782.198
1 253 342 -782.198
1 253 363 -782.198
1 253 365 -1564.4
1 253 366 -4693.19
1 253 367 -3128.79
1 253 370 -782.198
1 253 375 -1564.4
1 253 404 -782.198
1 253 433 -1564.4
1 253 506 -782.198
1 253 543 -782.198
1 253 546 -782.198
1 253 547 -782.198
1 253 566 -782.198
1 253 586 -1564.4
1 253 596 -782.198
1 253 597 -3128.79
1 253 601 -782.198
1 253 604 -782.198
1 253 605 -782.198
1 253 614 -2346.59
1 254 366 -1564.4
1 254 478 -782.198
1 254 581 -782.198
1 254 584 -782.198
1 254 585 -4693.19
1 254 586 -3910.99
1 254 587 -2346.59
1 254 588 -2346.59
1 254 589 -3128.79
1 254 598 -782.198
1 254 599 -782.198
1 254 601 -1564.4
1 254 604 -1564.4
1 254 605 -782.198
1 254 606 -782.198
1 254 611 -782.198
1 255 341 -782.198
1 255 346 -782.198
1 255 371 -782.198
1 255 402 -782.198
1 255 442 -782.198
1 255 445 -782.198
1 255 461 -782.198
1 255 479 -782.198
1 255 512 -782.198
1 255 513 -782.198
1 255 526 -782.198
1 255 547 -782.198
1 255 548 -782.198
1 255 565 -782.198
1 255 583 -2346.59
1 255 584 -3128.79
1 255 585 -3128.79
1 255 586 -3128.79
1 255 587 -1564.4
1 255 588 -782.198
1 255 591 -782.198
1 255 594 -782.198
1 255 597 -782.198
1 255 600 -1564.4
1 255 607 -782.198
1 256 346 -782.198
1 256 350 -782.198
1 256 367 -782.198
1 256 373 -782.198
1 256 374 -782.198
1 256 491 -782.198
1 256 526 -782.198
1 256 531 -2346.59
1 256 532 -782.198
1 256 547 -782.198
1 256 548 -1564.4
1 256 549 -782.198
1 256 575 -782.198
1 256 578 -1564.4
1 256 580 -782.198
1 256 584 -2346.59
1 256 585 -1564.4
1 256 592 -1564.4
1 256 594 -5475.38
1 256 595 -3128.79
1 256 607 -3128.79
1 256 608 -1564.4
1 256 609 -782.198
1 257 330 -782.198
1 257 461 -782.198
1 257 497 -782.198
1 257 503 -782.198
1 257 506 -782.198
1 257 512 -782.198
1 257 527 -2346.59
1 257 529 -782.198
1 257 532 -782.198
1 257 549 -782.198
1 257 574 -782.198
1 257 575 -2346.59
1 257 584 -2346.59
1 257 585 -2346.59
1 257 593 -1564.4
1 257 594 -6257.58
1 257 595 -3128.79
1 257 597 -1564.4
1 257 606 -5475.38
1 257 607 -782.198
1 258 307 -782.198
1 258 330 -782.198
1 258 366 -782.198
1 258 485 -1564.4
1 258 489 -1564.4
1 258 491 -782.198
1 258 493 -782.198
1 258 494 -782.198
1 258 496 -782.198
1 258 497 -782.198
1 258 498 -2346.59
1 258 499 -1564.4
1 258 502 -782.198
1 258 503 -782.198
1 258 529 -1564.4
1 258 531 -782.198
1 258 532 -782.198
1 258 533 -1564.4
1 258 535 -782.198
1 258 546 -782.198
1 258 550 -782.198
1 258 556 -1564.4
1 258 564 -782.198
1 258 576 -782.198
1 258 583 -782.198
1 258 584 -2346.59
1 258 586 -2346.59
1 258 594 -2346.59
1 258 606 -3910.99
1 258 607 -782.198
1 259 346 -782.198
1 259 369 -1564.4
1 259 402 -782.198
1 259 444 -782.198
1 259 456 -782.198
1 259 485 -782.198
1 259 486 -782.198
1 259 488 -782.198
1 259 489 -782.198
1 259 490 -1564.4
1 259 509 -1564.4
1 259 510 -782.198
1 259 522 -782.198
1 259 528 -782.198
1 259 529 -782.198
1 259 531 -782.198
1 259 532 -782.198
1 259 545 -782.198
1 259 549 -782.198
1 259 554 -1564.4
1 259 555 -1564.4
1 259 556 -2346.59
1 259 557 -2346.59
1 259 575 -3128.79
1 259 576 -782.198
1 259 579 -782.198
1 259 584 -782.198
1 259 585 -3128.79
1 259 586 -1564.4
1 260 369 -1564.4
1 260 404 -1564.4
1 260 443 -782.198
1 260 454 -782.198
1 260 485 -782.198
1 260 486 -1564.4
1 260 487 -782.198
1 260 492 -782.198
1 260 499 -782.198
1 260 502 -1564.4
1 260 517 -782.198
1 260 527 -782.198
1 260 545 -2346.59
1 260 548 -782.198
1 260 554 -782.198
1 260 556 -782.198
1 260 567 -782.198
1 260 576 -782.198
1 260 577 -782.198
1 261 397 -782.198
1 261 404 -782.198
1 261 444 -782.198
1 261 483 -782.198
1 261 487 -782.198
1 261 501 -782.198
1 261 502 -782.198
1 261 545 -782.198
1 261 551 -782.198
1 261 552 -782.198
1 261 565 -782.198
1 262 254 -782.198
1 262 353 -1564.4
1 262 369 -782.198
1 262 425 -782.198
1 262 443 -782.198
1 262 458 -782.198
1 262 483 -1564.4
1 262 493 -782.198
1 262 501 -782.198
1 262 502 -782.198
1 262 523 -782.198
1 262 524 -782.198
1 262 535 -782.198
1 262 536 -782.198
1 262 537 -782.198
1 262 542 -782.198
1 262 546 -782.198
1 262 584 -782.198
1 262 587 -782.198
1 263 355 -782.198
1 263 415 -782.198
1 263 484 -782.198
1 263 493 -782.198
1 263 509 -782.198
1 263 522 -782.198
1 263 523 -1564.4
1 263 524 -1564.4
1 263 541 -1564.4
1 263 542 -782.198
1 263 543 -782.198
1 263 546 -1564.4
1 263 576 -782.198
1 263 579 -782.198
1 263 581 -3128.79
1 264 369 -782.198
1 264 379 -782.198
1 264 481 -782.198
1 264 482 -782.198
1 264 493 -782.198
1 264 503 -782.198
1 264 504 -782.198
1 264 516 -782.198
1 264 521 -2346.59
1 264 527 -782.198
1 264 543 -3128.79
1 264 568 -782.198
1 264 575 -782.198
1 264 576 -1564.4
1 265 336 -782.198
1 265 367 -1564.4
1 265 457 -782.198
1 265 459 -782.198
1 265 511 -782.198
1 265 516 -782.198
1 265 520 -782.198
1 265 524 -782.198
1 265 568 -1564.4
1 266 314 -782.198
1 266 413 -782.198
1 266 456 -782.198
1 266 478 -782.198
1 266 481 -782.198
1 266 483 -782.198
1 266 484 -782.198
1 266 485 -782.198
1 266 492 -782.198
1 266 498 -782.198
1 266 505 -782.198
1 266 518 -782.198
1 266 523 -782.198
1 266 543 -782.198
1 266 545 -782.198
1 266 549 -782.198
1 266 555 -782.198
1 267 337 -782.198
1 267 365 -782.198
1 267 381 -782.198
1 267 459 -782.198
1 267 460 -1564.4
1 267 505 -782.198
1 267 507 -782.198
1 267 543 -782.198
1 267 544 -1564.4
1 267 549 -782.198
1 267 553 -2346.59
1 267 562 -782.198
1 268 507 -1564.4
1 268 540 -782.198
1 268 541 -782.198
1 268 542 -1564.4
1 268 543 -3128.79
1 268 544 -1564.4
1 268 549 -782.198
1 268 551 -782.198
1 268 552 -782.198
1 268 553 -782.198
1 269 362 -782.198
1 269 505 -1564.4
1 269 507 -782.198
1 269 528 -782.198
1 269 543 -782.198
1 269 547 -1564.4
1 270 474 -782.198
1 270 475 -1564.4
1 270 479 -782.198
1 270 491 -782.198
1 270 504 -782.198
1 270 507 -782.198
1 270 526 -782.198
1 271 375 -782.198
1 271 388 -782.198
1 271 479 -782.198
1 271 481 -782.198
1 271 487 -782.198
1 271 491 -782.198
1 271 526 -782.198
1 272 469 -782.198
1 272 493 -782.198
1 272 495 -1564.4
1 272 496 -782.198
1 272 502 -782.198
1 272 526 -2346.59
1 273 441 -782.198
1 273 462 -782.198
1 273 526 -782.198
1 275 463 -782.198
1 275 480 -782.198
1 275 502 -782.198
1 275 504 -782.198
1 276 502 -782.198
1 277 393 -782.198
1 279 459 -782.198
1 280 563 -782.198
1 282 434 -782.198
1 282 435 -782.198
1 283 461 -782.198
1 283 482 -782.198
1 283 483 -782.198
1 285 437 -782.198
1 285 482 -782.198
1 285 483 -782.198
1 286 377 -782.198
1 286 464 -782.198
1 288 469 -782.198
1 289 362 -782.198
1 289 443 -782.198
1 292 358 -782.198
1 293 390 -2346.59
1 293 391 -782.198
1 296 390 -782.198
1 301 359 -782.198
1 301 378 -782.198
1 85 106 -782.198
1 92 112 -1564.4
1 93 117 -782.198
1 97 89 -782.198
1 98 101 -782.198
1 99 126 -782.198
1 99 136 -782.198
1 147 119 -15175.7
1 148 187 -42576.4
1 150 114 -59297.8
1 153 113 -52974.6
1 156 158 -37517.8
1 157 160 -31475.6
1 167 186 -34988.5
1 170 169 -130680.0
1 197 280 -26698.1
1 199 225 -131664.0
1 210 300 -96956.1
1 234 285 -50164.3
1 244 234 -24730.8
1 259 541 -281.03
1 267 479 -2810.32
1 271 361 -1638.42
1 272 454 -79.56
1 285 433 -5901.68
1 291 453 -7043.19
1 299 360 -32318.7
1 109 116 -32318.7
1 131 118 -1124.13
1 132 183 -26979.1
1 137 123 -34004.9
1 140 173 -48478.1
1 141 124 -24871.3
1 142 121 -35410.1
1 152 130 -12505.9
1 155 192 -68431.4
1 157 190 -281.03
1 158 205 -79672.6
1 164 258 -87682.1
1 172 162 -105949.0
1 172 163 -60421.9
1 173 196 -702.58
1 195 280 -115223.0
1 202 295 -61967.6
1 203 296 -61265.0
1 214 174 -25855.0
1 218 173 -127870.0
1 226 358 -6946.88
1 247 335 -100610.0
1 262 350 -44262.6
1 267 346 -74052.0
1 269 347 -103701.0
1 271 470 -1264.65
1 274 431 -2855580.0
1 280 367 -103560.0
1 285 357 -15316.3
1 293 378 -5620.65
1 299 335 -113818.0
1 143 152 -116769.0
1 144 130 -6323.23
1 151 143 -15175.7
1 152 177 -54379.7
1 152 183 -103560.0
1 153 185 -66745.2
1 153 212 -64356.4
1 155 180 -28805.8
1 155 187 -24309.3
1 159 188 -75738.2
1 161 161 -29086.8
1 162 171 -30070.4
1 164 159 -53115.1
1 170 217 -48478.1
1 174 182 -96815.6
1 176 128 -28103.2
1 188 287 -5761.16
1 189 206 -49180.6
1 201 279 -113678.0
1 221 294 -114380.0
1 221 361 -5199.1
1 222 266 -35691.1
1 224 273 -91335.5
1 225 248 -9976.65
1 226 361 -42154.8
1 228 373 -140.52
1 234 319 -88244.1
1 235 317 -98642.3
1 237 292 -74004.2
1 238 244 -11803.3
1 248 238 -138689.0
1 248 331 -32178.2
1 256 342 -2107.74
1 259 347 -56487.5
1 266 345 -64637.4
1 271 268 -64637.4
1 274 278 -59016.8
1 289 355 -7025.81
1 296 391 -53115.1
1 141 116 -37517.8
1 142 185 -52834.1
1 143 114 -140797.0
1 143 184 -21358.4
1 144 151 -89930.3
1 144 186 -18969.7
1 145 114 -42857.4
1 146 150 -105387.0
1 146 180 -55784.9
1 147 148 -158783.0
1 147 171 -29648.9
1 149 181 -36674.7
1 149 202 -78127.0
1 150 172 -36253.2
1 150 183 -2107.74
1 150 186 -27260.1
1 151 178 -51850.4
1 151 181 -88103.6
1 151 189 -39344.5
1 151 211 -5339.61
1 152 180 -32178.2
1 154 113 -5761.16
1 158 173 -10398.2
1 164 124 -2950.84
1 168 164 -33723.9
1 168 166 -33302.3
1 170 115 -32037.7
1 176 222 -25152.4
1 184 210 -81639.9
1 188 207 -155973.0
1 189 288 -20093.8
1 193 280 -62951.2
1 206 280 -36393.7
1 209 273 -250821.0
1 209 281 -116940.0
1 210 249 -65902.1
1 211 263 -111851.0
1 211 296 -42997.9
1 219 272 -23606.7
1 221 302 -1686.19
1 221 317 -125902.0
1 224 287 -17002.4
1 228 354 -88525.2
1 231 270 -28103.2
1 231 347 -32599.7
1 235 295 -25433.4
1 236 320 -96815.6
1 236 342 -56628.0
1 236 344 -42857.4
1 240 330 -40749.7
1 240 337 -17705.0
1 240 357 -39625.6
1 244 333 -13944.8
1 246 332 -23887.7
1 246 337 -21077.4
1 251 334 -119439.0
1 258 345 -27681.7
1 260 345 -14473.2
1 262 286 -10819.7
1 267 428 -7082.82
1 270 361 -55082.3
1 271 267 -126465.0
1 271 355 -56206.4
1 289 371 -42576.4
1 290 371 -21077.4
1 296 358 -29508.4
1 297 356 -10960.3
1 297 391 -21780.0
1 299 347 -1967.23
1 125 93 -13911.1
1 131 125 -74052.0
1 134 123 -41311.7
1 135 126 -55363.4
1 138 125 -19953.3
1 142 169 -13770.6
1 145 116 -16721.4
1 146 146 -9836.13
1 152 213 -57330.6
1 161 139 -140.52
1 161 185 -73068.4
1 163 186 -13911.1
1 166 203 -4918.06
1 183 232 -260798.0
1 192 232 -233257.0
1 193 235 -104403.0
1 201 310 -4215.48
1 211 195 -1826.71
1 221 339 -78970.1
1 222 324 -41592.8
1 223 263 -95551.0
1 226 354 -28665.3
1 230 358 -23044.7
1 232 347 -7447.35
1 233 341 -34426.4
1 242 618 -26276.5
1 248 344 -33865.7
1 263 345 -90492.4
1 268 366 -9695.61
1 286 302 -2107.74
1 292 360 -22763.6
1 293 357 -18126.6
1 297 439 -4570.11
1 132 120 -22904.1
1 134 124 -19391.2
1 134 126 -19953.3
1 135 122 -18407.6
1 137 128 -39625.6
1 145 166 -56206.4
1 150 127 -983.61
1 152 118 -15316.3
1 224 257 -3934.45
1 276 359 -16299.9
1 281 445 -281.03
1 137 168 -68571.9
1 189 195 -54801.3
1 190 250 -44262.6
1 192 197 -267402.0
1 210 253 -43279.0
1 217 236 -38360.9
1 245 324 -9976.65
1 270 480 -140.52
1 144 124 -17845.6
1 148 124 -140.52
1 151 118 -21499.0
1 158 114 -6604.26
1 187 263 -140.52
1 188 197 -50726.3
1 188 204 -27119.6
1 203 340 -1423.92
1 206 169 -1686.19
1 206 281 -1967.23
1 208 226 -31616.1
1 211 266 -49535.2
1 213 276 -18236.6
1 214 274 -176872.0
1 220 278 -11137.8
1 223 372 -1264.65
1 232 398 -4356.0
1 233 375 -140.52
1 236 317 -66183.1
1 239 385 -2842.94
1 239 406 -145.69
1 239 416 -30.96
1 241 238 -23325.7
1 246 320 -3793.94
1 248 454 -983.61
1 259 351 -4953.13
1 262 585 -140.52
1 265 360 -8689.25
1 269 360 -9171.06
1 272 360 -43138.4
1 273 521 -8993.03
1 274 327 -13911.1
1 275 465 -74.6
1 290 322 -88244.1
1 292 458 -19284.1
1 294 354 -3278.24
1 297 377 -34707.5
1 147 183 -223280.0
1 205 310 -1264.65
1 281 328 -8149.94
1 173 183 -85152.8
1 257 342 -21217.9
1 201 251 -54098.7
1 201 301 -26557.6
1 251 286 -20093.8
1 264 441 -140.52
1 265 488 -281.03
1 144 132 -140.52
1 135 160 -44824.6
1 136 173 -6323.23
1 156 131 -103982.0
1 161 179 -109181.0
1 164 169 -30913.6
1 167 247 -6042.19
1 186 209 -108057.0
1 204 300 -38.64
1 225 242 -4215.48
1 226 375 -206592.0
1 238 302 -14192.1
1 242 355 -261.93
1 244 321 -28665.3
1 245 406 -1545.68
1 247 591 -140.52
1 248 593 -140.52
1 251 614 -1144.31
1 256 443 -484.65
1 258 339 -2214.79
1 258 416 -87.11
1 263 583 -584.75
1 266 470 -798.42
1 270 476 -3231.87
1 273 523 -145294.0
1 274 506 -2388.77
1 275 479 -28103.2
1 280 458 -396.73
1 291 374 -281.03
1 297 388 -1342.41
1 298 384 -134.07
1 204 299 -281.03
1 221 300 -4356.0
1 140 116 -18267.1
1 272 494 -281.03
1 134 167 -46651.4
1 159 157 -62108.1
1 160 117 -23747.2
1 184 305 -191.88
1 226 330 -20595.5
1 237 406 -573.1
1 244 430 -1545.68
1 247 342 -522.3
1 253 427 -271.67
1 254 398 -89.57
1 254 442 -2094.04
1 254 444 -395.38
1 254 445 -38.65
1 256 445 -3311.83
1 261 369 -2033.26
1 263 448 -140.52
1 265 559 -1193.64
1 271 364 -27681.7
1 271 471 -421.55
1 271 489 -1513.61
1 272 371 -281.03
1 277 386 -140.52
1 262 394 -669728.0
1 271 492 -281.03
1 157 122 -562.06
1 199 297 -189.11
1 211 313 -43.21
1 212 315 -283.99
1 214 287 -316.99
1 224 372 -2388.77
1 246 609 -2005.21
1 247 343 -113.93
1 247 590 -2248.26
1 255 446 -529.91
1 270 482 -69.0
1 276 386 -562.06
1 281 446 -1545.68
1 291 458 -134.96
1 295 390 -5339.61
1 297 387 -1545.68
1 165 158 -20655.9
1 178 212 -5620.65
1 145 147 -140.52
1 257 443 -2076.79
1 162 205 -49742.7
1 170 249 -5761.16
1 196 299 -1545.68
1 240 386 -91.81
1 241 353 -263.86
1 247 341 -10.17
1 248 343 -189.08
1 253 400 -281.03
1 254 394 -23.63
1 254 400 -140.52
1 255 373 -140.52
1 261 362 -43560.0
1 263 353 -8.31
1 276 469 -140.52
1 276 484 -140.52
1 282 451 -3091.35
1 279 477 -6463.74
1 207 193 -110165.0
1 145 139 -421.55
1 150 115 -29929.9
1 206 299 -159.7
1 239 305 -2229.88
1 261 461 -140.52
1 233 400 -32178.2
1 268 360 -1124.13
1 117 117 -12224.9
1 183 311 -767.59
1 185 196 -421.55
1 244 355 -24843.1
1 245 261 -22096.1
1 290 355 -61170.0
1 294 370 -78689.0
1 264 474 -281.03
1 264 351 -140.52
1 164 240 -281.03
1 201 297 -116.78
1 207 298 -27.51
1 232 373 -253.47
1 233 392 -201.1
1 234 236 -3372.39
1 235 390 -171.48
1 236 398 -281.03
1 237 390 -1822.37
1 237 399 -140.52
1 241 374 -37.78
1 248 342 -38.97
1 248 606 -164.49
1 249 343 -43.86
1 249 344 -80.38
1 249 411 -373.78
1 253 418 -209.71
1 253 442 -1379.93
1 254 600 -158.3
1 258 597 -183.53
1 259 428 -702.58
1 263 467 -57471.1
1 263 468 -49742.7
1 267 481 -37.52
1 268 457 -140.52
1 278 469 -138.48
1 281 429 -2954.34
1 283 394 -25.6
1 284 436 -3512.9
1 292 376 -140.52
1 296 414 -11.66
1 297 446 -983.61
1 162 179 -44122.1
1 237 382 -140.52
1 240 379 -1124.13
1 148 141 -22061.0
1 160 142 -140.52
1 272 448 -2248.26
1 290 441 -281.03
1 257 602 -140.52
1 176 219 -13911.1
1 209 228 -843.1
1 256 590 -90.51
1 250 618 -5480.13
1 261 581 -281.03
1 241 405 -702.58
1 251 362 -1256.51
1 195 201 -5058.58
1 235 358 -278.57
1 254 368 -3.03
1 255 372 -88665.7
1 260 348 -39.14
1 261 424 -771.47
1 263 394 -648440.0
1 269 477 -281.03
1 290 463 -1264.65
1 253 407 -21.15
1 175 246 -38220.4
1 195 301 -140.52
1 271 397 -140.52
