1 62 1 3798.3
1 61 2 3770.7
1 60 3 3749.7
1 59 4 3733.5
1 58 5 3721.5
1 57 6 3713.4
1 56 7 3709.2
1 55 8 3709.0
1 54 9 3713.4
1 53 10 3722.5
1 52 11 3736.7
1 51 12 3755.5
1 49 13 3767.8
1 50 13 3777.1
1 48 14 3789.3
1 47 15 3784.5
1 46 16 3776.7
1 45 17 3766.9
1 45 18 3767.6
1 45 19 3768.3
1 44 20 3756.4
1 44 21 3756.2
1 44 22 3755.5
1 44 23 3754.2
1 44 24 3752.2
1 44 25 3749.4
1 44 26 3745.6
1 44 27 3740.7
1 44 28 3734.5
1 44 29 3727.0
1 44 30 3717.9
1 44 31 3707.0
1 44 32 3694.2
1 44 33 3679.1
1 44 34 3661.5
1 44 35 3641.1
1 44 36 3617.4
1 44 37 3589.8
1 44 38 3557.8
1 44 39 3520.3
1 44 40 3476.1
1 44 41 3422.8
1 43 42 3304.0
1 43 43 3265.0
1 43 44 3203.3
1 42 45 3052.1
1 42 46 2997.6
1 40 47 2765.7
1 41 47 2812.0
1 40 48 2729.6
1 40 49 2663.5
1 40 50 2567.6
1 35 78 4859.7
1 35 79 4888.1
1 34 80 4945.1
1 33 81 5025.5
1 32 82 5089.1
1 31 83 5102.5
1 30 84 5114.2
1 29 85 5123.1
1 28 86 5145.4
1 27 87 5164.2
1 26 88 5190.3
1 25 89 5217.8
1 25 90 5254.2
1 24 91 5241.3
1 24 92 5256.5
1 24 93 5293.6
1 24 94 5330.6
1 23 95 5345.7
1 23 96 5386.0
1 23 97 5422.3
1 22 98 5430.3
1 22 99 5471.4
1 22 100 5508.4
1 22 101 5545.7
1 21 102 5566.0
1 21 103 5611.1
1 20 104 5633.2
1 20 105 5675.7
1 19 106 5707.7
1 19 107 5752.1
1 18 108 5788.7
1 18 109 5828.5
1 17 110 5747.7
1 17 111 5758.8
1 17 112 5868.1
1 65 109 6030.5
1 66 109 6027.0
1 67 109 5976.4
1 68 109 5941.6
1 69 109 5951.1
1 62 110 5964.5
1 63 110 6002.2
1 64 110 6023.1
1 70 110 6040.0
1 60 111 5859.4
1 61 111 5880.9
1 71 111 6106.0
1 37 112 5647.1
1 38 112 5707.3
1 39 112 5768.9
1 40 112 5814.4
1 41 112 5851.4
1 42 112 5873.4
1 43 112 5884.6
1 44 112 5893.7
1 45 112 5900.9
1 46 112 5910.4
1 47 112 5919.3
1 48 112 5936.9
1 55 112 5739.6
1 56 112 5761.3
1 57 112 5778.4
1 58 112 5795.2
1 59 112 5810.1
1 72 112 6143.0
1 16 113 5956.8
1 33 113 5631.7
1 34 113 5615.1
1 35 113 5599.2
1 36 113 5578.7
1 49 113 5930.6
1 50 113 5908.4
1 51 113 5855.3
1 52 113 5800.7
1 53 113 5744.1
1 54 113 5707.4
1 73 113 6175.3
1 16 114 6015.9
1 29 114 5721.3
1 30 114 5696.1
1 31 114 5668.3
1 32 114 5633.3
1 74 114 6198.4
1 75 114 6202.5
1 16 115 6072.6
1 25 115 5833.0
1 26 115 5810.2
1 27 115 5781.0
1 28 115 5741.0
1 76 115 6234.3
1 16 116 6127.9
1 21 116 5975.7
1 22 116 5990.6
1 23 116 5903.4
1 24 116 5863.2
1 77 116 6249.5
1 78 116 6247.6
1 79 116 6260.2
1 16 117 6182.1
1 20 117 6023.7
1 80 117 6281.1
1 81 117 6279.2
1 82 117 6258.6
1 83 117 6231.1
1 84 117 6202.0
1 16 118 6219.5
1 17 118 6185.7
1 18 118 6138.6
1 19 118 6085.1
1 85 118 6131.5
1 85 119 6089.7
1 86 120 6072.5
1 86 121 6095.2
1 86 122 6120.0
1 86 123 6137.3
1 86 124 6149.7
1 86 125 6159.3
1 86 126 6166.4
1 86 127 6170.1
1 86 128 6170.7
1 86 129 6169.0
1 86 130 6166.3
1 86 131 6162.1
1 86 132 6155.2
1 86 133 6146.5
1 86 134 6134.7
1 86 135 6118.8
1 86 136 6099.7
1 85 137 6050.6
1 85 138 6037.7
1 84 139 6032.8
1 83 140 6073.8
1 82 141 6157.7
1 82 142 6174.0
1 81 143 6226.7
1 80 144 6287.2
1 79 145 6356.2
1 78 146 6419.8
1 77 147 6487.1
1 76 148 6559.0
1 75 149 6636.4
1 75 150 6700.7
1 75 151 6761.3
1 75 152 6821.9
1 75 153 6868.8
1 76 154 6862.0
1 77 154 6849.2
1 78 154 6839.0
1 79 155 6827.7
1 80 155 6815.1
1 81 156 6797.5
1 82 157 6771.0
1 82 158 6748.6
1 83 158 6734.5
1 84 159 6704.6
1 84 160 6676.8
1 84 161 6652.4
1 84 162 6628.5
1 85 163 6603.4
1 86 164 6574.0
1 87 165 6537.0
1 88 166 6502.2
1 89 167 6468.6
1 90 168 6387.2
1 90 169 6337.2
1 91 170 6269.8
1 92 171 6198.4
1 93 172 6167.7
1 94 173 6141.2
1 94 174 6138.8
1 95 175 6123.4
1 95 176 6109.0
1 95 177 6113.7
1 95 178 6120.7
1 95 179 6126.0
1 96 180 5954.7
1 97 181 5971.7
1 98 182 5989.2
1 99 183 6006.7
1 100 184 6022.5
1 101 185 6037.9
1 102 185 6046.3
1 103 185 6061.9
1 104 186 6096.3
1 105 186 6097.4
1 106 187 6100.6
1 107 188 6096.4
1 108 189 5914.1
1 108 190 5916.1
1 108 191 5917.1
1 108 192 5916.7
1 108 193 5912.5
1 107 194 5707.4
1 107 195 5703.4
1 107 196 5695.6
1 107 197 5685.3
1 107 198 5673.3
1 106 199 5634.9
1 106 200 5622.0
1 105 201 5576.1
1 105 202 5562.9
1 104 203 5522.4
1 104 204 5513.7
1 104 205 5498.7
1 104 206 5477.3
1 104 207 5444.2
1 98 208 5460.6
1 99 208 5470.7
1 100 208 5483.1
1 101 208 5496.0
1 102 208 5513.7
1 103 208 5542.4
1 97 209 5451.3
1 97 210 5450.1
1 97 211 5446.0
1 97 212 5440.7
1 96 213 5424.1
1 95 214 5416.7
1 95 215 5415.4
1 94 216 5408.0
1 94 217 5407.1
1 94 218 5406.4
1 95 219 5410.6
1 96 220 5414.1
1 97 221 5418.0
1 97 222 5416.9
1 98 223 5420.2
1 98 224 5418.8
1 99 225 5422.9
1 99 226 5421.0
1 100 227 5242.1
1 128 227 5398.5
1 129 227 5461.6
1 101 228 5248.0
1 107 228 5142.9
1 108 228 5167.8
1 109 228 5196.4
1 110 228 5228.4
1 111 228 5263.1
1 125 228 5283.4
1 126 228 5309.8
1 127 228 5318.0
1 130 228 5187.6
1 131 228 5194.1
1 132 228 5188.2
1 133 228 5189.3
1 134 228 5195.5
1 135 228 5209.9
1 136 228 5226.9
1 137 228 5240.2
1 138 228 5267.0
1 102 229 5252.8
1 106 229 5280.7
1 112 229 5117.3
1 118 229 5143.6
1 119 229 5162.0
1 120 229 5177.9
1 121 229 5192.0
1 122 229 5203.3
1 123 229 5212.7
1 124 229 5215.2
1 139 229 5340.3
1 103 230 5256.3
1 104 230 5258.9
1 105 230 5261.9
1 113 230 5133.9
1 114 230 5125.4
1 115 230 5121.1
1 116 230 5118.6
1 117 230 5110.7
1 140 230 5307.1
1 139 231 5374.7
1 137 232 5411.3
1 138 232 5410.6
1 136 233 5414.6
1 135 234 5407.4
1 133 235 5374.7
1 134 235 5388.0
1 132 236 5357.8
1 130 237 5314.5
1 131 237 5329.7
1 129 238 5303.3
1 128 239 5287.2
1 127 240 5267.3
1 127 241 5257.5
1 127 242 5244.6
1 128 243 5252.9
1 129 244 5251.2
1 129 245 5238.5
1 130 246 5234.7
1 131 246 5233.6
1 132 246 5236.5
1 133 246 5245.8
1 134 246 5263.2
1 135 246 5289.6
1 136 246 5316.8
1 137 246 5336.8
1 138 246 5358.8
1 139 247 5409.5
1 140 247 5434.0
1 141 247 5471.5
1 142 247 5514.8
1 143 248 5577.8
1 144 249 5671.3
1 144 250 5698.1
1 145 251 5749.9
1 145 252 5775.5
1 145 253 5795.8
1 146 254 5829.1
1 146 255 5826.5
1 146 256 5820.5
1 146 257 5812.6
1 146 258 5802.4
1 146 259 5790.6
1 146 260 5777.2
1 146 261 5764.9
1 146 262 5751.7
1 146 263 5738.5
1 146 264 5728.4
1 146 265 0.0
1 147 266 5482.8
1 147 267 5453.7
1 147 268 5428.8
1 147 269 5389.1
1 147 270 5356.1
1 148 271 5306.0
1 148 272 5279.2
1 148 273 5252.1
1 148 274 5230.3
1 149 274 5215.4
1 149 275 5175.8
1 149 276 5143.6
1 149 277 5091.0
1 149 278 5036.4
1 150 279 5132.7
1 150 280 5087.7
1 150 281 5046.5
1 150 282 5016.2
1 151 283 4932.5
1 151 284 4888.7
1 151 285 4855.4
1 152 286 4761.4
1 152 287 4706.8
1 152 288 4662.5
1 152 289 4628.0
1 153 290 4722.8
1 153 291 4696.3
1 153 292 4704.2
1 154 293 4715.0
1 154 294 4726.6
1 154 295 4736.1
1 154 296 4742.2
1 155 297 4760.1
1 155 298 4763.9
1 156 299 4586.8
1 157 299 4593.1
1 158 299 4602.6
1 159 299 4615.1
1 160 299 4631.1
1 161 299 4650.5
1 162 300 4681.7
1 162 301 4684.5
1 162 302 4683.6
1 162 303 4681.0
1 162 304 4678.3
1 163 305 4857.4
1 163 306 4848.4
1 163 307 4838.6
1 163 308 4829.3
1 163 309 4823.2
1 164 310 5039.4
1 165 311 5081.0
1 166 312 5152.7
1 167 313 5211.3
1 168 314 5244.2
1 168 315 5076.7
1 168 316 5081.0
1 169 316 5088.5
1 169 317 5094.3
1 170 317 5104.1
1 171 318 5105.2
1 171 319 5081.8
1 172 320 5033.9
1 172 321 4986.4
1 172 322 4938.1
1 172 323 4887.1
1 172 324 4847.4
1 173 325 4845.9
1 173 326 4849.5
1 173 327 4851.3
1 174 328 4860.7
1 174 329 4862.3
1 174 330 4863.3
1 175 331 4867.8
1 176 331 4871.8
1 177 331 4877.7
1 178 332 4887.1
1 179 333 4889.7
1 179 334 4886.6
1 179 335 4883.5
1 180 336 4881.0
1 181 337 4872.5
1 181 338 4867.8
1 187 338 4741.0
1 188 338 4762.1
1 189 338 4779.7
1 190 338 4793.4
1 182 339 4858.5
1 186 339 4873.5
1 191 339 4797.0
1 192 339 5216.0
1 182 340 4852.5
1 186 340 4857.8
1 193 340 5215.3
1 182 341 4848.9
1 186 341 4847.8
1 194 341 5215.2
1 195 341 5216.8
1 183 342 4845.3
1 184 342 4845.1
1 185 342 4844.6
1 186 342 4843.5
1 196 342 5216.5
1 196 343 5214.4
1 197 344 5213.3
1 198 345 5210.9
1 199 346 5208.8
1 200 346 5210.4
1 201 346 5212.6
1 202 346 5214.7
1 203 346 5215.5
1 204 346 4409.27
1 205 347 5199.5
1 206 347 5193.3
1 207 348 5398.8
1 207 349 5496.1
1 207 350 5637.0
1 206 351 5696.9
1 205 352 5701.7
1 205 353 5706.2
1 205 354 5711.2
1 206 355 5734.1
1 206 356 5742.3
1 207 357 5767.0
1 208 357 5784.2
1 209 358 5465.4
1 210 359 5522.7
1 211 359 5550.7
1 212 360 5470.5
1 212 361 5507.7
1 208 362 5529.9
1 209 362 5534.6
1 210 362 5541.7
1 211 362 5547.4
1 207 363 5526.1
1 206 364 5520.7
1 206 365 5522.0
1 206 366 5522.2
1 206 367 5521.4
1 206 368 5520.4
1 206 369 5519.2
1 207 369 5525.6
1 208 369 5542.1
1 209 369 5563.8
1 210 369 5588.2
1 211 369 5618.5
1 212 369 5654.9
1 213 369 5699.1
1 214 370 5595.6
1 215 370 5629.4
1 216 372 5626.7
1 214 373 5263.1
1 215 373 5351.3
1 214 374 5220.0
1 213 375 5270.2
1 212 376 5247.8
1 211 377 5194.7
1 211 378 5183.6
1 211 379 5178.1
1 211 380 5180.2
1 211 381 5189.3
1 211 382 5243.7
1 211 383 5293.5
1 212 384 45000.0
1 212 385 45000.0
1 212 386 45000.0
1 212 387 45000.0
1 212 388 45000.0
1 212 389 45000.0
1 212 390 45000.0
1 212 391 45000.0
1 212 392 45000.0
1 212 393 45000.0
1 213 394 45000.0
1 213 395 45000.0
1 213 396 45000.0
1 213 397 45000.0
1 213 398 45000.0
1 213 399 45000.0
1 213 400 45000.0
1 213 401 45000.0
1 213 402 45000.0
1 214 403 45000.0
1 214 404 45000.0
1 214 405 45000.0
1 214 406 45000.0
1 214 407 45000.0
1 214 409 45000.0
1 214 410 45000.0
1 214 411 45000.0
1 214 412 45000.0
1 214 413 45000.0
1 214 414 45000.0
1 214 415 45000.0
1 215 416 45000.0
1 215 417 45000.0
1 227 417 45000.0
1 228 417 45000.0
1 229 417 45000.0
1 216 418 45000.0
1 226 418 45000.0
1 230 418 45000.0
1 217 419 45000.0
1 218 419 45000.0
1 219 419 45000.0
1 220 419 45000.0
1 221 419 45000.0
1 222 419 45000.0
1 223 419 45000.0
1 224 419 45000.0
1 225 419 45000.0
1 229 419 45000.0
1 229 420 45000.0
1 226 421 45000.0
1 227 421 45000.0
1 228 421 45000.0
1 224 422 45000.0
1 225 422 45000.0
1 224 423 45000.0
1 224 424 45000.0
1 225 424 45000.0
1 226 424 45000.0
1 227 424 45000.0
1 228 424 45000.0
1 229 425 45000.0
1 229 426 45000.0
1 229 427 45000.0
1 229 428 45000.0
1 229 429 45000.0
1 228 430 45000.0
1 228 431 45000.0
1 228 432 45000.0
1 228 433 45000.0
1 228 434 45000.0
1 228 435 45000.0
1 229 435 45000.0
1 230 436 45000.0
1 230 437 45000.0
1 230 438 45000.0
1 230 439 45000.0
1 230 440 45000.0
1 230 441 45000.0
1 230 442 45000.0
1 230 443 45000.0
1 230 444 45000.0
1 230 445 45000.0
1 230 446 45000.0
1 230 447 45000.0
1 230 448 45000.0
1 230 449 45000.0
1 230 450 45000.0
1 230 451 45000.0
1 230 452 45000.0
1 230 453 45000.0
1 230 454 45000.0
1 230 455 45000.0
1 230 456 45000.0
1 231 457 45000.0
1 231 458 45000.0
1 231 459 45000.0
1 231 460 45000.0
1 232 461 45000.0
1 232 462 45000.0
1 232 463 45000.0
1 232 464 45000.0
1 233 464 45000.0
1 234 464 45000.0
1 235 464 45000.0
1 236 464 45000.0
1 237 464 45000.0
1 238 464 45000.0
1 239 465 45000.0
1 239 466 45000.0
1 239 467 5337.1
1 238 468 5337.1
1 238 469 5337.1
1 238 470 5337.1
1 239 471 5337.1
1 240 471 5337.1
1 241 472 5337.1
1 242 472 5337.1
1 243 472 5337.1
1 244 473 5337.1
1 245 474 5337.1
1 246 475 5337.1
1 246 476 5337.1
1 246 477 5337.1
1 246 478 5337.1
1 246 479 5337.1
1 246 480 5337.1
1 245 481 5337.1
1 245 482 5337.1
1 244 483 5337.1
1 243 484 5337.1
1 243 485 5337.1
1 243 486 5337.1
1 243 487 5337.1
1 243 488 5337.1
1 243 489 5337.1
1 242 490 5337.1
1 242 491 5337.1
1 241 492 5337.1
1 241 493 5337.1
1 240 494 5337.1
1 239 495 5337.1
1 238 496 5337.1
1 235 497 5337.1
1 236 497 5337.1
1 237 497 5337.1
1 233 498 5337.1
1 234 498 5337.1
1 233 499 5337.1
1 232 500 5337.1
1 231 501 5337.1
1 231 502 5337.1
1 231 503 5337.1
1 231 504 5337.1
1 231 505 5337.1
1 231 506 5337.1
1 231 507 5337.1
1 231 508 5337.1
1 231 509 5337.1
1 231 510 5337.1
1 231 511 5337.1
1 231 512 5337.1
1 231 513 5337.1
1 231 514 5337.1
1 231 515 5337.1
1 232 516 5337.1
1 232 517 5337.1
1 232 518 5337.1
1 233 519 5337.1
1 233 520 5337.1
1 233 521 5337.1
1 234 522 5337.1
1 234 523 5337.1
1 235 524 5337.1
1 235 525 5337.1
1 236 525 5337.1
1 237 525 5337.1
1 238 525 5337.1
1 239 526 5337.1
1 239 527 5337.1
1 240 528 5437.9
1 240 529 5453.1
1 241 530 5519.7
1 241 531 5549.7
1 241 532 5566.6
1 241 533 5578.1
1 241 534 5586.4
1 242 535 5064.8
1 242 536 5076.1
1 243 536 5094.1
1 244 536 5126.6
1 245 536 5155.2
1 246 537 5210.6
1 246 538 5227.7
1 247 539 5267.6
1 248 540 5303.1
1 249 540 5315.2
1 250 540 5331.6
1 251 541 5365.2
1 250 544 5398.8
1 251 544 5401.1
1 245 545 5344.2
1 246 545 5355.4
1 247 545 5374.0
1 248 545 5387.7
1 249 545 5393.2
1 243 546 5317.7
1 244 546 5321.7
1 243 547 5318.4
1 242 548 5314.5
1 242 549 5314.8
1 241 550 5308.6
1 241 551 5306.9
1 240 552 5296.5
1 239 553 5285.5
1 238 554 0.0
1 237 555 5249.9
1 236 556 5248.8
1 236 557 5248.8
1 232 558 5189.1
1 233 558 5186.1
1 234 558 5193.8
1 235 558 5197.3
1 232 559 5201.2
1 231 560 5201.4
1 231 561 5209.8
1 231 562 5216.5
1 231 563 5221.6
1 231 564 5222.9
1 230 565 5389.7
1 230 566 5382.9
1 230 567 5372.0
1 230 568 5359.6
1 215 371 5678.1
1 39 51 6043.2
1 39 52 5967.8
1 38 53 5714.5
1 38 54 5641.8
1 37 55 5375.6
1 36 56 5152.8
1 35 57 4950.0
1 35 58 4889.0
1 35 59 4787.7
1 35 60 8397.7
1 35 61 8262.3
1 35 62 8125.5
1 35 63 7985.2
1 35 64 7841.2
1 35 65 7693.4
1 35 66 7542.6
1 35 67 7395.4
1 35 68 7276.3
1 36 69 10770.0
1 36 70 10502.6
1 36 71 10250.3
1 36 72 10007.1
1 36 73 9772.1
1 36 74 9559.1
1 36 75 9377.7
1 36 76 9287.9
1 36 77 9255.2
1 230 569 5347.0
1 230 570 5333.5
1 230 571 5317.4
1 230 572 5306.0
1 230 573 5316.9
1 230 574 5332.4
1 230 575 5342.6
1 230 576 5344.7
1 230 577 5179.6
1 230 578 5212.8
1 230 579 5245.9
1 230 580 5275.3
1 230 581 5278.4
1 230 582 5283.8
1 230 583 5286.3
1 230 584 5285.4
1 230 585 5282.0
1 230 586 5277.4
1 230 587 5271.3
1 230 588 5267.4
1 229 589 5251.5
1 229 590 5242.2
1 228 591 5219.5
1 228 592 5203.8
1 228 593 5186.5
1 228 594 5164.3
1 227 595 5120.1
1 227 596 5096.9
1 227 597 5068.8
1 227 598 5035.6
1 227 599 4786.4
1 226 600 4700.2
1 226 601 4698.2
1 226 602 4696.9
1 226 603 4697.6
1 225 604 4268.5
1 224 605 4268.5
1 223 606 4290.4
1 222 607 4310.8
1 223 605 4275.0
1 114 114 -1887.6
1 117 120 -757.2339999999999
1 129 121 -6243.6
1 130 122 -757.2339999999999
1 133 112 -11180.4
1 135 194 -1483.23
1 138 201 -2904.0
1 139 168 -3194.4
1 140 168 -3194.4
1 141 191 -11180.4
1 143 172 -3194.4
1 143 190 -5372.4
1 144 166 -3920.4
1 144 172 -3194.4
1 144 182 -17859.6
1 144 190 -5372.4
1 146 117 -11906.4
1 146 188 -2032.8
1 146 190 -2032.8
1 147 132 -3920.4
1 147 145 -757.2339999999999
1 148 167 -10309.2
1 148 176 -757.2339999999999
1 148 196 -7550.4
1 149 145 -10744.8
1 149 146 -5372.4
1 150 124 -3630.0
1 150 141 -3920.4
1 150 198 -16407.6
1 151 142 -2904.0
1 151 195 -10164.0
1 152 123 -6969.6
1 152 125 -7146.03
1 152 132 -7581.63
1 153 192 -11761.2
1 154 125 -145.2
1 154 171 -757.2339999999999
1 154 249 -9002.4
1 155 112 -8421.6
1 155 129 -35574.0
1 156 129 -166109.0
1 157 135 -3837.67
1 157 251 -17569.2
1 158 133 -9324.03
1 158 181 -19747.2
1 159 119 -45738.0
1 159 173 -25845.6
1 161 125 -2178.0
1 161 129 -871.2
1 161 131 -1016.4
1 161 188 -10599.6
1 162 119 -871.2
1 162 121 -11180.4
1 162 128 -195294.0
1 162 132 -18876.0
1 162 169 -1452.0
1 163 137 -290.4
1 163 138 -1918.83
1 163 171 -5227.2
1 165 130 -145.2
1 165 131 -290.4
1 166 126 -1016.4
1 167 125 -3775.2
1 167 259 -2904.0
1 168 123 -6098.4
1 168 208 -10599.6
1 170 131 -6824.4
1 170 163 -53143.2
1 171 130 -2613.6
1 171 131 -290.4
1 171 132 -2758.8
1 173 224 -5372.4
1 174 123 -1887.6
1 174 135 -580.8
1 175 134 -9583.2
1 175 204 -2613.6
1 176 176 -4646.4
1 176 202 -2032.8
1 177 133 -13503.6
1 177 211 -5227.2
1 178 164 -290.4
1 179 181 -29185.2
1 179 183 -5227.2
1 179 210 -17278.8
1 180 208 -17859.6
1 183 184 -18585.6
1 184 246 -10309.2
1 187 200 -13358.4
1 187 281 -31944.0
1 188 198 -11470.8
1 188 209 -7405.2
1 188 240 -10454.4
1 191 191 -37026.0
1 193 256 -3484.8
1 193 260 -41894.6
1 197 204 -3484.8
1 197 252 -1887.6
1 198 298 -757.2339999999999
1 199 211 -6534.0
1 199 231 -6969.6
1 199 298 -757.2339999999999
1 200 298 -816.434
1 201 234 -1016.4
1 203 275 -30346.8
1 203 280 -9292.8
1 204 248 -17188.5
1 205 300 -786.414
1 206 286 -8576.02
1 206 300 -1514.47
1 211 255 -16552.8
1 212 226 -2904.0
1 212 258 -9873.6
1 213 264 -290.4
1 213 300 -1597.2
1 214 240 -16552.8
1 216 238 -6243.6
1 216 267 -726.0
1 217 264 -1597.2
1 217 365 -871.2
1 218 179 -9873.6
1 219 310 -2758.8
1 221 223 -580.8
1 221 246 -29475.6
1 221 284 -5443.51
1 222 369 -3194.4
1 223 271 -9292.8
1 224 301 -4210.8
1 224 374 -7940.19
1 226 365 -2177.59
1 228 225 -13939.2
1 230 361 -19311.6
1 231 401 -1773.63
1 232 364 -158.06
1 232 370 -5336.34
1 233 337 -757.2339999999999
1 233 394 -1514.47
1 234 304 -4586.5
1 234 393 -808.814
1 235 367 -10026.0
1 235 400 -726.0
1 235 605 -52.64
1 235 609 -419.27
1 236 263 -2178.0
1 236 351 -9438.0
1 237 237 -31072.8
1 237 316 -16578.0
1 237 357 -8364.4
1 237 389 -757.2339999999999
1 238 221 -435.6
1 238 398 -5.48
1 238 605 -3876.93
1 238 609 -1514.47
1 239 250 -3775.2
1 239 338 -8857.2
1 239 605 -3786.17
1 239 606 -2271.7
1 239 619 -1773.63
1 240 380 -757.2339999999999
1 240 426 -757.2339999999999
1 240 608 -3052.87
1 241 335 -10018.8
1 241 342 -13068.0
1 241 604 -757.2339999999999
1 242 311 -5517.48
1 243 371 -757.2339999999999
1 243 389 -1597.2
1 243 422 -145.2
1 243 431 -17853.9
1 243 605 -3786.17
1 244 431 -8.02
1 244 605 -4543.4
1 244 621 -1644.97
1 245 238 -24538.8
1 245 337 -757.2339999999999
1 245 370 -2533.25
1 245 621 -757.2339999999999
1 246 321 -4043.71
1 246 618 -2271.7
1 247 344 -782.7239999999999
1 247 383 -9457.47
1 247 384 -1954640.0
1 248 251 -19963.0
1 248 424 -3630.0
1 248 436 -4356.0
1 248 444 -13227.4
1 248 589 -1597.2
1 249 373 -757.2339999999999
1 249 424 -757.2339999999999
1 249 430 -66.84
1 249 436 -7929.72
1 249 443 -6613.7
1 249 606 -3786.17
1 250 239 -12632.4
1 250 326 -3921.74
1 250 424 -757.2339999999999
1 250 425 -378246.0
1 250 431 -54171.9
1 250 595 -2416.9
1 251 356 -82846.4
1 251 408 -663.21
1 251 456 -902.434
1 251 457 -35.5
1 251 594 -757.2339999999999
1 251 595 -773.434
1 251 596 -1514.47
1 252 230 -7114.8
1 252 285 -6534.0
1 252 329 -28286.8
1 252 450 -726.0
1 252 595 -757.2339999999999
1 252 606 -757.2339999999999
1 253 298 -4791.6
1 253 331 -13328.0
1 253 332 -19900.6
1 253 416 -435.6
1 253 420 -12199.4
1 253 445 -53333.6
1 254 338 -28894.8
1 254 367 -871.2
1 254 407 -78475.0
1 254 597 -757.2339999999999
1 254 607 -3806.43
1 255 381 -22941.6
1 255 383 -26136.0
1 255 388 -45738.0
1 255 395 -3194.4
1 255 420 -11035.2
1 255 439 -29040.0
1 255 443 -90172.1
1 255 595 -757.2339999999999
1 255 596 -757.2339999999999
1 255 606 -3806.43
1 255 609 -1514.47
1 256 314 -33591.6
1 256 335 -9292.8
1 256 341 -290.4
1 256 370 -4887.02
1 256 413 -2323.2
1 256 586 -59919.3
1 256 593 -3028.93
1 257 238 -726.0
1 257 324 -6896.85
1 257 413 -2323.2
1 257 576 -4691.62
1 257 599 -47536.9
1 257 600 -110933.0
1 258 325 -7693.65
1 258 336 -1861.83
1 258 420 -229684.0
1 258 442 -416358.0
1 258 464 -1742.4
1 258 585 -4543.4
1 258 595 -1514.47
1 258 601 -49513.2
1 258 602 -21108.2
1 259 340 -28780.8
1 259 371 -4887.02
1 259 405 -17980.1
1 259 588 -30666.4
1 259 592 -764.674
1 259 593 -764.674
1 260 342 -10454.4
1 260 349 -871.2
1 260 407 -3421560.0
1 260 413 -137573.0
1 260 424 -419.03
1 260 461 -2613.6
1 260 463 -17714.4
1 260 464 -19021.2
1 260 585 -6941.91
1 260 586 -18829.7
1 261 337 -5662.8
1 261 355 -18004.8
1 261 381 -338587.0
1 261 395 -59015.7
1 261 416 -18295.2
1 261 418 -757.2339999999999
1 261 429 -153461.0
1 261 464 -6534.0
1 261 492 -757.2339999999999
1 261 571 -24103.2
1 261 576 -12730.3
1 262 345 -13358.4
1 262 540 -291.47
1 262 564 -43031.8
1 262 567 -10618.7
1 262 568 -19747.2
1 262 570 -36154.8
1 262 571 -12051.6
1 263 471 -12051.6
1 263 520 -1514.47
1 263 582 -16068.4
1 264 265 -6534.0
1 264 344 -6679.2
1 264 345 -2032.8
1 264 355 -290.4
1 264 367 -757.2339999999999
1 264 383 -43758.2
1 264 407 -5082.0
1 264 468 -79.21
1 264 471 -12051.6
1 264 476 -145.2
1 264 477 -27297.6
1 264 523 -2852.5
1 264 524 -580.8
1 264 549 -5674.11
1 265 363 -1306.8
1 265 364 -25457.7
1 265 374 -60093.9
1 265 380 -15.13
1 265 422 -70768.4
1 265 557 -580.8
1 266 337 -757.2339999999999
1 266 340 -2468.4
1 266 462 -145.2
1 267 391 -17859.6
1 267 463 -2758.8
1 267 555 -757.2339999999999
1 267 556 -757.2339999999999
1 268 333 -6534.0
1 268 334 -7840.8
1 268 436 -3638100.0
1 268 455 -14.77
1 268 479 -726.0
1 268 480 -580.8
1 268 489 -2079.39
1 269 363 -757.2339999999999
1 269 397 -43560.0
1 269 450 -2904.0
1 269 456 -17776.7
1 269 541 -902.434
1 270 337 -580.8
1 270 352 -13648.8
1 270 429 -1846.35
1 270 481 -902.434
1 270 483 -1537.53
1 270 484 -757.2339999999999
1 270 486 -19512.5
1 270 498 -42253.2
1 270 539 -290.4
1 271 319 -16578.0
1 271 371 -1452.0
1 271 415 -242568.0
1 271 485 -242.27
1 271 493 -108749.0
1 271 498 -8857.2
1 271 537 -66231.5
1 272 336 -19439.8
1 272 337 -24.49
1 272 351 -22941.6
1 272 366 -1742.4
1 272 368 -212107.0
1 272 388 -659178.0
1 272 396 -4791.6
1 272 450 -7260.0
1 272 451 -20037.6
1 272 453 -1306.8
1 272 462 -2121730.0
1 272 491 -18.22
1 272 497 -32827.5
1 272 498 -162914.0
1 272 530 -109606.0
1 272 532 -219261.0
1 272 535 -133477.0
1 273 363 -435.6
1 273 392 -1005.9
1 273 410 -1306.8
1 273 480 -8276.4
1 273 510 -1192.83
1 273 516 -19199.2
1 273 517 -288376.0
1 273 518 -423.5
1 274 409 -1306.8
1 274 520 -37461.6
1 274 523 -2613.6
1 275 367 -119500.0
1 275 441 -204003.0
1 275 450 -11761.2
1 275 506 -871.2
1 276 366 -59386.8
1 276 446 -5808.0
1 276 474 -26014.3
1 277 294 -60526.2
1 277 390 -12487.2
1 277 407 -1502100.0
1 277 431 -25524.1
1 277 468 -145.2
1 277 472 -19635.9
1 277 480 -81999.8
1 277 482 -1887.6
1 278 365 -20473.2
1 278 435 -5561.12
1 278 482 -1887.6
1 279 310 -28076.8
1 279 433 -176677.0
1 279 438 -69912.5
1 279 475 -107858.0
1 279 485 -22360.8
1 280 365 -16117.2
1 280 433 -33598.4
1 280 442 -10018.8
1 280 469 -48591.2
1 280 471 -40502.0
1 281 458 -1414340.0
1 282 409 -6679.2
1 282 424 -2178.0
1 282 430 -726.0
1 282 436 -3440.05
1 282 454 -2949.89
1 282 457 -343.11
1 283 335 -7695.6
1 283 354 -1742.4
1 283 429 -277187.0
1 283 449 -96219.8
1 283 452 -132473.0
1 283 455 -7976.28
1 283 468 -35626.3
1 284 339 -32985.0
1 284 457 -6388.8
1 284 463 -552168.0
1 284 481 -8333.93
1 285 336 -145.2
1 285 374 -3339.6
1 285 467 -240012.0
1 285 475 -77677.4
1 286 330 -54982.9
1 286 425 -365509.0
1 286 475 -33527.1
1 286 477 -59799.9
1 287 388 -7207.48
1 287 426 -757.2339999999999
1 287 477 -28353.7
1 288 419 -11906.4
1 288 423 -909.89
1 288 426 -757.2339999999999
1 289 351 -726.0
1 289 404 -122844.0
1 289 459 -22003.8
1 289 468 -4117.37
1 290 382 -169556.0
1 290 402 -62152.2
1 290 411 -1452.0
1 290 412 -22070.4
1 290 413 -1161.6
1 291 350 -3484.8
1 291 355 -18455.6
1 291 373 -1452.0
1 291 399 -135965.0
1 291 419 -87760.1
1 292 361 -9438.0
1 292 365 -19747.2
1 292 416 -1452.0
1 292 469 -5463.09
1 293 440 -145.2
1 294 435 -13648.8
1 294 447 -35790.8
1 294 458 -84588.8
1 295 356 -1799.95
1 295 391 -200231.0
1 295 430 -746154.0
1 296 388 -604.85
1 296 398 -84129.7
1 296 406 -20479.0
1 296 433 -7840.8
1 297 381 -3630.0
1 297 395 -5610.13
1 297 413 -1005570.0
1 297 442 -68132.6
1 299 354 -871.2
1 299 355 -149.61
1 299 387 -81.0
1 102 110 -757.2339999999999
1 102 113 -757.2339999999999
1 103 100 -757.2339999999999
1 103 104 -757.2339999999999
1 104 115 -757.2339999999999
1 105 115 -757.2339999999999
1 105 139 -757.2339999999999
1 108 117 -757.2339999999999
1 109 112 -757.2339999999999
1 111 155 -757.2339999999999
1 111 208 -757.2339999999999
1 112 181 -757.2339999999999
1 113 111 -757.2339999999999
1 113 159 -757.2339999999999
1 113 211 -757.2339999999999
1 114 173 -757.2339999999999
1 114 212 -1514.47
1 115 212 -1514.47
1 116 121 -757.2339999999999
1 116 150 -757.2339999999999
1 116 166 -757.2339999999999
1 117 119 -757.2339999999999
1 117 168 -757.2339999999999
1 117 210 -757.2339999999999
1 119 194 -757.2339999999999
1 119 202 -757.2339999999999
1 119 96 -757.2339999999999
1 120 155 -757.2339999999999
1 120 94 -757.2339999999999
1 121 187 -757.2339999999999
1 123 110 -757.2339999999999
1 123 111 -757.2339999999999
1 123 158 -757.2339999999999
1 123 168 -757.2339999999999
1 123 193 -757.2339999999999
1 123 202 -1514.47
1 125 150 -757.2339999999999
1 125 151 -757.2339999999999
1 125 193 -757.2339999999999
1 125 194 -757.2339999999999
1 126 121 -757.2339999999999
1 126 191 -757.2339999999999
1 126 195 -757.2339999999999
1 127 150 -757.2339999999999
1 127 160 -757.2339999999999
1 127 169 -757.2339999999999
1 127 195 -757.2339999999999
1 127 199 -1514.47
1 128 122 -757.2339999999999
1 128 148 -757.2339999999999
1 128 149 -757.2339999999999
1 128 152 -757.2339999999999
1 128 153 -757.2339999999999
1 128 154 -757.2339999999999
1 128 157 -757.2339999999999
1 128 199 -757.2339999999999
1 129 117 -757.2339999999999
1 129 119 -757.2339999999999
1 129 122 -757.2339999999999
1 129 146 -757.2339999999999
1 129 154 -1514.47
1 129 162 -757.2339999999999
1 129 176 -757.2339999999999
1 130 120 -757.2339999999999
1 130 154 -757.2339999999999
1 130 155 -757.2339999999999
1 130 156 -2271.7
1 130 194 -757.2339999999999
1 131 112 -757.2339999999999
1 131 121 -757.2339999999999
1 131 122 -757.2339999999999
1 131 150 -757.2339999999999
1 131 156 -757.2339999999999
1 131 157 -757.2339999999999
1 131 158 -757.2339999999999
1 131 161 -1514.47
1 131 198 -757.2339999999999
1 132 112 -757.2339999999999
1 132 155 -757.2339999999999
1 132 156 -757.2339999999999
1 132 160 -757.2339999999999
1 132 161 -1514.47
1 133 155 -757.2339999999999
1 133 159 -757.2339999999999
1 133 160 -1514.47
1 133 192 -1514.47
1 133 193 -757.2339999999999
1 134 148 -757.2339999999999
1 134 150 -757.2339999999999
1 134 151 -757.2339999999999
1 134 156 -757.2339999999999
1 134 191 -757.2339999999999
1 134 193 -3028.93
1 135 148 -3786.17
1 135 149 -1514.47
1 135 156 -757.2339999999999
1 135 157 -757.2339999999999
1 135 193 -2271.7
1 136 147 -757.2339999999999
1 136 148 -757.2339999999999
1 136 149 -757.2339999999999
1 136 150 -1514.47
1 136 153 -757.2339999999999
1 136 155 -757.2339999999999
1 137 148 -757.2339999999999
1 137 150 -757.2339999999999
1 137 153 -1514.47
1 137 154 -757.2339999999999
1 137 157 -2271.7
1 137 175 -757.2339999999999
1 137 206 -757.2339999999999
1 138 151 -757.2339999999999
1 138 152 -757.2339999999999
1 138 153 -2271.7
1 138 168 -757.2339999999999
1 138 169 -757.2339999999999
1 139 151 -757.2339999999999
1 140 138 -757.2339999999999
1 140 155 -3028.93
1 140 156 -757.2339999999999
1 140 171 -757.2339999999999
1 140 180 -757.2339999999999
1 141 149 -757.2339999999999
1 141 154 -1514.47
1 141 157 -757.2339999999999
1 141 171 -757.2339999999999
1 141 199 -1514.47
1 142 155 -757.2339999999999
1 142 156 -757.2339999999999
1 142 157 -757.2339999999999
1 142 158 -757.2339999999999
1 142 174 -757.2339999999999
1 142 179 -757.2339999999999
1 142 201 -757.2339999999999
1 143 146 -757.2339999999999
1 143 157 -2271.7
1 144 142 -1514.47
1 144 173 -757.2339999999999
1 145 142 -757.2339999999999
1 145 143 -757.2339999999999
1 145 151 -757.2339999999999
1 145 187 -757.2339999999999
1 145 226 -757.2339999999999
1 146 140 -757.2339999999999
1 146 141 -1514.47
1 146 145 -757.2339999999999
1 146 208 -757.2339999999999
1 146 229 -757.2339999999999
1 146 230 -757.2339999999999
1 146 232 -757.2339999999999
1 147 139 -2271.7
1 147 140 -757.2339999999999
1 147 141 -757.2339999999999
1 147 142 -757.2339999999999
1 147 229 -757.2339999999999
1 147 230 -757.2339999999999
1 147 233 -757.2339999999999
1 147 239 -757.2339999999999
1 147 240 -757.2339999999999
1 148 217 -757.2339999999999
1 148 221 -757.2339999999999
1 149 127 -757.2339999999999
1 149 147 -757.2339999999999
1 149 154 -757.2339999999999
1 149 222 -757.2339999999999
1 149 253 -757.2339999999999
1 150 160 -757.2339999999999
1 150 164 -757.2339999999999
1 150 177 -757.2339999999999
1 150 227 -757.2339999999999
1 150 236 -757.2339999999999
1 151 128 -757.2339999999999
1 151 228 -757.2339999999999
1 152 153 -757.2339999999999
1 152 173 -757.2339999999999
1 152 176 -757.2339999999999
1 152 222 -757.2339999999999
1 152 228 -757.2339999999999
1 153 126 -757.2339999999999
1 153 136 -757.2339999999999
1 153 155 -757.2339999999999
1 153 232 -757.2339999999999
1 153 238 -757.2339999999999
1 153 253 -757.2339999999999
1 154 126 -757.2339999999999
1 154 133 -757.2339999999999
1 154 161 -757.2339999999999
1 154 172 -757.2339999999999
1 154 220 -757.2339999999999
1 154 244 -757.2339999999999
1 155 170 -1514.47
1 155 216 -757.2339999999999
1 155 262 -757.2339999999999
1 156 160 -757.2339999999999
1 156 211 -757.2339999999999
1 156 223 -757.2339999999999
1 157 132 -757.2339999999999
1 157 133 -757.2339999999999
1 157 134 -2271.7
1 157 136 -757.2339999999999
1 157 194 -757.2339999999999
1 157 207 -757.2339999999999
1 157 240 -757.2339999999999
1 158 135 -757.2339999999999
1 158 248 -757.2339999999999
1 159 152 -757.2339999999999
1 159 231 -757.2339999999999
1 159 240 -757.2339999999999
1 159 247 -757.2339999999999
1 159 248 -757.2339999999999
1 159 250 -757.2339999999999
1 159 251 -757.2339999999999
1 159 257 -757.2339999999999
1 160 133 -757.2339999999999
1 160 249 -1514.47
1 160 251 -1514.47
1 160 252 -757.2339999999999
1 160 253 -757.2339999999999
1 160 262 -757.2339999999999
1 161 144 -1514.47
1 161 251 -757.2339999999999
1 161 253 -757.2339999999999
1 162 137 -1514.47
1 162 252 -1514.47
1 162 253 -757.2339999999999
1 163 152 -757.2339999999999
1 163 190 -757.2339999999999
1 163 236 -757.2339999999999
1 164 278 -757.2339999999999
1 164 290 -757.2339999999999
1 164 299 -757.2339999999999
1 165 133 -1514.47
1 165 134 -1514.47
1 165 135 -757.2339999999999
1 165 290 -757.2339999999999
1 166 131 -757.2339999999999
1 166 132 -757.2339999999999
1 166 133 -1514.47
1 166 134 -757.2339999999999
1 166 135 -757.2339999999999
1 166 210 -757.2339999999999
1 166 254 -757.2339999999999
1 166 255 -757.2339999999999
1 167 127 -757.2339999999999
1 167 132 -1514.47
1 167 133 -1514.47
1 167 134 -2271.7
1 167 256 -757.2339999999999
1 167 288 -757.2339999999999
1 167 294 -757.2339999999999
1 168 130 -757.2339999999999
1 168 131 -757.2339999999999
1 168 132 -3028.93
1 168 133 -3028.93
1 168 286 -757.2339999999999
1 168 287 -1514.47
1 168 291 -1514.47
1 169 128 -1514.47
1 169 129 -3028.93
1 169 131 -757.2339999999999
1 169 132 -3786.17
1 169 133 -2271.7
1 169 134 -6815.1
1 169 135 -757.2339999999999
1 169 236 -757.2339999999999
1 169 260 -757.2339999999999
1 169 271 -757.2339999999999
1 169 287 -757.2339999999999
1 169 290 -757.2339999999999
1 170 133 -2271.7
1 170 134 -9086.8
1 170 136 -757.2339999999999
1 170 187 -757.2339999999999
1 170 256 -757.2339999999999
1 170 287 -757.2339999999999
1 170 292 -757.2339999999999
1 171 133 -1514.47
1 171 134 -757.2339999999999
1 171 136 -3786.17
1 171 290 -757.2339999999999
1 172 257 -757.2339999999999
1 172 284 -757.2339999999999
1 172 295 -1514.47
1 172 311 -757.2339999999999
1 173 258 -757.2339999999999
1 173 278 -757.2339999999999
1 173 290 -757.2339999999999
1 173 292 -757.2339999999999
1 173 293 -1514.47
1 173 294 -757.2339999999999
1 174 124 -757.2339999999999
1 174 253 -757.2339999999999
1 174 261 -757.2339999999999
1 174 270 -757.2339999999999
1 174 283 -757.2339999999999
1 174 289 -757.2339999999999
1 174 293 -757.2339999999999
1 175 260 -757.2339999999999
1 175 288 -757.2339999999999
1 175 292 -1514.47
1 175 293 -757.2339999999999
1 175 296 -757.2339999999999
1 175 305 -757.2339999999999
1 176 274 -757.2339999999999
1 176 305 -757.2339999999999
1 177 289 -757.2339999999999
1 177 290 -757.2339999999999
1 178 243 -757.2339999999999
1 178 280 -757.2339999999999
1 178 285 -757.2339999999999
1 178 302 -757.2339999999999
1 178 305 -757.2339999999999
1 178 306 -757.2339999999999
1 178 311 -757.2339999999999
1 179 278 -757.2339999999999
1 179 285 -757.2339999999999
1 180 149 -757.2339999999999
1 180 286 -757.2339999999999
1 181 297 -757.2339999999999
1 181 307 -757.2339999999999
1 181 308 -757.2339999999999
1 183 242 -757.2339999999999
1 183 285 -757.2339999999999
1 183 295 -757.2339999999999
1 183 308 -757.2339999999999
1 183 309 -757.2339999999999
1 183 318 -757.2339999999999
1 184 263 -757.2339999999999
1 184 285 -757.2339999999999
1 184 313 -757.2339999999999
1 184 319 -757.2339999999999
1 185 257 -757.2339999999999
1 185 305 -757.2339999999999
1 185 306 -757.2339999999999
1 185 307 -757.2339999999999
1 185 315 -757.2339999999999
1 186 255 -757.2339999999999
1 186 265 -757.2339999999999
1 186 307 -1514.47
1 186 310 -757.2339999999999
1 188 262 -757.2339999999999
1 188 294 -757.2339999999999
1 188 295 -757.2339999999999
1 189 295 -757.2339999999999
1 189 309 -757.2339999999999
1 190 307 -757.2339999999999
1 190 308 -757.2339999999999
1 190 324 -757.2339999999999
1 191 292 -1514.47
1 191 304 -757.2339999999999
1 191 305 -757.2339999999999
1 192 258 -757.2339999999999
1 192 284 -757.2339999999999
1 192 304 -757.2339999999999
1 192 316 -757.2339999999999
1 192 319 -757.2339999999999
1 193 262 -757.2339999999999
1 193 301 -757.2339999999999
1 193 311 -757.2339999999999
1 193 313 -1514.47
1 194 284 -757.2339999999999
1 194 313 -757.2339999999999
1 195 269 -757.2339999999999
1 195 287 -757.2339999999999
1 195 289 -757.2339999999999
1 195 300 -757.2339999999999
1 195 311 -757.2339999999999
1 195 313 -757.2339999999999
1 196 269 -757.2339999999999
1 196 275 -757.2339999999999
1 196 303 -757.2339999999999
1 196 324 -757.2339999999999
1 196 333 -757.2339999999999
1 197 264 -757.2339999999999
1 197 283 -757.2339999999999
1 197 300 -757.2339999999999
1 197 322 -757.2339999999999
1 197 325 -757.2339999999999
1 198 242 -757.2339999999999
1 198 276 -1514.47
1 198 309 -757.2339999999999
1 198 311 -757.2339999999999
1 199 283 -757.2339999999999
1 199 311 -757.2339999999999
1 199 324 -757.2339999999999
1 200 280 -757.2339999999999
1 200 286 -757.2339999999999
1 200 296 -757.2339999999999
1 200 299 -757.2339999999999
1 200 306 -757.2339999999999
1 200 307 -757.2339999999999
1 200 312 -757.2339999999999
1 200 343 -757.2339999999999
1 200 345 -757.2339999999999
1 201 257 -757.2339999999999
1 202 280 -757.2339999999999
1 202 287 -757.2339999999999
1 202 297 -757.2339999999999
1 202 301 -757.2339999999999
1 202 302 -757.2339999999999
1 203 215 -757.2339999999999
1 203 304 -757.2339999999999
1 203 305 -757.2339999999999
1 203 309 -757.2339999999999
1 203 315 -757.2339999999999
1 205 263 -757.2339999999999
1 205 303 -757.2339999999999
1 205 304 -757.2339999999999
1 205 317 -757.2339999999999
1 205 318 -757.2339999999999
1 205 319 -757.2339999999999
1 206 264 -757.2339999999999
1 206 270 -757.2339999999999
1 206 301 -757.2339999999999
1 206 304 -757.2339999999999
1 206 315 -757.2339999999999
1 206 317 -1514.47
1 207 262 -757.2339999999999
1 207 300 -757.2339999999999
1 207 301 -1514.47
1 207 303 -757.2339999999999
1 207 304 -757.2339999999999
1 207 306 -1514.47
1 207 315 -757.2339999999999
1 207 317 -757.2339999999999
1 208 298 -1514.47
1 208 299 -1514.47
1 208 306 -757.2339999999999
1 208 317 -757.2339999999999
1 208 328 -757.2339999999999
1 209 284 -757.2339999999999
1 209 297 -757.2339999999999
1 209 302 -757.2339999999999
1 210 284 -757.2339999999999
1 210 301 -757.2339999999999
1 210 302 -757.2339999999999
1 210 342 -757.2339999999999
1 211 301 -757.2339999999999
1 211 321 -757.2339999999999
1 212 295 -757.2339999999999
1 212 347 -757.2339999999999
1 213 226 -757.2339999999999
1 213 287 -757.2339999999999
1 213 303 -757.2339999999999
1 213 329 -757.2339999999999
1 214 319 -757.2339999999999
1 215 289 -757.2339999999999
1 215 311 -757.2339999999999
1 215 353 -757.2339999999999
1 216 323 -757.2339999999999
1 216 341 -757.2339999999999
1 217 244 -757.2339999999999
1 217 249 -757.2339999999999
1 217 351 -757.2339999999999
1 218 209 -757.2339999999999
1 218 243 -757.2339999999999
1 218 292 -757.2339999999999
1 218 345 -1514.47
1 221 240 -757.2339999999999
1 221 611 -757.2339999999999
1 222 254 -757.2339999999999
1 222 362 -757.2339999999999
1 224 338 -757.2339999999999
1 224 359 -757.2339999999999
1 225 323 -757.2339999999999
1 225 329 -757.2339999999999
1 225 332 -757.2339999999999
1 225 368 -757.2339999999999
1 225 373 -757.2339999999999
1 225 378 -757.2339999999999
1 225 382 -1514.47
1 226 323 -757.2339999999999
1 226 388 -1514.47
1 226 618 -757.2339999999999
1 227 315 -757.2339999999999
1 228 606 -757.2339999999999
1 229 385 -1514.47
1 229 392 -757.2339999999999
1 229 393 -757.2339999999999
1 229 397 -3028.93
1 229 618 -3786.17
1 230 338 -757.2339999999999
1 230 373 -1514.47
1 230 384 -757.2339999999999
1 230 392 -1514.47
1 230 393 -3028.93
1 230 396 -757.2339999999999
1 230 605 -757.2339999999999
1 231 343 -757.2339999999999
1 231 383 -757.2339999999999
1 231 392 -3786.17
1 231 393 -8329.57
1 231 398 -757.2339999999999
1 231 603 -757.2339999999999
1 231 607 -1514.47
1 232 259 -757.2339999999999
1 232 300 -757.2339999999999
1 232 384 -757.2339999999999
1 232 389 -757.2339999999999
1 232 393 -4543.4
1 232 394 -3028.93
1 232 405 -757.2339999999999
1 232 604 -1514.47
1 232 606 -1514.47
1 232 607 -2271.7
1 232 608 -757.2339999999999
1 233 373 -757.2339999999999
1 233 393 -757.2339999999999
1 233 403 -757.2339999999999
1 233 406 -3028.93
1 233 601 -1514.47
1 233 602 -757.2339999999999
1 234 374 -757.2339999999999
1 234 388 -757.2339999999999
1 234 389 -757.2339999999999
1 234 406 -2271.7
1 234 407 -1514.47
1 234 601 -757.2339999999999
1 234 602 -1514.47
1 234 603 -2271.7
1 234 604 -757.2339999999999
1 234 605 -1514.47
1 234 606 -757.2339999999999
1 234 609 -757.2339999999999
1 234 620 -757.2339999999999
1 234 621 -757.2339999999999
1 235 342 -757.2339999999999
1 235 368 -757.2339999999999
1 235 389 -757.2339999999999
1 235 392 -757.2339999999999
1 235 404 -757.2339999999999
1 235 406 -757.2339999999999
1 235 599 -757.2339999999999
1 235 600 -1514.47
1 235 602 -2271.7
1 235 603 -757.2339999999999
1 235 606 -757.2339999999999
1 235 608 -757.2339999999999
1 236 256 -757.2339999999999
1 236 359 -757.2339999999999
1 236 377 -1514.47
1 236 378 -757.2339999999999
1 236 389 -1514.47
1 236 600 -757.2339999999999
1 236 601 -757.2339999999999
1 236 602 -1514.47
1 236 605 -757.2339999999999
1 236 606 -757.2339999999999
1 236 607 -757.2339999999999
1 236 620 -757.2339999999999
1 237 330 -757.2339999999999
1 237 377 -757.2339999999999
1 237 384 -757.2339999999999
1 237 388 -757.2339999999999
1 237 605 -1514.47
1 237 606 -2271.7
1 237 607 -1514.47
1 237 608 -3786.17
1 237 609 -2271.7
1 237 620 -757.2339999999999
1 238 346 -757.2339999999999
1 238 391 -757.2339999999999
1 238 410 -757.2339999999999
1 238 602 -757.2339999999999
1 238 603 -757.2339999999999
1 238 606 -3786.17
1 238 607 -4543.4
1 238 608 -3028.93
1 238 610 -757.2339999999999
1 239 297 -757.2339999999999
1 239 323 -757.2339999999999
1 239 404 -757.2339999999999
1 239 601 -757.2339999999999
1 239 603 -757.2339999999999
1 239 607 -1514.47
1 239 608 -3028.93
1 239 609 -2271.7
1 239 610 -1514.47
1 239 615 -1514.47
1 240 267 -757.2339999999999
1 240 319 -757.2339999999999
1 240 327 -757.2339999999999
1 240 352 -757.2339999999999
1 240 374 -1514.47
1 240 392 -1514.47
1 240 396 -757.2339999999999
1 240 406 -757.2339999999999
1 240 603 -757.2339999999999
1 240 605 -2271.7
1 240 606 -3028.93
1 240 607 -1514.47
1 240 620 -1514.47
1 240 621 -757.2339999999999
1 241 339 -757.2339999999999
1 241 352 -757.2339999999999
1 241 370 -1514.47
1 241 375 -757.2339999999999
1 241 409 -757.2339999999999
1 241 577 -757.2339999999999
1 241 603 -1514.47
1 241 605 -2271.7
1 241 606 -1514.47
1 241 607 -1514.47
1 241 608 -1514.47
1 241 609 -3786.17
1 241 610 -757.2339999999999
1 241 611 -757.2339999999999
1 241 620 -757.2339999999999
1 241 621 -757.2339999999999
1 242 314 -757.2339999999999
1 242 318 -757.2339999999999
1 242 336 -757.2339999999999
1 242 338 -757.2339999999999
1 242 339 -757.2339999999999
1 242 373 -2271.7
1 242 374 -4543.4
1 242 406 -1514.47
1 242 603 -1514.47
1 242 604 -5300.64
1 242 605 -6815.1
1 242 606 -2271.7
1 242 607 -3786.17
1 242 608 -3786.17
1 242 609 -2271.7
1 242 610 -2271.7
1 242 616 -757.2339999999999
1 242 622 -757.2339999999999
1 242 623 -2271.7
1 243 366 -757.2339999999999
1 243 369 -757.2339999999999
1 243 372 -1514.47
1 243 373 -6057.87
1 243 374 -2271.7
1 243 386 -757.2339999999999
1 243 391 -757.2339999999999
1 243 405 -757.2339999999999
1 243 406 -757.2339999999999
1 243 407 -1514.47
1 243 409 -757.2339999999999
1 243 577 -757.2339999999999
1 243 606 -5300.64
1 243 607 -3786.17
1 243 608 -1514.47
1 243 609 -4543.4
1 243 620 -757.2339999999999
1 243 622 -1514.47
1 243 623 -6057.87
1 244 371 -757.2339999999999
1 244 372 -1514.47
1 244 373 -2271.7
1 244 415 -757.2339999999999
1 244 598 -757.2339999999999
1 244 606 -3028.93
1 244 607 -757.2339999999999
1 244 611 -757.2339999999999
1 244 616 -757.2339999999999
1 244 622 -757.2339999999999
1 244 623 -3028.93
1 244 624 -757.2339999999999
1 245 312 -757.2339999999999
1 245 315 -757.2339999999999
1 245 326 -757.2339999999999
1 245 335 -757.2339999999999
1 245 338 -757.2339999999999
1 245 356 -1514.47
1 245 371 -757.2339999999999
1 245 413 -757.2339999999999
1 245 586 -757.2339999999999
1 245 604 -757.2339999999999
1 245 605 -2271.7
1 245 606 -3786.17
1 245 607 -3028.93
1 245 609 -3786.17
1 245 610 -1514.47
1 245 612 -1514.47
1 245 616 -1514.47
1 245 619 -757.2339999999999
1 245 620 -1514.47
1 245 622 -757.2339999999999
1 246 214 -757.2339999999999
1 246 342 -757.2339999999999
1 246 356 -757.2339999999999
1 246 357 -757.2339999999999
1 246 374 -757.2339999999999
1 246 413 -757.2339999999999
1 246 590 -757.2339999999999
1 246 599 -757.2339999999999
1 246 600 -4543.4
1 246 605 -3028.93
1 246 606 -5300.64
1 246 607 -3028.93
1 246 610 -757.2339999999999
1 246 612 -1514.47
1 246 614 -757.2339999999999
1 246 615 -757.2339999999999
1 246 623 -757.2339999999999
1 247 314 -757.2339999999999
1 247 331 -757.2339999999999
1 247 367 -1514.47
1 247 368 -3786.17
1 247 387 -1514.47
1 247 413 -757.2339999999999
1 247 578 -757.2339999999999
1 247 597 -757.2339999999999
1 247 598 -5300.64
1 247 599 -4543.4
1 247 600 -7572.34
1 247 601 -7572.34
1 247 605 -1514.47
1 247 609 -1514.47
1 247 610 -1514.47
1 247 611 -3028.93
1 247 612 -3028.93
1 247 613 -1514.47
1 247 618 -1514.47
1 247 619 -757.2339999999999
1 247 623 -757.2339999999999
1 248 307 -757.2339999999999
1 248 367 -757.2339999999999
1 248 368 -3028.93
1 248 371 -1514.47
1 248 372 -3786.17
1 248 387 -1514.47
1 248 388 -4543.4
1 248 413 -757.2339999999999
1 248 416 -757.2339999999999
1 248 529 -757.2339999999999
1 248 567 -757.2339999999999
1 248 596 -5300.64
1 248 597 -3786.17
1 248 598 -7572.34
1 248 599 -4543.4
1 248 600 -3028.93
1 248 601 -4543.4
1 248 602 -2271.7
1 248 605 -757.2339999999999
1 248 608 -757.2339999999999
1 248 609 -1514.47
1 248 610 -2271.7
1 248 611 -4543.4
1 248 612 -4543.4
1 248 613 -5300.64
1 248 618 -757.2339999999999
1 248 619 -757.2339999999999
1 248 620 -757.2339999999999
1 248 623 -1514.47
1 249 333 -757.2339999999999
1 249 334 -757.2339999999999
1 249 365 -1514.47
1 249 366 -2271.7
1 249 367 -757.2339999999999
1 249 368 -2271.7
1 249 371 -757.2339999999999
1 249 387 -757.2339999999999
1 249 388 -757.2339999999999
1 249 400 -757.2339999999999
1 249 412 -757.2339999999999
1 249 567 -757.2339999999999
1 249 593 -1514.47
1 249 595 -4543.4
1 249 596 -5300.64
1 249 597 -8329.57
1 249 603 -2271.7
1 249 604 -6057.87
1 249 605 -3786.17
1 249 607 -3028.93
1 249 609 -757.2339999999999
1 249 610 -1514.47
1 249 611 -3786.17
1 249 612 -6815.1
1 249 613 -1514.47
1 249 618 -757.2339999999999
1 249 623 -757.2339999999999
1 250 331 -757.2339999999999
1 250 355 -757.2339999999999
1 250 365 -1514.47
1 250 366 -3786.17
1 250 367 -2271.7
1 250 368 -757.2339999999999
1 250 369 -1514.47
1 250 370 -1514.47
1 250 371 -4543.4
1 250 382 -757.2339999999999
1 250 406 -757.2339999999999
1 250 413 -757.2339999999999
1 250 414 -757.2339999999999
1 250 423 -757.2339999999999
1 250 436 -757.2339999999999
1 250 568 -757.2339999999999
1 250 579 -757.2339999999999
1 250 591 -757.2339999999999
1 250 594 -757.2339999999999
1 250 596 -6057.87
1 250 597 -1514.47
1 250 602 -757.2339999999999
1 250 603 -5300.64
1 250 604 -4543.4
1 250 605 -3028.93
1 250 607 -757.2339999999999
1 250 608 -2271.7
1 250 609 -757.2339999999999
1 250 610 -757.2339999999999
1 250 613 -757.2339999999999
1 251 276 -757.2339999999999
1 251 322 -757.2339999999999
1 251 365 -2271.7
1 251 366 -6815.1
1 251 367 -1514.47
1 251 368 -1514.47
1 251 371 -757.2339999999999
1 251 379 -757.2339999999999
1 251 407 -757.2339999999999
1 251 414 -757.2339999999999
1 251 424 -757.2339999999999
1 251 598 -757.2339999999999
1 251 604 -757.2339999999999
1 251 605 -757.2339999999999
1 251 607 -757.2339999999999
1 251 610 -757.2339999999999
1 252 236 -757.2339999999999
1 252 365 -2271.7
1 252 366 -5300.64
1 252 367 -5300.64
1 252 368 -1514.47
1 252 376 -757.2339999999999
1 252 412 -757.2339999999999
1 252 416 -757.2339999999999
1 252 428 -757.2339999999999
1 252 506 -757.2339999999999
1 252 507 -757.2339999999999
1 252 528 -757.2339999999999
1 252 534 -757.2339999999999
1 252 544 -757.2339999999999
1 252 576 -757.2339999999999
1 252 591 -1514.47
1 252 596 -1514.47
1 252 597 -1514.47
1 252 598 -757.2339999999999
1 252 599 -1514.47
1 252 608 -1514.47
1 252 609 -757.2339999999999
1 252 611 -757.2339999999999
1 252 620 -757.2339999999999
1 253 259 -757.2339999999999
1 253 342 -757.2339999999999
1 253 363 -757.2339999999999
1 253 365 -1514.47
1 253 366 -4543.4
1 253 367 -3028.93
1 253 370 -757.2339999999999
1 253 375 -1514.47
1 253 404 -757.2339999999999
1 253 433 -1514.47
1 253 506 -757.2339999999999
1 253 543 -757.2339999999999
1 253 546 -757.2339999999999
1 253 547 -757.2339999999999
1 253 566 -757.2339999999999
1 253 586 -1514.47
1 253 596 -757.2339999999999
1 253 597 -3028.93
1 253 601 -757.2339999999999
1 253 604 -757.2339999999999
1 253 605 -757.2339999999999
1 253 614 -2271.7
1 254 366 -1514.47
1 254 478 -757.2339999999999
1 254 581 -757.2339999999999
1 254 584 -757.2339999999999
1 254 585 -4543.4
1 254 586 -3786.17
1 254 587 -2271.7
1 254 588 -2271.7
1 254 589 -3028.93
1 254 598 -757.2339999999999
1 254 599 -757.2339999999999
1 254 601 -1514.47
1 254 604 -1514.47
1 254 605 -757.2339999999999
1 254 606 -757.2339999999999
1 254 611 -757.2339999999999
1 255 341 -757.2339999999999
1 255 346 -757.2339999999999
1 255 371 -757.2339999999999
1 255 402 -757.2339999999999
1 255 442 -757.2339999999999
1 255 445 -757.2339999999999
1 255 461 -757.2339999999999
1 255 479 -757.2339999999999
1 255 512 -757.2339999999999
1 255 513 -757.2339999999999
1 255 526 -757.2339999999999
1 255 547 -757.2339999999999
1 255 548 -757.2339999999999
1 255 565 -757.2339999999999
1 255 583 -2271.7
1 255 584 -3028.93
1 255 585 -3028.93
1 255 586 -3028.93
1 255 587 -1514.47
1 255 588 -757.2339999999999
1 255 591 -757.2339999999999
1 255 594 -757.2339999999999
1 255 597 -757.2339999999999
1 255 600 -1514.47
1 255 607 -757.2339999999999
1 256 346 -757.2339999999999
1 256 350 -757.2339999999999
1 256 367 -757.2339999999999
1 256 373 -757.2339999999999
1 256 374 -757.2339999999999
1 256 491 -757.2339999999999
1 256 526 -757.2339999999999
1 256 531 -2271.7
1 256 532 -757.2339999999999
1 256 547 -757.2339999999999
1 256 548 -1514.47
1 256 549 -757.2339999999999
1 256 575 -757.2339999999999
1 256 578 -1514.47
1 256 580 -757.2339999999999
1 256 584 -2271.7
1 256 585 -1514.47
1 256 592 -1514.47
1 256 594 -5300.64
1 256 595 -3028.93
1 256 607 -3028.93
1 256 608 -1514.47
1 256 609 -757.2339999999999
1 257 330 -757.2339999999999
1 257 461 -757.2339999999999
1 257 497 -757.2339999999999
1 257 503 -757.2339999999999
1 257 506 -757.2339999999999
1 257 512 -757.2339999999999
1 257 527 -2271.7
1 257 529 -757.2339999999999
1 257 532 -757.2339999999999
1 257 549 -757.2339999999999
1 257 574 -757.2339999999999
1 257 575 -2271.7
1 257 584 -2271.7
1 257 585 -2271.7
1 257 593 -1514.47
1 257 594 -6057.87
1 257 595 -3028.93
1 257 597 -1514.47
1 257 606 -5300.64
1 257 607 -757.2339999999999
1 258 307 -757.2339999999999
1 258 330 -757.2339999999999
1 258 366 -757.2339999999999
1 258 485 -1514.47
1 258 489 -1514.47
1 258 491 -757.2339999999999
1 258 493 -757.2339999999999
1 258 494 -757.2339999999999
1 258 496 -757.2339999999999
1 258 497 -757.2339999999999
1 258 498 -2271.7
1 258 499 -1514.47
1 258 502 -757.2339999999999
1 258 503 -757.2339999999999
1 258 529 -1514.47
1 258 531 -757.2339999999999
1 258 532 -757.2339999999999
1 258 533 -1514.47
1 258 535 -757.2339999999999
1 258 546 -757.2339999999999
1 258 550 -757.2339999999999
1 258 556 -1514.47
1 258 564 -757.2339999999999
1 258 576 -757.2339999999999
1 258 583 -757.2339999999999
1 258 584 -2271.7
1 258 586 -2271.7
1 258 594 -2271.7
1 258 606 -3786.17
1 258 607 -757.2339999999999
1 259 346 -757.2339999999999
1 259 369 -1514.47
1 259 402 -757.2339999999999
1 259 444 -757.2339999999999
1 259 456 -757.2339999999999
1 259 485 -757.2339999999999
1 259 486 -757.2339999999999
1 259 488 -757.2339999999999
1 259 489 -757.2339999999999
1 259 490 -1514.47
1 259 509 -1514.47
1 259 510 -757.2339999999999
1 259 522 -757.2339999999999
1 259 528 -757.2339999999999
1 259 529 -757.2339999999999
1 259 531 -757.2339999999999
1 259 532 -757.2339999999999
1 259 545 -757.2339999999999
1 259 549 -757.2339999999999
1 259 554 -1514.47
1 259 555 -1514.47
1 259 556 -2271.7
1 259 557 -2271.7
1 259 575 -3028.93
1 259 576 -757.2339999999999
1 259 579 -757.2339999999999
1 259 584 -757.2339999999999
1 259 585 -3028.93
1 259 586 -1514.47
1 260 369 -1514.47
1 260 404 -1514.47
1 260 443 -757.2339999999999
1 260 454 -757.2339999999999
1 260 485 -757.2339999999999
1 260 486 -1514.47
1 260 487 -757.2339999999999
1 260 492 -757.2339999999999
1 260 499 -757.2339999999999
1 260 502 -1514.47
1 260 517 -757.2339999999999
1 260 527 -757.2339999999999
1 260 545 -2271.7
1 260 548 -757.2339999999999
1 260 554 -757.2339999999999
1 260 556 -757.2339999999999
1 260 567 -757.2339999999999
1 260 576 -757.2339999999999
1 260 577 -757.2339999999999
1 261 397 -757.2339999999999
1 261 404 -757.2339999999999
1 261 444 -757.2339999999999
1 261 483 -757.2339999999999
1 261 487 -757.2339999999999
1 261 501 -757.2339999999999
1 261 502 -757.2339999999999
1 261 545 -757.2339999999999
1 261 551 -757.2339999999999
1 261 552 -757.2339999999999
1 261 565 -757.2339999999999
1 262 254 -757.2339999999999
1 262 353 -1514.47
1 262 369 -757.2339999999999
1 262 425 -757.2339999999999
1 262 443 -757.2339999999999
1 262 458 -757.2339999999999
1 262 483 -1514.47
1 262 493 -757.2339999999999
1 262 501 -757.2339999999999
1 262 502 -757.2339999999999
1 262 523 -757.2339999999999
1 262 524 -757.2339999999999
1 262 535 -757.2339999999999
1 262 536 -757.2339999999999
1 262 537 -757.2339999999999
1 262 542 -757.2339999999999
1 262 546 -757.2339999999999
1 262 584 -757.2339999999999
1 262 587 -757.2339999999999
1 263 355 -757.2339999999999
1 263 415 -757.2339999999999
1 263 484 -757.2339999999999
1 263 493 -757.2339999999999
1 263 509 -757.2339999999999
1 263 522 -757.2339999999999
1 263 523 -1514.47
1 263 524 -1514.47
1 263 541 -1514.47
1 263 542 -757.2339999999999
1 263 543 -757.2339999999999
1 263 546 -1514.47
1 263 576 -757.2339999999999
1 263 579 -757.2339999999999
1 263 581 -3028.93
1 264 369 -757.2339999999999
1 264 379 -757.2339999999999
1 264 481 -757.2339999999999
1 264 482 -757.2339999999999
1 264 493 -757.2339999999999
1 264 503 -757.2339999999999
1 264 504 -757.2339999999999
1 264 516 -757.2339999999999
1 264 521 -2271.7
1 264 527 -757.2339999999999
1 264 543 -3028.93
1 264 568 -757.2339999999999
1 264 575 -757.2339999999999
1 264 576 -1514.47
1 265 336 -757.2339999999999
1 265 367 -1514.47
1 265 457 -757.2339999999999
1 265 459 -757.2339999999999
1 265 511 -757.2339999999999
1 265 516 -757.2339999999999
1 265 520 -757.2339999999999
1 265 524 -757.2339999999999
1 265 568 -1514.47
1 266 314 -757.2339999999999
1 266 413 -757.2339999999999
1 266 456 -757.2339999999999
1 266 478 -757.2339999999999
1 266 481 -757.2339999999999
1 266 483 -757.2339999999999
1 266 484 -757.2339999999999
1 266 485 -757.2339999999999
1 266 492 -757.2339999999999
1 266 498 -757.2339999999999
1 266 505 -757.2339999999999
1 266 518 -757.2339999999999
1 266 523 -757.2339999999999
1 266 543 -757.2339999999999
1 266 545 -757.2339999999999
1 266 549 -757.2339999999999
1 266 555 -757.2339999999999
1 267 337 -757.2339999999999
1 267 365 -757.2339999999999
1 267 381 -757.2339999999999
1 267 459 -757.2339999999999
1 267 460 -1514.47
1 267 505 -757.2339999999999
1 267 507 -757.2339999999999
1 267 543 -757.2339999999999
1 267 544 -1514.47
1 267 549 -757.2339999999999
1 267 553 -2271.7
1 267 562 -757.2339999999999
1 268 507 -1514.47
1 268 540 -757.2339999999999
1 268 541 -757.2339999999999
1 268 542 -1514.47
1 268 543 -3028.93
1 268 544 -1514.47
1 268 549 -757.2339999999999
1 268 551 -757.2339999999999
1 268 552 -757.2339999999999
1 268 553 -757.2339999999999
1 269 362 -757.2339999999999
1 269 505 -1514.47
1 269 507 -757.2339999999999
1 269 528 -757.2339999999999
1 269 543 -757.2339999999999
1 269 547 -1514.47
1 270 474 -757.2339999999999
1 270 475 -1514.47
1 270 479 -757.2339999999999
1 270 491 -757.2339999999999
1 270 504 -757.2339999999999
1 270 507 -757.2339999999999
1 270 526 -757.2339999999999
1 271 375 -757.2339999999999
1 271 388 -757.2339999999999
1 271 479 -757.2339999999999
1 271 481 -757.2339999999999
1 271 487 -757.2339999999999
1 271 491 -757.2339999999999
1 271 526 -757.2339999999999
1 272 469 -757.2339999999999
1 272 493 -757.2339999999999
1 272 495 -1514.47
1 272 496 -757.2339999999999
1 272 502 -757.2339999999999
1 272 526 -2271.7
1 273 441 -757.2339999999999
1 273 462 -757.2339999999999
1 273 526 -757.2339999999999
1 275 463 -757.2339999999999
1 275 480 -757.2339999999999
1 275 502 -757.2339999999999
1 275 504 -757.2339999999999
1 276 502 -757.2339999999999
1 277 393 -757.2339999999999
1 279 459 -757.2339999999999
1 280 563 -757.2339999999999
1 282 434 -757.2339999999999
1 282 435 -757.2339999999999
1 283 461 -757.2339999999999
1 283 482 -757.2339999999999
1 283 483 -757.2339999999999
1 285 437 -757.2339999999999
1 285 482 -757.2339999999999
1 285 483 -757.2339999999999
1 286 377 -757.2339999999999
1 286 464 -757.2339999999999
1 288 469 -757.2339999999999
1 289 362 -757.2339999999999
1 289 443 -757.2339999999999
1 292 358 -757.2339999999999
1 293 390 -2271.7
1 293 391 -757.2339999999999
1 296 390 -757.2339999999999
1 301 359 -757.2339999999999
1 301 378 -757.2339999999999
1 85 106 -757.2339999999999
1 92 112 -1514.47
1 93 117 -757.2339999999999
1 97 89 -757.2339999999999
1 98 101 -757.2339999999999
1 99 126 -757.2339999999999
1 99 136 -757.2339999999999
1 147 119 -3775.2
1 148 187 -13213.2
1 150 114 -4065.6
1 153 113 -10890.0
1 156 158 -11761.2
1 157 160 -9728.4
1 167 186 -8131.2
1 170 169 -52272.0
1 197 280 -20037.6
1 199 225 -15100.8
1 234 285 -11616.0
1 244 234 -41962.8
1 259 541 -290.4
1 265 469 -290.4
1 267 479 -2904.0
1 271 361 -4054.55
1 272 454 -43.59
1 285 433 -2758.8
1 291 453 -9678.48
1 299 360 -7550.4
1 109 116 -3339.6
1 131 118 -1016.4
1 132 183 -6679.2
1 140 173 -13939.2
1 141 124 -8131.2
1 142 121 -12487.2
1 155 192 -11325.6
1 157 117 -3630.0
1 158 205 -16552.8
1 164 258 -24974.4
1 169 164 -23377.2
1 172 162 -5517.6
1 172 163 -5517.6
1 172 164 -5517.6
1 173 196 -145.2
1 175 213 -26571.6
1 195 280 -18295.2
1 203 296 -1742.4
1 226 358 -6431.3
1 247 335 -15536.4
1 256 333 -3920.4
1 265 349 -8566.8
1 267 346 -6969.6
1 271 470 -1887.6
1 274 431 -2267020.0
1 280 367 -12632.4
1 285 357 -11761.2
1 289 374 -726.0
1 293 378 -9292.8
1 299 335 -205603.0
1 143 152 -13213.2
1 144 130 -3194.4
1 151 143 -5372.4
1 152 177 -5808.0
1 153 212 -15536.4
1 154 128 -290.4
1 159 188 -15536.4
1 161 161 -9147.6
1 162 171 -145.2
1 167 163 -14084.4
1 175 178 -1597.2
1 176 128 -2032.8
1 188 287 -1161.6
1 189 206 -75504.0
1 201 279 -29475.6
1 221 294 -19166.4
1 221 361 -726.0
1 222 252 -7260.0
1 224 273 -23086.8
1 225 248 -3920.4
1 226 361 -15681.6
1 234 319 -20182.8
1 235 317 -20182.8
1 237 292 -12446.5
1 238 244 -10018.8
1 248 238 -49222.8
1 248 331 -7695.6
1 256 342 -5808.0
1 266 345 -15826.8
1 271 268 -32379.6
1 274 278 -8712.0
1 289 355 -3484.8
1 295 392 -3194.4
1 296 391 -6098.4
1 296 393 -7840.8
1 140 166 -34122.0
1 144 186 -4210.8
1 146 150 -21054.0
1 147 148 -5953.2
1 149 124 -435.6
1 149 202 -11470.8
1 150 186 -87700.8
1 151 211 -4210.8
1 152 180 -85813.2
1 158 173 -3194.4
1 164 124 -435.6
1 165 167 -6388.8
1 170 115 -10309.2
1 171 125 -145.2
1 176 222 -3775.2
1 184 210 -13648.8
1 189 288 -2468.4
1 206 280 -6534.0
1 209 281 -47425.1
1 210 249 -11325.6
1 211 263 -14955.6
1 211 296 -8712.0
1 219 272 -4210.8
1 221 302 -871.2
1 221 317 -19456.8
1 224 287 -13503.6
1 230 352 -24103.2
1 231 270 -5517.6
1 231 347 -4646.4
1 235 295 -10164.0
1 236 342 -14665.2
1 236 344 -6243.6
1 240 330 -12051.6
1 240 337 -14084.4
1 240 357 -14665.2
1 244 333 -5158.6
1 246 332 -5517.6
1 246 337 -18004.8
1 251 334 -18440.4
1 258 343 -726.0
1 258 345 -3775.2
1 260 345 -4210.8
1 261 340 -5227.2
1 262 286 -3484.8
1 262 361 -64468.8
1 263 344 -8131.2
1 263 350 -1452.0
1 267 321 -8857.2
1 267 428 -58463.0
1 269 365 -1161.6
1 270 361 -14955.6
1 271 355 -9873.6
1 271 363 -16698.0
1 281 331 -2904.0
1 284 333 -3339.6
1 289 371 -9873.6
1 290 371 -9147.6
1 291 365 -5082.0
1 296 358 -150282.0
1 297 356 -8712.0
1 297 391 -9438.0
1 299 347 -2032.8
1 125 93 -9583.2
1 142 117 -19021.2
1 142 169 -4501.2
1 145 116 -6098.4
1 146 146 -4501.2
1 152 213 -6824.4
1 155 116 -4936.8
1 156 214 -4791.6
1 161 185 -25119.6
1 163 186 -1887.6
1 166 203 -726.0
1 168 216 -7550.4
1 183 232 -17133.6
1 192 232 -29040.0
1 193 235 -19166.4
1 201 310 -871.2
1 211 195 -1452.0
1 215 261 -13939.2
1 221 339 -15826.8
1 222 324 -7695.6
1 226 354 -10599.6
1 230 358 -4646.4
1 232 347 -6388.8
1 233 341 -7695.6
1 242 618 -4501.2
1 248 344 -13648.8
1 263 345 -18585.6
1 263 427 -145.2
1 263 570 -12051.6
1 264 348 -4646.4
1 265 414 -145.2
1 268 366 -1161.6
1 286 302 -871.2
1 292 360 -4501.2
1 293 357 -7550.4
1 297 439 -1055810.0
1 132 120 -2758.8
1 134 124 -15246.0
1 135 122 -6388.8
1 145 166 -3339.6
1 148 119 -5662.8
1 150 121 -28894.8
1 150 127 -2468.4
1 152 118 -14665.2
1 153 123 -14955.6
1 185 168 -5808.0
1 189 126 -197036.0
1 224 257 -5662.8
1 230 223 -29330.4
1 260 332 -1452.0
1 260 337 -1016.4
1 276 358 -9438.0
1 281 445 -435.6
1 282 357 -145.2
1 137 168 -11180.4
1 149 213 -16552.8
1 192 197 -22506.0
1 202 228 -4210.8
1 210 253 -11180.4
1 217 236 -10309.2
1 245 324 -1016.4
1 270 480 -145.2
1 291 354 -871.2
1 145 131 -7840.8
1 148 166 -9292.8
1 151 118 -4356.0
1 153 116 -2468.4
1 158 114 -1887.6
1 188 197 -7840.8
1 188 204 -8421.6
1 206 169 -1306.8
1 206 281 -1161.6
1 208 226 -181936.0
1 211 266 -42813.5
1 213 276 -11732.7
1 214 274 -15326.0
1 220 278 -142714.0
1 232 398 -1016.4
1 233 375 -1742.4
1 239 385 -2646.95
1 239 406 -283.6
1 239 416 -6.67
1 241 238 -5662.8
1 245 408 -5953.2
1 246 320 -2468.4
1 248 454 -726.0
1 259 351 -4001.31
1 265 360 -23411.3
1 269 360 -8216.91
1 272 360 -13068.0
1 273 521 -12777.6
1 274 327 -3339.6
1 274 521 -1742.4
1 275 465 -179.86
1 280 371 -1452.0
1 290 322 -19892.4
1 294 354 -115395.0
1 147 183 -5808.0
1 205 310 -580.8
1 257 342 -3339.6
1 201 251 -11616.0
1 201 301 -2468.4
1 251 286 -2032.8
1 261 570 -12051.6
1 264 441 -145.2
1 144 132 -145.2
1 135 160 -4210.8
1 136 173 -1887.6
1 144 189 -5372.4
1 156 131 -145.2
1 161 179 -27297.6
1 164 169 -2468.4
1 186 209 -32524.8
1 204 300 -42.88
1 225 242 -9873.6
1 226 375 -155727.0
1 235 420 -8421.6
1 238 302 -5227.2
1 242 355 -179.86
1 245 406 -1161.6
1 247 591 -1597.2
1 248 590 -1597.2
1 248 593 -1597.2
1 251 614 -1225.53
1 255 333 -5808.0
1 256 443 -194.63
1 258 339 -1222.73
1 258 416 -385.68
1 267 354 -290.4
1 267 554 -290.4
1 270 476 -1452.0
1 273 477 -5227.2
1 273 523 -121968.0
1 274 506 -871.2
1 275 479 -15826.8
1 280 458 -971.47
1 297 388 -1200.05
1 298 384 -132.09
1 204 299 -580.8
1 221 300 -2032.8
1 140 116 -2032.8
1 134 167 -9147.6
1 160 117 -4356.0
1 197 298 -27.16
1 226 330 -17948.9
1 237 406 -2555.18
1 244 430 -1306.8
1 247 342 -125.78
1 253 427 -1436.13
1 253 443 -570.31
1 254 398 -234.17
1 254 442 -2649.99
1 254 444 -442.62
1 254 445 -48.95
1 256 445 -1233.28
1 259 345 -435.6
1 261 369 -1828.75
1 262 555 -145.2
1 263 448 -145.2
1 270 319 -16578.0
1 271 364 -8857.2
1 271 471 -290.4
1 271 489 -19813.7
1 275 371 -290.4
1 277 386 -435.6
1 289 321 -10018.8
1 262 394 -275479.0
1 167 168 -6388.8
1 157 122 -435.6
1 169 201 -7840.8
1 199 297 -157.35
1 212 315 -201.06
1 214 287 -347.69
1 224 372 -2468.4
1 247 343 -56.22
1 247 590 -1597.2
1 255 446 -605.09
1 261 524 -43277.4
1 261 525 -43277.4
1 268 567 -12051.6
1 276 386 -435.6
1 278 371 -1016.4
1 281 446 -1306.8
1 284 406 -2032.8
1 291 458 -161.04
1 295 390 -32524.8
1 297 387 -871.2
1 257 443 -1643.86
1 162 205 -6679.2
1 244 330 -3194.4
1 248 343 -187.36
1 249 589 -1597.2
1 254 394 -27.63
1 261 362 -20037.6
1 276 469 -145.2
1 282 451 -1016.4
1 134 173 -1887.6
1 145 139 -290.4
1 150 115 -5372.4
1 206 299 -12.74
1 239 305 -1253.05
1 261 461 -290.4
1 233 400 -34993.2
1 117 117 -1887.6
1 178 182 -871.2
1 183 311 -2758.74
1 185 196 -8712.0
1 201 309 -871.2
1 220 175 -8131.2
1 244 355 -16638.8
1 245 261 -14183.5
1 259 512 -435.6
1 260 541 -290.4
1 262 563 -12051.6
1 269 319 -16578.0
1 269 429 -1846.35
1 271 512 -435.6
1 273 506 -435.6
1 290 355 -16492.5
1 264 474 -145.2
1 264 351 -145.2
1 275 383 -7260.0
