1 62 1 3798.3
1 61 2 3770.7
1 60 3 3749.7
1 59 4 3733.5
1 58 5 3721.5
1 57 6 3713.4
1 56 7 3709.2
1 55 8 3709.0
1 54 9 3713.4
1 53 10 3722.5
1 52 11 3736.7
1 51 12 3755.5
1 49 13 3767.8
1 50 13 3777.1
1 48 14 3789.3
1 47 15 3784.5
1 46 16 3776.7
1 45 17 3766.9
1 45 18 3767.6
1 45 19 3768.3
1 44 20 3756.4
1 44 21 3756.2
1 44 22 3755.5
1 44 23 3754.2
1 44 24 3752.2
1 44 25 3749.4
1 44 26 3745.6
1 44 27 3740.7
1 44 28 3734.5
1 44 29 3727.0
1 44 30 3717.9
1 44 31 3707.0
1 44 32 3694.2
1 44 33 3679.1
1 44 34 3661.5
1 44 35 3641.1
1 44 36 3617.4
1 44 37 3589.8
1 44 38 3557.8
1 44 39 3520.3
1 44 40 3476.1
1 44 41 3422.8
1 43 42 3304.0
1 43 43 3265.0
1 43 44 3203.3
1 42 45 3052.1
1 42 46 2997.6
1 40 47 2765.7
1 41 47 2812.0
1 40 48 2729.6
1 40 49 2663.5
1 40 50 2567.6
1 35 78 4859.7
1 35 79 4888.1
1 34 80 4945.1
1 33 81 5025.5
1 32 82 5089.1
1 31 83 5102.5
1 30 84 5114.2
1 29 85 5123.1
1 28 86 5145.4
1 27 87 5164.2
1 26 88 5190.3
1 25 89 5217.8
1 25 90 5254.2
1 24 91 5241.3
1 24 92 5256.5
1 24 93 5293.6
1 24 94 5330.6
1 23 95 5345.7
1 23 96 5386.0
1 23 97 5422.3
1 22 98 5430.3
1 22 99 5471.4
1 22 100 5508.4
1 22 101 5545.7
1 21 102 5566.0
1 21 103 5611.1
1 20 104 5633.2
1 20 105 5675.7
1 19 106 5707.7
1 19 107 5752.1
1 18 108 5788.7
1 18 109 5828.5
1 17 110 5747.7
1 17 111 5758.8
1 17 112 5868.1
1 65 109 6030.5
1 66 109 6027.0
1 67 109 5976.4
1 68 109 5941.6
1 69 109 5951.1
1 62 110 5964.5
1 63 110 6002.2
1 64 110 6023.1
1 70 110 6040.0
1 60 111 5859.4
1 61 111 5880.9
1 71 111 6106.0
1 37 112 5647.1
1 38 112 5707.3
1 39 112 5768.9
1 40 112 5814.4
1 41 112 5851.4
1 42 112 5873.4
1 43 112 5884.6
1 44 112 5893.7
1 45 112 5900.9
1 46 112 5910.4
1 47 112 5919.3
1 48 112 5936.9
1 55 112 5739.6
1 56 112 5761.3
1 57 112 5778.4
1 58 112 5795.2
1 59 112 5810.1
1 72 112 6143.0
1 16 113 5956.8
1 33 113 5631.7
1 34 113 5615.1
1 35 113 5599.2
1 36 113 5578.7
1 49 113 5930.6
1 50 113 5908.4
1 51 113 5855.3
1 52 113 5800.7
1 53 113 5744.1
1 54 113 5707.4
1 73 113 6175.3
1 16 114 6015.9
1 29 114 5721.3
1 30 114 5696.1
1 31 114 5668.3
1 32 114 5633.3
1 74 114 6198.4
1 75 114 6202.5
1 16 115 6072.6
1 25 115 5833.0
1 26 115 5810.2
1 27 115 5781.0
1 28 115 5741.0
1 76 115 6234.3
1 16 116 6127.9
1 21 116 5975.7
1 22 116 5990.6
1 23 116 5903.4
1 24 116 5863.2
1 77 116 6249.5
1 78 116 6247.6
1 79 116 6260.2
1 16 117 6182.1
1 20 117 6023.7
1 80 117 6281.1
1 81 117 6279.2
1 82 117 6258.6
1 83 117 6231.1
1 84 117 6202.0
1 16 118 6219.5
1 17 118 6185.7
1 18 118 6138.6
1 19 118 6085.1
1 85 118 6131.5
1 85 119 6089.7
1 86 120 6072.5
1 86 121 6095.2
1 86 122 6120.0
1 86 123 6137.3
1 86 124 6149.7
1 86 125 6159.3
1 86 126 6166.4
1 86 127 6170.1
1 86 128 6170.7
1 86 129 6169.0
1 86 130 6166.3
1 86 131 6162.1
1 86 132 6155.2
1 86 133 6146.5
1 86 134 6134.7
1 86 135 6118.8
1 86 136 6099.7
1 85 137 6050.6
1 85 138 6037.7
1 84 139 6032.8
1 83 140 6073.8
1 82 141 6157.7
1 82 142 6174.0
1 81 143 6226.7
1 80 144 6287.2
1 79 145 6356.2
1 78 146 6419.8
1 77 147 6487.1
1 76 148 6559.0
1 75 149 6636.4
1 75 150 6700.7
1 75 151 6761.3
1 75 152 6821.9
1 75 153 6868.8
1 76 154 6862.0
1 77 154 6849.2
1 78 154 6839.0
1 79 155 6827.7
1 80 155 6815.1
1 81 156 6797.5
1 82 157 6771.0
1 82 158 6748.6
1 83 158 6734.5
1 84 159 6704.6
1 84 160 6676.8
1 84 161 6652.4
1 84 162 6628.5
1 85 163 6603.4
1 86 164 6574.0
1 87 165 6537.0
1 88 166 6502.2
1 89 167 6468.6
1 90 168 6387.2
1 90 169 6337.2
1 91 170 6269.8
1 92 171 6198.4
1 93 172 6167.7
1 94 173 6141.2
1 94 174 6138.8
1 95 175 6123.4
1 95 176 6109.0
1 95 177 6113.7
1 95 178 6120.7
1 95 179 6126.0
1 96 180 5954.7
1 97 181 5971.7
1 98 182 5989.2
1 99 183 6006.7
1 100 184 6022.5
1 101 185 6037.9
1 102 185 6046.3
1 103 185 6061.9
1 104 186 6096.3
1 105 186 6097.4
1 106 187 6100.6
1 107 188 6096.4
1 108 189 5914.1
1 108 190 5916.1
1 108 191 5917.1
1 108 192 5916.7
1 108 193 5912.5
1 107 194 5707.4
1 107 195 5703.4
1 107 196 5695.6
1 107 197 5685.3
1 107 198 5673.3
1 106 199 5634.9
1 106 200 5622.0
1 105 201 5576.1
1 105 202 5562.9
1 104 203 5522.4
1 104 204 5513.7
1 104 205 5498.7
1 104 206 5477.3
1 104 207 5444.2
1 98 208 5460.6
1 99 208 5470.7
1 100 208 5483.1
1 101 208 5496.0
1 102 208 5513.7
1 103 208 5542.4
1 97 209 5451.3
1 97 210 5450.1
1 97 211 5446.0
1 97 212 5440.7
1 96 213 5424.1
1 95 214 5416.7
1 95 215 5415.4
1 94 216 5408.0
1 94 217 5407.1
1 94 218 5406.4
1 95 219 5410.6
1 96 220 5414.1
1 97 221 5418.0
1 97 222 5416.9
1 98 223 5420.2
1 98 224 5418.8
1 99 225 5422.9
1 99 226 5421.0
1 100 227 5242.1
1 128 227 5398.5
1 129 227 5461.6
1 101 228 5248.0
1 107 228 5142.9
1 108 228 5167.8
1 109 228 5196.4
1 110 228 5228.4
1 111 228 5263.1
1 125 228 5283.4
1 126 228 5309.8
1 127 228 5318.0
1 130 228 5187.6
1 131 228 5194.1
1 132 228 5188.2
1 133 228 5189.3
1 134 228 5195.5
1 135 228 5209.9
1 136 228 5226.9
1 137 228 5240.2
1 138 228 5267.0
1 102 229 5252.8
1 106 229 5280.7
1 112 229 5117.3
1 118 229 5143.6
1 119 229 5162.0
1 120 229 5177.9
1 121 229 5192.0
1 122 229 5203.3
1 123 229 5212.7
1 124 229 5215.2
1 139 229 5340.3
1 103 230 5256.3
1 104 230 5258.9
1 105 230 5261.9
1 113 230 5133.9
1 114 230 5125.4
1 115 230 5121.1
1 116 230 5118.6
1 117 230 5110.7
1 140 230 5307.1
1 139 231 5374.7
1 137 232 5411.3
1 138 232 5410.6
1 136 233 5414.6
1 135 234 5407.4
1 133 235 5374.7
1 134 235 5388.0
1 132 236 5357.8
1 130 237 5314.5
1 131 237 5329.7
1 129 238 5303.3
1 128 239 5287.2
1 127 240 5267.3
1 127 241 5257.5
1 127 242 5244.6
1 128 243 5252.9
1 129 244 5251.2
1 129 245 5238.5
1 130 246 5234.7
1 131 246 5233.6
1 132 246 5236.5
1 133 246 5245.8
1 134 246 5263.2
1 135 246 5289.6
1 136 246 5316.8
1 137 246 5336.8
1 138 246 5358.8
1 139 247 5409.5
1 140 247 5434.0
1 141 247 5471.5
1 142 247 5514.8
1 143 248 5577.8
1 144 249 5671.3
1 144 250 5698.1
1 145 251 5749.9
1 145 252 5775.5
1 145 253 5795.8
1 146 254 5829.1
1 146 255 5826.5
1 146 256 5820.5
1 146 257 5812.6
1 146 258 5802.4
1 146 259 5790.6
1 146 260 5777.2
1 146 261 5764.9
1 146 262 5751.7
1 146 263 5738.5
1 146 264 5728.4
1 146 265 0.0
1 147 266 5482.8
1 147 267 5453.7
1 147 268 5428.8
1 147 269 5389.1
1 147 270 5356.1
1 148 271 5306.0
1 148 272 5279.2
1 148 273 5252.1
1 148 274 5230.3
1 149 274 5215.4
1 149 275 5175.8
1 149 276 5143.6
1 149 277 5091.0
1 149 278 5036.4
1 150 279 5132.7
1 150 280 5087.7
1 150 281 5046.5
1 150 282 5016.2
1 151 283 4932.5
1 151 284 4888.7
1 151 285 4855.4
1 152 286 4761.4
1 152 287 4706.8
1 152 288 4662.5
1 152 289 4628.0
1 153 290 4722.8
1 153 291 4696.3
1 153 292 4704.2
1 154 293 4715.0
1 154 294 4726.6
1 154 295 4736.1
1 154 296 4742.2
1 155 297 4760.1
1 155 298 4763.9
1 156 299 4586.8
1 157 299 4593.1
1 158 299 4602.6
1 159 299 4615.1
1 160 299 4631.1
1 161 299 4650.5
1 162 300 4681.7
1 162 301 4684.5
1 162 302 4683.6
1 162 303 4681.0
1 162 304 4678.3
1 163 305 4857.4
1 163 306 4848.4
1 163 307 4838.6
1 163 308 4829.3
1 163 309 4823.2
1 164 310 5039.4
1 165 311 5081.0
1 166 312 5152.7
1 167 313 5211.3
1 168 314 5244.2
1 168 315 5076.7
1 168 316 5081.0
1 169 316 5088.5
1 169 317 5094.3
1 170 317 5104.1
1 171 318 5105.2
1 171 319 5081.8
1 172 320 5033.9
1 172 321 4986.4
1 172 322 4938.1
1 172 323 4887.1
1 172 324 4847.4
1 173 325 4845.9
1 173 326 4849.5
1 173 327 4851.3
1 174 328 4860.7
1 174 329 4862.3
1 174 330 4863.3
1 175 331 4867.8
1 176 331 4871.8
1 177 331 4877.7
1 178 332 4887.1
1 179 333 4889.7
1 179 334 4886.6
1 179 335 4883.5
1 180 336 4881.0
1 181 337 4872.5
1 181 338 4867.8
1 187 338 4741.0
1 188 338 4762.1
1 189 338 4779.7
1 190 338 4793.4
1 182 339 4858.5
1 186 339 4873.5
1 191 339 4797.0
1 192 339 5216.0
1 182 340 4852.5
1 186 340 4857.8
1 193 340 5215.3
1 182 341 4848.9
1 186 341 4847.8
1 194 341 5215.2
1 195 341 5216.8
1 183 342 4845.3
1 184 342 4845.1
1 185 342 4844.6
1 186 342 4843.5
1 196 342 5216.5
1 196 343 5214.4
1 197 344 5213.3
1 198 345 5210.9
1 199 346 5208.8
1 200 346 5210.4
1 201 346 5212.6
1 202 346 5214.7
1 203 346 5215.5
1 204 346 4537.53
1 205 347 5199.5
1 206 347 5193.3
1 207 348 5398.8
1 207 349 5496.1
1 207 350 5637.0
1 206 351 5696.9
1 205 352 5701.7
1 205 353 5706.2
1 205 354 5711.2
1 206 355 5734.1
1 206 356 5742.3
1 207 357 5767.0
1 208 357 5784.2
1 209 358 5465.4
1 210 359 5522.7
1 211 359 5550.7
1 212 360 5470.5
1 212 361 5507.7
1 208 362 5529.9
1 209 362 5534.6
1 210 362 5541.7
1 211 362 5547.4
1 207 363 5526.1
1 206 364 5520.7
1 206 365 5522.0
1 206 366 5522.2
1 206 367 5521.4
1 206 368 5520.4
1 206 369 5519.2
1 207 369 5525.6
1 208 369 5542.1
1 209 369 5563.8
1 210 369 5588.2
1 211 369 5618.5
1 212 369 5654.9
1 213 369 5699.1
1 214 370 5595.6
1 215 370 5629.4
1 216 372 5626.7
1 214 373 5263.1
1 215 373 5351.3
1 214 374 5220.0
1 213 375 5270.2
1 212 376 5247.8
1 211 377 5194.7
1 211 378 5183.6
1 211 379 5178.1
1 211 380 5180.2
1 211 381 5189.3
1 211 382 5243.7
1 211 383 5293.5
1 212 384 45000.0
1 212 385 45000.0
1 212 386 45000.0
1 212 387 45000.0
1 212 388 45000.0
1 212 389 45000.0
1 212 390 45000.0
1 212 391 45000.0
1 212 392 45000.0
1 212 393 45000.0
1 213 394 45000.0
1 213 395 45000.0
1 213 396 45000.0
1 213 397 45000.0
1 213 398 45000.0
1 213 399 45000.0
1 213 400 45000.0
1 213 401 45000.0
1 213 402 45000.0
1 214 403 45000.0
1 214 404 45000.0
1 214 405 45000.0
1 214 406 45000.0
1 214 407 45000.0
1 214 409 45000.0
1 214 410 45000.0
1 214 411 45000.0
1 214 412 45000.0
1 214 413 45000.0
1 214 414 45000.0
1 214 415 45000.0
1 215 416 45000.0
1 215 417 45000.0
1 227 417 45000.0
1 228 417 45000.0
1 229 417 45000.0
1 216 418 45000.0
1 226 418 45000.0
1 230 418 45000.0
1 217 419 45000.0
1 218 419 45000.0
1 219 419 45000.0
1 220 419 45000.0
1 221 419 45000.0
1 222 419 45000.0
1 223 419 45000.0
1 224 419 45000.0
1 225 419 45000.0
1 229 419 45000.0
1 229 420 45000.0
1 226 421 45000.0
1 227 421 45000.0
1 228 421 45000.0
1 224 422 45000.0
1 225 422 45000.0
1 224 423 45000.0
1 224 424 45000.0
1 225 424 45000.0
1 226 424 45000.0
1 227 424 45000.0
1 228 424 45000.0
1 229 425 45000.0
1 229 426 45000.0
1 229 427 45000.0
1 229 428 45000.0
1 229 429 45000.0
1 228 430 45000.0
1 228 431 45000.0
1 228 432 45000.0
1 228 433 45000.0
1 228 434 45000.0
1 228 435 45000.0
1 229 435 45000.0
1 230 436 45000.0
1 230 437 45000.0
1 230 438 45000.0
1 230 439 45000.0
1 230 440 45000.0
1 230 441 45000.0
1 230 442 45000.0
1 230 443 45000.0
1 230 444 45000.0
1 230 445 45000.0
1 230 446 45000.0
1 230 447 45000.0
1 230 448 45000.0
1 230 449 45000.0
1 230 450 45000.0
1 230 451 45000.0
1 230 452 45000.0
1 230 453 45000.0
1 230 454 45000.0
1 230 455 45000.0
1 230 456 45000.0
1 231 457 45000.0
1 231 458 45000.0
1 231 459 45000.0
1 231 460 45000.0
1 232 461 45000.0
1 232 462 45000.0
1 232 463 45000.0
1 232 464 45000.0
1 233 464 45000.0
1 234 464 45000.0
1 235 464 45000.0
1 236 464 45000.0
1 237 464 45000.0
1 238 464 45000.0
1 239 465 45000.0
1 239 466 45000.0
1 239 467 5337.1
1 238 468 5337.1
1 238 469 5337.1
1 238 470 5337.1
1 239 471 5337.1
1 240 471 5337.1
1 241 472 5337.1
1 242 472 5337.1
1 243 472 5337.1
1 244 473 5337.1
1 245 474 5337.1
1 246 475 5337.1
1 246 476 5337.1
1 246 477 5337.1
1 246 478 5337.1
1 246 479 5337.1
1 246 480 5337.1
1 245 481 5337.1
1 245 482 5337.1
1 244 483 5337.1
1 243 484 5337.1
1 243 485 5337.1
1 243 486 5337.1
1 243 487 5337.1
1 243 488 5337.1
1 243 489 5337.1
1 242 490 5337.1
1 242 491 5337.1
1 241 492 5337.1
1 241 493 5337.1
1 240 494 5337.1
1 239 495 5337.1
1 238 496 5337.1
1 235 497 5337.1
1 236 497 5337.1
1 237 497 5337.1
1 233 498 5337.1
1 234 498 5337.1
1 233 499 5337.1
1 232 500 5337.1
1 231 501 5337.1
1 231 502 5337.1
1 231 503 5337.1
1 231 504 5337.1
1 231 505 5337.1
1 231 506 5337.1
1 231 507 5337.1
1 231 508 5337.1
1 231 509 5337.1
1 231 510 5337.1
1 231 511 5337.1
1 231 512 5337.1
1 231 513 5337.1
1 231 514 5337.1
1 231 515 5337.1
1 232 516 5337.1
1 232 517 5337.1
1 232 518 5337.1
1 233 519 5337.1
1 233 520 5337.1
1 233 521 5337.1
1 234 522 5337.1
1 234 523 5337.1
1 235 524 5337.1
1 235 525 5337.1
1 236 525 5337.1
1 237 525 5337.1
1 238 525 5337.1
1 239 526 5337.1
1 239 527 5337.1
1 240 528 5437.9
1 240 529 5453.1
1 241 530 5519.7
1 241 531 5549.7
1 241 532 5566.6
1 241 533 5578.1
1 241 534 5586.4
1 242 535 5064.8
1 242 536 5076.1
1 243 536 5094.1
1 244 536 5126.6
1 245 536 5155.2
1 246 537 5210.6
1 246 538 5227.7
1 247 539 5267.6
1 248 540 5303.1
1 249 540 5315.2
1 250 540 5331.6
1 251 541 5365.2
1 250 544 5398.8
1 251 544 5401.1
1 245 545 5344.2
1 246 545 5355.4
1 247 545 5374.0
1 248 545 5387.7
1 249 545 5393.2
1 243 546 5317.7
1 244 546 5321.7
1 243 547 5318.4
1 242 548 5314.5
1 242 549 5314.8
1 241 550 5308.6
1 241 551 5306.9
1 240 552 5296.5
1 239 553 5285.5
1 238 554 0.0
1 237 555 5249.9
1 236 556 5248.8
1 236 557 5248.8
1 232 558 5189.1
1 233 558 5186.1
1 234 558 5193.8
1 235 558 5197.3
1 232 559 5201.2
1 231 560 5201.4
1 231 561 5209.8
1 231 562 5216.5
1 231 563 5221.6
1 231 564 5222.9
1 230 565 5389.7
1 230 566 5382.9
1 230 567 5372.0
1 230 568 5359.6
1 215 371 5678.1
1 39 51 6043.2
1 39 52 5967.8
1 38 53 5714.5
1 38 54 5641.8
1 37 55 5375.6
1 36 56 5152.8
1 35 57 4950.0
1 35 58 4889.0
1 35 59 4787.7
1 35 60 8397.7
1 35 61 8262.3
1 35 62 8125.5
1 35 63 7985.2
1 35 64 7841.2
1 35 65 7693.4
1 35 66 7542.6
1 35 67 7395.4
1 35 68 7276.3
1 36 69 10770.0
1 36 70 10502.6
1 36 71 10250.3
1 36 72 10007.1
1 36 73 9772.1
1 36 74 9559.1
1 36 75 9377.7
1 36 76 9287.9
1 36 77 9255.2
1 230 569 5347.0
1 230 570 5333.5
1 230 571 5317.4
1 230 572 5306.0
1 230 573 5316.9
1 230 574 5332.4
1 230 575 5342.6
1 230 576 5344.7
1 230 577 5179.6
1 230 578 5212.8
1 230 579 5245.9
1 230 580 5275.3
1 230 581 5278.4
1 230 582 5283.8
1 230 583 5286.3
1 230 584 5285.4
1 230 585 5282.0
1 230 586 5277.4
1 230 587 5271.3
1 230 588 5267.4
1 229 589 5251.5
1 229 590 5242.2
1 228 591 5219.5
1 228 592 5203.8
1 228 593 5186.5
1 228 594 5164.3
1 227 595 5120.1
1 227 596 5096.9
1 227 597 5068.8
1 227 598 5035.6
1 227 599 4786.4
1 226 600 4700.2
1 226 601 4698.2
1 226 602 4696.9
1 226 603 4697.6
1 225 604 4268.5
1 224 605 4268.5
1 223 606 4290.4
1 222 607 4310.8
1 223 605 4275.0
1 114 114 -8852.52
1 117 120 -769.4889999999999
1 121 111 -138408.0
1 121 113 -112694.0
1 124 115 -26276.5
1 125 116 -76440.8
1 126 120 -55082.3
1 129 121 -14051.6
1 130 122 -628.969
1 133 112 -15456.8
1 135 194 -628.969
1 138 201 -3653.42
1 139 168 -1826.71
1 140 168 -5058.58
1 141 191 -15175.7
1 143 126 -19531.7
1 143 172 -4777.55
1 143 190 -6885.29
1 144 166 -7447.35
1 144 172 -12787.0
1 144 182 -17283.5
1 144 190 -5339.61
1 145 161 -140.52
1 145 164 -140.52
1 146 117 -5761.16
1 146 188 -281.03
1 146 190 -7868.9
1 147 132 -16018.8
1 147 145 -628.969
1 148 167 -11943.9
1 148 176 -628.969
1 148 196 -24590.3
1 149 145 -10257.7
1 149 146 -11100.8
1 150 124 -2810.32
1 150 128 -140.52
1 150 141 -1405.16
1 150 198 -8430.97
1 151 142 -3512.9
1 151 195 -7868.9
1 152 123 -18267.1
1 152 125 -1050.52
1 152 132 -2315.16
1 153 142 -33302.3
1 153 192 -12646.5
1 154 125 -140.52
1 154 171 -4282.39
1 154 249 -2248.26
1 155 112 -11100.8
1 155 129 -6042.19
1 155 141 -34707.5
1 156 129 -144591.0
1 156 146 -14192.1
1 157 116 -7728.39
1 157 135 -11515.6
1 157 140 -31335.1
1 157 251 -3091.35
1 158 133 -5125.49
1 158 137 -9836.13
1 158 181 -38641.9
1 159 119 -49180.6
1 159 173 -19250.7
1 160 119 -5620.65
1 161 125 -1264.65
1 161 129 -140.52
1 161 140 -1967.23
1 162 119 -1826.71
1 162 121 -28946.3
1 162 128 -162999.0
1 162 132 -21639.5
1 162 140 -562.06
1 162 167 -140.52
1 162 169 -1545.68
1 163 138 -2034.13
1 163 139 -140.52
1 164 135 -6182.71
1 164 187 -17283.5
1 165 130 -13630.1
1 165 131 -421.55
1 166 126 -562.06
1 167 259 -140.52
1 168 123 -1545.68
1 168 208 -4637.03
1 169 163 -15737.8
1 170 131 -8852.52
1 170 132 -843.1
1 170 163 -6744.77
1 171 131 -8290.45
1 171 132 -10679.2
1 172 130 -12505.9
1 172 218 -21358.4
1 174 123 -6604.26
1 174 135 -6463.74
1 175 134 -77283.9
1 175 204 -281.03
1 176 176 -4918.06
1 176 202 -2529.29
1 177 133 -29227.3
1 177 211 -7025.81
1 178 164 -28103.2
1 178 261 -9695.61
1 179 181 -29508.4
1 179 183 -10960.3
1 180 208 -33723.9
1 183 184 -27681.7
1 184 246 -1826.71
1 188 198 -11803.3
1 188 209 -10819.7
1 188 240 -3793.94
1 188 258 -3231.87
1 191 191 -56206.4
1 191 281 -3512.9
1 193 256 -702.58
1 193 260 -15294.3
1 197 252 -1124.13
1 198 297 -281.03
1 198 298 -628.969
1 199 211 -17424.0
1 199 231 -1686.19
1 199 298 -628.969
1 200 298 -628.969
1 203 275 -4074.97
1 203 280 -702.58
1 204 248 -15482.1
1 205 300 -652.159
1 206 286 -3424.38
1 206 300 -1257.94
1 210 264 -140.52
1 211 255 -3653.42
1 211 332 -4482.46
1 212 226 -562.06
1 212 258 -6323.23
1 213 264 -281.03
1 213 300 -702.58
1 214 240 -8993.03
1 215 260 -4777.55
1 216 238 -4215.48
1 216 267 -2388.77
1 217 365 -843.1
1 218 179 -28805.8
1 219 310 -281.03
1 221 223 -11381.8
1 221 246 -3372.39
1 221 284 -10245.3
1 222 352 -14675.9
1 222 358 -281.03
1 222 369 -13489.5
1 223 271 -1405.16
1 224 301 -1967.23
1 224 374 -4710.74
1 226 311 -1264.65
1 226 331 -38142.1
1 226 350 -174.15
1 226 365 -2022.34
1 226 382 -11636.3
1 227 270 -421.55
1 228 225 -14473.2
1 230 255 -3231.87
1 230 361 -2950.84
1 231 401 -628.969
1 232 364 -123.79
1 232 370 -5235.11
1 233 337 -628.969
1 233 394 -1257.94
1 233 399 -73771.0
1 234 304 -3406.77
1 234 393 -628.969
1 235 400 -1826.71
1 235 605 -7082.01
1 235 609 -30025.7
1 236 263 -843.1
1 236 351 -1264.65
1 236 609 -91.97
1 237 237 -3793.94
1 237 316 -19537.9
1 237 357 -2315.7
1 237 389 -628.969
1 238 221 -281.03
1 238 398 -4.21
1 238 605 -3144.84
1 238 609 -1323.0
1 239 338 -1124.13
1 239 426 -702.58
1 239 605 -3144.84
1 239 606 -1886.91
1 239 619 -628.969
1 240 380 -628.969
1 240 426 -628.969
1 240 608 -2515.88
1 241 335 -1826.71
1 241 342 -2248.26
1 241 358 -140.52
1 241 604 -628.969
1 242 311 -5283.41
1 243 357 -1967.23
1 243 371 -7753.14
1 243 389 -1826.71
1 243 422 -140.52
1 243 431 -30.56
1 243 605 -3144.84
1 244 431 -63.56
1 244 605 -3773.81
1 244 621 -1257.94
1 245 238 -14473.2
1 245 322 -16424.1
1 245 337 -2315.16
1 245 621 -628.969
1 246 321 -3671.23
1 246 618 -1886.91
1 247 344 -628.969
1 247 383 -8367.98
1 247 384 -2149180.0
1 248 251 -17287.9
1 248 436 -3793.94
1 248 444 -22170.4
1 248 589 -3512.9
1 249 373 -628.969
1 249 389 -1826.71
1 249 424 -8778.91
1 249 430 -20485.4
1 249 436 -3339.56
1 249 606 -3144.84
1 250 239 -5339.61
1 250 326 -2251.77
1 250 424 -628.969
1 250 425 -808951.0
1 250 431 -24722.8
1 250 595 -2027.43
1 251 300 -3091.35
1 251 333 -890.34
1 251 356 -20319.5
1 251 408 -491.81
1 251 456 -769.4889999999999
1 251 457 -25.55
1 251 594 -628.969
1 251 595 -686.789
1 251 596 -1257.94
1 252 230 -1967.23
1 252 285 -1264.65
1 252 329 -27463.5
1 252 450 -983.61
1 252 595 -628.969
1 252 606 -628.969
1 253 298 -140.52
1 253 331 -13522.2
1 253 332 -16864.7
1 253 416 -140.52
1 253 420 -5394.57
1 253 445 -111007.0
1 254 338 -4074.97
1 254 367 -562.06
1 254 407 -143.41
1 254 597 -628.969
1 254 607 -1612.58
1 255 381 -18407.6
1 255 383 -28384.3
1 255 388 -31194.6
1 255 395 -2107.74
1 255 420 -7447.35
1 255 439 -14894.7
1 255 443 -2535.62
1 255 595 -628.969
1 255 596 -628.969
1 255 606 -628.969
1 255 609 -65509.8
1 255 610 -7223.48
1 256 314 -6718.83
1 256 335 -1826.71
1 256 341 -562.06
1 256 370 -6473.06
1 256 413 -2810.32
1 256 586 -63833.3
1 256 593 -2515.88
1 257 238 -281.03
1 257 324 -362.01
1 257 413 -3231.87
1 257 576 -4329.12
1 257 599 -20084.7
1 257 600 -63372.8
1 258 325 -11819.0
1 258 336 -2984.1
1 258 420 -182449.0
1 258 442 -400624.0
1 258 464 -702.58
1 258 585 -3773.81
1 258 595 -1257.94
1 258 601 -20234.3
1 258 602 -116946.0
1 259 340 -3439.29
1 259 371 -2101.59
1 259 405 -106553.0
1 259 588 -21775.8
1 259 592 -1041.66
1 259 593 -890.199
1 260 342 -1545.68
1 260 349 -843.1
1 260 407 -2865280.0
1 260 413 -199678.0
1 260 424 -987.1
1 260 463 -76581.3
1 260 464 -22904.1
1 260 585 -46401.1
1 260 586 -58513.2
1 261 337 -4074.97
1 261 355 -1405.16
1 261 381 -233790.0
1 261 416 -22061.0
1 261 418 -628.969
1 261 429 -10.78
1 261 464 -38923.0
1 261 492 -628.969
1 261 571 -6604.26
1 261 576 -62421.4
1 262 345 -2810.32
1 262 540 -253.4
1 262 564 -6198.03
1 262 567 -29085.1
1 262 568 -18126.6
1 262 570 -115223.0
1 262 571 -1967.23
1 263 340 -281.03
1 263 471 -6463.74
1 263 477 -1686.19
1 263 520 -1257.94
1 263 574 -140.52
1 263 582 -6978.08
1 264 344 -843.1
1 264 345 -843.1
1 264 367 -628.969
1 264 383 -3156.59
1 264 407 -3653.42
1 264 428 -439089.0
1 264 468 -58.7
1 264 471 -9414.58
1 264 476 -97096.6
1 264 477 -1686.19
1 264 523 -2448.97
1 264 524 -562.06
1 264 549 -3355.89
1 265 364 -9295.58
1 265 374 -101748.0
1 265 380 -58.12
1 265 422 -26505.9
1 265 523 -3812.8
1 266 337 -628.969
1 266 340 -281.03
1 266 462 -281.03
1 267 391 -14473.2
1 267 463 -2669.81
1 267 555 -628.969
1 267 556 -628.969
1 268 333 -983.61
1 268 334 -562.06
1 268 436 -1191000.0
1 268 479 -983.61
1 268 489 -21600.1
1 269 363 -628.969
1 269 397 -19531.7
1 269 456 -4976.11
1 269 541 -628.969
1 270 337 -140.52
1 270 397 -18969.7
1 270 412 -170963.0
1 270 417 -132088.0
1 270 429 -880.55
1 270 481 -628.969
1 270 483 -947.179
1 270 484 -628.969
1 270 486 -10851.5
1 270 498 -15737.8
1 270 539 -140.52
1 271 319 -41024.5
1 271 335 -140.52
1 271 368 -7306.84
1 271 415 -85702.3
1 271 451 -3231.87
1 271 485 -276.89
1 271 493 -79697.9
1 271 498 -99344.9
1 271 537 -13851.3
1 272 336 -12.72
1 272 337 -16701.2
1 272 351 -421.55
1 272 368 -28350.3
1 272 388 -899874.0
1 272 450 -4496.52
1 272 451 -23325.7
1 272 462 -942284.0
1 272 490 -421.55
1 272 491 -2.74
1 272 497 -29970.3
1 272 498 -421.55
1 272 530 -6580.44
1 272 532 -24395.6
1 272 535 -4542.14
1 273 363 -5339.61
1 273 392 -12.84
1 273 410 -843.1
1 273 480 -4637.03
1 273 510 -628.969
1 273 516 -17418.3
1 273 517 -610590.0
1 273 518 -655.14
1 274 409 -1826.71
1 274 520 -27962.7
1 274 523 -1545.68
1 275 367 -89930.3
1 275 441 -386544.0
1 275 450 -11381.8
1 276 364 -9555.1
1 276 366 -52553.0
1 276 392 -281.03
1 276 446 -2950.84
1 276 474 -25377.0
1 277 294 -77047.0
1 277 390 -2248.26
1 277 407 -495660.0
1 277 431 -5599.12
1 277 454 -140.52
1 277 468 -140.52
1 277 472 -9035.42
1 277 480 -57643.1
1 278 365 -14613.7
1 278 435 -13.87
1 278 482 -6323.23
1 279 310 -23872.8
1 279 336 -1124.13
1 279 388 -214.07
1 279 433 -146331.0
1 279 449 -1264.65
1 279 475 -112332.0
1 279 485 -12224.9
1 280 365 -421.55
1 280 433 -18991.9
1 280 442 -7166.32
1 280 469 -7638.32
1 280 471 -48927.6
1 281 386 -28.18
1 281 388 -199.1
1 281 458 -618470.0
1 282 409 -5339.61
1 282 424 -2529.29
1 282 430 -702.58
1 282 436 -2682.34
1 282 454 -708.28
1 282 457 -201.81
1 283 354 -140.52
1 283 429 -302531.0
1 283 449 -30923.5
1 283 452 -13753.5
1 283 455 -76222.3
1 283 468 -44184.3
1 284 339 -40135.6
1 284 457 -5620.65
1 284 463 -5401.84
1 284 481 -3891.07
1 285 336 -140.52
1 285 374 -1124.13
1 285 467 -96412.7
1 285 475 -253.81
1 286 330 -52382.5
1 286 425 -284938.0
1 286 475 -18827.3
1 286 477 -48821.9
1 287 329 -1786.51
1 287 388 -78192.3
1 287 426 -238800.0
1 287 477 -74583.2
1 288 372 -5620.65
1 288 419 -9133.55
1 288 423 -864.9
1 288 426 -628.969
1 289 351 -281.03
1 289 404 -164620.0
1 289 459 -245373.0
1 289 468 -17115.0
1 290 374 -4637.03
1 290 382 -49477.6
1 290 402 -3984.55
1 290 411 -5199.1
1 290 412 -20041.5
1 290 413 -18548.1
1 290 420 -455.93
1 290 477 -217281.0
1 291 350 -562.06
1 291 355 -19852.4
1 291 373 -2107.74
1 291 397 -250.76
1 291 419 -1477260.0
1 292 361 -702.58
1 292 365 -18829.2
1 292 416 -983.61
1 292 469 -33298.6
1 294 435 -12224.9
1 294 447 -23537.5
1 294 458 -22971.8
1 295 391 -3512.9
1 295 430 -551764.0
1 296 388 -1059.31
1 296 398 -6356.3
1 296 406 -28405.0
1 296 433 -8149.94
1 297 381 -702.58
1 297 383 -1686.19
1 297 395 -68673.1
1 297 401 -53028.1
1 297 402 -24437.7
1 297 413 -1477260.0
1 297 415 -73208.9
1 297 442 -64790.9
1 298 389 -140.52
1 299 354 -140.52
1 299 355 -281.03
1 299 387 -465.72
1 334 405 -24028.3
1 102 110 -628.969
1 102 113 -628.969
1 103 100 -628.969
1 103 104 -628.969
1 104 115 -628.969
1 105 115 -628.969
1 105 139 -628.969
1 108 117 -628.969
1 109 112 -628.969
1 111 155 -628.969
1 111 208 -628.969
1 112 181 -628.969
1 113 111 -628.969
1 113 159 -628.969
1 113 211 -628.969
1 114 173 -628.969
1 114 212 -1257.94
1 115 212 -1257.94
1 116 121 -628.969
1 116 150 -628.969
1 116 166 -628.969
1 117 119 -628.969
1 117 168 -628.969
1 117 210 -628.969
1 119 194 -628.969
1 119 202 -628.969
1 119 96 -628.969
1 120 155 -628.969
1 120 94 -628.969
1 121 187 -628.969
1 123 110 -628.969
1 123 111 -628.969
1 123 158 -628.969
1 123 168 -628.969
1 123 193 -628.969
1 123 202 -1257.94
1 125 150 -628.969
1 125 151 -628.969
1 125 193 -628.969
1 125 194 -628.969
1 126 121 -628.969
1 126 191 -628.969
1 126 195 -628.969
1 127 150 -628.969
1 127 160 -628.969
1 127 169 -628.969
1 127 195 -628.969
1 127 199 -1257.94
1 128 122 -628.969
1 128 148 -628.969
1 128 149 -628.969
1 128 152 -628.969
1 128 153 -628.969
1 128 154 -628.969
1 128 157 -628.969
1 128 199 -628.969
1 129 117 -628.969
1 129 119 -628.969
1 129 122 -628.969
1 129 146 -628.969
1 129 154 -1257.94
1 129 162 -628.969
1 129 176 -628.969
1 130 120 -628.969
1 130 154 -628.969
1 130 155 -628.969
1 130 156 -1886.91
1 130 194 -628.969
1 131 112 -628.969
1 131 121 -628.969
1 131 122 -628.969
1 131 150 -628.969
1 131 156 -628.969
1 131 157 -628.969
1 131 158 -628.969
1 131 161 -1257.94
1 131 198 -628.969
1 132 112 -628.969
1 132 155 -628.969
1 132 156 -628.969
1 132 160 -628.969
1 132 161 -1257.94
1 133 155 -628.969
1 133 159 -628.969
1 133 160 -1257.94
1 133 192 -1257.94
1 133 193 -628.969
1 134 148 -628.969
1 134 150 -628.969
1 134 151 -628.969
1 134 156 -628.969
1 134 191 -628.969
1 134 193 -2515.88
1 135 148 -3144.84
1 135 149 -1257.94
1 135 156 -628.969
1 135 157 -628.969
1 135 193 -1886.91
1 136 147 -628.969
1 136 148 -628.969
1 136 149 -628.969
1 136 150 -1257.94
1 136 153 -628.969
1 136 155 -628.969
1 137 148 -628.969
1 137 150 -628.969
1 137 153 -1257.94
1 137 154 -628.969
1 137 157 -1886.91
1 137 175 -628.969
1 137 206 -628.969
1 138 151 -628.969
1 138 152 -628.969
1 138 153 -1886.91
1 138 168 -628.969
1 138 169 -628.969
1 139 151 -628.969
1 140 138 -628.969
1 140 155 -2515.88
1 140 156 -628.969
1 140 171 -628.969
1 140 180 -628.969
1 141 149 -628.969
1 141 154 -1257.94
1 141 157 -628.969
1 141 171 -628.969
1 141 199 -1257.94
1 142 155 -628.969
1 142 156 -628.969
1 142 157 -628.969
1 142 158 -628.969
1 142 174 -628.969
1 142 179 -628.969
1 142 201 -628.969
1 143 146 -628.969
1 143 157 -1886.91
1 144 142 -1257.94
1 144 173 -628.969
1 145 142 -628.969
1 145 143 -628.969
1 145 151 -628.969
1 145 187 -628.969
1 145 226 -628.969
1 146 140 -628.969
1 146 141 -1257.94
1 146 145 -628.969
1 146 208 -628.969
1 146 229 -628.969
1 146 230 -628.969
1 146 232 -628.969
1 147 139 -1886.91
1 147 140 -628.969
1 147 141 -628.969
1 147 142 -628.969
1 147 229 -628.969
1 147 230 -628.969
1 147 233 -628.969
1 147 239 -628.969
1 147 240 -628.969
1 148 217 -628.969
1 148 221 -628.969
1 149 127 -628.969
1 149 147 -628.969
1 149 154 -628.969
1 149 222 -628.969
1 149 253 -628.969
1 150 160 -628.969
1 150 164 -628.969
1 150 177 -628.969
1 150 227 -628.969
1 150 236 -628.969
1 151 128 -628.969
1 151 228 -628.969
1 152 153 -628.969
1 152 173 -628.969
1 152 176 -628.969
1 152 222 -628.969
1 152 228 -628.969
1 153 126 -628.969
1 153 136 -628.969
1 153 155 -628.969
1 153 232 -628.969
1 153 238 -628.969
1 153 253 -628.969
1 154 126 -628.969
1 154 133 -628.969
1 154 161 -628.969
1 154 172 -628.969
1 154 220 -628.969
1 154 244 -628.969
1 155 170 -1257.94
1 155 216 -628.969
1 155 262 -628.969
1 156 160 -628.969
1 156 211 -628.969
1 156 223 -628.969
1 157 132 -628.969
1 157 133 -628.969
1 157 134 -1886.91
1 157 136 -628.969
1 157 194 -628.969
1 157 207 -628.969
1 157 240 -628.969
1 158 135 -628.969
1 158 248 -628.969
1 159 152 -628.969
1 159 231 -628.969
1 159 240 -628.969
1 159 247 -628.969
1 159 248 -628.969
1 159 250 -628.969
1 159 251 -628.969
1 159 257 -628.969
1 160 133 -628.969
1 160 249 -1257.94
1 160 251 -1257.94
1 160 252 -628.969
1 160 253 -628.969
1 160 262 -628.969
1 161 144 -1257.94
1 161 251 -628.969
1 161 253 -628.969
1 162 137 -1257.94
1 162 252 -1257.94
1 162 253 -628.969
1 163 152 -628.969
1 163 190 -628.969
1 163 236 -628.969
1 164 278 -628.969
1 164 290 -628.969
1 164 299 -628.969
1 165 133 -1257.94
1 165 134 -1257.94
1 165 135 -628.969
1 165 290 -628.969
1 166 131 -628.969
1 166 132 -628.969
1 166 133 -1257.94
1 166 134 -628.969
1 166 135 -628.969
1 166 210 -628.969
1 166 254 -628.969
1 166 255 -628.969
1 167 127 -628.969
1 167 132 -1257.94
1 167 133 -1257.94
1 167 134 -1886.91
1 167 256 -628.969
1 167 288 -628.969
1 167 294 -628.969
1 168 130 -628.969
1 168 131 -628.969
1 168 132 -2515.88
1 168 133 -2515.88
1 168 286 -628.969
1 168 287 -1257.94
1 168 291 -1257.94
1 169 128 -1257.94
1 169 129 -2515.88
1 169 131 -628.969
1 169 132 -3144.84
1 169 133 -1886.91
1 169 134 -5660.72
1 169 135 -628.969
1 169 236 -628.969
1 169 260 -628.969
1 169 271 -628.969
1 169 287 -628.969
1 169 290 -628.969
1 170 133 -1886.91
1 170 134 -7547.63
1 170 136 -628.969
1 170 187 -628.969
1 170 256 -628.969
1 170 287 -628.969
1 170 292 -628.969
1 171 133 -1257.94
1 171 134 -628.969
1 171 136 -3144.84
1 171 290 -628.969
1 172 257 -628.969
1 172 284 -628.969
1 172 295 -1257.94
1 172 311 -628.969
1 173 258 -628.969
1 173 278 -628.969
1 173 290 -628.969
1 173 292 -628.969
1 173 293 -1257.94
1 173 294 -628.969
1 174 124 -628.969
1 174 253 -628.969
1 174 261 -628.969
1 174 270 -628.969
1 174 283 -628.969
1 174 289 -628.969
1 174 293 -628.969
1 175 260 -628.969
1 175 288 -628.969
1 175 292 -1257.94
1 175 293 -628.969
1 175 296 -628.969
1 175 305 -628.969
1 176 274 -628.969
1 176 305 -628.969
1 177 289 -628.969
1 177 290 -628.969
1 178 243 -628.969
1 178 280 -628.969
1 178 285 -628.969
1 178 302 -628.969
1 178 305 -628.969
1 178 306 -628.969
1 178 311 -628.969
1 179 278 -628.969
1 179 285 -628.969
1 180 149 -628.969
1 180 286 -628.969
1 181 297 -628.969
1 181 307 -628.969
1 181 308 -628.969
1 183 242 -628.969
1 183 285 -628.969
1 183 295 -628.969
1 183 308 -628.969
1 183 309 -628.969
1 183 318 -628.969
1 184 263 -628.969
1 184 285 -628.969
1 184 313 -628.969
1 184 319 -628.969
1 185 257 -628.969
1 185 305 -628.969
1 185 306 -628.969
1 185 307 -628.969
1 185 315 -628.969
1 186 255 -628.969
1 186 265 -628.969
1 186 307 -1257.94
1 186 310 -628.969
1 188 262 -628.969
1 188 294 -628.969
1 188 295 -628.969
1 189 295 -628.969
1 189 309 -628.969
1 190 307 -628.969
1 190 308 -628.969
1 190 324 -628.969
1 191 292 -1257.94
1 191 304 -628.969
1 191 305 -628.969
1 192 258 -628.969
1 192 284 -628.969
1 192 304 -628.969
1 192 316 -628.969
1 192 319 -628.969
1 193 262 -628.969
1 193 301 -628.969
1 193 311 -628.969
1 193 313 -1257.94
1 194 284 -628.969
1 194 313 -628.969
1 195 269 -628.969
1 195 287 -628.969
1 195 289 -628.969
1 195 300 -628.969
1 195 311 -628.969
1 195 313 -628.969
1 196 269 -628.969
1 196 275 -628.969
1 196 303 -628.969
1 196 324 -628.969
1 196 333 -628.969
1 197 264 -628.969
1 197 283 -628.969
1 197 300 -628.969
1 197 322 -628.969
1 197 325 -628.969
1 198 242 -628.969
1 198 276 -1257.94
1 198 309 -628.969
1 198 311 -628.969
1 199 283 -628.969
1 199 311 -628.969
1 199 324 -628.969
1 200 280 -628.969
1 200 286 -628.969
1 200 296 -628.969
1 200 299 -628.969
1 200 306 -628.969
1 200 307 -628.969
1 200 312 -628.969
1 200 343 -628.969
1 200 345 -628.969
1 201 257 -628.969
1 202 280 -628.969
1 202 287 -628.969
1 202 297 -628.969
1 202 301 -628.969
1 202 302 -628.969
1 203 215 -628.969
1 203 304 -628.969
1 203 305 -628.969
1 203 309 -628.969
1 203 315 -628.969
1 205 263 -628.969
1 205 303 -628.969
1 205 304 -628.969
1 205 317 -628.969
1 205 318 -628.969
1 205 319 -628.969
1 206 264 -628.969
1 206 270 -628.969
1 206 301 -628.969
1 206 304 -628.969
1 206 315 -628.969
1 206 317 -1257.94
1 207 262 -628.969
1 207 300 -628.969
1 207 301 -1257.94
1 207 303 -628.969
1 207 304 -628.969
1 207 306 -1257.94
1 207 315 -628.969
1 207 317 -628.969
1 208 298 -1257.94
1 208 299 -1257.94
1 208 306 -628.969
1 208 317 -628.969
1 208 328 -628.969
1 209 284 -628.969
1 209 297 -628.969
1 209 302 -628.969
1 210 284 -628.969
1 210 301 -628.969
1 210 302 -628.969
1 210 342 -628.969
1 211 301 -628.969
1 211 321 -628.969
1 212 295 -628.969
1 212 347 -628.969
1 213 226 -628.969
1 213 287 -628.969
1 213 303 -628.969
1 213 329 -628.969
1 214 319 -628.969
1 215 289 -628.969
1 215 311 -628.969
1 215 353 -628.969
1 216 323 -628.969
1 216 341 -628.969
1 217 244 -628.969
1 217 249 -628.969
1 217 351 -628.969
1 218 209 -628.969
1 218 243 -628.969
1 218 292 -628.969
1 218 345 -1257.94
1 221 240 -628.969
1 221 611 -628.969
1 222 254 -628.969
1 222 362 -628.969
1 224 338 -628.969
1 224 359 -628.969
1 225 323 -628.969
1 225 329 -628.969
1 225 332 -628.969
1 225 368 -628.969
1 225 373 -628.969
1 225 378 -628.969
1 225 382 -1257.94
1 226 323 -628.969
1 226 388 -1257.94
1 226 618 -628.969
1 227 315 -628.969
1 228 606 -628.969
1 229 385 -1257.94
1 229 392 -628.969
1 229 393 -628.969
1 229 397 -2515.88
1 229 618 -3144.84
1 230 338 -628.969
1 230 373 -1257.94
1 230 384 -628.969
1 230 392 -1257.94
1 230 393 -2515.88
1 230 396 -628.969
1 230 605 -628.969
1 231 343 -628.969
1 231 383 -628.969
1 231 392 -3144.84
1 231 393 -6918.66
1 231 398 -628.969
1 231 603 -628.969
1 231 607 -1257.94
1 232 259 -628.969
1 232 300 -628.969
1 232 384 -628.969
1 232 389 -628.969
1 232 393 -3773.81
1 232 394 -2515.88
1 232 405 -628.969
1 232 604 -1257.94
1 232 606 -1257.94
1 232 607 -1886.91
1 232 608 -628.969
1 233 373 -628.969
1 233 393 -628.969
1 233 403 -628.969
1 233 406 -2515.88
1 233 601 -1257.94
1 233 602 -628.969
1 234 374 -628.969
1 234 388 -628.969
1 234 389 -628.969
1 234 406 -1886.91
1 234 407 -1257.94
1 234 601 -628.969
1 234 602 -1257.94
1 234 603 -1886.91
1 234 604 -628.969
1 234 605 -1257.94
1 234 606 -628.969
1 234 609 -628.969
1 234 620 -628.969
1 234 621 -628.969
1 235 342 -628.969
1 235 368 -628.969
1 235 389 -628.969
1 235 392 -628.969
1 235 404 -628.969
1 235 406 -628.969
1 235 599 -628.969
1 235 600 -1257.94
1 235 602 -1886.91
1 235 603 -628.969
1 235 606 -628.969
1 235 608 -628.969
1 236 256 -628.969
1 236 359 -628.969
1 236 377 -1257.94
1 236 378 -628.969
1 236 389 -1257.94
1 236 600 -628.969
1 236 601 -628.969
1 236 602 -1257.94
1 236 605 -628.969
1 236 606 -628.969
1 236 607 -628.969
1 236 620 -628.969
1 237 330 -628.969
1 237 377 -628.969
1 237 384 -628.969
1 237 388 -628.969
1 237 605 -1257.94
1 237 606 -1886.91
1 237 607 -1257.94
1 237 608 -3144.84
1 237 609 -1886.91
1 237 620 -628.969
1 238 346 -628.969
1 238 391 -628.969
1 238 410 -628.969
1 238 602 -628.969
1 238 603 -628.969
1 238 606 -3144.84
1 238 607 -3773.81
1 238 608 -2515.88
1 238 610 -628.969
1 239 297 -628.969
1 239 323 -628.969
1 239 404 -628.969
1 239 601 -628.969
1 239 603 -628.969
1 239 607 -1257.94
1 239 608 -2515.88
1 239 609 -1886.91
1 239 610 -1257.94
1 239 615 -1257.94
1 240 267 -628.969
1 240 319 -628.969
1 240 327 -628.969
1 240 352 -628.969
1 240 374 -1257.94
1 240 392 -1257.94
1 240 396 -628.969
1 240 406 -628.969
1 240 603 -628.969
1 240 605 -1886.91
1 240 606 -2515.88
1 240 607 -1257.94
1 240 620 -1257.94
1 240 621 -628.969
1 241 339 -628.969
1 241 352 -628.969
1 241 370 -1257.94
1 241 375 -628.969
1 241 409 -628.969
1 241 577 -628.969
1 241 603 -1257.94
1 241 605 -1886.91
1 241 606 -1257.94
1 241 607 -1257.94
1 241 608 -1257.94
1 241 609 -3144.84
1 241 610 -628.969
1 241 611 -628.969
1 241 620 -628.969
1 241 621 -628.969
1 242 314 -628.969
1 242 318 -628.969
1 242 336 -628.969
1 242 338 -628.969
1 242 339 -628.969
1 242 373 -1886.91
1 242 374 -3773.81
1 242 406 -1257.94
1 242 603 -1257.94
1 242 604 -4402.78
1 242 605 -5660.72
1 242 606 -1886.91
1 242 607 -3144.84
1 242 608 -3144.84
1 242 609 -1886.91
1 242 610 -1886.91
1 242 616 -628.969
1 242 622 -628.969
1 242 623 -1886.91
1 243 366 -628.969
1 243 369 -628.969
1 243 372 -1257.94
1 243 373 -5031.75
1 243 374 -1886.91
1 243 386 -628.969
1 243 391 -628.969
1 243 405 -628.969
1 243 406 -628.969
1 243 407 -1257.94
1 243 409 -628.969
1 243 577 -628.969
1 243 606 -4402.78
1 243 607 -3144.84
1 243 608 -1257.94
1 243 609 -3773.81
1 243 620 -628.969
1 243 622 -1257.94
1 243 623 -5031.75
1 244 371 -628.969
1 244 372 -1257.94
1 244 373 -1886.91
1 244 415 -628.969
1 244 598 -628.969
1 244 606 -2515.88
1 244 607 -628.969
1 244 611 -628.969
1 244 616 -628.969
1 244 622 -628.969
1 244 623 -2515.88
1 244 624 -628.969
1 245 312 -628.969
1 245 315 -628.969
1 245 326 -628.969
1 245 335 -628.969
1 245 338 -628.969
1 245 356 -1257.94
1 245 371 -628.969
1 245 413 -628.969
1 245 586 -628.969
1 245 604 -628.969
1 245 605 -1886.91
1 245 606 -3144.84
1 245 607 -2515.88
1 245 609 -3144.84
1 245 610 -1257.94
1 245 612 -1257.94
1 245 616 -1257.94
1 245 619 -628.969
1 245 620 -1257.94
1 245 622 -628.969
1 246 214 -628.969
1 246 342 -628.969
1 246 356 -628.969
1 246 357 -628.969
1 246 374 -628.969
1 246 413 -628.969
1 246 590 -628.969
1 246 599 -628.969
1 246 600 -3773.81
1 246 605 -2515.88
1 246 606 -4402.78
1 246 607 -2515.88
1 246 610 -628.969
1 246 612 -1257.94
1 246 614 -628.969
1 246 615 -628.969
1 246 623 -628.969
1 247 314 -628.969
1 247 331 -628.969
1 247 367 -1257.94
1 247 368 -3144.84
1 247 387 -1257.94
1 247 413 -628.969
1 247 578 -628.969
1 247 597 -628.969
1 247 598 -4402.78
1 247 599 -3773.81
1 247 600 -6289.69
1 247 601 -6289.69
1 247 605 -1257.94
1 247 609 -1257.94
1 247 610 -1257.94
1 247 611 -2515.88
1 247 612 -2515.88
1 247 613 -1257.94
1 247 618 -1257.94
1 247 619 -628.969
1 247 623 -628.969
1 248 307 -628.969
1 248 367 -628.969
1 248 368 -2515.88
1 248 371 -1257.94
1 248 372 -3144.84
1 248 387 -1257.94
1 248 388 -3773.81
1 248 413 -628.969
1 248 416 -628.969
1 248 529 -628.969
1 248 567 -628.969
1 248 596 -4402.78
1 248 597 -3144.84
1 248 598 -6289.69
1 248 599 -3773.81
1 248 600 -2515.88
1 248 601 -3773.81
1 248 602 -1886.91
1 248 605 -628.969
1 248 608 -628.969
1 248 609 -1257.94
1 248 610 -1886.91
1 248 611 -3773.81
1 248 612 -3773.81
1 248 613 -4402.78
1 248 618 -628.969
1 248 619 -628.969
1 248 620 -628.969
1 248 623 -1257.94
1 249 333 -628.969
1 249 334 -628.969
1 249 365 -1257.94
1 249 366 -1886.91
1 249 367 -628.969
1 249 368 -1886.91
1 249 371 -628.969
1 249 387 -628.969
1 249 388 -628.969
1 249 400 -628.969
1 249 412 -628.969
1 249 567 -628.969
1 249 593 -1257.94
1 249 595 -3773.81
1 249 596 -4402.78
1 249 597 -6918.66
1 249 603 -1886.91
1 249 604 -5031.75
1 249 605 -3144.84
1 249 607 -2515.88
1 249 609 -628.969
1 249 610 -1257.94
1 249 611 -3144.84
1 249 612 -5660.72
1 249 613 -1257.94
1 249 618 -628.969
1 249 623 -628.969
1 250 331 -628.969
1 250 355 -628.969
1 250 365 -1257.94
1 250 366 -3144.84
1 250 367 -1886.91
1 250 368 -628.969
1 250 369 -1257.94
1 250 370 -1257.94
1 250 371 -3773.81
1 250 382 -628.969
1 250 406 -628.969
1 250 413 -628.969
1 250 414 -628.969
1 250 423 -628.969
1 250 436 -628.969
1 250 568 -628.969
1 250 579 -628.969
1 250 591 -628.969
1 250 594 -628.969
1 250 596 -5031.75
1 250 597 -1257.94
1 250 602 -628.969
1 250 603 -4402.78
1 250 604 -3773.81
1 250 605 -2515.88
1 250 607 -628.969
1 250 608 -1886.91
1 250 609 -628.969
1 250 610 -628.969
1 250 613 -628.969
1 251 276 -628.969
1 251 322 -628.969
1 251 365 -1886.91
1 251 366 -5660.72
1 251 367 -1257.94
1 251 368 -1257.94
1 251 371 -628.969
1 251 379 -628.969
1 251 407 -628.969
1 251 414 -628.969
1 251 424 -628.969
1 251 598 -628.969
1 251 604 -628.969
1 251 605 -628.969
1 251 607 -628.969
1 251 610 -628.969
1 252 236 -628.969
1 252 365 -1886.91
1 252 366 -4402.78
1 252 367 -4402.78
1 252 368 -1257.94
1 252 376 -628.969
1 252 412 -628.969
1 252 416 -628.969
1 252 428 -628.969
1 252 506 -628.969
1 252 507 -628.969
1 252 528 -628.969
1 252 534 -628.969
1 252 544 -628.969
1 252 576 -628.969
1 252 591 -1257.94
1 252 596 -1257.94
1 252 597 -1257.94
1 252 598 -628.969
1 252 599 -1257.94
1 252 608 -1257.94
1 252 609 -628.969
1 252 611 -628.969
1 252 620 -628.969
1 253 259 -628.969
1 253 342 -628.969
1 253 363 -628.969
1 253 365 -1257.94
1 253 366 -3773.81
1 253 367 -2515.88
1 253 370 -628.969
1 253 375 -1257.94
1 253 404 -628.969
1 253 433 -1257.94
1 253 506 -628.969
1 253 543 -628.969
1 253 546 -628.969
1 253 547 -628.969
1 253 566 -628.969
1 253 586 -1257.94
1 253 596 -628.969
1 253 597 -2515.88
1 253 601 -628.969
1 253 604 -628.969
1 253 605 -628.969
1 253 614 -1886.91
1 254 366 -1257.94
1 254 478 -628.969
1 254 581 -628.969
1 254 584 -628.969
1 254 585 -3773.81
1 254 586 -3144.84
1 254 587 -1886.91
1 254 588 -1886.91
1 254 589 -2515.88
1 254 598 -628.969
1 254 599 -628.969
1 254 601 -1257.94
1 254 604 -1257.94
1 254 605 -628.969
1 254 606 -628.969
1 254 611 -628.969
1 255 341 -628.969
1 255 346 -628.969
1 255 371 -628.969
1 255 402 -628.969
1 255 442 -628.969
1 255 445 -628.969
1 255 461 -628.969
1 255 479 -628.969
1 255 512 -628.969
1 255 513 -628.969
1 255 526 -628.969
1 255 547 -628.969
1 255 548 -628.969
1 255 565 -628.969
1 255 583 -1886.91
1 255 584 -2515.88
1 255 585 -2515.88
1 255 586 -2515.88
1 255 587 -1257.94
1 255 588 -628.969
1 255 591 -628.969
1 255 594 -628.969
1 255 597 -628.969
1 255 600 -1257.94
1 255 607 -628.969
1 256 346 -628.969
1 256 350 -628.969
1 256 367 -628.969
1 256 373 -628.969
1 256 374 -628.969
1 256 491 -628.969
1 256 526 -628.969
1 256 531 -1886.91
1 256 532 -628.969
1 256 547 -628.969
1 256 548 -1257.94
1 256 549 -628.969
1 256 575 -628.969
1 256 578 -1257.94
1 256 580 -628.969
1 256 584 -1886.91
1 256 585 -1257.94
1 256 592 -1257.94
1 256 594 -4402.78
1 256 595 -2515.88
1 256 607 -2515.88
1 256 608 -1257.94
1 256 609 -628.969
1 257 330 -628.969
1 257 461 -628.969
1 257 497 -628.969
1 257 503 -628.969
1 257 506 -628.969
1 257 512 -628.969
1 257 527 -1886.91
1 257 529 -628.969
1 257 532 -628.969
1 257 549 -628.969
1 257 574 -628.969
1 257 575 -1886.91
1 257 584 -1886.91
1 257 585 -1886.91
1 257 593 -1257.94
1 257 594 -5031.75
1 257 595 -2515.88
1 257 597 -1257.94
1 257 606 -4402.78
1 257 607 -628.969
1 258 307 -628.969
1 258 330 -628.969
1 258 366 -628.969
1 258 485 -1257.94
1 258 489 -1257.94
1 258 491 -628.969
1 258 493 -628.969
1 258 494 -628.969
1 258 496 -628.969
1 258 497 -628.969
1 258 498 -1886.91
1 258 499 -1257.94
1 258 502 -628.969
1 258 503 -628.969
1 258 529 -1257.94
1 258 531 -628.969
1 258 532 -628.969
1 258 533 -1257.94
1 258 535 -628.969
1 258 546 -628.969
1 258 550 -628.969
1 258 556 -1257.94
1 258 564 -628.969
1 258 576 -628.969
1 258 583 -628.969
1 258 584 -1886.91
1 258 586 -1886.91
1 258 594 -1886.91
1 258 606 -3144.84
1 258 607 -628.969
1 259 346 -628.969
1 259 369 -1257.94
1 259 402 -628.969
1 259 444 -628.969
1 259 456 -628.969
1 259 485 -628.969
1 259 486 -628.969
1 259 488 -628.969
1 259 489 -628.969
1 259 490 -1257.94
1 259 509 -1257.94
1 259 510 -628.969
1 259 522 -628.969
1 259 528 -628.969
1 259 529 -628.969
1 259 531 -628.969
1 259 532 -628.969
1 259 545 -628.969
1 259 549 -628.969
1 259 554 -1257.94
1 259 555 -1257.94
1 259 556 -1886.91
1 259 557 -1886.91
1 259 575 -2515.88
1 259 576 -628.969
1 259 579 -628.969
1 259 584 -628.969
1 259 585 -2515.88
1 259 586 -1257.94
1 260 369 -1257.94
1 260 404 -1257.94
1 260 443 -628.969
1 260 454 -628.969
1 260 485 -628.969
1 260 486 -1257.94
1 260 487 -628.969
1 260 492 -628.969
1 260 499 -628.969
1 260 502 -1257.94
1 260 517 -628.969
1 260 527 -628.969
1 260 545 -1886.91
1 260 548 -628.969
1 260 554 -628.969
1 260 556 -628.969
1 260 567 -628.969
1 260 576 -628.969
1 260 577 -628.969
1 261 397 -628.969
1 261 404 -628.969
1 261 444 -628.969
1 261 483 -628.969
1 261 487 -628.969
1 261 501 -628.969
1 261 502 -628.969
1 261 545 -628.969
1 261 551 -628.969
1 261 552 -628.969
1 261 565 -628.969
1 262 254 -628.969
1 262 353 -1257.94
1 262 369 -628.969
1 262 425 -628.969
1 262 443 -628.969
1 262 458 -628.969
1 262 483 -1257.94
1 262 493 -628.969
1 262 501 -628.969
1 262 502 -628.969
1 262 523 -628.969
1 262 524 -628.969
1 262 535 -628.969
1 262 536 -628.969
1 262 537 -628.969
1 262 542 -628.969
1 262 546 -628.969
1 262 584 -628.969
1 262 587 -628.969
1 263 355 -628.969
1 263 415 -628.969
1 263 484 -628.969
1 263 493 -628.969
1 263 509 -628.969
1 263 522 -628.969
1 263 523 -1257.94
1 263 524 -1257.94
1 263 541 -1257.94
1 263 542 -628.969
1 263 543 -628.969
1 263 546 -1257.94
1 263 576 -628.969
1 263 579 -628.969
1 263 581 -2515.88
1 264 369 -628.969
1 264 379 -628.969
1 264 481 -628.969
1 264 482 -628.969
1 264 493 -628.969
1 264 503 -628.969
1 264 504 -628.969
1 264 516 -628.969
1 264 521 -1886.91
1 264 527 -628.969
1 264 543 -2515.88
1 264 568 -628.969
1 264 575 -628.969
1 264 576 -1257.94
1 265 336 -628.969
1 265 367 -1257.94
1 265 457 -628.969
1 265 459 -628.969
1 265 511 -628.969
1 265 516 -628.969
1 265 520 -628.969
1 265 524 -628.969
1 265 568 -1257.94
1 266 314 -628.969
1 266 413 -628.969
1 266 456 -628.969
1 266 478 -628.969
1 266 481 -628.969
1 266 483 -628.969
1 266 484 -628.969
1 266 485 -628.969
1 266 492 -628.969
1 266 498 -628.969
1 266 505 -628.969
1 266 518 -628.969
1 266 523 -628.969
1 266 543 -628.969
1 266 545 -628.969
1 266 549 -628.969
1 266 555 -628.969
1 267 337 -628.969
1 267 365 -628.969
1 267 381 -628.969
1 267 459 -628.969
1 267 460 -1257.94
1 267 505 -628.969
1 267 507 -628.969
1 267 543 -628.969
1 267 544 -1257.94
1 267 549 -628.969
1 267 553 -1886.91
1 267 562 -628.969
1 268 507 -1257.94
1 268 540 -628.969
1 268 541 -628.969
1 268 542 -1257.94
1 268 543 -2515.88
1 268 544 -1257.94
1 268 549 -628.969
1 268 551 -628.969
1 268 552 -628.969
1 268 553 -628.969
1 269 362 -628.969
1 269 505 -1257.94
1 269 507 -628.969
1 269 528 -628.969
1 269 543 -628.969
1 269 547 -1257.94
1 270 474 -628.969
1 270 475 -1257.94
1 270 479 -628.969
1 270 491 -628.969
1 270 504 -628.969
1 270 507 -628.969
1 270 526 -628.969
1 271 375 -628.969
1 271 388 -628.969
1 271 479 -628.969
1 271 481 -628.969
1 271 487 -628.969
1 271 491 -628.969
1 271 526 -628.969
1 272 469 -628.969
1 272 493 -628.969
1 272 495 -1257.94
1 272 496 -628.969
1 272 502 -628.969
1 272 526 -1886.91
1 273 441 -628.969
1 273 462 -628.969
1 273 526 -628.969
1 275 463 -628.969
1 275 480 -628.969
1 275 502 -628.969
1 275 504 -628.969
1 276 502 -628.969
1 277 393 -628.969
1 279 459 -628.969
1 280 563 -628.969
1 282 434 -628.969
1 282 435 -628.969
1 283 461 -628.969
1 283 482 -628.969
1 283 483 -628.969
1 285 437 -628.969
1 285 482 -628.969
1 285 483 -628.969
1 286 377 -628.969
1 286 464 -628.969
1 288 469 -628.969
1 289 362 -628.969
1 289 443 -628.969
1 292 358 -628.969
1 293 390 -1886.91
1 293 391 -628.969
1 296 390 -628.969
1 301 359 -628.969
1 301 378 -628.969
1 85 106 -628.969
1 92 112 -1257.94
1 93 117 -628.969
1 97 89 -628.969
1 98 101 -628.969
1 99 126 -628.969
1 99 136 -628.969
1 147 119 -3653.42
1 148 187 -13911.1
1 153 113 -10398.2
1 167 186 -17283.5
1 168 169 -47775.5
1 197 280 -1826.71
1 199 225 -1826.71
1 210 300 -281.03
1 211 298 -1545.68
1 234 285 -3231.87
1 244 234 -6463.74
1 267 479 -2107.74
1 271 361 -677.56
1 272 454 -32.19
1 285 433 -2950.84
1 291 453 -88056.8
1 131 118 -1545.68
1 132 183 -12365.4
1 137 123 -16299.9
1 141 124 -6744.77
1 142 121 -8712.0
1 152 130 -8009.42
1 155 192 -12365.4
1 157 117 -14051.6
1 158 205 -15035.2
1 164 258 -2388.77
1 169 164 -10679.2
1 172 162 -8009.42
1 172 163 -10819.7
1 172 164 -843.1
1 173 196 -281.03
1 195 280 -2810.32
1 202 295 -4918.06
1 203 296 -9555.1
1 214 174 -10679.2
1 226 358 -5185.49
1 247 335 -2810.32
1 256 333 -9133.55
1 262 350 -421.55
1 265 349 -2248.26
1 267 346 -1545.68
1 269 347 -562.06
1 271 470 -421.55
1 274 431 -2120470.0
1 280 367 -983.61
1 285 357 -702.58
1 289 374 -983.61
1 291 401 -94.87
1 292 370 -2388.77
1 293 370 -2529.29
1 143 152 -11943.9
1 143 154 -8571.48
1 144 130 -3653.42
1 148 113 -56628.0
1 149 118 -27822.2
1 152 183 -140.52
1 153 185 -140.52
1 153 212 -5901.68
1 154 128 -562.06
1 155 180 -140.52
1 155 187 -140.52
1 164 159 -57752.1
1 167 163 -15878.3
1 175 178 -1264.65
1 188 287 -421.55
1 189 206 -26136.0
1 201 279 -3231.87
1 221 294 -2669.81
1 221 361 -140.52
1 222 252 -1405.16
1 222 266 -1545.68
1 225 248 -2669.81
1 226 361 -2248.26
1 237 292 -25814.7
1 245 243 -9555.1
1 248 238 -4215.48
1 248 331 -1124.13
1 259 347 -983.61
1 271 268 -6042.19
1 274 278 -983.61
1 289 355 -421.55
1 295 392 -421.55
1 296 391 -702.58
1 296 393 -1686.19
1 297 378 -843.1
1 140 166 -113397.0
1 141 116 -2388.77
1 141 165 -36955.7
1 143 114 -2107.74
1 145 114 -2529.29
1 146 180 -18829.2
1 149 124 -702.58
1 149 181 -21358.4
1 149 202 -5620.65
1 150 183 -20796.4
1 150 186 -18969.7
1 151 189 -11100.8
1 152 180 -17986.1
1 153 188 -18407.6
1 154 113 -2107.74
1 158 173 -140.52
1 171 125 -281.03
1 188 207 -21217.9
1 189 288 -421.55
1 206 280 -1686.19
1 209 273 -1967.23
1 209 281 -24613.9
1 210 249 -1686.19
1 211 263 -2248.26
1 211 296 -1264.65
1 213 270 -2248.26
1 219 272 -843.1
1 221 317 -2529.29
1 224 287 -1826.71
1 227 245 -421.55
1 227 344 -1405.16
1 228 354 -1686.19
1 230 352 -5058.58
1 231 270 -1686.19
1 231 347 -702.58
1 235 295 -1967.23
1 236 342 -1405.16
1 236 344 -1826.71
1 240 330 -1545.68
1 240 337 -1264.65
1 240 357 -702.58
1 244 333 -4028.73
1 246 332 -1405.16
1 246 337 -9274.06
1 251 334 -1967.23
1 258 343 -1686.19
1 258 345 -702.58
1 260 345 -1264.65
1 261 340 -562.06
1 261 351 -562.06
1 262 286 -281.03
1 262 361 -6604.26
1 263 344 -843.1
1 263 350 -1545.68
1 265 517 -140.52
1 267 321 -1124.13
1 270 267 -8149.94
1 271 267 -3934.45
1 271 355 -702.58
1 277 371 -140.52
1 278 502 -6463.74
1 281 331 -281.03
1 284 333 -421.55
1 289 371 -983.61
1 290 371 -702.58
1 291 365 -562.06
1 296 358 -20515.3
1 297 356 -702.58
1 297 391 -1405.16
1 125 93 -1405.16
1 131 125 -5199.1
1 134 123 -1967.23
1 134 125 -421.55
1 135 126 -1967.23
1 138 125 -2388.77
1 146 146 -11241.3
1 152 213 -3793.94
1 161 185 -29227.3
1 163 186 -16861.9
1 166 203 -5058.58
1 192 232 -3231.87
1 193 235 -3653.42
1 211 195 -1405.16
1 215 261 -1405.16
1 221 339 -2248.26
1 223 263 -983.61
1 226 354 -1405.16
1 232 274 -843.1
1 233 341 -1124.13
1 248 344 -2388.77
1 263 345 -3793.94
1 264 348 -281.03
1 286 302 -421.55
1 292 360 -421.55
1 293 357 -1264.65
1 295 362 -281.03
1 297 439 -447066.0
1 137 128 -15878.3
1 150 127 -562.06
1 152 118 -10398.2
1 153 123 -11943.9
1 155 125 -16861.9
1 156 124 -20936.9
1 181 126 -74052.0
1 185 168 -48618.6
1 189 126 -11522.3
1 224 257 -8009.42
1 260 337 -140.52
1 137 168 -7868.9
1 149 213 -19250.7
1 190 250 -140.52
1 202 228 -281.03
1 210 253 -2950.84
1 217 236 -983.61
1 270 480 -140.52
1 144 124 -562.06
1 186 159 -140.52
1 188 160 -1264.65
1 143 166 -5480.13
1 145 131 -702.58
1 153 116 -8009.42
1 158 114 -5901.68
1 160 170 -8993.03
1 187 160 -4356.0
1 188 204 -8852.52
1 203 340 -3822.04
1 206 169 -702.58
1 208 226 -1967.23
1 211 266 -26555.5
1 213 276 -30346.9
1 214 274 -53022.4
1 220 278 -55754.6
1 223 372 -7447.35
1 232 398 -140.52
1 233 375 -983.61
1 239 385 -1148.59
1 239 406 -115.94
1 241 238 -562.06
1 244 244 -1405.16
1 245 408 -6323.23
1 248 454 -140.52
1 259 351 -3075.09
1 262 585 -8571.48
1 265 360 -9069.72
1 266 560 -1568.37
1 267 407 -281.03
1 269 360 -6878.09
1 273 367 -843.1
1 274 327 -281.03
1 274 432 -8571.48
1 275 465 -235.4
1 290 322 -1124.13
1 290 398 -243.23
1 292 458 -215528.0
1 294 354 -2739.5
1 297 377 -421.55
1 147 116 -21077.4
1 147 183 -1264.65
1 156 122 -9836.13
1 157 186 -702.58
1 257 342 -421.55
1 201 251 -2669.81
1 201 301 -140.52
1 251 286 -140.52
1 265 488 -702.58
1 294 356 -140.52
1 267 385 -8993.03
1 135 160 -562.06
1 136 173 -1686.19
1 136 174 -1686.19
1 144 189 -702.58
1 154 112 -19672.3
1 154 122 -3793.94
1 156 131 -281.03
1 159 115 -33021.3
1 161 179 -17986.1
1 164 169 -4777.55
1 167 128 -140.52
1 167 247 -421.55
1 183 124 -183233.0
1 183 205 -140.52
1 186 123 -104544.0
1 186 125 -17705.0
1 186 209 -26698.1
1 204 300 -26.03
1 215 269 -140.52
1 218 239 -28666.9
1 225 242 -1124.13
1 226 375 -20762.9
1 235 420 -9976.65
1 238 302 -140.52
1 242 355 -31.8
1 244 321 -19250.7
1 244 369 -1124.13
1 245 406 -562.06
1 247 591 -421.55
1 248 590 -562.06
1 248 593 -281.03
1 251 614 -501.82
1 255 333 -7868.9
1 256 443 -96.08
1 258 335 -18340.8
1 258 339 -881.14
1 258 416 -44.11
1 259 414 -281.03
1 263 583 -293.71
1 266 470 -1583.04
1 267 354 -140.52
1 267 554 -140.52
1 269 482 -140.52
1 270 476 -2107.74
1 273 477 -562.06
1 273 523 -56628.0
1 274 506 -140.52
1 275 479 -17002.4
1 277 388 -92.65
1 277 389 -189.71
1 278 446 -140.52
1 279 386 -244.11
1 280 458 -1049.43
1 291 374 -140.52
1 291 403 -2810.32
1 293 458 -13349.0
1 297 388 -130.54
1 298 384 -104.74
1 298 391 -140.52
