1 62 1 3798.3
1 61 2 3770.7
1 60 3 3749.7
1 59 4 3733.5
1 58 5 3721.5
1 57 6 3713.4
1 56 7 3709.2
1 55 8 3709.0
1 54 9 3713.4
1 53 10 3722.5
1 52 11 3736.7
1 51 12 3755.5
1 49 13 3767.8
1 50 13 3777.1
1 48 14 3789.3
1 47 15 3784.5
1 46 16 3776.7
1 45 17 3766.9
1 45 18 3767.6
1 45 19 3768.3
1 44 20 3756.4
1 44 21 3756.2
1 44 22 3755.5
1 44 23 3754.2
1 44 24 3752.2
1 44 25 3749.4
1 44 26 3745.6
1 44 27 3740.7
1 44 28 3734.5
1 44 29 3727.0
1 44 30 3717.9
1 44 31 3707.0
1 44 32 3694.2
1 44 33 3679.1
1 44 34 3661.5
1 44 35 3641.1
1 44 36 3617.4
1 44 37 3589.8
1 44 38 3557.8
1 44 39 3520.3
1 44 40 3476.1
1 44 41 3422.8
1 43 42 3304.0
1 43 43 3265.0
1 43 44 3203.3
1 42 45 3052.1
1 42 46 2997.6
1 40 47 2765.7
1 41 47 2812.0
1 40 48 2729.6
1 40 49 2663.5
1 40 50 2567.6
1 35 78 4859.7
1 35 79 4888.1
1 34 80 4945.1
1 33 81 5025.5
1 32 82 5089.1
1 31 83 5102.5
1 30 84 5114.2
1 29 85 5123.1
1 28 86 5145.4
1 27 87 5164.2
1 26 88 5190.3
1 25 89 5217.8
1 25 90 5254.2
1 24 91 5241.3
1 24 92 5256.5
1 24 93 5293.6
1 24 94 5330.6
1 23 95 5345.7
1 23 96 5386.0
1 23 97 5422.3
1 22 98 5430.3
1 22 99 5471.4
1 22 100 5508.4
1 22 101 5545.7
1 21 102 5566.0
1 21 103 5611.1
1 20 104 5633.2
1 20 105 5675.7
1 19 106 5707.7
1 19 107 5752.1
1 18 108 5788.7
1 18 109 5828.5
1 17 110 5747.7
1 17 111 5758.8
1 17 112 5868.1
1 65 109 6030.5
1 66 109 6027.0
1 67 109 5976.4
1 68 109 5941.6
1 69 109 5951.1
1 62 110 5964.5
1 63 110 6002.2
1 64 110 6023.1
1 70 110 6040.0
1 60 111 5859.4
1 61 111 5880.9
1 71 111 6106.0
1 37 112 5647.1
1 38 112 5707.3
1 39 112 5768.9
1 40 112 5814.4
1 41 112 5851.4
1 42 112 5873.4
1 43 112 5884.6
1 44 112 5893.7
1 45 112 5900.9
1 46 112 5910.4
1 47 112 5919.3
1 48 112 5936.9
1 55 112 5739.6
1 56 112 5761.3
1 57 112 5778.4
1 58 112 5795.2
1 59 112 5810.1
1 72 112 6143.0
1 16 113 5956.8
1 33 113 5631.7
1 34 113 5615.1
1 35 113 5599.2
1 36 113 5578.7
1 49 113 5930.6
1 50 113 5908.4
1 51 113 5855.3
1 52 113 5800.7
1 53 113 5744.1
1 54 113 5707.4
1 73 113 6175.3
1 16 114 6015.9
1 29 114 5721.3
1 30 114 5696.1
1 31 114 5668.3
1 32 114 5633.3
1 74 114 6198.4
1 75 114 6202.5
1 16 115 6072.6
1 25 115 5833.0
1 26 115 5810.2
1 27 115 5781.0
1 28 115 5741.0
1 76 115 6234.3
1 16 116 6127.9
1 21 116 5975.7
1 22 116 5990.6
1 23 116 5903.4
1 24 116 5863.2
1 77 116 6249.5
1 78 116 6247.6
1 79 116 6260.2
1 16 117 6182.1
1 20 117 6023.7
1 80 117 6281.1
1 81 117 6279.2
1 82 117 6258.6
1 83 117 6231.1
1 84 117 6202.0
1 16 118 6219.5
1 17 118 6185.7
1 18 118 6138.6
1 19 118 6085.1
1 85 118 6131.5
1 85 119 6089.7
1 86 120 6072.5
1 86 121 6095.2
1 86 122 6120.0
1 86 123 6137.3
1 86 124 6149.7
1 86 125 6159.3
1 86 126 6166.4
1 86 127 6170.1
1 86 128 6170.7
1 86 129 6169.0
1 86 130 6166.3
1 86 131 6162.1
1 86 132 6155.2
1 86 133 6146.5
1 86 134 6134.7
1 86 135 6118.8
1 86 136 6099.7
1 85 137 6050.6
1 85 138 6037.7
1 84 139 6032.8
1 83 140 6073.8
1 82 141 6157.7
1 82 142 6174.0
1 81 143 6226.7
1 80 144 6287.2
1 79 145 6356.2
1 78 146 6419.8
1 77 147 6487.1
1 76 148 6559.0
1 75 149 6636.4
1 75 150 6700.7
1 75 151 6761.3
1 75 152 6821.9
1 75 153 6868.8
1 76 154 6862.0
1 77 154 6849.2
1 78 154 6839.0
1 79 155 6827.7
1 80 155 6815.1
1 81 156 6797.5
1 82 157 6771.0
1 82 158 6748.6
1 83 158 6734.5
1 84 159 6704.6
1 84 160 6676.8
1 84 161 6652.4
1 84 162 6628.5
1 85 163 6603.4
1 86 164 6574.0
1 87 165 6537.0
1 88 166 6502.2
1 89 167 6468.6
1 90 168 6387.2
1 90 169 6337.2
1 91 170 6269.8
1 92 171 6198.4
1 93 172 6167.7
1 94 173 6141.2
1 94 174 6138.8
1 95 175 6123.4
1 95 176 6109.0
1 95 177 6113.7
1 95 178 6120.7
1 95 179 6126.0
1 96 180 5954.7
1 97 181 5971.7
1 98 182 5989.2
1 99 183 6006.7
1 100 184 6022.5
1 101 185 6037.9
1 102 185 6046.3
1 103 185 6061.9
1 104 186 6096.3
1 105 186 6097.4
1 106 187 6100.6
1 107 188 6096.4
1 108 189 5914.1
1 108 190 5916.1
1 108 191 5917.1
1 108 192 5916.7
1 108 193 5912.5
1 107 194 5707.4
1 107 195 5703.4
1 107 196 5695.6
1 107 197 5685.3
1 107 198 5673.3
1 106 199 5634.9
1 106 200 5622.0
1 105 201 5576.1
1 105 202 5562.9
1 104 203 5522.4
1 104 204 5513.7
1 104 205 5498.7
1 104 206 5477.3
1 104 207 5444.2
1 98 208 5460.6
1 99 208 5470.7
1 100 208 5483.1
1 101 208 5496.0
1 102 208 5513.7
1 103 208 5542.4
1 97 209 5451.3
1 97 210 5450.1
1 97 211 5446.0
1 97 212 5440.7
1 96 213 5424.1
1 95 214 5416.7
1 95 215 5415.4
1 94 216 5408.0
1 94 217 5407.1
1 94 218 5406.4
1 95 219 5410.6
1 96 220 5414.1
1 97 221 5418.0
1 97 222 5416.9
1 98 223 5420.2
1 98 224 5418.8
1 99 225 5422.9
1 99 226 5421.0
1 100 227 5242.1
1 128 227 5398.5
1 129 227 5461.6
1 101 228 5248.0
1 107 228 5142.9
1 108 228 5167.8
1 109 228 5196.4
1 110 228 5228.4
1 111 228 5263.1
1 125 228 5283.4
1 126 228 5309.8
1 127 228 5318.0
1 130 228 5187.6
1 131 228 5194.1
1 132 228 5188.2
1 133 228 5189.3
1 134 228 5195.5
1 135 228 5209.9
1 136 228 5226.9
1 137 228 5240.2
1 138 228 5267.0
1 102 229 5252.8
1 106 229 5280.7
1 112 229 5117.3
1 118 229 5143.6
1 119 229 5162.0
1 120 229 5177.9
1 121 229 5192.0
1 122 229 5203.3
1 123 229 5212.7
1 124 229 5215.2
1 139 229 5340.3
1 103 230 5256.3
1 104 230 5258.9
1 105 230 5261.9
1 113 230 5133.9
1 114 230 5125.4
1 115 230 5121.1
1 116 230 5118.6
1 117 230 5110.7
1 140 230 5307.1
1 139 231 5374.7
1 137 232 5411.3
1 138 232 5410.6
1 136 233 5414.6
1 135 234 5407.4
1 133 235 5374.7
1 134 235 5388.0
1 132 236 5357.8
1 130 237 5314.5
1 131 237 5329.7
1 129 238 5303.3
1 128 239 5287.2
1 127 240 5267.3
1 127 241 5257.5
1 127 242 5244.6
1 128 243 5252.9
1 129 244 5251.2
1 129 245 5238.5
1 130 246 5234.7
1 131 246 5233.6
1 132 246 5236.5
1 133 246 5245.8
1 134 246 5263.2
1 135 246 5289.6
1 136 246 5316.8
1 137 246 5336.8
1 138 246 5358.8
1 139 247 5409.5
1 140 247 5434.0
1 141 247 5471.5
1 142 247 5514.8
1 143 248 5577.8
1 144 249 5671.3
1 144 250 5698.1
1 145 251 5749.9
1 145 252 5775.5
1 145 253 5795.8
1 146 254 5829.1
1 146 255 5826.5
1 146 256 5820.5
1 146 257 5812.6
1 146 258 5802.4
1 146 259 5790.6
1 146 260 5777.2
1 146 261 5764.9
1 146 262 5751.7
1 146 263 5738.5
1 146 264 5728.4
1 146 265 0.0
1 147 266 5482.8
1 147 267 5453.7
1 147 268 5428.8
1 147 269 5389.1
1 147 270 5356.1
1 148 271 5306.0
1 148 272 5279.2
1 148 273 5252.1
1 148 274 5230.3
1 149 274 5215.4
1 149 275 5175.8
1 149 276 5143.6
1 149 277 5091.0
1 149 278 5036.4
1 150 279 5132.7
1 150 280 5087.7
1 150 281 5046.5
1 150 282 5016.2
1 151 283 4932.5
1 151 284 4888.7
1 151 285 4855.4
1 152 286 4761.4
1 152 287 4706.8
1 152 288 4662.5
1 152 289 4628.0
1 153 290 4722.8
1 153 291 4696.3
1 153 292 4704.2
1 154 293 4715.0
1 154 294 4726.6
1 154 295 4736.1
1 154 296 4742.2
1 155 297 4760.1
1 155 298 4763.9
1 156 299 4586.8
1 157 299 4593.1
1 158 299 4602.6
1 159 299 4615.1
1 160 299 4631.1
1 161 299 4650.5
1 162 300 4681.7
1 162 301 4684.5
1 162 302 4683.6
1 162 303 4681.0
1 162 304 4678.3
1 163 305 4857.4
1 163 306 4848.4
1 163 307 4838.6
1 163 308 4829.3
1 163 309 4823.2
1 164 310 5039.4
1 165 311 5081.0
1 166 312 5152.7
1 167 313 5211.3
1 168 314 5244.2
1 168 315 5076.7
1 168 316 5081.0
1 169 316 5088.5
1 169 317 5094.3
1 170 317 5104.1
1 171 318 5105.2
1 171 319 5081.8
1 172 320 5033.9
1 172 321 4986.4
1 172 322 4938.1
1 172 323 4887.1
1 172 324 4847.4
1 173 325 4845.9
1 173 326 4849.5
1 173 327 4851.3
1 174 328 4860.7
1 174 329 4862.3
1 174 330 4863.3
1 175 331 4867.8
1 176 331 4871.8
1 177 331 4877.7
1 178 332 4887.1
1 179 333 4889.7
1 179 334 4886.6
1 179 335 4883.5
1 180 336 4881.0
1 181 337 4872.5
1 181 338 4867.8
1 187 338 4741.0
1 188 338 4762.1
1 189 338 4779.7
1 190 338 4793.4
1 182 339 4858.5
1 186 339 4873.5
1 191 339 4797.0
1 192 339 5216.0
1 182 340 4852.5
1 186 340 4857.8
1 193 340 5215.3
1 182 341 4848.9
1 186 341 4847.8
1 194 341 5215.2
1 195 341 5216.8
1 183 342 4845.3
1 184 342 4845.1
1 185 342 4844.6
1 186 342 4843.5
1 196 342 5216.5
1 196 343 5214.4
1 197 344 5213.3
1 198 345 5210.9
1 199 346 5208.8
1 200 346 5210.4
1 201 346 5212.6
1 202 346 5214.7
1 203 346 5215.5
1 204 346 4472.99
1 205 347 5199.5
1 206 347 5193.3
1 207 348 5398.8
1 207 349 5496.1
1 207 350 5637.0
1 206 351 5696.9
1 205 352 5701.7
1 205 353 5706.2
1 205 354 5711.2
1 206 355 5734.1
1 206 356 5742.3
1 207 357 5767.0
1 208 357 5784.2
1 209 358 5465.4
1 210 359 5522.7
1 211 359 5550.7
1 212 360 5470.5
1 212 361 5507.7
1 208 362 5529.9
1 209 362 5534.6
1 210 362 5541.7
1 211 362 5547.4
1 207 363 5526.1
1 206 364 5520.7
1 206 365 5522.0
1 206 366 5522.2
1 206 367 5521.4
1 206 368 5520.4
1 206 369 5519.2
1 207 369 5525.6
1 208 369 5542.1
1 209 369 5563.8
1 210 369 5588.2
1 211 369 5618.5
1 212 369 5654.9
1 213 369 5699.1
1 214 370 5595.6
1 215 370 5629.4
1 216 372 5626.7
1 214 373 5263.1
1 215 373 5351.3
1 214 374 5220.0
1 213 375 5270.2
1 212 376 5247.8
1 211 377 5194.7
1 211 378 5183.6
1 211 379 5178.1
1 211 380 5180.2
1 211 381 5189.3
1 211 382 5243.7
1 211 383 5293.5
1 212 384 45000.0
1 212 385 45000.0
1 212 386 45000.0
1 212 387 45000.0
1 212 388 45000.0
1 212 389 45000.0
1 212 390 45000.0
1 212 391 45000.0
1 212 392 45000.0
1 212 393 45000.0
1 213 394 45000.0
1 213 395 45000.0
1 213 396 45000.0
1 213 397 45000.0
1 213 398 45000.0
1 213 399 45000.0
1 213 400 45000.0
1 213 401 45000.0
1 213 402 45000.0
1 214 403 45000.0
1 214 404 45000.0
1 214 405 45000.0
1 214 406 45000.0
1 214 407 45000.0
1 214 409 45000.0
1 214 410 45000.0
1 214 411 45000.0
1 214 412 45000.0
1 214 413 45000.0
1 214 414 45000.0
1 214 415 45000.0
1 215 416 45000.0
1 215 417 45000.0
1 227 417 45000.0
1 228 417 45000.0
1 229 417 45000.0
1 216 418 45000.0
1 226 418 45000.0
1 230 418 45000.0
1 217 419 45000.0
1 218 419 45000.0
1 219 419 45000.0
1 220 419 45000.0
1 221 419 45000.0
1 222 419 45000.0
1 223 419 45000.0
1 224 419 45000.0
1 225 419 45000.0
1 229 419 45000.0
1 229 420 45000.0
1 226 421 45000.0
1 227 421 45000.0
1 228 421 45000.0
1 224 422 45000.0
1 225 422 45000.0
1 224 423 45000.0
1 224 424 45000.0
1 225 424 45000.0
1 226 424 45000.0
1 227 424 45000.0
1 228 424 45000.0
1 229 425 45000.0
1 229 426 45000.0
1 229 427 45000.0
1 229 428 45000.0
1 229 429 45000.0
1 228 430 45000.0
1 228 431 45000.0
1 228 432 45000.0
1 228 433 45000.0
1 228 434 45000.0
1 228 435 45000.0
1 229 435 45000.0
1 230 436 45000.0
1 230 437 45000.0
1 230 438 45000.0
1 230 439 45000.0
1 230 440 45000.0
1 230 441 45000.0
1 230 442 45000.0
1 230 443 45000.0
1 230 444 45000.0
1 230 445 45000.0
1 230 446 45000.0
1 230 447 45000.0
1 230 448 45000.0
1 230 449 45000.0
1 230 450 45000.0
1 230 451 45000.0
1 230 452 45000.0
1 230 453 45000.0
1 230 454 45000.0
1 230 455 45000.0
1 230 456 45000.0
1 231 457 45000.0
1 231 458 45000.0
1 231 459 45000.0
1 231 460 45000.0
1 232 461 45000.0
1 232 462 45000.0
1 232 463 45000.0
1 232 464 45000.0
1 233 464 45000.0
1 234 464 45000.0
1 235 464 45000.0
1 236 464 45000.0
1 237 464 45000.0
1 238 464 45000.0
1 239 465 45000.0
1 239 466 45000.0
1 239 467 5337.1
1 238 468 5337.1
1 238 469 5337.1
1 238 470 5337.1
1 239 471 5337.1
1 240 471 5337.1
1 241 472 5337.1
1 242 472 5337.1
1 243 472 5337.1
1 244 473 5337.1
1 245 474 5337.1
1 246 475 5337.1
1 246 476 5337.1
1 246 477 5337.1
1 246 478 5337.1
1 246 479 5337.1
1 246 480 5337.1
1 245 481 5337.1
1 245 482 5337.1
1 244 483 5337.1
1 243 484 5337.1
1 243 485 5337.1
1 243 486 5337.1
1 243 487 5337.1
1 243 488 5337.1
1 243 489 5337.1
1 242 490 5337.1
1 242 491 5337.1
1 241 492 5337.1
1 241 493 5337.1
1 240 494 5337.1
1 239 495 5337.1
1 238 496 5337.1
1 235 497 5337.1
1 236 497 5337.1
1 237 497 5337.1
1 233 498 5337.1
1 234 498 5337.1
1 233 499 5337.1
1 232 500 5337.1
1 231 501 5337.1
1 231 502 5337.1
1 231 503 5337.1
1 231 504 5337.1
1 231 505 5337.1
1 231 506 5337.1
1 231 507 5337.1
1 231 508 5337.1
1 231 509 5337.1
1 231 510 5337.1
1 231 511 5337.1
1 231 512 5337.1
1 231 513 5337.1
1 231 514 5337.1
1 231 515 5337.1
1 232 516 5337.1
1 232 517 5337.1
1 232 518 5337.1
1 233 519 5337.1
1 233 520 5337.1
1 233 521 5337.1
1 234 522 5337.1
1 234 523 5337.1
1 235 524 5337.1
1 235 525 5337.1
1 236 525 5337.1
1 237 525 5337.1
1 238 525 5337.1
1 239 526 5337.1
1 239 527 5337.1
1 240 528 5437.9
1 240 529 5453.1
1 241 530 5519.7
1 241 531 5549.7
1 241 532 5566.6
1 241 533 5578.1
1 241 534 5586.4
1 242 535 5064.8
1 242 536 5076.1
1 243 536 5094.1
1 244 536 5126.6
1 245 536 5155.2
1 246 537 5210.6
1 246 538 5227.7
1 247 539 5267.6
1 248 540 5303.1
1 249 540 5315.2
1 250 540 5331.6
1 251 541 5365.2
1 250 544 5398.8
1 251 544 5401.1
1 245 545 5344.2
1 246 545 5355.4
1 247 545 5374.0
1 248 545 5387.7
1 249 545 5393.2
1 243 546 5317.7
1 244 546 5321.7
1 243 547 5318.4
1 242 548 5314.5
1 242 549 5314.8
1 241 550 5308.6
1 241 551 5306.9
1 240 552 5296.5
1 239 553 5285.5
1 238 554 0.0
1 237 555 5249.9
1 236 556 5248.8
1 236 557 5248.8
1 232 558 5189.1
1 233 558 5186.1
1 234 558 5193.8
1 235 558 5197.3
1 232 559 5201.2
1 231 560 5201.4
1 231 561 5209.8
1 231 562 5216.5
1 231 563 5221.6
1 231 564 5222.9
1 230 565 5389.7
1 230 566 5382.9
1 230 567 5372.0
1 230 568 5359.6
1 215 371 5678.1
1 39 51 6043.2
1 39 52 5967.8
1 38 53 5714.5
1 38 54 5641.8
1 37 55 5375.6
1 36 56 5152.8
1 35 57 4950.0
1 35 58 4889.0
1 35 59 4787.7
1 35 60 8397.7
1 35 61 8262.3
1 35 62 8125.5
1 35 63 7985.2
1 35 64 7841.2
1 35 65 7693.4
1 35 66 7542.6
1 35 67 7395.4
1 35 68 7276.3
1 36 69 10770.0
1 36 70 10502.6
1 36 71 10250.3
1 36 72 10007.1
1 36 73 9772.1
1 36 74 9559.1
1 36 75 9377.7
1 36 76 9287.9
1 36 77 9255.2
1 230 569 5347.0
1 230 570 5333.5
1 230 571 5317.4
1 230 572 5306.0
1 230 573 5316.9
1 230 574 5332.4
1 230 575 5342.6
1 230 576 5344.7
1 230 577 5179.6
1 230 578 5212.8
1 230 579 5245.9
1 230 580 5275.3
1 230 581 5278.4
1 230 582 5283.8
1 230 583 5286.3
1 230 584 5285.4
1 230 585 5282.0
1 230 586 5277.4
1 230 587 5271.3
1 230 588 5267.4
1 229 589 5251.5
1 229 590 5242.2
1 228 591 5219.5
1 228 592 5203.8
1 228 593 5186.5
1 228 594 5164.3
1 227 595 5120.1
1 227 596 5096.9
1 227 597 5068.8
1 227 598 5035.6
1 227 599 4786.4
1 226 600 4700.2
1 226 601 4698.2
1 226 602 4696.9
1 226 603 4697.6
1 225 604 4268.5
1 224 605 4268.5
1 223 606 4290.4
1 222 607 4310.8
1 223 605 4275.0
1 114 114 -3793.94
1 117 120 -1115.06
1 121 111 -1826.71
1 121 113 -1545.68
1 124 115 -281.03
1 125 116 -1264.65
1 126 120 -421.55
1 129 121 -8571.48
1 130 122 -693.5060000000001
1 133 112 -18548.1
1 135 194 -1255.57
1 138 201 -3372.39
1 139 168 -983.61
1 140 168 -2950.84
1 141 191 -5620.65
1 143 126 -11100.8
1 143 172 -3793.94
1 143 190 -2810.32
1 144 166 -6604.26
1 144 172 -4215.48
1 144 182 -6885.29
1 144 190 -1545.68
1 145 161 -9836.13
1 145 164 -140.52
1 146 117 -6323.23
1 146 188 -140.52
1 146 190 -2107.74
1 147 132 -2529.29
1 147 145 -693.5060000000001
1 148 167 -7868.9
1 148 176 -693.5060000000001
1 148 196 -3653.42
1 149 145 -9133.55
1 149 146 -6604.26
1 150 124 -5199.1
1 150 128 -140.52
1 150 141 -2950.84
1 150 198 -10257.7
1 151 142 -7587.87
1 151 195 -5761.16
1 152 123 -10257.7
1 152 125 -1115.06
1 152 132 -1536.61
1 153 142 -71382.2
1 153 192 -7868.9
1 154 125 -140.52
1 154 171 -1817.64
1 154 249 -421.55
1 155 112 -7025.81
1 155 129 -281.03
1 155 141 -102015.0
1 156 129 -138268.0
1 156 146 -43419.5
1 157 116 -6604.26
1 157 135 -3073.2
1 157 140 -41030.7
1 157 251 -562.06
1 158 133 -6033.12
1 158 137 -6323.23
1 158 181 -20796.4
1 159 119 -50023.7
1 159 173 -14051.6
1 161 125 -281.03
1 161 188 -12224.9
1 162 119 -1264.65
1 162 121 -18267.1
1 162 128 -158643.0
1 162 132 -12646.5
1 162 140 -702.58
1 162 167 -1405.16
1 162 169 -1826.71
1 163 138 -1958.16
1 164 135 -3372.39
1 164 187 -8149.94
1 165 130 -7166.32
1 165 131 -421.55
1 166 126 -983.61
1 168 123 -421.55
1 168 208 -4215.48
1 169 163 -8430.97
1 170 131 -5339.61
1 170 132 -983.61
1 170 163 -3512.9
1 171 131 -4637.03
1 171 132 -4356.0
1 172 130 -5480.13
1 172 218 -11522.3
1 173 224 -4356.0
1 174 123 -421.55
1 175 134 -1405.16
1 175 204 -702.58
1 176 176 -2248.26
1 176 202 -140.52
1 177 133 -12927.5
1 177 211 -3091.35
1 178 164 -6463.74
1 179 181 -12224.9
1 179 183 -6885.29
1 179 210 -12927.5
1 180 208 -17986.1
1 183 184 -8712.0
1 184 246 -2529.29
1 187 200 -7306.84
1 188 198 -7025.81
1 188 240 -1264.65
1 188 258 -1405.16
1 191 191 -83326.1
1 191 281 -1124.13
1 193 256 -1124.13
1 193 260 -17947.4
1 197 204 -1967.23
1 197 252 -281.03
1 198 297 -140.52
1 198 298 -693.5060000000001
1 199 211 -3091.35
1 199 231 -421.55
1 199 298 -693.5060000000001
1 200 298 -693.5060000000001
1 201 234 -140.52
1 203 275 -1826.71
1 203 280 -281.03
1 204 248 -16907.5
1 205 300 -728.7760000000001
1 206 196 -15878.3
1 206 286 -1608.19
1 206 300 -1387.01
1 210 264 -140.52
1 211 255 -1826.71
1 212 226 -140.52
1 213 264 -140.52
1 213 300 -140.52
1 214 240 -7025.81
1 215 260 -843.1
1 216 238 -1264.65
1 216 267 -421.55
1 217 264 -562.06
1 217 365 -562.06
1 218 179 -50445.3
1 219 310 -421.55
1 221 284 -10568.5
1 222 352 -7933.75
1 222 358 -140.52
1 222 369 -14051.6
1 223 271 -702.58
1 224 301 -702.58
1 224 374 -5755.41
1 226 311 -843.1
1 226 350 -146.88
1 226 365 -1676.81
1 226 382 -11618.2
1 228 225 -702.58
1 230 255 -983.61
1 230 361 -702.58
1 231 401 -693.5060000000001
1 232 256 -421.55
1 232 364 -289.69
1 232 370 -13196.9
1 233 337 -693.5060000000001
1 233 376 -2169.51
1 233 394 -1387.01
1 233 399 -65621.0
1 234 304 -3637.3
1 234 393 -693.5060000000001
1 235 400 -1405.16
1 236 263 -281.03
1 236 351 -562.06
1 237 237 -2248.26
1 237 316 -25855.8
1 237 357 -2245.84
1 237 389 -693.5060000000001
1 238 221 -140.52
1 238 398 -34.2
1 238 605 -3505.7
1 238 609 -1387.01
1 239 338 -281.03
1 239 426 -702.58
1 239 605 -3467.53
1 239 606 -2080.52
1 239 619 -693.5060000000001
1 240 380 -693.5060000000001
1 240 426 -693.5060000000001
1 240 608 -2774.03
1 241 335 -421.55
1 241 342 -702.58
1 241 604 -693.5060000000001
1 242 311 -5662.55
1 243 357 -843.1
1 243 371 -8235.26
1 243 389 -2107.74
1 243 422 -140.52
1 243 431 -170.85
1 243 605 -3467.53
1 244 431 -93.99
1 244 605 -4161.04
1 244 621 -1387.01
1 245 238 -9414.58
1 245 322 -25367.6
1 245 337 -693.5060000000001
1 245 370 -1396.32
1 245 621 -693.5060000000001
1 246 321 -3561.39
1 246 618 -2080.52
1 247 344 -693.5060000000001
1 247 383 -10507.3
1 247 384 -2153800.0
1 248 251 -22597.7
1 248 424 -2810.32
1 248 436 -2248.26
1 248 444 -19845.1
1 248 589 -3512.9
1 249 373 -693.5060000000001
1 249 389 -7728.39
1 249 424 -6033.12
1 249 430 -26345.3
1 249 436 -5344.56
1 249 443 -4288.51
1 249 606 -3467.53
1 250 239 -10538.7
1 250 326 -2485.19
1 250 424 -693.5060000000001
1 250 425 -704969.0
1 250 431 -35779.8
1 250 595 -2221.04
1 251 300 -1264.65
1 251 333 -406.34
1 251 356 -22997.4
1 251 408 -409.98
1 251 456 -834.0260000000001
1 251 457 -17.15
1 251 594 -693.5060000000001
1 251 595 -718.4860000000001
1 251 596 -1387.01
1 252 230 -843.1
1 252 285 -421.55
1 252 329 -29609.8
1 252 450 -843.1
1 252 595 -693.5060000000001
1 252 606 -693.5060000000001
1 253 298 -140.52
1 253 331 -12819.4
1 253 332 -16001.6
1 253 416 -140.52
1 253 420 -8936.19
1 253 445 -75611.5
1 254 338 -843.1
1 254 367 -562.06
1 254 407 -757.91
1 254 597 -693.5060000000001
1 254 607 -974.5360000000001
1 255 381 -29508.4
1 255 383 -47353.9
1 255 388 -42435.9
1 255 395 -2248.26
1 255 420 -6042.19
1 255 439 -13630.1
1 255 443 -50264.0
1 255 595 -693.5060000000001
1 255 596 -693.5060000000001
1 255 606 -693.5060000000001
1 255 609 -1387.01
1 255 610 -35907.7
1 256 314 -6293.99
1 256 335 -702.58
1 256 370 -4101.96
1 256 413 -3091.35
1 256 586 -65770.4
1 256 593 -2774.03
1 257 238 -140.52
1 257 324 -4588.71
1 257 413 -2669.81
1 257 576 -4580.88
1 257 599 -5214.39
1 257 600 -64496.9
1 258 325 -8158.89
1 258 336 -3351.47
1 258 418 -126902.0
1 258 420 -440.63
1 258 442 -588134.0
1 258 464 -3793.94
1 258 585 -4161.04
1 258 595 -1387.01
1 258 601 -23606.7
1 258 602 -112290.0
1 259 340 -1958.16
1 259 371 -4960.74
1 259 405 -113043.0
1 259 588 -44195.9
1 259 592 -1125.25
1 259 593 -966.796
1 260 342 -421.55
1 260 349 -702.58
1 260 407 -2721340.0
1 260 413 -154221.0
1 260 424 -624.7
1 260 461 -1826.71
1 260 463 -58173.7
1 260 464 -29789.4
1 260 585 -30931.3
1 260 586 -85132.3
1 260 587 -12965.2
1 261 337 -4215.48
1 261 355 -702.58
1 261 381 -208852.0
1 261 395 -1321.89
1 261 416 -19953.3
1 261 418 -693.5060000000001
1 261 429 -43153.0
1 261 464 -47213.4
1 261 492 -693.5060000000001
1 261 571 -5199.1
1 261 576 -22888.6
1 262 345 -562.06
1 262 449 -140.52
1 262 540 -379.82
1 262 564 -4096.42
1 262 567 -47762.8
1 262 568 -19812.8
1 262 570 -76159.7
1 262 571 -1405.16
1 263 340 -140.52
1 263 471 -6042.19
1 263 477 -4777.55
1 263 520 -1387.01
1 263 574 -140.52
1 263 582 -3764.03
1 264 344 -281.03
1 264 345 -702.58
1 264 355 -281.03
1 264 367 -1536.61
1 264 383 -27279.5
1 264 407 -3934.45
1 264 428 -127010.0
1 264 468 -72.9
1 264 471 -5199.1
1 264 476 -61686.6
1 264 477 -843.1
1 264 523 -2642.58
1 264 524 -562.06
1 264 549 -2855.08
1 265 364 -16457.2
1 265 374 -136027.0
1 265 380 -48.25
1 265 422 -163915.0
1 265 523 -2128.71
1 266 337 -693.5060000000001
1 266 462 -281.03
1 267 391 -15175.7
1 267 463 -1686.19
1 267 555 -693.5060000000001
1 267 556 -693.5060000000001
1 268 333 -562.06
1 268 334 -562.06
1 268 436 -1213940.0
1 268 455 -29.48
1 268 479 -421.55
1 268 480 -421.55
1 268 489 -7362.15
1 268 545 -39401.8
1 269 363 -693.5060000000001
1 269 397 -64356.4
1 269 450 -1826.71
1 269 456 -10205.6
1 269 541 -693.5060000000001
1 270 337 -140.52
1 270 352 -140.52
1 270 397 -21077.4
1 270 412 -96057.6
1 270 429 -846.98
1 270 481 -693.5060000000001
1 270 483 -1440.81
1 270 484 -693.5060000000001
1 270 486 -7639.45
1 270 498 -983.61
1 271 319 -45183.4
1 271 335 -140.52
1 271 368 -140.52
1 271 371 -1967.23
1 271 415 -56400.8
1 271 451 -6323.23
1 271 485 -276.93
1 271 493 -102836.0
1 271 498 -112413.0
1 271 537 -73828.1
1 272 336 -14.2
1 272 337 -18387.0
1 272 351 -562.06
1 272 366 -562.06
1 272 368 -26417.0
1 272 450 -5480.13
1 272 451 -25995.5
1 272 453 -281.03
1 272 462 -2389540.0
1 272 490 -281.03
1 272 491 -13.94
1 272 497 -31723.1
1 272 498 -87963.1
1 272 530 -9130.93
1 272 532 -52448.2
1 272 535 -4075.48
1 273 363 -281.03
1 273 410 -1405.16
1 273 480 -12927.5
1 273 510 -1958.16
1 273 516 -20477.6
1 273 517 -485832.0
1 273 518 -354.19
1 274 409 -3091.35
1 274 520 -28665.3
1 274 523 -281.03
1 275 367 -77845.9
1 275 441 -293901.0
1 275 450 -24449.8
1 276 364 -2810.32
1 276 366 -61967.6
1 276 446 -2669.81
1 277 294 -132717.0
1 277 390 -4637.03
1 277 407 -953526.0
1 277 431 -5454.74
1 277 454 -5480.13
1 277 468 -140.52
1 277 472 -17290.9
1 277 480 -75020.1
1 277 482 -7025.81
1 278 365 -12787.0
1 278 435 -1757.47
1 278 482 -7166.32
1 279 310 -25913.3
1 279 336 -843.1
1 279 433 -165285.0
1 279 438 -306239.0
1 279 449 -562.06
1 279 475 -85784.3
1 279 485 -12927.5
1 280 433 -12262.6
1 280 442 -10960.3
1 280 469 -20180.0
1 280 471 -44538.5
1 281 458 -601902.0
1 282 409 -5620.65
1 282 424 -1826.71
1 282 430 -562.06
1 282 436 -3292.61
1 282 454 -877.2
1 282 457 -514.93
1 283 429 -298035.0
1 283 449 -34809.9
1 283 452 -21013.5
1 283 455 -79739.5
1 283 468 -37808.7
1 284 339 -16825.7
1 284 457 -5339.61
1 284 463 -540799.0
1 284 481 -8106.68
1 285 306 -11489.6
1 285 336 -159.6
1 285 374 -562.06
1 285 467 -106409.0
1 285 475 -92290.4
1 286 330 -48968.1
1 286 425 -271869.0
1 286 475 -41980.2
1 286 477 -8791.45
1 287 329 -620.03
1 287 388 -15422.1
1 287 426 -693.5060000000001
1 287 477 -22293.0
1 288 419 -9836.13
1 288 423 -1079.63
1 288 426 -693.5060000000001
1 289 351 -12787.0
1 289 404 -190100.0
1 289 459 -27801.3
1 289 468 -4953.28
1 290 374 -1967.23
1 290 382 -612037.0
1 290 402 -4322.63
1 290 411 -6604.26
1 290 412 -18688.7
1 290 413 -18548.1
1 290 420 -769.79
1 291 350 -702.58
1 291 355 -7172.0
1 291 373 -1405.16
1 291 419 -1478760.0
1 292 361 -281.03
1 292 365 -12787.0
1 292 416 -702.58
1 292 469 -48320.3
1 294 435 -11241.3
1 294 447 -46627.6
1 294 458 -7490.73
1 295 391 -36674.7
1 295 430 -3525.05
1 296 388 -2264.44
1 296 398 -57042.9
1 296 406 -51768.9
1 296 433 -8852.52
1 297 381 -281.03
1 297 383 -702.58
1 297 395 -143077.0
1 297 401 -46400.1
1 297 402 -29759.1
1 297 413 -1445270.0
1 297 415 -78548.5
1 297 442 -44750.1
1 298 389 -140.52
1 298 390 -140.52
1 299 355 -1737.77
1 299 387 -559.65
1 334 405 -22342.1
1 102 110 -693.5060000000001
1 102 113 -693.5060000000001
1 103 100 -693.5060000000001
1 103 104 -693.5060000000001
1 104 115 -693.5060000000001
1 105 115 -693.5060000000001
1 105 139 -693.5060000000001
1 108 117 -693.5060000000001
1 109 112 -693.5060000000001
1 111 155 -693.5060000000001
1 111 208 -693.5060000000001
1 112 181 -693.5060000000001
1 113 111 -693.5060000000001
1 113 159 -693.5060000000001
1 113 211 -693.5060000000001
1 114 173 -693.5060000000001
1 114 212 -1387.01
1 115 212 -1387.01
1 116 121 -693.5060000000001
1 116 150 -693.5060000000001
1 116 166 -693.5060000000001
1 117 119 -693.5060000000001
1 117 168 -693.5060000000001
1 117 210 -693.5060000000001
1 119 194 -693.5060000000001
1 119 202 -693.5060000000001
1 119 96 -693.5060000000001
1 120 155 -693.5060000000001
1 120 94 -693.5060000000001
1 121 187 -693.5060000000001
1 123 110 -693.5060000000001
1 123 111 -693.5060000000001
1 123 158 -693.5060000000001
1 123 168 -693.5060000000001
1 123 193 -693.5060000000001
1 123 202 -1387.01
1 125 150 -693.5060000000001
1 125 151 -693.5060000000001
1 125 193 -693.5060000000001
1 125 194 -693.5060000000001
1 126 121 -693.5060000000001
1 126 191 -693.5060000000001
1 126 195 -693.5060000000001
1 127 150 -693.5060000000001
1 127 160 -693.5060000000001
1 127 169 -693.5060000000001
1 127 195 -693.5060000000001
1 127 199 -1387.01
1 128 122 -693.5060000000001
1 128 148 -693.5060000000001
1 128 149 -693.5060000000001
1 128 152 -693.5060000000001
1 128 153 -693.5060000000001
1 128 154 -693.5060000000001
1 128 157 -693.5060000000001
1 128 199 -693.5060000000001
1 129 117 -693.5060000000001
1 129 119 -693.5060000000001
1 129 122 -693.5060000000001
1 129 146 -693.5060000000001
1 129 154 -1387.01
1 129 162 -693.5060000000001
1 129 176 -693.5060000000001
1 130 120 -693.5060000000001
1 130 154 -693.5060000000001
1 130 155 -693.5060000000001
1 130 156 -2080.52
1 130 194 -693.5060000000001
1 131 112 -693.5060000000001
1 131 121 -693.5060000000001
1 131 122 -693.5060000000001
1 131 150 -693.5060000000001
1 131 156 -693.5060000000001
1 131 157 -693.5060000000001
1 131 158 -693.5060000000001
1 131 161 -1387.01
1 131 198 -693.5060000000001
1 132 112 -693.5060000000001
1 132 155 -693.5060000000001
1 132 156 -693.5060000000001
1 132 160 -693.5060000000001
1 132 161 -1387.01
1 133 155 -693.5060000000001
1 133 159 -693.5060000000001
1 133 160 -1387.01
1 133 192 -1387.01
1 133 193 -693.5060000000001
1 134 148 -693.5060000000001
1 134 150 -693.5060000000001
1 134 151 -693.5060000000001
1 134 156 -693.5060000000001
1 134 191 -693.5060000000001
1 134 193 -2774.03
1 135 148 -3467.53
1 135 149 -1387.01
1 135 156 -693.5060000000001
1 135 157 -693.5060000000001
1 135 193 -2080.52
1 136 147 -693.5060000000001
1 136 148 -693.5060000000001
1 136 149 -693.5060000000001
1 136 150 -1387.01
1 136 153 -693.5060000000001
1 136 155 -693.5060000000001
1 137 148 -693.5060000000001
1 137 150 -693.5060000000001
1 137 153 -1387.01
1 137 154 -693.5060000000001
1 137 157 -2080.52
1 137 175 -693.5060000000001
1 137 206 -693.5060000000001
1 138 151 -693.5060000000001
1 138 152 -693.5060000000001
1 138 153 -2080.52
1 138 168 -693.5060000000001
1 138 169 -693.5060000000001
1 139 151 -693.5060000000001
1 140 138 -693.5060000000001
1 140 155 -2774.03
1 140 156 -693.5060000000001
1 140 171 -693.5060000000001
1 140 180 -693.5060000000001
1 141 149 -693.5060000000001
1 141 154 -1387.01
1 141 157 -693.5060000000001
1 141 171 -693.5060000000001
1 141 199 -1387.01
1 142 155 -693.5060000000001
1 142 156 -693.5060000000001
1 142 157 -693.5060000000001
1 142 158 -693.5060000000001
1 142 174 -693.5060000000001
1 142 179 -693.5060000000001
1 142 201 -693.5060000000001
1 143 146 -693.5060000000001
1 143 157 -2080.52
1 144 142 -1387.01
1 144 173 -693.5060000000001
1 145 142 -693.5060000000001
1 145 143 -693.5060000000001
1 145 151 -693.5060000000001
1 145 187 -693.5060000000001
1 145 226 -693.5060000000001
1 146 140 -693.5060000000001
1 146 141 -1387.01
1 146 145 -693.5060000000001
1 146 208 -693.5060000000001
1 146 229 -693.5060000000001
1 146 230 -693.5060000000001
1 146 232 -693.5060000000001
1 147 139 -2080.52
1 147 140 -693.5060000000001
1 147 141 -693.5060000000001
1 147 142 -693.5060000000001
1 147 229 -693.5060000000001
1 147 230 -693.5060000000001
1 147 233 -693.5060000000001
1 147 239 -693.5060000000001
1 147 240 -693.5060000000001
1 148 217 -693.5060000000001
1 148 221 -693.5060000000001
1 149 127 -693.5060000000001
1 149 147 -693.5060000000001
1 149 154 -693.5060000000001
1 149 222 -693.5060000000001
1 149 253 -693.5060000000001
1 150 160 -693.5060000000001
1 150 164 -693.5060000000001
1 150 177 -693.5060000000001
1 150 227 -693.5060000000001
1 150 236 -693.5060000000001
1 151 128 -693.5060000000001
1 151 228 -693.5060000000001
1 152 153 -693.5060000000001
1 152 173 -693.5060000000001
1 152 176 -693.5060000000001
1 152 222 -693.5060000000001
1 152 228 -693.5060000000001
1 153 126 -693.5060000000001
1 153 136 -693.5060000000001
1 153 155 -693.5060000000001
1 153 232 -693.5060000000001
1 153 238 -693.5060000000001
1 153 253 -693.5060000000001
1 154 126 -693.5060000000001
1 154 133 -693.5060000000001
1 154 161 -693.5060000000001
1 154 172 -693.5060000000001
1 154 220 -693.5060000000001
1 154 244 -693.5060000000001
1 155 170 -1387.01
1 155 216 -693.5060000000001
1 155 262 -693.5060000000001
1 156 160 -693.5060000000001
1 156 211 -693.5060000000001
1 156 223 -693.5060000000001
1 157 132 -693.5060000000001
1 157 133 -693.5060000000001
1 157 134 -2080.52
1 157 136 -693.5060000000001
1 157 194 -693.5060000000001
1 157 207 -693.5060000000001
1 157 240 -693.5060000000001
1 158 135 -693.5060000000001
1 158 248 -693.5060000000001
1 159 152 -693.5060000000001
1 159 231 -693.5060000000001
1 159 240 -693.5060000000001
1 159 247 -693.5060000000001
1 159 248 -693.5060000000001
1 159 250 -693.5060000000001
1 159 251 -693.5060000000001
1 159 257 -693.5060000000001
1 160 133 -693.5060000000001
1 160 249 -1387.01
1 160 251 -1387.01
1 160 252 -693.5060000000001
1 160 253 -693.5060000000001
1 160 262 -693.5060000000001
1 161 144 -1387.01
1 161 251 -693.5060000000001
1 161 253 -693.5060000000001
1 162 137 -1387.01
1 162 252 -1387.01
1 162 253 -693.5060000000001
1 163 152 -693.5060000000001
1 163 190 -693.5060000000001
1 163 236 -693.5060000000001
1 164 278 -693.5060000000001
1 164 290 -693.5060000000001
1 164 299 -693.5060000000001
1 165 133 -1387.01
1 165 134 -1387.01
1 165 135 -693.5060000000001
1 165 290 -693.5060000000001
1 166 131 -693.5060000000001
1 166 132 -693.5060000000001
1 166 133 -1387.01
1 166 134 -693.5060000000001
1 166 135 -693.5060000000001
1 166 210 -693.5060000000001
1 166 254 -693.5060000000001
1 166 255 -693.5060000000001
1 167 127 -693.5060000000001
1 167 132 -1387.01
1 167 133 -1387.01
1 167 134 -2080.52
1 167 256 -693.5060000000001
1 167 288 -693.5060000000001
1 167 294 -693.5060000000001
1 168 130 -693.5060000000001
1 168 131 -693.5060000000001
1 168 132 -2774.03
1 168 133 -2774.03
1 168 286 -693.5060000000001
1 168 287 -1387.01
1 168 291 -1387.01
1 169 128 -1387.01
1 169 129 -2774.03
1 169 131 -693.5060000000001
1 169 132 -3467.53
1 169 133 -2080.52
1 169 134 -6241.56
1 169 135 -693.5060000000001
1 169 236 -693.5060000000001
1 169 260 -693.5060000000001
1 169 271 -693.5060000000001
1 169 287 -693.5060000000001
1 169 290 -693.5060000000001
1 170 133 -2080.52
1 170 134 -8322.08
1 170 136 -693.5060000000001
1 170 187 -693.5060000000001
1 170 256 -693.5060000000001
1 170 287 -693.5060000000001
1 170 292 -693.5060000000001
1 171 133 -1387.01
1 171 134 -693.5060000000001
1 171 136 -3467.53
1 171 290 -693.5060000000001
1 172 257 -693.5060000000001
1 172 284 -693.5060000000001
1 172 295 -1387.01
1 172 311 -693.5060000000001
1 173 258 -693.5060000000001
1 173 278 -693.5060000000001
1 173 290 -693.5060000000001
1 173 292 -693.5060000000001
1 173 293 -1387.01
1 173 294 -693.5060000000001
1 174 124 -693.5060000000001
1 174 253 -693.5060000000001
1 174 261 -693.5060000000001
1 174 270 -693.5060000000001
1 174 283 -693.5060000000001
1 174 289 -693.5060000000001
1 174 293 -693.5060000000001
1 175 260 -693.5060000000001
1 175 288 -693.5060000000001
1 175 292 -1387.01
1 175 293 -693.5060000000001
1 175 296 -693.5060000000001
1 175 305 -693.5060000000001
1 176 274 -693.5060000000001
1 176 305 -693.5060000000001
1 177 289 -693.5060000000001
1 177 290 -693.5060000000001
1 178 243 -693.5060000000001
1 178 280 -693.5060000000001
1 178 285 -693.5060000000001
1 178 302 -693.5060000000001
1 178 305 -693.5060000000001
1 178 306 -693.5060000000001
1 178 311 -693.5060000000001
1 179 278 -693.5060000000001
1 179 285 -693.5060000000001
1 180 149 -693.5060000000001
1 180 286 -693.5060000000001
1 181 297 -693.5060000000001
1 181 307 -693.5060000000001
1 181 308 -693.5060000000001
1 183 242 -693.5060000000001
1 183 285 -693.5060000000001
1 183 295 -693.5060000000001
1 183 308 -693.5060000000001
1 183 309 -693.5060000000001
1 183 318 -693.5060000000001
1 184 263 -693.5060000000001
1 184 285 -693.5060000000001
1 184 313 -693.5060000000001
1 184 319 -693.5060000000001
1 185 257 -693.5060000000001
1 185 305 -693.5060000000001
1 185 306 -693.5060000000001
1 185 307 -693.5060000000001
1 185 315 -693.5060000000001
1 186 255 -693.5060000000001
1 186 265 -693.5060000000001
1 186 307 -1387.01
1 186 310 -693.5060000000001
1 188 262 -693.5060000000001
1 188 294 -693.5060000000001
1 188 295 -693.5060000000001
1 189 295 -693.5060000000001
1 189 309 -693.5060000000001
1 190 307 -693.5060000000001
1 190 308 -693.5060000000001
1 190 324 -693.5060000000001
1 191 292 -1387.01
1 191 304 -693.5060000000001
1 191 305 -693.5060000000001
1 192 258 -693.5060000000001
1 192 284 -693.5060000000001
1 192 304 -693.5060000000001
1 192 316 -693.5060000000001
1 192 319 -693.5060000000001
1 193 262 -693.5060000000001
1 193 301 -693.5060000000001
1 193 311 -693.5060000000001
1 193 313 -1387.01
1 194 284 -693.5060000000001
1 194 313 -693.5060000000001
1 195 269 -693.5060000000001
1 195 287 -693.5060000000001
1 195 289 -693.5060000000001
1 195 300 -693.5060000000001
1 195 311 -693.5060000000001
1 195 313 -693.5060000000001
1 196 269 -693.5060000000001
1 196 275 -693.5060000000001
1 196 303 -693.5060000000001
1 196 324 -693.5060000000001
1 196 333 -693.5060000000001
1 197 264 -693.5060000000001
1 197 283 -693.5060000000001
1 197 300 -693.5060000000001
1 197 322 -693.5060000000001
1 197 325 -693.5060000000001
1 198 242 -693.5060000000001
1 198 276 -1387.01
1 198 309 -693.5060000000001
1 198 311 -693.5060000000001
1 199 283 -693.5060000000001
1 199 311 -693.5060000000001
1 199 324 -693.5060000000001
1 200 280 -693.5060000000001
1 200 286 -693.5060000000001
1 200 296 -693.5060000000001
1 200 299 -693.5060000000001
1 200 306 -693.5060000000001
1 200 307 -693.5060000000001
1 200 312 -693.5060000000001
1 200 343 -693.5060000000001
1 200 345 -693.5060000000001
1 201 257 -693.5060000000001
1 202 280 -693.5060000000001
1 202 287 -693.5060000000001
1 202 297 -693.5060000000001
1 202 301 -693.5060000000001
1 202 302 -693.5060000000001
1 203 215 -693.5060000000001
1 203 304 -693.5060000000001
1 203 305 -693.5060000000001
1 203 309 -693.5060000000001
1 203 315 -693.5060000000001
1 205 263 -693.5060000000001
1 205 303 -693.5060000000001
1 205 304 -693.5060000000001
1 205 317 -693.5060000000001
1 205 318 -693.5060000000001
1 205 319 -693.5060000000001
1 206 264 -693.5060000000001
1 206 270 -693.5060000000001
1 206 301 -693.5060000000001
1 206 304 -693.5060000000001
1 206 315 -693.5060000000001
1 206 317 -1387.01
1 207 262 -693.5060000000001
1 207 300 -693.5060000000001
1 207 301 -1387.01
1 207 303 -693.5060000000001
1 207 304 -693.5060000000001
1 207 306 -1387.01
1 207 315 -693.5060000000001
1 207 317 -693.5060000000001
1 208 298 -1387.01
1 208 299 -1387.01
1 208 306 -693.5060000000001
1 208 317 -693.5060000000001
1 208 328 -693.5060000000001
1 209 284 -693.5060000000001
1 209 297 -693.5060000000001
1 209 302 -693.5060000000001
1 210 284 -693.5060000000001
1 210 301 -693.5060000000001
1 210 302 -693.5060000000001
1 210 342 -693.5060000000001
1 211 301 -693.5060000000001
1 211 321 -693.5060000000001
1 212 295 -693.5060000000001
1 212 347 -693.5060000000001
1 213 226 -693.5060000000001
1 213 287 -693.5060000000001
1 213 303 -693.5060000000001
1 213 329 -693.5060000000001
1 214 319 -693.5060000000001
1 215 289 -693.5060000000001
1 215 311 -693.5060000000001
1 215 353 -693.5060000000001
1 216 323 -693.5060000000001
1 216 341 -693.5060000000001
1 217 244 -693.5060000000001
1 217 249 -693.5060000000001
1 217 351 -693.5060000000001
1 218 209 -693.5060000000001
1 218 243 -693.5060000000001
1 218 292 -693.5060000000001
1 218 345 -1387.01
1 221 240 -693.5060000000001
1 221 611 -693.5060000000001
1 222 254 -693.5060000000001
1 222 362 -693.5060000000001
1 224 338 -693.5060000000001
1 224 359 -693.5060000000001
1 225 323 -693.5060000000001
1 225 329 -693.5060000000001
1 225 332 -693.5060000000001
1 225 368 -693.5060000000001
1 225 373 -693.5060000000001
1 225 378 -693.5060000000001
1 225 382 -1387.01
1 226 323 -693.5060000000001
1 226 388 -1387.01
1 226 618 -693.5060000000001
1 227 315 -693.5060000000001
1 228 606 -693.5060000000001
1 229 385 -1387.01
1 229 392 -693.5060000000001
1 229 393 -693.5060000000001
1 229 397 -2774.03
1 229 618 -3467.53
1 230 338 -693.5060000000001
1 230 373 -1387.01
1 230 384 -693.5060000000001
1 230 392 -1387.01
1 230 393 -2774.03
1 230 396 -693.5060000000001
1 230 605 -693.5060000000001
1 231 343 -693.5060000000001
1 231 383 -693.5060000000001
1 231 392 -3467.53
1 231 393 -7628.57
1 231 398 -693.5060000000001
1 231 603 -693.5060000000001
1 231 607 -1387.01
1 232 259 -693.5060000000001
1 232 300 -693.5060000000001
1 232 384 -693.5060000000001
1 232 389 -693.5060000000001
1 232 393 -4161.04
1 232 394 -2774.03
1 232 405 -693.5060000000001
1 232 604 -1387.01
1 232 606 -1387.01
1 232 607 -2080.52
1 232 608 -693.5060000000001
1 233 373 -693.5060000000001
1 233 393 -693.5060000000001
1 233 403 -693.5060000000001
1 233 406 -2774.03
1 233 601 -1387.01
1 233 602 -693.5060000000001
1 234 374 -693.5060000000001
1 234 388 -693.5060000000001
1 234 389 -693.5060000000001
1 234 406 -2080.52
1 234 407 -1387.01
1 234 601 -693.5060000000001
1 234 602 -1387.01
1 234 603 -2080.52
1 234 604 -693.5060000000001
1 234 605 -1387.01
1 234 606 -693.5060000000001
1 234 609 -693.5060000000001
1 234 620 -693.5060000000001
1 234 621 -693.5060000000001
1 235 342 -693.5060000000001
1 235 368 -693.5060000000001
1 235 389 -693.5060000000001
1 235 392 -693.5060000000001
1 235 404 -693.5060000000001
1 235 406 -693.5060000000001
1 235 599 -693.5060000000001
1 235 600 -1387.01
1 235 602 -2080.52
1 235 603 -693.5060000000001
1 235 606 -693.5060000000001
1 235 608 -693.5060000000001
1 236 256 -693.5060000000001
1 236 359 -693.5060000000001
1 236 377 -1387.01
1 236 378 -693.5060000000001
1 236 389 -1387.01
1 236 600 -693.5060000000001
1 236 601 -693.5060000000001
1 236 602 -1387.01
1 236 605 -693.5060000000001
1 236 606 -693.5060000000001
1 236 607 -693.5060000000001
1 236 620 -693.5060000000001
1 237 330 -693.5060000000001
1 237 377 -693.5060000000001
1 237 384 -693.5060000000001
1 237 388 -693.5060000000001
1 237 605 -1387.01
1 237 606 -2080.52
1 237 607 -1387.01
1 237 608 -3467.53
1 237 609 -2080.52
1 237 620 -693.5060000000001
1 238 346 -693.5060000000001
1 238 391 -693.5060000000001
1 238 410 -693.5060000000001
1 238 602 -693.5060000000001
1 238 603 -693.5060000000001
1 238 606 -3467.53
1 238 607 -4161.04
1 238 608 -2774.03
1 238 610 -693.5060000000001
1 239 297 -693.5060000000001
1 239 323 -693.5060000000001
1 239 404 -693.5060000000001
1 239 601 -693.5060000000001
1 239 603 -693.5060000000001
1 239 607 -1387.01
1 239 608 -2774.03
1 239 609 -2080.52
1 239 610 -1387.01
1 239 615 -1387.01
1 240 267 -693.5060000000001
1 240 319 -693.5060000000001
1 240 327 -693.5060000000001
1 240 352 -693.5060000000001
1 240 374 -1387.01
1 240 392 -1387.01
1 240 396 -693.5060000000001
1 240 406 -693.5060000000001
1 240 603 -693.5060000000001
1 240 605 -2080.52
1 240 606 -2774.03
1 240 607 -1387.01
1 240 620 -1387.01
1 240 621 -693.5060000000001
1 241 339 -693.5060000000001
1 241 352 -693.5060000000001
1 241 370 -1387.01
1 241 375 -693.5060000000001
1 241 409 -693.5060000000001
1 241 577 -693.5060000000001
1 241 603 -1387.01
1 241 605 -2080.52
1 241 606 -1387.01
1 241 607 -1387.01
1 241 608 -1387.01
1 241 609 -3467.53
1 241 610 -693.5060000000001
1 241 611 -693.5060000000001
1 241 620 -693.5060000000001
1 241 621 -693.5060000000001
1 242 314 -693.5060000000001
1 242 318 -693.5060000000001
1 242 336 -693.5060000000001
1 242 338 -693.5060000000001
1 242 339 -693.5060000000001
1 242 373 -2080.52
1 242 374 -4161.04
1 242 406 -1387.01
1 242 603 -1387.01
1 242 604 -4854.55
1 242 605 -6241.56
1 242 606 -2080.52
1 242 607 -3467.53
1 242 608 -3467.53
1 242 609 -2080.52
1 242 610 -2080.52
1 242 616 -693.5060000000001
1 242 622 -693.5060000000001
1 242 623 -2080.52
1 243 366 -693.5060000000001
1 243 369 -693.5060000000001
1 243 372 -1387.01
1 243 373 -5548.05
1 243 374 -2080.52
1 243 386 -693.5060000000001
1 243 391 -693.5060000000001
1 243 405 -693.5060000000001
1 243 406 -693.5060000000001
1 243 407 -1387.01
1 243 409 -693.5060000000001
1 243 577 -693.5060000000001
1 243 606 -4854.55
1 243 607 -3467.53
1 243 608 -1387.01
1 243 609 -4161.04
1 243 620 -693.5060000000001
1 243 622 -1387.01
1 243 623 -5548.05
1 244 371 -693.5060000000001
1 244 372 -1387.01
1 244 373 -2080.52
1 244 415 -693.5060000000001
1 244 598 -693.5060000000001
1 244 606 -2774.03
1 244 607 -693.5060000000001
1 244 611 -693.5060000000001
1 244 616 -693.5060000000001
1 244 622 -693.5060000000001
1 244 623 -2774.03
1 244 624 -693.5060000000001
1 245 312 -693.5060000000001
1 245 315 -693.5060000000001
1 245 326 -693.5060000000001
1 245 335 -693.5060000000001
1 245 338 -693.5060000000001
1 245 356 -1387.01
1 245 371 -693.5060000000001
1 245 413 -693.5060000000001
1 245 586 -693.5060000000001
1 245 604 -693.5060000000001
1 245 605 -2080.52
1 245 606 -3467.53
1 245 607 -2774.03
1 245 609 -3467.53
1 245 610 -1387.01
1 245 612 -1387.01
1 245 616 -1387.01
1 245 619 -693.5060000000001
1 245 620 -1387.01
1 245 622 -693.5060000000001
1 246 214 -693.5060000000001
1 246 342 -693.5060000000001
1 246 356 -693.5060000000001
1 246 357 -693.5060000000001
1 246 374 -693.5060000000001
1 246 413 -693.5060000000001
1 246 590 -693.5060000000001
1 246 599 -693.5060000000001
1 246 600 -4161.04
1 246 605 -2774.03
1 246 606 -4854.55
1 246 607 -2774.03
1 246 610 -693.5060000000001
1 246 612 -1387.01
1 246 614 -693.5060000000001
1 246 615 -693.5060000000001
1 246 623 -693.5060000000001
1 247 314 -693.5060000000001
1 247 331 -693.5060000000001
1 247 367 -1387.01
1 247 368 -3467.53
1 247 387 -1387.01
1 247 413 -693.5060000000001
1 247 578 -693.5060000000001
1 247 597 -693.5060000000001
1 247 598 -4854.55
1 247 599 -4161.04
1 247 600 -6935.06
1 247 601 -6935.06
1 247 605 -1387.01
1 247 609 -1387.01
1 247 610 -1387.01
1 247 611 -2774.03
1 247 612 -2774.03
1 247 613 -1387.01
1 247 618 -1387.01
1 247 619 -693.5060000000001
1 247 623 -693.5060000000001
1 248 307 -693.5060000000001
1 248 367 -693.5060000000001
1 248 368 -2774.03
1 248 371 -1387.01
1 248 372 -3467.53
1 248 387 -1387.01
1 248 388 -4161.04
1 248 413 -693.5060000000001
1 248 416 -693.5060000000001
1 248 529 -693.5060000000001
1 248 567 -693.5060000000001
1 248 596 -4854.55
1 248 597 -3467.53
1 248 598 -6935.06
1 248 599 -4161.04
1 248 600 -2774.03
1 248 601 -4161.04
1 248 602 -2080.52
1 248 605 -693.5060000000001
1 248 608 -693.5060000000001
1 248 609 -1387.01
1 248 610 -2080.52
1 248 611 -4161.04
1 248 612 -4161.04
1 248 613 -4854.55
1 248 618 -693.5060000000001
1 248 619 -693.5060000000001
1 248 620 -693.5060000000001
1 248 623 -1387.01
1 249 333 -693.5060000000001
1 249 334 -693.5060000000001
1 249 365 -1387.01
1 249 366 -2080.52
1 249 367 -693.5060000000001
1 249 368 -2080.52
1 249 371 -693.5060000000001
1 249 387 -693.5060000000001
1 249 388 -693.5060000000001
1 249 400 -693.5060000000001
1 249 412 -693.5060000000001
1 249 567 -693.5060000000001
1 249 593 -1387.01
1 249 595 -4161.04
1 249 596 -4854.55
1 249 597 -7628.57
1 249 603 -2080.52
1 249 604 -5548.05
1 249 605 -3467.53
1 249 607 -2774.03
1 249 609 -693.5060000000001
1 249 610 -1387.01
1 249 611 -3467.53
1 249 612 -6241.56
1 249 613 -1387.01
1 249 618 -693.5060000000001
1 249 623 -693.5060000000001
1 250 331 -693.5060000000001
1 250 355 -693.5060000000001
1 250 365 -1387.01
1 250 366 -3467.53
1 250 367 -2080.52
1 250 368 -693.5060000000001
1 250 369 -1387.01
1 250 370 -1387.01
1 250 371 -4161.04
1 250 382 -693.5060000000001
1 250 406 -693.5060000000001
1 250 413 -693.5060000000001
1 250 414 -693.5060000000001
1 250 423 -693.5060000000001
1 250 436 -693.5060000000001
1 250 568 -693.5060000000001
1 250 579 -693.5060000000001
1 250 591 -693.5060000000001
1 250 594 -693.5060000000001
1 250 596 -5548.05
1 250 597 -1387.01
1 250 602 -693.5060000000001
1 250 603 -4854.55
1 250 604 -4161.04
1 250 605 -2774.03
1 250 607 -693.5060000000001
1 250 608 -2080.52
1 250 609 -693.5060000000001
1 250 610 -693.5060000000001
1 250 613 -693.5060000000001
1 251 276 -693.5060000000001
1 251 322 -693.5060000000001
1 251 365 -2080.52
1 251 366 -6241.56
1 251 367 -1387.01
1 251 368 -1387.01
1 251 371 -693.5060000000001
1 251 379 -693.5060000000001
1 251 407 -693.5060000000001
1 251 414 -693.5060000000001
1 251 424 -693.5060000000001
1 251 598 -693.5060000000001
1 251 604 -693.5060000000001
1 251 605 -693.5060000000001
1 251 607 -693.5060000000001
1 251 610 -693.5060000000001
1 252 236 -693.5060000000001
1 252 365 -2080.52
1 252 366 -4854.55
1 252 367 -4854.55
1 252 368 -1387.01
1 252 376 -693.5060000000001
1 252 412 -693.5060000000001
1 252 416 -693.5060000000001
1 252 428 -693.5060000000001
1 252 506 -693.5060000000001
1 252 507 -693.5060000000001
1 252 528 -693.5060000000001
1 252 534 -693.5060000000001
1 252 544 -693.5060000000001
1 252 576 -693.5060000000001
1 252 591 -1387.01
1 252 596 -1387.01
1 252 597 -1387.01
1 252 598 -693.5060000000001
1 252 599 -1387.01
1 252 608 -1387.01
1 252 609 -693.5060000000001
1 252 611 -693.5060000000001
1 252 620 -693.5060000000001
1 253 259 -693.5060000000001
1 253 342 -693.5060000000001
1 253 363 -693.5060000000001
1 253 365 -1387.01
1 253 366 -4161.04
1 253 367 -2774.03
1 253 370 -693.5060000000001
1 253 375 -1387.01
1 253 404 -693.5060000000001
1 253 433 -1387.01
1 253 506 -693.5060000000001
1 253 543 -693.5060000000001
1 253 546 -693.5060000000001
1 253 547 -693.5060000000001
1 253 566 -693.5060000000001
1 253 586 -1387.01
1 253 596 -693.5060000000001
1 253 597 -2774.03
1 253 601 -693.5060000000001
1 253 604 -693.5060000000001
1 253 605 -693.5060000000001
1 253 614 -2080.52
1 254 366 -1387.01
1 254 478 -693.5060000000001
1 254 581 -693.5060000000001
1 254 584 -693.5060000000001
1 254 585 -4161.04
1 254 586 -3467.53
1 254 587 -2080.52
1 254 588 -2080.52
1 254 589 -2774.03
1 254 598 -693.5060000000001
1 254 599 -693.5060000000001
1 254 601 -1387.01
1 254 604 -1387.01
1 254 605 -693.5060000000001
1 254 606 -693.5060000000001
1 254 611 -693.5060000000001
1 255 341 -693.5060000000001
1 255 346 -693.5060000000001
1 255 371 -693.5060000000001
1 255 402 -693.5060000000001
1 255 442 -693.5060000000001
1 255 445 -693.5060000000001
1 255 461 -693.5060000000001
1 255 479 -693.5060000000001
1 255 512 -693.5060000000001
1 255 513 -693.5060000000001
1 255 526 -693.5060000000001
1 255 547 -693.5060000000001
1 255 548 -693.5060000000001
1 255 565 -693.5060000000001
1 255 583 -2080.52
1 255 584 -2774.03
1 255 585 -2774.03
1 255 586 -2774.03
1 255 587 -1387.01
1 255 588 -693.5060000000001
1 255 591 -693.5060000000001
1 255 594 -693.5060000000001
1 255 597 -693.5060000000001
1 255 600 -1387.01
1 255 607 -693.5060000000001
1 256 346 -693.5060000000001
1 256 350 -693.5060000000001
1 256 367 -693.5060000000001
1 256 373 -693.5060000000001
1 256 374 -693.5060000000001
1 256 491 -693.5060000000001
1 256 526 -693.5060000000001
1 256 531 -2080.52
1 256 532 -693.5060000000001
1 256 547 -693.5060000000001
1 256 548 -1387.01
1 256 549 -693.5060000000001
1 256 575 -693.5060000000001
1 256 578 -1387.01
1 256 580 -693.5060000000001
1 256 584 -2080.52
1 256 585 -1387.01
1 256 592 -1387.01
1 256 594 -4854.55
1 256 595 -2774.03
1 256 607 -2774.03
1 256 608 -1387.01
1 256 609 -693.5060000000001
1 257 330 -693.5060000000001
1 257 461 -693.5060000000001
1 257 497 -693.5060000000001
1 257 503 -693.5060000000001
1 257 506 -693.5060000000001
1 257 512 -693.5060000000001
1 257 527 -2080.52
1 257 529 -693.5060000000001
1 257 532 -693.5060000000001
1 257 549 -693.5060000000001
1 257 574 -693.5060000000001
1 257 575 -2080.52
1 257 584 -2080.52
1 257 585 -2080.52
1 257 593 -1387.01
1 257 594 -5548.05
1 257 595 -2774.03
1 257 597 -1387.01
1 257 606 -4854.55
1 257 607 -693.5060000000001
1 258 307 -693.5060000000001
1 258 330 -693.5060000000001
1 258 366 -693.5060000000001
1 258 485 -1387.01
1 258 489 -1387.01
1 258 491 -693.5060000000001
1 258 493 -693.5060000000001
1 258 494 -693.5060000000001
1 258 496 -693.5060000000001
1 258 497 -693.5060000000001
1 258 498 -2080.52
1 258 499 -1387.01
1 258 502 -693.5060000000001
1 258 503 -693.5060000000001
1 258 529 -1387.01
1 258 531 -693.5060000000001
1 258 532 -693.5060000000001
1 258 533 -1387.01
1 258 535 -693.5060000000001
1 258 546 -693.5060000000001
1 258 550 -693.5060000000001
1 258 556 -1387.01
1 258 564 -693.5060000000001
1 258 576 -693.5060000000001
1 258 583 -693.5060000000001
1 258 584 -2080.52
1 258 586 -2080.52
1 258 594 -2080.52
1 258 606 -3467.53
1 258 607 -693.5060000000001
1 259 346 -693.5060000000001
1 259 369 -1387.01
1 259 402 -693.5060000000001
1 259 444 -693.5060000000001
1 259 456 -693.5060000000001
1 259 485 -693.5060000000001
1 259 486 -693.5060000000001
1 259 488 -693.5060000000001
1 259 489 -693.5060000000001
1 259 490 -1387.01
1 259 509 -1387.01
1 259 510 -693.5060000000001
1 259 522 -693.5060000000001
1 259 528 -693.5060000000001
1 259 529 -693.5060000000001
1 259 531 -693.5060000000001
1 259 532 -693.5060000000001
1 259 545 -693.5060000000001
1 259 549 -693.5060000000001
1 259 554 -1387.01
1 259 555 -1387.01
1 259 556 -2080.52
1 259 557 -2080.52
1 259 575 -2774.03
1 259 576 -693.5060000000001
1 259 579 -693.5060000000001
1 259 584 -693.5060000000001
1 259 585 -2774.03
1 259 586 -1387.01
1 260 369 -1387.01
1 260 404 -1387.01
1 260 443 -693.5060000000001
1 260 454 -693.5060000000001
1 260 485 -693.5060000000001
1 260 486 -1387.01
1 260 487 -693.5060000000001
1 260 492 -693.5060000000001
1 260 499 -693.5060000000001
1 260 502 -1387.01
1 260 517 -693.5060000000001
1 260 527 -693.5060000000001
1 260 545 -2080.52
1 260 548 -693.5060000000001
1 260 554 -693.5060000000001
1 260 556 -693.5060000000001
1 260 567 -693.5060000000001
1 260 576 -693.5060000000001
1 260 577 -693.5060000000001
1 261 397 -693.5060000000001
1 261 404 -693.5060000000001
1 261 444 -693.5060000000001
1 261 483 -693.5060000000001
1 261 487 -693.5060000000001
1 261 501 -693.5060000000001
1 261 502 -693.5060000000001
1 261 545 -693.5060000000001
1 261 551 -693.5060000000001
1 261 552 -693.5060000000001
1 261 565 -693.5060000000001
1 262 254 -693.5060000000001
1 262 353 -1387.01
1 262 369 -693.5060000000001
1 262 425 -693.5060000000001
1 262 443 -693.5060000000001
1 262 458 -693.5060000000001
1 262 483 -1387.01
1 262 493 -693.5060000000001
1 262 501 -693.5060000000001
1 262 502 -693.5060000000001
1 262 523 -693.5060000000001
1 262 524 -693.5060000000001
1 262 535 -693.5060000000001
1 262 536 -693.5060000000001
1 262 537 -693.5060000000001
1 262 542 -693.5060000000001
1 262 546 -693.5060000000001
1 262 584 -693.5060000000001
1 262 587 -693.5060000000001
1 263 355 -693.5060000000001
1 263 415 -693.5060000000001
1 263 484 -693.5060000000001
1 263 493 -693.5060000000001
1 263 509 -693.5060000000001
1 263 522 -693.5060000000001
1 263 523 -1387.01
1 263 524 -1387.01
1 263 541 -1387.01
1 263 542 -693.5060000000001
1 263 543 -693.5060000000001
1 263 546 -1387.01
1 263 576 -693.5060000000001
1 263 579 -693.5060000000001
1 263 581 -2774.03
1 264 369 -693.5060000000001
1 264 379 -693.5060000000001
1 264 481 -693.5060000000001
1 264 482 -693.5060000000001
1 264 493 -693.5060000000001
1 264 503 -693.5060000000001
1 264 504 -693.5060000000001
1 264 516 -693.5060000000001
1 264 521 -2080.52
1 264 527 -693.5060000000001
1 264 543 -2774.03
1 264 568 -693.5060000000001
1 264 575 -693.5060000000001
1 264 576 -1387.01
1 265 336 -693.5060000000001
1 265 367 -1387.01
1 265 457 -693.5060000000001
1 265 459 -693.5060000000001
1 265 511 -693.5060000000001
1 265 516 -693.5060000000001
1 265 520 -693.5060000000001
1 265 524 -693.5060000000001
1 265 568 -1387.01
1 266 314 -693.5060000000001
1 266 413 -693.5060000000001
1 266 456 -693.5060000000001
1 266 478 -693.5060000000001
1 266 481 -693.5060000000001
1 266 483 -693.5060000000001
1 266 484 -693.5060000000001
1 266 485 -693.5060000000001
1 266 492 -693.5060000000001
1 266 498 -693.5060000000001
1 266 505 -693.5060000000001
1 266 518 -693.5060000000001
1 266 523 -693.5060000000001
1 266 543 -693.5060000000001
1 266 545 -693.5060000000001
1 266 549 -693.5060000000001
1 266 555 -693.5060000000001
1 267 337 -693.5060000000001
1 267 365 -693.5060000000001
1 267 381 -693.5060000000001
1 267 459 -693.5060000000001
1 267 460 -1387.01
1 267 505 -693.5060000000001
1 267 507 -693.5060000000001
1 267 543 -693.5060000000001
1 267 544 -1387.01
1 267 549 -693.5060000000001
1 267 553 -2080.52
1 267 562 -693.5060000000001
1 268 507 -1387.01
1 268 540 -693.5060000000001
1 268 541 -693.5060000000001
1 268 542 -1387.01
1 268 543 -2774.03
1 268 544 -1387.01
1 268 549 -693.5060000000001
1 268 551 -693.5060000000001
1 268 552 -693.5060000000001
1 268 553 -693.5060000000001
1 269 362 -693.5060000000001
1 269 505 -1387.01
1 269 507 -693.5060000000001
1 269 528 -693.5060000000001
1 269 543 -693.5060000000001
1 269 547 -1387.01
1 270 474 -693.5060000000001
1 270 475 -1387.01
1 270 479 -693.5060000000001
1 270 491 -693.5060000000001
1 270 504 -693.5060000000001
1 270 507 -693.5060000000001
1 270 526 -693.5060000000001
1 271 375 -693.5060000000001
1 271 388 -693.5060000000001
1 271 479 -693.5060000000001
1 271 481 -693.5060000000001
1 271 487 -693.5060000000001
1 271 491 -693.5060000000001
1 271 526 -693.5060000000001
1 272 469 -693.5060000000001
1 272 493 -693.5060000000001
1 272 495 -1387.01
1 272 496 -693.5060000000001
1 272 502 -693.5060000000001
1 272 526 -2080.52
1 273 441 -693.5060000000001
1 273 462 -693.5060000000001
1 273 526 -693.5060000000001
1 275 463 -693.5060000000001
1 275 480 -693.5060000000001
1 275 502 -693.5060000000001
1 275 504 -693.5060000000001
1 276 502 -693.5060000000001
1 277 393 -693.5060000000001
1 279 459 -693.5060000000001
1 280 563 -693.5060000000001
1 282 434 -693.5060000000001
1 282 435 -693.5060000000001
1 283 461 -693.5060000000001
1 283 482 -693.5060000000001
1 283 483 -693.5060000000001
1 285 437 -693.5060000000001
1 285 482 -693.5060000000001
1 285 483 -693.5060000000001
1 286 377 -693.5060000000001
1 286 464 -693.5060000000001
1 288 469 -693.5060000000001
1 289 362 -693.5060000000001
1 289 443 -693.5060000000001
1 292 358 -693.5060000000001
1 293 390 -2080.52
1 293 391 -693.5060000000001
1 296 390 -693.5060000000001
1 301 359 -693.5060000000001
1 301 378 -693.5060000000001
1 85 106 -693.5060000000001
1 92 112 -1387.01
1 93 117 -693.5060000000001
1 97 89 -693.5060000000001
1 98 101 -693.5060000000001
1 99 126 -693.5060000000001
1 99 136 -693.5060000000001
1 147 119 -1405.16
1 148 187 -7868.9
1 150 114 -16159.3
1 153 113 -9133.55
1 156 158 -16861.9
1 157 160 -11241.3
1 167 186 -6182.71
1 197 280 -562.06
1 199 225 -702.58
1 210 300 -140.52
1 211 298 -421.55
1 234 285 -421.55
1 244 234 -1264.65
1 265 469 -140.52
1 267 479 -1405.16
1 271 361 -1283.4
1 272 454 -31.73
1 285 433 -702.58
1 291 453 -27861.7
1 299 360 -702.58
1 109 116 -15456.8
1 131 118 -702.58
1 132 183 -1686.19
1 137 123 -7025.81
1 140 173 -5480.13
1 141 124 -5058.58
1 142 121 -5901.68
1 152 130 -2810.32
1 155 192 -8009.42
1 157 117 -1686.19
1 158 205 -3372.39
1 164 258 -702.58
1 169 164 -64637.4
1 172 162 -3934.45
1 172 163 -11100.8
1 172 164 -1826.71
1 173 196 -140.52
1 195 280 -983.61
1 214 174 -48899.6
1 218 173 -55503.9
1 226 358 -2787.53
1 247 335 -562.06
1 256 333 -702.58
1 262 350 -281.03
1 265 349 -702.58
1 267 346 -1124.13
1 269 347 -562.06
1 271 470 -702.58
1 274 431 -2011920.0
1 280 367 -421.55
1 285 357 -983.61
1 289 374 -281.03
1 292 370 -983.61
1 293 378 -421.55
1 143 152 -6885.29
1 143 154 -5761.16
1 144 130 -4215.48
1 151 143 -7447.35
1 153 212 -5199.1
1 154 128 -140.52
1 161 161 -2107.74
1 164 159 -36534.2
1 167 163 -7166.32
1 170 217 -12224.9
1 176 128 -4777.55
1 188 287 -140.52
1 189 206 -12224.9
1 201 279 -983.61
1 221 294 -983.61
1 222 252 -140.52
1 222 266 -843.1
1 224 273 -983.61
1 225 248 -702.58
1 226 361 -562.06
1 234 319 -1264.65
1 235 317 -1826.71
1 237 292 -24940.9
1 245 243 -30070.4
1 248 238 -5761.16
1 248 331 -421.55
1 256 342 -281.03
1 259 347 -281.03
1 266 345 -702.58
1 271 268 -3231.87
1 274 278 -983.61
1 289 355 -140.52
1 295 392 -140.52
1 296 391 -421.55
1 296 393 -421.55
1 147 171 -3372.39
1 149 124 -702.58
1 150 172 -8852.52
1 150 186 -8290.45
1 151 189 -8571.48
1 151 211 -6463.74
1 152 180 -19812.8
1 153 188 -7868.9
1 154 113 -281.03
1 158 173 -562.06
1 164 124 -1405.16
1 170 115 -1545.68
1 171 125 -140.52
1 176 222 -3653.42
1 184 210 -14754.2
1 188 207 -10398.2
1 189 288 -281.03
1 193 280 -1545.68
1 206 280 -421.55
1 209 273 -2950.84
1 210 249 -702.58
1 211 263 -983.61
1 211 296 -281.03
1 213 270 -2107.74
1 219 272 -281.03
1 221 317 -1967.23
1 224 287 -562.06
1 227 344 -702.58
1 228 354 -562.06
1 230 352 -843.1
1 231 270 -562.06
1 231 347 -140.52
1 235 295 -702.58
1 236 342 -562.06
1 236 344 -140.52
1 240 330 -843.1
1 240 337 -562.06
1 240 357 -281.03
1 244 333 -3807.66
1 246 332 -702.58
1 246 337 -5620.65
1 251 334 -843.1
1 258 345 -281.03
1 260 345 -281.03
1 261 340 -421.55
1 261 351 -140.52
1 262 286 -140.52
1 262 361 -13911.1
1 263 344 -421.55
1 263 350 -281.03
1 265 517 -140.52
1 267 321 -702.58
1 269 365 -281.03
1 270 267 -4496.52
1 271 267 -5761.16
1 271 355 -421.55
1 275 399 -207.78
1 278 502 -2810.32
1 281 331 -140.52
1 284 333 -140.52
1 289 371 -281.03
1 290 371 -421.55
1 291 365 -140.52
1 296 358 -23466.2
1 297 356 -421.55
1 297 391 -562.06
1 299 347 -140.52
1 125 93 -2810.32
1 131 125 -2388.77
1 135 126 -7447.35
1 142 169 -562.06
1 146 146 -7025.81
1 152 213 -3372.39
1 166 203 -1264.65
1 183 232 -1967.23
1 192 232 -1826.71
1 193 235 -1967.23
1 211 195 -1545.68
1 215 261 -421.55
1 221 339 -421.55
1 223 263 -421.55
1 226 354 -421.55
1 230 358 -140.52
1 232 274 -562.06
1 232 347 -140.52
1 233 341 -281.03
1 248 344 -421.55
1 263 345 -1124.13
1 263 570 -140.52
1 264 348 -140.52
1 286 302 -140.52
1 292 360 -140.52
1 293 357 -983.61
1 295 362 -421.55
1 137 128 -9414.58
1 145 166 -1124.13
1 150 127 -1124.13
1 152 118 -8571.48
1 153 123 -6604.26
1 155 125 -13770.6
1 156 124 -16018.8
1 158 138 -1545.68
1 160 139 -10679.2
1 181 126 -117190.0
1 185 168 -20515.3
1 189 126 -17283.5
1 224 257 -10117.2
1 230 223 -8571.48
1 137 168 -1264.65
1 149 213 -8712.0
1 189 195 -5480.13
1 192 197 -5199.1
1 202 228 -140.52
1 210 253 -843.1
1 217 236 -843.1
1 186 159 -3231.87
1 188 160 -7587.87
1 291 354 -281.03
1 145 131 -5339.61
1 153 116 -2529.29
1 158 114 -10960.3
1 160 170 -13630.1
1 187 160 -5339.61
1 188 197 -140.52
1 188 204 -4918.06
1 206 169 -702.58
1 208 226 -562.06
1 211 266 -30431.2
1 213 265 -140.52
1 213 276 -36708.5
1 214 274 -32092.3
1 220 278 -71500.7
1 223 372 -18688.7
1 233 375 -562.06
1 236 317 -140.52
1 239 385 -22.09
1 239 406 -115.36
1 239 416 -4.5
1 241 238 -562.06
1 244 244 -2810.32
1 245 408 -4637.03
1 246 320 -140.52
1 248 454 -140.52
1 259 351 -3060.93
1 265 360 -2069.21
1 267 407 -281.03
1 267 449 -1967.23
1 268 351 -281.03
1 269 360 -5877.64
1 273 367 -140.52
1 274 327 -281.03
1 274 432 -10679.2
1 275 465 -267.28
1 290 322 -843.1
1 292 458 -9288.65
1 294 354 -5575.06
1 296 371 -29648.9
1 297 377 -562.06
1 147 183 -1686.19
1 156 122 -10960.3
1 257 342 -140.52
1 201 251 -1124.13
1 251 286 -140.52
1 261 570 -140.52
1 265 488 -421.55
1 136 173 -843.1
1 144 189 -2107.74
1 154 112 -10679.2
1 154 122 -7166.32
1 161 179 -10960.3
1 164 169 -2529.29
1 167 247 -140.52
1 183 124 -102577.0
1 186 123 -61967.6
1 186 125 -421.55
1 186 209 -6463.74
1 204 300 -26.7
1 215 269 -1967.23
1 218 239 -11364.6
1 225 242 -281.03
1 226 375 -7490.73
1 235 420 -8993.03
1 238 302 -281.03
1 242 355 -80.52
1 245 406 -1264.65
1 247 591 -843.1
1 248 590 -140.52
1 248 593 -1264.65
1 251 614 -965.88
1 255 333 -1116.42
1 256 443 -235.87
1 258 339 -434.0
1 258 416 -173.27
1 259 414 -562.06
1 266 470 -1470.32
1 270 476 -1826.71
1 273 523 -28103.2
1 274 506 -140.52
1 275 479 -9695.61
1 278 446 -140.52
1 280 458 -722.51
1 291 374 -140.52
1 293 458 -11803.3
1 297 388 -943.15
1 298 384 -66.47
1 298 391 -140.52
1 134 167 -140.52
1 153 134 -1686.19
1 156 121 -140.52
1 158 122 -140.52
1 159 157 -15878.3
1 160 117 -2248.26
1 176 181 -281.03
1 184 305 -1.29
1 197 298 -12.87
1 211 290 -140.52
1 221 351 -281.03
1 225 289 -562.06
1 226 330 -45923.9
1 228 243 -421.55
1 237 406 -111.82
1 239 392 -140.52
1 241 343 -702.58
1 244 430 -843.1
1 247 342 -30.45
1 253 427 -2357.29
1 253 443 -109.25
1 254 398 -3.0
1 254 442 -11.58
1 254 444 -8.79
1 254 445 -328.07
1 256 445 -1061.62
1 257 344 -31.63
1 257 387 -42435.9
1 259 345 -140.52
1 261 322 -19.08
1 261 346 -113.0
1 261 369 -451.27
1 262 322 -61.86
1 262 555 -140.52
1 263 448 -140.52
1 265 559 -784.69
1 267 388 -5901.68
1 269 539 -140.52
1 270 319 -5963.64
1 271 364 -140.52
1 271 471 -140.52
1 271 489 -1179.34
1 272 371 -281.03
1 273 520 -17002.4
1 273 522 -281.03
1 274 474 -140.52
1 275 371 -843.1
1 275 449 -10538.7
1 277 386 -702.58
1 289 321 -7166.32
1 295 375 -140.52
1 296 415 -2388.77
