1 204 346 -557.695
1 212 384 45000.0
1 212 385 45000.0
1 212 386 45000.0
1 212 387 45000.0
1 212 388 45000.0
1 212 389 45000.0
1 212 390 45000.0
1 212 391 45000.0
1 212 392 45000.0
1 212 393 45000.0
1 213 394 45000.0
1 213 395 45000.0
1 213 396 45000.0
1 213 397 45000.0
1 213 398 45000.0
1 213 399 45000.0
1 213 400 45000.0
1 213 401 45000.0
1 213 402 45000.0
1 214 403 45000.0
1 214 404 45000.0
1 214 405 45000.0
1 214 406 45000.0
1 214 407 45000.0
1 214 409 45000.0
1 214 410 45000.0
1 214 411 45000.0
1 214 412 45000.0
1 214 413 45000.0
1 214 414 45000.0
1 214 415 45000.0
1 215 416 45000.0
1 215 417 45000.0
1 227 417 45000.0
1 228 417 45000.0
1 229 417 45000.0
1 216 418 45000.0
1 226 418 45000.0
1 230 418 45000.0
1 217 419 45000.0
1 218 419 45000.0
1 219 419 45000.0
1 220 419 45000.0
1 221 419 45000.0
1 222 419 45000.0
1 223 419 45000.0
1 224 419 45000.0
1 225 419 45000.0
1 229 419 45000.0
1 229 420 45000.0
1 226 421 45000.0
1 227 421 45000.0
1 228 421 45000.0
1 224 422 45000.0
1 225 422 45000.0
1 224 423 45000.0
1 224 424 45000.0
1 225 424 45000.0
1 226 424 45000.0
1 227 424 45000.0
1 228 424 45000.0
1 229 425 45000.0
1 229 426 45000.0
1 229 427 45000.0
1 229 428 45000.0
1 229 429 45000.0
1 228 430 45000.0
1 228 431 45000.0
1 228 432 45000.0
1 228 433 45000.0
1 228 434 45000.0
1 228 435 45000.0
1 229 435 45000.0
1 230 436 45000.0
1 230 437 45000.0
1 230 438 45000.0
1 230 439 45000.0
1 230 440 45000.0
1 230 441 45000.0
1 230 442 45000.0
1 230 443 45000.0
1 230 444 45000.0
1 230 445 45000.0
1 230 446 45000.0
1 230 447 45000.0
1 230 448 45000.0
1 230 449 45000.0
1 230 450 45000.0
1 230 451 45000.0
1 230 452 45000.0
1 230 453 45000.0
1 230 454 45000.0
1 230 455 45000.0
1 230 456 45000.0
1 231 457 45000.0
1 231 458 45000.0
1 231 459 45000.0
1 231 460 45000.0
1 232 461 45000.0
1 232 462 45000.0
1 232 463 45000.0
1 232 464 45000.0
1 233 464 45000.0
1 234 464 45000.0
1 235 464 45000.0
1 236 464 45000.0
1 237 464 45000.0
1 238 464 45000.0
1 239 465 45000.0
1 239 466 45000.0
1 117 120 -557.695
1 130 122 -557.695
1 135 194 -885.428
1 139 168 -1708.37
1 141 191 -7698.88
1 143 172 -5481.03
1 143 190 -14715.7
1 144 166 -2877.33
1 144 172 -5765.76
1 144 182 -27763.2
1 145 161 -9584.32
1 146 117 -1070.94
1 146 188 -26039.0
1 147 145 -557.695
1 148 167 -10321.4
1 148 176 -23497.0
1 150 124 -3106.25
1 150 141 -15295.2
1 152 123 -7330.7
1 152 125 -2357.68
1 152 132 -3728.29
1 153 133 -2.76631
1 153 142 -2552.02
1 153 192 -33583.4
1 154 125 -191.40900000000002
1 154 171 -14398.2
1 154 249 -583.1419999999999
1 155 129 -20013.7
1 155 141 -5456.19
1 156 129 -150624.0
1 157 135 -1115.39
1 157 140 -5464.3
1 157 251 -22260.6
1 158 133 -557.695
1 158 181 -57317.9
1 159 119 -58492.5
1 159 173 -11501.3
1 161 125 -48652.8
1 161 131 -14.1893
1 161 188 -56.2065
1 162 128 -66849.4
1 162 169 -5075.56
1 163 138 -557.695
1 164 187 -4394.43
1 165 131 -82.9045
1 166 126 -669.184
1 167 259 -1618.75
1 168 123 -616.023
1 168 208 -1042.05
1 169 127 -22.7688
1 170 163 -2031.86
1 172 218 -36.5342
1 174 123 -7456.69
1 174 135 -353.064
1 175 134 -12850.4
1 175 204 -3575.48
1 176 176 -4601.0
1 176 202 -4188.79
1 177 133 -11189.1
1 177 211 -331.353
1 178 164 -172.47400000000002
1 178 261 -7416.44
1 179 210 -13958.9
1 180 208 -13644.1
1 184 246 -14624.9
1 187 200 -147.542
1 188 198 -1428.27
1 188 209 -4287.15
1 188 240 -9939.1
1 188 258 -21625.4
1 191 281 -28989.9
1 193 256 -3920.4
1 193 260 -19185.3
1 197 252 -1587.77
1 198 298 -557.695
1 199 211 -23994.5
1 199 231 -133.49
1 199 298 -557.695
1 200 298 -570.632
1 201 234 -323.02099999999996
1 203 275 -45629.8
1 203 280 -3201.88
1 204 248 -13389.6
1 205 300 -557.695
1 206 286 -1405.16
1 206 300 -1140.1
1 212 258 -2286.2
1 213 264 -383.966
1 213 300 -149.08700000000002
1 214 240 -12231.4
1 215 260 -28138.4
1 217 264 -1046.85
1 218 179 -49941.9
1 221 223 -947.079
1 221 246 -70.2581
1 221 284 -3484.8
1 222 352 -9544.42
1 222 369 -1356.34
1 223 271 -1471.04
1 224 374 -4962.14
1 226 365 -1546.43
1 227 270 -5218.03
1 228 225 -6444.27
1 230 361 -11053.0
1 231 401 -557.695
1 232 364 -104.271
1 233 337 -1501.91
1 233 394 -1122.32
1 234 304 -2900.25
1 234 393 -581.607
1 235 605 -3182.46
1 235 609 -4510.65
1 236 263 -5637.71
1 236 609 -61.5219
1 237 237 -5672.84
1 237 316 -34903.6
1 237 357 -7956.16
1 237 389 -560.982
1 238 221 -820.6139999999999
1 238 605 -2829.22
1 238 609 -1115.39
1 239 338 -3651.93
1 239 426 -210.774
1 239 605 -2788.47
1 239 606 -1673.08
1 239 619 -557.695
1 240 380 -664.64
1 240 426 -573.521
1 240 608 -2230.78
1 241 342 -2413.41
1 241 604 -557.695
1 242 311 -6967.78
1 243 371 -557.695
1 243 389 -2350.5
1 243 422 -72.9207
1 243 431 -18551.0
1 243 605 -2788.47
1 244 605 -3346.17
1 244 621 -2961.05
1 245 238 -17584.2
1 245 322 -5514.98
1 245 337 -557.695
1 245 621 -557.695
1 246 321 -2103.1
1 246 618 -1703.14
1 247 344 -723.502
1 247 384 -2284800.0
1 248 251 -22925.2
1 248 436 -4147.98
1 248 442 -112.551
1 248 589 -2463.25
1 249 373 -573.1519999999999
1 249 389 -2379.52
1 249 424 -557.695
1 249 430 -1341.12
1 249 436 -3205.97
1 249 606 -2788.47
1 250 326 -2053.08
1 250 424 -557.695
1 250 425 -270827.0
1 250 431 -1233.33
1 250 595 -1847.82
1 251 300 -23887.7
1 251 356 -110097.0
1 251 408 -1256.17
1 251 456 -562.438
1 251 457 -36.5342
1 251 594 -581.5419999999999
1 251 595 -613.901
1 251 596 -1119.61
1 252 230 -10710.1
1 252 329 -23040.5
1 252 450 -492.29
1 252 595 -589.231
1 252 606 -557.695
1 253 331 -10168.4
1 253 332 -16369.4
1 253 416 -206.46200000000002
1 253 420 -7378.45
1 253 445 -9245.1
1 254 338 -23761.3
1 254 367 -40459.6
1 254 407 -65037.8
1 254 597 -557.695
1 254 607 -557.695
1 255 381 -23294.9
1 255 383 -70083.2
1 255 388 -14238.5
1 255 395 -2175.19
1 255 420 -8124.34
1 255 439 -6502.92
1 255 443 -43627.8
1 255 595 -558.04
1 255 596 -557.695
1 255 606 -557.695
1 255 609 -1115.39
1 255 610 -258.737
1 256 314 -4995.45
1 256 335 -56.2065
1 256 341 -170.063
1 256 370 -7654.3
1 256 413 -2436.01
1 256 586 -12900.8
1 256 593 -2230.78
1 257 238 -0.140516
1 257 324 -4382.57
1 257 413 -150.93
1 257 576 -3148.51
1 257 599 -49310.3
1 257 600 -13743.2
1 258 325 -5022.51
1 258 336 -1199.68
1 258 442 -640827.0
1 258 585 -3346.17
1 258 595 -1171.54
1 258 601 -49810.2
1 258 602 -31241.6
1 259 340 -717.883
1 259 405 -47538.6
1 259 588 -30526.6
1 259 592 -557.695
1 259 593 -557.695
1 260 349 -496.022
1 260 407 -2996260.0
1 260 413 -225317.0
1 260 424 -290.907
1 260 461 -448.246
1 260 585 -15923.8
1 260 586 -14236.8
1 261 337 -2225.78
1 261 381 -260918.0
1 261 395 -2876.29
1 261 416 -3472.25
1 261 418 -620.87
1 261 429 -1440.73
1 261 492 -586.539
1 261 571 -198.365
1 261 576 -1120.86
1 262 345 -3937.57
1 262 540 -235.062
1 262 564 -46180.2
1 262 567 -181.11599999999999
1 262 568 -7723.3
1 262 570 -75832.3
1 262 571 -3481.74
1 263 471 -9461.49
1 263 477 -67199.0
1 263 520 -1115.39
1 263 582 -5350.5
1 264 265 -3719.46
1 264 355 -171.62900000000002
1 264 367 -557.695
1 264 383 -9803.97
1 264 407 -6495.59
1 264 428 -122377.0
1 264 468 -45.1668
1 264 471 -109.963
1 264 476 -295.39099999999996
1 264 477 -119481.0
1 264 523 -2086.42
1 264 524 -504.278
1 264 549 -4500.73
1 265 364 -13199.9
1 265 374 -2488.19
1 265 422 -356443.0
1 265 523 -2104.93
1 266 337 -557.695
1 266 340 -274.006
1 266 462 -136.185
1 267 391 -13959.6
1 267 463 -4.31228
1 267 555 -557.695
1 267 556 -557.695
1 268 436 -1535440.0
1 268 455 -8.581439999999999
1 268 479 -760.192
1 268 480 -272.752
1 268 489 -557.695
1 269 363 -557.695
1 269 397 -34397.9
1 269 456 -2784.87
1 269 483 -20.205
1 269 541 -1148.14
1 270 412 -50587.4
1 270 429 -1094.23
1 270 481 -569.899
1 270 483 -1665.58
1 270 484 -1047.74
1 270 486 -62070.2
1 270 498 -14049.3
1 270 539 -218.63299999999998
1 271 319 -27128.6
1 271 371 -794.753
1 271 415 -82088.6
1 271 451 -12352.3
1 271 485 -269.388
1 271 493 -90471.7
1 271 498 -2725.79
1 271 537 -2170.34
1 272 336 -2286.2
1 272 337 -13191.7
1 272 368 -398703.0
1 272 388 -1423080.0
1 272 396 -3639.09
1 272 450 -6469.72
1 272 462 -288882.0
1 272 491 -12.5487
1 272 497 -780.523
1 272 498 -67255.2
1 272 530 -59160.1
1 272 532 -176561.0
1 272 535 -1576.59
1 273 363 -21.6395
1 273 392 -864.612
1 273 410 -977.992
1 273 480 -421.025
1 273 510 -557.695
1 273 516 -575.219
1 273 517 -39961.9
1 273 518 -1076.17
1 274 409 -2561.61
1 274 523 -1410.78
1 275 367 -6473.58
1 275 441 -15403.5
1 276 366 -20621.3
1 276 392 -612.991
1 276 446 -1169.92
1 276 474 -23165.6
1 277 294 -19413.9
1 277 390 -12333.1
1 277 407 -637463.0
1 277 431 -2104.39
1 277 454 -68.9965
1 277 468 -65.8364
1 277 472 -41218.7
1 277 480 -22363.5
1 277 482 -1845.66
1 278 365 -34861.3
1 278 482 -503.981
1 279 310 -20451.7
1 279 336 -3843.12
1 279 433 -83921.3
1 279 438 -3070.34
1 279 475 -59716.5
1 279 485 -8567.41
1 280 365 -2796.27
1 280 433 -61807.9
1 280 442 -1738.79
1 280 469 -13860.4
1 280 471 -53772.0
1 282 409 -5209.24
1 282 424 -727.482
1 282 430 -59.9407
1 282 454 -3320.46
1 282 457 -258.737
1 283 354 -193.16299999999998
1 283 429 -196048.0
1 283 449 -1811.16
1 283 452 -827.9580000000001
1 283 455 -84529.3
1 283 468 -32525.4
1 284 339 -101089.0
1 284 457 -895.2280000000001
1 284 463 -117.294
1 284 481 -2363.13
1 285 374 -840.895
1 285 475 -34550.0
1 286 330 -49793.9
1 286 425 -205515.0
1 286 475 -30449.0
1 286 477 -71558.0
1 287 388 -129732.0
1 287 426 -557.695
1 287 477 -27119.9
1 288 372 -29.3235
1 288 419 -12400.4
1 288 423 -1250.99
1 288 426 -557.695
1 289 351 -2066.99
1 289 404 -182582.0
1 289 459 -86.2456
1 290 382 -224053.0
1 290 402 -1034.95
1 290 411 -1314.6
1 290 412 -19599.0
1 290 413 -1021.15
1 290 420 -1.29368
1 291 350 -1116.88
1 291 373 -1093.59
1 291 399 -1995.39
1 291 419 -508026.0
1 292 361 -1243.09
1 292 365 -10879.9
1 292 416 -663.2439999999999
1 293 355 -21.7998
1 293 440 -26.9512
1 294 435 -2096.5
1 294 447 -27568.4
1 294 458 -27758.2
1 295 391 -11002.7
1 295 430 -355470.0
1 296 398 -142658.0
1 296 406 -329661.0
1 296 433 -86.4684
1 297 381 -543.797
1 297 383 -764.9989999999999
1 297 395 -258508.0
1 297 401 -21151.7
1 297 402 -71622.7
1 297 413 -1179790.0
1 297 415 -2571.8
1 297 442 -49250.6
1 299 354 -4.44224
1 299 387 -61.2344
1 102 110 -557.695
1 102 113 -557.695
1 103 100 -557.695
1 103 104 -557.695
1 104 115 -557.695
1 105 115 -557.695
1 105 139 -557.695
1 108 117 -557.695
1 109 112 -557.695
1 111 155 -557.695
1 111 208 -557.695
1 112 181 -557.695
1 113 111 -557.695
1 113 159 -557.695
1 113 211 -557.695
1 114 173 -557.695
1 114 212 -1115.39
1 115 212 -1115.39
1 116 121 -557.695
1 116 150 -557.695
1 116 166 -557.695
1 117 119 -557.695
1 117 168 -557.695
1 117 210 -557.695
1 119 194 -557.695
1 119 202 -557.695
1 119 96 -557.695
1 120 155 -557.695
1 120 94 -557.695
1 121 187 -557.695
1 123 110 -557.695
1 123 111 -557.695
1 123 158 -557.695
1 123 168 -557.695
1 123 193 -557.695
1 123 202 -1115.39
1 125 150 -557.695
1 125 151 -557.695
1 125 193 -557.695
1 125 194 -557.695
1 126 121 -557.695
1 126 191 -557.695
1 126 195 -557.695
1 127 150 -557.695
1 127 160 -557.695
1 127 169 -557.695
1 127 195 -557.695
1 127 199 -1115.39
1 128 122 -557.695
1 128 148 -557.695
1 128 149 -557.695
1 128 152 -557.695
1 128 153 -557.695
1 128 154 -557.695
1 128 157 -557.695
1 128 199 -557.695
1 129 117 -557.695
1 129 119 -557.695
1 129 122 -557.695
1 129 146 -557.695
1 129 154 -1115.39
1 129 162 -557.695
1 129 176 -557.695
1 130 120 -557.695
1 130 154 -557.695
1 130 155 -557.695
1 130 156 -1673.08
1 130 194 -557.695
1 131 112 -557.695
1 131 121 -557.695
1 131 122 -557.695
1 131 150 -557.695
1 131 156 -557.695
1 131 157 -557.695
1 131 158 -557.695
1 131 161 -1115.39
1 131 198 -557.695
1 132 112 -557.695
1 132 155 -557.695
1 132 156 -557.695
1 132 160 -557.695
1 132 161 -1115.39
1 133 155 -557.695
1 133 159 -557.695
1 133 160 -1115.39
1 133 192 -1115.39
1 133 193 -557.695
1 134 148 -557.695
1 134 150 -557.695
1 134 151 -557.695
1 134 156 -557.695
1 134 191 -557.695
1 134 193 -2230.78
1 135 148 -2788.47
1 135 149 -1115.39
1 135 156 -557.695
1 135 157 -557.695
1 135 193 -1673.08
1 136 147 -557.695
1 136 148 -557.695
1 136 149 -557.695
1 136 150 -1115.39
1 136 153 -557.695
1 136 155 -557.695
1 137 148 -557.695
1 137 150 -557.695
1 137 153 -1115.39
1 137 154 -557.695
1 137 157 -1673.08
1 137 175 -557.695
1 137 206 -557.695
1 138 151 -557.695
1 138 152 -557.695
1 138 153 -1673.08
1 138 168 -557.695
1 138 169 -557.695
1 139 151 -557.695
1 140 138 -557.695
1 140 155 -2230.78
1 140 156 -557.695
1 140 171 -557.695
1 140 180 -557.695
1 141 149 -557.695
1 141 154 -1115.39
1 141 157 -557.695
1 141 171 -557.695
1 141 199 -1115.39
1 142 155 -557.695
1 142 156 -557.695
1 142 157 -557.695
1 142 158 -557.695
1 142 174 -557.695
1 142 179 -557.695
1 142 201 -557.695
1 143 146 -557.695
1 143 157 -1673.08
1 144 142 -1115.39
1 144 173 -557.695
1 145 142 -557.695
1 145 143 -557.695
1 145 151 -557.695
1 145 187 -557.695
1 145 226 -557.695
1 146 140 -557.695
1 146 141 -1115.39
1 146 145 -557.695
1 146 208 -557.695
1 146 229 -557.695
1 146 230 -557.695
1 146 232 -557.695
1 147 139 -1673.08
1 147 140 -557.695
1 147 141 -557.695
1 147 142 -557.695
1 147 229 -557.695
1 147 230 -557.695
1 147 233 -557.695
1 147 239 -557.695
1 147 240 -557.695
1 148 217 -557.695
1 148 221 -557.695
1 149 127 -557.695
1 149 147 -557.695
1 149 154 -557.695
1 149 222 -557.695
1 149 253 -557.695
1 150 160 -557.695
1 150 164 -557.695
1 150 177 -557.695
1 150 227 -557.695
1 150 236 -557.695
1 151 128 -557.695
1 151 228 -557.695
1 152 153 -557.695
1 152 173 -557.695
1 152 176 -557.695
1 152 222 -557.695
1 152 228 -557.695
1 153 126 -557.695
1 153 136 -557.695
1 153 155 -557.695
1 153 232 -557.695
1 153 238 -557.695
1 153 253 -557.695
1 154 126 -557.695
1 154 133 -557.695
1 154 161 -557.695
1 154 172 -557.695
1 154 220 -557.695
1 154 244 -557.695
1 155 170 -1115.39
1 155 216 -557.695
1 155 262 -557.695
1 156 160 -557.695
1 156 211 -557.695
1 156 223 -557.695
1 157 132 -557.695
1 157 133 -557.695
1 157 134 -1673.08
1 157 136 -557.695
1 157 194 -557.695
1 157 207 -557.695
1 157 240 -557.695
1 158 135 -557.695
1 158 248 -557.695
1 159 152 -557.695
1 159 231 -557.695
1 159 240 -557.695
1 159 247 -557.695
1 159 248 -557.695
1 159 250 -557.695
1 159 251 -557.695
1 159 257 -557.695
1 160 133 -557.695
1 160 249 -1115.39
1 160 251 -1115.39
1 160 252 -557.695
1 160 253 -557.695
1 160 262 -557.695
1 161 144 -1115.39
1 161 251 -557.695
1 161 253 -557.695
1 162 137 -1115.39
1 162 252 -1115.39
1 162 253 -557.695
1 163 152 -557.695
1 163 190 -557.695
1 163 236 -557.695
1 164 278 -557.695
1 164 290 -557.695
1 164 299 -557.695
1 165 133 -1115.39
1 165 134 -1115.39
1 165 135 -557.695
1 165 290 -557.695
1 166 131 -557.695
1 166 132 -557.695
1 166 133 -1115.39
1 166 134 -557.695
1 166 135 -557.695
1 166 210 -557.695
1 166 254 -557.695
1 166 255 -557.695
1 167 127 -557.695
1 167 132 -1115.39
1 167 133 -1115.39
1 167 134 -1673.08
1 167 256 -557.695
1 167 288 -557.695
1 167 294 -557.695
1 168 130 -557.695
1 168 131 -557.695
1 168 132 -2230.78
1 168 133 -2230.78
1 168 286 -557.695
1 168 287 -1115.39
1 168 291 -1115.39
1 169 128 -1115.39
1 169 129 -2230.78
1 169 131 -557.695
1 169 132 -2788.47
1 169 133 -1673.08
1 169 134 -5019.25
1 169 135 -557.695
1 169 236 -557.695
1 169 260 -557.695
1 169 271 -557.695
1 169 287 -557.695
1 169 290 -557.695
1 170 133 -1673.08
1 170 134 -6692.34
1 170 136 -557.695
1 170 187 -557.695
1 170 256 -557.695
1 170 287 -557.695
1 170 292 -557.695
1 171 133 -1115.39
1 171 134 -557.695
1 171 136 -2788.47
1 171 290 -557.695
1 172 257 -557.695
1 172 284 -557.695
1 172 295 -1115.39
1 172 311 -557.695
1 173 258 -557.695
1 173 278 -557.695
1 173 290 -557.695
1 173 292 -557.695
1 173 293 -1115.39
1 173 294 -557.695
1 174 124 -557.695
1 174 253 -557.695
1 174 261 -557.695
1 174 270 -557.695
1 174 283 -557.695
1 174 289 -557.695
1 174 293 -557.695
1 175 260 -557.695
1 175 288 -557.695
1 175 292 -1115.39
1 175 293 -557.695
1 175 296 -557.695
1 175 305 -557.695
1 176 274 -557.695
1 176 305 -557.695
1 177 289 -557.695
1 177 290 -557.695
1 178 243 -557.695
1 178 280 -557.695
1 178 285 -557.695
1 178 302 -557.695
1 178 305 -557.695
1 178 306 -557.695
1 178 311 -557.695
1 179 278 -557.695
1 179 285 -557.695
1 180 149 -557.695
1 180 286 -557.695
1 181 297 -557.695
1 181 307 -557.695
1 181 308 -557.695
1 183 242 -557.695
1 183 285 -557.695
1 183 295 -557.695
1 183 308 -557.695
1 183 309 -557.695
1 183 318 -557.695
1 184 263 -557.695
1 184 285 -557.695
1 184 313 -557.695
1 184 319 -557.695
1 185 257 -557.695
1 185 305 -557.695
1 185 306 -557.695
1 185 307 -557.695
1 185 315 -557.695
1 186 255 -557.695
1 186 265 -557.695
1 186 307 -1115.39
1 186 310 -557.695
1 188 262 -557.695
1 188 294 -557.695
1 188 295 -557.695
1 189 295 -557.695
1 189 309 -557.695
1 190 307 -557.695
1 190 308 -557.695
1 190 324 -557.695
1 191 292 -1115.39
1 191 304 -557.695
1 191 305 -557.695
1 192 258 -557.695
1 192 284 -557.695
1 192 304 -557.695
1 192 316 -557.695
1 192 319 -557.695
1 193 262 -557.695
1 193 301 -557.695
1 193 311 -557.695
1 193 313 -1115.39
1 194 284 -557.695
1 194 313 -557.695
1 195 269 -557.695
1 195 287 -557.695
1 195 289 -557.695
1 195 300 -557.695
1 195 311 -557.695
1 195 313 -557.695
1 196 269 -557.695
1 196 275 -557.695
1 196 303 -557.695
1 196 324 -557.695
1 196 333 -557.695
1 197 264 -557.695
1 197 283 -557.695
1 197 300 -557.695
1 197 322 -557.695
1 197 325 -557.695
1 198 242 -557.695
1 198 276 -1115.39
1 198 309 -557.695
1 198 311 -557.695
1 199 283 -557.695
1 199 311 -557.695
1 199 324 -557.695
1 200 280 -557.695
1 200 286 -557.695
1 200 296 -557.695
1 200 299 -557.695
1 200 306 -557.695
1 200 307 -557.695
1 200 312 -557.695
1 200 343 -557.695
1 200 345 -557.695
1 201 257 -557.695
1 202 280 -557.695
1 202 287 -557.695
1 202 297 -557.695
1 202 301 -557.695
1 202 302 -557.695
1 203 215 -557.695
1 203 304 -557.695
1 203 305 -557.695
1 203 309 -557.695
1 203 315 -557.695
1 205 263 -557.695
1 205 303 -557.695
1 205 304 -557.695
1 205 317 -557.695
1 205 318 -557.695
1 205 319 -557.695
1 206 264 -557.695
1 206 270 -557.695
1 206 301 -557.695
1 206 304 -557.695
1 206 315 -557.695
1 206 317 -1115.39
1 207 262 -557.695
1 207 300 -557.695
1 207 301 -1115.39
1 207 303 -557.695
1 207 304 -557.695
1 207 306 -1115.39
1 207 315 -557.695
1 207 317 -557.695
1 208 298 -1115.39
1 208 299 -1115.39
1 208 306 -557.695
1 208 317 -557.695
1 208 328 -557.695
1 209 284 -557.695
1 209 297 -557.695
1 209 302 -557.695
1 210 284 -557.695
1 210 301 -557.695
1 210 302 -557.695
1 210 342 -557.695
1 211 301 -557.695
1 211 321 -557.695
1 212 295 -557.695
1 212 347 -557.695
1 213 226 -557.695
1 213 287 -557.695
1 213 303 -557.695
1 213 329 -557.695
1 214 319 -557.695
1 215 289 -557.695
1 215 311 -557.695
1 215 353 -557.695
1 216 323 -557.695
1 216 341 -557.695
1 217 244 -557.695
1 217 249 -557.695
1 217 351 -557.695
1 218 209 -557.695
1 218 243 -557.695
1 218 292 -557.695
1 218 345 -1115.39
1 221 240 -557.695
1 221 611 -557.695
1 222 254 -557.695
1 222 362 -557.695
1 224 338 -557.695
1 224 359 -557.695
1 225 323 -557.695
1 225 329 -557.695
1 225 332 -557.695
1 225 368 -557.695
1 225 373 -557.695
1 225 378 -557.695
1 225 382 -1115.39
1 226 323 -557.695
1 226 388 -1115.39
1 226 618 -557.695
1 227 315 -557.695
1 228 606 -557.695
1 229 385 -1115.39
1 229 392 -557.695
1 229 393 -557.695
1 229 397 -2230.78
1 229 618 -2788.47
1 230 338 -557.695
1 230 373 -1115.39
1 230 384 -557.695
1 230 392 -1115.39
1 230 393 -2230.78
1 230 396 -557.695
1 230 605 -557.695
1 231 343 -557.695
1 231 383 -557.695
1 231 392 -2788.47
1 231 393 -6134.64
1 231 398 -557.695
1 231 603 -557.695
1 231 607 -1115.39
1 232 259 -557.695
1 232 300 -557.695
1 232 384 -557.695
1 232 389 -557.695
1 232 393 -3346.17
1 232 394 -2230.78
1 232 405 -557.695
1 232 604 -1115.39
1 232 606 -1115.39
1 232 607 -1673.08
1 232 608 -557.695
1 233 373 -557.695
1 233 393 -557.695
1 233 403 -557.695
1 233 406 -2230.78
1 233 601 -1115.39
1 233 602 -557.695
1 234 374 -557.695
1 234 388 -557.695
1 234 389 -557.695
1 234 406 -1673.08
1 234 407 -1115.39
1 234 601 -557.695
1 234 602 -1115.39
1 234 603 -1673.08
1 234 604 -557.695
1 234 605 -1115.39
1 234 606 -557.695
1 234 609 -557.695
1 234 620 -557.695
1 234 621 -557.695
1 235 342 -557.695
1 235 368 -557.695
1 235 389 -557.695
1 235 392 -557.695
1 235 404 -557.695
1 235 406 -557.695
1 235 599 -557.695
1 235 600 -1115.39
1 235 602 -1673.08
1 235 603 -557.695
1 235 606 -557.695
1 235 608 -557.695
1 236 256 -557.695
1 236 359 -557.695
1 236 377 -1115.39
1 236 378 -557.695
1 236 389 -1115.39
1 236 600 -557.695
1 236 601 -557.695
1 236 602 -1115.39
1 236 605 -557.695
1 236 606 -557.695
1 236 607 -557.695
1 236 620 -557.695
1 237 330 -557.695
1 237 377 -557.695
1 237 384 -557.695
1 237 388 -557.695
1 237 605 -1115.39
1 237 606 -1673.08
1 237 607 -1115.39
1 237 608 -2788.47
1 237 609 -1673.08
1 237 620 -557.695
1 238 346 -557.695
1 238 391 -557.695
1 238 410 -557.695
1 238 602 -557.695
1 238 603 -557.695
1 238 606 -2788.47
1 238 607 -3346.17
1 238 608 -2230.78
1 238 610 -557.695
1 239 297 -5304.61
1 239 323 -557.695
1 239 404 -557.695
1 239 601 -557.695
1 239 603 -557.695
1 239 607 -1115.39
1 239 608 -2230.78
1 239 609 -1673.08
1 239 610 -1115.39
1 239 615 -1115.39
1 240 267 -557.695
1 240 319 -557.695
1 240 327 -557.695
1 240 352 -557.695
1 240 374 -1115.39
1 240 392 -1115.39
1 240 396 -557.695
1 240 406 -557.695
1 240 603 -557.695
1 240 605 -1673.08
1 240 606 -2230.78
1 240 607 -1115.39
1 240 620 -1115.39
1 240 621 -557.695
1 241 339 -557.695
1 241 352 -557.695
1 241 370 -1115.39
1 241 375 -557.695
1 241 409 -557.695
1 241 577 -557.695
1 241 603 -1115.39
1 241 605 -1673.08
1 241 606 -1115.39
1 241 607 -1115.39
1 241 608 -1115.39
1 241 609 -2788.47
1 241 610 -557.695
1 241 611 -557.695
1 241 620 -557.695
1 241 621 -557.695
1 242 314 -557.695
1 242 318 -557.695
1 242 336 -557.695
1 242 338 -557.695
1 242 339 -557.695
1 242 373 -1673.08
1 242 374 -3346.17
1 242 406 -1115.39
1 242 603 -1115.39
1 242 604 -3903.86
1 242 605 -5019.25
1 242 606 -1673.08
1 242 607 -2788.47
1 242 608 -2788.47
1 242 609 -1673.08
1 242 610 -1673.08
1 242 616 -557.695
1 242 622 -557.695
1 242 623 -1673.08
1 243 366 -557.695
1 243 369 -557.695
1 243 372 -1115.39
1 243 373 -4461.56
1 243 374 -1673.08
1 243 386 -557.695
1 243 391 -557.695
1 243 405 -557.695
1 243 406 -557.695
1 243 407 -1115.39
1 243 409 -557.695
1 243 577 -557.695
1 243 606 -3903.86
1 243 607 -2788.47
1 243 608 -1115.39
1 243 609 -3346.17
1 243 620 -557.695
1 243 622 -1115.39
1 243 623 -4461.56
1 244 371 -557.695
1 244 372 -1115.39
1 244 373 -1673.08
1 244 415 -557.695
1 244 598 -557.695
1 244 606 -2230.78
1 244 607 -557.695
1 244 611 -557.695
1 244 616 -557.695
1 244 622 -557.695
1 244 623 -2230.78
1 244 624 -557.695
1 245 312 -557.695
1 245 315 -557.695
1 245 326 -557.695
1 245 335 -557.695
1 245 338 -557.695
1 245 356 -1115.39
1 245 371 -557.695
1 245 413 -557.695
1 245 586 -557.695
1 245 604 -557.695
1 245 605 -1673.08
1 245 606 -2788.47
1 245 607 -2230.78
1 245 609 -2788.47
1 245 610 -1115.39
1 245 612 -1115.39
1 245 616 -1115.39
1 245 619 -557.695
1 245 620 -1115.39
1 245 622 -557.695
1 246 214 -557.695
1 246 342 -557.695
1 246 356 -557.695
1 246 357 -557.695
1 246 374 -557.695
1 246 413 -557.695
1 246 590 -557.695
1 246 599 -557.695
1 246 600 -3346.17
1 246 605 -2230.78
1 246 606 -3903.86
1 246 607 -2230.78
1 246 610 -557.695
1 246 612 -1115.39
1 246 614 -557.695
1 246 615 -557.695
1 246 623 -557.695
1 247 314 -557.695
1 247 331 -557.695
1 247 367 -1115.39
1 247 368 -2788.47
1 247 387 -1115.39
1 247 413 -557.695
1 247 578 -557.695
1 247 597 -557.695
1 247 598 -3903.86
1 247 599 -3346.17
1 247 600 -5576.95
1 247 601 -5576.95
1 247 605 -1115.39
1 247 609 -1115.39
1 247 610 -1115.39
1 247 611 -2230.78
1 247 612 -2230.78
1 247 613 -1115.39
1 247 618 -1115.39
1 247 619 -557.695
1 247 623 -557.695
1 248 307 -557.695
1 248 367 -557.695
1 248 368 -2230.78
1 248 371 -1115.39
1 248 372 -2788.47
1 248 387 -1115.39
1 248 388 -3346.17
1 248 413 -557.695
1 248 416 -557.695
1 248 529 -557.695
1 248 567 -557.695
1 248 596 -3903.86
1 248 597 -2788.47
1 248 598 -5576.95
1 248 599 -3346.17
1 248 600 -2230.78
1 248 601 -3346.17
1 248 602 -1673.08
1 248 605 -557.695
1 248 608 -557.695
1 248 609 -1115.39
1 248 610 -1673.08
1 248 611 -3346.17
1 248 612 -3346.17
1 248 613 -3903.86
1 248 618 -557.695
1 248 619 -557.695
1 248 620 -557.695
1 248 623 -1115.39
1 249 333 -557.695
1 249 334 -557.695
1 249 365 -1115.39
1 249 366 -1673.08
1 249 367 -557.695
1 249 368 -1673.08
1 249 371 -557.695
1 249 387 -557.695
1 249 388 -557.695
1 249 400 -557.695
1 249 412 -557.695
1 249 567 -557.695
1 249 593 -1115.39
1 249 595 -3346.17
1 249 596 -3903.86
1 249 597 -6134.64
1 249 603 -1673.08
1 249 604 -4461.56
1 249 605 -2788.47
1 249 607 -2230.78
1 249 609 -557.695
1 249 610 -1115.39
1 249 611 -2788.47
1 249 612 -5019.25
1 249 613 -1115.39
1 249 618 -557.695
1 249 623 -557.695
1 250 331 -557.695
1 250 355 -557.695
1 250 365 -1115.39
1 250 366 -2788.47
1 250 367 -1673.08
1 250 368 -557.695
1 250 369 -1115.39
1 250 370 -1115.39
1 250 371 -3346.17
1 250 382 -557.695
1 250 406 -557.695
1 250 413 -557.695
1 250 414 -557.695
1 250 423 -557.695
1 250 436 -557.695
1 250 568 -557.695
1 250 579 -557.695
1 250 591 -557.695
1 250 594 -557.695
1 250 596 -4461.56
1 250 597 -1115.39
1 250 602 -557.695
1 250 603 -3903.86
1 250 604 -3346.17
1 250 605 -2230.78
1 250 607 -557.695
1 250 608 -1673.08
1 250 609 -557.695
1 250 610 -557.695
1 250 613 -557.695
1 251 276 -557.695
1 251 322 -557.695
1 251 365 -1673.08
1 251 366 -5019.25
1 251 367 -1115.39
1 251 368 -1115.39
1 251 371 -557.695
1 251 379 -557.695
1 251 407 -557.695
1 251 414 -557.695
1 251 424 -557.695
1 251 598 -557.695
1 251 604 -557.695
1 251 605 -557.695
1 251 607 -557.695
1 251 610 -557.695
1 252 236 -557.695
1 252 365 -1673.08
1 252 366 -3903.86
1 252 367 -3903.86
1 252 368 -1115.39
1 252 376 -557.695
1 252 412 -557.695
1 252 416 -557.695
1 252 428 -557.695
1 252 506 -557.695
1 252 507 -557.695
1 252 528 -557.695
1 252 534 -557.695
1 252 544 -557.695
1 252 576 -557.695
1 252 591 -1115.39
1 252 596 -1160.02
1 252 597 -1115.39
1 252 598 -557.695
1 252 599 -1115.39
1 252 608 -1115.39
1 252 609 -557.695
1 252 611 -557.695
1 252 620 -557.695
1 253 259 -557.695
1 253 342 -557.695
1 253 363 -557.695
1 253 365 -1115.39
1 253 366 -3346.17
1 253 367 -2230.78
1 253 370 -557.695
1 253 375 -1115.39
1 253 404 -557.695
1 253 433 -1115.39
1 253 506 -557.695
1 253 543 -557.695
1 253 546 -557.695
1 253 547 -557.695
1 253 566 -557.695
1 253 586 -1115.39
1 253 596 -557.695
1 253 597 -2230.78
1 253 601 -557.695
1 253 604 -557.695
1 253 605 -557.695
1 253 614 -1673.08
1 254 366 -1115.39
1 254 478 -557.695
1 254 581 -557.695
1 254 584 -557.695
1 254 585 -3346.17
1 254 586 -2788.47
1 254 587 -1673.08
1 254 588 -1673.08
1 254 589 -2230.78
1 254 598 -557.695
1 254 599 -557.695
1 254 601 -1115.39
1 254 604 -1115.39
1 254 605 -557.695
1 254 606 -557.695
1 254 611 -557.695
1 255 341 -557.695
1 255 346 -557.695
1 255 371 -557.695
1 255 402 -557.695
1 255 442 -557.695
1 255 445 -557.695
1 255 461 -557.695
1 255 479 -557.695
1 255 512 -557.695
1 255 513 -557.695
1 255 526 -557.695
1 255 547 -557.695
1 255 548 -557.695
1 255 565 -557.695
1 255 583 -1673.08
1 255 584 -2230.78
1 255 585 -2230.78
1 255 586 -2230.78
1 255 587 -1115.39
1 255 588 -557.695
1 255 591 -557.695
1 255 594 -557.695
1 255 597 -557.695
1 255 600 -1115.39
1 255 607 -557.695
1 256 346 -557.695
1 256 350 -557.695
1 256 367 -557.695
1 256 373 -557.695
1 256 374 -557.695
1 256 491 -557.695
1 256 526 -557.695
1 256 531 -1673.08
1 256 532 -557.695
1 256 547 -557.695
1 256 548 -1115.39
1 256 549 -557.695
1 256 575 -557.695
1 256 578 -1115.39
1 256 580 -557.695
1 256 584 -1673.08
1 256 585 -1115.39
1 256 592 -1115.39
1 256 594 -3941.93
1 256 595 -2230.78
1 256 607 -2230.78
1 256 608 -1115.39
1 256 609 -557.695
1 257 330 -557.695
1 257 461 -557.695
1 257 497 -557.695
1 257 503 -557.695
1 257 506 -557.695
1 257 512 -557.695
1 257 527 -1673.08
1 257 529 -557.695
1 257 532 -557.695
1 257 549 -557.695
1 257 574 -557.695
1 257 575 -1673.08
1 257 584 -1673.08
1 257 585 -1673.08
1 257 593 -1115.39
1 257 594 -4461.56
1 257 595 -2230.78
1 257 597 -1115.39
1 257 606 -3903.86
1 257 607 -557.695
1 258 307 -557.695
1 258 330 -557.695
1 258 366 -557.695
1 258 485 -1115.39
1 258 489 -1115.39
1 258 491 -557.695
1 258 493 -557.695
1 258 494 -557.695
1 258 496 -557.695
1 258 497 -557.695
1 258 498 -1673.08
1 258 499 -1115.39
1 258 502 -557.695
1 258 503 -557.695
1 258 529 -1115.39
1 258 531 -557.695
1 258 532 -557.695
1 258 533 -1115.39
1 258 535 -557.695
1 258 546 -557.695
1 258 550 -557.695
1 258 556 -1115.39
1 258 564 -557.695
1 258 576 -557.695
1 258 583 -557.695
1 258 584 -1673.08
1 258 586 -1673.08
1 258 594 -1673.08
1 258 606 -2788.47
1 258 607 -557.695
1 259 346 -557.695
1 259 369 -1115.39
1 259 402 -557.695
1 259 444 -557.695
1 259 456 -557.695
1 259 485 -557.695
1 259 486 -557.695
1 259 488 -557.695
1 259 489 -557.695
1 259 490 -1115.39
1 259 509 -1115.39
1 259 510 -557.695
1 259 522 -557.695
1 259 528 -557.695
1 259 529 -557.695
1 259 531 -557.695
1 259 532 -557.695
1 259 545 -557.695
1 259 549 -557.695
1 259 554 -1115.39
1 259 555 -1115.39
1 259 556 -1673.08
1 259 557 -1673.08
1 259 575 -2230.78
1 259 576 -557.695
1 259 579 -557.695
1 259 584 -557.695
1 259 585 -2230.78
1 259 586 -1115.39
1 260 369 -1115.39
1 260 404 -1115.39
1 260 443 -557.695
1 260 454 -557.695
1 260 485 -557.695
1 260 486 -1115.39
1 260 487 -557.695
1 260 492 -557.695
1 260 499 -557.695
1 260 502 -1115.39
1 260 517 -557.695
1 260 527 -557.695
1 260 545 -1673.08
1 260 548 -557.695
1 260 554 -557.695
1 260 556 -557.695
1 260 567 -557.695
1 260 576 -557.695
1 260 577 -557.695
1 261 397 -557.695
1 261 404 -557.695
1 261 444 -557.695
1 261 483 -557.695
1 261 487 -557.695
1 261 501 -557.695
1 261 502 -557.695
1 261 545 -557.695
1 261 551 -557.695
1 261 552 -557.695
1 261 565 -557.695
1 262 254 -557.695
1 262 353 -1115.39
1 262 369 -557.695
1 262 425 -557.695
1 262 443 -557.695
1 262 458 -557.695
1 262 483 -1115.39
1 262 493 -557.695
1 262 501 -557.695
1 262 502 -557.695
1 262 523 -557.695
1 262 524 -557.695
1 262 535 -557.695
1 262 536 -557.695
1 262 537 -557.695
1 262 542 -557.695
1 262 546 -557.695
1 262 584 -557.695
1 262 587 -557.695
1 263 355 -557.695
1 263 415 -557.695
1 263 484 -557.695
1 263 493 -557.695
1 263 509 -557.695
1 263 522 -557.695
1 263 523 -1115.39
1 263 524 -1115.39
1 263 541 -1115.39
1 263 542 -557.695
1 263 543 -557.695
1 263 546 -1115.39
1 263 576 -557.695
1 263 579 -557.695
1 263 581 -2230.78
1 264 369 -557.695
1 264 379 -574.168
1 264 481 -557.695
1 264 482 -557.695
1 264 493 -557.695
1 264 503 -557.695
1 264 504 -557.695
1 264 516 -557.695
1 264 521 -1673.08
1 264 527 -557.695
1 264 543 -2230.78
1 264 568 -557.695
1 264 575 -557.695
1 264 576 -1115.39
1 265 336 -557.695
1 265 367 -1148.32
1 265 457 -557.695
1 265 459 -557.695
1 265 511 -557.695
1 265 516 -557.695
1 265 520 -557.695
1 265 524 -868.9119999999999
1 265 568 -1115.39
1 266 314 -557.695
1 266 413 -557.695
1 266 456 -557.695
1 266 478 -557.695
1 266 481 -557.695
1 266 483 -557.695
1 266 484 -557.695
1 266 485 -557.695
1 266 492 -557.695
1 266 498 -557.695
1 266 505 -557.695
1 266 518 -557.695
1 266 523 -557.695
1 266 543 -557.695
1 266 545 -557.695
1 266 549 -557.695
1 266 555 -557.695
1 267 337 -557.695
1 267 365 -557.695
1 267 381 -557.695
1 267 459 -557.695
1 267 460 -1115.39
1 267 505 -557.695
1 267 507 -557.695
1 267 543 -557.695
1 267 544 -1115.39
1 267 549 -557.695
1 267 553 -1673.08
1 267 562 -557.695
1 268 507 -1115.39
1 268 540 -557.695
1 268 541 -557.695
1 268 542 -1115.39
1 268 543 -2230.78
1 268 544 -1115.39
1 268 549 -557.695
1 268 551 -557.695
1 268 552 -557.695
1 268 553 -557.695
1 269 362 -557.695
1 269 505 -1115.39
1 269 507 -557.695
1 269 528 -557.695
1 269 543 -557.695
1 269 547 -1115.39
1 270 474 -557.695
1 270 475 -1115.39
1 270 479 -557.695
1 270 491 -557.695
1 270 504 -557.695
1 270 507 -557.695
1 270 526 -557.695
1 271 375 -557.695
1 271 388 -557.695
1 271 479 -557.695
1 271 481 -557.695
1 271 487 -557.695
1 271 491 -557.695
1 271 526 -557.695
1 272 469 -557.695
1 272 493 -557.695
1 272 495 -1115.39
1 272 496 -557.695
1 272 502 -557.695
1 272 526 -1673.08
1 273 441 -557.695
1 273 462 -557.695
1 273 526 -557.695
1 275 463 -557.695
1 275 480 -557.695
1 275 502 -557.695
1 275 504 -557.695
1 276 502 -557.695
1 277 393 -557.695
1 279 459 -557.695
1 280 563 -557.695
1 282 434 -557.695
1 282 435 -1071.18
1 283 461 -557.695
1 283 482 -557.695
1 283 483 -557.695
1 285 437 -557.695
1 285 482 -557.695
1 285 483 -557.695
1 286 377 -557.695
1 286 464 -557.695
1 288 469 -557.695
1 289 362 -557.695
1 289 443 -557.695
1 292 358 -557.695
1 293 390 -1673.08
1 293 391 -557.695
1 296 390 -557.695
1 301 359 -557.695
1 301 378 -557.695
1 85 106 -557.695
1 92 112 -1115.39
1 93 117 -557.695
1 97 89 -557.695
1 98 101 -557.695
1 99 126 -557.695
1 99 136 -557.695
1 148 187 -5834.23
1 156 158 -18267.1
1 157 160 -11241.3
1 167 186 -19923.8
1 170 169 -14022.9
1 197 280 -20834.3
1 199 225 -84.3097
1 234 285 -158.783
1 244 234 -32152.9
1 259 541 -15.4568
1 267 479 -227.825
1 271 361 -171.37900000000002
1 272 454 -62.9593
1 299 360 -6720.89
1 140 173 -2810.32
1 157 117 -7774.76
1 157 190 -16.6851
1 158 205 -7316.67
1 169 164 -77243.1
1 173 196 -380.774
1 175 213 -96.9561
1 195 280 -26698.1
1 203 296 -13493.8
1 214 174 -20568.1
1 218 173 -20906.1
1 262 350 -44.9652
1 271 470 -1140.59
1 274 431 -988638.0
1 285 357 -1112.89
1 289 374 -57.6116
1 293 378 -1009.39
1 299 335 -28103.2
1 144 130 -1570.28
1 152 183 -9082.96
1 153 185 -17991.7
1 154 128 -36.5342
1 155 180 -15649.3
1 155 187 -3518.52
1 162 171 -25151.0
1 170 217 -119.439
1 174 182 -21397.8
1 175 178 -4074.97
1 188 287 -191.03
1 189 206 -52.6748
1 201 279 -2810.32
1 222 252 -34167.9
1 222 266 -8259.3
1 224 273 -24692.9
1 225 248 -10736.8
1 237 292 -4974.27
1 238 244 -141.921
1 248 238 -310.541
1 271 268 -987.828
1 274 278 -15593.1
1 295 392 -82.20700000000001
1 296 391 -167.546
1 296 393 -77.2839
1 140 166 -6891.0
1 141 165 -24.629
1 143 184 -33723.9
1 146 180 -4150.21
1 149 124 -50.5858
1 149 181 -3772.73
1 150 183 -12410.2
1 150 186 -7577.77
1 151 181 -15987.9
1 151 189 -8571.48
1 151 211 -6314.86
1 152 180 -17231.6
1 153 188 -17283.5
1 158 173 -68.4321
1 164 124 -634.1619999999999
1 165 167 -15831.8
1 170 115 -4584.7
1 184 210 -29521.0
1 188 207 -21591.7
1 193 280 -6611.28
1 206 280 -4645.46
1 209 273 -3458.36
1 209 281 -25148.2
1 213 270 -2289.32
1 221 317 -20558.9
1 224 287 -0.397564
1 227 344 -10018.8
1 230 352 -1425.22
1 236 342 -6423.39
1 236 344 -0.0496955
1 240 337 -2496.11
1 240 357 -2787.12
1 244 333 -2342.29
1 262 286 -1540.06
1 263 344 -15.6044
1 265 517 -37.5168
1 267 428 -531.273
1 271 355 -997.2510000000001
1 277 371 -1419.44
1 284 333 -1.03475
1 296 358 -11241.3
1 297 356 -598.899
1 297 391 -136.30100000000002
1 142 169 -2810.32
1 146 146 -5694.57
1 155 116 -287.647
1 161 185 -45551.1
1 183 232 -14783.7
1 192 232 -111129.0
1 193 235 -73844.0
1 201 310 -778.459
1 211 195 -1378.6
1 221 339 -9727.25
1 222 324 -3351.17
1 242 618 -205.15400000000002
1 248 344 -8430.97
1 263 345 -118.03399999999999
1 263 427 -69.92
1 263 570 -293.71
1 265 414 -0.530857
1 286 302 -3496.04
1 292 360 -7.025810000000001
1 293 357 -4400.97
1 295 362 -455.781
1 297 439 -4.31228
1 137 128 -15688.6
1 150 118 -1971.25
1 150 121 -9803.57
1 150 127 -46.9802
1 152 118 -264.17
1 153 123 -9722.31
1 155 125 -6245.94
1 158 138 -270.777
1 160 139 -663.703
1 181 126 -23037.0
1 189 126 -25321.3
1 224 257 -726.6089999999999
1 281 445 -22.4287
1 137 168 -4325.09
1 149 213 -4932.12
1 189 195 -9953.97
1 190 250 -3588.66
1 192 197 -24793.7
1 210 253 -372.36800000000005
1 245 324 -42.1548
1 247 330 -1.29368
1 270 480 -89.4798
1 272 486 -0.48379700000000003
1 148 166 -5097.78
1 188 204 -12624.7
1 203 340 -307.121
1 206 281 -1925.07
1 208 226 -8195.93
1 211 266 -74766.3
1 213 276 -1071.6
1 214 274 -11637.6
1 220 278 -98243.3
1 223 372 -809.905
1 239 385 -1942.64
1 239 406 -218.408
1 239 416 -10.1339
1 241 238 -5753.1
1 245 408 -1065.11
1 246 320 -191.102
1 248 454 -1472.65
1 259 351 -2637.69
1 262 585 -9.83613
1 265 360 -17550.6
1 267 449 -907.928
1 269 360 -6718.53
1 273 521 -4297.19
1 274 327 -446.912
1 274 521 -6.77953
1 275 465 -93.1453
1 290 322 -42837.5
1 292 458 -125.056
1 295 337 -2322.91
1 147 183 -22774.9
1 156 122 -19.6723
1 258 337 -21.22
1 259 439 -275.986
1 268 484 -37.978
1 173 183 -20144.4
1 201 251 -23374.9
1 261 570 -1419.61
1 264 441 -57.0084
1 144 132 -3.84384
1 136 173 -8445.02
1 144 189 -5805.55
1 154 122 -36.5342
1 164 169 -25292.9
1 183 124 -13433.9
1 186 125 -3531.21
1 186 209 -46429.3
1 204 300 -8.71081
1 225 242 -14051.6
1 226 375 -9374.9
1 238 302 -15922.2
1 244 321 -3268.41
1 245 406 -380.81800000000004
1 247 591 -42.1548
1 248 593 -80.0942
1 256 443 -487.075
1 258 339 -1336.38
1 258 416 -533.86
1 259 414 -1149.41
1 263 583 -429.89099999999996
1 266 470 -497.767
1 269 482 -225.05200000000002
1 270 476 -1307.05
1 273 523 -171617.0
1 275 479 -6759.71
1 291 374 -0.7690739999999999
1 297 388 -441.14599999999996
1 298 384 -0.306884
1 221 300 -45.7199
1 239 400 -16.7628
1 140 116 -4128.36
1 272 494 -104.76700000000001
1 225 289 -4067.58
1 226 330 -25597.8
1 244 430 -345.67
1 247 342 -42.821000000000005
1 253 427 -91.8516
1 253 443 -677.3589999999999
1 254 442 -1429.46
1 254 444 -68.8529
1 254 445 -0.980324
1 256 445 -25.8737
1 261 346 -139.796
1 261 369 -234.157
1 263 448 -72.8776
1 270 319 -25666.7
1 271 471 -32.4284
1 271 489 -1431.68
1 272 371 -376.548
1 275 371 -1026.74
1 262 394 -1024100.0
1 167 168 -11240.4
1 157 122 -260.125
1 211 313 -45.4515
1 212 315 -226.797
1 214 287 -263.48
1 224 372 -2393.32
1 246 609 -1639.1
1 247 590 -942.863
1 255 446 -306.172
1 270 482 -118.913
1 276 386 -366.54400000000004
1 281 446 -26.7361
1 284 406 -290.64799999999997
1 291 458 -86.5216
1 295 390 -1166.28
1 297 384 -143.832
1 297 387 -62.9167
1 145 147 -260.462
1 257 443 -129.368
1 162 205 -15260.1
1 194 320 -5.62065
1 196 299 -0.49500500000000003
1 234 400 -49.1806
1 237 378 -21.7339
1 240 386 -73.6106
1 241 353 -4.311030000000001
1 244 330 -1761.66
1 253 400 -388.644
1 254 400 -50.2424
1 255 373 -194.915
1 261 362 -9448.21
1 262 441 -42.4242
1 263 353 -10.7376
1 276 469 -27.1674
1 276 484 -74.4721
1 277 429 -689.9780000000001
1 282 451 -305.31
1 279 477 -13.0071
1 145 139 -1225.02
1 206 299 -18.0124
1 239 305 -862.456
1 261 461 -181.418
1 289 412 -11.7197
1 183 311 -1098.77
1 220 175 -21624.4
1 244 355 -23290.5
1 245 261 -10004.7
1 290 355 -17648.7
1 264 474 -2.93235
1 164 240 -357.91900000000004
1 201 297 -35.2098
1 207 298 -18.5428
1 232 373 -394.358
1 233 392 -130.642
1 235 390 -224.22
1 236 398 -855.211
1 237 390 -64.1217
1 237 399 -51.9199
1 241 374 -56.677
1 248 606 -69.7884
1 249 411 -194.18200000000002
1 253 418 -76.3545
1 253 442 -53.0411
1 258 597 -117.12200000000001
1 259 428 -349.295
1 263 467 -13154.2
1 263 468 -12834.2
1 267 481 -348.86400000000003
1 281 429 -407.67900000000003
1 283 394 -74.5292
1 284 436 -314.797
1 296 414 -20.0668
1 144 126 -573.6569999999999
1 147 130 -3084.04
1 148 141 -6643.6
1 223 371 -191.03400000000002
1 257 456 -167.36
1 160 142 -6.4633400000000005
1 247 419 -341.964
1 257 602 -63.507
1 176 219 -116.084
1 256 590 -56.4348
1 261 581 -24.1827
1 241 405 -360.75800000000004
1 251 362 -2393.75
1 271 484 -72.8799
1 235 358 -391.9
1 240 422 -34.6276
1 254 368 -180.253
1 261 424 -106.792
1 269 477 -848.0930000000001
1 290 463 -1142.75
1 175 246 -0.49500500000000003
1 231 201 -12860.0
1 282 445 -0.482976
1 255 399 -860.7310000000001
1 267 483 -2958.23
1 273 513 -0.967593
1 243 350 -1736.56
1 244 406 -1.2505600000000001
1 288 370 -118.74700000000001
1 162 138 -1.39893
1 164 144 -39.8328
1 259 459 -1138.18
1 251 431 -276.848
1 292 373 -12.7814
1 265 476 -30.186
1 251 330 -98.0533
1 235 401 -15.3948
1 274 481 -144.67700000000002
1 271 480 -16.7317
1 286 460 -76.5659
1 259 438 -19.6723
1 272 492 -27.5393
1 243 423 -16.8619
1 271 535 -29.4529
1 244 609 -25.9599
1 160 144 -74.4696
1 271 517 -1837.03
1 249 326 -44.4973
1 212 180 -989.2339999999999
1 271 536 -132.687
1 217 228 -336.358
1 252 431 -1432.97
1 174 184 -277.28
1 251 443 -763.221
1 250 444 -302.83299999999997
1 197 178 -1020.25
1 226 368 -510.913
1 237 397 -2687.85
1 252 401 -1898.7
1 201 299 -14493.5
1 277 382 -73008.0
1 258 419 -368215.0
1 261 540 -882.441
