1 62 1 3798.3
1 61 2 3770.7
1 60 3 3749.7
1 59 4 3733.5
1 58 5 3721.5
1 57 6 3713.4
1 56 7 3709.2
1 55 8 3709.0
1 54 9 3713.4
1 53 10 3722.5
1 52 11 3736.7
1 51 12 3755.5
1 49 13 3767.8
1 50 13 3777.1
1 48 14 3789.3
1 47 15 3784.5
1 46 16 3776.7
1 45 17 3766.9
1 45 18 3767.6
1 45 19 3768.3
1 44 20 3756.4
1 44 21 3756.2
1 44 22 3755.5
1 44 23 3754.2
1 44 24 3752.2
1 44 25 3749.4
1 44 26 3745.6
1 44 27 3740.7
1 44 28 3734.5
1 44 29 3727.0
1 44 30 3717.9
1 44 31 3707.0
1 44 32 3694.2
1 44 33 3679.1
1 44 34 3661.5
1 44 35 3641.1
1 44 36 3617.4
1 44 37 3589.8
1 44 38 3557.8
1 44 39 3520.3
1 44 40 3476.1
1 44 41 3422.8
1 43 42 3304.0
1 43 43 3265.0
1 43 44 3203.3
1 42 45 3052.1
1 42 46 2997.6
1 40 47 2765.7
1 41 47 2812.0
1 40 48 2729.6
1 40 49 2663.5
1 40 50 2567.6
1 35 78 4859.7
1 35 79 4888.1
1 34 80 4945.1
1 33 81 5025.5
1 32 82 5089.1
1 31 83 5102.5
1 30 84 5114.2
1 29 85 5123.1
1 28 86 5145.4
1 27 87 5164.2
1 26 88 5190.3
1 25 89 5217.8
1 25 90 5254.2
1 24 91 5241.3
1 24 92 5256.5
1 24 93 5293.6
1 24 94 5330.6
1 23 95 5345.7
1 23 96 5386.0
1 23 97 5422.3
1 22 98 5430.3
1 22 99 5471.4
1 22 100 5508.4
1 22 101 5545.7
1 21 102 5566.0
1 21 103 5611.1
1 20 104 5633.2
1 20 105 5675.7
1 19 106 5707.7
1 19 107 5752.1
1 18 108 5788.7
1 18 109 5828.5
1 17 110 5747.7
1 17 111 5758.8
1 17 112 5868.1
1 65 109 6030.5
1 66 109 6027.0
1 67 109 5976.4
1 68 109 5941.6
1 69 109 5951.1
1 62 110 5964.5
1 63 110 6002.2
1 64 110 6023.1
1 70 110 6040.0
1 60 111 5859.4
1 61 111 5880.9
1 71 111 6106.0
1 37 112 5647.1
1 38 112 5707.3
1 39 112 5768.9
1 40 112 5814.4
1 41 112 5851.4
1 42 112 5873.4
1 43 112 5884.6
1 44 112 5893.7
1 45 112 5900.9
1 46 112 5910.4
1 47 112 5919.3
1 48 112 5936.9
1 55 112 5739.6
1 56 112 5761.3
1 57 112 5778.4
1 58 112 5795.2
1 59 112 5810.1
1 72 112 6143.0
1 16 113 5956.8
1 33 113 5631.7
1 34 113 5615.1
1 35 113 5599.2
1 36 113 5578.7
1 49 113 5930.6
1 50 113 5908.4
1 51 113 5855.3
1 52 113 5800.7
1 53 113 5744.1
1 54 113 5707.4
1 73 113 6175.3
1 16 114 6015.9
1 29 114 5721.3
1 30 114 5696.1
1 31 114 5668.3
1 32 114 5633.3
1 74 114 6198.4
1 75 114 6202.5
1 16 115 6072.6
1 25 115 5833.0
1 26 115 5810.2
1 27 115 5781.0
1 28 115 5741.0
1 76 115 6234.3
1 16 116 6127.9
1 21 116 5975.7
1 22 116 5990.6
1 23 116 5903.4
1 24 116 5863.2
1 77 116 6249.5
1 78 116 6247.6
1 79 116 6260.2
1 16 117 6182.1
1 20 117 6023.7
1 80 117 6281.1
1 81 117 6279.2
1 82 117 6258.6
1 83 117 6231.1
1 84 117 6202.0
1 16 118 6219.5
1 17 118 6185.7
1 18 118 6138.6
1 19 118 6085.1
1 85 118 6131.5
1 85 119 6089.7
1 86 120 6072.5
1 86 121 6095.2
1 86 122 6120.0
1 86 123 6137.3
1 86 124 6149.7
1 86 125 6159.3
1 86 126 6166.4
1 86 127 6170.1
1 86 128 6170.7
1 86 129 6169.0
1 86 130 6166.3
1 86 131 6162.1
1 86 132 6155.2
1 86 133 6146.5
1 86 134 6134.7
1 86 135 6118.8
1 86 136 6099.7
1 85 137 6050.6
1 85 138 6037.7
1 84 139 6032.8
1 83 140 6073.8
1 82 141 6157.7
1 82 142 6174.0
1 81 143 6226.7
1 80 144 6287.2
1 79 145 6356.2
1 78 146 6419.8
1 77 147 6487.1
1 76 148 6559.0
1 75 149 6636.4
1 75 150 6700.7
1 75 151 6761.3
1 75 152 6821.9
1 75 153 6868.8
1 76 154 6862.0
1 77 154 6849.2
1 78 154 6839.0
1 79 155 6827.7
1 80 155 6815.1
1 81 156 6797.5
1 82 157 6771.0
1 82 158 6748.6
1 83 158 6734.5
1 84 159 6704.6
1 84 160 6676.8
1 84 161 6652.4
1 84 162 6628.5
1 85 163 6603.4
1 86 164 6574.0
1 87 165 6537.0
1 88 166 6502.2
1 89 167 6468.6
1 90 168 6387.2
1 90 169 6337.2
1 91 170 6269.8
1 92 171 6198.4
1 93 172 6167.7
1 94 173 6141.2
1 94 174 6138.8
1 95 175 6123.4
1 95 176 6109.0
1 95 177 6113.7
1 95 178 6120.7
1 95 179 6126.0
1 96 180 5954.7
1 97 181 5971.7
1 98 182 5989.2
1 99 183 6006.7
1 100 184 6022.5
1 101 185 6037.9
1 102 185 6046.3
1 103 185 6061.9
1 104 186 6096.3
1 105 186 6097.4
1 106 187 6100.6
1 107 188 6096.4
1 108 189 5914.1
1 108 190 5916.1
1 108 191 5917.1
1 108 192 5916.7
1 108 193 5912.5
1 107 194 5707.4
1 107 195 5703.4
1 107 196 5695.6
1 107 197 5685.3
1 107 198 5673.3
1 106 199 5634.9
1 106 200 5622.0
1 105 201 5576.1
1 105 202 5562.9
1 104 203 5522.4
1 104 204 5513.7
1 104 205 5498.7
1 104 206 5477.3
1 104 207 5444.2
1 98 208 5460.6
1 99 208 5470.7
1 100 208 5483.1
1 101 208 5496.0
1 102 208 5513.7
1 103 208 5542.4
1 97 209 5451.3
1 97 210 5450.1
1 97 211 5446.0
1 97 212 5440.7
1 96 213 5424.1
1 95 214 5416.7
1 95 215 5415.4
1 94 216 5408.0
1 94 217 5407.1
1 94 218 5406.4
1 95 219 5410.6
1 96 220 5414.1
1 97 221 5418.0
1 97 222 5416.9
1 98 223 5420.2
1 98 224 5418.8
1 99 225 5422.9
1 99 226 5421.0
1 100 227 5242.1
1 128 227 5398.5
1 129 227 5461.6
1 101 228 5248.0
1 107 228 5142.9
1 108 228 5167.8
1 109 228 5196.4
1 110 228 5228.4
1 111 228 5263.1
1 125 228 5283.4
1 126 228 5309.8
1 127 228 5318.0
1 130 228 5187.6
1 131 228 5194.1
1 132 228 5188.2
1 133 228 5189.3
1 134 228 5195.5
1 135 228 5209.9
1 136 228 5226.9
1 137 228 5240.2
1 138 228 5267.0
1 102 229 5252.8
1 106 229 5280.7
1 112 229 5117.3
1 118 229 5143.6
1 119 229 5162.0
1 120 229 5177.9
1 121 229 5192.0
1 122 229 5203.3
1 123 229 5212.7
1 124 229 5215.2
1 139 229 5340.3
1 103 230 5256.3
1 104 230 5258.9
1 105 230 5261.9
1 113 230 5133.9
1 114 230 5125.4
1 115 230 5121.1
1 116 230 5118.6
1 117 230 5110.7
1 140 230 5307.1
1 139 231 5374.7
1 137 232 5411.3
1 138 232 5410.6
1 136 233 5414.6
1 135 234 5407.4
1 133 235 5374.7
1 134 235 5388.0
1 132 236 5357.8
1 130 237 5314.5
1 131 237 5329.7
1 129 238 5303.3
1 128 239 5287.2
1 127 240 5267.3
1 127 241 5257.5
1 127 242 5244.6
1 128 243 5252.9
1 129 244 5251.2
1 129 245 5238.5
1 130 246 5234.7
1 131 246 5233.6
1 132 246 5236.5
1 133 246 5245.8
1 134 246 5263.2
1 135 246 5289.6
1 136 246 5316.8
1 137 246 5336.8
1 138 246 5358.8
1 139 247 5409.5
1 140 247 5434.0
1 141 247 5471.5
1 142 247 5514.8
1 143 248 5577.8
1 144 249 5671.3
1 144 250 5698.1
1 145 251 5749.9
1 145 252 5775.5
1 145 253 5795.8
1 146 254 5829.1
1 146 255 5826.5
1 146 256 5820.5
1 146 257 5812.6
1 146 258 5802.4
1 146 259 5790.6
1 146 260 5777.2
1 146 261 5764.9
1 146 262 5751.7
1 146 263 5738.5
1 146 264 5728.4
1 146 265 0.0
1 147 266 5482.8
1 147 267 5453.7
1 147 268 5428.8
1 147 269 5389.1
1 147 270 5356.1
1 148 271 5306.0
1 148 272 5279.2
1 148 273 5252.1
1 148 274 5230.3
1 149 274 5215.4
1 149 275 5175.8
1 149 276 5143.6
1 149 277 5091.0
1 149 278 5036.4
1 150 279 5132.7
1 150 280 5087.7
1 150 281 5046.5
1 150 282 5016.2
1 151 283 4932.5
1 151 284 4888.7
1 151 285 4855.4
1 152 286 4761.4
1 152 287 4706.8
1 152 288 4662.5
1 152 289 4628.0
1 153 290 4722.8
1 153 291 4696.3
1 153 292 4704.2
1 154 293 4715.0
1 154 294 4726.6
1 154 295 4736.1
1 154 296 4742.2
1 155 297 4760.1
1 155 298 4763.9
1 156 299 4586.8
1 157 299 4593.1
1 158 299 4602.6
1 159 299 4615.1
1 160 299 4631.1
1 161 299 4650.5
1 162 300 4681.7
1 162 301 4684.5
1 162 302 4683.6
1 162 303 4681.0
1 162 304 4678.3
1 163 305 4857.4
1 163 306 4848.4
1 163 307 4838.6
1 163 308 4829.3
1 163 309 4823.2
1 164 310 5039.4
1 165 311 5081.0
1 166 312 5152.7
1 167 313 5211.3
1 168 314 5244.2
1 168 315 5076.7
1 168 316 5081.0
1 169 316 5088.5
1 169 317 5094.3
1 170 317 5104.1
1 171 318 5105.2
1 171 319 5081.8
1 172 320 5033.9
1 172 321 4986.4
1 172 322 4938.1
1 172 323 4887.1
1 172 324 4847.4
1 173 325 4845.9
1 173 326 4849.5
1 173 327 4851.3
1 174 328 4860.7
1 174 329 4862.3
1 174 330 4863.3
1 175 331 4867.8
1 176 331 4871.8
1 177 331 4877.7
1 178 332 4887.1
1 179 333 4889.7
1 179 334 4886.6
1 179 335 4883.5
1 180 336 4881.0
1 181 337 4872.5
1 181 338 4867.8
1 187 338 4741.0
1 188 338 4762.1
1 189 338 4779.7
1 190 338 4793.4
1 182 339 4858.5
1 186 339 4873.5
1 191 339 4797.0
1 192 339 5216.0
1 182 340 4852.5
1 186 340 4857.8
1 193 340 5215.3
1 182 341 4848.9
1 186 341 4847.8
1 194 341 5215.2
1 195 341 5216.8
1 183 342 4845.3
1 184 342 4845.1
1 185 342 4844.6
1 186 342 4843.5
1 196 342 5216.5
1 196 343 5214.4
1 197 344 5213.3
1 198 345 5210.9
1 199 346 5208.8
1 200 346 5210.4
1 201 346 5212.6
1 202 346 5214.7
1 203 346 5215.5
1 204 346 4322.29
1 205 347 5199.5
1 206 347 5193.3
1 207 348 5398.8
1 207 349 5496.1
1 207 350 5637.0
1 206 351 5696.9
1 205 352 5701.7
1 205 353 5706.2
1 205 354 5711.2
1 206 355 5734.1
1 206 356 5742.3
1 207 357 5767.0
1 208 357 5784.2
1 209 358 5465.4
1 210 359 5522.7
1 211 359 5550.7
1 212 360 5470.5
1 212 361 5507.7
1 208 362 5529.9
1 209 362 5534.6
1 210 362 5541.7
1 211 362 5547.4
1 207 363 5526.1
1 206 364 5520.7
1 206 365 5522.0
1 206 366 5522.2
1 206 367 5521.4
1 206 368 5520.4
1 206 369 5519.2
1 207 369 5525.6
1 208 369 5542.1
1 209 369 5563.8
1 210 369 5588.2
1 211 369 5618.5
1 212 369 5654.9
1 213 369 5699.1
1 214 370 5595.6
1 215 370 5629.4
1 216 372 5626.7
1 214 373 5263.1
1 215 373 5351.3
1 214 374 5220.0
1 213 375 5270.2
1 212 376 5247.8
1 211 377 5194.7
1 211 378 5183.6
1 211 379 5178.1
1 211 380 5180.2
1 211 381 5189.3
1 211 382 5243.7
1 211 383 5293.5
1 212 384 45000.0
1 212 385 45000.0
1 212 386 45000.0
1 212 387 45000.0
1 212 388 45000.0
1 212 389 45000.0
1 212 390 45000.0
1 212 391 45000.0
1 212 392 45000.0
1 212 393 45000.0
1 213 394 45000.0
1 213 395 45000.0
1 213 396 45000.0
1 213 397 45000.0
1 213 398 45000.0
1 213 399 45000.0
1 213 400 45000.0
1 213 401 45000.0
1 213 402 45000.0
1 214 403 45000.0
1 214 404 45000.0
1 214 405 45000.0
1 214 406 45000.0
1 214 407 45000.0
1 214 409 45000.0
1 214 410 45000.0
1 214 411 45000.0
1 214 412 45000.0
1 214 413 45000.0
1 214 414 45000.0
1 214 415 45000.0
1 215 416 45000.0
1 215 417 45000.0
1 227 417 45000.0
1 228 417 45000.0
1 229 417 45000.0
1 216 418 45000.0
1 226 418 45000.0
1 230 418 45000.0
1 217 419 45000.0
1 218 419 45000.0
1 219 419 45000.0
1 220 419 45000.0
1 221 419 45000.0
1 222 419 45000.0
1 223 419 45000.0
1 224 419 45000.0
1 225 419 45000.0
1 229 419 45000.0
1 229 420 45000.0
1 226 421 45000.0
1 227 421 45000.0
1 228 421 45000.0
1 224 422 45000.0
1 225 422 45000.0
1 224 423 45000.0
1 224 424 45000.0
1 225 424 45000.0
1 226 424 45000.0
1 227 424 45000.0
1 228 424 45000.0
1 229 425 45000.0
1 229 426 45000.0
1 229 427 45000.0
1 229 428 45000.0
1 229 429 45000.0
1 228 430 45000.0
1 228 431 45000.0
1 228 432 45000.0
1 228 433 45000.0
1 228 434 45000.0
1 228 435 45000.0
1 229 435 45000.0
1 230 436 45000.0
1 230 437 45000.0
1 230 438 45000.0
1 230 439 45000.0
1 230 440 45000.0
1 230 441 45000.0
1 230 442 45000.0
1 230 443 45000.0
1 230 444 45000.0
1 230 445 45000.0
1 230 446 45000.0
1 230 447 45000.0
1 230 448 45000.0
1 230 449 45000.0
1 230 450 45000.0
1 230 451 45000.0
1 230 452 45000.0
1 230 453 45000.0
1 230 454 45000.0
1 230 455 45000.0
1 230 456 45000.0
1 231 457 45000.0
1 231 458 45000.0
1 231 459 45000.0
1 231 460 45000.0
1 232 461 45000.0
1 232 462 45000.0
1 232 463 45000.0
1 232 464 45000.0
1 233 464 45000.0
1 234 464 45000.0
1 235 464 45000.0
1 236 464 45000.0
1 237 464 45000.0
1 238 464 45000.0
1 239 465 45000.0
1 239 466 45000.0
1 239 467 5337.1
1 238 468 5337.1
1 238 469 5337.1
1 238 470 5337.1
1 239 471 5337.1
1 240 471 5337.1
1 241 472 5337.1
1 242 472 5337.1
1 243 472 5337.1
1 244 473 5337.1
1 245 474 5337.1
1 246 475 5337.1
1 246 476 5337.1
1 246 477 5337.1
1 246 478 5337.1
1 246 479 5337.1
1 246 480 5337.1
1 245 481 5337.1
1 245 482 5337.1
1 244 483 5337.1
1 243 484 5337.1
1 243 485 5337.1
1 243 486 5337.1
1 243 487 5337.1
1 243 488 5337.1
1 243 489 5337.1
1 242 490 5337.1
1 242 491 5337.1
1 241 492 5337.1
1 241 493 5337.1
1 240 494 5337.1
1 239 495 5337.1
1 238 496 5337.1
1 235 497 5337.1
1 236 497 5337.1
1 237 497 5337.1
1 233 498 5337.1
1 234 498 5337.1
1 233 499 5337.1
1 232 500 5337.1
1 231 501 5337.1
1 231 502 5337.1
1 231 503 5337.1
1 231 504 5337.1
1 231 505 5337.1
1 231 506 5337.1
1 231 507 5337.1
1 231 508 5337.1
1 231 509 5337.1
1 231 510 5337.1
1 231 511 5337.1
1 231 512 5337.1
1 231 513 5337.1
1 231 514 5337.1
1 231 515 5337.1
1 232 516 5337.1
1 232 517 5337.1
1 232 518 5337.1
1 233 519 5337.1
1 233 520 5337.1
1 233 521 5337.1
1 234 522 5337.1
1 234 523 5337.1
1 235 524 5337.1
1 235 525 5337.1
1 236 525 5337.1
1 237 525 5337.1
1 238 525 5337.1
1 239 526 5337.1
1 239 527 5337.1
1 240 528 5437.9
1 240 529 5453.1
1 241 530 5519.7
1 241 531 5549.7
1 241 532 5566.6
1 241 533 5578.1
1 241 534 5586.4
1 242 535 5064.8
1 242 536 5076.1
1 243 536 5094.1
1 244 536 5126.6
1 245 536 5155.2
1 246 537 5210.6
1 246 538 5227.7
1 247 539 5267.6
1 248 540 5303.1
1 249 540 5315.2
1 250 540 5331.6
1 251 541 5365.2
1 250 544 5398.8
1 251 544 5401.1
1 245 545 5344.2
1 246 545 5355.4
1 247 545 5374.0
1 248 545 5387.7
1 249 545 5393.2
1 243 546 5317.7
1 244 546 5321.7
1 243 547 5318.4
1 242 548 5314.5
1 242 549 5314.8
1 241 550 5308.6
1 241 551 5306.9
1 240 552 5296.5
1 239 553 5285.5
1 238 554 0.0
1 237 555 5249.9
1 236 556 5248.8
1 236 557 5248.8
1 232 558 5189.1
1 233 558 5186.1
1 234 558 5193.8
1 235 558 5197.3
1 232 559 5201.2
1 231 560 5201.4
1 231 561 5209.8
1 231 562 5216.5
1 231 563 5221.6
1 231 564 5222.9
1 230 565 5389.7
1 230 566 5382.9
1 230 567 5372.0
1 230 568 5359.6
1 215 371 5678.1
1 39 51 6043.2
1 39 52 5967.8
1 38 53 5714.5
1 38 54 5641.8
1 37 55 5375.6
1 36 56 5152.8
1 35 57 4950.0
1 35 58 4889.0
1 35 59 4787.7
1 35 60 8397.7
1 35 61 8262.3
1 35 62 8125.5
1 35 63 7985.2
1 35 64 7841.2
1 35 65 7693.4
1 35 66 7542.6
1 35 67 7395.4
1 35 68 7276.3
1 36 69 10770.0
1 36 70 10502.6
1 36 71 10250.3
1 36 72 10007.1
1 36 73 9772.1
1 36 74 9559.1
1 36 75 9377.7
1 36 76 9287.9
1 36 77 9255.2
1 230 569 5347.0
1 230 570 5333.5
1 230 571 5317.4
1 230 572 5306.0
1 230 573 5316.9
1 230 574 5332.4
1 230 575 5342.6
1 230 576 5344.7
1 230 577 5179.6
1 230 578 5212.8
1 230 579 5245.9
1 230 580 5275.3
1 230 581 5278.4
1 230 582 5283.8
1 230 583 5286.3
1 230 584 5285.4
1 230 585 5282.0
1 230 586 5277.4
1 230 587 5271.3
1 230 588 5267.4
1 229 589 5251.5
1 229 590 5242.2
1 228 591 5219.5
1 228 592 5203.8
1 228 593 5186.5
1 228 594 5164.3
1 227 595 5120.1
1 227 596 5096.9
1 227 597 5068.8
1 227 598 5035.6
1 227 599 4786.4
1 226 600 4700.2
1 226 601 4698.2
1 226 602 4696.9
1 226 603 4697.6
1 225 604 4268.5
1 224 605 4268.5
1 223 606 4290.4
1 222 607 4310.8
1 223 605 4275.0
1 114 114 -52272.0
1 117 120 -1860.61
1 121 111 -291126.0
1 121 113 -195149.0
1 124 115 -51836.4
1 125 116 -197617.0
1 126 120 -127776.0
1 129 121 -20328.0
1 130 122 -3748.21
1 133 112 -82764.0
1 135 194 -1860.61
1 138 201 -18876.0
1 139 168 -7840.8
1 140 168 -19311.6
1 141 191 -80440.8
1 143 126 -25119.6
1 143 172 -14520.0
1 143 190 -47335.2
1 144 166 -64468.8
1 144 172 -41236.8
1 144 190 -12632.4
1 145 161 -100188.0
1 146 117 -59532.0
1 146 188 -36590.4
1 146 190 -1452.0
1 147 132 -7840.8
1 147 145 -844.211
1 148 167 -151298.0
1 148 176 -56601.0
1 148 196 -42108.0
1 149 145 -72309.6
1 149 146 -65194.8
1 150 128 -145.2
1 150 198 -18730.8
1 151 142 -350368.0
1 151 195 -35719.2
1 152 123 -74052.0
1 152 125 -30465.0
1 152 132 -844.211
1 153 142 -118919.0
1 153 192 -96267.6
1 154 125 -1016.4
1 154 171 -10282.2
1 154 249 -51110.4
1 155 112 -53433.6
1 155 129 -3630.0
1 155 141 -79424.4
1 156 129 -203861.0
1 156 146 -81892.8
1 157 116 -8421.6
1 157 135 -14611.2
1 157 140 -225350.0
1 157 251 -30782.4
1 158 133 -32788.2
1 158 137 -39930.0
1 158 181 -136924.0
1 159 119 -52126.8
1 159 173 -40801.2
1 160 119 -6824.4
1 161 125 -2178.0
1 161 129 -145.2
1 161 131 -580.8
1 161 188 -22070.4
1 162 119 -6824.4
1 162 121 -53143.2
1 162 128 -297515.0
1 162 132 -12196.8
1 162 140 -1452.0
1 162 167 -3920.4
1 162 169 -20618.4
1 163 137 -3194.4
1 163 138 -5635.81
1 164 135 -43124.4
1 165 130 -71293.2
1 165 131 -1887.6
1 166 126 -7405.2
1 167 259 -3194.4
1 168 123 -13794.0
1 168 208 -62290.8
1 169 127 -145.2
1 169 163 -45738.0
1 170 131 -27588.0
1 170 132 -3339.6
1 170 163 -44866.8
1 171 130 -23086.8
1 171 131 -38187.6
1 171 132 -44866.8
1 172 130 -21780.0
1 172 218 -185566.0
1 174 123 -13939.2
1 174 135 -11470.8
1 175 134 -76665.6
1 175 204 -6679.2
1 176 176 -19892.4
1 176 202 -36445.2
1 177 133 -83925.6
1 177 211 -18585.6
1 178 261 -36009.6
1 179 181 -30782.4
1 179 183 -41527.2
1 179 210 -26862.0
1 180 208 -24684.0
1 183 184 -88136.4
1 184 246 -2468.4
1 187 200 -19747.2
1 188 198 -65340.0
1 188 209 -33105.6
1 188 240 -109045.0
1 188 258 -133584.0
1 190 281 -87846.0
1 191 191 -24684.0
1 191 281 -103673.0
1 193 256 -17278.8
1 193 260 -30505.9
1 197 252 -5082.0
1 198 297 -40656.0
1 198 298 -881.1510000000001
1 199 211 -78262.8
1 199 231 -57789.6
1 199 298 -844.211
1 200 298 -844.211
1 201 234 -16262.4
1 203 275 -91476.0
1 203 280 -12922.8
1 204 248 -23616.9
1 205 300 -892.8910000000001
1 206 286 -7260.0
1 206 300 -1688.42
1 210 264 -9873.6
1 211 255 -51691.2
1 212 258 -105996.0
1 213 264 -145.2
1 213 300 -71583.6
1 214 240 -117902.0
1 215 260 -65340.0
1 216 238 -17424.0
1 216 267 -76084.8
1 217 264 -79569.6
1 217 365 -1016.4
1 218 179 -137214.0
1 219 310 -20037.6
1 221 223 -8566.8
1 221 246 -8712.0
1 221 284 -6604.05
1 222 352 -30564.1
1 222 358 -16117.2
1 222 369 -7986.0
1 223 271 -31798.8
1 224 301 -45302.4
1 224 374 -11238.5
1 226 311 -13068.0
1 226 331 -38036.6
1 226 350 -367.24
1 226 365 -2822.45
1 226 382 -9000.95
1 227 270 -435.6
1 228 225 -86539.2
1 230 255 -74052.0
1 230 361 -72600.0
1 231 401 -844.211
1 232 256 -4065.6
1 232 364 -149.32
1 232 370 -2672.9
1 233 337 -844.211
1 233 376 -3176.98
1 233 394 -1688.42
1 233 399 -89443.2
1 234 304 -5780.39
1 234 393 -879.691
1 235 400 -2178.0
1 235 605 -2441.9
1 235 609 -4616.44
1 236 263 -26862.0
1 236 351 -50529.6
1 236 609 -665.5
1 237 237 -19456.8
1 237 316 -33255.3
1 237 357 -6163.74
1 237 389 -844.211
1 238 221 -2032.8
1 238 398 -40.37
1 238 605 -4435.81
1 238 609 -1688.42
1 239 250 -22070.4
1 239 338 -58080.0
1 239 426 -1161.6
1 239 605 -4221.06
1 239 606 -2532.63
1 239 619 -844.211
1 240 380 -844.211
1 240 426 -93490.5
1 240 608 -3376.85
1 241 335 -80586.0
1 241 342 -62436.0
1 241 358 -7260.0
1 241 604 -844.211
1 242 311 -8548.44
1 243 357 -4501.2
1 243 371 -16380.6
1 243 389 -2758.8
1 243 422 -145.2
1 243 431 -4.32
1 243 605 -4947.06
1 244 431 -173.78
1 244 605 -5065.27
1 244 621 -4888.08
1 245 238 -64614.0
1 245 322 -48642.0
1 245 337 -844.211
1 245 370 -9025.63
1 245 621 -844.211
1 246 321 -6384.02
1 246 618 -2532.63
1 247 344 -852.5210000000001
1 247 383 -20919.0
1 247 384 -2494810.0
1 248 251 -30719.8
1 248 424 -5662.8
1 248 436 -3194.4
1 248 442 -1742.4
1 248 444 -21290.6
1 248 589 -3484.8
1 249 373 -864.1310000000001
1 249 389 -4791.6
1 249 424 -844.211
1 249 430 -39685.4
1 249 436 -8808.3
1 249 443 -3179.08
1 249 606 -4221.06
1 250 326 -4819.19
1 250 424 -844.211
1 250 425 -535352.0
1 250 431 -57291.1
1 250 595 -6017.43
1 251 300 -91476.0
1 251 356 -37662.0
1 251 408 -868.03
1 251 456 -844.211
1 251 457 -49.6
1 251 594 -844.211
1 251 595 -877.191
1 251 596 -1688.42
1 252 230 -41091.6
1 252 285 -53724.0
1 252 329 -48183.0
1 252 450 -435.6
1 252 595 -844.211
1 252 606 -844.211
1 253 298 -14955.6
1 253 331 -21754.3
1 253 332 -28226.9
1 253 416 -145.2
1 253 420 -3852.64
1 254 338 -3920.4
1 254 367 -1306.8
1 254 407 -170848.0
1 254 597 -844.211
1 254 607 -10863.0
1 255 381 -37171.2
1 255 383 -51400.8
1 255 395 -2468.4
1 255 420 -9583.2
1 255 439 -41091.6
1 255 443 -94285.4
1 255 595 -844.211
1 255 596 -844.211
1 255 606 -7233.01
1 255 609 -1688.42
1 255 610 -3609.28
1 256 314 -8617.95
1 256 335 -38623.2
1 256 341 -580.8
1 256 370 -6082.47
1 256 413 -2323.2
1 256 586 -63095.6
1 256 593 -3376.85
1 257 238 -2032.8
1 257 413 -290.4
1 257 576 -5986.34
1 257 599 -167314.0
1 257 600 -102511.0
1 258 325 -22176.3
1 258 336 -3393.26
1 258 418 -330104.0
1 258 420 -70908.8
1 258 442 -1040310.0
1 258 464 -5808.0
1 258 585 -5065.27
1 258 595 -1688.42
1 258 601 -28894.8
1 258 602 -24611.4
1 259 340 -173051.0
1 259 371 -7722.29
1 259 405 -1639.82
1 259 588 -41895.5
1 259 592 -21687.8
1 259 593 -1084.42
1 260 342 -61419.6
1 260 349 -1016.4
1 260 407 -3191030.0
1 260 413 -138225.0
1 260 424 -941.85
1 260 461 -2904.0
1 260 463 -89152.8
1 260 464 -38042.4
1 260 585 -21410.8
1 260 586 -30528.3
1 261 337 -5227.2
1 261 355 -149411.0
1 261 381 -302925.0
1 261 395 -46681.8
1 261 416 -53433.6
1 261 418 -844.211
1 261 429 -111516.0
1 261 464 -18295.2
1 261 492 -844.211
1 261 571 -9002.4
1 261 576 -19721.7
1 262 345 -56192.4
1 262 540 -315.8
1 262 564 -31587.7
1 262 568 -25264.8
1 262 570 -160156.0
1 262 571 -3775.2
1 263 340 -24103.2
1 263 434 -1.61
1 263 471 -18295.2
1 263 520 -1695.54
1 263 574 -3339.6
1 263 582 -20843.6
1 264 265 -68244.0
1 264 344 -20328.0
1 264 345 -46464.0
1 264 355 -580.8
1 264 367 -844.211
1 264 383 -51267.2
1 264 407 -5227.2
1 264 428 -134433.0
1 264 468 -58.08
1 264 471 -37026.0
1 264 476 -145.2
1 264 477 -55466.4
1 264 523 -3403.83
1 264 524 -871.2
1 264 549 -5507.16
1 265 363 -4210.8
1 265 364 -28756.5
1 265 374 -85556.2
1 265 380 -45.38
1 265 422 -211061.0
1 265 523 -5162.48
1 266 337 -1425.01
1 266 340 -17278.8
1 266 462 -290.4
1 267 391 -16552.8
1 267 463 -2613.6
1 267 555 -844.211
1 267 556 -844.211
1 268 334 -871.2
1 268 436 -3010060.0
1 268 455 -16.36
1 268 479 -580.8
1 268 480 -580.8
1 268 489 -11850.6
1 269 363 -844.211
1 269 397 -54304.8
1 269 450 -5227.2
1 269 456 -21838.1
1 269 541 -1570.21
1 270 337 -4210.8
1 270 352 -96558.0
1 270 412 -87980.9
1 270 417 -374574.0
1 270 429 -4356.0
1 270 481 -844.211
1 270 483 -2263.55
1 270 484 -989.4110000000001
1 270 486 -26161.3
1 270 498 -24829.2
1 270 539 -290.4
1 271 319 -67687.0
1 271 335 -1597.2
1 271 371 -1016.4
1 271 415 -58819.7
1 271 451 -4936.8
1 271 485 -373.18
1 271 493 -128821.0
1 271 498 -18295.2
1 271 537 -23092.4
1 272 337 -24316.5
1 272 351 -14229.6
1 272 366 -435.6
1 272 368 -223306.0
1 272 388 -1396730.0
1 272 396 -9438.0
1 272 450 -6824.4
1 272 451 -25119.6
1 272 453 -290.4
1 272 462 -2551490.0
1 272 490 -871.2
1 272 491 -28.76
1 272 497 -55584.5
1 272 498 -16988.4
1 272 530 -163945.0
1 272 532 -237872.0
1 272 535 -166.98
1 273 363 -1306.8
1 273 392 -761.4
1 273 410 -2178.0
1 273 480 -8131.2
1 273 510 -2296.21
1 273 516 -20050.7
1 273 517 -172301.0
1 273 518 -405.68
1 274 409 -2032.8
1 274 520 -40365.6
1 275 367 -226512.0
1 275 441 -260834.0
1 275 450 -18150.0
1 275 506 -1597.2
1 276 366 -49368.0
1 276 392 -435.6
1 276 446 -4791.6
1 276 474 -27805.8
1 277 294 -65173.8
1 277 390 -6969.6
1 277 407 -752353.0
1 277 431 -31914.1
1 277 468 -145.2
1 277 472 -85941.0
1 277 480 -66996.5
1 277 482 -145.2
1 278 365 -7986.0
1 278 435 -2040.86
1 278 482 -6969.6
1 279 310 -35801.0
1 279 336 -7986.0
1 279 433 -214411.0
1 279 438 -478565.0
1 279 475 -106214.0
1 279 485 -20037.6
1 280 365 -24538.8
1 280 433 -16768.0
1 280 442 -13068.0
1 280 469 -24994.7
1 280 471 -55697.3
1 282 409 -8131.2
1 282 424 -435.6
1 282 430 -580.8
1 282 436 -11884.2
1 282 454 -13862.7
1 282 457 -11532.2
1 283 354 -12051.6
1 283 429 -278348.0
1 283 449 -35405.5
1 283 452 -16852.7
1 283 455 -126943.0
1 283 468 -61133.6
1 284 339 -34509.3
1 284 457 -7260.0
1 284 463 -201687.0
1 285 336 -6410.83
1 285 374 -8566.8
1 285 467 -168718.0
1 285 475 -104391.0
1 286 330 -78564.2
1 286 425 -58273.4
1 286 475 -45999.5
1 286 477 -78564.2
1 287 329 -578.09
1 287 388 -968.19
1 287 426 -844.211
1 287 477 -38067.8
1 288 419 -11906.4
1 288 423 -1602.3
1 288 426 -844.211
1 289 351 -30201.6
1 289 404 -209808.0
1 289 459 -148216.0
1 289 468 -71020.1
1 290 382 -44279.1
1 290 402 -670.82
1 290 411 -5953.2
1 290 412 -20618.4
1 290 413 -1742.4
1 291 350 -726.0
1 291 355 -27306.8
1 291 373 -1306.8
1 291 419 -577831.0
1 292 361 -41962.8
1 292 365 -23086.8
1 292 416 -1306.8
1 292 469 -6862.28
1 294 435 -23958.0
1 294 447 -59233.9
1 294 458 -34681.6
1 295 391 -29911.2
1 295 430 -1916390.0
1 296 388 -2308.2
1 296 398 -280803.0
1 296 433 -49077.6
1 297 381 -14229.6
1 297 383 -726.0
1 297 395 -400726.0
1 297 401 -244128.0
1 297 402 -43117.1
1 297 413 -1074130.0
1 297 415 -140989.0
1 297 442 -59699.8
1 298 389 -8566.8
1 299 354 -5227.2
1 299 355 -151.06
1 299 387 -114.63
1 102 110 -844.211
1 102 113 -844.211
1 103 100 -844.211
1 103 104 -844.211
1 104 115 -844.211
1 105 115 -844.211
1 105 139 -844.211
1 108 117 -844.211
1 109 112 -844.211
1 111 155 -844.211
1 111 208 -844.211
1 112 181 -844.211
1 113 111 -844.211
1 113 159 -844.211
1 113 211 -844.211
1 114 173 -844.211
1 114 212 -1688.42
1 115 212 -1688.42
1 116 121 -844.211
1 116 150 -844.211
1 116 166 -844.211
1 117 119 -844.211
1 117 168 -844.211
1 117 210 -844.211
1 119 194 -844.211
1 119 202 -844.211
1 119 96 -844.211
1 120 155 -844.211
1 120 94 -844.211
1 121 187 -844.211
1 123 110 -844.211
1 123 111 -844.211
1 123 158 -844.211
1 123 168 -844.211
1 123 193 -844.211
1 123 202 -1688.42
1 125 150 -844.211
1 125 151 -844.211
1 125 193 -844.211
1 125 194 -844.211
1 126 121 -844.211
1 126 191 -844.211
1 126 195 -844.211
1 127 150 -844.211
1 127 160 -844.211
1 127 169 -844.211
1 127 195 -844.211
1 127 199 -1688.42
1 128 122 -844.211
1 128 148 -844.211
1 128 149 -844.211
1 128 152 -844.211
1 128 153 -844.211
1 128 154 -844.211
1 128 157 -844.211
1 128 199 -844.211
1 129 117 -844.211
1 129 119 -844.211
1 129 122 -844.211
1 129 146 -844.211
1 129 154 -1688.42
1 129 162 -844.211
1 129 176 -844.211
1 130 120 -844.211
1 130 154 -844.211
1 130 155 -844.211
1 130 156 -2532.63
1 130 194 -844.211
1 131 112 -844.211
1 131 121 -844.211
1 131 122 -844.211
1 131 150 -844.211
1 131 156 -844.211
1 131 157 -844.211
1 131 158 -844.211
1 131 161 -1688.42
1 131 198 -844.211
1 132 112 -844.211
1 132 155 -844.211
1 132 156 -844.211
1 132 160 -844.211
1 132 161 -1688.42
1 133 155 -844.211
1 133 159 -844.211
1 133 160 -1688.42
1 133 192 -1688.42
1 133 193 -844.211
1 134 148 -844.211
1 134 150 -844.211
1 134 151 -844.211
1 134 156 -844.211
1 134 191 -844.211
1 134 193 -3376.85
1 135 148 -4221.06
1 135 149 -1688.42
1 135 156 -844.211
1 135 157 -844.211
1 135 193 -2532.63
1 136 147 -844.211
1 136 148 -844.211
1 136 149 -844.211
1 136 150 -1688.42
1 136 153 -844.211
1 136 155 -844.211
1 137 148 -844.211
1 137 150 -844.211
1 137 153 -1688.42
1 137 154 -844.211
1 137 157 -2532.63
1 137 175 -844.211
1 137 206 -844.211
1 138 151 -844.211
1 138 152 -844.211
1 138 153 -2532.63
1 138 168 -844.211
1 138 169 -844.211
1 139 151 -844.211
1 140 138 -844.211
1 140 155 -3376.85
1 140 156 -844.211
1 140 171 -844.211
1 140 180 -844.211
1 141 149 -844.211
1 141 154 -1688.42
1 141 157 -844.211
1 141 171 -844.211
1 141 199 -1688.42
1 142 155 -844.211
1 142 156 -844.211
1 142 157 -844.211
1 142 158 -844.211
1 142 174 -844.211
1 142 179 -844.211
1 142 201 -844.211
1 143 146 -844.211
1 143 157 -2532.63
1 144 142 -1688.42
1 144 173 -844.211
1 145 142 -844.211
1 145 143 -844.211
1 145 151 -844.211
1 145 187 -844.211
1 145 226 -844.211
1 146 140 -844.211
1 146 141 -1688.42
1 146 145 -844.211
1 146 208 -844.211
1 146 229 -844.211
1 146 230 -844.211
1 146 232 -844.211
1 147 139 -2532.63
1 147 140 -844.211
1 147 141 -844.211
1 147 142 -844.211
1 147 229 -844.211
1 147 230 -844.211
1 147 233 -844.211
1 147 239 -844.211
1 147 240 -844.211
1 148 217 -844.211
1 148 221 -844.211
1 149 127 -844.211
1 149 147 -844.211
1 149 154 -844.211
1 149 222 -844.211
1 149 253 -844.211
1 150 160 -844.211
1 150 164 -844.211
1 150 177 -844.211
1 150 227 -844.211
1 150 236 -844.211
1 151 128 -844.211
1 151 228 -844.211
1 152 153 -844.211
1 152 173 -844.211
1 152 176 -844.211
1 152 222 -844.211
1 152 228 -844.211
1 153 126 -844.211
1 153 136 -844.211
1 153 155 -844.211
1 153 232 -844.211
1 153 238 -844.211
1 153 253 -844.211
1 154 126 -844.211
1 154 133 -844.211
1 154 161 -844.211
1 154 172 -844.211
1 154 220 -844.211
1 154 244 -844.211
1 155 170 -1688.42
1 155 216 -844.211
1 155 262 -844.211
1 156 160 -844.211
1 156 211 -844.211
1 156 223 -844.211
1 157 132 -844.211
1 157 133 -844.211
1 157 134 -2532.63
1 157 136 -844.211
1 157 194 -844.211
1 157 207 -844.211
1 157 240 -844.211
1 158 135 -844.211
1 158 248 -844.211
1 159 152 -844.211
1 159 231 -844.211
1 159 240 -844.211
1 159 247 -844.211
1 159 248 -844.211
1 159 250 -844.211
1 159 251 -844.211
1 159 257 -844.211
1 160 133 -844.211
1 160 249 -1688.42
1 160 251 -1688.42
1 160 252 -844.211
1 160 253 -844.211
1 160 262 -844.211
1 161 144 -1688.42
1 161 251 -844.211
1 161 253 -844.211
1 162 137 -1688.42
1 162 252 -1688.42
1 162 253 -844.211
1 163 152 -844.211
1 163 190 -844.211
1 163 236 -844.211
1 164 278 -844.211
1 164 290 -844.211
1 164 299 -844.211
1 165 133 -1688.42
1 165 134 -1688.42
1 165 135 -844.211
1 165 290 -844.211
1 166 131 -844.211
1 166 132 -844.211
1 166 133 -1688.42
1 166 134 -844.211
1 166 135 -844.211
1 166 210 -844.211
1 166 254 -844.211
1 166 255 -844.211
1 167 127 -844.211
1 167 132 -1688.42
1 167 133 -1688.42
1 167 134 -2532.63
1 167 256 -844.211
1 167 288 -844.211
1 167 294 -844.211
1 168 130 -844.211
1 168 131 -844.211
1 168 132 -3376.85
1 168 133 -3376.85
1 168 286 -844.211
1 168 287 -1688.42
1 168 291 -1688.42
1 169 128 -1688.42
1 169 129 -3376.85
1 169 131 -844.211
1 169 132 -4221.06
1 169 133 -2532.63
1 169 134 -7597.9
1 169 135 -844.211
1 169 236 -844.211
1 169 260 -844.211
1 169 271 -844.211
1 169 287 -844.211
1 169 290 -844.211
1 170 133 -2532.63
1 170 134 -10130.5
1 170 136 -844.211
1 170 187 -844.211
1 170 256 -844.211
1 170 287 -844.211
1 170 292 -844.211
1 171 133 -1688.42
1 171 134 -844.211
1 171 136 -4221.06
1 171 290 -844.211
1 172 257 -844.211
1 172 284 -844.211
1 172 295 -1688.42
1 172 311 -844.211
1 173 258 -844.211
1 173 278 -844.211
1 173 290 -844.211
1 173 292 -844.211
1 173 293 -1688.42
1 173 294 -844.211
1 174 124 -844.211
1 174 253 -844.211
1 174 261 -844.211
1 174 270 -844.211
1 174 283 -844.211
1 174 289 -844.211
1 174 293 -844.211
1 175 260 -844.211
1 175 288 -844.211
1 175 292 -1688.42
1 175 293 -844.211
1 175 296 -844.211
1 175 305 -844.211
1 176 274 -844.211
1 176 305 -844.211
1 177 289 -844.211
1 177 290 -844.211
1 178 243 -844.211
1 178 280 -844.211
1 178 285 -844.211
1 178 302 -844.211
1 178 305 -844.211
1 178 306 -844.211
1 178 311 -844.211
1 179 278 -844.211
1 179 285 -844.211
1 180 149 -844.211
1 180 286 -844.211
1 181 297 -844.211
1 181 307 -844.211
1 181 308 -844.211
1 183 242 -844.211
1 183 285 -844.211
1 183 295 -844.211
1 183 308 -844.211
1 183 309 -844.211
1 183 318 -844.211
1 184 263 -844.211
1 184 285 -844.211
1 184 313 -844.211
1 184 319 -844.211
1 185 257 -844.211
1 185 305 -844.211
1 185 306 -844.211
1 185 307 -844.211
1 185 315 -844.211
1 186 255 -844.211
1 186 265 -844.211
1 186 307 -1688.42
1 186 310 -844.211
1 188 262 -844.211
1 188 294 -844.211
1 188 295 -844.211
1 189 295 -844.211
1 189 309 -844.211
1 190 307 -844.211
1 190 308 -844.211
1 190 324 -844.211
1 191 292 -1688.42
1 191 304 -844.211
1 191 305 -844.211
1 192 258 -844.211
1 192 284 -844.211
1 192 304 -844.211
1 192 316 -844.211
1 192 319 -844.211
1 193 262 -844.211
1 193 301 -844.211
1 193 311 -844.211
1 193 313 -1688.42
1 194 284 -844.211
1 194 313 -844.211
1 195 269 -844.211
1 195 287 -844.211
1 195 289 -844.211
1 195 300 -844.211
1 195 311 -844.211
1 195 313 -844.211
1 196 269 -844.211
1 196 275 -844.211
1 196 303 -844.211
1 196 324 -844.211
1 196 333 -844.211
1 197 264 -844.211
1 197 283 -844.211
1 197 300 -844.211
1 197 322 -844.211
1 197 325 -844.211
1 198 242 -844.211
1 198 276 -1688.42
1 198 309 -844.211
1 198 311 -844.211
1 199 283 -844.211
1 199 311 -844.211
1 199 324 -844.211
1 200 280 -844.211
1 200 286 -844.211
1 200 296 -844.211
1 200 299 -844.211
1 200 306 -844.211
1 200 307 -844.211
1 200 312 -844.211
1 200 343 -844.211
1 200 345 -844.211
1 201 257 -844.211
1 202 280 -844.211
1 202 287 -844.211
1 202 297 -844.211
1 202 301 -844.211
1 202 302 -844.211
1 203 215 -844.211
1 203 304 -844.211
1 203 305 -844.211
1 203 309 -844.211
1 203 315 -844.211
1 205 263 -844.211
1 205 303 -844.211
1 205 304 -844.211
1 205 317 -844.211
1 205 318 -844.211
1 205 319 -844.211
1 206 264 -844.211
1 206 270 -844.211
1 206 301 -844.211
1 206 304 -844.211
1 206 315 -844.211
1 206 317 -1688.42
1 207 262 -844.211
1 207 300 -844.211
1 207 301 -1688.42
1 207 303 -844.211
1 207 304 -844.211
1 207 306 -1688.42
1 207 315 -844.211
1 207 317 -844.211
1 208 298 -1688.42
1 208 299 -1688.42
1 208 306 -844.211
1 208 317 -844.211
1 208 328 -844.211
1 209 284 -844.211
1 209 297 -844.211
1 209 302 -844.211
1 210 284 -844.211
1 210 301 -844.211
1 210 302 -844.211
1 210 342 -844.211
1 211 301 -844.211
1 211 321 -844.211
1 212 295 -844.211
1 212 347 -844.211
1 213 226 -844.211
1 213 287 -844.211
1 213 303 -844.211
1 213 329 -844.211
1 214 319 -844.211
1 215 289 -844.211
1 215 311 -844.211
1 215 353 -844.211
1 216 323 -844.211
1 216 341 -844.211
1 217 244 -844.211
1 217 249 -844.211
1 217 351 -844.211
1 218 209 -844.211
1 218 243 -844.211
1 218 292 -844.211
1 218 345 -1688.42
1 221 240 -844.211
1 221 611 -844.211
1 222 254 -844.211
1 222 362 -844.211
1 224 338 -844.211
1 224 359 -844.211
1 225 323 -844.211
1 225 329 -844.211
1 225 332 -844.211
1 225 368 -844.211
1 225 373 -844.211
1 225 378 -844.211
1 225 382 -1688.42
1 226 323 -844.211
1 226 388 -1688.42
1 226 618 -844.211
1 227 315 -844.211
1 228 606 -844.211
1 229 385 -1688.42
1 229 392 -844.211
1 229 393 -844.211
1 229 397 -3376.85
1 229 618 -4221.06
1 230 338 -844.211
1 230 373 -1688.42
1 230 384 -844.211
1 230 392 -1688.42
1 230 393 -3376.85
1 230 396 -844.211
1 230 605 -844.211
1 231 343 -844.211
1 231 383 -844.211
1 231 392 -4221.06
1 231 393 -9286.33
1 231 398 -844.211
1 231 603 -844.211
1 231 607 -1688.42
1 232 259 -844.211
1 232 300 -844.211
1 232 384 -844.211
1 232 389 -844.211
1 232 393 -5065.27
1 232 394 -3376.85
1 232 405 -844.211
1 232 604 -1688.42
1 232 606 -1688.42
1 232 607 -2532.63
1 232 608 -844.211
1 233 373 -844.211
1 233 393 -844.211
1 233 403 -844.211
1 233 406 -3376.85
1 233 601 -1688.42
1 233 602 -844.211
1 234 374 -844.211
1 234 388 -844.211
1 234 389 -844.211
1 234 406 -2532.63
1 234 407 -1688.42
1 234 601 -844.211
1 234 602 -1688.42
1 234 603 -2532.63
1 234 604 -844.211
1 234 605 -1688.42
1 234 606 -844.211
1 234 609 -844.211
1 234 620 -844.211
1 234 621 -844.211
1 235 342 -844.211
1 235 368 -844.211
1 235 389 -844.211
1 235 392 -844.211
1 235 404 -844.211
1 235 406 -844.211
1 235 599 -844.211
1 235 600 -1688.42
1 235 602 -2532.63
1 235 603 -844.211
1 235 606 -844.211
1 235 608 -844.211
1 236 256 -844.211
1 236 359 -844.211
1 236 377 -1688.42
1 236 378 -844.211
1 236 389 -1688.42
1 236 600 -844.211
1 236 601 -844.211
1 236 602 -1688.42
1 236 605 -844.211
1 236 606 -844.211
1 236 607 -844.211
1 236 620 -844.211
1 237 330 -844.211
1 237 377 -844.211
1 237 384 -844.211
1 237 388 -844.211
1 237 605 -1688.42
1 237 606 -2532.63
1 237 607 -1688.42
1 237 608 -4221.06
1 237 609 -2532.63
1 237 620 -844.211
1 238 346 -844.211
1 238 391 -844.211
1 238 410 -844.211
1 238 602 -844.211
1 238 603 -844.211
1 238 606 -4221.06
1 238 607 -5065.27
1 238 608 -3376.85
1 238 610 -844.211
1 239 297 -844.211
1 239 323 -844.211
1 239 404 -844.211
1 239 601 -844.211
1 239 603 -844.211
1 239 607 -1688.42
1 239 608 -3376.85
1 239 609 -2532.63
1 239 610 -1688.42
1 239 615 -1688.42
1 240 267 -844.211
1 240 319 -844.211
1 240 327 -844.211
1 240 352 -844.211
1 240 374 -1688.42
1 240 392 -1688.42
1 240 396 -844.211
1 240 406 -844.211
1 240 603 -844.211
1 240 605 -2532.63
1 240 606 -3376.85
1 240 607 -1688.42
1 240 620 -1688.42
1 240 621 -844.211
1 241 339 -844.211
1 241 352 -844.211
1 241 370 -1688.42
1 241 375 -844.211
1 241 409 -844.211
1 241 577 -844.211
1 241 603 -1688.42
1 241 605 -2532.63
1 241 606 -1688.42
1 241 607 -1688.42
1 241 608 -1688.42
1 241 609 -4221.06
1 241 610 -844.211
1 241 611 -844.211
1 241 620 -844.211
1 241 621 -844.211
1 242 314 -844.211
1 242 318 -844.211
1 242 336 -844.211
1 242 338 -844.211
1 242 339 -844.211
1 242 373 -2532.63
1 242 374 -5065.27
1 242 406 -1688.42
1 242 603 -1688.42
1 242 604 -5909.48
1 242 605 -7597.9
1 242 606 -2532.63
1 242 607 -4221.06
1 242 608 -4221.06
1 242 609 -2532.63
1 242 610 -2532.63
1 242 616 -844.211
1 242 622 -844.211
1 242 623 -2532.63
1 243 366 -844.211
1 243 369 -844.211
1 243 372 -1688.42
1 243 373 -6753.69
1 243 374 -2532.63
1 243 386 -844.211
1 243 391 -844.211
1 243 405 -844.211
1 243 406 -844.211
1 243 407 -1688.42
1 243 409 -844.211
1 243 577 -844.211
1 243 606 -5909.48
1 243 607 -4221.06
1 243 608 -1688.42
1 243 609 -5065.27
1 243 620 -844.211
1 243 622 -1688.42
1 243 623 -6753.69
1 244 371 -844.211
1 244 372 -1688.42
1 244 373 -2532.63
1 244 415 -844.211
1 244 598 -844.211
1 244 606 -3376.85
1 244 607 -844.211
1 244 611 -844.211
1 244 616 -844.211
1 244 622 -844.211
1 244 623 -3376.85
1 244 624 -844.211
1 245 312 -844.211
1 245 315 -844.211
1 245 326 -844.211
1 245 335 -844.211
1 245 338 -844.211
1 245 356 -1688.42
1 245 371 -844.211
1 245 413 -844.211
1 245 586 -844.211
1 245 604 -844.211
1 245 605 -2532.63
1 245 606 -4221.06
1 245 607 -3376.85
1 245 609 -4221.06
1 245 610 -1688.42
1 245 612 -1688.42
1 245 616 -1688.42
1 245 619 -844.211
1 245 620 -1688.42
1 245 622 -844.211
1 246 214 -844.211
1 246 342 -844.211
1 246 356 -844.211
1 246 357 -844.211
1 246 374 -844.211
1 246 413 -844.211
1 246 590 -844.211
1 246 599 -844.211
1 246 600 -5065.27
1 246 605 -3376.85
1 246 606 -5909.48
1 246 607 -3376.85
1 246 610 -844.211
1 246 612 -1688.42
1 246 614 -844.211
1 246 615 -844.211
1 246 623 -844.211
1 247 314 -844.211
1 247 331 -844.211
1 247 367 -1688.42
1 247 368 -4221.06
1 247 387 -1688.42
1 247 413 -844.211
1 247 578 -844.211
1 247 597 -844.211
1 247 598 -5909.48
1 247 599 -5065.27
1 247 600 -8442.11
1 247 601 -8442.11
1 247 605 -1688.42
1 247 609 -1688.42
1 247 610 -1688.42
1 247 611 -3376.85
1 247 612 -3376.85
1 247 613 -1688.42
1 247 618 -1688.42
1 247 619 -844.211
1 247 623 -844.211
1 248 307 -844.211
1 248 367 -844.211
1 248 368 -3376.85
1 248 371 -1688.42
1 248 372 -4221.06
1 248 387 -1688.42
1 248 388 -5065.27
1 248 413 -844.211
1 248 416 -844.211
1 248 529 -844.211
1 248 567 -844.211
1 248 596 -5909.48
1 248 597 -4221.06
1 248 598 -8442.11
1 248 599 -5065.27
1 248 600 -3376.85
1 248 601 -5065.27
1 248 602 -2532.63
1 248 605 -844.211
1 248 608 -844.211
1 248 609 -1688.42
1 248 610 -2532.63
1 248 611 -5065.27
1 248 612 -5065.27
1 248 613 -5909.48
1 248 618 -844.211
1 248 619 -844.211
1 248 620 -844.211
1 248 623 -1688.42
1 249 333 -844.211
1 249 334 -844.211
1 249 365 -1688.42
1 249 366 -2532.63
1 249 367 -844.211
1 249 368 -2532.63
1 249 371 -844.211
1 249 387 -844.211
1 249 388 -844.211
1 249 400 -844.211
1 249 412 -844.211
1 249 567 -844.211
1 249 593 -1688.42
1 249 595 -5065.27
1 249 596 -5909.48
1 249 597 -9286.33
1 249 603 -2532.63
1 249 604 -6753.69
1 249 605 -4221.06
1 249 607 -3376.85
1 249 609 -844.211
1 249 610 -1688.42
1 249 611 -4221.06
1 249 612 -7597.9
1 249 613 -1688.42
1 249 618 -844.211
1 249 623 -844.211
1 250 331 -844.211
1 250 355 -844.211
1 250 365 -1688.42
1 250 366 -4221.06
1 250 367 -2532.63
1 250 368 -844.211
1 250 369 -1688.42
1 250 370 -1688.42
1 250 371 -5065.27
1 250 382 -844.211
1 250 406 -844.211
1 250 413 -844.211
1 250 414 -844.211
1 250 423 -844.211
1 250 436 -844.211
1 250 568 -844.211
1 250 579 -844.211
1 250 591 -844.211
1 250 594 -844.211
1 250 596 -6753.69
1 250 597 -1688.42
1 250 602 -844.211
1 250 603 -5909.48
1 250 604 -5065.27
1 250 605 -3376.85
1 250 607 -844.211
1 250 608 -2532.63
1 250 609 -844.211
1 250 610 -844.211
1 250 613 -844.211
1 251 276 -844.211
1 251 322 -844.211
1 251 365 -2532.63
1 251 366 -7597.9
1 251 367 -1688.42
1 251 368 -1688.42
1 251 371 -844.211
1 251 379 -844.211
1 251 407 -844.211
1 251 414 -844.211
1 251 424 -844.211
1 251 598 -844.211
1 251 604 -844.211
1 251 605 -844.211
1 251 607 -844.211
1 251 610 -844.211
1 252 236 -844.211
1 252 365 -2532.63
1 252 366 -5909.48
1 252 367 -5909.48
1 252 368 -1688.42
1 252 376 -844.211
1 252 412 -844.211
1 252 416 -844.211
1 252 428 -844.211
1 252 506 -844.211
1 252 507 -844.211
1 252 528 -844.211
1 252 534 -844.211
1 252 544 -844.211
1 252 576 -844.211
1 252 591 -1688.42
1 252 596 -1688.42
1 252 597 -1688.42
1 252 598 -844.211
1 252 599 -1688.42
1 252 608 -1688.42
1 252 609 -844.211
1 252 611 -844.211
1 252 620 -844.211
1 253 259 -844.211
1 253 342 -844.211
1 253 363 -844.211
1 253 365 -1688.42
1 253 366 -5065.27
1 253 367 -3376.85
1 253 370 -844.211
1 253 375 -1688.42
1 253 404 -844.211
1 253 433 -1688.42
1 253 506 -844.211
1 253 543 -844.211
1 253 546 -844.211
1 253 547 -844.211
1 253 566 -844.211
1 253 586 -1688.42
1 253 596 -844.211
1 253 597 -3376.85
1 253 601 -844.211
1 253 604 -844.211
1 253 605 -844.211
1 253 614 -2532.63
1 254 366 -1688.42
1 254 478 -844.211
1 254 581 -844.211
1 254 584 -844.211
1 254 585 -5065.27
1 254 586 -4221.06
1 254 587 -2532.63
1 254 588 -2532.63
1 254 589 -3376.85
1 254 598 -844.211
1 254 599 -844.211
1 254 601 -1688.42
1 254 604 -1688.42
1 254 605 -844.211
1 254 606 -844.211
1 254 611 -844.211
1 255 341 -844.211
1 255 346 -844.211
1 255 371 -844.211
1 255 402 -844.211
1 255 442 -844.211
1 255 445 -844.211
1 255 461 -844.211
1 255 479 -844.211
1 255 512 -844.211
1 255 513 -844.211
1 255 526 -844.211
1 255 547 -844.211
1 255 548 -844.211
1 255 565 -844.211
1 255 583 -2532.63
1 255 584 -3376.85
1 255 585 -3376.85
1 255 586 -3376.85
1 255 587 -1688.42
1 255 588 -844.211
1 255 591 -844.211
1 255 594 -844.211
1 255 597 -844.211
1 255 600 -1688.42
1 255 607 -844.211
1 256 346 -844.211
1 256 350 -844.211
1 256 367 -844.211
1 256 373 -844.211
1 256 374 -844.211
1 256 491 -844.211
1 256 526 -844.211
1 256 531 -2532.63
1 256 532 -844.211
1 256 547 -844.211
1 256 548 -1688.42
1 256 549 -844.211
1 256 575 -844.211
1 256 578 -1688.42
1 256 580 -844.211
1 256 584 -2532.63
1 256 585 -1688.42
1 256 592 -1688.42
1 256 594 -5909.48
1 256 595 -3376.85
1 256 607 -3376.85
1 256 608 -1688.42
1 256 609 -844.211
1 257 330 -844.211
1 257 461 -844.211
1 257 497 -844.211
1 257 503 -844.211
1 257 506 -844.211
1 257 512 -844.211
1 257 527 -2532.63
1 257 529 -844.211
1 257 532 -844.211
1 257 549 -844.211
1 257 574 -844.211
1 257 575 -2532.63
1 257 584 -2532.63
1 257 585 -2532.63
1 257 593 -1688.42
1 257 594 -6753.69
1 257 595 -3376.85
1 257 597 -1688.42
1 257 606 -5909.48
1 257 607 -844.211
1 258 307 -844.211
1 258 330 -844.211
1 258 366 -844.211
1 258 485 -1688.42
1 258 489 -1688.42
1 258 491 -844.211
1 258 493 -844.211
1 258 494 -844.211
1 258 496 -844.211
1 258 497 -844.211
1 258 498 -2532.63
1 258 499 -1688.42
1 258 502 -844.211
1 258 503 -844.211
1 258 529 -1688.42
1 258 531 -844.211
1 258 532 -844.211
1 258 533 -1688.42
1 258 535 -844.211
1 258 546 -844.211
1 258 550 -844.211
1 258 556 -1688.42
1 258 564 -844.211
1 258 576 -844.211
1 258 583 -844.211
1 258 584 -2532.63
1 258 586 -2532.63
1 258 594 -2532.63
1 258 606 -4221.06
1 258 607 -844.211
1 259 346 -844.211
1 259 369 -1688.42
1 259 402 -844.211
1 259 444 -844.211
1 259 456 -844.211
1 259 485 -844.211
1 259 486 -844.211
1 259 488 -844.211
1 259 489 -844.211
1 259 490 -1688.42
1 259 509 -1688.42
1 259 510 -844.211
1 259 522 -844.211
1 259 528 -844.211
1 259 529 -844.211
1 259 531 -844.211
1 259 532 -844.211
1 259 545 -844.211
1 259 549 -844.211
1 259 554 -1688.42
1 259 555 -1688.42
1 259 556 -2532.63
1 259 557 -2532.63
1 259 575 -3376.85
1 259 576 -844.211
1 259 579 -844.211
1 259 584 -844.211
1 259 585 -3376.85
1 259 586 -1688.42
1 260 369 -1688.42
1 260 404 -1688.42
1 260 443 -844.211
1 260 454 -844.211
1 260 485 -844.211
1 260 486 -1688.42
1 260 487 -844.211
1 260 492 -844.211
1 260 499 -844.211
1 260 502 -1688.42
1 260 517 -844.211
1 260 527 -844.211
1 260 545 -2532.63
1 260 548 -844.211
1 260 554 -844.211
1 260 556 -844.211
1 260 567 -844.211
1 260 576 -844.211
1 260 577 -844.211
1 261 397 -844.211
1 261 404 -844.211
1 261 444 -844.211
1 261 483 -844.211
1 261 487 -844.211
1 261 501 -844.211
1 261 502 -844.211
1 261 545 -844.211
1 261 551 -844.211
1 261 552 -844.211
1 261 565 -844.211
1 262 254 -844.211
1 262 353 -1688.42
1 262 369 -844.211
1 262 425 -844.211
1 262 443 -844.211
1 262 458 -844.211
1 262 483 -1688.42
1 262 493 -844.211
1 262 501 -844.211
1 262 502 -844.211
1 262 523 -844.211
1 262 524 -844.211
1 262 535 -844.211
1 262 536 -844.211
1 262 537 -844.211
1 262 542 -844.211
1 262 546 -844.211
1 262 584 -844.211
1 262 587 -844.211
1 263 355 -844.211
1 263 415 -844.211
1 263 484 -844.211
1 263 493 -844.211
1 263 509 -844.211
1 263 522 -844.211
1 263 523 -1688.42
1 263 524 -1688.42
1 263 541 -1688.42
1 263 542 -844.211
1 263 543 -844.211
1 263 546 -1688.42
1 263 576 -844.211
1 263 579 -844.211
1 263 581 -3376.85
1 264 369 -844.211
1 264 379 -844.211
1 264 481 -844.211
1 264 482 -844.211
1 264 493 -844.211
1 264 503 -844.211
1 264 504 -844.211
1 264 516 -844.211
1 264 521 -2532.63
1 264 527 -844.211
1 264 543 -3376.85
1 264 568 -844.211
1 264 575 -844.211
1 264 576 -1688.42
1 265 336 -844.211
1 265 367 -1688.42
1 265 457 -844.211
1 265 459 -844.211
1 265 511 -844.211
1 265 516 -844.211
1 265 520 -844.211
1 265 524 -844.211
1 265 568 -1688.42
1 266 314 -844.211
1 266 413 -844.211
1 266 456 -844.211
1 266 478 -844.211
1 266 481 -844.211
1 266 483 -844.211
1 266 484 -844.211
1 266 485 -844.211
1 266 492 -844.211
1 266 498 -844.211
1 266 505 -844.211
1 266 518 -844.211
1 266 523 -844.211
1 266 543 -844.211
1 266 545 -844.211
1 266 549 -844.211
1 266 555 -844.211
1 267 337 -844.211
1 267 365 -844.211
1 267 381 -844.211
1 267 459 -844.211
1 267 460 -1688.42
1 267 505 -844.211
1 267 507 -844.211
1 267 543 -844.211
1 267 544 -1688.42
1 267 549 -844.211
1 267 553 -2532.63
1 267 562 -844.211
1 268 507 -1688.42
1 268 540 -844.211
1 268 541 -844.211
1 268 542 -1688.42
1 268 543 -3376.85
1 268 544 -1688.42
1 268 549 -844.211
1 268 551 -844.211
1 268 552 -844.211
1 268 553 -844.211
1 269 362 -844.211
1 269 505 -1688.42
1 269 507 -844.211
1 269 528 -844.211
1 269 543 -844.211
1 269 547 -1688.42
1 270 474 -844.211
1 270 475 -1688.42
1 270 479 -844.211
1 270 491 -844.211
1 270 504 -844.211
1 270 507 -844.211
1 270 526 -844.211
1 271 375 -844.211
1 271 388 -844.211
1 271 479 -844.211
1 271 481 -844.211
1 271 487 -844.211
1 271 491 -844.211
1 271 526 -844.211
1 272 469 -844.211
1 272 493 -844.211
1 272 495 -1688.42
1 272 496 -844.211
1 272 502 -844.211
1 272 526 -2532.63
1 273 441 -844.211
1 273 462 -844.211
1 273 526 -844.211
1 275 463 -844.211
1 275 480 -844.211
1 275 502 -844.211
1 275 504 -844.211
1 276 502 -844.211
1 277 393 -844.211
1 279 459 -844.211
1 280 563 -844.211
1 282 434 -844.211
1 282 435 -844.211
1 283 461 -844.211
1 283 482 -844.211
1 283 483 -844.211
1 285 437 -844.211
1 285 482 -844.211
1 285 483 -844.211
1 286 377 -844.211
1 286 464 -844.211
1 288 469 -844.211
1 289 362 -844.211
1 289 443 -844.211
1 292 358 -844.211
1 293 390 -2532.63
1 293 391 -844.211
1 296 390 -844.211
1 301 359 -844.211
1 301 378 -844.211
1 85 106 -844.211
1 92 112 -1688.42
1 93 117 -844.211
1 97 89 -844.211
1 98 101 -844.211
1 99 126 -844.211
1 99 136 -844.211
1 147 119 -24103.2
1 148 187 -113837.0
1 150 114 -38913.6
1 153 113 -47625.6
1 156 158 -21780.0
1 157 160 -29040.0
1 167 186 -58080.0
1 170 169 -111804.0
1 197 280 -40656.0
1 199 225 -96267.6
1 210 300 -49222.8
1 211 298 -25845.6
1 234 285 -53869.2
1 244 234 -39639.6
1 259 541 -435.6
1 265 469 -145.2
1 267 479 -2613.6
1 271 361 -3074.9
1 272 454 -140.75
1 291 453 -110973.0
1 299 360 -51691.2
1 109 116 -62290.8
1 131 118 -10309.2
1 132 183 -16843.2
1 137 123 -55611.6
1 140 173 -43560.0
1 141 124 -53724.0
1 142 121 -50820.0
1 152 130 -19021.2
1 155 192 -65775.6
1 157 117 -24103.2
1 157 190 -290.4
1 158 205 -580.8
1 164 258 -109045.0
1 169 164 -10599.6
1 172 162 -9002.4
1 172 163 -19311.6
1 172 164 -3775.2
1 173 196 -1161.6
1 175 213 -77682.0
1 195 280 -33396.0
1 202 295 -97138.8
1 203 296 -149701.0
1 214 174 -136924.0
1 226 358 -10117.7
1 247 335 -87120.0
1 256 333 -33976.8
1 262 350 -30056.4
1 265 349 -96267.6
1 267 346 -81457.2
1 271 470 -1161.6
1 274 431 -3125420.0
1 280 367 -136488.0
1 285 357 -113982.0
1 289 374 -5372.4
1 292 370 -74197.2
1 293 370 -97284.0
1 293 378 -46609.2
1 299 335 -243936.0
1 143 152 -33396.0
1 143 154 -62581.2
1 144 130 -9438.0
1 148 113 -39639.6
1 149 118 -71293.2
1 151 143 -62145.6
1 152 177 -57354.0
1 152 183 -28749.6
1 153 185 -19456.8
1 153 212 -53578.8
1 154 128 -2468.4
1 155 180 -12196.8
1 155 187 -55902.0
1 159 188 -40656.0
1 161 161 -35283.6
1 162 171 -29330.4
1 164 159 -77827.2
1 167 163 -104689.0
1 170 217 -154783.0
1 174 182 -46318.8
1 175 178 -7986.0
1 176 128 -65340.0
1 189 206 -104544.0
1 201 279 -109771.0
1 221 294 -79134.0
1 221 361 -4356.0
1 222 252 -4791.6
1 222 266 -81457.2
1 224 273 -168868.0
1 226 361 -149992.0
1 234 319 -74052.0
1 235 317 -100043.0
1 237 292 -85813.2
1 248 331 -26862.0
1 256 342 -38623.2
1 259 347 -35428.8
1 266 345 -74923.2
1 271 268 -138521.0
1 274 278 -72600.0
1 289 355 -7695.6
1 295 392 -14810.4
1 296 391 -16552.8
1 296 393 -16407.6
1 140 166 -293885.0
1 141 116 -54885.6
1 141 165 -112094.0
1 142 185 -142296.0
1 143 114 -87410.4
1 143 184 -87120.0
1 144 151 -75649.2
1 145 114 -54014.4
1 146 150 -74487.6
1 147 148 -81892.8
1 147 171 -79860.0
1 149 124 -290.4
1 149 181 -45012.0
1 149 202 -54595.2
1 150 172 -58080.0
1 150 183 -16843.2
1 150 186 -27733.2
1 151 178 -310438.0
1 151 181 -37752.0
1 151 189 -84651.6
1 151 211 -290.4
1 152 180 -73180.8
1 153 188 -89588.4
1 154 113 -2323.2
1 158 173 -871.2
1 164 124 -10744.8
1 168 164 -75504.0
1 168 166 -78408.0
1 170 115 -40365.6
1 171 125 -4210.8
1 176 222 -49368.0
1 184 210 -134165.0
1 188 207 -5517.6
1 189 288 -28168.8
1 193 280 -26571.6
1 206 280 -4646.4
1 209 273 -103528.0
1 209 281 -40958.2
1 210 249 -46318.8
1 211 263 -50820.0
1 211 296 -32089.2
1 213 270 -100624.0
1 219 272 -10744.8
1 221 302 -3630.0
1 221 317 -72600.0
1 224 287 -112530.0
1 228 354 -96267.6
1 230 352 -130680.0
1 231 270 -29040.0
1 231 347 -7840.8
1 235 295 -29185.2
1 236 320 -164076.0
1 236 342 -67518.0
1 236 344 -25555.2
1 239 337 -36300.0
1 240 330 -66792.0
1 240 357 -82618.8
1 244 333 -8712.0
1 246 332 -55176.0
1 246 337 -21780.0
1 251 334 -80150.4
1 258 343 -3339.6
1 258 345 -9292.8
1 260 345 -9147.6
1 261 340 -27007.2
1 261 351 -23232.0
1 262 286 -15536.4
1 262 361 -65920.8
1 263 344 -36590.4
1 263 350 -18585.6
1 265 517 -290.4
1 267 321 -56628.0
1 267 428 -13635.7
1 269 364 -38187.6
1 269 365 -4501.2
1 270 267 -37026.0
1 270 361 -73906.8
1 271 267 -167851.0
1 271 355 -39058.8
1 271 363 -52707.6
1 278 502 -5953.2
1 281 331 -9147.6
1 284 333 -7550.4
1 290 371 -80150.4
1 291 365 -24538.8
1 296 358 -101640.0
1 297 356 -13648.8
1 297 391 -46754.4
1 299 347 -13648.8
1 125 93 -290.4
1 131 125 -34993.2
1 134 123 -37606.8
1 135 126 -25700.4
1 138 125 -39639.6
1 142 117 -33541.2
1 142 169 -21780.0
1 145 116 -33541.2
1 146 146 -23522.4
1 152 213 -19456.8
1 156 214 -66792.0
1 161 185 -126905.0
1 163 186 -10744.8
1 166 203 -22796.4
1 168 216 -136343.0
1 183 232 -139973.0
1 192 232 -267023.0
1 193 235 -114272.0
1 201 310 -4791.6
1 211 195 -3049.2
1 215 261 -108319.0
1 221 339 -290.4
1 222 324 -11470.8
1 223 263 -64468.8
1 226 354 -58080.0
1 230 358 -19166.4
1 232 274 -39930.0
1 232 347 -25990.8
1 233 341 -38913.6
1 248 344 -65920.8
1 263 345 -45012.0
1 263 427 -145.2
1 263 570 -145.2
1 264 348 -7986.0
1 268 366 -7260.0
1 292 360 -18440.4
1 293 357 -41817.6
1 295 362 -14520.0
1 297 439 -1047020.0
1 132 120 -91766.4
1 134 124 -17569.2
1 134 126 -37461.6
1 135 122 -71148.0
1 137 128 -68244.0
1 145 166 -49803.6
1 148 119 -77536.8
1 150 118 -78553.2
1 150 121 -202699.0
1 150 127 -12777.6
1 152 118 -47480.4
1 153 122 -65775.6
1 153 123 -48642.0
1 155 125 -85668.0
1 156 124 -33831.6
1 158 138 -73906.8
1 158 140 -112675.0
1 160 139 -74778.0
1 185 168 -69986.4
1 189 126 -250760.0
1 224 257 -3194.4
1 230 223 -21925.2
1 260 332 -3484.8
1 260 337 -1161.6
1 276 358 -108029.0
1 276 359 -3920.4
1 281 445 -580.8
1 282 357 -1016.4
1 137 168 -61419.6
1 149 213 -102221.0
1 170 185 -7840.8
1 189 195 -55321.2
1 190 250 -42543.6
1 192 197 -137069.0
1 202 228 -22360.8
1 210 253 -87120.0
1 217 236 -140844.0
1 245 324 -3775.2
1 247 330 -2904.0
1 270 480 -435.6
1 186 159 -1016.4
1 291 354 -4210.8
1 145 131 -82473.6
1 148 124 -145.2
1 153 116 -29040.0
1 171 128 -19602.0
1 188 197 -726.0
1 188 204 -59677.2
1 203 340 -796.88
1 206 169 -4791.6
1 206 281 -1016.4
1 208 226 -99897.6
1 211 266 -50246.1
1 213 276 -52035.2
1 214 274 -75065.3
1 220 278 -115638.0
1 223 372 -48642.0
1 232 398 -7695.6
1 233 375 -2323.2
1 236 317 -50384.4
1 239 385 -2639.59
1 239 406 -218.05
1 239 416 -13.59
1 241 238 -36445.2
1 245 408 -7695.6
1 246 320 -14520.0
1 248 454 -290.4
1 259 351 -5753.17
1 265 360 -48411.8
1 267 407 -3049.2
1 269 360 -10592.3
1 272 360 -50529.6
1 273 340 -1016.4
1 273 521 -15681.6
1 274 327 -18004.8
1 275 465 -500.74
1 280 371 -12196.8
1 290 322 -78262.8
1 292 458 -24419.7
1 296 371 -241903.0
1 297 377 -23958.0
1 147 116 -45883.2
1 147 183 -16698.0
1 156 122 -19456.8
1 205 310 -3194.4
1 259 439 -290.4
1 268 484 -145.2
1 173 183 -46318.8
1 257 342 -20182.8
1 201 251 -90459.6
1 251 286 -17424.0
1 259 336 -290.4
1 264 441 -290.4
1 265 488 -290.4
1 294 356 -1597.2
1 144 132 -580.8
1 267 385 -18730.8
1 135 160 -9292.8
1 136 173 -9002.4
1 144 189 -14520.0
1 154 112 -9873.6
1 154 122 -59677.2
1 156 131 -435.6
1 167 247 -7695.6
1 183 124 -276461.0
1 183 205 -145.2
1 186 125 -218671.0
1 186 209 -21634.8
1 204 300 -41.55
1 215 269 -141715.0
1 218 239 -74051.4
1 225 242 -69696.0
1 226 375 -52455.4
1 238 302 -19021.2
1 242 355 -210.66
1 244 321 -132568.0
1 245 406 -1306.8
1 247 591 -580.8
1 248 593 -290.4
1 251 614 -1799.81
1 255 333 -38739.0
1 256 443 -578.57
1 258 339 -3025.19
1 258 416 -262.9
1 263 583 -172.8
1 266 470 -2874.96
1 269 482 -145.2
1 270 476 -1887.6
1 273 523 -58660.8
1 274 506 -2032.8
1 275 479 -13068.0
1 280 458 -873.26
1 291 374 -3920.4
1 293 458 -18004.8
1 297 388 -1523.59
1 298 384 -143.12
1 201 295 -145.2
1 204 299 -1452.0
1 221 300 -9002.4
1 153 134 -39204.0
1 159 157 -107593.0
1 184 305 -18.6
1 197 298 -53.16
1 211 290 -15681.6
1 225 289 -194278.0
1 237 406 -1649.96
1 241 343 -20908.8
1 244 430 -1452.0
1 247 342 -266.73
1 253 427 -3558.07
1 253 443 -621.7
1 254 398 -36.54
1 254 442 -2367.03
1 254 444 -570.88
1 254 445 -147.35
1 256 445 -1596.14
1 257 387 -74197.2
1 259 345 -2613.6
1 261 322 -22.03
1 261 369 -747.78
1 262 555 -145.2
1 265 559 -1534.01
1 271 364 -13794.0
1 271 471 -435.6
1 271 489 -4076.09
1 272 371 -193987.0
1 273 520 -726.0
1 273 522 -580.8
1 275 371 -1306.8
1 275 449 -2323.2
1 277 386 -145.2
1 262 394 -1363460.0
1 271 492 -145.2
1 157 122 -871.2
1 160 136 -1306.8
1 169 201 -30927.6
1 199 297 -276.49
1 211 313 -44.19
1 212 315 -121.75
1 224 372 -2613.6
1 246 609 -2057.7
1 247 343 -92.87
1 247 590 -2613.6
1 250 395 -4791.6
1 255 446 -707.31
1 261 524 -2651.44
1 261 525 -622.1
1 270 482 -59.76
1 276 386 -1887.6
1 281 446 -871.2
1 284 406 -2758.8
1 295 390 -2613.6
1 297 384 -145.2
1 165 158 -60838.8
1 178 212 -11180.4
1 145 147 -145.2
1 240 619 -145.2
1 257 443 -2024.85
1 272 547 -846.64
1 162 205 -23377.2
1 170 249 -1742.4
1 178 255 -8566.8
1 194 320 -726.0
1 196 299 -290.4
1 229 341 -11761.2
1 234 400 -145.2
1 237 378 -3.96
1 240 386 -5.28
1 241 353 -211.46
1 244 330 -40365.6
1 247 341 -133.36
1 248 343 -285.19
1 249 589 -145.2
1 252 457 -145.2
1 253 400 -290.4
1 254 370 -145.2
1 254 394 -50.65
1 254 400 -145.2
1 255 373 -290.4
1 261 362 -45738.0
1 262 441 -290.4
1 263 353 -9.63
1 274 527 -103.02
1 275 356 -48351.6
1 276 469 -145.2
1 276 484 -726.0
1 277 429 -214.09
1 282 451 -145.2
1 231 367 -145.2
1 279 477 -145.2
1 130 192 -145.2
1 262 339 -145.2
