1 62 1 3798.3
1 61 2 3770.7
1 60 3 3749.7
1 59 4 3733.5
1 58 5 3721.5
1 57 6 3713.4
1 56 7 3709.2
1 55 8 3709.0
1 54 9 3713.4
1 53 10 3722.5
1 52 11 3736.7
1 51 12 3755.5
1 49 13 3767.8
1 50 13 3777.1
1 48 14 3789.3
1 47 15 3784.5
1 46 16 3776.7
1 45 17 3766.9
1 45 18 3767.6
1 45 19 3768.3
1 44 20 3756.4
1 44 21 3756.2
1 44 22 3755.5
1 44 23 3754.2
1 44 24 3752.2
1 44 25 3749.4
1 44 26 3745.6
1 44 27 3740.7
1 44 28 3734.5
1 44 29 3727.0
1 44 30 3717.9
1 44 31 3707.0
1 44 32 3694.2
1 44 33 3679.1
1 44 34 3661.5
1 44 35 3641.1
1 44 36 3617.4
1 44 37 3589.8
1 44 38 3557.8
1 44 39 3520.3
1 44 40 3476.1
1 44 41 3422.8
1 43 42 3304.0
1 43 43 3265.0
1 43 44 3203.3
1 42 45 3052.1
1 42 46 2997.6
1 40 47 2765.7
1 41 47 2812.0
1 40 48 2729.6
1 40 49 2663.5
1 40 50 2567.6
1 35 78 4859.7
1 35 79 4888.1
1 34 80 4945.1
1 33 81 5025.5
1 32 82 5089.1
1 31 83 5102.5
1 30 84 5114.2
1 29 85 5123.1
1 28 86 5145.4
1 27 87 5164.2
1 26 88 5190.3
1 25 89 5217.8
1 25 90 5254.2
1 24 91 5241.3
1 24 92 5256.5
1 24 93 5293.6
1 24 94 5330.6
1 23 95 5345.7
1 23 96 5386.0
1 23 97 5422.3
1 22 98 5430.3
1 22 99 5471.4
1 22 100 5508.4
1 22 101 5545.7
1 21 102 5566.0
1 21 103 5611.1
1 20 104 5633.2
1 20 105 5675.7
1 19 106 5707.7
1 19 107 5752.1
1 18 108 5788.7
1 18 109 5828.5
1 17 110 5747.7
1 17 111 5758.8
1 17 112 5868.1
1 65 109 6030.5
1 66 109 6027.0
1 67 109 5976.4
1 68 109 5941.6
1 69 109 5951.1
1 62 110 5964.5
1 63 110 6002.2
1 64 110 6023.1
1 70 110 6040.0
1 60 111 5859.4
1 61 111 5880.9
1 71 111 6106.0
1 37 112 5647.1
1 38 112 5707.3
1 39 112 5768.9
1 40 112 5814.4
1 41 112 5851.4
1 42 112 5873.4
1 43 112 5884.6
1 44 112 5893.7
1 45 112 5900.9
1 46 112 5910.4
1 47 112 5919.3
1 48 112 5936.9
1 55 112 5739.6
1 56 112 5761.3
1 57 112 5778.4
1 58 112 5795.2
1 59 112 5810.1
1 72 112 6143.0
1 16 113 5956.8
1 33 113 5631.7
1 34 113 5615.1
1 35 113 5599.2
1 36 113 5578.7
1 49 113 5930.6
1 50 113 5908.4
1 51 113 5855.3
1 52 113 5800.7
1 53 113 5744.1
1 54 113 5707.4
1 73 113 6175.3
1 16 114 6015.9
1 29 114 5721.3
1 30 114 5696.1
1 31 114 5668.3
1 32 114 5633.3
1 74 114 6198.4
1 75 114 6202.5
1 16 115 6072.6
1 25 115 5833.0
1 26 115 5810.2
1 27 115 5781.0
1 28 115 5741.0
1 76 115 6234.3
1 16 116 6127.9
1 21 116 5975.7
1 22 116 5990.6
1 23 116 5903.4
1 24 116 5863.2
1 77 116 6249.5
1 78 116 6247.6
1 79 116 6260.2
1 16 117 6182.1
1 20 117 6023.7
1 80 117 6281.1
1 81 117 6279.2
1 82 117 6258.6
1 83 117 6231.1
1 84 117 6202.0
1 16 118 6219.5
1 17 118 6185.7
1 18 118 6138.6
1 19 118 6085.1
1 85 118 6131.5
1 85 119 6089.7
1 86 120 6072.5
1 86 121 6095.2
1 86 122 6120.0
1 86 123 6137.3
1 86 124 6149.7
1 86 125 6159.3
1 86 126 6166.4
1 86 127 6170.1
1 86 128 6170.7
1 86 129 6169.0
1 86 130 6166.3
1 86 131 6162.1
1 86 132 6155.2
1 86 133 6146.5
1 86 134 6134.7
1 86 135 6118.8
1 86 136 6099.7
1 85 137 6050.6
1 85 138 6037.7
1 84 139 6032.8
1 83 140 6073.8
1 82 141 6157.7
1 82 142 6174.0
1 81 143 6226.7
1 80 144 6287.2
1 79 145 6356.2
1 78 146 6419.8
1 77 147 6487.1
1 76 148 6559.0
1 75 149 6636.4
1 75 150 6700.7
1 75 151 6761.3
1 75 152 6821.9
1 75 153 6868.8
1 76 154 6862.0
1 77 154 6849.2
1 78 154 6839.0
1 79 155 6827.7
1 80 155 6815.1
1 81 156 6797.5
1 82 157 6771.0
1 82 158 6748.6
1 83 158 6734.5
1 84 159 6704.6
1 84 160 6676.8
1 84 161 6652.4
1 84 162 6628.5
1 85 163 6603.4
1 86 164 6574.0
1 87 165 6537.0
1 88 166 6502.2
1 89 167 6468.6
1 90 168 6387.2
1 90 169 6337.2
1 91 170 6269.8
1 92 171 6198.4
1 93 172 6167.7
1 94 173 6141.2
1 94 174 6138.8
1 95 175 6123.4
1 95 176 6109.0
1 95 177 6113.7
1 95 178 6120.7
1 95 179 6126.0
1 96 180 5954.7
1 97 181 5971.7
1 98 182 5989.2
1 99 183 6006.7
1 100 184 6022.5
1 101 185 6037.9
1 102 185 6046.3
1 103 185 6061.9
1 104 186 6096.3
1 105 186 6097.4
1 106 187 6100.6
1 107 188 6096.4
1 108 189 5914.1
1 108 190 5916.1
1 108 191 5917.1
1 108 192 5916.7
1 108 193 5912.5
1 107 194 5707.4
1 107 195 5703.4
1 107 196 5695.6
1 107 197 5685.3
1 107 198 5673.3
1 106 199 5634.9
1 106 200 5622.0
1 105 201 5576.1
1 105 202 5562.9
1 104 203 5522.4
1 104 204 5513.7
1 104 205 5498.7
1 104 206 5477.3
1 104 207 5444.2
1 98 208 5460.6
1 99 208 5470.7
1 100 208 5483.1
1 101 208 5496.0
1 102 208 5513.7
1 103 208 5542.4
1 97 209 5451.3
1 97 210 5450.1
1 97 211 5446.0
1 97 212 5440.7
1 96 213 5424.1
1 95 214 5416.7
1 95 215 5415.4
1 94 216 5408.0
1 94 217 5407.1
1 94 218 5406.4
1 95 219 5410.6
1 96 220 5414.1
1 97 221 5418.0
1 97 222 5416.9
1 98 223 5420.2
1 98 224 5418.8
1 99 225 5422.9
1 99 226 5421.0
1 100 227 5242.1
1 128 227 5398.5
1 129 227 5461.6
1 101 228 5248.0
1 107 228 5142.9
1 108 228 5167.8
1 109 228 5196.4
1 110 228 5228.4
1 111 228 5263.1
1 125 228 5283.4
1 126 228 5309.8
1 127 228 5318.0
1 130 228 5187.6
1 131 228 5194.1
1 132 228 5188.2
1 133 228 5189.3
1 134 228 5195.5
1 135 228 5209.9
1 136 228 5226.9
1 137 228 5240.2
1 138 228 5267.0
1 102 229 5252.8
1 106 229 5280.7
1 112 229 5117.3
1 118 229 5143.6
1 119 229 5162.0
1 120 229 5177.9
1 121 229 5192.0
1 122 229 5203.3
1 123 229 5212.7
1 124 229 5215.2
1 139 229 5340.3
1 103 230 5256.3
1 104 230 5258.9
1 105 230 5261.9
1 113 230 5133.9
1 114 230 5125.4
1 115 230 5121.1
1 116 230 5118.6
1 117 230 5110.7
1 140 230 5307.1
1 139 231 5374.7
1 137 232 5411.3
1 138 232 5410.6
1 136 233 5414.6
1 135 234 5407.4
1 133 235 5374.7
1 134 235 5388.0
1 132 236 5357.8
1 130 237 5314.5
1 131 237 5329.7
1 129 238 5303.3
1 128 239 5287.2
1 127 240 5267.3
1 127 241 5257.5
1 127 242 5244.6
1 128 243 5252.9
1 129 244 5251.2
1 129 245 5238.5
1 130 246 5234.7
1 131 246 5233.6
1 132 246 5236.5
1 133 246 5245.8
1 134 246 5263.2
1 135 246 5289.6
1 136 246 5316.8
1 137 246 5336.8
1 138 246 5358.8
1 139 247 5409.5
1 140 247 5434.0
1 141 247 5471.5
1 142 247 5514.8
1 143 248 5577.8
1 144 249 5671.3
1 144 250 5698.1
1 145 251 5749.9
1 145 252 5775.5
1 145 253 5795.8
1 146 254 5829.1
1 146 255 5826.5
1 146 256 5820.5
1 146 257 5812.6
1 146 258 5802.4
1 146 259 5790.6
1 146 260 5777.2
1 146 261 5764.9
1 146 262 5751.7
1 146 263 5738.5
1 146 264 5728.4
1 146 265 0.0
1 147 266 5482.8
1 147 267 5453.7
1 147 268 5428.8
1 147 269 5389.1
1 147 270 5356.1
1 148 271 5306.0
1 148 272 5279.2
1 148 273 5252.1
1 148 274 5230.3
1 149 274 5215.4
1 149 275 5175.8
1 149 276 5143.6
1 149 277 5091.0
1 149 278 5036.4
1 150 279 5132.7
1 150 280 5087.7
1 150 281 5046.5
1 150 282 5016.2
1 151 283 4932.5
1 151 284 4888.7
1 151 285 4855.4
1 152 286 4761.4
1 152 287 4706.8
1 152 288 4662.5
1 152 289 4628.0
1 153 290 4722.8
1 153 291 4696.3
1 153 292 4704.2
1 154 293 4715.0
1 154 294 4726.6
1 154 295 4736.1
1 154 296 4742.2
1 155 297 4760.1
1 155 298 4763.9
1 156 299 4586.8
1 157 299 4593.1
1 158 299 4602.6
1 159 299 4615.1
1 160 299 4631.1
1 161 299 4650.5
1 162 300 4681.7
1 162 301 4684.5
1 162 302 4683.6
1 162 303 4681.0
1 162 304 4678.3
1 163 305 4857.4
1 163 306 4848.4
1 163 307 4838.6
1 163 308 4829.3
1 163 309 4823.2
1 164 310 5039.4
1 165 311 5081.0
1 166 312 5152.7
1 167 313 5211.3
1 168 314 5244.2
1 168 315 5076.7
1 168 316 5081.0
1 169 316 5088.5
1 169 317 5094.3
1 170 317 5104.1
1 171 318 5105.2
1 171 319 5081.8
1 172 320 5033.9
1 172 321 4986.4
1 172 322 4938.1
1 172 323 4887.1
1 172 324 4847.4
1 173 325 4845.9
1 173 326 4849.5
1 173 327 4851.3
1 174 328 4860.7
1 174 329 4862.3
1 174 330 4863.3
1 175 331 4867.8
1 176 331 4871.8
1 177 331 4877.7
1 178 332 4887.1
1 179 333 4889.7
1 179 334 4886.6
1 179 335 4883.5
1 180 336 4881.0
1 181 337 4872.5
1 181 338 4867.8
1 187 338 4741.0
1 188 338 4762.1
1 189 338 4779.7
1 190 338 4793.4
1 182 339 4858.5
1 186 339 4873.5
1 191 339 4797.0
1 192 339 5216.0
1 182 340 4852.5
1 186 340 4857.8
1 193 340 5215.3
1 182 341 4848.9
1 186 341 4847.8
1 194 341 5215.2
1 195 341 5216.8
1 183 342 4845.3
1 184 342 4845.1
1 185 342 4844.6
1 186 342 4843.5
1 196 342 5216.5
1 196 343 5214.4
1 197 344 5213.3
1 198 345 5210.9
1 199 346 5208.8
1 200 346 5210.4
1 201 346 5212.6
1 202 346 5214.7
1 203 346 5215.5
1 204 346 4510.63
1 205 347 5199.5
1 206 347 5193.3
1 207 348 5398.8
1 207 349 5496.1
1 207 350 5637.0
1 206 351 5696.9
1 205 352 5701.7
1 205 353 5706.2
1 205 354 5711.2
1 206 355 5734.1
1 206 356 5742.3
1 207 357 5767.0
1 208 357 5784.2
1 209 358 5465.4
1 210 359 5522.7
1 211 359 5550.7
1 212 360 5470.5
1 212 361 5507.7
1 208 362 5529.9
1 209 362 5534.6
1 210 362 5541.7
1 211 362 5547.4
1 207 363 5526.1
1 206 364 5520.7
1 206 365 5522.0
1 206 366 5522.2
1 206 367 5521.4
1 206 368 5520.4
1 206 369 5519.2
1 207 369 5525.6
1 208 369 5542.1
1 209 369 5563.8
1 210 369 5588.2
1 211 369 5618.5
1 212 369 5654.9
1 213 369 5699.1
1 214 370 5595.6
1 215 370 5629.4
1 216 372 5626.7
1 214 373 5263.1
1 215 373 5351.3
1 214 374 5220.0
1 213 375 5270.2
1 212 376 5247.8
1 211 377 5194.7
1 211 378 5183.6
1 211 379 5178.1
1 211 380 5180.2
1 211 381 5189.3
1 211 382 5243.7
1 211 383 5293.5
1 212 384 45000.0
1 212 385 45000.0
1 212 386 45000.0
1 212 387 45000.0
1 212 388 45000.0
1 212 389 45000.0
1 212 390 45000.0
1 212 391 45000.0
1 212 392 45000.0
1 212 393 45000.0
1 213 394 45000.0
1 213 395 45000.0
1 213 396 45000.0
1 213 397 45000.0
1 213 398 45000.0
1 213 399 45000.0
1 213 400 45000.0
1 213 401 45000.0
1 213 402 45000.0
1 214 403 45000.0
1 214 404 45000.0
1 214 405 45000.0
1 214 406 45000.0
1 214 407 45000.0
1 214 409 45000.0
1 214 410 45000.0
1 214 411 45000.0
1 214 412 45000.0
1 214 413 45000.0
1 214 414 45000.0
1 214 415 45000.0
1 215 416 45000.0
1 215 417 45000.0
1 227 417 45000.0
1 228 417 45000.0
1 229 417 45000.0
1 216 418 45000.0
1 226 418 45000.0
1 230 418 45000.0
1 217 419 45000.0
1 218 419 45000.0
1 219 419 45000.0
1 220 419 45000.0
1 221 419 45000.0
1 222 419 45000.0
1 223 419 45000.0
1 224 419 45000.0
1 225 419 45000.0
1 229 419 45000.0
1 229 420 45000.0
1 226 421 45000.0
1 227 421 45000.0
1 228 421 45000.0
1 224 422 45000.0
1 225 422 45000.0
1 224 423 45000.0
1 224 424 45000.0
1 225 424 45000.0
1 226 424 45000.0
1 227 424 45000.0
1 228 424 45000.0
1 229 425 45000.0
1 229 426 45000.0
1 229 427 45000.0
1 229 428 45000.0
1 229 429 45000.0
1 228 430 45000.0
1 228 431 45000.0
1 228 432 45000.0
1 228 433 45000.0
1 228 434 45000.0
1 228 435 45000.0
1 229 435 45000.0
1 230 436 45000.0
1 230 437 45000.0
1 230 438 45000.0
1 230 439 45000.0
1 230 440 45000.0
1 230 441 45000.0
1 230 442 45000.0
1 230 443 45000.0
1 230 444 45000.0
1 230 445 45000.0
1 230 446 45000.0
1 230 447 45000.0
1 230 448 45000.0
1 230 449 45000.0
1 230 450 45000.0
1 230 451 45000.0
1 230 452 45000.0
1 230 453 45000.0
1 230 454 45000.0
1 230 455 45000.0
1 230 456 45000.0
1 231 457 45000.0
1 231 458 45000.0
1 231 459 45000.0
1 231 460 45000.0
1 232 461 45000.0
1 232 462 45000.0
1 232 463 45000.0
1 232 464 45000.0
1 233 464 45000.0
1 234 464 45000.0
1 235 464 45000.0
1 236 464 45000.0
1 237 464 45000.0
1 238 464 45000.0
1 239 465 45000.0
1 239 466 45000.0
1 239 467 5337.1
1 238 468 5337.1
1 238 469 5337.1
1 238 470 5337.1
1 239 471 5337.1
1 240 471 5337.1
1 241 472 5337.1
1 242 472 5337.1
1 243 472 5337.1
1 244 473 5337.1
1 245 474 5337.1
1 246 475 5337.1
1 246 476 5337.1
1 246 477 5337.1
1 246 478 5337.1
1 246 479 5337.1
1 246 480 5337.1
1 245 481 5337.1
1 245 482 5337.1
1 244 483 5337.1
1 243 484 5337.1
1 243 485 5337.1
1 243 486 5337.1
1 243 487 5337.1
1 243 488 5337.1
1 243 489 5337.1
1 242 490 5337.1
1 242 491 5337.1
1 241 492 5337.1
1 241 493 5337.1
1 240 494 5337.1
1 239 495 5337.1
1 238 496 5337.1
1 235 497 5337.1
1 236 497 5337.1
1 237 497 5337.1
1 233 498 5337.1
1 234 498 5337.1
1 233 499 5337.1
1 232 500 5337.1
1 231 501 5337.1
1 231 502 5337.1
1 231 503 5337.1
1 231 504 5337.1
1 231 505 5337.1
1 231 506 5337.1
1 231 507 5337.1
1 231 508 5337.1
1 231 509 5337.1
1 231 510 5337.1
1 231 511 5337.1
1 231 512 5337.1
1 231 513 5337.1
1 231 514 5337.1
1 231 515 5337.1
1 232 516 5337.1
1 232 517 5337.1
1 232 518 5337.1
1 233 519 5337.1
1 233 520 5337.1
1 233 521 5337.1
1 234 522 5337.1
1 234 523 5337.1
1 235 524 5337.1
1 235 525 5337.1
1 236 525 5337.1
1 237 525 5337.1
1 238 525 5337.1
1 239 526 5337.1
1 239 527 5337.1
1 240 528 5437.9
1 240 529 5453.1
1 241 530 5519.7
1 241 531 5549.7
1 241 532 5566.6
1 241 533 5578.1
1 241 534 5586.4
1 242 535 5064.8
1 242 536 5076.1
1 243 536 5094.1
1 244 536 5126.6
1 245 536 5155.2
1 246 537 5210.6
1 246 538 5227.7
1 247 539 5267.6
1 248 540 5303.1
1 249 540 5315.2
1 250 540 5331.6
1 251 541 5365.2
1 250 544 5398.8
1 251 544 5401.1
1 245 545 5344.2
1 246 545 5355.4
1 247 545 5374.0
1 248 545 5387.7
1 249 545 5393.2
1 243 546 5317.7
1 244 546 5321.7
1 243 547 5318.4
1 242 548 5314.5
1 242 549 5314.8
1 241 550 5308.6
1 241 551 5306.9
1 240 552 5296.5
1 239 553 5285.5
1 238 554 0.0
1 237 555 5249.9
1 236 556 5248.8
1 236 557 5248.8
1 232 558 5189.1
1 233 558 5186.1
1 234 558 5193.8
1 235 558 5197.3
1 232 559 5201.2
1 231 560 5201.4
1 231 561 5209.8
1 231 562 5216.5
1 231 563 5221.6
1 231 564 5222.9
1 230 565 5389.7
1 230 566 5382.9
1 230 567 5372.0
1 230 568 5359.6
1 215 371 5678.1
1 39 51 6043.2
1 39 52 5967.8
1 38 53 5714.5
1 38 54 5641.8
1 37 55 5375.6
1 36 56 5152.8
1 35 57 4950.0
1 35 58 4889.0
1 35 59 4787.7
1 35 60 8397.7
1 35 61 8262.3
1 35 62 8125.5
1 35 63 7985.2
1 35 64 7841.2
1 35 65 7693.4
1 35 66 7542.6
1 35 67 7395.4
1 35 68 7276.3
1 36 69 10770.0
1 36 70 10502.6
1 36 71 10250.3
1 36 72 10007.1
1 36 73 9772.1
1 36 74 9559.1
1 36 75 9377.7
1 36 76 9287.9
1 36 77 9255.2
1 230 569 5347.0
1 230 570 5333.5
1 230 571 5317.4
1 230 572 5306.0
1 230 573 5316.9
1 230 574 5332.4
1 230 575 5342.6
1 230 576 5344.7
1 230 577 5179.6
1 230 578 5212.8
1 230 579 5245.9
1 230 580 5275.3
1 230 581 5278.4
1 230 582 5283.8
1 230 583 5286.3
1 230 584 5285.4
1 230 585 5282.0
1 230 586 5277.4
1 230 587 5271.3
1 230 588 5267.4
1 229 589 5251.5
1 229 590 5242.2
1 228 591 5219.5
1 228 592 5203.8
1 228 593 5186.5
1 228 594 5164.3
1 227 595 5120.1
1 227 596 5096.9
1 227 597 5068.8
1 227 598 5035.6
1 227 599 4786.4
1 226 600 4700.2
1 226 601 4698.2
1 226 602 4696.9
1 226 603 4697.6
1 225 604 4268.5
1 224 605 4268.5
1 223 606 4290.4
1 222 607 4310.8
1 223 605 4275.0
1 114 114 -16861.9
1 117 120 -936.9019999999999
1 121 111 -75878.7
1 121 113 -61827.1
1 124 115 -14473.2
1 125 116 -41873.8
1 126 120 -30211.0
1 129 121 -26698.1
1 130 122 -655.872
1 133 112 -29508.4
1 135 194 -655.872
1 138 201 -7025.81
1 139 168 -3512.9
1 140 168 -9555.1
1 141 191 -15175.7
1 143 126 -37236.8
1 143 172 -9133.55
1 143 190 -13208.5
1 144 166 -14192.1
1 144 172 -24309.3
1 144 182 -32740.3
1 144 190 -10257.7
1 145 161 -20796.4
1 145 164 -281.03
1 146 117 -10819.7
1 146 188 -421.55
1 146 190 -15035.2
1 147 132 -30492.0
1 147 145 -655.872
1 148 167 -22763.6
1 148 176 -45340.0
1 148 196 -46791.9
1 149 145 -19531.7
1 149 146 -21077.4
1 150 124 -1264.65
1 150 128 -140.52
1 150 141 -2669.81
1 150 198 -16018.8
1 151 142 -6744.77
1 151 195 -14894.7
1 152 123 -8571.48
1 152 125 -1498.97
1 152 132 -3887.74
1 153 133 -140.52
1 153 142 -50304.8
1 153 192 -24028.3
1 154 125 -281.03
1 154 171 -7681.68
1 154 249 -8149.94
1 155 112 -21077.4
1 155 129 -5339.61
1 155 141 -52553.0
1 156 129 -130539.0
1 156 146 -21358.4
1 157 116 -14613.7
1 157 135 -20984.0
1 157 140 -47353.9
1 157 251 -10960.3
1 158 133 -9227.35
1 158 137 -18688.7
1 158 181 -73489.9
1 159 119 -44403.1
1 159 173 -22482.6
1 160 119 -10679.2
1 161 125 -1124.13
1 161 129 -140.52
1 161 140 -1686.19
1 161 188 -29789.4
1 162 119 -3372.39
1 162 121 -54941.8
1 162 128 -147261.0
1 162 132 -19531.7
1 162 140 -702.58
1 162 167 -140.52
1 162 169 -1967.23
1 163 138 -3325.68
1 163 139 -140.52
1 164 135 -11803.3
1 164 187 -32880.8
1 165 130 -25855.0
1 165 131 -843.1
1 166 126 -23325.7
1 167 259 -562.06
1 168 123 -3091.35
1 168 208 -8852.52
1 169 163 -41452.3
1 170 131 -16861.9
1 170 132 -1686.19
1 170 163 -17705.0
1 171 131 -15737.8
1 171 132 -20374.8
1 172 130 -23887.7
1 172 218 -40609.2
1 174 123 -12505.9
1 174 135 -12365.4
1 175 134 -28103.2
1 175 204 -421.55
1 176 176 -9274.06
1 176 202 -4777.55
1 177 133 -55644.4
1 177 211 -13349.0
1 178 164 -53536.6
1 178 261 -13068.0
1 179 181 -58033.2
1 179 183 -20936.9
1 180 208 -30492.0
1 183 184 -52693.6
1 187 200 -34145.4
1 187 281 -3231.87
1 188 198 -22482.6
1 188 209 -20655.9
1 188 240 -13630.1
1 188 258 -11943.9
1 189 282 -4918.06
1 190 281 -12927.5
1 191 191 -56206.4
1 191 281 -12927.5
1 193 256 -2529.29
1 193 260 -15972.3
1 195 276 -140.52
1 197 252 -4074.97
1 198 297 -983.61
1 198 298 -655.872
1 199 211 -33161.8
1 199 231 -6323.23
1 199 298 -655.872
1 200 298 -655.872
1 201 234 -140.52
1 203 275 -14894.7
1 203 280 -2669.81
1 204 248 -16168.5
1 205 300 -680.092
1 206 286 -3576.19
1 206 300 -1311.74
1 210 264 -421.55
1 211 255 -13208.5
1 211 332 -5719.01
1 212 226 -1967.23
1 212 258 -1826.71
1 213 264 -421.55
1 213 300 -2669.81
1 214 240 -24871.3
1 215 260 -17424.0
1 216 238 -15175.7
1 216 267 -8430.97
1 217 365 -983.61
1 218 179 -70820.1
1 219 310 -983.61
1 221 223 -9695.61
1 221 246 -3091.35
1 221 284 -10699.4
1 222 352 -15326.5
1 222 358 -1264.65
1 222 369 -15597.3
1 223 271 -5199.1
1 224 301 -7306.84
1 224 374 -5193.25
1 226 311 -4637.03
1 226 331 -48621.0
1 226 350 -181.87
1 226 365 -2111.99
1 226 382 -13529.8
1 227 270 -1686.19
1 228 225 -20234.3
1 230 255 -11662.8
1 230 361 -10538.7
1 231 401 -796.3919999999999
1 232 364 -171.85
1 232 370 -13706.6
1 233 337 -655.872
1 233 394 -1311.74
1 233 399 -85855.4
1 234 304 -3557.8
1 234 393 -655.872
1 235 338 -140.52
1 235 400 -2107.74
1 235 605 -6730.72
1 235 609 -31356.7
1 236 263 -2950.84
1 236 351 -4496.52
1 236 609 -96.05
1 237 237 -4918.06
1 237 316 -19401.9
1 237 357 -3315.28
1 237 389 -655.872
1 238 221 -983.61
1 238 398 -4.39
1 238 605 -3279.36
1 238 609 -1379.69
1 239 250 -140.52
1 239 338 -4356.0
1 239 426 -843.1
1 239 605 -3279.36
1 239 606 -1967.62
1 239 619 -655.872
1 240 380 -655.872
1 240 426 -655.872
1 240 608 -2623.49
1 241 335 -6744.77
1 241 342 -8009.42
1 241 358 -421.55
1 241 604 -655.872
1 242 311 -5761.16
1 243 357 -7025.81
1 243 371 -10140.7
1 243 389 -2669.81
1 243 422 -140.52
1 243 431 -27.37
1 243 605 -3279.36
1 244 431 -56.94
1 244 605 -3935.23
1 244 621 -1311.74
1 245 238 -20374.8
1 245 322 -17364.7
1 245 337 -796.3919999999999
1 245 621 -655.872
1 246 321 -3833.98
1 246 618 -1967.62
1 247 344 -655.872
1 247 383 -9568.52
1 247 384 -2329870.0
1 248 251 -21005.1
1 248 436 -4356.0
1 248 444 -23153.3
1 248 589 -4074.97
1 249 373 -655.872
1 249 389 -1967.23
1 249 424 -9367.87
1 249 430 -18350.5
1 249 436 -3067.97
1 249 606 -3279.36
1 250 239 -11241.3
1 250 326 -2351.6
1 250 424 -655.872
1 250 425 -702300.0
1 250 431 -22146.3
1 250 595 -2248.65
1 251 300 -11241.3
1 251 333 -929.81
1 251 356 -19599.3
1 251 408 -477.75
1 251 456 -796.3919999999999
1 251 457 -26.68
1 251 594 -655.872
1 251 595 -716.262
1 251 596 -1311.74
1 252 230 -7306.84
1 252 285 -4777.55
1 252 329 -28117.2
1 252 450 -1264.65
1 252 595 -655.872
1 252 606 -655.872
1 253 298 -421.55
1 253 331 -13844.1
1 253 332 -17266.2
1 253 416 -140.52
1 253 420 -5633.72
1 253 445 -118200.0
1 254 338 -562.06
1 254 367 -702.58
1 254 407 -149.07
1 254 597 -655.872
1 254 607 -4168.77
1 255 381 -26417.0
1 255 383 -40749.7
1 255 388 -36253.2
1 255 395 -2248.26
1 255 420 -8571.48
1 255 439 -17424.0
1 255 443 -17149.9
1 255 595 -655.872
1 255 596 -655.872
1 255 606 -655.872
1 255 609 -47370.3
1 255 610 -7543.71
1 256 314 -7719.27
1 256 335 -7025.81
1 256 341 -562.06
1 256 370 -6760.02
1 256 413 -3372.39
1 256 586 -46373.5
1 256 593 -2623.49
1 257 238 -1124.13
1 257 324 -378.05
1 257 413 -3793.94
1 257 576 -4519.07
1 257 599 -14397.6
1 257 600 -65902.1
1 258 325 -12343.0
1 258 336 -3116.39
1 258 418 -883.53
1 258 420 -103373.0
1 258 442 -453113.0
1 258 464 -843.1
1 258 585 -3935.23
1 258 595 -1311.74
1 258 601 -23466.2
1 258 602 -97229.7
1 259 340 -11194.6
1 259 371 -2194.76
1 259 405 -110759.0
1 259 588 -24187.6
1 259 592 -1086.85
1 259 593 -928.682
1 260 342 -5480.13
1 260 349 -983.61
1 260 407 -3100740.0
1 260 413 -109999.0
1 260 424 -1030.86
1 260 463 -94145.8
1 260 464 -28243.7
1 260 585 -51879.3
1 260 586 -63020.1
1 260 587 -44894.9
1 261 337 -4777.55
1 261 355 -5339.61
1 261 381 -265908.0
1 261 395 -5301.17
1 261 416 -25714.4
1 261 418 -655.872
1 261 429 -46982.2
1 261 464 -47775.5
1 261 492 -655.872
1 261 571 -17283.5
1 261 576 -45156.4
1 262 345 -2810.32
1 262 449 -421.55
1 262 540 -264.64
1 262 564 -6884.48
1 262 567 -32306.4
1 262 568 -21217.9
1 262 570 -301126.0
1 262 571 -4918.06
1 263 340 -843.1
1 263 471 -7447.35
1 263 477 -2669.81
1 263 520 -1311.74
1 263 574 -562.06
1 263 582 -5002.19
1 264 265 -140.52
1 264 344 -3091.35
1 264 345 -2950.84
1 264 367 -655.872
1 264 383 -9124.79
1 264 407 -4356.0
1 264 428 -109489.0
1 264 468 -61.31
1 264 471 -10960.3
1 264 476 -149931.0
1 264 477 -2529.29
1 264 523 -2529.68
1 264 524 -702.58
1 264 549 -3504.66
1 265 364 -9575.01
1 265 374 -115686.0
1 265 380 -60.69
1 265 422 -7951.76
1 265 523 -3981.83
1 266 337 -655.872
1 266 340 -1264.65
1 266 462 -421.55
1 267 391 -16721.4
1 267 463 -3091.35
1 267 555 -796.3919999999999
1 267 556 -655.872
1 268 333 -3793.94
1 268 334 -2248.26
1 268 436 -1512160.0
1 268 455 -25.27
1 268 479 -1124.13
1 268 480 -140.52
1 268 489 -6738.9
1 269 363 -655.872
1 269 397 -22763.6
1 269 450 -2950.84
1 269 456 -5196.71
1 269 483 -140.52
1 269 541 -655.872
1 270 337 -562.06
1 270 397 -22061.0
1 270 412 -113975.0
1 270 417 -58312.9
1 270 429 -919.59
1 270 481 -655.872
1 270 483 -1116.25
1 270 484 -655.872
1 270 486 -3147.66
1 270 498 -28103.2
1 270 539 -140.52
1 271 319 -40738.9
1 271 335 -421.55
1 271 368 -8430.97
1 271 415 -99838.8
1 271 451 -2810.32
1 271 485 -289.16
1 271 493 -83231.0
1 271 498 -176769.0
1 271 537 -24383.6
1 272 336 -13.28
1 272 337 -17441.6
1 272 351 -140.52
1 272 366 -140.52
1 272 368 -30718.5
1 272 388 -938396.0
1 272 450 -5339.61
1 272 451 -20093.8
1 272 453 -562.06
1 272 462 -1149030.0
1 272 490 -562.06
1 272 497 -31298.9
1 272 498 -702.58
1 272 530 -12062.3
1 272 532 -44718.2
1 272 535 -8325.96
1 273 363 -6182.71
1 273 392 -22.97
1 273 410 -983.61
1 273 480 -5761.16
1 273 510 -655.872
1 273 516 -18190.5
1 273 517 -489876.0
1 273 518 -525.62
1 274 409 -2248.26
1 274 520 -25292.9
1 274 523 -1967.23
1 275 367 -76721.8
1 275 441 -254898.0
1 275 450 -13349.0
1 275 506 -140.52
1 276 364 -8149.94
1 276 366 -44824.6
1 276 392 -281.03
1 276 446 -3372.39
1 276 474 -27635.3
1 277 294 -74136.9
1 277 390 -2529.29
1 277 407 -153292.0
1 277 431 -5993.72
1 277 454 -140.52
1 277 468 -140.52
1 277 472 -9455.21
1 277 480 -61413.2
1 278 365 -12646.5
1 278 435 -14.85
1 278 482 -7306.84
1 279 310 -24931.1
1 279 336 -3934.45
1 279 388 -223.56
1 279 433 -156644.0
1 279 438 -271685.0
1 279 449 -1545.68
1 279 475 -126966.0
1 279 485 -14332.7
1 280 365 -1405.16
1 280 433 -20330.4
1 280 442 -8290.45
1 280 469 -7993.2
1 280 471 -51200.9
1 281 386 -29.43
1 281 388 -207.93
1 281 458 -2143880.0
1 282 409 -6323.23
1 282 424 -2950.84
1 282 430 -843.1
1 282 436 -2871.38
1 282 454 -777.74
1 282 457 -221.6
1 283 354 -562.06
1 283 429 -351993.0
1 283 449 -56545.9
1 283 452 -15102.3
1 283 455 -83697.3
1 283 468 -46237.1
1 284 339 -61590.2
1 284 457 -6463.74
1 284 463 -10547.4
1 284 481 -4063.57
1 285 336 -702.58
1 285 374 -1405.16
1 285 467 -98433.4
1 285 475 -286.87
1 286 330 -51662.3
1 286 425 -158593.0
1 286 475 -21280.0
1 286 477 -50986.2
1 287 329 -1761.95
1 287 388 -43734.7
1 287 426 -249385.0
1 287 477 -84299.4
1 288 372 -7025.81
1 288 419 -10538.7
1 288 423 -903.24
1 288 426 -655.872
1 289 351 -4637.03
1 289 404 -184148.0
1 289 459 -277594.0
1 289 468 -17473.7
1 290 374 -16721.4
1 290 382 -40200.6
1 290 402 -2561.06
1 290 411 -6042.19
1 290 412 -23064.8
1 290 413 -21499.0
1 290 420 -476.14
1 290 477 -226914.0
1 291 350 -702.58
1 291 355 -30464.6
1 291 373 -2529.29
1 291 397 -261.88
1 291 419 -1524530.0
1 292 361 -2810.32
1 292 365 -21920.5
1 292 416 -843.1
1 292 469 -33996.5
1 294 435 -14192.1
1 294 447 -24593.4
1 294 458 -12811.2
1 295 391 -4074.97
1 295 430 -1196300.0
1 296 388 -1106.27
1 296 398 -7122.6
1 296 406 -20487.7
1 296 433 -9414.58
1 297 381 -2669.81
1 297 383 -1967.23
1 297 395 -109808.0
1 297 401 -8522.71
1 297 402 -86.25
1 297 413 -1555010.0
1 297 415 -68993.4
1 297 442 -67697.6
1 298 389 -562.06
1 299 354 -562.06
1 299 355 -1405.16
1 299 387 -486.36
1 334 405 -24028.3
1 102 110 -655.872
1 102 113 -655.872
1 103 100 -655.872
1 103 104 -655.872
1 104 115 -655.872
1 105 115 -655.872
1 105 139 -655.872
1 108 117 -655.872
1 109 112 -655.872
1 111 155 -655.872
1 111 208 -655.872
1 112 181 -655.872
1 113 111 -655.872
1 113 159 -655.872
1 113 211 -655.872
1 114 173 -655.872
1 114 212 -1311.74
1 115 212 -1311.74
1 116 121 -655.872
1 116 150 -655.872
1 116 166 -655.872
1 117 119 -655.872
1 117 168 -655.872
1 117 210 -655.872
1 119 194 -655.872
1 119 202 -655.872
1 119 96 -655.872
1 120 155 -655.872
1 120 94 -655.872
1 121 187 -655.872
1 123 110 -655.872
1 123 111 -655.872
1 123 158 -655.872
1 123 168 -655.872
1 123 193 -655.872
1 123 202 -1311.74
1 125 150 -655.872
1 125 151 -655.872
1 125 193 -655.872
1 125 194 -655.872
1 126 121 -655.872
1 126 191 -655.872
1 126 195 -655.872
1 127 150 -655.872
1 127 160 -655.872
1 127 169 -655.872
1 127 195 -655.872
1 127 199 -1311.74
1 128 122 -655.872
1 128 148 -655.872
1 128 149 -655.872
1 128 152 -655.872
1 128 153 -655.872
1 128 154 -655.872
1 128 157 -655.872
1 128 199 -655.872
1 129 117 -655.872
1 129 119 -655.872
1 129 122 -655.872
1 129 146 -655.872
1 129 154 -1311.74
1 129 162 -655.872
1 129 176 -655.872
1 130 120 -655.872
1 130 154 -655.872
1 130 155 -655.872
1 130 156 -1967.62
1 130 194 -655.872
1 131 112 -655.872
1 131 121 -655.872
1 131 122 -655.872
1 131 150 -655.872
1 131 156 -655.872
1 131 157 -655.872
1 131 158 -655.872
1 131 161 -1311.74
1 131 198 -655.872
1 132 112 -655.872
1 132 155 -655.872
1 132 156 -655.872
1 132 160 -655.872
1 132 161 -1311.74
1 133 155 -655.872
1 133 159 -655.872
1 133 160 -1311.74
1 133 192 -1311.74
1 133 193 -655.872
1 134 148 -655.872
1 134 150 -655.872
1 134 151 -655.872
1 134 156 -655.872
1 134 191 -655.872
1 134 193 -2623.49
1 135 148 -3279.36
1 135 149 -1311.74
1 135 156 -655.872
1 135 157 -655.872
1 135 193 -1967.62
1 136 147 -655.872
1 136 148 -655.872
1 136 149 -655.872
1 136 150 -1311.74
1 136 153 -655.872
1 136 155 -655.872
1 137 148 -655.872
1 137 150 -655.872
1 137 153 -1311.74
1 137 154 -655.872
1 137 157 -1967.62
1 137 175 -655.872
1 137 206 -655.872
1 138 151 -655.872
1 138 152 -655.872
1 138 153 -1967.62
1 138 168 -655.872
1 138 169 -655.872
1 139 151 -655.872
1 140 138 -655.872
1 140 155 -2623.49
1 140 156 -655.872
1 140 171 -655.872
1 140 180 -655.872
1 141 149 -655.872
1 141 154 -1311.74
1 141 157 -655.872
1 141 171 -655.872
1 141 199 -1311.74
1 142 155 -655.872
1 142 156 -655.872
1 142 157 -655.872
1 142 158 -655.872
1 142 174 -655.872
1 142 179 -655.872
1 142 201 -655.872
1 143 146 -655.872
1 143 157 -1967.62
1 144 142 -1311.74
1 144 173 -655.872
1 145 142 -655.872
1 145 143 -655.872
1 145 151 -655.872
1 145 187 -655.872
1 145 226 -655.872
1 146 140 -655.872
1 146 141 -1311.74
1 146 145 -655.872
1 146 208 -655.872
1 146 229 -655.872
1 146 230 -655.872
1 146 232 -655.872
1 147 139 -1967.62
1 147 140 -655.872
1 147 141 -655.872
1 147 142 -655.872
1 147 229 -655.872
1 147 230 -655.872
1 147 233 -655.872
1 147 239 -655.872
1 147 240 -655.872
1 148 217 -655.872
1 148 221 -655.872
1 149 127 -655.872
1 149 147 -655.872
1 149 154 -655.872
1 149 222 -655.872
1 149 253 -655.872
1 150 160 -655.872
1 150 164 -655.872
1 150 177 -655.872
1 150 227 -655.872
1 150 236 -655.872
1 151 128 -655.872
1 151 228 -655.872
1 152 153 -655.872
1 152 173 -655.872
1 152 176 -655.872
1 152 222 -655.872
1 152 228 -655.872
1 153 126 -655.872
1 153 136 -655.872
1 153 155 -655.872
1 153 232 -655.872
1 153 238 -655.872
1 153 253 -655.872
1 154 126 -655.872
1 154 133 -655.872
1 154 161 -655.872
1 154 172 -655.872
1 154 220 -655.872
1 154 244 -655.872
1 155 170 -1311.74
1 155 216 -655.872
1 155 262 -655.872
1 156 160 -655.872
1 156 211 -655.872
1 156 223 -655.872
1 157 132 -655.872
1 157 133 -655.872
1 157 134 -1967.62
1 157 136 -655.872
1 157 194 -655.872
1 157 207 -655.872
1 157 240 -655.872
1 158 135 -655.872
1 158 248 -655.872
1 159 152 -655.872
1 159 231 -655.872
1 159 240 -655.872
1 159 247 -655.872
1 159 248 -655.872
1 159 250 -655.872
1 159 251 -655.872
1 159 257 -655.872
1 160 133 -655.872
1 160 249 -1311.74
1 160 251 -1311.74
1 160 252 -655.872
1 160 253 -655.872
1 160 262 -655.872
1 161 144 -1311.74
1 161 251 -655.872
1 161 253 -655.872
1 162 137 -1311.74
1 162 252 -1311.74
1 162 253 -655.872
1 163 152 -655.872
1 163 190 -655.872
1 163 236 -655.872
1 164 278 -655.872
1 164 290 -655.872
1 164 299 -655.872
1 165 133 -1311.74
1 165 134 -1311.74
1 165 135 -655.872
1 165 290 -655.872
1 166 131 -655.872
1 166 132 -655.872
1 166 133 -1311.74
1 166 134 -655.872
1 166 135 -655.872
1 166 210 -655.872
1 166 254 -655.872
1 166 255 -655.872
1 167 127 -655.872
1 167 132 -1311.74
1 167 133 -1311.74
1 167 134 -1967.62
1 167 256 -655.872
1 167 288 -655.872
1 167 294 -655.872
1 168 130 -655.872
1 168 131 -655.872
1 168 132 -2623.49
1 168 133 -2623.49
1 168 286 -655.872
1 168 287 -1311.74
1 168 291 -1311.74
1 169 128 -1311.74
1 169 129 -2623.49
1 169 131 -655.872
1 169 132 -3279.36
1 169 133 -1967.62
1 169 134 -5902.85
1 169 135 -655.872
1 169 236 -655.872
1 169 260 -655.872
1 169 271 -655.872
1 169 287 -655.872
1 169 290 -655.872
1 170 133 -1967.62
1 170 134 -7870.46
1 170 136 -655.872
1 170 187 -655.872
1 170 256 -655.872
1 170 287 -655.872
1 170 292 -655.872
1 171 133 -1311.74
1 171 134 -655.872
1 171 136 -3279.36
1 171 290 -655.872
1 172 257 -655.872
1 172 284 -655.872
1 172 295 -1311.74
1 172 311 -655.872
1 173 258 -655.872
1 173 278 -655.872
1 173 290 -655.872
1 173 292 -655.872
1 173 293 -1311.74
1 173 294 -655.872
1 174 124 -655.872
1 174 253 -655.872
1 174 261 -655.872
1 174 270 -655.872
1 174 283 -655.872
1 174 289 -655.872
1 174 293 -655.872
1 175 260 -655.872
1 175 288 -655.872
1 175 292 -1311.74
1 175 293 -655.872
1 175 296 -655.872
1 175 305 -655.872
1 176 274 -655.872
1 176 305 -655.872
1 177 289 -655.872
1 177 290 -655.872
1 178 243 -655.872
1 178 280 -655.872
1 178 285 -655.872
1 178 302 -655.872
1 178 305 -655.872
1 178 306 -655.872
1 178 311 -655.872
1 179 278 -655.872
1 179 285 -655.872
1 180 149 -655.872
1 180 286 -655.872
1 181 297 -655.872
1 181 307 -655.872
1 181 308 -655.872
1 183 242 -655.872
1 183 285 -655.872
1 183 295 -655.872
1 183 308 -655.872
1 183 309 -655.872
1 183 318 -655.872
1 184 263 -655.872
1 184 285 -655.872
1 184 313 -655.872
1 184 319 -655.872
1 185 257 -655.872
1 185 305 -655.872
1 185 306 -655.872
1 185 307 -655.872
1 185 315 -655.872
1 186 255 -655.872
1 186 265 -655.872
1 186 307 -1311.74
1 186 310 -655.872
1 188 262 -655.872
1 188 294 -655.872
1 188 295 -655.872
1 189 295 -655.872
1 189 309 -655.872
1 190 307 -655.872
1 190 308 -655.872
1 190 324 -655.872
1 191 292 -1311.74
1 191 304 -655.872
1 191 305 -655.872
1 192 258 -655.872
1 192 284 -655.872
1 192 304 -655.872
1 192 316 -655.872
1 192 319 -655.872
1 193 262 -655.872
1 193 301 -655.872
1 193 311 -655.872
1 193 313 -1311.74
1 194 284 -655.872
1 194 313 -655.872
1 195 269 -655.872
1 195 287 -655.872
1 195 289 -655.872
1 195 300 -655.872
1 195 311 -655.872
1 195 313 -655.872
1 196 269 -655.872
1 196 275 -655.872
1 196 303 -655.872
1 196 324 -655.872
1 196 333 -655.872
1 197 264 -655.872
1 197 283 -655.872
1 197 300 -655.872
1 197 322 -655.872
1 197 325 -655.872
1 198 242 -655.872
1 198 276 -1311.74
1 198 309 -655.872
1 198 311 -655.872
1 199 283 -655.872
1 199 311 -655.872
1 199 324 -655.872
1 200 280 -655.872
1 200 286 -655.872
1 200 296 -655.872
1 200 299 -655.872
1 200 306 -655.872
1 200 307 -655.872
1 200 312 -655.872
1 200 343 -655.872
1 200 345 -655.872
1 201 257 -655.872
1 202 280 -655.872
1 202 287 -655.872
1 202 297 -655.872
1 202 301 -655.872
1 202 302 -655.872
1 203 215 -655.872
1 203 304 -655.872
1 203 305 -655.872
1 203 309 -655.872
1 203 315 -655.872
1 205 263 -655.872
1 205 303 -655.872
1 205 304 -655.872
1 205 317 -655.872
1 205 318 -655.872
1 205 319 -655.872
1 206 264 -655.872
1 206 270 -655.872
1 206 301 -655.872
1 206 304 -655.872
1 206 315 -655.872
1 206 317 -1311.74
1 207 262 -655.872
1 207 300 -655.872
1 207 301 -1311.74
1 207 303 -655.872
1 207 304 -655.872
1 207 306 -1311.74
1 207 315 -655.872
1 207 317 -655.872
1 208 298 -1311.74
1 208 299 -1311.74
1 208 306 -655.872
1 208 317 -655.872
1 208 328 -655.872
1 209 284 -655.872
1 209 297 -655.872
1 209 302 -655.872
1 210 284 -655.872
1 210 301 -655.872
1 210 302 -655.872
1 210 342 -655.872
1 211 301 -655.872
1 211 321 -655.872
1 212 295 -655.872
1 212 347 -655.872
1 213 226 -655.872
1 213 287 -655.872
1 213 303 -655.872
1 213 329 -655.872
1 214 319 -655.872
1 215 289 -655.872
1 215 311 -655.872
1 215 353 -655.872
1 216 323 -655.872
1 216 341 -655.872
1 217 244 -655.872
1 217 249 -655.872
1 217 351 -655.872
1 218 209 -655.872
1 218 243 -655.872
1 218 292 -655.872
1 218 345 -1311.74
1 221 240 -655.872
1 221 611 -655.872
1 222 254 -655.872
1 222 362 -655.872
1 224 338 -655.872
1 224 359 -655.872
1 225 323 -655.872
1 225 329 -655.872
1 225 332 -655.872
1 225 368 -655.872
1 225 373 -655.872
1 225 378 -655.872
1 225 382 -1311.74
1 226 323 -655.872
1 226 388 -1311.74
1 226 618 -655.872
1 227 315 -655.872
1 228 606 -655.872
1 229 385 -1311.74
1 229 392 -655.872
1 229 393 -655.872
1 229 397 -2623.49
1 229 618 -3279.36
1 230 338 -655.872
1 230 373 -1311.74
1 230 384 -655.872
1 230 392 -1311.74
1 230 393 -2623.49
1 230 396 -655.872
1 230 605 -655.872
1 231 343 -655.872
1 231 383 -655.872
1 231 392 -3279.36
1 231 393 -7214.59
1 231 398 -655.872
1 231 603 -655.872
1 231 607 -1311.74
1 232 259 -655.872
1 232 300 -655.872
1 232 384 -655.872
1 232 389 -655.872
1 232 393 -3935.23
1 232 394 -2623.49
1 232 405 -655.872
1 232 604 -1311.74
1 232 606 -1311.74
1 232 607 -1967.62
1 232 608 -655.872
1 233 373 -655.872
1 233 393 -655.872
1 233 403 -655.872
1 233 406 -2623.49
1 233 601 -1311.74
1 233 602 -655.872
1 234 374 -655.872
1 234 388 -655.872
1 234 389 -655.872
1 234 406 -1967.62
1 234 407 -1311.74
1 234 601 -655.872
1 234 602 -1311.74
1 234 603 -1967.62
1 234 604 -655.872
1 234 605 -1311.74
1 234 606 -655.872
1 234 609 -655.872
1 234 620 -655.872
1 234 621 -655.872
1 235 342 -655.872
1 235 368 -655.872
1 235 389 -655.872
1 235 392 -655.872
1 235 404 -655.872
1 235 406 -655.872
1 235 599 -655.872
1 235 600 -1311.74
1 235 602 -1967.62
1 235 603 -655.872
1 235 606 -655.872
1 235 608 -655.872
1 236 256 -655.872
1 236 359 -655.872
1 236 377 -1311.74
1 236 378 -655.872
1 236 389 -1311.74
1 236 600 -655.872
1 236 601 -655.872
1 236 602 -1311.74
1 236 605 -655.872
1 236 606 -655.872
1 236 607 -655.872
1 236 620 -655.872
1 237 330 -655.872
1 237 377 -655.872
1 237 384 -655.872
1 237 388 -655.872
1 237 605 -1311.74
1 237 606 -1967.62
1 237 607 -1311.74
1 237 608 -3279.36
1 237 609 -1967.62
1 237 620 -655.872
1 238 346 -655.872
1 238 391 -655.872
1 238 410 -655.872
1 238 602 -655.872
1 238 603 -655.872
1 238 606 -3279.36
1 238 607 -3935.23
1 238 608 -2623.49
1 238 610 -655.872
1 239 297 -655.872
1 239 323 -655.872
1 239 404 -655.872
1 239 601 -655.872
1 239 603 -655.872
1 239 607 -1311.74
1 239 608 -2623.49
1 239 609 -1967.62
1 239 610 -1311.74
1 239 615 -1311.74
1 240 267 -655.872
1 240 319 -655.872
1 240 327 -655.872
1 240 352 -655.872
1 240 374 -1311.74
1 240 392 -1311.74
1 240 396 -655.872
1 240 406 -655.872
1 240 603 -655.872
1 240 605 -1967.62
1 240 606 -2623.49
1 240 607 -1311.74
1 240 620 -1311.74
1 240 621 -655.872
1 241 339 -655.872
1 241 352 -655.872
1 241 370 -1311.74
1 241 375 -655.872
1 241 409 -655.872
1 241 577 -655.872
1 241 603 -1311.74
1 241 605 -1967.62
1 241 606 -1311.74
1 241 607 -1311.74
1 241 608 -1311.74
1 241 609 -3279.36
1 241 610 -655.872
1 241 611 -655.872
1 241 620 -655.872
1 241 621 -655.872
1 242 314 -655.872
1 242 318 -655.872
1 242 336 -655.872
1 242 338 -655.872
1 242 339 -655.872
1 242 373 -1967.62
1 242 374 -3935.23
1 242 406 -1311.74
1 242 603 -1311.74
1 242 604 -4591.1
1 242 605 -5902.85
1 242 606 -1967.62
1 242 607 -3279.36
1 242 608 -3279.36
1 242 609 -1967.62
1 242 610 -1967.62
1 242 616 -655.872
1 242 622 -655.872
1 242 623 -1967.62
1 243 366 -655.872
1 243 369 -655.872
1 243 372 -1311.74
1 243 373 -5246.97
1 243 374 -1967.62
1 243 386 -655.872
1 243 391 -655.872
1 243 405 -655.872
1 243 406 -655.872
1 243 407 -1311.74
1 243 409 -655.872
1 243 577 -655.872
1 243 606 -4591.1
1 243 607 -3279.36
1 243 608 -1311.74
1 243 609 -3935.23
1 243 620 -655.872
1 243 622 -1311.74
1 243 623 -5246.97
1 244 371 -655.872
1 244 372 -1311.74
1 244 373 -1967.62
1 244 415 -655.872
1 244 598 -655.872
1 244 606 -2623.49
1 244 607 -655.872
1 244 611 -655.872
1 244 616 -655.872
1 244 622 -655.872
1 244 623 -2623.49
1 244 624 -655.872
1 245 312 -655.872
1 245 315 -655.872
1 245 326 -655.872
1 245 335 -655.872
1 245 338 -655.872
1 245 356 -1311.74
1 245 371 -655.872
1 245 413 -655.872
1 245 586 -655.872
1 245 604 -655.872
1 245 605 -1967.62
1 245 606 -3279.36
1 245 607 -2623.49
1 245 609 -3279.36
1 245 610 -1311.74
1 245 612 -1311.74
1 245 616 -1311.74
1 245 619 -655.872
1 245 620 -1311.74
1 245 622 -655.872
1 246 214 -655.872
1 246 342 -655.872
1 246 356 -655.872
1 246 357 -655.872
1 246 374 -655.872
1 246 413 -655.872
1 246 590 -655.872
1 246 599 -655.872
1 246 600 -3935.23
1 246 605 -2623.49
1 246 606 -4591.1
1 246 607 -2623.49
1 246 610 -655.872
1 246 612 -1311.74
1 246 614 -655.872
1 246 615 -655.872
1 246 623 -655.872
1 247 314 -655.872
1 247 331 -655.872
1 247 367 -1311.74
1 247 368 -3279.36
1 247 387 -1311.74
1 247 413 -655.872
1 247 578 -655.872
1 247 597 -655.872
1 247 598 -4591.1
1 247 599 -3935.23
1 247 600 -6558.72
1 247 601 -6558.72
1 247 605 -1311.74
1 247 609 -1311.74
1 247 610 -1311.74
1 247 611 -2623.49
1 247 612 -2623.49
1 247 613 -1311.74
1 247 618 -1311.74
1 247 619 -655.872
1 247 623 -655.872
1 248 307 -655.872
1 248 367 -655.872
1 248 368 -2623.49
1 248 371 -1311.74
1 248 372 -3279.36
1 248 387 -1311.74
1 248 388 -3935.23
1 248 413 -655.872
1 248 416 -655.872
1 248 529 -655.872
1 248 567 -655.872
1 248 596 -4591.1
1 248 597 -3279.36
1 248 598 -6558.72
1 248 599 -3935.23
1 248 600 -2623.49
1 248 601 -3935.23
1 248 602 -1967.62
1 248 605 -655.872
1 248 608 -655.872
1 248 609 -1311.74
1 248 610 -1967.62
1 248 611 -3935.23
1 248 612 -3935.23
1 248 613 -4591.1
1 248 618 -655.872
1 248 619 -655.872
1 248 620 -655.872
1 248 623 -1311.74
1 249 333 -655.872
1 249 334 -655.872
1 249 365 -1311.74
1 249 366 -1967.62
1 249 367 -655.872
1 249 368 -1967.62
1 249 371 -655.872
1 249 387 -655.872
1 249 388 -655.872
1 249 400 -655.872
1 249 412 -655.872
1 249 567 -655.872
1 249 593 -1311.74
1 249 595 -3935.23
1 249 596 -4591.1
1 249 597 -7214.59
1 249 603 -1967.62
1 249 604 -5246.97
1 249 605 -3279.36
1 249 607 -2623.49
1 249 609 -655.872
1 249 610 -1311.74
1 249 611 -3279.36
1 249 612 -5902.85
1 249 613 -1311.74
1 249 618 -655.872
1 249 623 -655.872
1 250 331 -655.872
1 250 355 -655.872
1 250 365 -1311.74
1 250 366 -3279.36
1 250 367 -1967.62
1 250 368 -655.872
1 250 369 -1311.74
1 250 370 -1311.74
1 250 371 -3935.23
1 250 382 -655.872
1 250 406 -655.872
1 250 413 -655.872
1 250 414 -655.872
1 250 423 -655.872
1 250 436 -655.872
1 250 568 -655.872
1 250 579 -655.872
1 250 591 -655.872
1 250 594 -655.872
1 250 596 -5246.97
1 250 597 -1311.74
1 250 602 -655.872
1 250 603 -4591.1
1 250 604 -3935.23
1 250 605 -2623.49
1 250 607 -655.872
1 250 608 -1967.62
1 250 609 -655.872
1 250 610 -655.872
1 250 613 -655.872
1 251 276 -655.872
1 251 322 -655.872
1 251 365 -1967.62
1 251 366 -5902.85
1 251 367 -1311.74
1 251 368 -1311.74
1 251 371 -655.872
1 251 379 -655.872
1 251 407 -655.872
1 251 414 -655.872
1 251 424 -655.872
1 251 598 -655.872
1 251 604 -655.872
1 251 605 -655.872
1 251 607 -655.872
1 251 610 -655.872
1 252 236 -655.872
1 252 365 -1967.62
1 252 366 -4591.1
1 252 367 -4591.1
1 252 368 -1311.74
1 252 376 -655.872
1 252 412 -655.872
1 252 416 -655.872
1 252 428 -655.872
1 252 506 -655.872
1 252 507 -655.872
1 252 528 -655.872
1 252 534 -655.872
1 252 544 -655.872
1 252 576 -655.872
1 252 591 -1311.74
1 252 596 -1311.74
1 252 597 -1311.74
1 252 598 -655.872
1 252 599 -1311.74
1 252 608 -1311.74
1 252 609 -655.872
1 252 611 -655.872
1 252 620 -655.872
1 253 259 -655.872
1 253 342 -655.872
1 253 363 -655.872
1 253 365 -1311.74
1 253 366 -3935.23
1 253 367 -2623.49
1 253 370 -655.872
1 253 375 -1311.74
1 253 404 -655.872
1 253 433 -1311.74
1 253 506 -655.872
1 253 543 -655.872
1 253 546 -655.872
1 253 547 -655.872
1 253 566 -655.872
1 253 586 -1311.74
1 253 596 -655.872
1 253 597 -2623.49
1 253 601 -655.872
1 253 604 -655.872
1 253 605 -655.872
1 253 614 -1967.62
1 254 366 -1311.74
1 254 478 -655.872
1 254 581 -655.872
1 254 584 -655.872
1 254 585 -3935.23
1 254 586 -3279.36
1 254 587 -1967.62
1 254 588 -1967.62
1 254 589 -2623.49
1 254 598 -655.872
1 254 599 -655.872
1 254 601 -1311.74
1 254 604 -1311.74
1 254 605 -655.872
1 254 606 -655.872
1 254 611 -655.872
1 255 341 -655.872
1 255 346 -655.872
1 255 371 -655.872
1 255 402 -655.872
1 255 442 -655.872
1 255 445 -655.872
1 255 461 -655.872
1 255 479 -655.872
1 255 512 -655.872
1 255 513 -655.872
1 255 526 -655.872
1 255 547 -655.872
1 255 548 -655.872
1 255 565 -655.872
1 255 583 -1967.62
1 255 584 -2623.49
1 255 585 -2623.49
1 255 586 -2623.49
1 255 587 -1311.74
1 255 588 -655.872
1 255 591 -655.872
1 255 594 -655.872
1 255 597 -655.872
1 255 600 -1311.74
1 255 607 -655.872
1 256 346 -655.872
1 256 350 -655.872
1 256 367 -655.872
1 256 373 -655.872
1 256 374 -655.872
1 256 491 -655.872
1 256 526 -655.872
1 256 531 -1967.62
1 256 532 -655.872
1 256 547 -655.872
1 256 548 -1311.74
1 256 549 -655.872
1 256 575 -655.872
1 256 578 -1311.74
1 256 580 -655.872
1 256 584 -1967.62
1 256 585 -1311.74
1 256 592 -1311.74
1 256 594 -4591.1
1 256 595 -2623.49
1 256 607 -2623.49
1 256 608 -1311.74
1 256 609 -655.872
1 257 330 -655.872
1 257 461 -655.872
1 257 497 -655.872
1 257 503 -655.872
1 257 506 -655.872
1 257 512 -655.872
1 257 527 -1967.62
1 257 529 -655.872
1 257 532 -655.872
1 257 549 -655.872
1 257 574 -655.872
1 257 575 -1967.62
1 257 584 -1967.62
1 257 585 -1967.62
1 257 593 -1311.74
1 257 594 -5246.97
1 257 595 -2623.49
1 257 597 -1311.74
1 257 606 -4591.1
1 257 607 -655.872
1 258 307 -655.872
1 258 330 -655.872
1 258 366 -655.872
1 258 485 -1311.74
1 258 489 -1311.74
1 258 491 -655.872
1 258 493 -655.872
1 258 494 -655.872
1 258 496 -655.872
1 258 497 -655.872
1 258 498 -1967.62
1 258 499 -1311.74
1 258 502 -655.872
1 258 503 -655.872
1 258 529 -1311.74
1 258 531 -655.872
1 258 532 -655.872
1 258 533 -1311.74
1 258 535 -655.872
1 258 546 -655.872
1 258 550 -655.872
1 258 556 -1311.74
1 258 564 -655.872
1 258 576 -655.872
1 258 583 -655.872
1 258 584 -1967.62
1 258 586 -1967.62
1 258 594 -1967.62
1 258 606 -3279.36
1 258 607 -655.872
1 259 346 -655.872
1 259 369 -1311.74
1 259 402 -655.872
1 259 444 -655.872
1 259 456 -655.872
1 259 485 -655.872
1 259 486 -655.872
1 259 488 -655.872
1 259 489 -655.872
1 259 490 -1311.74
1 259 509 -1311.74
1 259 510 -655.872
1 259 522 -655.872
1 259 528 -655.872
1 259 529 -655.872
1 259 531 -655.872
1 259 532 -655.872
1 259 545 -655.872
1 259 549 -655.872
1 259 554 -1311.74
1 259 555 -1311.74
1 259 556 -1967.62
1 259 557 -1967.62
1 259 575 -2623.49
1 259 576 -655.872
1 259 579 -655.872
1 259 584 -655.872
1 259 585 -2623.49
1 259 586 -1311.74
1 260 369 -1311.74
1 260 404 -1311.74
1 260 443 -655.872
1 260 454 -655.872
1 260 485 -655.872
1 260 486 -1311.74
1 260 487 -655.872
1 260 492 -655.872
1 260 499 -655.872
1 260 502 -1311.74
1 260 517 -655.872
1 260 527 -655.872
1 260 545 -1967.62
1 260 548 -655.872
1 260 554 -655.872
1 260 556 -655.872
1 260 567 -655.872
1 260 576 -655.872
1 260 577 -655.872
1 261 397 -655.872
1 261 404 -655.872
1 261 444 -655.872
1 261 483 -655.872
1 261 487 -655.872
1 261 501 -655.872
1 261 502 -655.872
1 261 545 -655.872
1 261 551 -655.872
1 261 552 -655.872
1 261 565 -655.872
1 262 254 -655.872
1 262 353 -1311.74
1 262 369 -655.872
1 262 425 -655.872
1 262 443 -655.872
1 262 458 -655.872
1 262 483 -1311.74
1 262 493 -655.872
1 262 501 -655.872
1 262 502 -655.872
1 262 523 -655.872
1 262 524 -655.872
1 262 535 -655.872
1 262 536 -655.872
1 262 537 -655.872
1 262 542 -655.872
1 262 546 -655.872
1 262 584 -655.872
1 262 587 -655.872
1 263 355 -655.872
1 263 415 -655.872
1 263 484 -655.872
1 263 493 -655.872
1 263 509 -655.872
1 263 522 -655.872
1 263 523 -1311.74
1 263 524 -1311.74
1 263 541 -1311.74
1 263 542 -655.872
1 263 543 -655.872
1 263 546 -1311.74
1 263 576 -655.872
1 263 579 -655.872
1 263 581 -2623.49
1 264 369 -655.872
1 264 379 -655.872
1 264 481 -655.872
1 264 482 -655.872
1 264 493 -655.872
1 264 503 -655.872
1 264 504 -655.872
1 264 516 -655.872
1 264 521 -1967.62
1 264 527 -655.872
1 264 543 -2623.49
1 264 568 -655.872
1 264 575 -655.872
1 264 576 -1311.74
1 265 336 -655.872
1 265 367 -1311.74
1 265 457 -655.872
1 265 459 -655.872
1 265 511 -655.872
1 265 516 -655.872
1 265 520 -655.872
1 265 524 -655.872
1 265 568 -1311.74
1 266 314 -655.872
1 266 413 -655.872
1 266 456 -655.872
1 266 478 -655.872
1 266 481 -655.872
1 266 483 -655.872
1 266 484 -655.872
1 266 485 -655.872
1 266 492 -655.872
1 266 498 -655.872
1 266 505 -655.872
1 266 518 -655.872
1 266 523 -655.872
1 266 543 -655.872
1 266 545 -655.872
1 266 549 -655.872
1 266 555 -655.872
1 267 337 -655.872
1 267 365 -655.872
1 267 381 -655.872
1 267 459 -655.872
1 267 460 -1311.74
1 267 505 -655.872
1 267 507 -655.872
1 267 543 -655.872
1 267 544 -1311.74
1 267 549 -655.872
1 267 553 -1967.62
1 267 562 -655.872
1 268 507 -1311.74
1 268 540 -655.872
1 268 541 -655.872
1 268 542 -1311.74
1 268 543 -2623.49
1 268 544 -1311.74
1 268 549 -655.872
1 268 551 -655.872
1 268 552 -655.872
1 268 553 -655.872
1 269 362 -655.872
1 269 505 -1311.74
1 269 507 -655.872
1 269 528 -655.872
1 269 543 -655.872
1 269 547 -1311.74
1 270 474 -655.872
1 270 475 -1311.74
1 270 479 -655.872
1 270 491 -655.872
1 270 504 -655.872
1 270 507 -655.872
1 270 526 -655.872
1 271 375 -655.872
1 271 388 -655.872
1 271 479 -655.872
1 271 481 -655.872
1 271 487 -655.872
1 271 491 -655.872
1 271 526 -655.872
1 272 469 -655.872
1 272 493 -655.872
1 272 495 -1311.74
1 272 496 -655.872
1 272 502 -655.872
1 272 526 -1967.62
1 273 441 -655.872
1 273 462 -655.872
1 273 526 -655.872
1 275 463 -655.872
1 275 480 -655.872
1 275 502 -655.872
1 275 504 -655.872
1 276 502 -655.872
1 277 393 -655.872
1 279 459 -655.872
1 280 563 -655.872
1 282 434 -655.872
1 282 435 -655.872
1 283 461 -655.872
1 283 482 -655.872
1 283 483 -655.872
1 285 437 -655.872
1 285 482 -655.872
1 285 483 -655.872
1 286 377 -655.872
1 286 464 -655.872
1 288 469 -655.872
1 289 362 -655.872
1 289 443 -655.872
1 292 358 -655.872
1 293 390 -1967.62
1 293 391 -655.872
1 296 390 -655.872
1 301 359 -655.872
1 301 378 -655.872
1 85 106 -655.872
1 92 112 -1311.74
1 93 117 -655.872
1 97 89 -655.872
1 98 101 -655.872
1 99 126 -655.872
1 99 136 -655.872
1 147 119 -7025.81
1 148 187 -26417.0
1 150 114 -28103.2
1 153 113 -19812.8
1 167 186 -33021.3
1 168 169 -111008.0
1 197 280 -6744.77
1 199 225 -6463.74
1 210 300 -1124.13
1 211 298 -5339.61
1 234 285 -11662.8
1 244 234 -11662.8
1 267 479 -2529.29
1 271 361 -1953.56
1 272 454 -33.62
1 285 433 -3512.9
1 291 453 -89799.0
1 299 360 -12787.0
1 131 118 -2810.32
1 132 183 -23466.2
1 137 123 -31054.1
1 141 124 -12927.5
1 142 121 -16580.9
1 152 130 -15175.7
1 155 192 -23466.2
1 157 117 -14051.6
1 157 190 -140.52
1 158 205 -28665.3
1 164 258 -8712.0
1 169 164 -20234.3
1 172 162 -46229.8
1 172 163 -62529.7
1 172 164 -5058.58
1 173 196 -421.55
1 175 213 -8852.52
1 195 280 -10117.2
1 202 295 -15316.3
1 203 296 -29648.9
1 214 174 -38501.4
1 226 358 -5415.37
1 247 335 -10117.2
1 256 333 -9133.55
1 262 350 -421.55
1 265 349 -8009.42
1 267 346 -3934.45
1 269 347 -562.06
1 271 470 -421.55
1 274 431 -589314.0
1 280 367 -3793.94
1 285 357 -2388.77
1 289 374 -3653.42
1 292 370 -8430.97
1 293 370 -9274.06
1 299 335 -84309.7
1 143 152 -22763.6
1 143 154 -16299.9
1 144 130 -7025.81
1 148 113 -108057.0
1 149 118 -52974.6
1 151 143 -164123.0
1 152 177 -38360.9
1 152 183 -10398.2
1 153 185 -6604.26
1 153 212 -11241.3
1 154 128 -1124.13
1 155 180 -8852.52
1 155 187 -10117.2
1 162 171 -25152.4
1 164 159 -109884.0
1 167 163 -30070.4
1 174 182 -19391.2
1 175 178 -2388.77
1 188 287 -1545.68
1 189 206 -49883.2
1 201 279 -11662.8
1 221 294 -9695.61
1 221 361 -562.06
1 222 252 -5199.1
1 222 266 -5480.13
1 225 248 -9695.61
1 226 361 -8009.42
1 237 292 -26959.1
1 245 243 -19812.8
1 248 238 -8852.52
1 248 331 -4074.97
1 259 347 -3372.39
1 266 345 -8430.97
1 271 268 -21780.0
1 274 278 -3653.42
1 280 443 -140.52
1 289 355 -1545.68
1 295 392 -1405.16
1 296 391 -2669.81
1 296 393 -5901.68
1 297 378 -2950.84
1 140 166 -105387.0
1 141 116 -9555.1
1 141 165 -34285.9
1 142 185 -31054.1
1 143 114 -8149.94
1 143 184 -40609.2
1 144 151 -46651.4
1 144 186 -12646.5
1 145 114 -10257.7
1 146 150 -60281.4
1 146 180 -35972.1
1 147 148 -44824.6
1 149 124 -983.61
1 149 181 -40609.2
1 149 202 -10679.2
1 150 183 -39625.6
1 150 186 -36112.6
1 151 178 -47353.9
1 151 181 -41171.2
1 151 189 -21077.4
1 151 211 -28103.2
1 152 180 -34285.9
1 153 188 -34988.5
1 154 113 -3934.45
1 158 173 -140.52
1 164 124 -2107.74
1 168 164 -18126.6
1 168 166 -18407.6
1 170 115 -20655.9
1 171 125 -421.55
1 184 210 -94145.8
1 188 207 -40328.1
1 189 288 -1545.68
1 193 280 -50585.8
1 209 281 -25705.0
1 210 249 -6323.23
1 211 263 -8290.45
1 211 296 -4496.52
1 219 272 -3231.87
1 221 317 -9274.06
1 224 287 -6604.26
1 227 245 -1686.19
1 227 344 -5058.58
1 228 354 -6042.19
1 230 352 -18126.6
1 231 270 -6042.19
1 231 347 -2388.77
1 235 295 -7306.84
1 236 342 -4918.06
1 236 344 -6604.26
1 240 330 -5620.65
1 240 337 -4777.55
1 240 357 -2810.32
1 244 333 -4207.33
1 246 332 -4918.06
1 246 337 -10819.7
1 251 334 -7587.87
1 258 343 -5761.16
1 258 345 -2529.29
1 260 345 -4777.55
1 261 340 -1967.23
1 261 351 -2107.74
1 262 286 -1264.65
1 262 361 -7728.39
1 263 344 -3091.35
1 263 350 -5620.65
1 265 517 -421.55
1 267 321 -4074.97
1 269 365 -281.03
1 270 267 -38079.9
1 271 267 -18407.6
1 271 355 -2810.32
1 275 399 -1405.16
1 277 371 -562.06
1 278 502 -7587.87
1 281 331 -843.1
1 284 333 -1405.16
1 289 371 -3512.9
1 290 371 -2810.32
1 291 365 -1967.23
1 296 358 -23887.7
1 297 356 -2388.77
1 297 391 -4918.06
1 125 93 -2529.29
1 131 125 -55082.3
1 134 123 -21217.9
1 134 125 -4215.48
1 135 126 -20374.8
1 138 125 -24730.8
1 142 117 -41873.8
1 146 146 -21358.4
1 152 213 -7306.84
1 161 185 -55644.4
1 163 186 -32178.2
1 166 203 -9555.1
1 192 232 -11662.8
1 193 235 -13349.0
1 198 301 -140.52
1 201 310 -140.52
1 211 195 -1686.19
1 215 261 -5058.58
1 221 339 -8290.45
1 222 324 -140.52
1 223 263 -3793.94
1 226 354 -5339.61
1 232 274 -2810.32
1 233 341 -3934.45
1 242 618 -843.1
1 248 344 -8852.52
1 263 345 -13911.1
1 263 570 -140.52
1 264 348 -983.61
1 286 302 -1264.65
1 292 360 -1545.68
1 293 357 -4637.03
1 295 362 -1264.65
1 297 439 -441323.0
1 132 120 -145575.0
1 135 122 -49180.6
1 137 128 -30211.0
1 148 119 -24871.3
1 150 118 -10679.2
1 150 121 -11803.3
1 150 127 -8712.0
1 152 118 -19672.3
1 153 122 -29789.4
1 153 123 -126465.0
1 155 125 -178877.0
1 156 124 -39766.1
1 181 126 -33442.8
1 185 168 -92459.6
1 189 126 -21780.0
1 224 257 -9414.58
1 260 337 -421.55
1 137 168 -14894.7
1 149 213 -36534.2
1 190 250 -702.58
1 202 228 -1124.13
1 210 253 -10679.2
1 217 236 -3372.39
1 245 324 -140.52
1 270 480 -140.52
1 144 124 -1124.13
1 186 159 -281.03
1 188 160 -2529.29
1 143 166 -5058.58
1 145 131 -1264.65
1 153 116 -15316.3
1 158 114 -11241.3
1 160 170 -10819.7
1 187 160 -8290.45
1 188 197 -140.52
1 188 204 -17002.4
1 203 340 -576.12
1 206 169 -1405.16
1 208 226 -7166.32
1 211 266 -26353.8
1 213 276 -30116.3
1 214 274 -52619.5
1 220 278 -55331.0
1 223 372 -8571.48
1 232 398 -702.58
1 233 375 -1124.13
1 239 385 -1290.19
1 239 406 -121.08
1 241 238 -2248.26
1 244 244 -1405.16
1 245 408 -7306.84
1 246 320 -281.03
1 248 454 -140.52
1 259 351 -3211.42
1 262 585 -9976.65
1 265 360 -9471.79
1 266 560 -1637.89
1 267 407 -281.03
1 269 360 -7102.33
1 273 367 -2810.32
1 274 327 -1124.13
1 274 432 -10117.2
1 275 465 -245.84
1 290 322 -4074.97
1 290 398 -254.01
1 292 458 -272125.0
1 294 354 -2860.95
1 295 337 -19672.3
1 297 377 -1686.19
1 147 116 -40047.1
1 147 183 -2529.29
1 156 122 -103982.0
1 157 186 -1264.65
1 173 183 -18969.7
1 257 342 -1405.16
1 201 251 -9555.1
1 201 301 -421.55
1 251 286 -281.03
1 265 488 -843.1
1 294 356 -140.52
1 144 132 -140.52
1 267 385 -10538.7
1 135 160 -1124.13
1 136 173 -3091.35
1 136 174 -3091.35
1 144 189 -1264.65
1 154 112 -37517.8
1 154 122 -39906.6
1 156 131 -562.06
1 159 115 -40047.1
1 161 179 -34285.9
1 164 169 -9133.55
1 167 128 -140.52
1 167 247 -1545.68
1 183 124 -82623.5
1 183 205 -281.03
1 186 123 -47072.9
1 186 125 -8009.42
1 186 209 -50866.8
1 204 300 -27.18
1 215 269 -562.06
1 218 239 -29937.8
1 225 242 -3934.45
1 226 375 -7951.76
1 235 420 -11662.8
1 238 302 -421.55
1 242 355 -33.21
1 244 321 -22342.1
1 244 369 -4074.97
1 245 406 -562.06
1 247 591 -421.55
1 248 590 -702.58
1 248 593 -421.55
1 251 614 -524.06
1 255 333 -7868.9
1 256 443 -100.34
1 258 335 -18777.3
1 258 339 -920.2
1 258 416 -46.06
1 259 414 -281.03
1 263 583 -306.73
1 266 470 -1653.22
1 267 354 -421.55
1 267 554 -421.55
1 269 482 -140.52
1 270 476 -421.55
1 273 477 -702.58
1 273 523 -65902.1
1 274 506 -421.55
1 275 479 -19672.3
1 277 388 -96.76
1 277 389 -198.12
1 278 446 -562.06
1 279 386 -254.93
1 280 458 -1095.95
1 291 374 -702.58
1 291 403 -3231.87
1 293 458 -15456.8
1 297 388 -344.97
1 298 384 -109.38
1 298 391 -421.55
1 297 359 -14051.6
1 201 295 -140.52
1 204 299 -140.52
1 221 300 -140.52
