1 204 346 -1076.98
1 212 384 45000.0
1 212 385 45000.0
1 212 386 45000.0
1 212 387 45000.0
1 212 388 45000.0
1 212 389 45000.0
1 212 390 45000.0
1 212 391 45000.0
1 212 392 45000.0
1 212 393 45000.0
1 213 394 45000.0
1 213 395 45000.0
1 213 396 45000.0
1 213 397 45000.0
1 213 398 45000.0
1 213 399 45000.0
1 213 400 45000.0
1 213 401 45000.0
1 213 402 45000.0
1 214 403 45000.0
1 214 404 45000.0
1 214 405 45000.0
1 214 406 45000.0
1 214 407 45000.0
1 214 409 45000.0
1 214 410 45000.0
1 214 411 45000.0
1 214 412 45000.0
1 214 413 45000.0
1 214 414 45000.0
1 214 415 45000.0
1 215 416 45000.0
1 215 417 45000.0
1 227 417 45000.0
1 228 417 45000.0
1 229 417 45000.0
1 216 418 45000.0
1 226 418 45000.0
1 230 418 45000.0
1 217 419 45000.0
1 218 419 45000.0
1 219 419 45000.0
1 220 419 45000.0
1 221 419 45000.0
1 222 419 45000.0
1 223 419 45000.0
1 224 419 45000.0
1 225 419 45000.0
1 229 419 45000.0
1 229 420 45000.0
1 226 421 45000.0
1 227 421 45000.0
1 228 421 45000.0
1 224 422 45000.0
1 225 422 45000.0
1 224 423 45000.0
1 224 424 45000.0
1 225 424 45000.0
1 226 424 45000.0
1 227 424 45000.0
1 228 424 45000.0
1 229 425 45000.0
1 229 426 45000.0
1 229 427 45000.0
1 229 428 45000.0
1 229 429 45000.0
1 228 430 45000.0
1 228 431 45000.0
1 228 432 45000.0
1 228 433 45000.0
1 228 434 45000.0
1 228 435 45000.0
1 229 435 45000.0
1 230 436 45000.0
1 230 437 45000.0
1 230 438 45000.0
1 230 439 45000.0
1 230 440 45000.0
1 230 441 45000.0
1 230 442 45000.0
1 230 443 45000.0
1 230 444 45000.0
1 230 445 45000.0
1 230 446 45000.0
1 230 447 45000.0
1 230 448 45000.0
1 230 449 45000.0
1 230 450 45000.0
1 230 451 45000.0
1 230 452 45000.0
1 230 453 45000.0
1 230 454 45000.0
1 230 455 45000.0
1 230 456 45000.0
1 231 457 45000.0
1 231 458 45000.0
1 231 459 45000.0
1 231 460 45000.0
1 232 461 45000.0
1 232 462 45000.0
1 232 463 45000.0
1 232 464 45000.0
1 233 464 45000.0
1 234 464 45000.0
1 235 464 45000.0
1 236 464 45000.0
1 237 464 45000.0
1 238 464 45000.0
1 239 465 45000.0
1 239 466 45000.0
1 114 114 -11487.1
1 117 120 -1076.98
1 130 122 -1076.98
1 133 112 -20736.0
1 135 194 -2008.91
1 139 168 -5145.68
1 141 191 -59366.7
1 143 172 -11394.0
1 143 190 -40430.3
1 144 172 -11884.1
1 144 182 -19683.5
1 144 190 -478.05800000000005
1 146 117 -11315.8
1 146 190 -12276.9
1 147 145 -4520.66
1 148 167 -20705.2
1 148 176 -74111.6
1 148 196 -17890.5
1 149 145 -14288.8
1 149 146 -10625.2
1 150 124 -10131.2
1 150 141 -5253.9
1 150 198 -10138.2
1 151 142 -13032.9
1 151 195 -42136.6
1 152 123 -5924.15
1 152 125 -7206.95
1 152 132 -21912.8
1 153 133 -4.15825
1 153 192 -74192.5
1 154 125 -593.245
1 154 171 -5546.61
1 154 249 -35313.1
1 155 129 -2013.84
1 155 141 -16898.5
1 156 129 -218396.0
1 157 135 -2153.95
1 157 140 -57620.5
1 158 133 -1076.98
1 158 181 -9009.89
1 159 119 -49354.1
1 159 173 -15253.0
1 161 125 -31634.9
1 161 131 -12.9368
1 161 188 -20091.0
1 162 121 -19866.2
1 162 128 -160576.0
1 162 167 -1280.32
1 162 169 -6484.09
1 163 138 -1076.98
1 164 135 -2381.75
1 164 187 -11541.0
1 165 130 -12189.8
1 165 131 -337.22
1 166 126 -803.0939999999999
1 167 259 -5.62065
1 168 123 -1650.17
1 168 208 -10345.2
1 169 127 -18.4566
1 172 218 -37849.4
1 174 123 -48296.8
1 175 134 -25293.7
1 175 204 -6963.98
1 176 176 -8755.37
1 176 202 -9281.09
1 177 133 -23264.8
1 178 164 -5381.77
1 178 261 -15764.5
1 179 210 -8792.74
1 180 208 -21035.3
1 184 246 -25683.5
1 187 200 -11190.7
1 188 198 -72363.0
1 188 240 -47540.6
1 190 281 -63232.3
1 191 191 -5756.95
1 191 281 -62511.4
1 193 256 -36351.5
1 193 260 -36197.3
1 197 204 -16227.4
1 197 252 -6374.93
1 198 297 -716.632
1 198 298 -1076.98
1 199 211 -14747.9
1 199 231 -35833.0
1 199 298 -1076.98
1 200 298 -1098.54
1 203 275 -66229.5
1 203 280 -9000.19
1 205 300 -1129.43
1 206 286 -6259.85
1 206 300 -2178.28
1 211 255 -59831.8
1 212 226 -4995.35
1 212 258 -57431.8
1 213 264 -323.755
1 213 300 -1405.16
1 214 240 -49844.4
1 215 260 -96325.2
1 216 267 -8430.97
1 217 264 -141049.0
1 218 179 -49865.3
1 219 310 -52929.6
1 221 223 -968.1560000000001
1 221 246 -46155.3
1 221 284 -31496.7
1 222 369 -2571.45
1 224 374 -11182.6
1 226 311 -3952.72
1 226 365 -2407.89
1 227 270 -22519.2
1 228 225 -36795.7
1 230 255 -75318.0
1 230 361 -112625.0
1 231 401 -1076.98
1 232 364 -138.338
1 233 337 -1076.98
1 233 394 -2172.41
1 234 304 -5043.21
1 234 393 -1113.06
1 235 400 -2940.11
1 235 605 -1888.78
1 235 609 -8115.71
1 236 263 -45551.1
1 236 351 -28103.2
1 236 609 -175.15099999999998
1 237 237 -47159.3
1 237 316 -49880.2
1 237 357 -10064.9
1 237 389 -1077.01
1 238 221 -309.135
1 238 398 -4.31228
1 238 605 -5421.97
1 238 609 -2793.12
1 239 250 -11471.7
1 239 338 -8838.46
1 239 426 -639.08
1 239 605 -5384.88
1 239 606 -3230.93
1 239 619 -16699.6
1 240 380 -1215.4
1 240 426 -1246.88
1 240 608 -4427.61
1 241 335 -38315.9
1 241 604 -1076.98
1 242 311 -12139.1
1 243 371 -1076.98
1 243 389 -1748.54
1 243 422 -150.499
1 243 431 -26232.0
1 243 605 -5384.88
1 244 431 -388.105
1 244 605 -6461.86
1 244 621 -4896.56
1 245 322 -18629.9
1 245 337 -1076.98
1 245 621 -1076.98
1 246 321 -4267.0
1 246 618 -3280.18
1 247 344 -1211.49
1 247 384 -4431810.0
1 248 251 -39862.7
1 248 424 -2885.13
1 248 436 -3170.82
1 248 442 -766.2919999999999
1 248 444 -14916.6
1 248 589 -3213.94
1 249 373 -1096.35
1 249 389 -1325.16
1 249 424 -31845.1
1 249 430 -44942.6
1 249 436 -11031.4
1 249 606 -5384.88
1 250 239 -27095.7
1 250 326 -3773.25
1 250 424 -1076.98
1 250 425 -327424.0
1 250 431 -9074.39
1 250 595 -3815.36
1 251 300 -56206.5
1 251 356 -96602.0
1 251 408 -1195.36
1 251 456 -1076.98
1 251 457 -15.3647
1 251 594 -1124.15
1 251 595 -1214.59
1 251 596 -2411.63
1 252 230 -16222.6
1 252 329 -34623.3
1 252 450 -429.374
1 252 595 -1076.98
1 252 606 -1199.31
1 253 298 -23566.0
1 253 331 -20893.0
1 253 332 -33618.5
1 253 416 -46.5689
1 253 420 -13739.0
1 253 445 -52590.4
1 254 338 -125228.0
1 254 367 -46903.1
1 254 407 -146415.0
1 254 597 -1079.81
1 254 607 -12994.8
1 255 381 -27935.0
1 255 383 -37710.9
1 255 388 -97216.1
1 255 395 -2843.95
1 255 420 -16196.9
1 255 439 -37913.6
1 255 443 -51048.8
1 255 595 -1113.64
1 255 596 -1076.98
1 255 606 -1076.98
1 255 609 -2153.95
1 256 314 -10417.5
1 256 335 -12900.8
1 256 341 -462.02
1 256 370 -11151.6
1 256 413 -2996.6
1 256 586 -27315.4
1 256 593 -4307.91
1 257 238 -0.140516
1 257 324 -7705.62
1 257 413 -2449.38
1 257 576 -4961.47
1 257 599 -15740.6
1 258 325 -9840.63
1 258 336 -1911.63
1 258 442 -878872.0
1 258 464 -1914.7
1 258 585 -6461.86
1 258 595 -2395.5
1 258 602 -33459.7
1 259 340 -9342.14
1 259 371 -4.31228
1 259 405 -20289.3
1 259 588 -38267.2
1 259 592 -1076.98
1 259 593 -1076.98
1 260 349 -817.804
1 260 407 -4302900.0
1 260 413 -104478.0
1 260 424 -158.649
1 260 461 -4762.92
1 260 463 -48482.6
1 260 464 -44386.7
1 260 585 -10760.1
1 260 586 -69197.0
1 261 337 -13234.4
1 261 381 -161367.0
1 261 395 -9189.47
1 261 418 -1243.95
1 261 429 -19948.6
1 261 464 -8405.5
1 261 492 -1110.4
1 261 571 -448.477
1 261 576 -2155.36
1 262 345 -18853.4
1 262 449 -20.7209
1 262 540 -414.195
1 262 564 -66675.3
1 262 567 -38483.2
1 262 568 -14278.0
1 262 570 -127087.0
1 262 571 -4975.51
1 263 471 -35674.5
1 263 477 -14698.0
1 263 520 -2153.95
1 263 582 -29116.3
1 264 265 -27544.0
1 264 345 -3328.83
1 264 355 -329.027
1 264 367 -1076.98
1 264 383 -184338.0
1 264 407 -8140.93
1 264 428 -161859.0
1 264 468 -89.109
1 264 471 -1788.3
1 264 476 -202.67700000000002
1 264 477 -23303.2
1 264 523 -3737.93
1 264 524 -391.909
1 264 549 -14840.7
1 265 364 -38508.7
1 265 374 -142206.0
1 265 422 -250596.0
1 265 523 -5751.33
1 266 337 -1077.1
1 266 340 -519.91
1 266 462 -219.541
1 267 391 -24728.0
1 267 463 -181.11599999999999
1 267 555 -1076.98
1 267 556 -1076.98
1 268 333 -36.5342
1 268 334 -19278.8
1 268 436 -3498530.0
1 268 455 -7.503369999999999
1 268 479 -708.253
1 268 480 -716.3560000000001
1 268 489 -1400.4
1 269 363 -1098.16
1 269 397 -64661.0
1 269 456 -23691.7
1 269 541 -1076.98
1 270 352 -8491.39
1 270 412 -43015.0
1 270 429 -2565.81
1 270 481 -1167.28
1 270 483 -2214.0
1 270 484 -1248.95
1 270 486 -118139.0
1 270 498 -39413.6
1 270 539 -136.69899999999998
1 271 319 -80876.8
1 271 371 -635.1990000000001
1 271 415 -75848.7
1 271 451 -28119.8
1 271 485 -935.118
1 271 493 -166226.0
1 271 498 -9456.4
1 271 537 -244407.0
1 272 336 -20129.7
1 272 337 -4.31228
1 272 368 -460190.0
1 272 388 -1446160.0
1 272 396 -113.115
1 272 450 -5650.38
1 272 451 -1622.19
1 272 462 -2435560.0
1 272 491 -36.6544
1 272 497 -1936.21
1 272 498 -48727.5
1 272 530 -325922.0
1 272 532 -285097.0
1 272 535 -227678.0
1 273 363 -60.983999999999995
1 273 392 -1982.79
1 273 410 -7212.72
1 273 480 -994.8539999999999
1 273 510 -1076.98
1 273 517 -36908.8
1 273 518 -3514.08
1 274 520 -71812.2
1 274 523 -2929.76
1 275 367 -73338.2
1 275 441 -204251.0
1 275 450 -0.431228
1 275 506 -5216.94
1 276 392 -313.072
1 276 446 -3771.95
1 276 474 -26106.6
1 277 294 -64127.9
1 277 390 -12922.0
1 277 407 -1499800.0
1 277 431 -17443.2
1 277 454 -34.4983
1 277 468 -117.40799999999999
1 277 472 -64020.4
1 277 480 -47995.7
1 278 365 -64557.0
1 278 482 -3924.18
1 279 336 -82405.7
1 279 433 -124181.0
1 279 475 -117737.0
1 279 485 -44662.6
1 280 365 -3362.55
1 280 433 -82795.8
1 280 442 -4212.03
1 280 469 -19157.9
1 280 471 -83804.5
1 281 458 -246947.0
1 282 409 -9737.13
1 282 424 -2064.72
1 282 430 -664.091
1 282 436 -49578.3
1 282 454 -5976.82
1 282 457 -12811.8
1 283 354 -9657.67
1 283 429 -190666.0
1 283 449 -28292.9
1 283 452 -40759.7
1 283 455 -90182.8
1 283 468 -56386.5
1 284 339 -121777.0
1 284 457 -9092.01
1 284 463 -605936.0
1 284 481 -5312.73
1 285 374 -5549.91
1 285 467 -168804.0
1 285 475 -108661.0
1 286 330 -75688.1
1 286 425 -453708.0
1 286 475 -38383.4
1 286 477 -33355.7
1 287 388 -30946.1
1 287 426 -1076.98
1 287 477 -19017.5
1 288 372 -167.748
1 288 419 -15940.3
1 288 423 -50.0225
1 288 426 -1076.98
1 289 351 -9996.32
1 289 404 -205817.0
1 289 459 -1034.95
1 289 468 -875.393
1 290 382 -270710.0
1 290 402 -10460.3
1 290 411 -994.628
1 290 412 -27207.7
1 290 413 -857.2819999999999
1 290 420 -146.186
1 291 350 -3273.02
1 291 373 -1517.49
1 291 399 -20979.2
1 291 419 -967620.0
1 292 365 -25481.3
1 292 416 -875.393
1 292 469 -32087.7
1 293 440 -44.5459
1 294 435 -21059.5
1 294 447 -107729.0
1 294 458 -196269.0
1 295 356 -15469.4
1 295 391 -17843.4
1 295 430 -1535640.0
1 296 398 -123044.0
1 296 406 -68858.5
1 297 383 -665.385
1 297 395 -358782.0
1 297 401 -709821.0
1 297 402 -127909.0
1 297 413 -1263180.0
1 297 415 -47226.1
1 297 442 -9482.71
1 299 354 -475.55699999999996
1 299 355 -40.7497
1 299 387 -125.919
1 102 110 -1076.98
1 102 113 -1076.98
1 103 100 -1076.98
1 103 104 -1076.98
1 104 115 -1076.98
1 105 115 -1076.98
1 105 139 -1076.98
1 108 117 -1076.98
1 109 112 -1076.98
1 111 155 -1076.98
1 111 208 -1076.98
1 112 181 -1076.98
1 113 111 -1076.98
1 113 159 -1076.98
1 113 211 -1076.98
1 114 173 -1076.98
1 114 212 -2153.95
1 115 212 -2153.95
1 116 121 -1076.98
1 116 150 -1076.98
1 116 166 -1076.98
1 117 119 -1076.98
1 117 168 -1076.98
1 117 210 -1076.98
1 119 194 -1076.98
1 119 202 -1076.98
1 119 96 -1076.98
1 120 155 -1076.98
1 120 94 -1076.98
1 121 187 -1076.98
1 123 110 -1076.98
1 123 111 -1076.98
1 123 158 -1076.98
1 123 168 -1076.98
1 123 193 -1076.98
1 123 202 -2153.95
1 125 150 -1076.98
1 125 151 -1076.98
1 125 193 -1076.98
1 125 194 -1076.98
1 126 121 -1076.98
1 126 191 -1076.98
1 126 195 -1076.98
1 127 150 -1076.98
1 127 160 -1076.98
1 127 169 -1076.98
1 127 195 -1076.98
1 127 199 -2153.95
1 128 122 -1076.98
1 128 148 -1076.98
1 128 149 -1076.98
1 128 152 -1076.98
1 128 153 -1076.98
1 128 154 -1076.98
1 128 157 -1076.98
1 128 199 -1076.98
1 129 117 -1076.98
1 129 119 -1076.98
1 129 122 -1076.98
1 129 146 -1076.98
1 129 154 -2153.95
1 129 162 -1076.98
1 129 176 -1076.98
1 130 120 -1076.98
1 130 154 -1076.98
1 130 155 -1076.98
1 130 156 -3230.93
1 130 194 -1076.98
1 131 112 -1076.98
1 131 121 -1076.98
1 131 122 -1076.98
1 131 150 -1076.98
1 131 156 -1076.98
1 131 157 -1076.98
1 131 158 -1076.98
1 131 161 -2153.95
1 131 198 -1076.98
1 132 112 -1076.98
1 132 155 -1076.98
1 132 156 -1076.98
1 132 160 -1076.98
1 132 161 -2153.95
1 133 155 -1076.98
1 133 159 -1076.98
1 133 160 -2153.95
1 133 192 -2153.95
1 133 193 -1076.98
1 134 148 -1076.98
1 134 150 -1076.98
1 134 151 -1076.98
1 134 156 -1076.98
1 134 191 -1076.98
1 134 193 -4307.91
1 135 148 -5384.88
1 135 149 -2153.95
1 135 156 -1076.98
1 135 157 -1076.98
1 135 193 -3230.93
1 136 147 -1076.98
1 136 148 -1076.98
1 136 149 -1076.98
1 136 150 -2153.95
1 136 153 -1076.98
1 136 155 -1076.98
1 137 148 -1076.98
1 137 150 -1076.98
1 137 153 -2153.95
1 137 154 -1076.98
1 137 157 -3230.93
1 137 175 -1076.98
1 137 206 -1076.98
1 138 151 -1076.98
1 138 152 -1076.98
1 138 153 -3230.93
1 138 168 -1076.98
1 138 169 -1076.98
1 139 151 -1076.98
1 140 138 -1076.98
1 140 155 -4307.91
1 140 156 -1076.98
1 140 171 -1076.98
1 140 180 -1076.98
1 141 149 -1076.98
1 141 154 -2153.95
1 141 157 -1076.98
1 141 171 -1076.98
1 141 199 -2153.95
1 142 155 -1076.98
1 142 156 -1076.98
1 142 157 -1076.98
1 142 158 -1076.98
1 142 174 -1076.98
1 142 179 -1076.98
1 142 201 -1076.98
1 143 146 -1076.98
1 143 157 -3230.93
1 144 142 -2153.95
1 144 173 -1076.98
1 145 142 -1076.98
1 145 143 -1076.98
1 145 151 -1076.98
1 145 187 -1076.98
1 145 226 -1076.98
1 146 140 -1076.98
1 146 141 -2153.95
1 146 145 -1076.98
1 146 208 -1076.98
1 146 229 -1076.98
1 146 230 -1076.98
1 146 232 -1076.98
1 147 139 -3230.93
1 147 140 -1076.98
1 147 141 -1076.98
1 147 142 -1076.98
1 147 229 -1076.98
1 147 230 -1076.98
1 147 233 -1076.98
1 147 239 -1076.98
1 147 240 -1076.98
1 148 217 -1076.98
1 148 221 -1076.98
1 149 127 -1076.98
1 149 147 -1076.98
1 149 154 -1076.98
1 149 222 -1076.98
1 149 253 -1076.98
1 150 160 -1076.98
1 150 164 -1076.98
1 150 177 -1076.98
1 150 227 -1076.98
1 150 236 -1076.98
1 151 128 -1076.98
1 151 228 -1076.98
1 152 153 -1076.98
1 152 173 -1076.98
1 152 176 -1076.98
1 152 222 -1076.98
1 152 228 -1076.98
1 153 126 -1076.98
1 153 136 -1076.98
1 153 155 -1076.98
1 153 232 -1076.98
1 153 238 -1076.98
1 153 253 -1076.98
1 154 126 -1076.98
1 154 133 -1076.98
1 154 161 -1076.98
1 154 172 -1076.98
1 154 220 -1076.98
1 154 244 -1076.98
1 155 170 -2153.95
1 155 216 -1076.98
1 155 262 -1076.98
1 156 160 -1076.98
1 156 211 -1076.98
1 156 223 -1076.98
1 157 132 -1076.98
1 157 133 -1076.98
1 157 134 -3230.93
1 157 136 -1076.98
1 157 194 -1076.98
1 157 207 -1076.98
1 157 240 -1076.98
1 158 135 -1076.98
1 158 248 -1076.98
1 159 152 -1076.98
1 159 231 -1076.98
1 159 240 -1076.98
1 159 247 -1076.98
1 159 248 -1076.98
1 159 250 -1076.98
1 159 251 -1076.98
1 159 257 -1076.98
1 160 133 -1076.98
1 160 249 -2153.95
1 160 251 -2153.95
1 160 252 -1076.98
1 160 253 -1076.98
1 160 262 -1076.98
1 161 144 -2153.95
1 161 251 -1076.98
1 161 253 -1076.98
1 162 137 -2153.95
1 162 252 -2153.95
1 162 253 -1076.98
1 163 152 -1076.98
1 163 190 -1076.98
1 163 236 -1076.98
1 164 278 -1076.98
1 164 290 -1076.98
1 164 299 -1076.98
1 165 133 -2153.95
1 165 134 -2153.95
1 165 135 -1076.98
1 165 290 -1076.98
1 166 131 -1076.98
1 166 132 -1076.98
1 166 133 -2153.95
1 166 134 -1076.98
1 166 135 -1076.98
1 166 210 -1076.98
1 166 254 -1076.98
1 166 255 -1076.98
1 167 127 -1076.98
1 167 132 -2153.95
1 167 133 -2153.95
1 167 134 -3230.93
1 167 256 -1076.98
1 167 288 -1076.98
1 167 294 -1076.98
1 168 130 -1076.98
1 168 131 -1076.98
1 168 132 -4307.91
1 168 133 -4307.91
1 168 286 -1076.98
1 168 287 -2153.95
1 168 291 -2153.95
1 169 128 -2153.95
1 169 129 -4307.91
1 169 131 -1076.98
1 169 132 -5384.88
1 169 133 -3230.93
1 169 134 -9692.79
1 169 135 -1076.98
1 169 236 -1076.98
1 169 260 -1076.98
1 169 271 -1076.98
1 169 287 -1076.98
1 169 290 -1076.98
1 170 133 -3230.93
1 170 134 -12923.7
1 170 136 -1076.98
1 170 187 -1076.98
1 170 256 -1076.98
1 170 287 -1076.98
1 170 292 -1076.98
1 171 133 -2153.95
1 171 134 -1076.98
1 171 136 -5384.88
1 171 290 -1076.98
1 172 257 -1076.98
1 172 284 -1076.98
1 172 295 -2153.95
1 172 311 -1076.98
1 173 258 -1076.98
1 173 278 -1076.98
1 173 290 -1076.98
1 173 292 -1076.98
1 173 293 -2153.95
1 173 294 -1076.98
1 174 124 -1076.98
1 174 253 -1076.98
1 174 261 -1076.98
1 174 270 -1076.98
1 174 283 -1076.98
1 174 289 -1076.98
1 174 293 -1076.98
1 175 260 -1076.98
1 175 288 -1076.98
1 175 292 -2153.95
1 175 293 -1076.98
1 175 296 -1076.98
1 175 305 -1076.98
1 176 274 -1076.98
1 176 305 -1076.98
1 177 289 -1076.98
1 177 290 -1076.98
1 178 243 -1076.98
1 178 280 -1076.98
1 178 285 -1076.98
1 178 302 -1076.98
1 178 305 -1076.98
1 178 306 -1076.98
1 178 311 -1076.98
1 179 278 -1076.98
1 179 285 -1076.98
1 180 149 -1076.98
1 180 286 -1076.98
1 181 297 -1076.98
1 181 307 -1076.98
1 181 308 -1076.98
1 183 242 -1076.98
1 183 285 -1076.98
1 183 295 -1076.98
1 183 308 -1076.98
1 183 309 -1076.98
1 183 318 -1076.98
1 184 263 -1076.98
1 184 285 -1076.98
1 184 313 -1076.98
1 184 319 -1076.98
1 185 257 -1076.98
1 185 305 -1076.98
1 185 306 -1076.98
1 185 307 -1076.98
1 185 315 -1076.98
1 186 255 -1076.98
1 186 265 -1076.98
1 186 307 -2153.95
1 186 310 -1076.98
1 188 262 -1076.98
1 188 294 -1076.98
1 188 295 -1076.98
1 189 295 -1076.98
1 189 309 -1076.98
1 190 307 -1076.98
1 190 308 -1076.98
1 190 324 -1076.98
1 191 292 -2153.95
1 191 304 -1076.98
1 191 305 -1076.98
1 192 258 -1076.98
1 192 284 -1076.98
1 192 304 -1076.98
1 192 316 -1076.98
1 192 319 -1076.98
1 193 262 -1076.98
1 193 301 -1076.98
1 193 311 -1076.98
1 193 313 -2153.95
1 194 284 -1076.98
1 194 313 -1076.98
1 195 269 -1076.98
1 195 287 -1076.98
1 195 289 -1076.98
1 195 300 -1076.98
1 195 311 -1076.98
1 195 313 -1076.98
1 196 269 -1076.98
1 196 275 -1076.98
1 196 303 -1076.98
1 196 324 -1076.98
1 196 333 -1076.98
1 197 264 -1076.98
1 197 283 -1076.98
1 197 300 -1076.98
1 197 322 -1076.98
1 197 325 -1076.98
1 198 242 -1076.98
1 198 276 -2153.95
1 198 309 -1076.98
1 198 311 -1076.98
1 199 283 -1076.98
1 199 311 -1076.98
1 199 324 -1076.98
1 200 280 -1076.98
1 200 286 -1076.98
1 200 296 -1076.98
1 200 299 -1076.98
1 200 306 -1076.98
1 200 307 -1076.98
1 200 312 -1076.98
1 200 343 -1076.98
1 200 345 -1076.98
1 201 257 -1076.98
1 202 280 -1076.98
1 202 287 -1076.98
1 202 297 -1076.98
1 202 301 -1076.98
1 202 302 -1076.98
1 203 215 -1076.98
1 203 304 -1076.98
1 203 305 -1076.98
1 203 309 -1076.98
1 203 315 -1076.98
1 205 263 -1076.98
1 205 303 -1076.98
1 205 304 -1076.98
1 205 317 -1076.98
1 205 318 -1076.98
1 205 319 -1076.98
1 206 264 -1076.98
1 206 270 -1076.98
1 206 301 -1076.98
1 206 304 -1076.98
1 206 315 -1076.98
1 206 317 -2153.95
1 207 262 -1076.98
1 207 300 -1076.98
1 207 301 -2153.95
1 207 303 -1076.98
1 207 304 -1076.98
1 207 306 -2153.95
1 207 315 -1076.98
1 207 317 -1076.98
1 208 298 -2153.95
1 208 299 -2153.95
1 208 306 -1076.98
1 208 317 -1076.98
1 208 328 -1076.98
1 209 284 -1076.98
1 209 297 -1076.98
1 209 302 -1076.98
1 210 284 -1076.98
1 210 301 -1076.98
1 210 302 -1076.98
1 210 342 -1076.98
1 211 301 -1076.98
1 211 321 -1076.98
1 212 295 -1076.98
1 212 347 -1076.98
1 213 226 -1076.98
1 213 287 -1076.98
1 213 303 -1076.98
1 213 329 -1076.98
1 214 319 -1076.98
1 215 289 -1076.98
1 215 311 -1076.98
1 215 353 -1076.98
1 216 323 -1076.98
1 216 341 -1076.98
1 217 244 -1076.98
1 217 249 -1076.98
1 217 351 -1076.98
1 218 209 -1076.98
1 218 243 -1076.98
1 218 292 -1076.98
1 218 345 -2153.95
1 221 240 -1076.98
1 221 611 -1076.98
1 222 254 -1076.98
1 222 362 -1076.98
1 224 338 -1076.98
1 224 359 -1076.98
1 225 323 -1076.98
1 225 329 -1076.98
1 225 332 -1076.98
1 225 368 -1076.98
1 225 373 -1076.98
1 225 378 -1076.98
1 225 382 -2153.95
1 226 323 -1076.98
1 226 388 -2153.95
1 226 618 -1076.98
1 227 315 -1076.98
1 228 606 -1076.98
1 229 385 -2153.95
1 229 392 -1076.98
1 229 393 -1076.98
1 229 397 -4307.91
1 229 618 -5384.88
1 230 338 -1076.98
1 230 373 -2153.95
1 230 384 -1076.98
1 230 392 -2153.95
1 230 393 -4307.91
1 230 396 -1076.98
1 230 605 -1076.98
1 231 343 -1076.98
1 231 383 -1076.98
1 231 392 -5384.88
1 231 393 -11846.7
1 231 398 -1076.98
1 231 603 -1076.98
1 231 607 -2153.95
1 232 259 -1076.98
1 232 300 -1076.98
1 232 384 -1076.98
1 232 389 -1076.98
1 232 393 -6461.86
1 232 394 -4307.91
1 232 405 -1076.98
1 232 604 -2153.95
1 232 606 -2153.95
1 232 607 -3230.93
1 232 608 -1076.98
1 233 373 -1076.98
1 233 393 -1076.98
1 233 403 -1076.98
1 233 406 -4307.91
1 233 601 -2153.95
1 233 602 -1076.98
1 234 374 -1076.98
1 234 388 -1076.98
1 234 389 -1076.98
1 234 406 -3230.93
1 234 407 -2153.95
1 234 601 -1076.98
1 234 602 -2153.95
1 234 603 -3230.93
1 234 604 -1076.98
1 234 605 -2153.95
1 234 606 -1076.98
1 234 609 -1076.98
1 234 620 -1076.98
1 234 621 -1076.98
1 235 342 -1076.98
1 235 368 -1076.98
1 235 389 -1076.98
1 235 392 -1076.98
1 235 404 -1076.98
1 235 406 -1076.98
1 235 599 -1076.98
1 235 600 -2153.95
1 235 602 -3230.93
1 235 603 -1076.98
1 235 606 -1076.98
1 235 608 -1076.98
1 236 256 -1076.98
1 236 359 -1076.98
1 236 377 -2153.95
1 236 378 -1076.98
1 236 389 -2153.95
1 236 600 -1076.98
1 236 601 -1076.98
1 236 602 -2153.95
1 236 605 -1076.98
1 236 606 -1076.98
1 236 607 -1076.98
1 236 620 -1076.98
1 237 330 -1076.98
1 237 377 -1076.98
1 237 384 -1076.98
1 237 388 -1076.98
1 237 605 -2153.95
1 237 606 -3230.93
1 237 607 -2153.95
1 237 608 -5384.88
1 237 609 -3230.93
1 237 620 -1076.98
1 238 346 -1076.98
1 238 391 -1076.98
1 238 410 -1076.98
1 238 602 -1076.98
1 238 603 -1076.98
1 238 606 -5384.88
1 238 607 -6461.86
1 238 608 -4307.91
1 238 610 -1076.98
1 239 297 -30824.2
1 239 323 -1076.98
1 239 404 -1076.98
1 239 601 -1076.98
1 239 603 -1076.98
1 239 607 -2153.95
1 239 608 -4307.91
1 239 609 -3230.93
1 239 610 -2153.95
1 239 615 -2153.95
1 240 267 -1076.98
1 240 319 -1076.98
1 240 327 -1076.98
1 240 352 -1076.98
1 240 374 -2153.95
1 240 392 -2153.95
1 240 396 -1076.98
1 240 406 -1076.98
1 240 603 -1076.98
1 240 605 -3230.93
1 240 606 -4307.91
1 240 607 -2153.95
1 240 620 -2153.95
1 240 621 -1076.98
1 241 339 -1076.98
1 241 352 -1076.98
1 241 370 -2153.95
1 241 375 -1076.98
1 241 409 -1076.98
1 241 577 -1076.98
1 241 603 -2153.95
1 241 605 -3230.93
1 241 606 -2153.95
1 241 607 -2153.95
1 241 608 -2153.95
1 241 609 -5384.88
1 241 610 -1076.98
1 241 611 -1076.98
1 241 620 -1076.98
1 241 621 -1076.98
1 242 314 -1076.98
1 242 318 -1076.98
1 242 336 -1076.98
1 242 338 -1076.98
1 242 339 -1076.98
1 242 373 -3230.93
1 242 374 -6461.86
1 242 406 -2153.95
1 242 603 -2153.95
1 242 604 -7538.84
1 242 605 -9692.79
1 242 606 -3230.93
1 242 607 -5384.88
1 242 608 -5384.88
1 242 609 -3230.93
1 242 610 -3230.93
1 242 616 -1076.98
1 242 622 -1076.98
1 242 623 -3230.93
1 243 366 -1076.98
1 243 369 -1076.98
1 243 372 -2153.95
1 243 373 -8615.82
1 243 374 -3230.93
1 243 386 -1076.98
1 243 391 -1076.98
1 243 405 -1076.98
1 243 406 -1076.98
1 243 407 -2153.95
1 243 409 -1076.98
1 243 577 -1076.98
1 243 606 -7538.84
1 243 607 -5384.88
1 243 608 -2153.95
1 243 609 -6461.86
1 243 620 -1076.98
1 243 622 -2153.95
1 243 623 -8615.82
1 244 371 -1076.98
1 244 372 -2153.95
1 244 373 -3230.93
1 244 415 -1076.98
1 244 598 -1076.98
1 244 606 -4307.91
1 244 607 -1076.98
1 244 611 -1076.98
1 244 616 -1076.98
1 244 622 -1076.98
1 244 623 -4307.91
1 244 624 -1076.98
1 245 312 -1076.98
1 245 315 -1076.98
1 245 326 -1076.98
1 245 335 -1076.98
1 245 338 -1076.98
1 245 356 -2153.95
1 245 371 -1076.98
1 245 413 -1076.98
1 245 586 -1076.98
1 245 604 -1076.98
1 245 605 -3230.93
1 245 606 -5384.88
1 245 607 -4307.91
1 245 609 -5384.88
1 245 610 -2153.95
1 245 612 -2153.95
1 245 616 -2153.95
1 245 619 -1076.98
1 245 620 -2153.95
1 245 622 -1076.98
1 246 214 -1076.98
1 246 342 -1076.98
1 246 356 -1076.98
1 246 357 -1076.98
1 246 374 -1076.98
1 246 413 -1076.98
1 246 590 -1076.98
1 246 599 -1076.98
1 246 600 -6461.86
1 246 605 -4307.91
1 246 606 -7538.84
1 246 607 -4307.91
1 246 610 -1076.98
1 246 612 -2153.95
1 246 614 -1076.98
1 246 615 -1076.98
1 246 623 -1076.98
1 247 314 -1076.98
1 247 331 -1076.98
1 247 367 -2153.95
1 247 368 -5384.88
1 247 387 -2153.95
1 247 413 -1076.98
1 247 578 -1076.98
1 247 597 -1076.98
1 247 598 -7538.84
1 247 599 -6461.86
1 247 600 -10769.8
1 247 601 -10769.8
1 247 605 -2153.95
1 247 609 -2153.95
1 247 610 -2153.95
1 247 611 -4307.91
1 247 612 -4307.91
1 247 613 -2153.95
1 247 618 -2153.95
1 247 619 -1076.98
1 247 623 -1076.98
1 248 307 -1076.98
1 248 367 -1076.98
1 248 368 -4307.91
1 248 371 -2153.95
1 248 372 -5384.88
1 248 387 -2153.95
1 248 388 -6461.86
1 248 413 -1076.98
1 248 416 -1076.98
1 248 529 -1076.98
1 248 567 -1076.98
1 248 596 -7538.84
1 248 597 -5384.88
1 248 598 -10769.8
1 248 599 -6461.86
1 248 600 -4307.91
1 248 601 -6461.86
1 248 602 -3230.93
1 248 605 -1076.98
1 248 608 -1076.98
1 248 609 -2153.95
1 248 610 -3230.93
1 248 611 -6461.86
1 248 612 -6461.86
1 248 613 -7538.84
1 248 618 -1076.98
1 248 619 -1076.98
1 248 620 -1076.98
1 248 623 -2153.95
1 249 333 -1076.98
1 249 334 -1076.98
1 249 365 -2153.95
1 249 366 -3230.93
1 249 367 -1076.98
1 249 368 -3230.93
1 249 371 -1076.98
1 249 387 -1076.98
1 249 388 -1076.98
1 249 400 -1076.98
1 249 412 -1076.98
1 249 567 -1076.98
1 249 593 -2153.95
1 249 595 -6461.86
1 249 596 -7538.84
1 249 597 -11846.7
1 249 603 -3230.93
1 249 604 -8615.82
1 249 605 -5384.88
1 249 607 -4307.91
1 249 609 -1076.98
1 249 610 -2153.95
1 249 611 -5384.88
1 249 612 -9692.79
1 249 613 -2153.95
1 249 618 -1076.98
1 249 623 -1076.98
1 250 331 -1076.98
1 250 355 -1076.98
1 250 365 -2153.95
1 250 366 -5384.88
1 250 367 -3230.93
1 250 368 -1076.98
1 250 369 -2153.95
1 250 370 -2153.95
1 250 371 -6461.86
1 250 382 -1076.98
1 250 406 -1076.98
1 250 413 -1076.98
1 250 414 -1076.98
1 250 423 -1076.98
1 250 436 -1076.98
1 250 568 -1076.98
1 250 579 -1076.98
1 250 591 -1076.98
1 250 594 -1076.98
1 250 596 -8615.82
1 250 597 -2153.95
1 250 602 -1076.98
1 250 603 -7538.84
1 250 604 -6461.86
1 250 605 -4307.91
1 250 607 -1076.98
1 250 608 -3230.93
1 250 609 -1076.98
1 250 610 -1076.98
1 250 613 -1076.98
1 251 276 -1076.98
1 251 322 -1076.98
1 251 365 -3230.93
1 251 366 -9692.79
1 251 367 -2153.95
1 251 368 -2153.95
1 251 371 -1076.98
1 251 379 -1076.98
1 251 407 -1076.98
1 251 414 -1076.98
1 251 424 -1076.98
1 251 598 -1076.98
1 251 604 -1076.98
1 251 605 -1076.98
1 251 607 -1076.98
1 251 610 -1076.98
1 252 236 -1076.98
1 252 365 -3230.93
1 252 366 -7538.84
1 252 367 -7538.84
1 252 368 -2153.95
1 252 376 -1076.98
1 252 412 -1076.98
1 252 416 -1076.98
1 252 428 -1076.98
1 252 506 -1076.98
1 252 507 -1076.98
1 252 528 -1076.98
1 252 534 -1076.98
1 252 544 -1076.98
1 252 576 -1076.98
1 252 591 -2153.95
1 252 596 -2176.25
1 252 597 -2153.95
1 252 598 -1076.98
1 252 599 -2153.95
1 252 608 -2153.95
1 252 609 -1076.98
1 252 611 -1076.98
1 252 620 -1076.98
1 253 259 -1076.98
1 253 342 -1076.98
1 253 363 -1076.98
1 253 365 -2153.95
1 253 366 -6461.86
1 253 367 -4307.91
1 253 370 -1076.98
1 253 375 -2153.95
1 253 404 -1076.98
1 253 433 -2153.95
1 253 506 -1076.98
1 253 543 -1076.98
1 253 546 -1076.98
1 253 547 -1076.98
1 253 566 -1076.98
1 253 586 -2153.95
1 253 596 -1076.98
1 253 597 -4307.91
1 253 601 -1076.98
1 253 604 -1076.98
1 253 605 -1076.98
1 253 614 -3230.93
1 254 366 -2153.95
1 254 478 -1076.98
1 254 581 -1076.98
1 254 584 -1076.98
1 254 585 -6461.86
1 254 586 -5384.88
1 254 587 -3230.93
1 254 588 -3230.93
1 254 589 -4307.91
1 254 598 -1076.98
1 254 599 -1076.98
1 254 601 -2153.95
1 254 604 -2153.95
1 254 605 -1076.98
1 254 606 -1076.98
1 254 611 -1076.98
1 255 341 -1076.98
1 255 346 -1076.98
1 255 371 -1076.98
1 255 402 -1076.98
1 255 442 -1076.98
1 255 445 -1076.98
1 255 461 -1076.98
1 255 479 -1076.98
1 255 512 -1076.98
1 255 513 -1076.98
1 255 526 -1076.98
1 255 547 -1076.98
1 255 548 -1076.98
1 255 565 -1076.98
1 255 583 -3230.93
1 255 584 -4307.91
1 255 585 -4307.91
1 255 586 -4307.91
1 255 587 -2153.95
1 255 588 -1076.98
1 255 591 -1076.98
1 255 594 -1076.98
1 255 597 -1076.98
1 255 600 -2153.95
1 255 607 -1076.98
1 256 346 -1076.98
1 256 350 -1076.98
1 256 367 -1076.98
1 256 373 -1076.98
1 256 374 -1076.98
1 256 491 -1076.98
1 256 526 -1076.98
1 256 531 -3230.93
1 256 532 -1076.98
1 256 547 -1076.98
1 256 548 -2153.95
1 256 549 -1076.98
1 256 575 -1076.98
1 256 578 -2153.95
1 256 580 -1076.98
1 256 584 -3230.93
1 256 585 -2153.95
1 256 592 -2153.95
1 256 594 -7540.69
1 256 595 -4307.91
1 256 607 -4307.91
1 256 608 -2153.95
1 256 609 -1076.98
1 257 330 -1076.98
1 257 461 -1076.98
1 257 497 -1076.98
1 257 503 -1076.98
1 257 506 -1076.98
1 257 512 -1076.98
1 257 527 -3230.93
1 257 529 -1076.98
1 257 532 -1076.98
1 257 549 -1076.98
1 257 574 -1076.98
1 257 575 -3230.93
1 257 584 -3230.93
1 257 585 -3230.93
1 257 593 -2153.95
1 257 594 -8615.82
1 257 595 -4307.91
1 257 597 -2153.95
1 257 606 -7538.84
1 257 607 -1076.98
1 258 307 -1076.98
1 258 330 -1076.98
1 258 366 -1076.98
1 258 485 -2153.95
1 258 489 -2153.95
1 258 491 -1076.98
1 258 493 -1076.98
1 258 494 -1076.98
1 258 496 -1076.98
1 258 497 -1076.98
1 258 498 -3230.93
1 258 499 -2153.95
1 258 502 -1076.98
1 258 503 -1076.98
1 258 529 -2153.95
1 258 531 -1076.98
1 258 532 -1076.98
1 258 533 -2153.95
1 258 535 -1076.98
1 258 546 -1076.98
1 258 550 -1076.98
1 258 556 -2153.95
1 258 564 -1076.98
1 258 576 -1076.98
1 258 583 -1076.98
1 258 584 -3230.93
1 258 586 -3230.93
1 258 594 -3230.93
1 258 606 -5384.88
1 258 607 -1076.98
1 259 346 -1076.98
1 259 369 -2153.95
1 259 402 -1076.98
1 259 444 -1076.98
1 259 456 -1076.98
1 259 485 -1076.98
1 259 486 -1076.98
1 259 488 -1076.98
1 259 489 -1076.98
1 259 490 -2153.95
1 259 509 -2153.95
1 259 510 -1076.98
1 259 522 -1076.98
1 259 528 -1076.98
1 259 529 -1076.98
1 259 531 -1076.98
1 259 532 -1076.98
1 259 545 -1076.98
1 259 549 -1076.98
1 259 554 -2153.95
1 259 555 -2153.95
1 259 556 -3230.93
1 259 557 -3230.93
1 259 575 -4307.91
1 259 576 -1076.98
1 259 579 -1076.98
1 259 584 -1076.98
1 259 585 -4307.91
1 259 586 -2153.95
1 260 369 -2153.95
1 260 404 -2153.95
1 260 443 -1076.98
1 260 454 -1076.98
1 260 485 -1076.98
1 260 486 -2153.95
1 260 487 -1076.98
1 260 492 -1076.98
1 260 499 -1076.98
1 260 502 -2153.95
1 260 517 -1076.98
1 260 527 -1076.98
1 260 545 -3230.93
1 260 548 -1076.98
1 260 554 -1076.98
1 260 556 -1076.98
1 260 567 -1076.98
1 260 576 -1076.98
1 260 577 -1076.98
1 261 397 -1076.98
1 261 404 -1076.98
1 261 444 -1076.98
1 261 483 -1076.98
1 261 487 -1076.98
1 261 501 -1076.98
1 261 502 -1076.98
1 261 545 -1076.98
1 261 551 -1076.98
1 261 552 -1076.98
1 261 565 -1076.98
1 262 254 -1076.98
1 262 353 -2153.95
1 262 369 -1076.98
1 262 425 -1076.98
1 262 443 -1076.98
1 262 458 -1076.98
1 262 483 -2153.95
1 262 493 -1076.98
1 262 501 -1076.98
1 262 502 -1076.98
1 262 523 -1076.98
1 262 524 -1076.98
1 262 535 -1076.98
1 262 536 -1076.98
1 262 537 -1076.98
1 262 542 -1076.98
1 262 546 -1076.98
1 262 584 -1076.98
1 262 587 -1076.98
1 263 355 -1076.98
1 263 415 -1076.98
1 263 484 -1076.98
1 263 493 -1076.98
1 263 509 -1076.98
1 263 522 -1076.98
1 263 523 -2153.95
1 263 524 -2153.95
1 263 541 -2153.95
1 263 542 -1076.98
1 263 543 -1076.98
1 263 546 -2153.95
1 263 576 -1076.98
1 263 579 -1076.98
1 263 581 -4307.91
1 264 369 -1076.98
1 264 379 -1124.97
1 264 481 -1076.98
1 264 482 -1076.98
1 264 493 -1076.98
1 264 503 -1076.98
1 264 504 -1076.98
1 264 516 -1076.98
1 264 521 -3230.93
1 264 527 -1076.98
1 264 543 -4307.91
1 264 568 -1076.98
1 264 575 -1076.98
1 264 576 -2153.95
1 265 336 -1076.98
1 265 367 -2189.23
1 265 457 -1076.98
1 265 459 -1076.98
1 265 511 -1076.98
1 265 516 -1076.98
1 265 520 -1076.98
1 265 524 -1375.77
1 265 568 -2153.95
1 266 314 -1076.98
1 266 413 -1076.98
1 266 456 -1076.98
1 266 478 -1076.98
1 266 481 -1076.98
1 266 483 -1076.98
1 266 484 -1076.98
1 266 485 -1076.98
1 266 492 -1076.98
1 266 498 -1076.98
1 266 505 -1076.98
1 266 518 -1076.98
1 266 523 -1076.98
1 266 543 -1076.98
1 266 545 -1076.98
1 266 549 -1076.98
1 266 555 -1076.98
1 267 337 -1076.98
1 267 365 -1076.98
1 267 381 -1076.98
1 267 459 -1076.98
1 267 460 -2153.95
1 267 505 -1076.98
1 267 507 -1076.98
1 267 543 -1076.98
1 267 544 -2153.95
1 267 549 -1076.98
1 267 553 -3230.93
1 267 562 -1076.98
1 268 507 -2153.95
1 268 540 -1076.98
1 268 541 -1076.98
1 268 542 -2153.95
1 268 543 -4307.91
1 268 544 -2153.95
1 268 549 -1076.98
1 268 551 -1076.98
1 268 552 -1076.98
1 268 553 -1076.98
1 269 362 -1076.98
1 269 505 -2153.95
1 269 507 -1076.98
1 269 528 -1076.98
1 269 543 -1076.98
1 269 547 -2153.95
1 270 474 -1076.98
1 270 475 -2153.95
1 270 479 -1076.98
1 270 491 -1076.98
1 270 504 -1076.98
1 270 507 -1076.98
1 270 526 -1076.98
1 271 375 -1076.98
1 271 388 -1076.98
1 271 479 -1076.98
1 271 481 -1076.98
1 271 487 -1076.98
1 271 491 -1076.98
1 271 526 -1076.98
1 272 469 -1076.98
1 272 493 -1076.98
1 272 495 -2153.95
1 272 496 -1076.98
1 272 502 -1076.98
1 272 526 -3230.93
1 273 441 -1076.98
1 273 462 -1076.98
1 273 526 -1076.98
1 275 463 -1076.98
1 275 480 -1076.98
1 275 502 -1076.98
1 275 504 -1076.98
1 276 502 -1076.98
1 277 393 -1076.98
1 279 459 -1076.98
1 280 563 -1076.98
1 282 434 -1076.98
1 282 435 -1076.98
1 283 461 -1076.98
1 283 482 -1076.98
1 283 483 -1076.98
1 285 437 -1076.98
1 285 482 -1076.98
1 285 483 -1076.98
1 286 377 -1076.98
1 286 464 -1076.98
1 288 469 -1076.98
1 289 362 -1076.98
1 289 443 -1076.98
1 292 358 -1076.98
1 293 390 -3230.93
1 293 391 -1076.98
1 296 390 -1076.98
1 301 359 -1076.98
1 301 378 -1076.98
1 85 106 -1076.98
1 92 112 -2153.95
1 93 117 -1076.98
1 97 89 -1076.98
1 98 101 -1076.98
1 99 126 -1076.98
1 99 136 -1076.98
1 147 119 -7433.3
1 148 187 -20008.1
1 150 114 -10358.8
1 153 113 -26896.2
1 156 158 -40430.3
1 157 160 -15682.1
1 167 186 -15539.7
1 170 169 -49129.0
1 199 225 -31953.4
1 210 300 -26373.5
1 234 285 -17981.8
1 244 234 -28839.5
1 259 541 -29.1941
1 265 469 -57.1377
1 267 479 -1835.38
1 272 454 -80.1222
1 285 433 -19732.6
1 299 360 -24868.5
1 131 118 -2402.4
1 132 183 -10812.7
1 140 173 -25483.4
1 142 121 -15708.3
1 155 192 -14376.5
1 157 190 -44.5224
1 158 205 -44162.8
1 164 258 -13285.8
1 169 164 -67952.2
1 172 162 -18727.2
1 172 163 -646.763
1 173 196 -789.579
1 175 213 -152544.0
1 195 280 -49180.6
1 203 296 -72382.0
1 214 174 -25367.0
1 218 173 -13315.5
1 226 358 -3875.14
1 256 333 -6564.91
1 262 350 -730.684
1 265 349 -3744.75
1 267 346 -26032.0
1 274 431 -1850230.0
1 285 357 -24213.7
1 293 378 -3941.82
1 299 335 -285248.0
1 144 130 -8307.46
1 148 113 -10809.9
1 149 118 -24612.8
1 152 177 -56989.1
1 153 185 -23537.9
1 153 212 -40734.2
1 154 128 -132.724
1 155 187 -20655.9
1 159 188 -7712.93
1 162 171 -20388.9
1 164 159 -87824.0
1 167 163 -37939.4
1 170 217 -60198.5
1 175 178 -3769.33
1 188 287 -1621.02
1 201 279 -126324.0
1 221 294 -86742.0
1 221 361 -3251.03
1 222 252 -78152.3
1 222 266 -671.7489999999999
1 225 248 -32192.2
1 226 361 -26568.8
1 234 319 -11241.3
1 237 292 -67065.5
1 238 244 -0.064447
1 245 243 -21442.8
1 248 238 -45015.7
1 248 331 -3309.15
1 259 347 -95882.6
1 266 345 -28498.1
1 271 268 -82960.7
1 274 278 -39173.1
1 289 355 -13423.5
1 141 116 -5289.15
1 142 185 -72365.8
1 144 186 -26698.1
1 145 114 -21823.1
1 146 150 -15456.8
1 146 180 -46323.1
1 147 148 -46370.3
1 147 171 -37939.4
1 149 181 -43332.9
1 149 202 -13128.4
1 150 183 -29934.5
1 150 186 -33700.5
1 151 189 -31897.2
1 151 211 -12961.1
1 153 188 -58454.7
1 165 167 -35174.4
1 168 164 -55380.2
1 170 115 -14235.6
1 189 288 -6876.25
1 206 280 -54020.0
1 209 273 -10587.9
1 209 281 -18841.8
1 210 249 -14900.9
1 211 263 -29561.8
1 211 296 -1771.91
1 213 270 -24004.4
1 221 302 -916.165
1 221 317 -101756.0
1 224 287 -2400.8
1 227 344 -72395.9
1 228 354 -26799.2
1 230 352 -74392.7
1 231 270 -20485.3
1 231 347 -13893.9
1 236 342 -35875.5
1 236 344 -18979.7
1 240 357 -16240.4
1 244 333 -4055.19
1 246 332 -9241.75
1 246 337 -702.581
1 251 334 -33098.6
1 260 345 -15680.2
1 261 340 -9153.07
1 261 351 -9.532589999999999
1 262 286 -8246.89
1 263 344 -14879.3
1 263 350 -4.667
1 265 517 -157.269
1 267 321 -63263.2
1 271 355 -3535.39
1 278 502 -1253.48
1 281 331 -59.0168
1 284 333 -3828.92
1 289 371 -10651.0
1 290 371 -601.409
1 296 358 -40749.7
1 297 356 -28444.7
1 299 347 -0.0992978
1 131 125 -16925.2
1 135 126 -34994.1
1 138 125 -20981.9
1 142 169 -11384.9
1 146 146 -7351.02
1 152 213 -6681.54
1 156 214 -11681.1
1 161 185 -19512.1
1 163 186 -18607.1
1 166 203 -536.743
1 168 216 -17962.2
1 183 232 -82010.6
1 192 232 -59255.7
1 193 235 -16634.3
1 201 310 -1103.82
1 211 195 -3086.3
1 215 261 -59443.9
1 221 339 -38197.9
1 222 324 -14480.6
1 230 358 -6408.94
1 248 344 -16905.2
1 263 345 -16227.0
1 263 427 -67.7028
1 263 570 -148.515
1 265 414 -332.046
1 286 302 -11237.1
1 292 360 -13947.6
1 293 357 -32193.7
1 297 439 -556.284
1 132 120 -15834.8
1 134 126 -13332.2
1 135 122 -9403.34
1 150 118 -30662.7
1 150 121 -48078.9
1 150 127 -866.802
1 152 118 -16298.5
1 153 122 -7596.37
1 153 123 -22464.3
1 155 125 -16031.5
1 156 124 -14809.0
1 158 138 -16138.0
1 158 140 -27193.1
1 160 139 -25006.5
1 181 126 -62295.0
1 189 126 -12057.7
1 215 296 -8768.21
1 224 257 -639.2080000000001
1 230 223 -32172.6
1 260 337 -2477.12
1 276 359 -7577.54
1 281 445 -444.45300000000003
1 137 168 -1160.66
1 149 213 -99025.9
1 189 195 -26190.2
1 190 250 -10376.7
1 192 197 -64906.9
1 210 253 -4600.5
1 217 236 -66859.0
1 245 324 -3386.44
1 247 330 -1.29368
1 270 480 -113.715
1 291 354 -8237.06
1 188 197 -20230.1
1 188 204 -15518.8
1 203 340 -389.787
1 208 226 -35577.3
1 211 266 -51557.6
1 213 276 -4578.35
1 214 274 -59428.0
1 220 278 -152431.0
1 223 372 -7625.04
1 239 385 -10061.4
1 239 406 -101.339
1 241 238 -29506.5
1 245 408 -10009.7
1 246 320 -18174.4
1 248 454 -1944.74
1 259 351 -4684.13
1 262 585 -143.254
1 263 492 -15.3785
1 267 449 -5611.57
1 269 360 -11328.4
1 272 360 -7274.52
1 273 340 -472.26
1 273 521 -1293.68
1 274 327 -9092.65
1 274 521 -136.532
1 275 465 -122.25299999999999
1 290 322 -78262.3
1 292 458 -1599.86
1 147 116 -16068.0
1 147 183 -32908.9
1 258 337 -90.7776
1 259 439 -210.87099999999998
1 268 484 -52.9688
1 281 328 -52578.3
1 257 342 -6552.6
1 201 251 -68368.1
1 251 286 -3198.15
1 264 441 -84.3913
1 294 356 -2.81032
1 144 132 -236.824
1 257 404 -52458.9
1 136 173 -7419.25
1 144 189 -18242.7
1 154 122 -17804.8
1 161 179 -20582.5
1 167 128 -55445.8
1 167 247 -2147.09
1 183 124 -9618.33
1 183 205 -57.5826
1 186 125 -195374.0
1 204 300 -50.8849
1 215 269 -55224.2
1 225 242 -23887.7
1 226 375 -263368.0
1 238 302 -13165.4
1 244 321 -38258.3
1 245 406 -2027.33
1 247 591 -2369.6
1 248 590 -2.15614
1 248 593 -275.986
1 251 614 -1937.03
1 256 443 -856.113
1 258 339 -2744.77
1 258 416 -198.796
1 263 583 -441.103
1 266 470 -1080.36
1 269 482 -396.666
1 270 476 -3769.37
1 273 523 -215669.0
1 274 506 -9003.71
1 275 479 -43348.8
1 280 458 -577.126
1 297 388 -832.27
1 221 300 -151.142
1 140 116 -9146.2
1 272 494 -222.863
1 134 167 -3231.87
1 158 122 -1362.01
1 159 157 -21180.0
1 225 289 -19811.9
1 226 330 -45956.0
1 237 406 -865.117
1 244 430 -1157.05
1 247 342 -195.907
1 253 443 -1955.61
1 254 398 -30.6172
1 254 442 -3996.2
1 254 444 -266.54200000000003
1 254 445 -20.6574
1 256 445 -5650.38
1 261 369 -676.166
1 262 555 -166.838
1 263 448 -232.43200000000002
1 271 471 -198.408
1 271 489 -7706.05
1 272 371 -337.781
1 273 520 -0.26383
1 275 371 -1377.06
1 289 321 -17691.6
1 262 394 -737581.0
1 271 492 -78.0523
1 167 168 -19210.5
1 157 122 -372.63
1 160 136 -26.4132
1 169 201 -23324.6
1 211 313 -58.4745
1 212 315 -261.155
1 214 287 -341.533
1 224 372 -2462.31
1 246 609 -1853.42
1 247 590 -3233.35
1 255 446 -701.177
1 261 524 -1257.62
1 270 482 -96.1788
1 276 386 -573.102
1 281 446 -2951.33
1 291 458 -130.231
1 295 390 -3272.76
1 297 384 -259.345
1 297 387 -79.4858
1 165 158 -12314.8
1 145 147 -250.93200000000002
1 257 443 -1897.84
1 258 456 -3.03381
1 170 249 -2674.05
1 178 255 -5023.81
1 234 400 -16.6885
1 237 378 -60.5444
1 240 386 -172.27599999999998
1 241 353 -36.5009
1 244 330 -12451.1
1 248 343 -125.09899999999999
1 249 589 -41.8291
1 252 457 -400.611
1 253 400 -293.274
1 254 370 -20.7967
1 254 400 -117.01799999999999
1 255 373 -245.8
1 261 362 -108506.0
1 262 441 -77.8367
1 263 353 -13.5837
1 274 527 -254.91099999999997
1 276 469 -21.5614
1 276 484 -157.90200000000002
1 277 429 -2045.42
1 282 451 -4006.97
1 279 477 -106.11
1 207 193 -174226.0
1 206 299 -28.0268
1 239 305 -855.337
1 261 461 -204.014
1 289 412 -5.02095
1 233 400 -84096.0
1 268 360 -1513.61
1 117 117 -84.6587
1 183 311 -2002.62
1 220 175 -15030.3
1 244 355 -41790.3
1 245 261 -15722.6
1 290 355 -105249.0
1 264 474 -16.1711
1 149 125 -4138.2
1 164 240 -603.719
1 201 297 -110.62
1 207 298 -36.1369
1 232 373 -331.01099999999997
1 233 392 -150.583
1 234 236 -4887.54
1 234 401 -7.632739999999999
1 235 390 -193.013
1 236 398 -2660.56
1 237 390 -48.2976
1 237 399 -57.4827
1 241 374 -49.505
1 248 606 -105.78
1 249 411 -399.994
1 253 418 -8.65044
1 253 442 -1128.96
1 254 600 -234.407
1 258 597 -659.995
1 259 428 -1172.08
1 263 467 -57058.0
1 263 468 -64507.9
1 267 481 -1071.24
1 268 457 -16.2005
1 281 429 -1306.11
1 283 394 -51.2687
1 284 436 -10095.1
1 297 446 -90.9891
1 237 382 -630.024
1 240 379 -1009.07
1 144 126 -10264.7
1 148 141 -17345.3
1 223 371 -73.9988
1 257 456 -78.8716
1 160 142 -12.129000000000001
1 247 419 -3289.41
1 272 448 -9303.32
1 290 441 -327.259
1 257 602 -126.38
1 176 219 -62.8263
1 209 228 -5103.55
1 256 590 -142.562
1 290 403 -156.863
1 250 618 -4455.02
1 261 581 -56.0597
1 241 405 -749.35
1 251 362 -74743.5
1 271 484 -88.8718
1 235 358 -628.653
1 254 368 -1870.47
1 261 424 -301.86
1 290 463 -5705.15
1 279 465 -77.6211
1 175 246 -2.5918799999999997
1 231 201 -132528.0
1 240 393 -81.2434
1 282 445 -0.008625
1 255 399 -717.564
1 267 483 -1613.76
1 243 350 -4957.83
1 244 406 -2.58737
1 288 370 -333.77099999999996
1 162 138 -1.9620900000000001
1 218 352 -17989.4
1 259 459 -7.41712
1 251 431 -2344.93
1 292 373 -12.2414
1 227 282 -24.1456
1 265 476 -17.2491
1 251 330 -1538.19
1 185 272 -13.6495
1 235 401 -18.2841
1 274 481 -151.102
1 271 480 -18.8447
1 286 460 -48.8582
1 259 438 -13.1956
1 272 492 -30.3669
1 243 423 -15.6536
1 259 448 -158.821
1 271 535 -925.706
1 244 609 -29.5823
1 160 144 -89.0948
1 271 517 -1577.73
1 212 180 -962.12
1 271 536 -196.75099999999998
1 217 228 -2459.03
1 252 431 -1741.3
1 186 275 -3670.28
1 174 184 -770.605
1 250 444 -366.499
1 201 245 -16572.5
1 237 397 -2573.57
1 252 401 -3787.48
1 201 299 -39674.9
1 258 419 -747896.0
1 261 540 -1313.59
