1 62 1 3798.3
1 61 2 3770.7
1 60 3 3749.7
1 59 4 3733.5
1 58 5 3721.5
1 57 6 3713.4
1 56 7 3709.2
1 55 8 3709.0
1 54 9 3713.4
1 53 10 3722.5
1 52 11 3736.7
1 51 12 3755.5
1 49 13 3767.8
1 50 13 3777.1
1 48 14 3789.3
1 47 15 3784.5
1 46 16 3776.7
1 45 17 3766.9
1 45 18 3767.6
1 45 19 3768.3
1 44 20 3756.4
1 44 21 3756.2
1 44 22 3755.5
1 44 23 3754.2
1 44 24 3752.2
1 44 25 3749.4
1 44 26 3745.6
1 44 27 3740.7
1 44 28 3734.5
1 44 29 3727.0
1 44 30 3717.9
1 44 31 3707.0
1 44 32 3694.2
1 44 33 3679.1
1 44 34 3661.5
1 44 35 3641.1
1 44 36 3617.4
1 44 37 3589.8
1 44 38 3557.8
1 44 39 3520.3
1 44 40 3476.1
1 44 41 3422.8
1 43 42 3304.0
1 43 43 3265.0
1 43 44 3203.3
1 42 45 3052.1
1 42 46 2997.6
1 40 47 2765.7
1 41 47 2812.0
1 40 48 2729.6
1 40 49 2663.5
1 40 50 2567.6
1 35 78 4859.7
1 35 79 4888.1
1 34 80 4945.1
1 33 81 5025.5
1 32 82 5089.1
1 31 83 5102.5
1 30 84 5114.2
1 29 85 5123.1
1 28 86 5145.4
1 27 87 5164.2
1 26 88 5190.3
1 25 89 5217.8
1 25 90 5254.2
1 24 91 5241.3
1 24 92 5256.5
1 24 93 5293.6
1 24 94 5330.6
1 23 95 5345.7
1 23 96 5386.0
1 23 97 5422.3
1 22 98 5430.3
1 22 99 5471.4
1 22 100 5508.4
1 22 101 5545.7
1 21 102 5566.0
1 21 103 5611.1
1 20 104 5633.2
1 20 105 5675.7
1 19 106 5707.7
1 19 107 5752.1
1 18 108 5788.7
1 18 109 5828.5
1 17 110 5747.7
1 17 111 5758.8
1 17 112 5868.1
1 65 109 6030.5
1 66 109 6027.0
1 67 109 5976.4
1 68 109 5941.6
1 69 109 5951.1
1 62 110 5964.5
1 63 110 6002.2
1 64 110 6023.1
1 70 110 6040.0
1 60 111 5859.4
1 61 111 5880.9
1 71 111 6106.0
1 37 112 5647.1
1 38 112 5707.3
1 39 112 5768.9
1 40 112 5814.4
1 41 112 5851.4
1 42 112 5873.4
1 43 112 5884.6
1 44 112 5893.7
1 45 112 5900.9
1 46 112 5910.4
1 47 112 5919.3
1 48 112 5936.9
1 55 112 5739.6
1 56 112 5761.3
1 57 112 5778.4
1 58 112 5795.2
1 59 112 5810.1
1 72 112 6143.0
1 16 113 5956.8
1 33 113 5631.7
1 34 113 5615.1
1 35 113 5599.2
1 36 113 5578.7
1 49 113 5930.6
1 50 113 5908.4
1 51 113 5855.3
1 52 113 5800.7
1 53 113 5744.1
1 54 113 5707.4
1 73 113 6175.3
1 16 114 6015.9
1 29 114 5721.3
1 30 114 5696.1
1 31 114 5668.3
1 32 114 5633.3
1 74 114 6198.4
1 75 114 6202.5
1 16 115 6072.6
1 25 115 5833.0
1 26 115 5810.2
1 27 115 5781.0
1 28 115 5741.0
1 76 115 6234.3
1 16 116 6127.9
1 21 116 5975.7
1 22 116 5990.6
1 23 116 5903.4
1 24 116 5863.2
1 77 116 6249.5
1 78 116 6247.6
1 79 116 6260.2
1 16 117 6182.1
1 20 117 6023.7
1 80 117 6281.1
1 81 117 6279.2
1 82 117 6258.6
1 83 117 6231.1
1 84 117 6202.0
1 16 118 6219.5
1 17 118 6185.7
1 18 118 6138.6
1 19 118 6085.1
1 85 118 6131.5
1 85 119 6089.7
1 86 120 6072.5
1 86 121 6095.2
1 86 122 6120.0
1 86 123 6137.3
1 86 124 6149.7
1 86 125 6159.3
1 86 126 6166.4
1 86 127 6170.1
1 86 128 6170.7
1 86 129 6169.0
1 86 130 6166.3
1 86 131 6162.1
1 86 132 6155.2
1 86 133 6146.5
1 86 134 6134.7
1 86 135 6118.8
1 86 136 6099.7
1 85 137 6050.6
1 85 138 6037.7
1 84 139 6032.8
1 83 140 6073.8
1 82 141 6157.7
1 82 142 6174.0
1 81 143 6226.7
1 80 144 6287.2
1 79 145 6356.2
1 78 146 6419.8
1 77 147 6487.1
1 76 148 6559.0
1 75 149 6636.4
1 75 150 6700.7
1 75 151 6761.3
1 75 152 6821.9
1 75 153 6868.8
1 76 154 6862.0
1 77 154 6849.2
1 78 154 6839.0
1 79 155 6827.7
1 80 155 6815.1
1 81 156 6797.5
1 82 157 6771.0
1 82 158 6748.6
1 83 158 6734.5
1 84 159 6704.6
1 84 160 6676.8
1 84 161 6652.4
1 84 162 6628.5
1 85 163 6603.4
1 86 164 6574.0
1 87 165 6537.0
1 88 166 6502.2
1 89 167 6468.6
1 90 168 6387.2
1 90 169 6337.2
1 91 170 6269.8
1 92 171 6198.4
1 93 172 6167.7
1 94 173 6141.2
1 94 174 6138.8
1 95 175 6123.4
1 95 176 6109.0
1 95 177 6113.7
1 95 178 6120.7
1 95 179 6126.0
1 96 180 5954.7
1 97 181 5971.7
1 98 182 5989.2
1 99 183 6006.7
1 100 184 6022.5
1 101 185 6037.9
1 102 185 6046.3
1 103 185 6061.9
1 104 186 6096.3
1 105 186 6097.4
1 106 187 6100.6
1 107 188 6096.4
1 108 189 5914.1
1 108 190 5916.1
1 108 191 5917.1
1 108 192 5916.7
1 108 193 5912.5
1 107 194 5707.4
1 107 195 5703.4
1 107 196 5695.6
1 107 197 5685.3
1 107 198 5673.3
1 106 199 5634.9
1 106 200 5622.0
1 105 201 5576.1
1 105 202 5562.9
1 104 203 5522.4
1 104 204 5513.7
1 104 205 5498.7
1 104 206 5477.3
1 104 207 5444.2
1 98 208 5460.6
1 99 208 5470.7
1 100 208 5483.1
1 101 208 5496.0
1 102 208 5513.7
1 103 208 5542.4
1 97 209 5451.3
1 97 210 5450.1
1 97 211 5446.0
1 97 212 5440.7
1 96 213 5424.1
1 95 214 5416.7
1 95 215 5415.4
1 94 216 5408.0
1 94 217 5407.1
1 94 218 5406.4
1 95 219 5410.6
1 96 220 5414.1
1 97 221 5418.0
1 97 222 5416.9
1 98 223 5420.2
1 98 224 5418.8
1 99 225 5422.9
1 99 226 5421.0
1 100 227 5242.1
1 128 227 5398.5
1 129 227 5461.6
1 101 228 5248.0
1 107 228 5142.9
1 108 228 5167.8
1 109 228 5196.4
1 110 228 5228.4
1 111 228 5263.1
1 125 228 5283.4
1 126 228 5309.8
1 127 228 5318.0
1 130 228 5187.6
1 131 228 5194.1
1 132 228 5188.2
1 133 228 5189.3
1 134 228 5195.5
1 135 228 5209.9
1 136 228 5226.9
1 137 228 5240.2
1 138 228 5267.0
1 102 229 5252.8
1 106 229 5280.7
1 112 229 5117.3
1 118 229 5143.6
1 119 229 5162.0
1 120 229 5177.9
1 121 229 5192.0
1 122 229 5203.3
1 123 229 5212.7
1 124 229 5215.2
1 139 229 5340.3
1 103 230 5256.3
1 104 230 5258.9
1 105 230 5261.9
1 113 230 5133.9
1 114 230 5125.4
1 115 230 5121.1
1 116 230 5118.6
1 117 230 5110.7
1 140 230 5307.1
1 139 231 5374.7
1 137 232 5411.3
1 138 232 5410.6
1 136 233 5414.6
1 135 234 5407.4
1 133 235 5374.7
1 134 235 5388.0
1 132 236 5357.8
1 130 237 5314.5
1 131 237 5329.7
1 129 238 5303.3
1 128 239 5287.2
1 127 240 5267.3
1 127 241 5257.5
1 127 242 5244.6
1 128 243 5252.9
1 129 244 5251.2
1 129 245 5238.5
1 130 246 5234.7
1 131 246 5233.6
1 132 246 5236.5
1 133 246 5245.8
1 134 246 5263.2
1 135 246 5289.6
1 136 246 5316.8
1 137 246 5336.8
1 138 246 5358.8
1 139 247 5409.5
1 140 247 5434.0
1 141 247 5471.5
1 142 247 5514.8
1 143 248 5577.8
1 144 249 5671.3
1 144 250 5698.1
1 145 251 5749.9
1 145 252 5775.5
1 145 253 5795.8
1 146 254 5829.1
1 146 255 5826.5
1 146 256 5820.5
1 146 257 5812.6
1 146 258 5802.4
1 146 259 5790.6
1 146 260 5777.2
1 146 261 5764.9
1 146 262 5751.7
1 146 263 5738.5
1 146 264 5728.4
1 146 265 0.0
1 147 266 5482.8
1 147 267 5453.7
1 147 268 5428.8
1 147 269 5389.1
1 147 270 5356.1
1 148 271 5306.0
1 148 272 5279.2
1 148 273 5252.1
1 148 274 5230.3
1 149 274 5215.4
1 149 275 5175.8
1 149 276 5143.6
1 149 277 5091.0
1 149 278 5036.4
1 150 279 5132.7
1 150 280 5087.7
1 150 281 5046.5
1 150 282 5016.2
1 151 283 4932.5
1 151 284 4888.7
1 151 285 4855.4
1 152 286 4761.4
1 152 287 4706.8
1 152 288 4662.5
1 152 289 4628.0
1 153 290 4722.8
1 153 291 4696.3
1 153 292 4704.2
1 154 293 4715.0
1 154 294 4726.6
1 154 295 4736.1
1 154 296 4742.2
1 155 297 4760.1
1 155 298 4763.9
1 156 299 4586.8
1 157 299 4593.1
1 158 299 4602.6
1 159 299 4615.1
1 160 299 4631.1
1 161 299 4650.5
1 162 300 4681.7
1 162 301 4684.5
1 162 302 4683.6
1 162 303 4681.0
1 162 304 4678.3
1 163 305 4857.4
1 163 306 4848.4
1 163 307 4838.6
1 163 308 4829.3
1 163 309 4823.2
1 164 310 5039.4
1 165 311 5081.0
1 166 312 5152.7
1 167 313 5211.3
1 168 314 5244.2
1 168 315 5076.7
1 168 316 5081.0
1 169 316 5088.5
1 169 317 5094.3
1 170 317 5104.1
1 171 318 5105.2
1 171 319 5081.8
1 172 320 5033.9
1 172 321 4986.4
1 172 322 4938.1
1 172 323 4887.1
1 172 324 4847.4
1 173 325 4845.9
1 173 326 4849.5
1 173 327 4851.3
1 174 328 4860.7
1 174 329 4862.3
1 174 330 4863.3
1 175 331 4867.8
1 176 331 4871.8
1 177 331 4877.7
1 178 332 4887.1
1 179 333 4889.7
1 179 334 4886.6
1 179 335 4883.5
1 180 336 4881.0
1 181 337 4872.5
1 181 338 4867.8
1 187 338 4741.0
1 188 338 4762.1
1 189 338 4779.7
1 190 338 4793.4
1 182 339 4858.5
1 186 339 4873.5
1 191 339 4797.0
1 192 339 5216.0
1 182 340 4852.5
1 186 340 4857.8
1 193 340 5215.3
1 182 341 4848.9
1 186 341 4847.8
1 194 341 5215.2
1 195 341 5216.8
1 183 342 4845.3
1 184 342 4845.1
1 185 342 4844.6
1 186 342 4843.5
1 196 342 5216.5
1 196 343 5214.4
1 197 344 5213.3
1 198 345 5210.9
1 199 346 5208.8
1 200 346 5210.4
1 201 346 5212.6
1 202 346 5214.7
1 203 346 5215.5
1 204 346 4355.74
1 205 347 5199.5
1 206 347 5193.3
1 207 348 5398.8
1 207 349 5496.1
1 207 350 5637.0
1 206 351 5696.9
1 205 352 5701.7
1 205 353 5706.2
1 205 354 5711.2
1 206 355 5734.1
1 206 356 5742.3
1 207 357 5767.0
1 208 357 5784.2
1 209 358 5465.4
1 210 359 5522.7
1 211 359 5550.7
1 212 360 5470.5
1 212 361 5507.7
1 208 362 5529.9
1 209 362 5534.6
1 210 362 5541.7
1 211 362 5547.4
1 207 363 5526.1
1 206 364 5520.7
1 206 365 5522.0
1 206 366 5522.2
1 206 367 5521.4
1 206 368 5520.4
1 206 369 5519.2
1 207 369 5525.6
1 208 369 5542.1
1 209 369 5563.8
1 210 369 5588.2
1 211 369 5618.5
1 212 369 5654.9
1 213 369 5699.1
1 214 370 5595.6
1 215 370 5629.4
1 216 372 5626.7
1 214 373 5263.1
1 215 373 5351.3
1 214 374 5220.0
1 213 375 5270.2
1 212 376 5247.8
1 211 377 5194.7
1 211 378 5183.6
1 211 379 5178.1
1 211 380 5180.2
1 211 381 5189.3
1 211 382 5243.7
1 211 383 5293.5
1 212 384 45000.0
1 212 385 45000.0
1 212 386 45000.0
1 212 387 45000.0
1 212 388 45000.0
1 212 389 45000.0
1 212 390 45000.0
1 212 391 45000.0
1 212 392 45000.0
1 212 393 45000.0
1 213 394 45000.0
1 213 395 45000.0
1 213 396 45000.0
1 213 397 45000.0
1 213 398 45000.0
1 213 399 45000.0
1 213 400 45000.0
1 213 401 45000.0
1 213 402 45000.0
1 214 403 45000.0
1 214 404 45000.0
1 214 405 45000.0
1 214 406 45000.0
1 214 407 45000.0
1 214 409 45000.0
1 214 410 45000.0
1 214 411 45000.0
1 214 412 45000.0
1 214 413 45000.0
1 214 414 45000.0
1 214 415 45000.0
1 215 416 45000.0
1 215 417 45000.0
1 227 417 45000.0
1 228 417 45000.0
1 229 417 45000.0
1 216 418 45000.0
1 226 418 45000.0
1 230 418 45000.0
1 217 419 45000.0
1 218 419 45000.0
1 219 419 45000.0
1 220 419 45000.0
1 221 419 45000.0
1 222 419 45000.0
1 223 419 45000.0
1 224 419 45000.0
1 225 419 45000.0
1 229 419 45000.0
1 229 420 45000.0
1 226 421 45000.0
1 227 421 45000.0
1 228 421 45000.0
1 224 422 45000.0
1 225 422 45000.0
1 224 423 45000.0
1 224 424 45000.0
1 225 424 45000.0
1 226 424 45000.0
1 227 424 45000.0
1 228 424 45000.0
1 229 425 45000.0
1 229 426 45000.0
1 229 427 45000.0
1 229 428 45000.0
1 229 429 45000.0
1 228 430 45000.0
1 228 431 45000.0
1 228 432 45000.0
1 228 433 45000.0
1 228 434 45000.0
1 228 435 45000.0
1 229 435 45000.0
1 230 436 45000.0
1 230 437 45000.0
1 230 438 45000.0
1 230 439 45000.0
1 230 440 45000.0
1 230 441 45000.0
1 230 442 45000.0
1 230 443 45000.0
1 230 444 45000.0
1 230 445 45000.0
1 230 446 45000.0
1 230 447 45000.0
1 230 448 45000.0
1 230 449 45000.0
1 230 450 45000.0
1 230 451 45000.0
1 230 452 45000.0
1 230 453 45000.0
1 230 454 45000.0
1 230 455 45000.0
1 230 456 45000.0
1 231 457 45000.0
1 231 458 45000.0
1 231 459 45000.0
1 231 460 45000.0
1 232 461 45000.0
1 232 462 45000.0
1 232 463 45000.0
1 232 464 45000.0
1 233 464 45000.0
1 234 464 45000.0
1 235 464 45000.0
1 236 464 45000.0
1 237 464 45000.0
1 238 464 45000.0
1 239 465 45000.0
1 239 466 45000.0
1 239 467 5337.1
1 238 468 5337.1
1 238 469 5337.1
1 238 470 5337.1
1 239 471 5337.1
1 240 471 5337.1
1 241 472 5337.1
1 242 472 5337.1
1 243 472 5337.1
1 244 473 5337.1
1 245 474 5337.1
1 246 475 5337.1
1 246 476 5337.1
1 246 477 5337.1
1 246 478 5337.1
1 246 479 5337.1
1 246 480 5337.1
1 245 481 5337.1
1 245 482 5337.1
1 244 483 5337.1
1 243 484 5337.1
1 243 485 5337.1
1 243 486 5337.1
1 243 487 5337.1
1 243 488 5337.1
1 243 489 5337.1
1 242 490 5337.1
1 242 491 5337.1
1 241 492 5337.1
1 241 493 5337.1
1 240 494 5337.1
1 239 495 5337.1
1 238 496 5337.1
1 235 497 5337.1
1 236 497 5337.1
1 237 497 5337.1
1 233 498 5337.1
1 234 498 5337.1
1 233 499 5337.1
1 232 500 5337.1
1 231 501 5337.1
1 231 502 5337.1
1 231 503 5337.1
1 231 504 5337.1
1 231 505 5337.1
1 231 506 5337.1
1 231 507 5337.1
1 231 508 5337.1
1 231 509 5337.1
1 231 510 5337.1
1 231 511 5337.1
1 231 512 5337.1
1 231 513 5337.1
1 231 514 5337.1
1 231 515 5337.1
1 232 516 5337.1
1 232 517 5337.1
1 232 518 5337.1
1 233 519 5337.1
1 233 520 5337.1
1 233 521 5337.1
1 234 522 5337.1
1 234 523 5337.1
1 235 524 5337.1
1 235 525 5337.1
1 236 525 5337.1
1 237 525 5337.1
1 238 525 5337.1
1 239 526 5337.1
1 239 527 5337.1
1 240 528 5437.9
1 240 529 5453.1
1 241 530 5519.7
1 241 531 5549.7
1 241 532 5566.6
1 241 533 5578.1
1 241 534 5586.4
1 242 535 5064.8
1 242 536 5076.1
1 243 536 5094.1
1 244 536 5126.6
1 245 536 5155.2
1 246 537 5210.6
1 246 538 5227.7
1 247 539 5267.6
1 248 540 5303.1
1 249 540 5315.2
1 250 540 5331.6
1 251 541 5365.2
1 250 544 5398.8
1 251 544 5401.1
1 245 545 5344.2
1 246 545 5355.4
1 247 545 5374.0
1 248 545 5387.7
1 249 545 5393.2
1 243 546 5317.7
1 244 546 5321.7
1 243 547 5318.4
1 242 548 5314.5
1 242 549 5314.8
1 241 550 5308.6
1 241 551 5306.9
1 240 552 5296.5
1 239 553 5285.5
1 238 554 0.0
1 237 555 5249.9
1 236 556 5248.8
1 236 557 5248.8
1 232 558 5189.1
1 233 558 5186.1
1 234 558 5193.8
1 235 558 5197.3
1 232 559 5201.2
1 231 560 5201.4
1 231 561 5209.8
1 231 562 5216.5
1 231 563 5221.6
1 231 564 5222.9
1 230 565 5389.7
1 230 566 5382.9
1 230 567 5372.0
1 230 568 5359.6
1 215 371 5678.1
1 39 51 6043.2
1 39 52 5967.8
1 38 53 5714.5
1 38 54 5641.8
1 37 55 5375.6
1 36 56 5152.8
1 35 57 4950.0
1 35 58 4889.0
1 35 59 4787.7
1 35 60 8397.7
1 35 61 8262.3
1 35 62 8125.5
1 35 63 7985.2
1 35 64 7841.2
1 35 65 7693.4
1 35 66 7542.6
1 35 67 7395.4
1 35 68 7276.3
1 36 69 10770.0
1 36 70 10502.6
1 36 71 10250.3
1 36 72 10007.1
1 36 73 9772.1
1 36 74 9559.1
1 36 75 9377.7
1 36 76 9287.9
1 36 77 9255.2
1 230 569 5347.0
1 230 570 5333.5
1 230 571 5317.4
1 230 572 5306.0
1 230 573 5316.9
1 230 574 5332.4
1 230 575 5342.6
1 230 576 5344.7
1 230 577 5179.6
1 230 578 5212.8
1 230 579 5245.9
1 230 580 5275.3
1 230 581 5278.4
1 230 582 5283.8
1 230 583 5286.3
1 230 584 5285.4
1 230 585 5282.0
1 230 586 5277.4
1 230 587 5271.3
1 230 588 5267.4
1 229 589 5251.5
1 229 590 5242.2
1 228 591 5219.5
1 228 592 5203.8
1 228 593 5186.5
1 228 594 5164.3
1 227 595 5120.1
1 227 596 5096.9
1 227 597 5068.8
1 227 598 5035.6
1 227 599 4786.4
1 226 600 4700.2
1 226 601 4698.2
1 226 602 4696.9
1 226 603 4697.6
1 225 604 4268.5
1 224 605 4268.5
1 223 606 4290.4
1 222 607 4310.8
1 223 605 4275.0
1 114 114 -13911.1
1 117 120 -1091.79
1 121 111 -421.55
1 121 113 -421.55
1 124 115 -140.52
1 125 116 -281.03
1 126 120 -140.52
1 129 121 -21920.5
1 130 122 -810.755
1 133 112 -24309.3
1 135 194 -810.755
1 138 201 -5761.16
1 139 168 -2950.84
1 140 168 -7868.9
1 141 191 -15175.7
1 143 126 -30773.0
1 143 172 -7587.87
1 143 190 -10819.7
1 144 166 -11662.8
1 144 172 -20093.8
1 144 182 -27119.6
1 144 190 -8430.97
1 145 164 -281.03
1 146 117 -8993.03
1 146 188 -281.03
1 146 190 -12365.4
1 147 132 -25152.4
1 147 145 -810.755
1 148 167 -18829.2
1 148 176 -12614.1
1 148 196 -38501.4
1 149 145 -16159.3
1 149 146 -17424.0
1 150 124 -7728.39
1 150 128 -140.52
1 150 141 -2248.26
1 150 198 -13208.5
1 151 142 -5620.65
1 151 195 -12365.4
1 152 123 -51288.4
1 152 125 -1513.34
1 152 132 -3480.57
1 153 142 -9836.13
1 153 192 -19812.8
1 154 125 -140.52
1 154 171 -6571.92
1 154 249 -27541.2
1 155 112 -17283.5
1 155 129 -6042.19
1 155 141 -10257.7
1 156 129 -147401.0
1 156 146 -4215.48
1 157 116 -12084.4
1 157 135 -17780.9
1 157 140 -226793.0
1 157 251 -37517.8
1 158 133 -7836.57
1 158 137 -15456.8
1 158 181 -60562.4
1 159 119 -50164.3
1 159 173 -22201.6
1 160 119 -8852.52
1 161 125 -1264.65
1 161 129 -140.52
1 161 140 -1967.23
1 161 188 -41592.8
1 162 119 -2810.32
1 162 121 -45386.7
1 162 128 -166231.0
1 162 132 -22061.0
1 162 140 -562.06
1 162 167 -140.52
1 162 169 -1826.71
1 163 138 -3059.02
1 163 139 -140.52
1 164 135 -9695.61
1 164 187 -27119.6
1 165 130 -21358.4
1 165 131 -702.58
1 166 126 -13208.5
1 167 259 -2107.74
1 168 123 -2529.29
1 168 208 -7447.35
1 169 163 -21639.5
1 170 131 -13911.1
1 170 132 -1405.16
1 170 163 -9274.06
1 171 130 -24028.3
1 171 131 -12927.5
1 171 132 -16721.4
1 172 130 -19672.3
1 172 218 -33442.8
1 174 123 -10398.2
1 174 135 -10257.7
1 175 204 -281.03
1 176 176 -7587.87
1 176 202 -3934.45
1 177 133 -45948.8
1 177 211 -10960.3
1 178 164 -44122.1
1 178 261 -33723.9
1 179 181 -97518.2
1 179 183 -17283.5
1 180 208 -34426.4
1 183 184 -43419.5
1 184 246 -1124.13
1 187 281 -3372.39
1 188 198 -18548.1
1 188 209 -17002.4
1 188 240 -46510.8
1 188 258 -40468.6
1 189 282 -5199.1
1 190 281 -13911.1
1 191 191 -42154.8
1 191 281 -44122.1
1 193 256 -8430.97
1 193 260 -19686.3
1 195 276 -421.55
1 197 252 -13911.1
1 198 297 -3793.94
1 198 298 -810.755
1 199 211 -27260.1
1 199 231 -21499.0
1 199 298 -810.755
1 200 298 -810.755
1 201 234 -421.55
1 203 275 -50726.3
1 203 280 -8993.03
1 204 248 -19928.1
1 205 300 -840.605
1 206 196 -86979.5
1 206 286 -4407.77
1 206 300 -1621.51
1 210 264 -1545.68
1 211 255 -45105.7
1 211 332 -8332.61
1 212 226 -6885.29
1 212 258 -108197.0
1 213 264 -421.55
1 213 300 -8993.03
1 214 240 -76019.2
1 215 260 -59438.3
1 216 238 -51428.9
1 216 267 -28805.8
1 217 264 -35129.0
1 217 365 -983.61
1 218 179 -33583.4
1 219 310 -3091.35
1 221 223 -843.1
1 221 246 -7587.87
1 221 284 -13187.4
1 222 352 -18890.4
1 222 358 -4215.48
1 222 369 -15597.3
1 223 271 -17705.0
1 224 301 -25011.9
1 224 374 -8457.16
1 226 311 -16018.8
1 226 331 -53644.8
1 226 350 -224.17
1 226 365 -2603.1
1 226 382 -14894.6
1 227 270 -5901.68
1 228 225 -32459.2
1 230 255 -39906.6
1 230 361 -36112.6
1 231 401 -1232.31
1 232 364 -249.7
1 232 370 -17142.2
1 233 337 -810.755
1 233 394 -1621.51
1 233 399 -85574.3
1 234 304 -4385.1
1 234 393 -810.755
1 235 338 -702.58
1 235 400 -2107.74
1 235 605 -9049.24
1 235 609 -38648.2
1 236 263 -10117.2
1 236 351 -15316.3
1 236 609 -118.38
1 237 237 -6604.26
1 237 316 -27516.2
1 237 357 -3542.54
1 237 389 -810.755
1 238 221 -3231.87
1 238 398 -5.42
1 238 605 -4053.78
1 238 609 -1705.26
1 239 250 -421.55
1 239 338 -14754.2
1 239 426 -843.1
1 239 605 -4053.78
1 239 606 -2432.27
1 239 619 -810.755
1 240 380 -810.755
1 240 426 -810.755
1 240 608 -3243.02
1 241 335 -23044.7
1 241 342 -27119.6
1 241 358 -1545.68
1 241 604 -810.755
1 242 311 -7826.75
1 243 357 -23747.2
1 243 371 -11194.9
1 243 389 -1826.71
1 243 422 -140.52
1 243 431 -56.48
1 243 605 -4053.78
1 244 431 -117.49
1 244 605 -4864.53
1 244 621 -1621.51
1 245 238 -32880.8
1 245 322 -20977.8
1 245 337 -951.275
1 245 621 -810.755
1 246 321 -4725.5
1 246 618 -2432.27
1 247 344 -810.755
1 247 383 -12425.4
1 247 384 -3479340.0
1 248 251 -40371.6
1 248 436 -4356.0
1 248 444 -28537.1
1 248 589 -4074.97
1 249 373 -810.755
1 249 389 -5620.65
1 249 424 -7555.53
1 249 430 -37863.7
1 249 436 -6382.69
1 249 606 -4053.78
1 250 239 -3091.35
1 250 326 -2898.42
1 250 424 -810.755
1 250 425 -494617.0
1 250 431 -45695.9
1 250 595 -2713.3
1 251 300 -38220.4
1 251 333 -1146.02
1 251 356 -27723.7
1 251 408 -519.91
1 251 456 -951.275
1 251 457 -32.89
1 251 594 -810.755
1 251 595 -885.185
1 251 596 -1621.51
1 252 230 -24730.8
1 252 285 -16299.9
1 252 329 -35575.1
1 252 450 -1264.65
1 252 595 -810.755
1 252 606 -810.755
1 253 298 -1545.68
1 253 331 -17516.2
1 253 332 -21845.9
1 253 416 -140.52
1 253 420 -6943.74
1 253 445 -106712.0
1 254 338 -40468.6
1 254 367 -702.58
1 254 407 -179.26
1 254 597 -810.755
1 254 607 -13035.7
1 255 381 -28805.8
1 255 383 -44543.6
1 255 388 -36253.2
1 255 395 -2529.29
1 255 420 -8571.48
1 255 439 -17283.5
1 255 443 -80579.3
1 255 595 -810.755
1 255 596 -810.755
1 255 606 -810.755
1 255 609 -40558.3
1 255 610 -9297.86
1 256 314 -9772.42
1 256 335 -23887.7
1 256 341 -702.58
1 256 370 -8331.94
1 256 413 -3372.39
1 256 586 -39971.9
1 256 593 -3243.02
1 257 238 -3793.94
1 257 324 -465.96
1 257 413 -3793.94
1 257 576 -5574.65
1 257 599 -12171.3
1 257 600 -64215.9
1 258 325 -15213.1
1 258 336 -3841.05
1 258 418 -217790.0
1 258 420 -42409.4
1 258 442 -839837.0
1 258 464 -702.58
1 258 585 -4864.53
1 258 595 -1621.51
1 258 601 -23466.2
1 258 602 -98736.8
1 259 340 -36642.4
1 259 371 -2705.11
1 259 405 -133192.0
1 259 588 -33023.1
1 259 592 -1341.96
1 259 593 -1147.01
1 260 342 -18829.2
1 260 349 -843.1
1 260 407 -2670910.0
1 260 424 -1270.57
1 260 463 -82201.9
1 260 464 -24590.3
1 260 585 -66914.0
1 260 586 -81930.4
1 260 587 -46356.3
1 261 337 -4777.55
1 261 355 -18267.1
1 261 381 -271605.0
1 261 395 -2650.59
1 261 416 -25573.9
1 261 418 -810.755
1 261 429 -56861.8
1 261 464 -41733.3
1 261 492 -810.755
1 261 571 -7728.39
1 261 576 -38686.7
1 262 345 -2810.32
1 262 540 -326.17
1 262 564 -9399.34
1 262 567 -44107.6
1 262 568 -21077.4
1 262 570 -135177.0
1 262 571 -2248.26
1 263 340 -3091.35
1 263 471 -7447.35
1 263 477 -1264.65
1 263 520 -1621.51
1 263 574 -1826.71
1 263 582 -4228.73
1 264 265 -421.55
1 264 344 -10819.7
1 264 345 -10117.2
1 264 367 -810.755
1 264 383 -19232.8
1 264 407 -4356.0
1 264 428 -161818.0
1 264 468 -75.56
1 264 471 -10960.3
1 264 476 -71241.7
1 264 477 -1264.65
1 264 523 -2994.33
1 264 524 -702.58
1 264 549 -4319.61
1 265 364 -23251.6
1 265 374 -146445.0
1 265 380 -74.81
1 265 422 -193935.0
1 265 523 -4907.73
1 265 557 -281.03
1 266 337 -810.755
1 266 340 -4215.48
1 266 462 -421.55
1 267 391 -16721.4
1 267 463 -3091.35
1 267 555 -1091.79
1 267 556 -810.755
1 268 333 -12927.5
1 268 334 -7587.87
1 268 436 -1872200.0
1 268 455 -31.61
1 268 479 -1124.13
1 268 480 -140.52
1 268 489 -6440.1
1 269 363 -810.755
1 269 397 -22763.6
1 269 450 -2248.26
1 269 456 -6405.11
1 269 483 -281.03
1 269 541 -810.755
1 270 337 -1967.23
1 270 352 -6463.74
1 270 397 -21920.5
1 270 412 -322046.0
1 270 417 -121927.0
1 270 429 -1133.43
1 270 481 -810.755
1 270 483 -1280.16
1 270 484 -810.755
1 270 486 -2912.9
1 270 498 -39344.5
1 270 539 -140.52
1 271 319 -57776.9
1 271 335 -1405.16
1 271 368 -8430.97
1 271 371 -140.52
1 271 415 -117068.0
1 271 451 -3512.9
1 271 485 -356.4
1 271 493 -102585.0
1 271 498 -247589.0
1 271 537 -78925.2
1 272 336 -16.37
1 272 337 -21497.3
1 272 351 -36112.6
1 272 366 -562.06
1 272 368 -26969.0
1 272 388 -1376100.0
1 272 450 -5199.1
1 272 451 -25292.9
1 272 462 -2562680.0
1 272 490 -562.06
1 272 491 -2.44
1 272 497 -38576.9
1 272 498 -843.1
1 272 530 -41228.4
1 272 532 -152845.0
1 272 535 -28457.9
1 273 363 -6182.71
1 273 392 -10.03
1 273 410 -983.61
1 273 480 -6604.26
1 273 510 -810.755
1 273 516 -22420.4
1 273 517 -585324.0
1 273 518 -628.03
1 274 409 -2248.26
1 274 520 -57611.6
1 274 523 -140.52
1 275 367 -258831.0
1 275 441 -436022.0
1 275 450 -32178.2
1 275 506 -421.55
1 276 364 -27681.7
1 276 366 -151336.0
1 276 392 -281.03
1 276 446 -3372.39
1 276 474 -39264.4
1 277 294 -86508.0
1 277 390 -2529.29
1 277 407 -174939.0
1 277 431 -7837.5
1 277 468 -140.52
1 277 472 -11767.0
1 277 480 -81270.1
1 278 365 -42295.4
1 278 435 -19.41
1 278 482 -7306.84
1 279 310 -30728.4
1 279 336 -12927.5
1 279 388 -275.55
1 279 433 -204830.0
1 279 438 -450158.0
1 279 449 -1545.68
1 279 475 -159273.0
1 279 485 -14332.7
1 280 365 -4637.03
1 280 433 -26584.4
1 280 442 -8290.45
1 280 469 -9947.51
1 280 471 -63719.3
1 281 386 -36.27
1 281 388 -256.28
1 281 458 -446182.0
1 282 409 -6323.23
1 282 424 -2950.84
1 282 430 -843.1
1 282 436 -3754.68
1 282 454 -1080.0
1 282 457 -307.73
1 283 354 -1967.23
1 283 429 -351009.0
1 283 449 -30481.8
1 283 452 -20971.5
1 283 455 -116225.0
1 283 468 -57541.9
1 284 339 -57058.6
1 284 457 -6463.74
1 284 463 -554662.0
1 284 481 -5008.48
1 285 336 -2248.26
1 285 374 -1405.16
1 285 467 -118622.0
1 285 475 -359.87
1 286 330 -59434.7
1 286 425 -347669.0
1 286 475 -26694.9
1 286 477 -62842.1
1 287 329 -2027.03
1 287 388 -3975.88
1 287 426 -307377.0
1 287 477 -105750.0
1 288 372 -8430.97
1 288 419 -10538.7
1 288 423 -1113.28
1 288 426 -810.755
1 289 351 -22201.6
1 289 404 -226058.0
1 289 459 -35378.0
1 289 468 -21057.6
1 290 374 -57190.1
1 290 382 -8393.52
1 290 402 -425.62
1 290 411 -6042.19
1 290 412 -23461.6
1 290 413 -21499.0
1 290 420 -586.86
1 290 477 -279678.0
1 291 350 -702.58
1 291 355 -28223.1
1 291 373 -2529.29
1 291 397 -322.77
1 291 419 -1509510.0
1 292 361 -9414.58
1 292 365 -21780.0
1 292 416 -1405.16
1 292 469 -40969.2
1 294 435 -14192.1
1 294 447 -28042.1
1 294 458 -24297.1
1 295 391 -9836.13
1 296 388 -1363.51
1 296 398 -4273.47
1 296 406 -66305.6
1 296 433 -9414.58
1 297 381 -8852.52
1 297 383 -1967.23
1 297 395 -173479.0
1 297 401 -59839.6
1 297 402 -47909.4
1 297 413 -2327220.0
1 297 415 -78689.0
1 297 442 -77190.5
1 298 389 -1967.23
1 299 354 -1967.23
1 299 355 -4777.55
1 299 387 -599.46
1 334 405 -24028.3
1 102 110 -810.755
1 102 113 -810.755
1 103 100 -810.755
1 103 104 -810.755
1 104 115 -810.755
1 105 115 -810.755
1 105 139 -810.755
1 108 117 -810.755
1 109 112 -810.755
1 111 155 -810.755
1 111 208 -810.755
1 112 181 -810.755
1 113 111 -810.755
1 113 159 -810.755
1 113 211 -810.755
1 114 173 -810.755
1 114 212 -1621.51
1 115 212 -1621.51
1 116 121 -810.755
1 116 150 -810.755
1 116 166 -810.755
1 117 119 -810.755
1 117 168 -810.755
1 117 210 -810.755
1 119 194 -810.755
1 119 202 -810.755
1 119 96 -810.755
1 120 155 -810.755
1 120 94 -810.755
1 121 187 -810.755
1 123 110 -810.755
1 123 111 -810.755
1 123 158 -810.755
1 123 168 -810.755
1 123 193 -810.755
1 123 202 -1621.51
1 125 150 -810.755
1 125 151 -810.755
1 125 193 -810.755
1 125 194 -810.755
1 126 121 -810.755
1 126 191 -810.755
1 126 195 -810.755
1 127 150 -810.755
1 127 160 -810.755
1 127 169 -810.755
1 127 195 -810.755
1 127 199 -1621.51
1 128 122 -810.755
1 128 148 -810.755
1 128 149 -810.755
1 128 152 -810.755
1 128 153 -810.755
1 128 154 -810.755
1 128 157 -810.755
1 128 199 -810.755
1 129 117 -810.755
1 129 119 -810.755
1 129 122 -810.755
1 129 146 -810.755
1 129 154 -1621.51
1 129 162 -810.755
1 129 176 -810.755
1 130 120 -810.755
1 130 154 -810.755
1 130 155 -810.755
1 130 156 -2432.27
1 130 194 -810.755
1 131 112 -810.755
1 131 121 -810.755
1 131 122 -810.755
1 131 150 -810.755
1 131 156 -810.755
1 131 157 -810.755
1 131 158 -810.755
1 131 161 -1621.51
1 131 198 -810.755
1 132 112 -810.755
1 132 155 -810.755
1 132 156 -810.755
1 132 160 -810.755
1 132 161 -1621.51
1 133 155 -810.755
1 133 159 -810.755
1 133 160 -1621.51
1 133 192 -1621.51
1 133 193 -810.755
1 134 148 -810.755
1 134 150 -810.755
1 134 151 -810.755
1 134 156 -810.755
1 134 191 -810.755
1 134 193 -3243.02
1 135 148 -4053.78
1 135 149 -1621.51
1 135 156 -810.755
1 135 157 -810.755
1 135 193 -2432.27
1 136 147 -810.755
1 136 148 -810.755
1 136 149 -810.755
1 136 150 -1621.51
1 136 153 -810.755
1 136 155 -810.755
1 137 148 -810.755
1 137 150 -810.755
1 137 153 -1621.51
1 137 154 -810.755
1 137 157 -2432.27
1 137 175 -810.755
1 137 206 -810.755
1 138 151 -810.755
1 138 152 -810.755
1 138 153 -2432.27
1 138 168 -810.755
1 138 169 -810.755
1 139 151 -810.755
1 140 138 -810.755
1 140 155 -3243.02
1 140 156 -810.755
1 140 171 -810.755
1 140 180 -810.755
1 141 149 -810.755
1 141 154 -1621.51
1 141 157 -810.755
1 141 171 -810.755
1 141 199 -1621.51
1 142 155 -810.755
1 142 156 -810.755
1 142 157 -810.755
1 142 158 -810.755
1 142 174 -810.755
1 142 179 -810.755
1 142 201 -810.755
1 143 146 -810.755
1 143 157 -2432.27
1 144 142 -1621.51
1 144 173 -810.755
1 145 142 -810.755
1 145 143 -810.755
1 145 151 -810.755
1 145 187 -810.755
1 145 226 -810.755
1 146 140 -810.755
1 146 141 -1621.51
1 146 145 -810.755
1 146 208 -810.755
1 146 229 -810.755
1 146 230 -810.755
1 146 232 -810.755
1 147 139 -2432.27
1 147 140 -810.755
1 147 141 -810.755
1 147 142 -810.755
1 147 229 -810.755
1 147 230 -810.755
1 147 233 -810.755
1 147 239 -810.755
1 147 240 -810.755
1 148 217 -810.755
1 148 221 -810.755
1 149 127 -810.755
1 149 147 -810.755
1 149 154 -810.755
1 149 222 -810.755
1 149 253 -810.755
1 150 160 -810.755
1 150 164 -810.755
1 150 177 -810.755
1 150 227 -810.755
1 150 236 -810.755
1 151 128 -810.755
1 151 228 -810.755
1 152 153 -810.755
1 152 173 -810.755
1 152 176 -810.755
1 152 222 -810.755
1 152 228 -810.755
1 153 126 -810.755
1 153 136 -810.755
1 153 155 -810.755
1 153 232 -810.755
1 153 238 -810.755
1 153 253 -810.755
1 154 126 -810.755
1 154 133 -810.755
1 154 161 -810.755
1 154 172 -810.755
1 154 220 -810.755
1 154 244 -810.755
1 155 170 -1621.51
1 155 216 -810.755
1 155 262 -810.755
1 156 160 -810.755
1 156 211 -810.755
1 156 223 -810.755
1 157 132 -810.755
1 157 133 -810.755
1 157 134 -2432.27
1 157 136 -810.755
1 157 194 -810.755
1 157 207 -810.755
1 157 240 -810.755
1 158 135 -810.755
1 158 248 -810.755
1 159 152 -810.755
1 159 231 -810.755
1 159 240 -810.755
1 159 247 -810.755
1 159 248 -810.755
1 159 250 -810.755
1 159 251 -810.755
1 159 257 -810.755
1 160 133 -810.755
1 160 249 -1621.51
1 160 251 -1621.51
1 160 252 -810.755
1 160 253 -810.755
1 160 262 -810.755
1 161 144 -1621.51
1 161 251 -810.755
1 161 253 -810.755
1 162 137 -1621.51
1 162 252 -1621.51
1 162 253 -810.755
1 163 152 -810.755
1 163 190 -810.755
1 163 236 -810.755
1 164 278 -810.755
1 164 290 -810.755
1 164 299 -810.755
1 165 133 -1621.51
1 165 134 -1621.51
1 165 135 -810.755
1 165 290 -810.755
1 166 131 -810.755
1 166 132 -810.755
1 166 133 -1621.51
1 166 134 -810.755
1 166 135 -810.755
1 166 210 -810.755
1 166 254 -810.755
1 166 255 -810.755
1 167 127 -810.755
1 167 132 -1621.51
1 167 133 -1621.51
1 167 134 -2432.27
1 167 256 -810.755
1 167 288 -810.755
1 167 294 -810.755
1 168 130 -810.755
1 168 131 -810.755
1 168 132 -3243.02
1 168 133 -3243.02
1 168 286 -810.755
1 168 287 -1621.51
1 168 291 -1621.51
1 169 128 -1621.51
1 169 129 -3243.02
1 169 131 -810.755
1 169 132 -4053.78
1 169 133 -2432.27
1 169 134 -7296.8
1 169 135 -810.755
1 169 236 -810.755
1 169 260 -810.755
1 169 271 -810.755
1 169 287 -810.755
1 169 290 -810.755
1 170 133 -2432.27
1 170 134 -9729.06
1 170 136 -810.755
1 170 187 -810.755
1 170 256 -810.755
1 170 287 -810.755
1 170 292 -810.755
1 171 133 -1621.51
1 171 134 -810.755
1 171 136 -4053.78
1 171 290 -810.755
1 172 257 -810.755
1 172 284 -810.755
1 172 295 -1621.51
1 172 311 -810.755
1 173 258 -810.755
1 173 278 -810.755
1 173 290 -810.755
1 173 292 -810.755
1 173 293 -1621.51
1 173 294 -810.755
1 174 124 -810.755
1 174 253 -810.755
1 174 261 -810.755
1 174 270 -810.755
1 174 283 -810.755
1 174 289 -810.755
1 174 293 -810.755
1 175 260 -810.755
1 175 288 -810.755
1 175 292 -1621.51
1 175 293 -810.755
1 175 296 -810.755
1 175 305 -810.755
1 176 274 -810.755
1 176 305 -810.755
1 177 289 -810.755
1 177 290 -810.755
1 178 243 -810.755
1 178 280 -810.755
1 178 285 -810.755
1 178 302 -810.755
1 178 305 -810.755
1 178 306 -810.755
1 178 311 -810.755
1 179 278 -810.755
1 179 285 -810.755
1 180 149 -810.755
1 180 286 -810.755
1 181 297 -810.755
1 181 307 -810.755
1 181 308 -810.755
1 183 242 -810.755
1 183 285 -810.755
1 183 295 -810.755
1 183 308 -810.755
1 183 309 -810.755
1 183 318 -810.755
1 184 263 -810.755
1 184 285 -810.755
1 184 313 -810.755
1 184 319 -810.755
1 185 257 -810.755
1 185 305 -810.755
1 185 306 -810.755
1 185 307 -810.755
1 185 315 -810.755
1 186 255 -810.755
1 186 265 -810.755
1 186 307 -1621.51
1 186 310 -810.755
1 188 262 -810.755
1 188 294 -810.755
1 188 295 -810.755
1 189 295 -810.755
1 189 309 -810.755
1 190 307 -810.755
1 190 308 -810.755
1 190 324 -810.755
1 191 292 -1621.51
1 191 304 -810.755
1 191 305 -810.755
1 192 258 -810.755
1 192 284 -810.755
1 192 304 -810.755
1 192 316 -810.755
1 192 319 -810.755
1 193 262 -810.755
1 193 301 -810.755
1 193 311 -810.755
1 193 313 -1621.51
1 194 284 -810.755
1 194 313 -810.755
1 195 269 -810.755
1 195 287 -810.755
1 195 289 -810.755
1 195 300 -810.755
1 195 311 -810.755
1 195 313 -810.755
1 196 269 -810.755
1 196 275 -810.755
1 196 303 -810.755
1 196 324 -810.755
1 196 333 -810.755
1 197 264 -810.755
1 197 283 -810.755
1 197 300 -810.755
1 197 322 -810.755
1 197 325 -810.755
1 198 242 -810.755
1 198 276 -1621.51
1 198 309 -810.755
1 198 311 -810.755
1 199 283 -810.755
1 199 311 -810.755
1 199 324 -810.755
1 200 280 -810.755
1 200 286 -810.755
1 200 296 -810.755
1 200 299 -810.755
1 200 306 -810.755
1 200 307 -810.755
1 200 312 -810.755
1 200 343 -810.755
1 200 345 -810.755
1 201 257 -810.755
1 202 280 -810.755
1 202 287 -810.755
1 202 297 -810.755
1 202 301 -810.755
1 202 302 -810.755
1 203 215 -810.755
1 203 304 -810.755
1 203 305 -810.755
1 203 309 -810.755
1 203 315 -810.755
1 205 263 -810.755
1 205 303 -810.755
1 205 304 -810.755
1 205 317 -810.755
1 205 318 -810.755
1 205 319 -810.755
1 206 264 -810.755
1 206 270 -810.755
1 206 301 -810.755
1 206 304 -810.755
1 206 315 -810.755
1 206 317 -1621.51
1 207 262 -810.755
1 207 300 -810.755
1 207 301 -1621.51
1 207 303 -810.755
1 207 304 -810.755
1 207 306 -1621.51
1 207 315 -810.755
1 207 317 -810.755
1 208 298 -1621.51
1 208 299 -1621.51
1 208 306 -810.755
1 208 317 -810.755
1 208 328 -810.755
1 209 284 -810.755
1 209 297 -810.755
1 209 302 -810.755
1 210 284 -810.755
1 210 301 -810.755
1 210 302 -810.755
1 210 342 -810.755
1 211 301 -810.755
1 211 321 -810.755
1 212 295 -810.755
1 212 347 -810.755
1 213 226 -810.755
1 213 287 -810.755
1 213 303 -810.755
1 213 329 -810.755
1 214 319 -810.755
1 215 289 -810.755
1 215 311 -810.755
1 215 353 -810.755
1 216 323 -810.755
1 216 341 -810.755
1 217 244 -810.755
1 217 249 -810.755
1 217 351 -810.755
1 218 209 -810.755
1 218 243 -810.755
1 218 292 -810.755
1 218 345 -1621.51
1 221 240 -810.755
1 221 611 -810.755
1 222 254 -810.755
1 222 362 -810.755
1 224 338 -810.755
1 224 359 -810.755
1 225 323 -810.755
1 225 329 -810.755
1 225 332 -810.755
1 225 368 -810.755
1 225 373 -810.755
1 225 378 -810.755
1 225 382 -1621.51
1 226 323 -810.755
1 226 388 -1621.51
1 226 618 -810.755
1 227 315 -810.755
1 228 606 -810.755
1 229 385 -1621.51
1 229 392 -810.755
1 229 393 -810.755
1 229 397 -3243.02
1 229 618 -4053.78
1 230 338 -810.755
1 230 373 -1621.51
1 230 384 -810.755
1 230 392 -1621.51
1 230 393 -3243.02
1 230 396 -810.755
1 230 605 -810.755
1 231 343 -810.755
1 231 383 -810.755
1 231 392 -4053.78
1 231 393 -8918.31
1 231 398 -810.755
1 231 603 -810.755
1 231 607 -1621.51
1 232 259 -810.755
1 232 300 -810.755
1 232 384 -810.755
1 232 389 -810.755
1 232 393 -4864.53
1 232 394 -3243.02
1 232 405 -810.755
1 232 604 -1621.51
1 232 606 -1621.51
1 232 607 -2432.27
1 232 608 -810.755
1 233 373 -810.755
1 233 393 -810.755
1 233 403 -810.755
1 233 406 -3243.02
1 233 601 -1621.51
1 233 602 -810.755
1 234 374 -810.755
1 234 388 -810.755
1 234 389 -810.755
1 234 406 -2432.27
1 234 407 -1621.51
1 234 601 -810.755
1 234 602 -1621.51
1 234 603 -2432.27
1 234 604 -810.755
1 234 605 -1621.51
1 234 606 -810.755
1 234 609 -810.755
1 234 620 -810.755
1 234 621 -810.755
1 235 342 -810.755
1 235 368 -810.755
1 235 389 -810.755
1 235 392 -810.755
1 235 404 -810.755
1 235 406 -810.755
1 235 599 -810.755
1 235 600 -1621.51
1 235 602 -2432.27
1 235 603 -810.755
1 235 606 -810.755
1 235 608 -810.755
1 236 256 -810.755
1 236 359 -810.755
1 236 377 -1621.51
1 236 378 -810.755
1 236 389 -1621.51
1 236 600 -810.755
1 236 601 -810.755
1 236 602 -1621.51
1 236 605 -810.755
1 236 606 -810.755
1 236 607 -810.755
1 236 620 -810.755
1 237 330 -810.755
1 237 377 -810.755
1 237 384 -810.755
1 237 388 -810.755
1 237 605 -1621.51
1 237 606 -2432.27
1 237 607 -1621.51
1 237 608 -4053.78
1 237 609 -2432.27
1 237 620 -810.755
1 238 346 -810.755
1 238 391 -810.755
1 238 410 -810.755
1 238 602 -810.755
1 238 603 -810.755
1 238 606 -4053.78
1 238 607 -4864.53
1 238 608 -3243.02
1 238 610 -810.755
1 239 297 -810.755
1 239 323 -810.755
1 239 404 -810.755
1 239 601 -810.755
1 239 603 -810.755
1 239 607 -1621.51
1 239 608 -3243.02
1 239 609 -2432.27
1 239 610 -1621.51
1 239 615 -1621.51
1 240 267 -810.755
1 240 319 -810.755
1 240 327 -810.755
1 240 352 -810.755
1 240 374 -1621.51
1 240 392 -1621.51
1 240 396 -810.755
1 240 406 -810.755
1 240 603 -810.755
1 240 605 -2432.27
1 240 606 -3243.02
1 240 607 -1621.51
1 240 620 -1621.51
1 240 621 -810.755
1 241 339 -810.755
1 241 352 -810.755
1 241 370 -1621.51
1 241 375 -810.755
1 241 409 -810.755
1 241 577 -810.755
1 241 603 -1621.51
1 241 605 -2432.27
1 241 606 -1621.51
1 241 607 -1621.51
1 241 608 -1621.51
1 241 609 -4053.78
1 241 610 -810.755
1 241 611 -810.755
1 241 620 -810.755
1 241 621 -810.755
1 242 314 -810.755
1 242 318 -810.755
1 242 336 -810.755
1 242 338 -810.755
1 242 339 -810.755
1 242 373 -2432.27
1 242 374 -4864.53
1 242 406 -1621.51
1 242 603 -1621.51
1 242 604 -5675.29
1 242 605 -7296.8
1 242 606 -2432.27
1 242 607 -4053.78
1 242 608 -4053.78
1 242 609 -2432.27
1 242 610 -2432.27
1 242 616 -810.755
1 242 622 -810.755
1 242 623 -2432.27
1 243 366 -810.755
1 243 369 -810.755
1 243 372 -1621.51
1 243 373 -6486.04
1 243 374 -2432.27
1 243 386 -810.755
1 243 391 -810.755
1 243 405 -810.755
1 243 406 -810.755
1 243 407 -1621.51
1 243 409 -810.755
1 243 577 -810.755
1 243 606 -5675.29
1 243 607 -4053.78
1 243 608 -1621.51
1 243 609 -4864.53
1 243 620 -810.755
1 243 622 -1621.51
1 243 623 -6486.04
1 244 371 -810.755
1 244 372 -1621.51
1 244 373 -2432.27
1 244 415 -810.755
1 244 598 -810.755
1 244 606 -3243.02
1 244 607 -810.755
1 244 611 -810.755
1 244 616 -810.755
1 244 622 -810.755
1 244 623 -3243.02
1 244 624 -810.755
1 245 312 -810.755
1 245 315 -810.755
1 245 326 -810.755
1 245 335 -810.755
1 245 338 -810.755
1 245 356 -1621.51
1 245 371 -810.755
1 245 413 -810.755
1 245 586 -810.755
1 245 604 -810.755
1 245 605 -2432.27
1 245 606 -4053.78
1 245 607 -3243.02
1 245 609 -4053.78
1 245 610 -1621.51
1 245 612 -1621.51
1 245 616 -1621.51
1 245 619 -810.755
1 245 620 -1621.51
1 245 622 -810.755
1 246 214 -810.755
1 246 342 -810.755
1 246 356 -810.755
1 246 357 -810.755
1 246 374 -810.755
1 246 413 -810.755
1 246 590 -810.755
1 246 599 -810.755
1 246 600 -4864.53
1 246 605 -3243.02
1 246 606 -5675.29
1 246 607 -3243.02
1 246 610 -810.755
1 246 612 -1621.51
1 246 614 -810.755
1 246 615 -810.755
1 246 623 -810.755
1 247 314 -810.755
1 247 331 -810.755
1 247 367 -1621.51
1 247 368 -4053.78
1 247 387 -1621.51
1 247 413 -810.755
1 247 578 -810.755
1 247 597 -810.755
1 247 598 -5675.29
1 247 599 -4864.53
1 247 600 -8107.55
1 247 601 -8107.55
1 247 605 -1621.51
1 247 609 -1621.51
1 247 610 -1621.51
1 247 611 -3243.02
1 247 612 -3243.02
1 247 613 -1621.51
1 247 618 -1621.51
1 247 619 -810.755
1 247 623 -810.755
1 248 307 -810.755
1 248 367 -810.755
1 248 368 -3243.02
1 248 371 -1621.51
1 248 372 -4053.78
1 248 387 -1621.51
1 248 388 -4864.53
1 248 413 -810.755
1 248 416 -810.755
1 248 529 -810.755
1 248 567 -810.755
1 248 596 -5675.29
1 248 597 -4053.78
1 248 598 -8107.55
1 248 599 -4864.53
1 248 600 -3243.02
1 248 601 -4864.53
1 248 602 -2432.27
1 248 605 -810.755
1 248 608 -810.755
1 248 609 -1621.51
1 248 610 -2432.27
1 248 611 -4864.53
1 248 612 -4864.53
1 248 613 -5675.29
1 248 618 -810.755
1 248 619 -810.755
1 248 620 -810.755
1 248 623 -1621.51
1 249 333 -810.755
1 249 334 -810.755
1 249 365 -1621.51
1 249 366 -2432.27
1 249 367 -810.755
1 249 368 -2432.27
1 249 371 -810.755
1 249 387 -810.755
1 249 388 -810.755
1 249 400 -810.755
1 249 412 -810.755
1 249 567 -810.755
1 249 593 -1621.51
1 249 595 -4864.53
1 249 596 -5675.29
1 249 597 -8918.31
1 249 603 -2432.27
1 249 604 -6486.04
1 249 605 -4053.78
1 249 607 -3243.02
1 249 609 -810.755
1 249 610 -1621.51
1 249 611 -4053.78
1 249 612 -7296.8
1 249 613 -1621.51
1 249 618 -810.755
1 249 623 -810.755
1 250 331 -810.755
1 250 355 -810.755
1 250 365 -1621.51
1 250 366 -4053.78
1 250 367 -2432.27
1 250 368 -810.755
1 250 369 -1621.51
1 250 370 -1621.51
1 250 371 -4864.53
1 250 382 -810.755
1 250 406 -810.755
1 250 413 -810.755
1 250 414 -810.755
1 250 423 -810.755
1 250 436 -810.755
1 250 568 -810.755
1 250 579 -810.755
1 250 591 -810.755
1 250 594 -810.755
1 250 596 -6486.04
1 250 597 -1621.51
1 250 602 -810.755
1 250 603 -5675.29
1 250 604 -4864.53
1 250 605 -3243.02
1 250 607 -810.755
1 250 608 -2432.27
1 250 609 -810.755
1 250 610 -810.755
1 250 613 -810.755
1 251 276 -810.755
1 251 322 -810.755
1 251 365 -2432.27
1 251 366 -7296.8
1 251 367 -1621.51
1 251 368 -1621.51
1 251 371 -810.755
1 251 379 -810.755
1 251 407 -810.755
1 251 414 -810.755
1 251 424 -810.755
1 251 598 -810.755
1 251 604 -810.755
1 251 605 -810.755
1 251 607 -810.755
1 251 610 -810.755
1 252 236 -810.755
1 252 365 -2432.27
1 252 366 -5675.29
1 252 367 -5675.29
1 252 368 -1621.51
1 252 376 -810.755
1 252 412 -810.755
1 252 416 -810.755
1 252 428 -810.755
1 252 506 -810.755
1 252 507 -810.755
1 252 528 -810.755
1 252 534 -810.755
1 252 544 -810.755
1 252 576 -810.755
1 252 591 -1621.51
1 252 596 -1621.51
1 252 597 -1621.51
1 252 598 -810.755
1 252 599 -1621.51
1 252 608 -1621.51
1 252 609 -810.755
1 252 611 -810.755
1 252 620 -810.755
1 253 259 -810.755
1 253 342 -810.755
1 253 363 -810.755
1 253 365 -1621.51
1 253 366 -4864.53
1 253 367 -3243.02
1 253 370 -810.755
1 253 375 -1621.51
1 253 404 -810.755
1 253 433 -1621.51
1 253 506 -810.755
1 253 543 -810.755
1 253 546 -810.755
1 253 547 -810.755
1 253 566 -810.755
1 253 586 -1621.51
1 253 596 -810.755
1 253 597 -3243.02
1 253 601 -810.755
1 253 604 -810.755
1 253 605 -810.755
1 253 614 -2432.27
1 254 366 -1621.51
1 254 478 -810.755
1 254 581 -810.755
1 254 584 -810.755
1 254 585 -4864.53
1 254 586 -4053.78
1 254 587 -2432.27
1 254 588 -2432.27
1 254 589 -3243.02
1 254 598 -810.755
1 254 599 -810.755
1 254 601 -1621.51
1 254 604 -1621.51
1 254 605 -810.755
1 254 606 -810.755
1 254 611 -810.755
1 255 341 -810.755
1 255 346 -810.755
1 255 371 -810.755
1 255 402 -810.755
1 255 442 -810.755
1 255 445 -810.755
1 255 461 -810.755
1 255 479 -810.755
1 255 512 -810.755
1 255 513 -810.755
1 255 526 -810.755
1 255 547 -810.755
1 255 548 -810.755
1 255 565 -810.755
1 255 583 -2432.27
1 255 584 -3243.02
1 255 585 -3243.02
1 255 586 -3243.02
1 255 587 -1621.51
1 255 588 -810.755
1 255 591 -810.755
1 255 594 -810.755
1 255 597 -810.755
1 255 600 -1621.51
1 255 607 -810.755
1 256 346 -810.755
1 256 350 -810.755
1 256 367 -810.755
1 256 373 -810.755
1 256 374 -810.755
1 256 491 -810.755
1 256 526 -810.755
1 256 531 -2432.27
1 256 532 -810.755
1 256 547 -810.755
1 256 548 -1621.51
1 256 549 -810.755
1 256 575 -810.755
1 256 578 -1621.51
1 256 580 -810.755
1 256 584 -2432.27
1 256 585 -1621.51
1 256 592 -1621.51
1 256 594 -5675.29
1 256 595 -3243.02
1 256 607 -3243.02
1 256 608 -1621.51
1 256 609 -810.755
1 257 330 -810.755
1 257 461 -810.755
1 257 497 -810.755
1 257 503 -810.755
1 257 506 -810.755
1 257 512 -810.755
1 257 527 -2432.27
1 257 529 -810.755
1 257 532 -810.755
1 257 549 -810.755
1 257 574 -810.755
1 257 575 -2432.27
1 257 584 -2432.27
1 257 585 -2432.27
1 257 593 -1621.51
1 257 594 -6486.04
1 257 595 -3243.02
1 257 597 -1621.51
1 257 606 -5675.29
1 257 607 -810.755
1 258 307 -810.755
1 258 330 -810.755
1 258 366 -810.755
1 258 485 -1621.51
1 258 489 -1621.51
1 258 491 -810.755
1 258 493 -810.755
1 258 494 -810.755
1 258 496 -810.755
1 258 497 -810.755
1 258 498 -2432.27
1 258 499 -1621.51
1 258 502 -810.755
1 258 503 -810.755
1 258 529 -1621.51
1 258 531 -810.755
1 258 532 -810.755
1 258 533 -1621.51
1 258 535 -810.755
1 258 546 -810.755
1 258 550 -810.755
1 258 556 -1621.51
1 258 564 -810.755
1 258 576 -810.755
1 258 583 -810.755
1 258 584 -2432.27
1 258 586 -2432.27
1 258 594 -2432.27
1 258 606 -4053.78
1 258 607 -810.755
1 259 346 -810.755
1 259 369 -1621.51
1 259 402 -810.755
1 259 444 -810.755
1 259 456 -810.755
1 259 485 -810.755
1 259 486 -810.755
1 259 488 -810.755
1 259 489 -810.755
1 259 490 -1621.51
1 259 509 -1621.51
1 259 510 -810.755
1 259 522 -810.755
1 259 528 -810.755
1 259 529 -810.755
1 259 531 -810.755
1 259 532 -810.755
1 259 545 -810.755
1 259 549 -810.755
1 259 554 -1621.51
1 259 555 -1621.51
1 259 556 -2432.27
1 259 557 -2432.27
1 259 575 -3243.02
1 259 576 -810.755
1 259 579 -810.755
1 259 584 -810.755
1 259 585 -3243.02
1 259 586 -1621.51
1 260 369 -1621.51
1 260 404 -1621.51
1 260 443 -810.755
1 260 454 -810.755
1 260 485 -810.755
1 260 486 -1621.51
1 260 487 -810.755
1 260 492 -810.755
1 260 499 -810.755
1 260 502 -1621.51
1 260 517 -810.755
1 260 527 -810.755
1 260 545 -2432.27
1 260 548 -810.755
1 260 554 -810.755
1 260 556 -810.755
1 260 567 -810.755
1 260 576 -810.755
1 260 577 -810.755
1 261 397 -810.755
1 261 404 -810.755
1 261 444 -810.755
1 261 483 -810.755
1 261 487 -810.755
1 261 501 -810.755
1 261 502 -810.755
1 261 545 -810.755
1 261 551 -810.755
1 261 552 -810.755
1 261 565 -810.755
1 262 254 -810.755
1 262 353 -1621.51
1 262 369 -810.755
1 262 425 -810.755
1 262 443 -810.755
1 262 458 -810.755
1 262 483 -1621.51
1 262 493 -810.755
1 262 501 -810.755
1 262 502 -810.755
1 262 523 -810.755
1 262 524 -810.755
1 262 535 -810.755
1 262 536 -810.755
1 262 537 -810.755
1 262 542 -810.755
1 262 546 -810.755
1 262 584 -810.755
1 262 587 -810.755
1 263 355 -810.755
1 263 415 -810.755
1 263 484 -810.755
1 263 493 -810.755
1 263 509 -810.755
1 263 522 -810.755
1 263 523 -1621.51
1 263 524 -1621.51
1 263 541 -1621.51
1 263 542 -810.755
1 263 543 -810.755
1 263 546 -1621.51
1 263 576 -810.755
1 263 579 -810.755
1 263 581 -3243.02
1 264 369 -810.755
1 264 379 -810.755
1 264 481 -810.755
1 264 482 -810.755
1 264 493 -810.755
1 264 503 -810.755
1 264 504 -810.755
1 264 516 -810.755
1 264 521 -2432.27
1 264 527 -810.755
1 264 543 -3243.02
1 264 568 -810.755
1 264 575 -810.755
1 264 576 -1621.51
1 265 336 -810.755
1 265 367 -1621.51
1 265 457 -810.755
1 265 459 -810.755
1 265 511 -810.755
1 265 516 -810.755
1 265 520 -810.755
1 265 524 -810.755
1 265 568 -1621.51
1 266 314 -810.755
1 266 413 -810.755
1 266 456 -810.755
1 266 478 -810.755
1 266 481 -810.755
1 266 483 -810.755
1 266 484 -810.755
1 266 485 -810.755
1 266 492 -810.755
1 266 498 -810.755
1 266 505 -810.755
1 266 518 -810.755
1 266 523 -810.755
1 266 543 -810.755
1 266 545 -810.755
1 266 549 -810.755
1 266 555 -810.755
1 267 337 -810.755
1 267 365 -810.755
1 267 381 -810.755
1 267 459 -810.755
1 267 460 -1621.51
1 267 505 -810.755
1 267 507 -810.755
1 267 543 -810.755
1 267 544 -1621.51
1 267 549 -810.755
1 267 553 -2432.27
1 267 562 -810.755
1 268 507 -1621.51
1 268 540 -810.755
1 268 541 -810.755
1 268 542 -1621.51
1 268 543 -3243.02
1 268 544 -1621.51
1 268 549 -810.755
1 268 551 -810.755
1 268 552 -810.755
1 268 553 -810.755
1 269 362 -810.755
1 269 505 -1621.51
1 269 507 -810.755
1 269 528 -810.755
1 269 543 -810.755
1 269 547 -1621.51
1 270 474 -810.755
1 270 475 -1621.51
1 270 479 -810.755
1 270 491 -810.755
1 270 504 -810.755
1 270 507 -810.755
1 270 526 -810.755
1 271 375 -810.755
1 271 388 -810.755
1 271 479 -810.755
1 271 481 -810.755
1 271 487 -810.755
1 271 491 -810.755
1 271 526 -810.755
1 272 469 -810.755
1 272 493 -810.755
1 272 495 -1621.51
1 272 496 -810.755
1 272 502 -810.755
1 272 526 -2432.27
1 273 441 -810.755
1 273 462 -810.755
1 273 526 -810.755
1 275 463 -810.755
1 275 480 -810.755
1 275 502 -810.755
1 275 504 -810.755
1 276 502 -810.755
1 277 393 -810.755
1 279 459 -810.755
1 280 563 -810.755
1 282 434 -810.755
1 282 435 -810.755
1 283 461 -810.755
1 283 482 -810.755
1 283 483 -810.755
1 285 437 -810.755
1 285 482 -810.755
1 285 483 -810.755
1 286 377 -810.755
1 286 464 -810.755
1 288 469 -810.755
1 289 362 -810.755
1 289 443 -810.755
1 292 358 -810.755
1 293 390 -2432.27
1 293 391 -810.755
1 296 390 -810.755
1 301 359 -810.755
1 301 378 -810.755
1 85 106 -810.755
1 92 112 -1621.51
1 93 117 -810.755
1 97 89 -810.755
1 98 101 -810.755
1 99 126 -810.755
1 99 136 -810.755
1 147 119 -5761.16
1 148 187 -21780.0
1 150 114 -35129.0
1 153 113 -16440.4
1 156 158 -62248.6
1 157 160 -78267.5
1 167 186 -27119.6
1 168 169 -9836.13
1 197 280 -22904.1
1 199 225 -22201.6
1 210 300 -3653.42
1 211 298 -18407.6
1 234 285 -39766.1
1 244 234 -27119.6
1 267 479 -2529.29
1 271 361 -5950.18
1 272 454 -41.43
1 285 433 -3372.39
1 291 453 -116703.0
1 299 360 -15597.3
1 131 118 -2388.77
1 132 183 -19391.2
1 137 123 -25573.9
1 141 124 -10538.7
1 142 121 -13770.6
1 152 130 -12505.9
1 155 192 -19391.2
1 157 190 -140.52
1 158 205 -23606.7
1 164 258 -29648.9
1 169 164 -16721.4
1 172 162 -12505.9
1 172 163 -17002.4
1 172 164 -1405.16
1 173 196 -281.03
1 175 213 -178877.0
1 195 280 -34426.4
1 202 295 -24449.8
1 203 296 -47635.0
1 214 174 -3512.9
1 226 358 -6674.62
1 247 335 -34567.0
1 256 333 -31897.2
1 265 349 -27400.7
1 267 346 -11522.3
1 271 470 -421.55
1 274 431 -2290550.0
1 280 367 -12787.0
1 285 357 -8149.94
1 289 374 -12646.5
1 292 370 -28946.3
1 293 370 -31756.7
1 143 152 -18829.2
1 143 154 -13489.5
1 144 130 -5901.68
1 152 177 -10117.2
1 152 183 -1405.16
1 153 185 -843.1
1 153 212 -9274.06
1 154 128 -983.61
1 155 180 -1124.13
1 155 187 -1264.65
1 162 171 -65902.1
1 164 159 -90632.9
1 167 163 -24871.3
1 174 182 -25011.9
1 175 178 -1967.23
1 176 128 -17002.4
1 188 287 -5199.1
1 189 206 -41030.7
1 201 279 -39906.6
1 221 294 -32880.8
1 221 361 -1967.23
1 222 252 -17845.6
1 222 266 -18548.1
1 225 248 -32880.8
1 226 361 -27400.7
1 234 319 -56909.0
1 235 317 -83607.1
1 237 292 -33228.0
1 245 243 -5480.13
1 248 238 -2529.29
1 248 331 -13770.6
1 256 342 -36534.2
1 259 347 -11662.8
1 266 345 -1405.16
1 271 268 -74192.5
1 274 278 -12646.5
1 280 443 -281.03
1 289 355 -5339.61
1 295 392 -4777.55
1 296 391 -8852.52
1 296 393 -20234.3
1 297 378 -9976.65
1 144 151 -34567.0
1 146 150 -44684.1
1 146 180 -29648.9
1 147 148 -33161.8
1 147 171 -42154.8
1 149 124 -843.1
1 149 181 -33442.8
1 149 202 -8852.52
1 150 172 -75878.7
1 150 183 -32740.3
1 150 186 -29789.4
1 151 178 -12505.9
1 151 181 -10960.3
1 151 189 -17424.0
1 151 211 -14051.6
1 152 180 -28243.7
1 153 188 -28805.8
1 154 113 -3231.87
1 158 173 -140.52
1 164 124 -2810.32
1 171 125 -281.03
1 184 210 -30913.6
1 188 207 -33161.8
1 189 288 -5058.58
1 193 280 -19672.3
1 209 281 -31682.3
1 210 249 -21358.4
1 211 263 -28524.8
1 211 296 -15175.7
1 219 272 -10960.3
1 221 317 -31616.1
1 224 287 -22623.1
1 227 245 -5761.16
1 227 344 -17002.4
1 228 354 -20796.4
1 230 352 -61967.6
1 231 270 -20655.9
1 231 347 -8009.42
1 235 295 -24730.8
1 236 320 -9695.61
1 236 342 -16721.4
1 236 344 -22342.1
1 240 330 -19250.7
1 240 337 -16159.3
1 240 357 -9555.1
1 244 333 -5185.67
1 246 332 -17002.4
1 246 337 -10960.3
1 251 334 -25714.4
1 258 343 -19672.3
1 258 345 -8712.0
1 260 345 -16018.8
1 261 340 -6744.77
1 261 351 -7447.35
1 262 286 -4215.48
1 262 361 -7728.39
1 263 344 -10538.7
1 263 350 -18969.7
1 265 517 -562.06
1 267 321 -14051.6
1 269 364 -11100.8
1 269 365 -1545.68
1 270 267 -33583.4
1 270 361 -42576.4
1 271 267 -16159.3
1 271 355 -9555.1
1 271 363 -55644.4
1 277 371 -1686.19
1 278 502 -7587.87
1 281 331 -2669.81
1 284 333 -4918.06
1 289 371 -12084.4
1 290 371 -9414.58
1 291 365 -6885.29
1 296 358 -23747.2
1 297 356 -8009.42
1 297 391 -16721.4
1 299 347 -11100.8
1 125 93 -2107.74
1 131 125 -10819.7
1 134 123 -4215.48
1 134 125 -843.1
1 135 126 -4074.97
1 138 125 -4918.06
1 146 146 -17705.0
1 152 213 -6042.19
1 161 185 -45808.3
1 163 186 -26557.6
1 166 203 -7868.9
1 183 232 -200798.0
1 192 232 -124497.0
1 193 235 -45386.7
1 198 301 -421.55
1 201 310 -281.03
1 211 195 -1545.68
1 215 261 -17424.0
1 221 339 -28384.3
1 222 324 -421.55
1 223 263 -12787.0
1 226 354 -18126.6
1 232 274 -9836.13
1 232 347 -6323.23
1 233 341 -13349.0
1 242 618 -702.58
1 248 344 -30070.4
1 263 345 -47494.4
1 264 348 -3512.9
1 286 302 -4496.52
1 292 360 -5480.13
1 293 357 -16159.3
1 295 362 -4356.0
1 297 439 -482407.0
1 132 120 -75597.7
1 135 122 -25573.9
1 137 128 -25011.9
1 148 119 -123373.0
1 150 118 -52834.1
1 150 121 -58876.3
1 150 127 -983.61
1 152 118 -16299.9
1 153 122 -148245.0
1 153 123 -98501.8
1 155 125 -139533.0
1 156 124 -32740.3
1 158 138 -71663.2
1 158 140 -89930.3
1 160 139 -75035.6
1 181 126 -4918.06
1 185 168 -76159.7
1 189 126 -17986.1
1 224 257 -9274.06
1 260 337 -1405.16
1 276 359 -9836.13
1 137 168 -12224.9
1 149 213 -30070.4
1 190 250 -2669.81
1 202 228 -3793.94
1 210 253 -36393.7
1 217 236 -11662.8
1 245 324 -421.55
1 270 480 -140.52
1 144 124 -843.1
1 186 159 -281.03
1 188 160 -2107.74
1 143 166 -5620.65
1 145 131 -983.61
1 153 116 -12646.5
1 158 114 -9274.06
1 160 170 -9976.65
1 187 160 -6885.29
1 187 263 -140.52
1 188 197 -140.52
1 188 204 -14051.6
1 203 340 -758.79
1 206 169 -1124.13
1 208 226 -24590.3
1 211 266 -29947.3
1 213 276 -34222.9
1 214 274 -59794.6
1 220 278 -62875.7
1 223 372 -8571.48
1 232 398 -2388.77
1 233 375 -1124.13
1 236 317 -31194.6
1 239 385 -1296.13
1 239 406 -149.23
1 241 238 -7587.87
1 244 244 -1405.16
1 245 408 -7306.84
1 246 320 -702.58
1 248 454 -140.52
1 259 351 -3958.17
1 262 585 -9976.65
1 265 360 -11674.3
1 266 560 -2018.76
1 267 407 -281.03
1 269 360 -7637.05
1 272 360 -36534.2
1 273 367 -9695.61
1 274 327 -3793.94
1 274 432 -9976.65
1 275 465 -303.0
1 290 322 -13770.6
1 290 398 -313.08
1 292 458 -175142.0
1 294 354 -3526.21
1 297 377 -5480.13
1 147 183 -2107.74
1 156 122 -81077.8
1 157 186 -983.61
1 205 310 -140.52
1 173 183 -24590.3
1 257 342 -4918.06
1 201 251 -32740.3
1 201 301 -1405.16
1 251 286 -1124.13
1 265 488 -843.1
1 294 356 -140.52
1 267 385 -10398.2
1 135 160 -983.61
1 136 173 -2529.29
1 136 174 -2529.29
1 144 189 -983.61
1 154 112 -30913.6
1 154 122 -31194.6
1 156 131 -562.06
1 159 115 -36674.7
1 161 179 -28243.7
1 164 169 -7587.87
1 167 128 -140.52
1 167 247 -5339.61
1 183 124 -12224.9
1 183 205 -140.52
1 186 123 -7025.81
1 186 125 -1124.13
1 186 209 -41873.8
1 204 300 -33.5
1 215 269 -1967.23
1 218 239 -36899.3
1 225 242 -13489.5
1 226 375 -14136.5
1 235 420 -11662.8
1 238 302 -1686.19
1 242 355 -40.93
1 244 321 -22342.1
1 244 369 -14051.6
1 245 406 -562.06
1 247 591 -421.55
1 248 590 -702.58
1 248 593 -421.55
1 251 614 -645.93
1 255 333 -27400.7
1 256 443 -123.67
1 258 335 -23757.9
1 258 339 -1134.18
1 258 416 -56.77
1 259 414 -281.03
1 263 583 -378.06
1 266 470 -2037.65
1 267 354 -1405.16
1 267 554 -1545.68
1 269 482 -140.52
1 270 476 -13911.1
1 273 477 -702.58
1 273 523 -65761.5
1 274 506 -1545.68
1 275 479 -19672.3
1 277 388 -119.26
1 277 389 -244.19
1 278 446 -2107.74
1 279 386 -314.21
1 280 458 -1350.79
1 291 374 -2248.26
1 291 403 -3231.87
1 293 458 -15456.8
1 297 388 -137.28
1 298 384 -134.82
1 298 391 -1545.68
1 297 359 -168619.0
1 201 295 -281.03
1 204 299 -421.55
1 221 300 -421.55
1 239 400 -140.52
1 272 494 -4799.57
