1 62 1 3798.3
1 61 2 3770.7
1 60 3 3749.7
1 59 4 3733.5
1 58 5 3721.5
1 57 6 3713.4
1 56 7 3709.2
1 55 8 3709.0
1 54 9 3713.4
1 53 10 3722.5
1 52 11 3736.7
1 51 12 3755.5
1 49 13 3767.8
1 50 13 3777.1
1 48 14 3789.3
1 47 15 3784.5
1 46 16 3776.7
1 45 17 3766.9
1 45 18 3767.6
1 45 19 3768.3
1 44 20 3756.4
1 44 21 3756.2
1 44 22 3755.5
1 44 23 3754.2
1 44 24 3752.2
1 44 25 3749.4
1 44 26 3745.6
1 44 27 3740.7
1 44 28 3734.5
1 44 29 3727.0
1 44 30 3717.9
1 44 31 3707.0
1 44 32 3694.2
1 44 33 3679.1
1 44 34 3661.5
1 44 35 3641.1
1 44 36 3617.4
1 44 37 3589.8
1 44 38 3557.8
1 44 39 3520.3
1 44 40 3476.1
1 44 41 3422.8
1 43 42 3304.0
1 43 43 3265.0
1 43 44 3203.3
1 42 45 3052.1
1 42 46 2997.6
1 40 47 2765.7
1 41 47 2812.0
1 40 48 2729.6
1 40 49 2663.5
1 40 50 2567.6
1 35 78 4859.7
1 35 79 4888.1
1 34 80 4945.1
1 33 81 5025.5
1 32 82 5089.1
1 31 83 5102.5
1 30 84 5114.2
1 29 85 5123.1
1 28 86 5145.4
1 27 87 5164.2
1 26 88 5190.3
1 25 89 5217.8
1 25 90 5254.2
1 24 91 5241.3
1 24 92 5256.5
1 24 93 5293.6
1 24 94 5330.6
1 23 95 5345.7
1 23 96 5386.0
1 23 97 5422.3
1 22 98 5430.3
1 22 99 5471.4
1 22 100 5508.4
1 22 101 5545.7
1 21 102 5566.0
1 21 103 5611.1
1 20 104 5633.2
1 20 105 5675.7
1 19 106 5707.7
1 19 107 5752.1
1 18 108 5788.7
1 18 109 5828.5
1 17 110 5747.7
1 17 111 5758.8
1 17 112 5868.1
1 65 109 6030.5
1 66 109 6027.0
1 67 109 5976.4
1 68 109 5941.6
1 69 109 5951.1
1 62 110 5964.5
1 63 110 6002.2
1 64 110 6023.1
1 70 110 6040.0
1 60 111 5859.4
1 61 111 5880.9
1 71 111 6106.0
1 37 112 5647.1
1 38 112 5707.3
1 39 112 5768.9
1 40 112 5814.4
1 41 112 5851.4
1 42 112 5873.4
1 43 112 5884.6
1 44 112 5893.7
1 45 112 5900.9
1 46 112 5910.4
1 47 112 5919.3
1 48 112 5936.9
1 55 112 5739.6
1 56 112 5761.3
1 57 112 5778.4
1 58 112 5795.2
1 59 112 5810.1
1 72 112 6143.0
1 16 113 5956.8
1 33 113 5631.7
1 34 113 5615.1
1 35 113 5599.2
1 36 113 5578.7
1 49 113 5930.6
1 50 113 5908.4
1 51 113 5855.3
1 52 113 5800.7
1 53 113 5744.1
1 54 113 5707.4
1 73 113 6175.3
1 16 114 6015.9
1 29 114 5721.3
1 30 114 5696.1
1 31 114 5668.3
1 32 114 5633.3
1 74 114 6198.4
1 75 114 6202.5
1 16 115 6072.6
1 25 115 5833.0
1 26 115 5810.2
1 27 115 5781.0
1 28 115 5741.0
1 76 115 6234.3
1 16 116 6127.9
1 21 116 5975.7
1 22 116 5990.6
1 23 116 5903.4
1 24 116 5863.2
1 77 116 6249.5
1 78 116 6247.6
1 79 116 6260.2
1 16 117 6182.1
1 20 117 6023.7
1 80 117 6281.1
1 81 117 6279.2
1 82 117 6258.6
1 83 117 6231.1
1 84 117 6202.0
1 16 118 6219.5
1 17 118 6185.7
1 18 118 6138.6
1 19 118 6085.1
1 85 118 6131.5
1 85 119 6089.7
1 86 120 6072.5
1 86 121 6095.2
1 86 122 6120.0
1 86 123 6137.3
1 86 124 6149.7
1 86 125 6159.3
1 86 126 6166.4
1 86 127 6170.1
1 86 128 6170.7
1 86 129 6169.0
1 86 130 6166.3
1 86 131 6162.1
1 86 132 6155.2
1 86 133 6146.5
1 86 134 6134.7
1 86 135 6118.8
1 86 136 6099.7
1 85 137 6050.6
1 85 138 6037.7
1 84 139 6032.8
1 83 140 6073.8
1 82 141 6157.7
1 82 142 6174.0
1 81 143 6226.7
1 80 144 6287.2
1 79 145 6356.2
1 78 146 6419.8
1 77 147 6487.1
1 76 148 6559.0
1 75 149 6636.4
1 75 150 6700.7
1 75 151 6761.3
1 75 152 6821.9
1 75 153 6868.8
1 76 154 6862.0
1 77 154 6849.2
1 78 154 6839.0
1 79 155 6827.7
1 80 155 6815.1
1 81 156 6797.5
1 82 157 6771.0
1 82 158 6748.6
1 83 158 6734.5
1 84 159 6704.6
1 84 160 6676.8
1 84 161 6652.4
1 84 162 6628.5
1 85 163 6603.4
1 86 164 6574.0
1 87 165 6537.0
1 88 166 6502.2
1 89 167 6468.6
1 90 168 6387.2
1 90 169 6337.2
1 91 170 6269.8
1 92 171 6198.4
1 93 172 6167.7
1 94 173 6141.2
1 94 174 6138.8
1 95 175 6123.4
1 95 176 6109.0
1 95 177 6113.7
1 95 178 6120.7
1 95 179 6126.0
1 96 180 5954.7
1 97 181 5971.7
1 98 182 5989.2
1 99 183 6006.7
1 100 184 6022.5
1 101 185 6037.9
1 102 185 6046.3
1 103 185 6061.9
1 104 186 6096.3
1 105 186 6097.4
1 106 187 6100.6
1 107 188 6096.4
1 108 189 5914.1
1 108 190 5916.1
1 108 191 5917.1
1 108 192 5916.7
1 108 193 5912.5
1 107 194 5707.4
1 107 195 5703.4
1 107 196 5695.6
1 107 197 5685.3
1 107 198 5673.3
1 106 199 5634.9
1 106 200 5622.0
1 105 201 5576.1
1 105 202 5562.9
1 104 203 5522.4
1 104 204 5513.7
1 104 205 5498.7
1 104 206 5477.3
1 104 207 5444.2
1 98 208 5460.6
1 99 208 5470.7
1 100 208 5483.1
1 101 208 5496.0
1 102 208 5513.7
1 103 208 5542.4
1 97 209 5451.3
1 97 210 5450.1
1 97 211 5446.0
1 97 212 5440.7
1 96 213 5424.1
1 95 214 5416.7
1 95 215 5415.4
1 94 216 5408.0
1 94 217 5407.1
1 94 218 5406.4
1 95 219 5410.6
1 96 220 5414.1
1 97 221 5418.0
1 97 222 5416.9
1 98 223 5420.2
1 98 224 5418.8
1 99 225 5422.9
1 99 226 5421.0
1 100 227 5242.1
1 128 227 5398.5
1 129 227 5461.6
1 101 228 5248.0
1 107 228 5142.9
1 108 228 5167.8
1 109 228 5196.4
1 110 228 5228.4
1 111 228 5263.1
1 125 228 5283.4
1 126 228 5309.8
1 127 228 5318.0
1 130 228 5187.6
1 131 228 5194.1
1 132 228 5188.2
1 133 228 5189.3
1 134 228 5195.5
1 135 228 5209.9
1 136 228 5226.9
1 137 228 5240.2
1 138 228 5267.0
1 102 229 5252.8
1 106 229 5280.7
1 112 229 5117.3
1 118 229 5143.6
1 119 229 5162.0
1 120 229 5177.9
1 121 229 5192.0
1 122 229 5203.3
1 123 229 5212.7
1 124 229 5215.2
1 139 229 5340.3
1 103 230 5256.3
1 104 230 5258.9
1 105 230 5261.9
1 113 230 5133.9
1 114 230 5125.4
1 115 230 5121.1
1 116 230 5118.6
1 117 230 5110.7
1 140 230 5307.1
1 139 231 5374.7
1 137 232 5411.3
1 138 232 5410.6
1 136 233 5414.6
1 135 234 5407.4
1 133 235 5374.7
1 134 235 5388.0
1 132 236 5357.8
1 130 237 5314.5
1 131 237 5329.7
1 129 238 5303.3
1 128 239 5287.2
1 127 240 5267.3
1 127 241 5257.5
1 127 242 5244.6
1 128 243 5252.9
1 129 244 5251.2
1 129 245 5238.5
1 130 246 5234.7
1 131 246 5233.6
1 132 246 5236.5
1 133 246 5245.8
1 134 246 5263.2
1 135 246 5289.6
1 136 246 5316.8
1 137 246 5336.8
1 138 246 5358.8
1 139 247 5409.5
1 140 247 5434.0
1 141 247 5471.5
1 142 247 5514.8
1 143 248 5577.8
1 144 249 5671.3
1 144 250 5698.1
1 145 251 5749.9
1 145 252 5775.5
1 145 253 5795.8
1 146 254 5829.1
1 146 255 5826.5
1 146 256 5820.5
1 146 257 5812.6
1 146 258 5802.4
1 146 259 5790.6
1 146 260 5777.2
1 146 261 5764.9
1 146 262 5751.7
1 146 263 5738.5
1 146 264 5728.4
1 146 265 0.0
1 147 266 5482.8
1 147 267 5453.7
1 147 268 5428.8
1 147 269 5389.1
1 147 270 5356.1
1 148 271 5306.0
1 148 272 5279.2
1 148 273 5252.1
1 148 274 5230.3
1 149 274 5215.4
1 149 275 5175.8
1 149 276 5143.6
1 149 277 5091.0
1 149 278 5036.4
1 150 279 5132.7
1 150 280 5087.7
1 150 281 5046.5
1 150 282 5016.2
1 151 283 4932.5
1 151 284 4888.7
1 151 285 4855.4
1 152 286 4761.4
1 152 287 4706.8
1 152 288 4662.5
1 152 289 4628.0
1 153 290 4722.8
1 153 291 4696.3
1 153 292 4704.2
1 154 293 4715.0
1 154 294 4726.6
1 154 295 4736.1
1 154 296 4742.2
1 155 297 4760.1
1 155 298 4763.9
1 156 299 4586.8
1 157 299 4593.1
1 158 299 4602.6
1 159 299 4615.1
1 160 299 4631.1
1 161 299 4650.5
1 162 300 4681.7
1 162 301 4684.5
1 162 302 4683.6
1 162 303 4681.0
1 162 304 4678.3
1 163 305 4857.4
1 163 306 4848.4
1 163 307 4838.6
1 163 308 4829.3
1 163 309 4823.2
1 164 310 5039.4
1 165 311 5081.0
1 166 312 5152.7
1 167 313 5211.3
1 168 314 5244.2
1 168 315 5076.7
1 168 316 5081.0
1 169 316 5088.5
1 169 317 5094.3
1 170 317 5104.1
1 171 318 5105.2
1 171 319 5081.8
1 172 320 5033.9
1 172 321 4986.4
1 172 322 4938.1
1 172 323 4887.1
1 172 324 4847.4
1 173 325 4845.9
1 173 326 4849.5
1 173 327 4851.3
1 174 328 4860.7
1 174 329 4862.3
1 174 330 4863.3
1 175 331 4867.8
1 176 331 4871.8
1 177 331 4877.7
1 178 332 4887.1
1 179 333 4889.7
1 179 334 4886.6
1 179 335 4883.5
1 180 336 4881.0
1 181 337 4872.5
1 181 338 4867.8
1 187 338 4741.0
1 188 338 4762.1
1 189 338 4779.7
1 190 338 4793.4
1 182 339 4858.5
1 186 339 4873.5
1 191 339 4797.0
1 192 339 5216.0
1 182 340 4852.5
1 186 340 4857.8
1 193 340 5215.3
1 182 341 4848.9
1 186 341 4847.8
1 194 341 5215.2
1 195 341 5216.8
1 183 342 4845.3
1 184 342 4845.1
1 185 342 4844.6
1 186 342 4843.5
1 196 342 5216.5
1 196 343 5214.4
1 197 344 5213.3
1 198 345 5210.9
1 199 346 5208.8
1 200 346 5210.4
1 201 346 5212.6
1 202 346 5214.7
1 203 346 5215.5
1 204 346 4347.22
1 205 347 5199.5
1 206 347 5193.3
1 207 348 5398.8
1 207 349 5496.1
1 207 350 5637.0
1 206 351 5696.9
1 205 352 5701.7
1 205 353 5706.2
1 205 354 5711.2
1 206 355 5734.1
1 206 356 5742.3
1 207 357 5767.0
1 208 357 5784.2
1 209 358 5465.4
1 210 359 5522.7
1 211 359 5550.7
1 212 360 5470.5
1 212 361 5507.7
1 208 362 5529.9
1 209 362 5534.6
1 210 362 5541.7
1 211 362 5547.4
1 207 363 5526.1
1 206 364 5520.7
1 206 365 5522.0
1 206 366 5522.2
1 206 367 5521.4
1 206 368 5520.4
1 206 369 5519.2
1 207 369 5525.6
1 208 369 5542.1
1 209 369 5563.8
1 210 369 5588.2
1 211 369 5618.5
1 212 369 5654.9
1 213 369 5699.1
1 214 370 5595.6
1 215 370 5629.4
1 216 372 5626.7
1 214 373 5263.1
1 215 373 5351.3
1 214 374 5220.0
1 213 375 5270.2
1 212 376 5247.8
1 211 377 5194.7
1 211 378 5183.6
1 211 379 5178.1
1 211 380 5180.2
1 211 381 5189.3
1 211 382 5243.7
1 211 383 5293.5
1 212 384 45000.0
1 212 385 45000.0
1 212 386 45000.0
1 212 387 45000.0
1 212 388 45000.0
1 212 389 45000.0
1 212 390 45000.0
1 212 391 45000.0
1 212 392 45000.0
1 212 393 45000.0
1 213 394 45000.0
1 213 395 45000.0
1 213 396 45000.0
1 213 397 45000.0
1 213 398 45000.0
1 213 399 45000.0
1 213 400 45000.0
1 213 401 45000.0
1 213 402 45000.0
1 214 403 45000.0
1 214 404 45000.0
1 214 405 45000.0
1 214 406 45000.0
1 214 407 45000.0
1 214 409 45000.0
1 214 410 45000.0
1 214 411 45000.0
1 214 412 45000.0
1 214 413 45000.0
1 214 414 45000.0
1 214 415 45000.0
1 215 416 45000.0
1 215 417 45000.0
1 227 417 45000.0
1 228 417 45000.0
1 229 417 45000.0
1 216 418 45000.0
1 226 418 45000.0
1 230 418 45000.0
1 217 419 45000.0
1 218 419 45000.0
1 219 419 45000.0
1 220 419 45000.0
1 221 419 45000.0
1 222 419 45000.0
1 223 419 45000.0
1 224 419 45000.0
1 225 419 45000.0
1 229 419 45000.0
1 229 420 45000.0
1 226 421 45000.0
1 227 421 45000.0
1 228 421 45000.0
1 224 422 45000.0
1 225 422 45000.0
1 224 423 45000.0
1 224 424 45000.0
1 225 424 45000.0
1 226 424 45000.0
1 227 424 45000.0
1 228 424 45000.0
1 229 425 45000.0
1 229 426 45000.0
1 229 427 45000.0
1 229 428 45000.0
1 229 429 45000.0
1 228 430 45000.0
1 228 431 45000.0
1 228 432 45000.0
1 228 433 45000.0
1 228 434 45000.0
1 228 435 45000.0
1 229 435 45000.0
1 230 436 45000.0
1 230 437 45000.0
1 230 438 45000.0
1 230 439 45000.0
1 230 440 45000.0
1 230 441 45000.0
1 230 442 45000.0
1 230 443 45000.0
1 230 444 45000.0
1 230 445 45000.0
1 230 446 45000.0
1 230 447 45000.0
1 230 448 45000.0
1 230 449 45000.0
1 230 450 45000.0
1 230 451 45000.0
1 230 452 45000.0
1 230 453 45000.0
1 230 454 45000.0
1 230 455 45000.0
1 230 456 45000.0
1 231 457 45000.0
1 231 458 45000.0
1 231 459 45000.0
1 231 460 45000.0
1 232 461 45000.0
1 232 462 45000.0
1 232 463 45000.0
1 232 464 45000.0
1 233 464 45000.0
1 234 464 45000.0
1 235 464 45000.0
1 236 464 45000.0
1 237 464 45000.0
1 238 464 45000.0
1 239 465 45000.0
1 239 466 45000.0
1 239 467 5337.1
1 238 468 5337.1
1 238 469 5337.1
1 238 470 5337.1
1 239 471 5337.1
1 240 471 5337.1
1 241 472 5337.1
1 242 472 5337.1
1 243 472 5337.1
1 244 473 5337.1
1 245 474 5337.1
1 246 475 5337.1
1 246 476 5337.1
1 246 477 5337.1
1 246 478 5337.1
1 246 479 5337.1
1 246 480 5337.1
1 245 481 5337.1
1 245 482 5337.1
1 244 483 5337.1
1 243 484 5337.1
1 243 485 5337.1
1 243 486 5337.1
1 243 487 5337.1
1 243 488 5337.1
1 243 489 5337.1
1 242 490 5337.1
1 242 491 5337.1
1 241 492 5337.1
1 241 493 5337.1
1 240 494 5337.1
1 239 495 5337.1
1 238 496 5337.1
1 235 497 5337.1
1 236 497 5337.1
1 237 497 5337.1
1 233 498 5337.1
1 234 498 5337.1
1 233 499 5337.1
1 232 500 5337.1
1 231 501 5337.1
1 231 502 5337.1
1 231 503 5337.1
1 231 504 5337.1
1 231 505 5337.1
1 231 506 5337.1
1 231 507 5337.1
1 231 508 5337.1
1 231 509 5337.1
1 231 510 5337.1
1 231 511 5337.1
1 231 512 5337.1
1 231 513 5337.1
1 231 514 5337.1
1 231 515 5337.1
1 232 516 5337.1
1 232 517 5337.1
1 232 518 5337.1
1 233 519 5337.1
1 233 520 5337.1
1 233 521 5337.1
1 234 522 5337.1
1 234 523 5337.1
1 235 524 5337.1
1 235 525 5337.1
1 236 525 5337.1
1 237 525 5337.1
1 238 525 5337.1
1 239 526 5337.1
1 239 527 5337.1
1 240 528 5437.9
1 240 529 5453.1
1 241 530 5519.7
1 241 531 5549.7
1 241 532 5566.6
1 241 533 5578.1
1 241 534 5586.4
1 242 535 5064.8
1 242 536 5076.1
1 243 536 5094.1
1 244 536 5126.6
1 245 536 5155.2
1 246 537 5210.6
1 246 538 5227.7
1 247 539 5267.6
1 248 540 5303.1
1 249 540 5315.2
1 250 540 5331.6
1 251 541 5365.2
1 250 544 5398.8
1 251 544 5401.1
1 245 545 5344.2
1 246 545 5355.4
1 247 545 5374.0
1 248 545 5387.7
1 249 545 5393.2
1 243 546 5317.7
1 244 546 5321.7
1 243 547 5318.4
1 242 548 5314.5
1 242 549 5314.8
1 241 550 5308.6
1 241 551 5306.9
1 240 552 5296.5
1 239 553 5285.5
1 238 554 0.0
1 237 555 5249.9
1 236 556 5248.8
1 236 557 5248.8
1 232 558 5189.1
1 233 558 5186.1
1 234 558 5193.8
1 235 558 5197.3
1 232 559 5201.2
1 231 560 5201.4
1 231 561 5209.8
1 231 562 5216.5
1 231 563 5221.6
1 231 564 5222.9
1 230 565 5389.7
1 230 566 5382.9
1 230 567 5372.0
1 230 568 5359.6
1 215 371 5678.1
1 39 51 6043.2
1 39 52 5967.8
1 38 53 5714.5
1 38 54 5641.8
1 37 55 5375.6
1 36 56 5152.8
1 35 57 4950.0
1 35 58 4889.0
1 35 59 4787.7
1 35 60 8397.7
1 35 61 8262.3
1 35 62 8125.5
1 35 63 7985.2
1 35 64 7841.2
1 35 65 7693.4
1 35 66 7542.6
1 35 67 7395.4
1 35 68 7276.3
1 36 69 10770.0
1 36 70 10502.6
1 36 71 10250.3
1 36 72 10007.1
1 36 73 9772.1
1 36 74 9559.1
1 36 75 9377.7
1 36 76 9287.9
1 36 77 9255.2
1 230 569 5347.0
1 230 570 5333.5
1 230 571 5317.4
1 230 572 5306.0
1 230 573 5316.9
1 230 574 5332.4
1 230 575 5342.6
1 230 576 5344.7
1 230 577 5179.6
1 230 578 5212.8
1 230 579 5245.9
1 230 580 5275.3
1 230 581 5278.4
1 230 582 5283.8
1 230 583 5286.3
1 230 584 5285.4
1 230 585 5282.0
1 230 586 5277.4
1 230 587 5271.3
1 230 588 5267.4
1 229 589 5251.5
1 229 590 5242.2
1 228 591 5219.5
1 228 592 5203.8
1 228 593 5186.5
1 228 594 5164.3
1 227 595 5120.1
1 227 596 5096.9
1 227 597 5068.8
1 227 598 5035.6
1 227 599 4786.4
1 226 600 4700.2
1 226 601 4698.2
1 226 602 4696.9
1 226 603 4697.6
1 225 604 4268.5
1 224 605 4268.5
1 223 606 4290.4
1 222 607 4310.8
1 223 605 4275.0
1 114 114 -22651.2
1 117 120 -3432.88
1 121 111 -171772.0
1 121 113 -140263.0
1 124 115 -27442.8
1 125 116 -115579.0
1 126 120 -45302.4
1 129 121 -50239.2
1 130 122 -819.284
1 133 112 -108029.0
1 135 194 -1400.08
1 138 201 -20037.6
1 139 168 -5953.2
1 140 168 -16988.4
1 141 191 -32670.0
1 143 126 -64904.4
1 143 172 -22070.4
1 143 190 -15972.0
1 144 166 -38478.0
1 144 172 -24829.2
1 144 182 -39784.8
1 144 190 -8857.2
1 145 161 -57208.8
1 145 164 -580.8
1 146 117 -36880.8
1 146 188 -435.6
1 146 190 -12342.0
1 147 132 -14955.6
1 147 145 -819.284
1 148 167 -45592.8
1 148 176 -25793.7
1 148 196 -20908.8
1 149 145 -52852.8
1 149 146 -38187.6
1 150 124 -30346.8
1 150 128 -145.2
1 150 141 -17424.0
1 150 198 -59967.6
1 151 142 -43850.4
1 151 195 -33686.4
1 152 123 -60112.8
1 152 125 -3432.88
1 152 132 -5465.68
1 153 142 -65485.2
1 153 192 -46318.8
1 154 125 -871.2
1 154 171 -7643.68
1 154 249 -15972.0
1 155 112 -41236.8
1 155 129 -435.6
1 155 141 -93508.8
1 156 129 -182662.0
1 156 146 -39784.8
1 157 116 -38913.6
1 157 135 -11657.4
1 157 140 -503554.0
1 157 251 -21634.8
1 158 133 -31746.9
1 158 137 -37171.2
1 158 181 -120952.0
1 159 119 -66066.0
1 159 173 -27733.2
1 161 125 -435.6
1 161 188 -71438.4
1 162 119 -7695.6
1 162 121 -106867.0
1 162 128 -209669.0
1 162 132 -16843.2
1 162 140 -726.0
1 162 167 -1597.2
1 162 169 -2178.0
1 163 138 -7788.88
1 164 135 -19456.8
1 164 187 -47335.2
1 165 130 -41672.4
1 165 131 -2323.2
1 166 126 -5808.0
1 167 259 -2613.6
1 168 123 -2468.4
1 168 208 -12487.2
1 169 127 -290.4
1 169 163 -49077.6
1 170 131 -30782.4
1 170 132 -6098.4
1 170 163 -20908.8
1 171 131 -27297.6
1 171 132 -25264.8
1 172 130 -31508.4
1 172 218 -66792.0
1 173 224 -25264.8
1 174 123 -2032.8
1 175 134 -26136.0
1 175 204 -4065.6
1 176 176 -12922.8
1 176 202 -435.6
1 177 133 -75358.8
1 177 211 -18150.0
1 178 164 -37461.6
1 179 181 -88426.8
1 179 183 -39784.8
1 179 210 -17133.6
1 180 208 -23667.6
1 183 184 -50965.2
1 184 246 -3049.2
1 187 200 -42834.0
1 187 281 -3194.4
1 188 198 -41091.6
1 188 240 -52272.0
1 188 258 -57499.2
1 189 282 -22941.6
1 190 281 -60984.0
1 191 191 -76520.4
1 191 281 -43995.6
1 193 256 -42979.2
1 193 260 -21132.6
1 197 204 -11470.8
1 197 252 -8712.0
1 198 297 -4501.2
1 198 298 -819.284
1 199 211 -17714.4
1 199 231 -15246.0
1 199 298 -819.284
1 200 298 -819.284
1 201 234 -2904.0
1 203 275 -75358.8
1 203 280 -11470.8
1 204 248 -19908.1
1 205 300 -860.814
1 206 286 -1893.61
1 206 300 -1638.57
1 210 264 -5808.0
1 211 255 -71874.0
1 212 226 -6243.6
1 213 264 -290.4
1 213 300 -6534.0
1 214 240 -189050.0
1 215 260 -32089.2
1 216 238 -50094.0
1 216 267 -14229.6
1 217 264 -22941.6
1 217 365 -726.0
1 218 179 -293740.0
1 219 310 -14955.6
1 221 223 -1452.0
1 221 284 -12444.2
1 222 352 -9341.79
1 222 358 -2904.0
1 222 369 -16407.6
1 223 271 -25990.8
1 224 301 -27007.2
1 224 374 -8808.4
1 226 311 -31218.0
1 226 350 -172.95
1 226 365 -1974.4
1 226 382 -5794.61
1 227 270 -580.8
1 228 225 -27733.2
1 230 255 -40656.0
1 230 361 -26571.6
1 231 401 -964.4839999999999
1 232 256 -14955.6
1 232 364 -341.1
1 232 370 -15783.2
1 233 337 -964.4839999999999
1 233 376 -2108.15
1 233 394 -1638.57
1 233 399 -76520.4
1 234 304 -4282.83
1 234 393 -819.284
1 235 400 -1597.2
1 236 263 -9147.6
1 236 351 -23522.4
1 237 237 -7986.0
1 237 316 -29448.0
1 237 357 -4471.09
1 237 389 -819.284
1 238 221 -6824.4
1 238 398 -40.27
1 238 605 -4141.36
1 238 609 -1638.57
1 239 250 -2613.6
1 239 338 -12632.4
1 239 426 -726.0
1 239 605 -4096.42
1 239 606 -2457.85
1 239 619 -819.284
1 240 380 -819.284
1 240 426 -819.284
1 240 608 -3277.14
1 241 335 -17569.2
1 241 342 -28894.8
1 241 358 -1452.0
1 241 604 -819.284
1 242 311 -6667.51
1 243 357 -31363.2
1 243 371 -17902.8
1 243 389 -2468.4
1 243 422 -145.2
1 243 431 -271.53
1 243 605 -4096.42
1 244 431 -149.39
1 244 605 -4915.7
1 244 621 -1638.57
1 245 238 -29040.0
1 245 322 -29869.7
1 245 337 -1109.68
1 245 370 -567.25
1 245 621 -819.284
1 246 321 -4193.45
1 246 618 -2457.85
1 247 344 -819.284
1 247 383 -12723.3
1 247 384 -2817060.0
1 248 251 -26608.2
1 248 424 -3339.6
1 248 436 -2613.6
1 248 444 -23367.1
1 248 589 -4210.8
1 249 373 -819.284
1 249 389 -9002.4
1 249 424 -7062.88
1 249 430 -41871.4
1 249 436 -6293.08
1 249 443 -5049.62
1 249 606 -4096.42
1 250 239 -2323.2
1 250 326 -2926.25
1 250 424 -819.284
1 250 425 -667339.0
1 250 431 -56866.0
1 250 595 -2748.25
1 251 300 -52562.4
1 251 333 -478.45
1 251 356 -36321.1
1 251 408 -482.74
1 251 456 -964.4839999999999
1 251 457 -20.2
1 251 594 -819.284
1 251 595 -848.694
1 251 596 -1638.57
1 252 230 -32815.2
1 252 285 -17278.8
1 252 329 -32081.0
1 252 450 -1016.4
1 252 595 -819.284
1 252 606 -819.284
1 253 298 -6969.6
1 253 331 -13889.2
1 253 332 -17337.0
1 253 416 -145.2
1 253 420 -10522.1
1 253 445 -62981.4
1 254 338 -34122.0
1 254 367 -580.8
1 254 407 -908.87
1 254 597 -819.284
1 254 607 -11564.1
1 255 381 -32524.8
1 255 383 -52272.0
1 255 388 -49513.2
1 255 395 -2613.6
1 255 420 -7114.8
1 255 439 -15826.8
1 255 443 -94837.6
1 255 595 -819.284
1 255 596 -819.284
1 255 606 -1254.88
1 255 609 -1638.57
1 255 610 -42280.4
1 256 314 -11746.8
1 256 335 -24103.2
1 256 341 -1161.6
1 256 370 -4829.96
1 256 413 -3630.0
1 256 586 -43272.0
1 256 593 -3277.14
1 257 238 -4936.8
1 257 324 -5403.09
1 257 413 -3194.4
1 257 576 -5399.27
1 257 599 -3341.52
1 257 600 -56482.8
1 258 325 -9606.9
1 258 336 -3946.28
1 258 442 -752447.0
1 258 464 -3920.4
1 258 585 -4915.7
1 258 595 -1638.57
1 258 601 -27588.0
1 258 602 -71958.3
1 259 340 -51203.7
1 259 371 -5841.14
1 259 405 -135559.0
1 259 588 -36269.7
1 259 592 -1327.64
1 259 593 -1141.07
1 260 342 -17424.0
1 260 349 -871.2
1 260 407 -3024680.0
1 260 413 -437106.0
1 260 424 -735.57
1 260 461 -2178.0
1 260 463 -59096.4
1 260 464 -30201.6
1 260 585 -36426.2
1 260 586 -73616.1
1 260 587 -10640.0
1 261 337 -4791.6
1 261 355 -27007.2
1 261 381 -290537.0
1 261 395 -98348.9
1 261 416 -23232.0
1 261 418 -819.284
1 261 429 -8087.68
1 261 464 -47916.0
1 261 492 -819.284
1 261 571 -6534.0
1 261 576 -25091.3
1 262 345 -22941.6
1 262 449 -145.2
1 262 540 -447.23
1 262 564 -3361.76
1 262 567 -39196.9
1 262 568 -23086.8
1 262 570 -96558.0
1 262 571 -1887.6
1 263 340 -6534.0
1 263 471 -6969.6
1 263 477 -8566.8
1 263 520 -1638.57
1 263 574 -3920.4
1 263 582 -4105.59
1 264 344 -12342.0
1 264 345 -25990.8
1 264 355 -290.4
1 264 367 -1835.68
1 264 383 -1439.3
1 264 407 -4646.4
1 264 428 -208426.0
1 264 468 -85.84
1 264 471 -6098.4
1 264 476 -109916.0
1 264 477 -1452.0
1 264 523 -3183.85
1 264 524 -726.0
1 264 549 -3361.78
1 265 364 -19377.9
1 265 374 -49738.1
1 265 380 -56.81
1 265 422 -144336.0
1 265 523 -2506.5
1 265 557 -145.2
1 266 337 -819.284
1 266 340 -2178.0
1 266 462 -290.4
1 267 391 -17714.4
1 267 463 -1887.6
1 267 555 -2271.28
1 267 556 -819.284
1 268 333 -20763.6
1 268 334 -19747.2
1 268 436 -1990200.0
1 268 455 -34.72
1 268 479 -580.8
1 268 480 -580.8
1 268 489 -8671.43
1 268 545 -46394.6
1 269 349 -435.6
1 269 363 -819.284
1 269 397 -74923.2
1 269 450 -2178.0
1 269 456 -12016.8
1 269 541 -1109.68
1 270 337 -4356.0
1 270 352 -3920.4
1 270 397 -24684.0
1 270 412 -76493.6
1 270 417 -298234.0
1 270 429 -997.3
1 270 481 -819.284
1 270 483 -1658.7
1 270 484 -819.284
1 270 486 -8995.26
1 270 498 -1016.4
1 271 319 -51460.7
1 271 335 -7405.2
1 271 368 -145.2
1 271 371 -2323.2
1 271 415 -122481.0
1 271 451 -7405.2
1 271 485 -326.08
1 271 493 -85152.7
1 271 498 -124001.0
1 271 537 -111508.0
1 272 336 -16.73
1 272 337 -21650.2
1 272 351 -16117.2
1 272 366 -25119.6
1 272 368 -109556.0
1 272 396 -145.2
1 272 450 -6388.8
1 272 451 -30346.8
1 272 453 -290.4
1 272 462 -1905510.0
1 272 490 -435.6
1 272 491 -16.41
1 272 497 -26268.2
1 272 498 -102511.0
1 272 530 -20306.9
1 272 532 -116643.0
1 272 535 -9063.72
1 273 363 -290.4
1 273 410 -1597.2
1 273 480 -42979.2
1 273 510 -2271.28
1 273 516 -24111.9
1 273 517 -443988.0
1 273 518 -323.69
1 274 409 -3630.0
1 274 520 -33396.0
1 274 523 -290.4
1 275 367 -195004.0
1 275 441 -374727.0
1 275 450 -28314.0
1 275 506 -2032.8
1 276 364 -6969.6
1 276 366 -155509.0
1 276 446 -3049.2
1 277 294 -79831.0
1 277 390 -5517.6
1 277 407 -1152410.0
1 277 431 -6568.2
1 277 454 -6388.8
1 277 468 -145.2
1 277 472 -19822.2
1 277 480 -85376.6
1 277 482 -8276.4
1 278 365 -34412.4
1 278 435 -2116.21
1 278 482 -8276.4
1 279 310 -30512.3
1 279 336 -31072.8
1 279 433 -199024.0
1 279 438 -409787.0
1 279 449 -726.0
1 279 475 -93964.2
1 279 485 -14955.6
1 280 365 -1742.4
1 280 433 -14765.8
1 280 442 -12777.6
1 280 469 -23134.3
1 280 471 -51058.9
1 281 458 -601476.0
1 282 409 -6534.0
1 282 424 -2178.0
1 282 430 -580.8
1 282 436 -3964.72
1 282 454 -1026.98
1 282 457 -602.86
1 283 429 -347754.0
1 283 449 -37791.5
1 283 452 -24601.5
1 283 455 -93355.0
1 283 468 -43343.8
1 284 339 -19811.8
1 284 457 -6243.6
1 284 463 -518423.0
1 284 481 -9545.42
1 285 306 -13528.7
1 285 336 -5249.67
1 285 374 -726.0
1 285 467 -111968.0
1 285 475 -101091.0
1 286 330 -56565.2
1 286 425 -133864.0
1 286 475 -46006.9
1 286 477 -10351.7
1 287 329 -716.22
1 287 388 -88331.9
1 287 426 -819.284
1 287 477 -24418.8
1 288 419 -11616.0
1 288 423 -1271.24
1 288 426 -819.284
1 289 351 -14955.6
1 289 404 -207874.0
1 289 459 -160524.0
1 289 468 -5212.07
1 290 374 -78408.0
1 290 382 -463059.0
1 290 402 -127.0
1 290 411 -7695.6
1 290 412 -21925.2
1 290 413 -21780.0
1 290 420 -906.41
1 291 350 -871.2
1 291 355 -8444.85
1 291 373 -1597.2
1 291 419 -1383260.0
1 292 361 -12487.2
1 292 365 -14955.6
1 292 416 -871.2
1 292 469 -50844.9
1 294 435 -13068.0
1 294 447 -50337.9
1 294 458 -25497.9
1 295 391 -42688.8
1 295 430 -1252580.0
1 296 388 -2666.32
1 296 398 -9500.24
1 296 406 -19980.8
1 296 433 -10309.2
1 297 381 -13939.2
1 297 383 -871.2
1 297 395 -130005.0
1 297 401 -27925.9
1 297 413 -1248940.0
1 297 415 -83344.8
1 297 442 -48311.0
1 298 389 -2904.0
1 298 390 -2904.0
1 299 354 -4065.6
1 299 355 -7833.93
1 299 387 -658.97
1 334 405 -26136.0
1 102 110 -819.284
1 102 113 -819.284
1 103 100 -819.284
1 103 104 -819.284
1 104 115 -819.284
1 105 115 -819.284
1 105 139 -819.284
1 108 117 -819.284
1 109 112 -819.284
1 111 155 -819.284
1 111 208 -819.284
1 112 181 -819.284
1 113 111 -819.284
1 113 159 -819.284
1 113 211 -819.284
1 114 173 -819.284
1 114 212 -1638.57
1 115 212 -1638.57
1 116 121 -819.284
1 116 150 -819.284
1 116 166 -819.284
1 117 119 -819.284
1 117 168 -819.284
1 117 210 -819.284
1 119 194 -819.284
1 119 202 -819.284
1 119 96 -819.284
1 120 155 -819.284
1 120 94 -819.284
1 121 187 -819.284
1 123 110 -819.284
1 123 111 -819.284
1 123 158 -819.284
1 123 168 -819.284
1 123 193 -819.284
1 123 202 -1638.57
1 125 150 -819.284
1 125 151 -819.284
1 125 193 -819.284
1 125 194 -819.284
1 126 121 -819.284
1 126 191 -819.284
1 126 195 -819.284
1 127 150 -819.284
1 127 160 -819.284
1 127 169 -819.284
1 127 195 -819.284
1 127 199 -1638.57
1 128 122 -819.284
1 128 148 -819.284
1 128 149 -819.284
1 128 152 -819.284
1 128 153 -819.284
1 128 154 -819.284
1 128 157 -819.284
1 128 199 -819.284
1 129 117 -819.284
1 129 119 -819.284
1 129 122 -819.284
1 129 146 -819.284
1 129 154 -1638.57
1 129 162 -819.284
1 129 176 -819.284
1 130 120 -819.284
1 130 154 -819.284
1 130 155 -819.284
1 130 156 -2457.85
1 130 194 -819.284
1 131 112 -819.284
1 131 121 -819.284
1 131 122 -819.284
1 131 150 -819.284
1 131 156 -819.284
1 131 157 -819.284
1 131 158 -819.284
1 131 161 -1638.57
1 131 198 -819.284
1 132 112 -819.284
1 132 155 -819.284
1 132 156 -819.284
1 132 160 -819.284
1 132 161 -1638.57
1 133 155 -819.284
1 133 159 -819.284
1 133 160 -1638.57
1 133 192 -1638.57
1 133 193 -819.284
1 134 148 -819.284
1 134 150 -819.284
1 134 151 -819.284
1 134 156 -819.284
1 134 191 -819.284
1 134 193 -3277.14
1 135 148 -4096.42
1 135 149 -1638.57
1 135 156 -819.284
1 135 157 -819.284
1 135 193 -2457.85
1 136 147 -819.284
1 136 148 -819.284
1 136 149 -819.284
1 136 150 -1638.57
1 136 153 -819.284
1 136 155 -819.284
1 137 148 -819.284
1 137 150 -819.284
1 137 153 -1638.57
1 137 154 -819.284
1 137 157 -2457.85
1 137 175 -819.284
1 137 206 -819.284
1 138 151 -819.284
1 138 152 -819.284
1 138 153 -2457.85
1 138 168 -819.284
1 138 169 -819.284
1 139 151 -819.284
1 140 138 -819.284
1 140 155 -3277.14
1 140 156 -819.284
1 140 171 -819.284
1 140 180 -819.284
1 141 149 -819.284
1 141 154 -1638.57
1 141 157 -819.284
1 141 171 -819.284
1 141 199 -1638.57
1 142 155 -819.284
1 142 156 -819.284
1 142 157 -819.284
1 142 158 -819.284
1 142 174 -819.284
1 142 179 -819.284
1 142 201 -819.284
1 143 146 -819.284
1 143 157 -2457.85
1 144 142 -1638.57
1 144 173 -819.284
1 145 142 -819.284
1 145 143 -819.284
1 145 151 -819.284
1 145 187 -819.284
1 145 226 -819.284
1 146 140 -819.284
1 146 141 -1638.57
1 146 145 -819.284
1 146 208 -819.284
1 146 229 -819.284
1 146 230 -819.284
1 146 232 -819.284
1 147 139 -2457.85
1 147 140 -819.284
1 147 141 -819.284
1 147 142 -819.284
1 147 229 -819.284
1 147 230 -819.284
1 147 233 -819.284
1 147 239 -819.284
1 147 240 -819.284
1 148 217 -819.284
1 148 221 -819.284
1 149 127 -819.284
1 149 147 -819.284
1 149 154 -819.284
1 149 222 -819.284
1 149 253 -819.284
1 150 160 -819.284
1 150 164 -819.284
1 150 177 -819.284
1 150 227 -819.284
1 150 236 -819.284
1 151 128 -819.284
1 151 228 -819.284
1 152 153 -819.284
1 152 173 -819.284
1 152 176 -819.284
1 152 222 -819.284
1 152 228 -819.284
1 153 126 -819.284
1 153 136 -819.284
1 153 155 -819.284
1 153 232 -819.284
1 153 238 -819.284
1 153 253 -819.284
1 154 126 -819.284
1 154 133 -819.284
1 154 161 -819.284
1 154 172 -819.284
1 154 220 -819.284
1 154 244 -819.284
1 155 170 -1638.57
1 155 216 -819.284
1 155 262 -819.284
1 156 160 -819.284
1 156 211 -819.284
1 156 223 -819.284
1 157 132 -819.284
1 157 133 -819.284
1 157 134 -2457.85
1 157 136 -819.284
1 157 194 -819.284
1 157 207 -819.284
1 157 240 -819.284
1 158 135 -819.284
1 158 248 -819.284
1 159 152 -819.284
1 159 231 -819.284
1 159 240 -819.284
1 159 247 -819.284
1 159 248 -819.284
1 159 250 -819.284
1 159 251 -819.284
1 159 257 -819.284
1 160 133 -819.284
1 160 249 -1638.57
1 160 251 -1638.57
1 160 252 -819.284
1 160 253 -819.284
1 160 262 -819.284
1 161 144 -1638.57
1 161 251 -819.284
1 161 253 -819.284
1 162 137 -1638.57
1 162 252 -1638.57
1 162 253 -819.284
1 163 152 -819.284
1 163 190 -819.284
1 163 236 -819.284
1 164 278 -819.284
1 164 290 -819.284
1 164 299 -819.284
1 165 133 -1638.57
1 165 134 -1638.57
1 165 135 -819.284
1 165 290 -819.284
1 166 131 -819.284
1 166 132 -819.284
1 166 133 -1638.57
1 166 134 -819.284
1 166 135 -819.284
1 166 210 -819.284
1 166 254 -819.284
1 166 255 -819.284
1 167 127 -819.284
1 167 132 -1638.57
1 167 133 -1638.57
1 167 134 -2457.85
1 167 256 -819.284
1 167 288 -819.284
1 167 294 -819.284
1 168 130 -819.284
1 168 131 -819.284
1 168 132 -3277.14
1 168 133 -3277.14
1 168 286 -819.284
1 168 287 -1638.57
1 168 291 -1638.57
1 169 128 -1638.57
1 169 129 -3277.14
1 169 131 -819.284
1 169 132 -4096.42
1 169 133 -2457.85
1 169 134 -7373.56
1 169 135 -819.284
1 169 236 -819.284
1 169 260 -819.284
1 169 271 -819.284
1 169 287 -819.284
1 169 290 -819.284
1 170 133 -2457.85
1 170 134 -9831.41
1 170 136 -819.284
1 170 187 -819.284
1 170 256 -819.284
1 170 287 -819.284
1 170 292 -819.284
1 171 133 -1638.57
1 171 134 -819.284
1 171 136 -4096.42
1 171 290 -819.284
1 172 257 -819.284
1 172 284 -819.284
1 172 295 -1638.57
1 172 311 -819.284
1 173 258 -819.284
1 173 278 -819.284
1 173 290 -819.284
1 173 292 -819.284
1 173 293 -1638.57
1 173 294 -819.284
1 174 124 -819.284
1 174 253 -819.284
1 174 261 -819.284
1 174 270 -819.284
1 174 283 -819.284
1 174 289 -819.284
1 174 293 -819.284
1 175 260 -819.284
1 175 288 -819.284
1 175 292 -1638.57
1 175 293 -819.284
1 175 296 -819.284
1 175 305 -819.284
1 176 274 -819.284
1 176 305 -819.284
1 177 289 -819.284
1 177 290 -819.284
1 178 243 -819.284
1 178 280 -819.284
1 178 285 -819.284
1 178 302 -819.284
1 178 305 -819.284
1 178 306 -819.284
1 178 311 -819.284
1 179 278 -819.284
1 179 285 -819.284
1 180 149 -819.284
1 180 286 -819.284
1 181 297 -819.284
1 181 307 -819.284
1 181 308 -819.284
1 183 242 -819.284
1 183 285 -819.284
1 183 295 -819.284
1 183 308 -819.284
1 183 309 -819.284
1 183 318 -819.284
1 184 263 -819.284
1 184 285 -819.284
1 184 313 -819.284
1 184 319 -819.284
1 185 257 -819.284
1 185 305 -819.284
1 185 306 -819.284
1 185 307 -819.284
1 185 315 -819.284
1 186 255 -819.284
1 186 265 -819.284
1 186 307 -1638.57
1 186 310 -819.284
1 188 262 -819.284
1 188 294 -819.284
1 188 295 -819.284
1 189 295 -819.284
1 189 309 -819.284
1 190 307 -819.284
1 190 308 -819.284
1 190 324 -819.284
1 191 292 -1638.57
1 191 304 -819.284
1 191 305 -819.284
1 192 258 -819.284
1 192 284 -819.284
1 192 304 -819.284
1 192 316 -819.284
1 192 319 -819.284
1 193 262 -819.284
1 193 301 -819.284
1 193 311 -819.284
1 193 313 -1638.57
1 194 284 -819.284
1 194 313 -819.284
1 195 269 -819.284
1 195 287 -819.284
1 195 289 -819.284
1 195 300 -819.284
1 195 311 -819.284
1 195 313 -819.284
1 196 269 -819.284
1 196 275 -819.284
1 196 303 -819.284
1 196 324 -819.284
1 196 333 -819.284
1 197 264 -819.284
1 197 283 -819.284
1 197 300 -819.284
1 197 322 -819.284
1 197 325 -819.284
1 198 242 -819.284
1 198 276 -1638.57
1 198 309 -819.284
1 198 311 -819.284
1 199 283 -819.284
1 199 311 -819.284
1 199 324 -819.284
1 200 280 -819.284
1 200 286 -819.284
1 200 296 -819.284
1 200 299 -819.284
1 200 306 -819.284
1 200 307 -819.284
1 200 312 -819.284
1 200 343 -819.284
1 200 345 -819.284
1 201 257 -819.284
1 202 280 -819.284
1 202 287 -819.284
1 202 297 -819.284
1 202 301 -819.284
1 202 302 -819.284
1 203 215 -819.284
1 203 304 -819.284
1 203 305 -819.284
1 203 309 -819.284
1 203 315 -819.284
1 205 263 -819.284
1 205 303 -819.284
1 205 304 -819.284
1 205 317 -819.284
1 205 318 -819.284
1 205 319 -819.284
1 206 264 -819.284
1 206 270 -819.284
1 206 301 -819.284
1 206 304 -819.284
1 206 315 -819.284
1 206 317 -1638.57
1 207 262 -819.284
1 207 300 -819.284
1 207 301 -1638.57
1 207 303 -819.284
1 207 304 -819.284
1 207 306 -1638.57
1 207 315 -819.284
1 207 317 -819.284
1 208 298 -1638.57
1 208 299 -1638.57
1 208 306 -819.284
1 208 317 -819.284
1 208 328 -819.284
1 209 284 -819.284
1 209 297 -819.284
1 209 302 -819.284
1 210 284 -819.284
1 210 301 -819.284
1 210 302 -819.284
1 210 342 -819.284
1 211 301 -819.284
1 211 321 -819.284
1 212 295 -819.284
1 212 347 -819.284
1 213 226 -819.284
1 213 287 -819.284
1 213 303 -819.284
1 213 329 -819.284
1 214 319 -819.284
1 215 289 -819.284
1 215 311 -819.284
1 215 353 -819.284
1 216 323 -819.284
1 216 341 -819.284
1 217 244 -819.284
1 217 249 -819.284
1 217 351 -819.284
1 218 209 -819.284
1 218 243 -819.284
1 218 292 -819.284
1 218 345 -1638.57
1 221 240 -819.284
1 221 611 -819.284
1 222 254 -819.284
1 222 362 -819.284
1 224 338 -819.284
1 224 359 -819.284
1 225 323 -819.284
1 225 329 -819.284
1 225 332 -819.284
1 225 368 -819.284
1 225 373 -819.284
1 225 378 -819.284
1 225 382 -1638.57
1 226 323 -819.284
1 226 388 -1638.57
1 226 618 -819.284
1 227 315 -819.284
1 228 606 -819.284
1 229 385 -1638.57
1 229 392 -819.284
1 229 393 -819.284
1 229 397 -3277.14
1 229 618 -4096.42
1 230 338 -819.284
1 230 373 -1638.57
1 230 384 -819.284
1 230 392 -1638.57
1 230 393 -3277.14
1 230 396 -819.284
1 230 605 -819.284
1 231 343 -819.284
1 231 383 -819.284
1 231 392 -4096.42
1 231 393 -9012.12
1 231 398 -819.284
1 231 603 -819.284
1 231 607 -1638.57
1 232 259 -819.284
1 232 300 -819.284
1 232 384 -819.284
1 232 389 -819.284
1 232 393 -4915.7
1 232 394 -3277.14
1 232 405 -819.284
1 232 604 -1638.57
1 232 606 -1638.57
1 232 607 -2457.85
1 232 608 -819.284
1 233 373 -819.284
1 233 393 -819.284
1 233 403 -819.284
1 233 406 -3277.14
1 233 601 -1638.57
1 233 602 -819.284
1 234 374 -819.284
1 234 388 -819.284
1 234 389 -819.284
1 234 406 -2457.85
1 234 407 -1638.57
1 234 601 -819.284
1 234 602 -1638.57
1 234 603 -2457.85
1 234 604 -819.284
1 234 605 -1638.57
1 234 606 -819.284
1 234 609 -819.284
1 234 620 -819.284
1 234 621 -819.284
1 235 342 -819.284
1 235 368 -819.284
1 235 389 -819.284
1 235 392 -819.284
1 235 404 -819.284
1 235 406 -819.284
1 235 599 -819.284
1 235 600 -1638.57
1 235 602 -2457.85
1 235 603 -819.284
1 235 606 -819.284
1 235 608 -819.284
1 236 256 -819.284
1 236 359 -819.284
1 236 377 -1638.57
1 236 378 -819.284
1 236 389 -1638.57
1 236 600 -819.284
1 236 601 -819.284
1 236 602 -1638.57
1 236 605 -819.284
1 236 606 -819.284
1 236 607 -819.284
1 236 620 -819.284
1 237 330 -819.284
1 237 377 -819.284
1 237 384 -819.284
1 237 388 -819.284
1 237 605 -1638.57
1 237 606 -2457.85
1 237 607 -1638.57
1 237 608 -4096.42
1 237 609 -2457.85
1 237 620 -819.284
1 238 346 -819.284
1 238 391 -819.284
1 238 410 -819.284
1 238 602 -819.284
1 238 603 -819.284
1 238 606 -4096.42
1 238 607 -4915.7
1 238 608 -3277.14
1 238 610 -819.284
1 239 297 -819.284
1 239 323 -819.284
1 239 404 -819.284
1 239 601 -819.284
1 239 603 -819.284
1 239 607 -1638.57
1 239 608 -3277.14
1 239 609 -2457.85
1 239 610 -1638.57
1 239 615 -1638.57
1 240 267 -819.284
1 240 319 -819.284
1 240 327 -819.284
1 240 352 -819.284
1 240 374 -1638.57
1 240 392 -1638.57
1 240 396 -819.284
1 240 406 -819.284
1 240 603 -819.284
1 240 605 -2457.85
1 240 606 -3277.14
1 240 607 -1638.57
1 240 620 -1638.57
1 240 621 -819.284
1 241 339 -819.284
1 241 352 -819.284
1 241 370 -1638.57
1 241 375 -819.284
1 241 409 -819.284
1 241 577 -819.284
1 241 603 -1638.57
1 241 605 -2457.85
1 241 606 -1638.57
1 241 607 -1638.57
1 241 608 -1638.57
1 241 609 -4096.42
1 241 610 -819.284
1 241 611 -819.284
1 241 620 -819.284
1 241 621 -819.284
1 242 314 -819.284
1 242 318 -819.284
1 242 336 -819.284
1 242 338 -819.284
1 242 339 -819.284
1 242 373 -2457.85
1 242 374 -4915.7
1 242 406 -1638.57
1 242 603 -1638.57
1 242 604 -5734.99
1 242 605 -7373.56
1 242 606 -2457.85
1 242 607 -4096.42
1 242 608 -4096.42
1 242 609 -2457.85
1 242 610 -2457.85
1 242 616 -819.284
1 242 622 -819.284
1 242 623 -2457.85
1 243 366 -819.284
1 243 369 -819.284
1 243 372 -1638.57
1 243 373 -6554.27
1 243 374 -2457.85
1 243 386 -819.284
1 243 391 -819.284
1 243 405 -819.284
1 243 406 -819.284
1 243 407 -1638.57
1 243 409 -819.284
1 243 577 -819.284
1 243 606 -5734.99
1 243 607 -4096.42
1 243 608 -1638.57
1 243 609 -4915.7
1 243 620 -819.284
1 243 622 -1638.57
1 243 623 -6554.27
1 244 371 -819.284
1 244 372 -1638.57
1 244 373 -2457.85
1 244 415 -819.284
1 244 598 -819.284
1 244 606 -3277.14
1 244 607 -819.284
1 244 611 -819.284
1 244 616 -819.284
1 244 622 -819.284
1 244 623 -3277.14
1 244 624 -819.284
1 245 312 -819.284
1 245 315 -819.284
1 245 326 -819.284
1 245 335 -819.284
1 245 338 -819.284
1 245 356 -1638.57
1 245 371 -819.284
1 245 413 -819.284
1 245 586 -819.284
1 245 604 -819.284
1 245 605 -2457.85
1 245 606 -4096.42
1 245 607 -3277.14
1 245 609 -4096.42
1 245 610 -1638.57
1 245 612 -1638.57
1 245 616 -1638.57
1 245 619 -819.284
1 245 620 -1638.57
1 245 622 -819.284
1 246 214 -819.284
1 246 342 -819.284
1 246 356 -819.284
1 246 357 -819.284
1 246 374 -819.284
1 246 413 -819.284
1 246 590 -819.284
1 246 599 -819.284
1 246 600 -4915.7
1 246 605 -3277.14
1 246 606 -5734.99
1 246 607 -3277.14
1 246 610 -819.284
1 246 612 -1638.57
1 246 614 -819.284
1 246 615 -819.284
1 246 623 -819.284
1 247 314 -819.284
1 247 331 -819.284
1 247 367 -1638.57
1 247 368 -4096.42
1 247 387 -1638.57
1 247 413 -819.284
1 247 578 -819.284
1 247 597 -819.284
1 247 598 -5734.99
1 247 599 -4915.7
1 247 600 -8192.84
1 247 601 -8192.84
1 247 605 -1638.57
1 247 609 -1638.57
1 247 610 -1638.57
1 247 611 -3277.14
1 247 612 -3277.14
1 247 613 -1638.57
1 247 618 -1638.57
1 247 619 -819.284
1 247 623 -819.284
1 248 307 -819.284
1 248 367 -819.284
1 248 368 -3277.14
1 248 371 -1638.57
1 248 372 -4096.42
1 248 387 -1638.57
1 248 388 -4915.7
1 248 413 -819.284
1 248 416 -819.284
1 248 529 -819.284
1 248 567 -819.284
1 248 596 -5734.99
1 248 597 -4096.42
1 248 598 -8192.84
1 248 599 -4915.7
1 248 600 -3277.14
1 248 601 -4915.7
1 248 602 -2457.85
1 248 605 -819.284
1 248 608 -819.284
1 248 609 -1638.57
1 248 610 -2457.85
1 248 611 -4915.7
1 248 612 -4915.7
1 248 613 -5734.99
1 248 618 -819.284
1 248 619 -819.284
1 248 620 -819.284
1 248 623 -1638.57
1 249 333 -819.284
1 249 334 -819.284
1 249 365 -1638.57
1 249 366 -2457.85
1 249 367 -819.284
1 249 368 -2457.85
1 249 371 -819.284
1 249 387 -819.284
1 249 388 -819.284
1 249 400 -819.284
1 249 412 -819.284
1 249 567 -819.284
1 249 593 -1638.57
1 249 595 -4915.7
1 249 596 -5734.99
1 249 597 -9012.12
1 249 603 -2457.85
1 249 604 -6554.27
1 249 605 -4096.42
1 249 607 -3277.14
1 249 609 -819.284
1 249 610 -1638.57
1 249 611 -4096.42
1 249 612 -7373.56
1 249 613 -1638.57
1 249 618 -819.284
1 249 623 -819.284
1 250 331 -819.284
1 250 355 -819.284
1 250 365 -1638.57
1 250 366 -4096.42
1 250 367 -2457.85
1 250 368 -819.284
1 250 369 -1638.57
1 250 370 -1638.57
1 250 371 -4915.7
1 250 382 -819.284
1 250 406 -819.284
1 250 413 -819.284
1 250 414 -819.284
1 250 423 -819.284
1 250 436 -819.284
1 250 568 -819.284
1 250 579 -819.284
1 250 591 -819.284
1 250 594 -819.284
1 250 596 -6554.27
1 250 597 -1638.57
1 250 602 -819.284
1 250 603 -5734.99
1 250 604 -4915.7
1 250 605 -3277.14
1 250 607 -819.284
1 250 608 -2457.85
1 250 609 -819.284
1 250 610 -819.284
1 250 613 -819.284
1 251 276 -819.284
1 251 322 -819.284
1 251 365 -2457.85
1 251 366 -7373.56
1 251 367 -1638.57
1 251 368 -1638.57
1 251 371 -819.284
1 251 379 -819.284
1 251 407 -819.284
1 251 414 -819.284
1 251 424 -819.284
1 251 598 -819.284
1 251 604 -819.284
1 251 605 -819.284
1 251 607 -819.284
1 251 610 -819.284
1 252 236 -819.284
1 252 365 -2457.85
1 252 366 -5734.99
1 252 367 -5734.99
1 252 368 -1638.57
1 252 376 -819.284
1 252 412 -819.284
1 252 416 -819.284
1 252 428 -819.284
1 252 506 -819.284
1 252 507 -819.284
1 252 528 -819.284
1 252 534 -819.284
1 252 544 -819.284
1 252 576 -819.284
1 252 591 -1638.57
1 252 596 -1638.57
1 252 597 -1638.57
1 252 598 -819.284
1 252 599 -1638.57
1 252 608 -1638.57
1 252 609 -819.284
1 252 611 -819.284
1 252 620 -819.284
1 253 259 -819.284
1 253 342 -819.284
1 253 363 -819.284
1 253 365 -1638.57
1 253 366 -4915.7
1 253 367 -3277.14
1 253 370 -819.284
1 253 375 -1638.57
1 253 404 -819.284
1 253 433 -1638.57
1 253 506 -819.284
1 253 543 -819.284
1 253 546 -819.284
1 253 547 -819.284
1 253 566 -819.284
1 253 586 -1638.57
1 253 596 -819.284
1 253 597 -3277.14
1 253 601 -819.284
1 253 604 -819.284
1 253 605 -819.284
1 253 614 -2457.85
1 254 366 -1638.57
1 254 478 -819.284
1 254 581 -819.284
1 254 584 -819.284
1 254 585 -4915.7
1 254 586 -4096.42
1 254 587 -2457.85
1 254 588 -2457.85
1 254 589 -3277.14
1 254 598 -819.284
1 254 599 -819.284
1 254 601 -1638.57
1 254 604 -1638.57
1 254 605 -819.284
1 254 606 -819.284
1 254 611 -819.284
1 255 341 -819.284
1 255 346 -819.284
1 255 371 -819.284
1 255 402 -819.284
1 255 442 -819.284
1 255 445 -819.284
1 255 461 -819.284
1 255 479 -819.284
1 255 512 -819.284
1 255 513 -819.284
1 255 526 -819.284
1 255 547 -819.284
1 255 548 -819.284
1 255 565 -819.284
1 255 583 -2457.85
1 255 584 -3277.14
1 255 585 -3277.14
1 255 586 -3277.14
1 255 587 -1638.57
1 255 588 -819.284
1 255 591 -819.284
1 255 594 -819.284
1 255 597 -819.284
1 255 600 -1638.57
1 255 607 -819.284
1 256 346 -819.284
1 256 350 -819.284
1 256 367 -819.284
1 256 373 -819.284
1 256 374 -819.284
1 256 491 -819.284
1 256 526 -819.284
1 256 531 -2457.85
1 256 532 -819.284
1 256 547 -819.284
1 256 548 -1638.57
1 256 549 -819.284
1 256 575 -819.284
1 256 578 -1638.57
1 256 580 -819.284
1 256 584 -2457.85
1 256 585 -1638.57
1 256 592 -1638.57
1 256 594 -5734.99
1 256 595 -3277.14
1 256 607 -3277.14
1 256 608 -1638.57
1 256 609 -819.284
1 257 330 -819.284
1 257 461 -819.284
1 257 497 -819.284
1 257 503 -819.284
1 257 506 -819.284
1 257 512 -819.284
1 257 527 -2457.85
1 257 529 -819.284
1 257 532 -819.284
1 257 549 -819.284
1 257 574 -819.284
1 257 575 -2457.85
1 257 584 -2457.85
1 257 585 -2457.85
1 257 593 -1638.57
1 257 594 -6554.27
1 257 595 -3277.14
1 257 597 -1638.57
1 257 606 -5734.99
1 257 607 -819.284
1 258 307 -819.284
1 258 330 -819.284
1 258 366 -819.284
1 258 485 -1638.57
1 258 489 -1638.57
1 258 491 -819.284
1 258 493 -819.284
1 258 494 -819.284
1 258 496 -819.284
1 258 497 -819.284
1 258 498 -2457.85
1 258 499 -1638.57
1 258 502 -819.284
1 258 503 -819.284
1 258 529 -1638.57
1 258 531 -819.284
1 258 532 -819.284
1 258 533 -1638.57
1 258 535 -819.284
1 258 546 -819.284
1 258 550 -819.284
1 258 556 -1638.57
1 258 564 -819.284
1 258 576 -819.284
1 258 583 -819.284
1 258 584 -2457.85
1 258 586 -2457.85
1 258 594 -2457.85
1 258 606 -4096.42
1 258 607 -819.284
1 259 346 -819.284
1 259 369 -1638.57
1 259 402 -819.284
1 259 444 -819.284
1 259 456 -819.284
1 259 485 -819.284
1 259 486 -819.284
1 259 488 -819.284
1 259 489 -819.284
1 259 490 -1638.57
1 259 509 -1638.57
1 259 510 -819.284
1 259 522 -819.284
1 259 528 -819.284
1 259 529 -819.284
1 259 531 -819.284
1 259 532 -819.284
1 259 545 -819.284
1 259 549 -819.284
1 259 554 -1638.57
1 259 555 -1638.57
1 259 556 -2457.85
1 259 557 -2457.85
1 259 575 -3277.14
1 259 576 -819.284
1 259 579 -819.284
1 259 584 -819.284
1 259 585 -3277.14
1 259 586 -1638.57
1 260 369 -1638.57
1 260 404 -1638.57
1 260 443 -819.284
1 260 454 -819.284
1 260 485 -819.284
1 260 486 -1638.57
1 260 487 -819.284
1 260 492 -819.284
1 260 499 -819.284
1 260 502 -1638.57
1 260 517 -819.284
1 260 527 -819.284
1 260 545 -2457.85
1 260 548 -819.284
1 260 554 -819.284
1 260 556 -819.284
1 260 567 -819.284
1 260 576 -819.284
1 260 577 -819.284
1 261 397 -819.284
1 261 404 -819.284
1 261 444 -819.284
1 261 483 -819.284
1 261 487 -819.284
1 261 501 -819.284
1 261 502 -819.284
1 261 545 -819.284
1 261 551 -819.284
1 261 552 -819.284
1 261 565 -819.284
1 262 254 -819.284
1 262 353 -1638.57
1 262 369 -819.284
1 262 425 -819.284
1 262 443 -819.284
1 262 458 -819.284
1 262 483 -1638.57
1 262 493 -819.284
1 262 501 -819.284
1 262 502 -819.284
1 262 523 -819.284
1 262 524 -819.284
1 262 535 -819.284
1 262 536 -819.284
1 262 537 -819.284
1 262 542 -819.284
1 262 546 -819.284
1 262 584 -819.284
1 262 587 -819.284
1 263 355 -819.284
1 263 415 -819.284
1 263 484 -819.284
1 263 493 -819.284
1 263 509 -819.284
1 263 522 -819.284
1 263 523 -1638.57
1 263 524 -1638.57
1 263 541 -1638.57
1 263 542 -819.284
1 263 543 -819.284
1 263 546 -1638.57
1 263 576 -819.284
1 263 579 -819.284
1 263 581 -3277.14
1 264 369 -819.284
1 264 379 -819.284
1 264 481 -819.284
1 264 482 -819.284
1 264 493 -819.284
1 264 503 -819.284
1 264 504 -819.284
1 264 516 -819.284
1 264 521 -2457.85
1 264 527 -819.284
1 264 543 -3277.14
1 264 568 -819.284
1 264 575 -819.284
1 264 576 -1638.57
1 265 336 -819.284
1 265 367 -1638.57
1 265 457 -819.284
1 265 459 -819.284
1 265 511 -819.284
1 265 516 -819.284
1 265 520 -819.284
1 265 524 -819.284
1 265 568 -1638.57
1 266 314 -819.284
1 266 413 -819.284
1 266 456 -819.284
1 266 478 -819.284
1 266 481 -819.284
1 266 483 -819.284
1 266 484 -819.284
1 266 485 -819.284
1 266 492 -819.284
1 266 498 -819.284
1 266 505 -819.284
1 266 518 -819.284
1 266 523 -819.284
1 266 543 -819.284
1 266 545 -819.284
1 266 549 -819.284
1 266 555 -819.284
1 267 337 -819.284
1 267 365 -819.284
1 267 381 -819.284
1 267 459 -819.284
1 267 460 -1638.57
1 267 505 -819.284
1 267 507 -819.284
1 267 543 -819.284
1 267 544 -1638.57
1 267 549 -819.284
1 267 553 -2457.85
1 267 562 -819.284
1 268 507 -1638.57
1 268 540 -819.284
1 268 541 -819.284
1 268 542 -1638.57
1 268 543 -3277.14
1 268 544 -1638.57
1 268 549 -819.284
1 268 551 -819.284
1 268 552 -819.284
1 268 553 -819.284
1 269 362 -819.284
1 269 505 -1638.57
1 269 507 -819.284
1 269 528 -819.284
1 269 543 -819.284
1 269 547 -1638.57
1 270 474 -819.284
1 270 475 -1638.57
1 270 479 -819.284
1 270 491 -819.284
1 270 504 -819.284
1 270 507 -819.284
1 270 526 -819.284
1 271 375 -819.284
1 271 388 -819.284
1 271 479 -819.284
1 271 481 -819.284
1 271 487 -819.284
1 271 491 -819.284
1 271 526 -819.284
1 272 469 -819.284
1 272 493 -819.284
1 272 495 -1638.57
1 272 496 -819.284
1 272 502 -819.284
1 272 526 -2457.85
1 273 441 -819.284
1 273 462 -819.284
1 273 526 -819.284
1 275 463 -819.284
1 275 480 -819.284
1 275 502 -819.284
1 275 504 -819.284
1 276 502 -819.284
1 277 393 -819.284
1 279 459 -819.284
1 280 563 -819.284
1 282 434 -819.284
1 282 435 -819.284
1 283 461 -819.284
1 283 482 -819.284
1 283 483 -819.284
1 285 437 -819.284
1 285 482 -819.284
1 285 483 -819.284
1 286 377 -819.284
1 286 464 -819.284
1 288 469 -819.284
1 289 362 -819.284
1 289 443 -819.284
1 292 358 -819.284
1 293 390 -2457.85
1 293 391 -819.284
1 296 390 -819.284
1 301 359 -819.284
1 301 378 -819.284
1 85 106 -819.284
1 92 112 -1638.57
1 93 117 -819.284
1 97 89 -819.284
1 98 101 -819.284
1 99 126 -819.284
1 99 136 -819.284
1 147 119 -7986.0
1 148 187 -46173.6
1 150 114 -93944.4
1 153 113 -52998.0
1 156 158 -17424.0
1 157 160 -11616.0
1 167 186 -35864.4
1 168 169 -143748.0
1 197 280 -24103.2
1 199 225 -29330.4
1 210 300 -5808.0
1 211 298 -18876.0
1 234 285 -16843.2
1 244 234 -21489.6
1 265 469 -145.2
1 267 479 -1597.2
1 271 361 -8024.92
1 272 454 -37.37
1 285 433 -726.0
1 291 453 -34485.2
1 299 360 -25264.8
1 109 116 -90024.0
1 131 118 -4065.6
1 132 183 -10018.8
1 137 123 -40656.0
1 140 173 -31944.0
1 141 124 -29620.8
1 142 121 -34702.8
1 152 130 -16117.2
1 155 192 -46899.6
1 157 117 -10018.8
1 157 190 -290.4
1 158 205 -19311.6
1 164 258 -29911.2
1 169 164 -376358.0
1 172 162 -14374.8
1 172 163 -39930.0
1 172 164 -6679.2
1 173 196 -1016.4
1 175 213 -109626.0
1 195 280 -38768.4
1 202 295 -35719.2
1 203 296 -81892.8
1 214 174 -168722.0
1 218 173 -191374.0
1 226 358 -3282.25
1 247 335 -21199.2
1 256 333 -29620.8
1 262 350 -56773.2
1 265 349 -29040.0
1 267 346 -101204.0
1 269 347 -90750.0
1 271 470 -871.2
1 274 431 -1956960.0
1 280 367 -16552.8
1 285 357 -38187.6
1 289 374 -11180.4
1 292 370 -40801.2
1 293 370 -66792.0
1 293 378 -16407.6
1 299 335 -69696.0
1 143 152 -40365.6
1 143 154 -33976.8
1 144 130 -25700.4
1 148 113 -213008.0
1 149 118 -85087.2
1 151 143 -43124.4
1 152 177 -7550.4
1 152 183 -11180.4
1 153 185 -20328.0
1 153 212 -30637.2
1 154 128 -871.2
1 155 180 -17424.0
1 155 187 -18295.2
1 161 161 -12342.0
1 162 171 -114708.0
1 164 159 -213008.0
1 167 163 -41962.8
1 170 217 -71002.8
1 174 182 -20328.0
1 175 178 -145.2
1 176 128 -27878.4
1 188 287 -6098.4
1 189 206 -71438.4
1 201 279 -40075.2
1 221 294 -39494.4
1 221 361 -871.2
1 222 252 -6969.6
1 222 266 -31363.2
1 224 273 -37316.4
1 225 248 -26571.6
1 226 361 -24248.4
1 234 319 -48351.6
1 235 317 -71002.8
1 237 292 -29367.3
1 245 243 -6679.2
1 248 238 -1306.8
1 248 331 -17424.0
1 256 342 -10018.8
1 259 347 -11180.4
1 266 345 -28314.0
1 271 268 -127631.0
1 274 278 -39639.6
1 289 355 -3339.6
1 295 392 -6388.8
1 296 391 -14665.2
1 296 393 -14374.8
1 140 166 -141715.0
1 141 116 -34122.0
1 141 165 -73616.4
1 142 185 -35283.6
1 143 114 -32524.8
1 143 184 -46609.2
1 144 151 -72745.2
1 144 186 -15391.2
1 145 114 -23522.4
1 146 150 -27442.8
1 146 180 -46754.4
1 147 148 -98155.2
1 147 171 -19747.2
1 149 124 -871.2
1 149 181 -35574.0
1 150 172 -51836.4
1 150 183 -14084.4
1 150 186 -48061.2
1 151 178 -31653.6
1 151 181 -19456.8
1 151 189 -49803.6
1 151 211 -37606.8
1 152 180 -115724.0
1 153 188 -46318.8
1 154 113 -1597.2
1 158 173 -580.8
1 164 124 -7840.8
1 168 164 -27297.6
1 168 166 -22070.4
1 170 115 -9147.6
1 171 125 -871.2
1 176 222 -21634.8
1 184 210 -86394.0
1 188 207 -60693.6
1 189 288 -9147.6
1 193 280 -58951.2
1 206 280 -16407.6
1 209 273 -37606.8
1 209 281 -80440.8
1 210 249 -28023.6
1 211 263 -37897.2
1 211 296 -9873.6
1 213 270 -28314.0
1 219 272 -12922.8
1 221 302 -1597.2
1 221 317 -77682.0
1 224 287 -23812.8
1 227 344 -26716.8
1 228 354 -20763.6
1 230 352 -33105.6
1 231 270 -23522.4
1 231 347 -4791.6
1 235 295 -25990.8
1 236 320 -58660.8
1 236 342 -24393.6
1 236 344 -8276.4
1 240 330 -32234.4
1 240 337 -21634.8
1 240 357 -9728.4
1 244 333 -4483.43
1 246 332 -25264.8
1 246 337 -6679.2
1 251 334 -32379.6
1 258 343 -1306.8
1 258 345 -9873.6
1 260 345 -9147.6
1 261 340 -15100.8
1 261 351 -7405.2
1 262 286 -7114.8
1 262 361 -16262.4
1 263 344 -15536.4
1 263 350 -10599.6
1 265 517 -435.6
1 267 321 -28023.6
1 269 365 -10309.2
1 270 267 -16698.0
1 271 267 -21634.8
1 271 355 -14520.0
1 275 399 -244.65
1 278 502 -3339.6
1 281 331 -6824.4
1 284 333 -4791.6
1 289 371 -9583.2
1 290 371 -14810.4
1 291 365 -5372.4
1 296 358 -27297.6
1 297 356 -15391.2
1 297 391 -22070.4
1 299 347 -4356.0
1 125 93 -16552.8
1 131 125 -112675.0
1 134 123 -49513.2
1 134 125 -13213.2
1 135 126 -25555.2
1 138 125 -53869.2
1 142 117 -84361.2
1 142 169 -2904.0
1 145 116 -16262.4
1 146 146 -41236.8
1 152 213 -19892.4
1 161 185 -244952.0
1 163 186 -118628.0
1 166 203 -7260.0
1 183 232 -80150.4
1 192 232 -72745.2
1 193 235 -80876.4
1 211 195 -1887.6
1 215 261 -16988.4
1 221 339 -17569.2
1 223 263 -18730.8
1 226 354 -15246.0
1 230 358 -7260.0
1 232 274 -23522.4
1 232 347 -5372.4
1 233 341 -13648.8
1 242 618 -580.8
1 248 344 -15246.0
1 263 345 -46609.2
1 263 570 -145.2
1 264 348 -2904.0
1 286 302 -6388.8
1 292 360 -6098.4
1 293 357 -37026.0
1 295 362 -14955.6
1 297 439 -524072.0
1 132 120 -165383.0
1 134 124 -69115.2
1 134 126 -23812.8
1 135 122 -63742.8
1 137 128 -54885.6
1 145 166 -6824.4
1 148 119 -68244.0
1 150 118 -68098.8
1 150 121 -105125.0
1 150 127 -6243.6
1 152 118 -50239.2
1 153 122 -101640.0
1 153 123 -101930.0
1 155 125 -212573.0
1 156 124 -93654.0
1 158 138 -9002.4
1 158 140 -389136.0
1 160 139 -174676.0
1 181 126 -261941.0
1 185 168 -119645.0
1 189 126 -100624.0
1 224 257 -11761.2
1 230 223 -10018.8
1 260 337 -871.2
1 137 168 -6969.6
1 149 213 -50674.8
1 189 195 -8421.6
1 192 197 -8131.2
1 202 228 -7114.8
1 210 253 -35719.2
1 217 236 -33250.8
1 245 324 -871.2
1 186 159 -18440.4
1 188 160 -44140.8
1 291 354 -8857.2
1 145 131 -31508.4
1 153 116 -14955.6
1 158 114 -64033.2
1 160 170 -16407.6
1 187 160 -31072.8
1 187 263 -145.2
1 188 197 -1016.4
1 188 204 -28749.6
1 206 169 -4356.0
1 208 226 -24974.4
1 211 266 -35888.7
1 213 265 -145.2
1 213 276 -43291.8
1 214 274 -37847.6
1 220 278 -84323.5
1 223 372 -21780.0
1 232 398 -1016.4
1 233 375 -580.8
1 236 317 -29766.0
1 239 385 -26.01
1 239 406 -135.83
1 239 416 -5.3
1 241 238 -21344.4
1 244 244 -2904.0
1 245 408 -5372.4
1 246 320 -4065.6
1 248 454 -145.2
1 259 351 -3604.16
1 265 360 -2436.44
1 267 407 -290.4
1 267 449 -2323.2
1 268 351 -9873.6
1 269 360 -7496.55
1 273 340 -435.6
1 273 367 -7986.0
1 274 327 -10599.6
1 274 432 -12342.0
1 275 465 -314.72
1 290 322 -32379.6
1 292 458 -21371.1
1 294 354 -6564.5
1 295 337 -33396.0
1 296 371 -34557.6
1 297 377 -23232.0
1 147 116 -87265.2
1 147 183 -9728.4
1 156 122 -170755.0
1 205 310 -145.2
1 268 484 -290.4
1 173 183 -18440.4
1 257 342 -7114.8
1 268 354 -290.4
1 201 251 -43560.0
1 251 286 -4210.8
1 259 336 -290.4
1 261 570 -145.2
1 265 488 -580.8
1 144 132 -290.4
1 136 173 -4646.4
1 144 189 -12487.2
1 154 112 -62581.2
1 154 122 -111804.0
1 161 179 -63307.2
1 164 169 -14374.8
1 167 128 -290.4
1 167 247 -7405.2
1 183 124 -229416.0
1 186 123 -138376.0
1 186 125 -1016.4
1 186 209 -37606.8
1 204 300 -31.43
1 215 269 -77972.4
1 218 239 -13381.5
1 225 242 -12342.0
1 226 375 -7285.1
1 235 420 -10599.6
1 238 302 -12051.6
1 242 355 -94.81
1 245 406 -1452.0
1 247 591 -1016.4
1 248 590 -145.2
1 248 593 -1597.2
1 251 614 -1137.3
1 255 333 -25897.3
1 256 443 -277.73
1 258 339 -511.02
1 258 416 -204.02
1 259 414 -726.0
1 266 470 -1731.26
1 267 554 -726.0
1 269 482 -145.2
1 270 476 -2178.0
1 273 523 -32815.2
1 274 506 -4065.6
1 275 479 -11325.6
1 278 446 -4210.8
1 280 458 -850.73
1 291 374 -6679.2
1 293 458 -13794.0
1 297 388 -1110.54
1 298 384 -78.27
1 298 391 -2904.0
1 221 300 -1742.4
1 134 167 -1016.4
1 153 134 -10164.0
1 156 121 -1016.4
1 158 122 -1016.4
1 159 157 -92928.0
1 160 117 -13358.4
1 176 181 -1887.6
1 184 305 -1.51
1 197 298 -15.15
1 211 290 -7840.8
1 221 351 -290.4
1 225 289 -23812.8
1 226 330 -54074.2
1 228 243 -16117.2
1 237 406 -131.67
1 239 392 -2904.0
1 241 343 -27297.6
1 244 430 -1016.4
1 247 342 -35.85
1 253 427 -2775.65
1 253 443 -128.64
1 254 398 -3.53
1 254 442 -13.63
1 254 444 -10.35
1 254 445 -386.3
1 256 445 -1250.03
1 257 344 -37.24
1 257 387 -49513.2
1 259 345 -3630.0
1 261 322 -22.47
1 261 346 -133.06
1 261 369 -531.35
1 262 322 -72.84
1 262 555 -145.2
1 263 448 -145.2
1 265 559 -923.95
1 267 388 -6969.6
1 269 539 -145.2
1 270 319 -6792.16
1 271 364 -7986.0
1 271 471 -145.2
1 271 489 -1388.64
1 272 371 -435.6
1 273 520 -19892.4
1 273 522 -290.4
1 274 474 -145.2
1 275 371 -1016.4
1 275 449 -12342.0
1 277 386 -871.2
1 289 321 -287496.0
1 295 375 -3049.2
1 296 415 -2758.8
1 167 168 -14520.0
1 271 476 -145.2
