1 62 1 3798.3
1 61 2 3770.7
1 60 3 3749.7
1 59 4 3733.5
1 58 5 3721.5
1 57 6 3713.4
1 56 7 3709.2
1 55 8 3709.0
1 54 9 3713.4
1 53 10 3722.5
1 52 11 3736.7
1 51 12 3755.5
1 49 13 3767.8
1 50 13 3777.1
1 48 14 3789.3
1 47 15 3784.5
1 46 16 3776.7
1 45 17 3766.9
1 45 18 3767.6
1 45 19 3768.3
1 44 20 3756.4
1 44 21 3756.2
1 44 22 3755.5
1 44 23 3754.2
1 44 24 3752.2
1 44 25 3749.4
1 44 26 3745.6
1 44 27 3740.7
1 44 28 3734.5
1 44 29 3727.0
1 44 30 3717.9
1 44 31 3707.0
1 44 32 3694.2
1 44 33 3679.1
1 44 34 3661.5
1 44 35 3641.1
1 44 36 3617.4
1 44 37 3589.8
1 44 38 3557.8
1 44 39 3520.3
1 44 40 3476.1
1 44 41 3422.8
1 43 42 3304.0
1 43 43 3265.0
1 43 44 3203.3
1 42 45 3052.1
1 42 46 2997.6
1 40 47 2765.7
1 41 47 2812.0
1 40 48 2729.6
1 40 49 2663.5
1 40 50 2567.6
1 35 78 4859.7
1 35 79 4888.1
1 34 80 4945.1
1 33 81 5025.5
1 32 82 5089.1
1 31 83 5102.5
1 30 84 5114.2
1 29 85 5123.1
1 28 86 5145.4
1 27 87 5164.2
1 26 88 5190.3
1 25 89 5217.8
1 25 90 5254.2
1 24 91 5241.3
1 24 92 5256.5
1 24 93 5293.6
1 24 94 5330.6
1 23 95 5345.7
1 23 96 5386.0
1 23 97 5422.3
1 22 98 5430.3
1 22 99 5471.4
1 22 100 5508.4
1 22 101 5545.7
1 21 102 5566.0
1 21 103 5611.1
1 20 104 5633.2
1 20 105 5675.7
1 19 106 5707.7
1 19 107 5752.1
1 18 108 5788.7
1 18 109 5828.5
1 17 110 5747.7
1 17 111 5758.8
1 17 112 5868.1
1 65 109 6030.5
1 66 109 6027.0
1 67 109 5976.4
1 68 109 5941.6
1 69 109 5951.1
1 62 110 5964.5
1 63 110 6002.2
1 64 110 6023.1
1 70 110 6040.0
1 60 111 5859.4
1 61 111 5880.9
1 71 111 6106.0
1 37 112 5647.1
1 38 112 5707.3
1 39 112 5768.9
1 40 112 5814.4
1 41 112 5851.4
1 42 112 5873.4
1 43 112 5884.6
1 44 112 5893.7
1 45 112 5900.9
1 46 112 5910.4
1 47 112 5919.3
1 48 112 5936.9
1 55 112 5739.6
1 56 112 5761.3
1 57 112 5778.4
1 58 112 5795.2
1 59 112 5810.1
1 72 112 6143.0
1 16 113 5956.8
1 33 113 5631.7
1 34 113 5615.1
1 35 113 5599.2
1 36 113 5578.7
1 49 113 5930.6
1 50 113 5908.4
1 51 113 5855.3
1 52 113 5800.7
1 53 113 5744.1
1 54 113 5707.4
1 73 113 6175.3
1 16 114 6015.9
1 29 114 5721.3
1 30 114 5696.1
1 31 114 5668.3
1 32 114 5633.3
1 74 114 6198.4
1 75 114 6202.5
1 16 115 6072.6
1 25 115 5833.0
1 26 115 5810.2
1 27 115 5781.0
1 28 115 5741.0
1 76 115 6234.3
1 16 116 6127.9
1 21 116 5975.7
1 22 116 5990.6
1 23 116 5903.4
1 24 116 5863.2
1 77 116 6249.5
1 78 116 6247.6
1 79 116 6260.2
1 16 117 6182.1
1 20 117 6023.7
1 80 117 6281.1
1 81 117 6279.2
1 82 117 6258.6
1 83 117 6231.1
1 84 117 6202.0
1 16 118 6219.5
1 17 118 6185.7
1 18 118 6138.6
1 19 118 6085.1
1 85 118 6131.5
1 85 119 6089.7
1 86 120 6072.5
1 86 121 6095.2
1 86 122 6120.0
1 86 123 6137.3
1 86 124 6149.7
1 86 125 6159.3
1 86 126 6166.4
1 86 127 6170.1
1 86 128 6170.7
1 86 129 6169.0
1 86 130 6166.3
1 86 131 6162.1
1 86 132 6155.2
1 86 133 6146.5
1 86 134 6134.7
1 86 135 6118.8
1 86 136 6099.7
1 85 137 6050.6
1 85 138 6037.7
1 84 139 6032.8
1 83 140 6073.8
1 82 141 6157.7
1 82 142 6174.0
1 81 143 6226.7
1 80 144 6287.2
1 79 145 6356.2
1 78 146 6419.8
1 77 147 6487.1
1 76 148 6559.0
1 75 149 6636.4
1 75 150 6700.7
1 75 151 6761.3
1 75 152 6821.9
1 75 153 6868.8
1 76 154 6862.0
1 77 154 6849.2
1 78 154 6839.0
1 79 155 6827.7
1 80 155 6815.1
1 81 156 6797.5
1 82 157 6771.0
1 82 158 6748.6
1 83 158 6734.5
1 84 159 6704.6
1 84 160 6676.8
1 84 161 6652.4
1 84 162 6628.5
1 85 163 6603.4
1 86 164 6574.0
1 87 165 6537.0
1 88 166 6502.2
1 89 167 6468.6
1 90 168 6387.2
1 90 169 6337.2
1 91 170 6269.8
1 92 171 6198.4
1 93 172 6167.7
1 94 173 6141.2
1 94 174 6138.8
1 95 175 6123.4
1 95 176 6109.0
1 95 177 6113.7
1 95 178 6120.7
1 95 179 6126.0
1 96 180 5954.7
1 97 181 5971.7
1 98 182 5989.2
1 99 183 6006.7
1 100 184 6022.5
1 101 185 6037.9
1 102 185 6046.3
1 103 185 6061.9
1 104 186 6096.3
1 105 186 6097.4
1 106 187 6100.6
1 107 188 6096.4
1 108 189 5914.1
1 108 190 5916.1
1 108 191 5917.1
1 108 192 5916.7
1 108 193 5912.5
1 107 194 5707.4
1 107 195 5703.4
1 107 196 5695.6
1 107 197 5685.3
1 107 198 5673.3
1 106 199 5634.9
1 106 200 5622.0
1 105 201 5576.1
1 105 202 5562.9
1 104 203 5522.4
1 104 204 5513.7
1 104 205 5498.7
1 104 206 5477.3
1 104 207 5444.2
1 98 208 5460.6
1 99 208 5470.7
1 100 208 5483.1
1 101 208 5496.0
1 102 208 5513.7
1 103 208 5542.4
1 97 209 5451.3
1 97 210 5450.1
1 97 211 5446.0
1 97 212 5440.7
1 96 213 5424.1
1 95 214 5416.7
1 95 215 5415.4
1 94 216 5408.0
1 94 217 5407.1
1 94 218 5406.4
1 95 219 5410.6
1 96 220 5414.1
1 97 221 5418.0
1 97 222 5416.9
1 98 223 5420.2
1 98 224 5418.8
1 99 225 5422.9
1 99 226 5421.0
1 100 227 5242.1
1 128 227 5398.5
1 129 227 5461.6
1 101 228 5248.0
1 107 228 5142.9
1 108 228 5167.8
1 109 228 5196.4
1 110 228 5228.4
1 111 228 5263.1
1 125 228 5283.4
1 126 228 5309.8
1 127 228 5318.0
1 130 228 5187.6
1 131 228 5194.1
1 132 228 5188.2
1 133 228 5189.3
1 134 228 5195.5
1 135 228 5209.9
1 136 228 5226.9
1 137 228 5240.2
1 138 228 5267.0
1 102 229 5252.8
1 106 229 5280.7
1 112 229 5117.3
1 118 229 5143.6
1 119 229 5162.0
1 120 229 5177.9
1 121 229 5192.0
1 122 229 5203.3
1 123 229 5212.7
1 124 229 5215.2
1 139 229 5340.3
1 103 230 5256.3
1 104 230 5258.9
1 105 230 5261.9
1 113 230 5133.9
1 114 230 5125.4
1 115 230 5121.1
1 116 230 5118.6
1 117 230 5110.7
1 140 230 5307.1
1 139 231 5374.7
1 137 232 5411.3
1 138 232 5410.6
1 136 233 5414.6
1 135 234 5407.4
1 133 235 5374.7
1 134 235 5388.0
1 132 236 5357.8
1 130 237 5314.5
1 131 237 5329.7
1 129 238 5303.3
1 128 239 5287.2
1 127 240 5267.3
1 127 241 5257.5
1 127 242 5244.6
1 128 243 5252.9
1 129 244 5251.2
1 129 245 5238.5
1 130 246 5234.7
1 131 246 5233.6
1 132 246 5236.5
1 133 246 5245.8
1 134 246 5263.2
1 135 246 5289.6
1 136 246 5316.8
1 137 246 5336.8
1 138 246 5358.8
1 139 247 5409.5
1 140 247 5434.0
1 141 247 5471.5
1 142 247 5514.8
1 143 248 5577.8
1 144 249 5671.3
1 144 250 5698.1
1 145 251 5749.9
1 145 252 5775.5
1 145 253 5795.8
1 146 254 5829.1
1 146 255 5826.5
1 146 256 5820.5
1 146 257 5812.6
1 146 258 5802.4
1 146 259 5790.6
1 146 260 5777.2
1 146 261 5764.9
1 146 262 5751.7
1 146 263 5738.5
1 146 264 5728.4
1 146 265 0.0
1 147 266 5482.8
1 147 267 5453.7
1 147 268 5428.8
1 147 269 5389.1
1 147 270 5356.1
1 148 271 5306.0
1 148 272 5279.2
1 148 273 5252.1
1 148 274 5230.3
1 149 274 5215.4
1 149 275 5175.8
1 149 276 5143.6
1 149 277 5091.0
1 149 278 5036.4
1 150 279 5132.7
1 150 280 5087.7
1 150 281 5046.5
1 150 282 5016.2
1 151 283 4932.5
1 151 284 4888.7
1 151 285 4855.4
1 152 286 4761.4
1 152 287 4706.8
1 152 288 4662.5
1 152 289 4628.0
1 153 290 4722.8
1 153 291 4696.3
1 153 292 4704.2
1 154 293 4715.0
1 154 294 4726.6
1 154 295 4736.1
1 154 296 4742.2
1 155 297 4760.1
1 155 298 4763.9
1 156 299 4586.8
1 157 299 4593.1
1 158 299 4602.6
1 159 299 4615.1
1 160 299 4631.1
1 161 299 4650.5
1 162 300 4681.7
1 162 301 4684.5
1 162 302 4683.6
1 162 303 4681.0
1 162 304 4678.3
1 163 305 4857.4
1 163 306 4848.4
1 163 307 4838.6
1 163 308 4829.3
1 163 309 4823.2
1 164 310 5039.4
1 165 311 5081.0
1 166 312 5152.7
1 167 313 5211.3
1 168 314 5244.2
1 168 315 5076.7
1 168 316 5081.0
1 169 316 5088.5
1 169 317 5094.3
1 170 317 5104.1
1 171 318 5105.2
1 171 319 5081.8
1 172 320 5033.9
1 172 321 4986.4
1 172 322 4938.1
1 172 323 4887.1
1 172 324 4847.4
1 173 325 4845.9
1 173 326 4849.5
1 173 327 4851.3
1 174 328 4860.7
1 174 329 4862.3
1 174 330 4863.3
1 175 331 4867.8
1 176 331 4871.8
1 177 331 4877.7
1 178 332 4887.1
1 179 333 4889.7
1 179 334 4886.6
1 179 335 4883.5
1 180 336 4881.0
1 181 337 4872.5
1 181 338 4867.8
1 187 338 4741.0
1 188 338 4762.1
1 189 338 4779.7
1 190 338 4793.4
1 182 339 4858.5
1 186 339 4873.5
1 191 339 4797.0
1 192 339 5216.0
1 182 340 4852.5
1 186 340 4857.8
1 193 340 5215.3
1 182 341 4848.9
1 186 341 4847.8
1 194 341 5215.2
1 195 341 5216.8
1 183 342 4845.3
1 184 342 4845.1
1 185 342 4844.6
1 186 342 4843.5
1 196 342 5216.5
1 196 343 5214.4
1 197 344 5213.3
1 198 345 5210.9
1 199 346 5208.8
1 200 346 5210.4
1 201 346 5212.6
1 202 346 5214.7
1 203 346 5215.5
1 204 346 4380.48
1 205 347 5199.5
1 206 347 5193.3
1 207 348 5398.8
1 207 349 5496.1
1 207 350 5637.0
1 206 351 5696.9
1 205 352 5701.7
1 205 353 5706.2
1 205 354 5711.2
1 206 355 5734.1
1 206 356 5742.3
1 207 357 5767.0
1 208 357 5784.2
1 209 358 5465.4
1 210 359 5522.7
1 211 359 5550.7
1 212 360 5470.5
1 212 361 5507.7
1 208 362 5529.9
1 209 362 5534.6
1 210 362 5541.7
1 211 362 5547.4
1 207 363 5526.1
1 206 364 5520.7
1 206 365 5522.0
1 206 366 5522.2
1 206 367 5521.4
1 206 368 5520.4
1 206 369 5519.2
1 207 369 5525.6
1 208 369 5542.1
1 209 369 5563.8
1 210 369 5588.2
1 211 369 5618.5
1 212 369 5654.9
1 213 369 5699.1
1 214 370 5595.6
1 215 370 5629.4
1 216 372 5626.7
1 214 373 5263.1
1 215 373 5351.3
1 214 374 5220.0
1 213 375 5270.2
1 212 376 5247.8
1 211 377 5194.7
1 211 378 5183.6
1 211 379 5178.1
1 211 380 5180.2
1 211 381 5189.3
1 211 382 5243.7
1 211 383 5293.5
1 212 384 45000.0
1 212 385 45000.0
1 212 386 45000.0
1 212 387 45000.0
1 212 388 45000.0
1 212 389 45000.0
1 212 390 45000.0
1 212 391 45000.0
1 212 392 45000.0
1 212 393 45000.0
1 213 394 45000.0
1 213 395 45000.0
1 213 396 45000.0
1 213 397 45000.0
1 213 398 45000.0
1 213 399 45000.0
1 213 400 45000.0
1 213 401 45000.0
1 213 402 45000.0
1 214 403 45000.0
1 214 404 45000.0
1 214 405 45000.0
1 214 406 45000.0
1 214 407 45000.0
1 214 409 45000.0
1 214 410 45000.0
1 214 411 45000.0
1 214 412 45000.0
1 214 413 45000.0
1 214 414 45000.0
1 214 415 45000.0
1 215 416 45000.0
1 215 417 45000.0
1 227 417 45000.0
1 228 417 45000.0
1 229 417 45000.0
1 216 418 45000.0
1 226 418 45000.0
1 230 418 45000.0
1 217 419 45000.0
1 218 419 45000.0
1 219 419 45000.0
1 220 419 45000.0
1 221 419 45000.0
1 222 419 45000.0
1 223 419 45000.0
1 224 419 45000.0
1 225 419 45000.0
1 229 419 45000.0
1 229 420 45000.0
1 226 421 45000.0
1 227 421 45000.0
1 228 421 45000.0
1 224 422 45000.0
1 225 422 45000.0
1 224 423 45000.0
1 224 424 45000.0
1 225 424 45000.0
1 226 424 45000.0
1 227 424 45000.0
1 228 424 45000.0
1 229 425 45000.0
1 229 426 45000.0
1 229 427 45000.0
1 229 428 45000.0
1 229 429 45000.0
1 228 430 45000.0
1 228 431 45000.0
1 228 432 45000.0
1 228 433 45000.0
1 228 434 45000.0
1 228 435 45000.0
1 229 435 45000.0
1 230 436 45000.0
1 230 437 45000.0
1 230 438 45000.0
1 230 439 45000.0
1 230 440 45000.0
1 230 441 45000.0
1 230 442 45000.0
1 230 443 45000.0
1 230 444 45000.0
1 230 445 45000.0
1 230 446 45000.0
1 230 447 45000.0
1 230 448 45000.0
1 230 449 45000.0
1 230 450 45000.0
1 230 451 45000.0
1 230 452 45000.0
1 230 453 45000.0
1 230 454 45000.0
1 230 455 45000.0
1 230 456 45000.0
1 231 457 45000.0
1 231 458 45000.0
1 231 459 45000.0
1 231 460 45000.0
1 232 461 45000.0
1 232 462 45000.0
1 232 463 45000.0
1 232 464 45000.0
1 233 464 45000.0
1 234 464 45000.0
1 235 464 45000.0
1 236 464 45000.0
1 237 464 45000.0
1 238 464 45000.0
1 239 465 45000.0
1 239 466 45000.0
1 239 467 5337.1
1 238 468 5337.1
1 238 469 5337.1
1 238 470 5337.1
1 239 471 5337.1
1 240 471 5337.1
1 241 472 5337.1
1 242 472 5337.1
1 243 472 5337.1
1 244 473 5337.1
1 245 474 5337.1
1 246 475 5337.1
1 246 476 5337.1
1 246 477 5337.1
1 246 478 5337.1
1 246 479 5337.1
1 246 480 5337.1
1 245 481 5337.1
1 245 482 5337.1
1 244 483 5337.1
1 243 484 5337.1
1 243 485 5337.1
1 243 486 5337.1
1 243 487 5337.1
1 243 488 5337.1
1 243 489 5337.1
1 242 490 5337.1
1 242 491 5337.1
1 241 492 5337.1
1 241 493 5337.1
1 240 494 5337.1
1 239 495 5337.1
1 238 496 5337.1
1 235 497 5337.1
1 236 497 5337.1
1 237 497 5337.1
1 233 498 5337.1
1 234 498 5337.1
1 233 499 5337.1
1 232 500 5337.1
1 231 501 5337.1
1 231 502 5337.1
1 231 503 5337.1
1 231 504 5337.1
1 231 505 5337.1
1 231 506 5337.1
1 231 507 5337.1
1 231 508 5337.1
1 231 509 5337.1
1 231 510 5337.1
1 231 511 5337.1
1 231 512 5337.1
1 231 513 5337.1
1 231 514 5337.1
1 231 515 5337.1
1 232 516 5337.1
1 232 517 5337.1
1 232 518 5337.1
1 233 519 5337.1
1 233 520 5337.1
1 233 521 5337.1
1 234 522 5337.1
1 234 523 5337.1
1 235 524 5337.1
1 235 525 5337.1
1 236 525 5337.1
1 237 525 5337.1
1 238 525 5337.1
1 239 526 5337.1
1 239 527 5337.1
1 240 528 5437.9
1 240 529 5453.1
1 241 530 5519.7
1 241 531 5549.7
1 241 532 5566.6
1 241 533 5578.1
1 241 534 5586.4
1 242 535 5064.8
1 242 536 5076.1
1 243 536 5094.1
1 244 536 5126.6
1 245 536 5155.2
1 246 537 5210.6
1 246 538 5227.7
1 247 539 5267.6
1 248 540 5303.1
1 249 540 5315.2
1 250 540 5331.6
1 251 541 5365.2
1 250 544 5398.8
1 251 544 5401.1
1 245 545 5344.2
1 246 545 5355.4
1 247 545 5374.0
1 248 545 5387.7
1 249 545 5393.2
1 243 546 5317.7
1 244 546 5321.7
1 243 547 5318.4
1 242 548 5314.5
1 242 549 5314.8
1 241 550 5308.6
1 241 551 5306.9
1 240 552 5296.5
1 239 553 5285.5
1 238 554 0.0
1 237 555 5249.9
1 236 556 5248.8
1 236 557 5248.8
1 232 558 5189.1
1 233 558 5186.1
1 234 558 5193.8
1 235 558 5197.3
1 232 559 5201.2
1 231 560 5201.4
1 231 561 5209.8
1 231 562 5216.5
1 231 563 5221.6
1 231 564 5222.9
1 230 565 5389.7
1 230 566 5382.9
1 230 567 5372.0
1 230 568 5359.6
1 215 371 5678.1
1 39 51 6043.2
1 39 52 5967.8
1 38 53 5714.5
1 38 54 5641.8
1 37 55 5375.6
1 36 56 5152.8
1 35 57 4950.0
1 35 58 4889.0
1 35 59 4787.7
1 35 60 8397.7
1 35 61 8262.3
1 35 62 8125.5
1 35 63 7985.2
1 35 64 7841.2
1 35 65 7693.4
1 35 66 7542.6
1 35 67 7395.4
1 35 68 7276.3
1 36 69 10770.0
1 36 70 10502.6
1 36 71 10250.3
1 36 72 10007.1
1 36 73 9772.1
1 36 74 9559.1
1 36 75 9377.7
1 36 76 9287.9
1 36 77 9255.2
1 230 569 5347.0
1 230 570 5333.5
1 230 571 5317.4
1 230 572 5306.0
1 230 573 5316.9
1 230 574 5332.4
1 230 575 5342.6
1 230 576 5344.7
1 230 577 5179.6
1 230 578 5212.8
1 230 579 5245.9
1 230 580 5275.3
1 230 581 5278.4
1 230 582 5283.8
1 230 583 5286.3
1 230 584 5285.4
1 230 585 5282.0
1 230 586 5277.4
1 230 587 5271.3
1 230 588 5267.4
1 229 589 5251.5
1 229 590 5242.2
1 228 591 5219.5
1 228 592 5203.8
1 228 593 5186.5
1 228 594 5164.3
1 227 595 5120.1
1 227 596 5096.9
1 227 597 5068.8
1 227 598 5035.6
1 227 599 4786.4
1 226 600 4700.2
1 226 601 4698.2
1 226 602 4696.9
1 226 603 4697.6
1 225 604 4268.5
1 224 605 4268.5
1 223 606 4290.4
1 222 607 4310.8
1 223 605 4275.0
1 114 114 -22763.6
1 117 120 -786.02
1 121 111 -79391.6
1 124 115 -88525.2
1 125 116 -91335.5
1 126 120 -4637.03
1 129 121 -12646.5
1 130 122 -786.02
1 133 112 -26698.1
1 135 194 -1629.12
1 141 191 -53115.1
1 143 126 -45105.7
1 143 172 -16299.9
1 143 190 -40328.1
1 144 166 -17564.5
1 144 172 -8009.42
1 144 190 -30351.5
1 145 161 -50304.8
1 146 117 -31897.2
1 146 188 -19672.3
1 147 132 -9836.13
1 147 145 -2191.18
1 148 167 -28384.3
1 148 176 -89030.1
1 148 196 -16721.4
1 149 145 -33161.8
1 149 146 -17283.5
1 150 124 -61546.1
1 150 141 -21217.9
1 150 198 -25433.4
1 151 142 -47775.5
1 151 195 -23466.2
1 152 123 -144732.0
1 152 125 -51933.9
1 152 132 -786.02
1 153 142 -30070.4
1 153 192 -38923.0
1 154 125 -843.1
1 154 171 -5704.08
1 155 112 -37517.8
1 155 141 -44543.6
1 156 129 -196161.0
1 156 146 -35269.6
1 157 135 -1572.04
1 157 140 -130539.0
1 157 251 -36112.6
1 158 133 -786.02
1 158 137 -24730.8
1 158 181 -60421.9
1 159 119 -47072.9
1 159 173 -31756.7
1 160 119 -10117.2
1 161 125 -140.52
1 162 119 -2248.26
1 162 121 -53115.1
1 162 128 -203889.0
1 162 167 -1826.71
1 162 169 -1124.13
1 163 137 -3091.35
1 163 138 -3736.86
1 164 135 -6604.26
1 165 131 -1124.13
1 167 125 -9133.55
1 167 259 -1264.65
1 168 123 -8149.94
1 168 208 -114521.0
1 169 163 -54520.3
1 170 131 -25292.9
1 173 224 -12084.4
1 174 123 -5901.68
1 174 135 -8430.97
1 175 134 -41592.8
1 175 204 -20374.8
1 176 176 -5058.58
1 176 202 -1967.23
1 177 133 -70539.1
1 177 211 -7728.39
1 178 164 -17002.4
1 178 261 -3512.9
1 179 181 -20093.8
1 179 183 -47916.0
1 179 210 -10819.7
1 180 208 -31335.1
1 183 184 -7587.87
1 184 246 -30211.0
1 187 200 -45105.7
1 187 281 -5620.65
1 188 198 -61265.0
1 188 240 -55082.3
1 188 258 -66042.6
1 189 282 -36815.2
1 190 281 -42014.3
1 191 191 -8430.97
1 191 281 -19672.3
1 193 256 -562.06
1 193 260 -23915.9
1 197 204 -17143.0
1 197 252 -5901.68
1 198 297 -281.03
1 198 298 -921.84
1 199 211 -16159.3
1 199 298 -786.02
1 200 298 -829.14
1 201 234 -2248.26
1 203 275 -33021.3
1 203 280 -14473.2
1 204 248 -14804.1
1 205 300 -840.03
1 206 286 -4215.48
1 206 300 -1590.76
1 210 264 -983.61
1 211 255 -25152.4
1 212 258 -31054.1
1 213 264 -562.06
1 214 240 -28524.8
1 215 260 -38782.4
1 216 238 -5339.61
1 217 264 -9836.13
1 217 365 -421.55
1 218 179 -86839.0
1 219 310 -8149.94
1 221 223 -843.1
1 221 246 -11943.9
1 221 284 -26079.7
1 222 352 -40521.4
1 222 369 -2810.32
1 223 271 -26136.0
1 224 374 -7648.26
1 226 350 -247.55
1 226 365 -2066.01
1 230 255 -30913.6
1 231 401 -786.02
1 232 364 -145.84
1 232 370 -4.52
1 233 337 -786.02
1 233 394 -1594.51
1 234 304 -4191.97
1 234 393 -834.19
1 235 367 -40018.0
1 235 400 -421.55
1 235 605 -1054.07
1 235 609 -6839.44
1 236 263 -46229.8
1 236 351 -12646.5
1 237 237 -1264.65
1 237 316 -31113.1
1 237 357 -5322.22
1 237 389 -786.02
1 238 221 -2950.84
1 238 605 -3944.2
1 238 609 -1572.04
1 239 338 -4215.48
1 239 426 -702.58
1 239 605 -3930.1
1 239 606 -2414.8
1 239 619 -5704.08
1 240 380 -1086.15
1 240 426 -992.15
1 240 608 -3171.31
1 241 335 -12505.9
1 241 604 -909.83
1 242 311 -9861.84
1 243 371 -9616.28
1 243 389 -843.1
1 243 422 -140.52
1 243 605 -3930.1
1 244 431 -378.62
1 244 605 -4776.67
1 244 621 -3982.71
1 245 322 -6807.8
1 245 337 -786.02
1 245 370 -20.27
1 245 621 -786.02
1 246 321 -3883.64
1 246 618 -2416.19
1 247 344 -839.28
1 247 383 -9407.67
1 247 384 -2684620.0
1 248 251 -12371.9
1 248 424 -3091.35
1 248 436 -4215.48
1 248 442 -562.06
1 248 444 -9153.25
1 248 589 -2810.32
1 249 373 -805.99
1 249 424 -786.02
1 249 430 -36287.9
1 249 436 -4822.99
1 249 443 -3352.37
1 249 606 -3982.17
1 250 239 -13349.0
1 250 326 -3524.43
1 250 424 -786.02
1 250 425 -651854.0
1 250 431 -39099.5
1 250 595 -2665.8
1 251 300 -25292.9
1 251 356 -125483.0
1 251 408 -1482.99
1 251 456 -926.54
1 251 457 -19.86
1 251 594 -786.02
1 251 595 -1084.95
1 251 596 -1664.32
1 252 230 -2810.32
1 252 285 -9274.06
1 252 329 -32816.5
1 252 450 -562.06
1 252 595 -807.02
1 252 606 -830.01
1 253 298 -10257.7
1 253 331 -15494.0
1 253 332 -21341.5
1 253 416 -421.55
1 253 420 -16450.9
1 253 445 -3966.87
1 254 338 -1264.65
1 254 367 -25208.0
1 254 407 -134250.0
1 254 597 -786.02
1 254 607 -4158.41
1 255 381 -18969.7
1 255 383 -34145.4
1 255 388 -53115.1
1 255 395 -3653.42
1 255 420 -17283.5
1 255 439 -33161.8
1 255 443 -159209.0
1 255 595 -1036.78
1 255 596 -895.51
1 255 606 -11184.2
1 255 609 -1572.04
1 256 314 -5692.21
1 256 335 -1826.71
1 256 341 -421.55
1 256 370 -9737.13
1 256 413 -5761.16
1 256 586 -45424.8
1 256 593 -3284.6
1 257 238 -1967.23
1 257 324 -6175.62
1 257 413 -562.06
1 257 576 -5366.85
1 257 599 -17878.7
1 257 600 -102436.0
1 258 325 -63946.8
1 258 336 -1660.23
1 258 420 -339323.0
1 258 442 -1007270.0
1 258 464 -2248.26
1 258 585 -4843.29
1 258 595 -1712.56
1 258 601 -25011.9
1 258 602 -27935.0
1 259 340 -3455.83
1 259 371 -1849.97
1 259 405 -19840.8
1 259 588 -30694.8
1 259 592 -786.02
1 259 593 -786.02
1 260 349 -562.06
1 260 407 -3959460.0
1 260 424 -579.33
1 260 461 -3512.9
1 260 463 -6182.71
1 260 585 -10062.9
1 260 586 -18038.1
1 261 337 -8009.42
1 261 355 -72787.4
1 261 381 -357027.0
1 261 395 -93112.8
1 261 416 -116207.0
1 261 418 -786.02
1 261 429 -34114.5
1 261 464 -6463.74
1 261 492 -786.02
1 261 571 -140.52
1 261 576 -12965.1
1 262 345 -30211.0
1 262 540 -750.47
1 262 564 -47443.7
1 262 568 -19812.8
1 262 570 -90492.4
1 262 571 -1967.23
1 263 471 -3231.87
1 263 477 -22201.6
1 263 520 -1652.49
1 263 574 -1686.19
1 263 582 -14390.1
1 264 265 -89649.3
1 264 367 -786.02
1 264 383 -66861.9
1 264 407 -4777.55
1 264 428 -93434.2
1 264 468 -52.61
1 264 471 -18829.2
1 264 476 -281.03
1 264 477 -59438.3
1 264 523 -2779.61
1 264 549 -6085.23
1 265 363 -3512.9
1 265 364 -31216.6
1 265 374 -1845.66
1 265 422 -396296.0
1 265 523 -3063.44
1 265 557 -421.55
1 266 337 -786.02
1 266 340 -281.03
1 266 462 -3653.42
1 267 391 -17564.5
1 267 463 -1545.68
1 267 555 -786.02
1 267 556 -786.02
1 268 333 -281.03
1 268 334 -140.52
1 268 436 -3463820.0
1 268 455 -5.82
1 268 479 -562.06
1 268 480 -702.58
1 268 489 -1372.49
1 269 363 -793.05
1 269 397 -47635.0
1 269 450 -2950.84
1 269 456 -37709.6
1 269 541 -786.02
1 270 429 -3608.52
1 270 481 -926.54
1 270 483 -1391.41
1 270 484 -786.02
1 270 486 -13320.6
1 270 498 -79672.6
1 270 539 -140.52
1 271 319 -88173.2
1 271 371 -702.58
1 271 485 -351.32
1 271 493 -62131.4
1 271 498 -8290.45
1 271 537 -152154.0
1 272 336 -14045.1
1 272 337 -25.87
1 272 351 -14332.7
1 272 366 -1545.68
1 272 368 -309342.0
1 272 388 -576466.0
1 272 396 -3653.42
1 272 450 -7587.87
1 272 451 -17564.5
1 272 453 -562.06
1 272 462 -1468310.0
1 272 490 -421.55
1 272 491 -7.76
1 272 497 -76732.7
1 272 498 -140.52
1 272 530 -160470.0
1 272 532 -221632.0
1 272 535 -74640.2
1 273 363 -702.58
1 273 392 -468.31
1 273 410 -1405.16
1 273 480 -983.61
1 273 510 -786.02
1 273 516 -18378.9
1 273 517 -266447.0
1 273 518 -453.95
1 274 409 -1264.65
1 274 520 -39204.0
1 274 523 -1686.19
1 275 367 -195177.0
1 275 450 -281.03
1 275 506 -2529.29
1 276 366 -119017.0
1 276 392 -562.06
1 276 446 -3793.94
1 276 474 -36106.7
1 277 294 -59272.3
1 277 390 -11241.3
1 277 407 -2500520.0
1 277 431 -24605.9
1 277 468 -140.52
1 277 472 -32556.3
1 277 480 -81381.4
1 278 365 -347215.0
1 278 435 -23187.1
1 278 482 -3653.42
1 279 310 -29267.5
1 279 336 -2388.77
1 279 433 -173470.0
1 279 438 -53972.9
1 279 475 -120343.0
1 279 485 -28243.7
1 280 433 -42739.0
1 280 469 -42588.6
1 280 471 -43754.4
1 281 458 -3009730.0
1 282 409 -7868.9
1 282 424 -4637.03
1 282 430 -983.61
1 282 436 -12.94
1 282 454 -3156.59
1 282 457 -13251.6
1 283 335 -40187.6
1 283 354 -2810.32
1 283 429 -240002.0
1 283 449 -67346.6
1 283 452 -132516.0
1 283 455 -8068.28
1 283 468 -46112.7
1 284 339 -95426.5
1 284 457 -6604.26
1 284 463 -567483.0
1 284 481 -12027.0
1 285 374 -983.61
1 285 467 -245477.0
1 285 475 -78725.0
1 286 330 -59630.2
1 286 425 -425023.0
1 286 475 -32173.9
1 286 477 -69238.0
1 287 426 -786.02
1 287 477 -34174.8
1 288 419 -13911.1
1 288 423 -1279.02
1 288 426 -786.02
1 289 351 -86698.5
1 289 404 -164637.0
1 289 459 -5209.24
1 289 468 -1854.28
1 290 382 -176104.0
1 290 411 -1967.23
1 290 412 -25011.9
1 290 413 -1405.16
1 290 420 -116.86
1 291 350 -3512.9
1 291 373 -1264.65
1 291 399 -109643.0
1 291 419 -1528550.0
1 292 361 -17002.4
1 292 365 -16580.9
1 292 416 -1139.03
1 292 469 -26365.3
1 293 440 -140.52
1 294 435 -34988.5
1 294 447 -37439.2
1 294 458 -75533.1
1 295 391 -18829.2
1 295 430 -1208260.0
1 296 388 -1363.97
1 296 398 -121839.0
1 296 406 -60218.0
1 296 433 -2810.32
1 297 381 -4637.03
1 297 395 -9.2
1 297 401 -3454.14
1 297 415 -116207.0
1 297 442 -74395.5
1 298 390 -12646.5
1 299 354 -702.58
1 299 355 -660.64
1 299 387 -348.17
1 102 110 -786.02
1 102 113 -786.02
1 103 100 -786.02
1 103 104 -786.02
1 104 115 -786.02
1 105 115 -786.02
1 105 139 -786.02
1 108 117 -786.02
1 109 112 -786.02
1 111 155 -786.02
1 111 208 -786.02
1 112 181 -786.02
1 113 111 -786.02
1 113 159 -786.02
1 113 211 -786.02
1 114 173 -786.02
1 114 212 -1572.04
1 115 212 -1572.04
1 116 121 -786.02
1 116 150 -786.02
1 116 166 -786.02
1 117 119 -786.02
1 117 168 -786.02
1 117 210 -786.02
1 119 194 -786.02
1 119 202 -786.02
1 119 96 -786.02
1 120 155 -786.02
1 120 94 -786.02
1 121 187 -786.02
1 123 110 -786.02
1 123 111 -786.02
1 123 158 -786.02
1 123 168 -786.02
1 123 193 -786.02
1 123 202 -1572.04
1 125 150 -786.02
1 125 151 -786.02
1 125 193 -786.02
1 125 194 -786.02
1 126 121 -786.02
1 126 191 -786.02
1 126 195 -786.02
1 127 150 -786.02
1 127 160 -786.02
1 127 169 -786.02
1 127 195 -786.02
1 127 199 -1572.04
1 128 122 -786.02
1 128 148 -786.02
1 128 149 -786.02
1 128 152 -786.02
1 128 153 -786.02
1 128 154 -786.02
1 128 157 -786.02
1 128 199 -786.02
1 129 117 -786.02
1 129 119 -786.02
1 129 122 -786.02
1 129 146 -786.02
1 129 154 -1572.04
1 129 162 -786.02
1 129 176 -786.02
1 130 120 -786.02
1 130 154 -786.02
1 130 155 -786.02
1 130 156 -2358.06
1 130 194 -786.02
1 131 112 -786.02
1 131 121 -786.02
1 131 122 -786.02
1 131 150 -786.02
1 131 156 -786.02
1 131 157 -786.02
1 131 158 -786.02
1 131 161 -1572.04
1 131 198 -786.02
1 132 112 -786.02
1 132 155 -786.02
1 132 156 -786.02
1 132 160 -786.02
1 132 161 -1572.04
1 133 155 -786.02
1 133 159 -786.02
1 133 160 -1572.04
1 133 192 -1572.04
1 133 193 -786.02
1 134 148 -786.02
1 134 150 -786.02
1 134 151 -786.02
1 134 156 -786.02
1 134 191 -786.02
1 134 193 -3144.08
1 135 148 -3930.1
1 135 149 -1572.04
1 135 156 -786.02
1 135 157 -786.02
1 135 193 -2358.06
1 136 147 -786.02
1 136 148 -786.02
1 136 149 -786.02
1 136 150 -1572.04
1 136 153 -786.02
1 136 155 -786.02
1 137 148 -786.02
1 137 150 -786.02
1 137 153 -1572.04
1 137 154 -786.02
1 137 157 -2358.06
1 137 175 -786.02
1 137 206 -786.02
1 138 151 -786.02
1 138 152 -786.02
1 138 153 -2358.06
1 138 168 -786.02
1 138 169 -786.02
1 139 151 -786.02
1 140 138 -786.02
1 140 155 -3144.08
1 140 156 -786.02
1 140 171 -786.02
1 140 180 -786.02
1 141 149 -786.02
1 141 154 -1572.04
1 141 157 -786.02
1 141 171 -786.02
1 141 199 -1572.04
1 142 155 -786.02
1 142 156 -786.02
1 142 157 -786.02
1 142 158 -786.02
1 142 174 -786.02
1 142 179 -786.02
1 142 201 -786.02
1 143 146 -786.02
1 143 157 -2358.06
1 144 142 -1572.04
1 144 173 -786.02
1 145 142 -786.02
1 145 143 -786.02
1 145 151 -786.02
1 145 187 -786.02
1 145 226 -786.02
1 146 140 -786.02
1 146 141 -1572.04
1 146 145 -786.02
1 146 208 -786.02
1 146 229 -786.02
1 146 230 -786.02
1 146 232 -786.02
1 147 139 -2358.06
1 147 140 -786.02
1 147 141 -786.02
1 147 142 -786.02
1 147 229 -786.02
1 147 230 -786.02
1 147 233 -786.02
1 147 239 -786.02
1 147 240 -786.02
1 148 217 -786.02
1 148 221 -786.02
1 149 127 -786.02
1 149 147 -786.02
1 149 154 -786.02
1 149 222 -786.02
1 149 253 -786.02
1 150 160 -786.02
1 150 164 -786.02
1 150 177 -786.02
1 150 227 -786.02
1 150 236 -786.02
1 151 128 -786.02
1 151 228 -786.02
1 152 153 -786.02
1 152 173 -786.02
1 152 176 -786.02
1 152 222 -786.02
1 152 228 -786.02
1 153 126 -786.02
1 153 136 -786.02
1 153 155 -786.02
1 153 232 -786.02
1 153 238 -786.02
1 153 253 -786.02
1 154 126 -786.02
1 154 133 -786.02
1 154 161 -786.02
1 154 172 -786.02
1 154 220 -786.02
1 154 244 -786.02
1 155 170 -1572.04
1 155 216 -786.02
1 155 262 -786.02
1 156 160 -786.02
1 156 211 -786.02
1 156 223 -786.02
1 157 132 -786.02
1 157 133 -786.02
1 157 134 -2358.06
1 157 136 -786.02
1 157 194 -786.02
1 157 207 -786.02
1 157 240 -786.02
1 158 135 -786.02
1 158 248 -786.02
1 159 152 -786.02
1 159 231 -786.02
1 159 240 -786.02
1 159 247 -786.02
1 159 248 -786.02
1 159 250 -786.02
1 159 251 -786.02
1 159 257 -786.02
1 160 133 -786.02
1 160 249 -1572.04
1 160 251 -1572.04
1 160 252 -786.02
1 160 253 -786.02
1 160 262 -786.02
1 161 144 -1572.04
1 161 251 -786.02
1 161 253 -786.02
1 162 137 -1572.04
1 162 252 -1572.04
1 162 253 -786.02
1 163 152 -786.02
1 163 190 -786.02
1 163 236 -786.02
1 164 278 -786.02
1 164 290 -786.02
1 164 299 -786.02
1 165 133 -1572.04
1 165 134 -1572.04
1 165 135 -786.02
1 165 290 -786.02
1 166 131 -786.02
1 166 132 -786.02
1 166 133 -1572.04
1 166 134 -786.02
1 166 135 -786.02
1 166 210 -786.02
1 166 254 -786.02
1 166 255 -786.02
1 167 127 -786.02
1 167 132 -1572.04
1 167 133 -1572.04
1 167 134 -2358.06
1 167 256 -786.02
1 167 288 -786.02
1 167 294 -786.02
1 168 130 -786.02
1 168 131 -786.02
1 168 132 -3144.08
1 168 133 -3144.08
1 168 286 -786.02
1 168 287 -1572.04
1 168 291 -1572.04
1 169 128 -1572.04
1 169 129 -3144.08
1 169 131 -786.02
1 169 132 -3930.1
1 169 133 -2358.06
1 169 134 -7074.18
1 169 135 -786.02
1 169 236 -786.02
1 169 260 -786.02
1 169 271 -786.02
1 169 287 -786.02
1 169 290 -786.02
1 170 133 -2358.06
1 170 134 -9432.24
1 170 136 -786.02
1 170 187 -786.02
1 170 256 -786.02
1 170 287 -786.02
1 170 292 -786.02
1 171 133 -1572.04
1 171 134 -786.02
1 171 136 -3930.1
1 171 290 -786.02
1 172 257 -786.02
1 172 284 -786.02
1 172 295 -1572.04
1 172 311 -786.02
1 173 258 -786.02
1 173 278 -786.02
1 173 290 -786.02
1 173 292 -786.02
1 173 293 -1572.04
1 173 294 -786.02
1 174 124 -786.02
1 174 253 -786.02
1 174 261 -786.02
1 174 270 -786.02
1 174 283 -786.02
1 174 289 -786.02
1 174 293 -786.02
1 175 260 -786.02
1 175 288 -786.02
1 175 292 -1572.04
1 175 293 -786.02
1 175 296 -786.02
1 175 305 -786.02
1 176 274 -786.02
1 176 305 -786.02
1 177 289 -786.02
1 177 290 -786.02
1 178 243 -786.02
1 178 280 -786.02
1 178 285 -786.02
1 178 302 -786.02
1 178 305 -786.02
1 178 306 -786.02
1 178 311 -786.02
1 179 278 -786.02
1 179 285 -786.02
1 180 149 -786.02
1 180 286 -786.02
1 181 297 -786.02
1 181 307 -786.02
1 181 308 -786.02
1 183 242 -786.02
1 183 285 -786.02
1 183 295 -786.02
1 183 308 -786.02
1 183 309 -786.02
1 183 318 -786.02
1 184 263 -786.02
1 184 285 -786.02
1 184 313 -786.02
1 184 319 -786.02
1 185 257 -786.02
1 185 305 -786.02
1 185 306 -786.02
1 185 307 -786.02
1 185 315 -786.02
1 186 255 -786.02
1 186 265 -786.02
1 186 307 -1572.04
1 186 310 -786.02
1 188 262 -786.02
1 188 294 -786.02
1 188 295 -786.02
1 189 295 -786.02
1 189 309 -786.02
1 190 307 -786.02
1 190 308 -786.02
1 190 324 -786.02
1 191 292 -1572.04
1 191 304 -786.02
1 191 305 -786.02
1 192 258 -786.02
1 192 284 -786.02
1 192 304 -786.02
1 192 316 -786.02
1 192 319 -786.02
1 193 262 -786.02
1 193 301 -786.02
1 193 311 -786.02
1 193 313 -1572.04
1 194 284 -786.02
1 194 313 -786.02
1 195 269 -786.02
1 195 287 -786.02
1 195 289 -786.02
1 195 300 -786.02
1 195 311 -786.02
1 195 313 -786.02
1 196 269 -786.02
1 196 275 -786.02
1 196 303 -786.02
1 196 324 -786.02
1 196 333 -786.02
1 197 264 -786.02
1 197 283 -786.02
1 197 300 -786.02
1 197 322 -786.02
1 197 325 -786.02
1 198 242 -786.02
1 198 276 -1572.04
1 198 309 -786.02
1 198 311 -786.02
1 199 283 -786.02
1 199 311 -786.02
1 199 324 -786.02
1 200 280 -786.02
1 200 286 -786.02
1 200 296 -786.02
1 200 299 -786.02
1 200 306 -786.02
1 200 307 -786.02
1 200 312 -786.02
1 200 343 -786.02
1 200 345 -786.02
1 201 257 -786.02
1 202 280 -786.02
1 202 287 -786.02
1 202 297 -786.02
1 202 301 -786.02
1 202 302 -786.02
1 203 215 -786.02
1 203 304 -786.02
1 203 305 -786.02
1 203 309 -786.02
1 203 315 -786.02
1 205 263 -786.02
1 205 303 -786.02
1 205 304 -786.02
1 205 317 -786.02
1 205 318 -786.02
1 205 319 -786.02
1 206 264 -786.02
1 206 270 -786.02
1 206 301 -786.02
1 206 304 -786.02
1 206 315 -786.02
1 206 317 -1572.04
1 207 262 -786.02
1 207 300 -786.02
1 207 301 -1572.04
1 207 303 -786.02
1 207 304 -786.02
1 207 306 -1572.04
1 207 315 -786.02
1 207 317 -786.02
1 208 298 -1572.04
1 208 299 -1572.04
1 208 306 -786.02
1 208 317 -786.02
1 208 328 -786.02
1 209 284 -786.02
1 209 297 -786.02
1 209 302 -786.02
1 210 284 -786.02
1 210 301 -786.02
1 210 302 -786.02
1 210 342 -786.02
1 211 301 -786.02
1 211 321 -786.02
1 212 295 -786.02
1 212 347 -786.02
1 213 226 -786.02
1 213 287 -786.02
1 213 303 -786.02
1 213 329 -786.02
1 214 319 -786.02
1 215 289 -786.02
1 215 311 -786.02
1 215 353 -786.02
1 216 323 -786.02
1 216 341 -786.02
1 217 244 -786.02
1 217 249 -786.02
1 217 351 -786.02
1 218 209 -786.02
1 218 243 -786.02
1 218 292 -786.02
1 218 345 -1572.04
1 221 240 -786.02
1 221 611 -786.02
1 222 254 -786.02
1 222 362 -786.02
1 224 338 -786.02
1 224 359 -786.02
1 225 323 -786.02
1 225 329 -786.02
1 225 332 -786.02
1 225 368 -786.02
1 225 373 -786.02
1 225 378 -786.02
1 225 382 -1572.04
1 226 323 -786.02
1 226 388 -1572.04
1 226 618 -786.02
1 227 315 -786.02
1 228 606 -786.02
1 229 385 -1572.04
1 229 392 -786.02
1 229 393 -786.02
1 229 397 -3144.08
1 229 618 -3930.1
1 230 338 -786.02
1 230 373 -1572.04
1 230 384 -786.02
1 230 392 -1572.04
1 230 393 -3144.08
1 230 396 -786.02
1 230 605 -786.02
1 231 343 -786.02
1 231 383 -786.02
1 231 392 -3930.1
1 231 393 -8646.22
1 231 398 -786.02
1 231 603 -786.02
1 231 607 -1572.04
1 232 259 -786.02
1 232 300 -786.02
1 232 384 -786.02
1 232 389 -786.02
1 232 393 -4716.12
1 232 394 -3144.08
1 232 405 -786.02
1 232 604 -1572.04
1 232 606 -1572.04
1 232 607 -2358.06
1 232 608 -786.02
1 233 373 -786.02
1 233 393 -786.02
1 233 403 -786.02
1 233 406 -3144.08
1 233 601 -1572.04
1 233 602 -786.02
1 234 374 -786.02
1 234 388 -786.02
1 234 389 -786.02
1 234 406 -2358.06
1 234 407 -1572.04
1 234 601 -786.02
1 234 602 -1572.04
1 234 603 -2358.06
1 234 604 -786.02
1 234 605 -1572.04
1 234 606 -786.02
1 234 609 -786.02
1 234 620 -786.02
1 234 621 -786.02
1 235 342 -786.02
1 235 368 -786.02
1 235 389 -786.02
1 235 392 -786.02
1 235 404 -786.02
1 235 406 -786.02
1 235 599 -786.02
1 235 600 -1572.04
1 235 602 -2358.06
1 235 603 -786.02
1 235 606 -786.02
1 235 608 -786.02
1 236 256 -786.02
1 236 359 -786.02
1 236 377 -1572.04
1 236 378 -786.02
1 236 389 -1572.04
1 236 600 -786.02
1 236 601 -786.02
1 236 602 -1572.04
1 236 605 -786.02
1 236 606 -786.02
1 236 607 -786.02
1 236 620 -786.02
1 237 330 -786.02
1 237 377 -786.02
1 237 384 -786.02
1 237 388 -786.02
1 237 605 -1572.04
1 237 606 -2358.06
1 237 607 -1572.04
1 237 608 -3930.1
1 237 609 -2358.06
1 237 620 -786.02
1 238 346 -786.02
1 238 391 -786.02
1 238 410 -786.02
1 238 602 -786.02
1 238 603 -786.02
1 238 606 -3930.1
1 238 607 -4716.12
1 238 608 -3144.08
1 238 610 -786.02
1 239 297 -786.02
1 239 323 -786.02
1 239 404 -786.02
1 239 601 -786.02
1 239 603 -786.02
1 239 607 -1572.04
1 239 608 -3144.08
1 239 609 -2358.06
1 239 610 -1572.04
1 239 615 -1572.04
1 240 267 -786.02
1 240 319 -786.02
1 240 327 -786.02
1 240 352 -786.02
1 240 374 -1572.04
1 240 392 -1572.04
1 240 396 -786.02
1 240 406 -786.02
1 240 603 -786.02
1 240 605 -2358.06
1 240 606 -3144.08
1 240 607 -1572.04
1 240 620 -1572.04
1 240 621 -786.02
1 241 339 -786.02
1 241 352 -786.02
1 241 370 -1572.04
1 241 375 -786.02
1 241 409 -786.02
1 241 577 -786.02
1 241 603 -1572.04
1 241 605 -2358.06
1 241 606 -1572.04
1 241 607 -1572.04
1 241 608 -1572.04
1 241 609 -3930.1
1 241 610 -786.02
1 241 611 -786.02
1 241 620 -786.02
1 241 621 -786.02
1 242 314 -786.02
1 242 318 -786.02
1 242 336 -786.02
1 242 338 -786.02
1 242 339 -786.02
1 242 373 -2358.06
1 242 374 -4716.12
1 242 406 -1572.04
1 242 603 -1572.04
1 242 604 -5502.14
1 242 605 -7074.18
1 242 606 -2358.06
1 242 607 -3930.1
1 242 608 -3930.1
1 242 609 -2358.06
1 242 610 -2358.06
1 242 616 -786.02
1 242 622 -786.02
1 242 623 -2358.06
1 243 366 -786.02
1 243 369 -786.02
1 243 372 -1572.04
1 243 373 -6288.16
1 243 374 -2358.06
1 243 386 -786.02
1 243 391 -786.02
1 243 405 -786.02
1 243 406 -786.02
1 243 407 -1572.04
1 243 409 -786.02
1 243 577 -786.02
1 243 606 -5502.14
1 243 607 -3930.1
1 243 608 -1572.04
1 243 609 -4716.12
1 243 620 -786.02
1 243 622 -1572.04
1 243 623 -6288.16
1 244 371 -786.02
1 244 372 -1572.04
1 244 373 -2358.06
1 244 415 -786.02
1 244 598 -786.02
1 244 606 -3144.08
1 244 607 -786.02
1 244 611 -786.02
1 244 616 -786.02
1 244 622 -786.02
1 244 623 -3144.08
1 244 624 -786.02
1 245 312 -786.02
1 245 315 -786.02
1 245 326 -786.02
1 245 335 -786.02
1 245 338 -786.02
1 245 356 -1572.04
1 245 371 -786.02
1 245 413 -786.02
1 245 586 -786.02
1 245 604 -786.02
1 245 605 -2358.06
1 245 606 -3930.1
1 245 607 -3144.08
1 245 609 -3930.1
1 245 610 -1572.04
1 245 612 -1572.04
1 245 616 -1572.04
1 245 619 -786.02
1 245 620 -1572.04
1 245 622 -786.02
1 246 214 -786.02
1 246 342 -786.02
1 246 356 -786.02
1 246 357 -786.02
1 246 374 -786.02
1 246 413 -786.02
1 246 590 -786.02
1 246 599 -786.02
1 246 600 -4716.12
1 246 605 -3144.08
1 246 606 -5502.14
1 246 607 -3144.08
1 246 610 -786.02
1 246 612 -1572.04
1 246 614 -786.02
1 246 615 -786.02
1 246 623 -786.02
1 247 314 -786.02
1 247 331 -786.02
1 247 367 -1572.04
1 247 368 -3930.1
1 247 387 -1572.04
1 247 413 -786.02
1 247 578 -786.02
1 247 597 -786.02
1 247 598 -5502.14
1 247 599 -4716.12
1 247 600 -7860.2
1 247 601 -7860.2
1 247 605 -1572.04
1 247 609 -1572.04
1 247 610 -1572.04
1 247 611 -3144.08
1 247 612 -3144.08
1 247 613 -1572.04
1 247 618 -1572.04
1 247 619 -786.02
1 247 623 -786.02
1 248 307 -786.02
1 248 367 -786.02
1 248 368 -3144.08
1 248 371 -1572.04
1 248 372 -3930.1
1 248 387 -1572.04
1 248 388 -4716.12
1 248 413 -786.02
1 248 416 -786.02
1 248 529 -786.02
1 248 567 -786.02
1 248 596 -5502.14
1 248 597 -3930.1
1 248 598 -7860.2
1 248 599 -4716.12
1 248 600 -3144.08
1 248 601 -4716.12
1 248 602 -2358.06
1 248 605 -786.02
1 248 608 -786.02
1 248 609 -1572.04
1 248 610 -2358.06
1 248 611 -4716.12
1 248 612 -4716.12
1 248 613 -5502.14
1 248 618 -786.02
1 248 619 -786.02
1 248 620 -786.02
1 248 623 -1572.04
1 249 333 -786.02
1 249 334 -786.02
1 249 365 -1572.04
1 249 366 -2358.06
1 249 367 -786.02
1 249 368 -2358.06
1 249 371 -786.02
1 249 387 -786.02
1 249 388 -786.02
1 249 400 -786.02
1 249 412 -786.02
1 249 567 -786.02
1 249 593 -1572.04
1 249 595 -4716.12
1 249 596 -5502.14
1 249 597 -8646.22
1 249 603 -2358.06
1 249 604 -6288.16
1 249 605 -3930.1
1 249 607 -3144.08
1 249 609 -786.02
1 249 610 -1572.04
1 249 611 -3930.1
1 249 612 -7074.18
1 249 613 -1572.04
1 249 618 -786.02
1 249 623 -786.02
1 250 331 -786.02
1 250 355 -786.02
1 250 365 -1572.04
1 250 366 -3930.1
1 250 367 -2358.06
1 250 368 -786.02
1 250 369 -1572.04
1 250 370 -1572.04
1 250 371 -4716.12
1 250 382 -786.02
1 250 406 -786.02
1 250 413 -786.02
1 250 414 -786.02
1 250 423 -786.02
1 250 436 -786.02
1 250 568 -786.02
1 250 579 -786.02
1 250 591 -786.02
1 250 594 -786.02
1 250 596 -6288.16
1 250 597 -1572.04
1 250 602 -786.02
1 250 603 -5502.14
1 250 604 -4716.12
1 250 605 -3144.08
1 250 607 -786.02
1 250 608 -2358.06
1 250 609 -786.02
1 250 610 -786.02
1 250 613 -786.02
1 251 276 -786.02
1 251 322 -786.02
1 251 365 -2358.06
1 251 366 -7074.18
1 251 367 -1572.04
1 251 368 -1572.04
1 251 371 -786.02
1 251 379 -786.02
1 251 407 -786.02
1 251 414 -786.02
1 251 424 -786.02
1 251 598 -786.02
1 251 604 -786.02
1 251 605 -786.02
1 251 607 -786.02
1 251 610 -786.02
1 252 236 -786.02
1 252 365 -2358.06
1 252 366 -5502.14
1 252 367 -5502.14
1 252 368 -1572.04
1 252 376 -786.02
1 252 412 -786.02
1 252 416 -786.02
1 252 428 -786.02
1 252 506 -786.02
1 252 507 -786.02
1 252 528 -786.02
1 252 534 -786.02
1 252 544 -786.02
1 252 576 -786.02
1 252 591 -1572.04
1 252 596 -1572.04
1 252 597 -1572.04
1 252 598 -786.02
1 252 599 -1572.04
1 252 608 -1572.04
1 252 609 -786.02
1 252 611 -786.02
1 252 620 -786.02
1 253 259 -786.02
1 253 342 -786.02
1 253 363 -786.02
1 253 365 -1572.04
1 253 366 -4716.12
1 253 367 -3144.08
1 253 370 -786.02
1 253 375 -1572.04
1 253 404 -786.02
1 253 433 -1572.04
1 253 506 -786.02
1 253 543 -786.02
1 253 546 -786.02
1 253 547 -786.02
1 253 566 -786.02
1 253 586 -1572.04
1 253 596 -786.02
1 253 597 -3144.08
1 253 601 -786.02
1 253 604 -786.02
1 253 605 -786.02
1 253 614 -2358.06
1 254 366 -1572.04
1 254 478 -786.02
1 254 581 -786.02
1 254 584 -786.02
1 254 585 -4716.12
1 254 586 -3930.1
1 254 587 -2358.06
1 254 588 -2358.06
1 254 589 -3144.08
1 254 598 -786.02
1 254 599 -786.02
1 254 601 -1572.04
1 254 604 -1572.04
1 254 605 -786.02
1 254 606 -786.02
1 254 611 -786.02
1 255 341 -786.02
1 255 346 -786.02
1 255 371 -786.02
1 255 402 -786.02
1 255 442 -786.02
1 255 445 -786.02
1 255 461 -786.02
1 255 479 -786.02
1 255 512 -786.02
1 255 513 -786.02
1 255 526 -786.02
1 255 547 -786.02
1 255 548 -786.02
1 255 565 -786.02
1 255 583 -2358.06
1 255 584 -3144.08
1 255 585 -3144.08
1 255 586 -3144.08
1 255 587 -1572.04
1 255 588 -786.02
1 255 591 -786.02
1 255 594 -786.02
1 255 597 -786.02
1 255 600 -1572.04
1 255 607 -786.02
1 256 346 -786.02
1 256 350 -786.02
1 256 367 -786.02
1 256 373 -786.02
1 256 374 -786.02
1 256 491 -786.02
1 256 526 -786.02
1 256 531 -2358.06
1 256 532 -786.02
1 256 547 -786.02
1 256 548 -1572.04
1 256 549 -786.02
1 256 575 -786.02
1 256 578 -1572.04
1 256 580 -786.02
1 256 584 -2358.06
1 256 585 -1572.04
1 256 592 -1572.04
1 256 594 -5502.14
1 256 595 -3144.08
1 256 607 -3144.08
1 256 608 -1572.04
1 256 609 -786.02
1 257 330 -786.02
1 257 461 -786.02
1 257 497 -786.02
1 257 503 -786.02
1 257 506 -786.02
1 257 512 -786.02
1 257 527 -2358.06
1 257 529 -786.02
1 257 532 -786.02
1 257 549 -786.02
1 257 574 -786.02
1 257 575 -2358.06
1 257 584 -2358.06
1 257 585 -2358.06
1 257 593 -1572.04
1 257 594 -6288.16
1 257 595 -3144.08
1 257 597 -1572.04
1 257 606 -5502.14
1 257 607 -786.02
1 258 307 -786.02
1 258 330 -786.02
1 258 366 -786.02
1 258 485 -1572.04
1 258 489 -1572.04
1 258 491 -786.02
1 258 493 -786.02
1 258 494 -786.02
1 258 496 -786.02
1 258 497 -786.02
1 258 498 -2358.06
1 258 499 -1572.04
1 258 502 -786.02
1 258 503 -786.02
1 258 529 -1572.04
1 258 531 -786.02
1 258 532 -786.02
1 258 533 -1572.04
1 258 535 -786.02
1 258 546 -786.02
1 258 550 -786.02
1 258 556 -1572.04
1 258 564 -786.02
1 258 576 -786.02
1 258 583 -786.02
1 258 584 -2358.06
1 258 586 -2358.06
1 258 594 -2358.06
1 258 606 -3930.1
1 258 607 -786.02
1 259 346 -786.02
1 259 369 -1572.04
1 259 402 -786.02
1 259 444 -786.02
1 259 456 -786.02
1 259 485 -786.02
1 259 486 -786.02
1 259 488 -786.02
1 259 489 -786.02
1 259 490 -1572.04
1 259 509 -1572.04
1 259 510 -786.02
1 259 522 -786.02
1 259 528 -786.02
1 259 529 -786.02
1 259 531 -786.02
1 259 532 -786.02
1 259 545 -786.02
1 259 549 -786.02
1 259 554 -1572.04
1 259 555 -1572.04
1 259 556 -2358.06
1 259 557 -2358.06
1 259 575 -3144.08
1 259 576 -786.02
1 259 579 -786.02
1 259 584 -786.02
1 259 585 -3144.08
1 259 586 -1572.04
1 260 369 -1572.04
1 260 404 -1572.04
1 260 443 -786.02
1 260 454 -786.02
1 260 485 -786.02
1 260 486 -1572.04
1 260 487 -786.02
1 260 492 -786.02
1 260 499 -786.02
1 260 502 -1572.04
1 260 517 -786.02
1 260 527 -786.02
1 260 545 -2358.06
1 260 548 -786.02
1 260 554 -786.02
1 260 556 -786.02
1 260 567 -786.02
1 260 576 -786.02
1 260 577 -786.02
1 261 397 -786.02
1 261 404 -786.02
1 261 444 -786.02
1 261 483 -786.02
1 261 487 -786.02
1 261 501 -786.02
1 261 502 -786.02
1 261 545 -786.02
1 261 551 -786.02
1 261 552 -786.02
1 261 565 -786.02
1 262 254 -786.02
1 262 353 -1572.04
1 262 369 -786.02
1 262 425 -786.02
1 262 443 -786.02
1 262 458 -786.02
1 262 483 -1572.04
1 262 493 -786.02
1 262 501 -786.02
1 262 502 -786.02
1 262 523 -786.02
1 262 524 -786.02
1 262 535 -786.02
1 262 536 -786.02
1 262 537 -786.02
1 262 542 -786.02
1 262 546 -786.02
1 262 584 -786.02
1 262 587 -786.02
1 263 355 -786.02
1 263 415 -786.02
1 263 484 -786.02
1 263 493 -786.02
1 263 509 -786.02
1 263 522 -786.02
1 263 523 -1572.04
1 263 524 -1572.04
1 263 541 -1572.04
1 263 542 -786.02
1 263 543 -786.02
1 263 546 -1572.04
1 263 576 -786.02
1 263 579 -786.02
1 263 581 -3144.08
1 264 369 -786.02
1 264 379 -786.02
1 264 481 -786.02
1 264 482 -786.02
1 264 493 -786.02
1 264 503 -786.02
1 264 504 -786.02
1 264 516 -786.02
1 264 521 -2358.06
1 264 527 -786.02
1 264 543 -3144.08
1 264 568 -786.02
1 264 575 -786.02
1 264 576 -1572.04
1 265 336 -786.02
1 265 367 -1572.04
1 265 457 -786.02
1 265 459 -786.02
1 265 511 -786.02
1 265 516 -786.02
1 265 520 -786.02
1 265 524 -786.02
1 265 568 -1572.04
1 266 314 -786.02
1 266 413 -786.02
1 266 456 -786.02
1 266 478 -786.02
1 266 481 -786.02
1 266 483 -786.02
1 266 484 -786.02
1 266 485 -786.02
1 266 492 -786.02
1 266 498 -786.02
1 266 505 -786.02
1 266 518 -786.02
1 266 523 -786.02
1 266 543 -786.02
1 266 545 -786.02
1 266 549 -786.02
1 266 555 -786.02
1 267 337 -786.02
1 267 365 -786.02
1 267 381 -786.02
1 267 459 -786.02
1 267 460 -1572.04
1 267 505 -786.02
1 267 507 -786.02
1 267 543 -786.02
1 267 544 -1572.04
1 267 549 -786.02
1 267 553 -2358.06
1 267 562 -786.02
1 268 507 -1572.04
1 268 540 -786.02
1 268 541 -786.02
1 268 542 -1572.04
1 268 543 -3144.08
1 268 544 -1572.04
1 268 549 -786.02
1 268 551 -786.02
1 268 552 -786.02
1 268 553 -786.02
1 269 362 -786.02
1 269 505 -1572.04
1 269 507 -786.02
1 269 528 -786.02
1 269 543 -786.02
1 269 547 -1572.04
1 270 474 -786.02
1 270 475 -1572.04
1 270 479 -786.02
1 270 491 -786.02
1 270 504 -786.02
1 270 507 -786.02
1 270 526 -786.02
1 271 375 -786.02
1 271 388 -786.02
1 271 479 -786.02
1 271 481 -786.02
1 271 487 -786.02
1 271 491 -786.02
1 271 526 -786.02
1 272 469 -786.02
1 272 493 -786.02
1 272 495 -1572.04
1 272 496 -786.02
1 272 502 -786.02
1 272 526 -2358.06
1 273 441 -786.02
1 273 462 -786.02
1 273 526 -786.02
1 275 463 -786.02
1 275 480 -786.02
1 275 502 -786.02
1 275 504 -786.02
1 276 502 -786.02
1 277 393 -786.02
1 279 459 -786.02
1 280 563 -786.02
1 282 434 -786.02
1 282 435 -786.02
1 283 461 -786.02
1 283 482 -786.02
1 283 483 -786.02
1 285 437 -786.02
1 285 482 -786.02
1 285 483 -786.02
1 286 377 -786.02
1 286 464 -786.02
1 288 469 -786.02
1 289 362 -786.02
1 289 443 -786.02
1 292 358 -786.02
1 293 390 -2358.06
1 293 391 -786.02
1 296 390 -786.02
1 301 359 -786.02
1 301 378 -786.02
1 85 106 -786.02
1 92 112 -1572.04
1 93 117 -786.02
1 97 89 -786.02
1 98 101 -786.02
1 99 126 -786.02
1 99 136 -786.02
1 147 119 -3934.45
1 148 187 -10257.7
1 150 114 -31897.2
1 153 113 -17002.4
1 156 158 -24730.8
1 157 160 -24168.8
1 167 186 -119158.0
1 170 169 -51991.0
1 197 280 -11241.3
1 199 225 -21358.4
1 210 300 -10538.7
1 234 285 -2810.32
1 244 234 -63794.3
1 259 541 -702.58
1 267 479 -562.06
1 271 361 -1825.64
1 291 453 -5506.78
1 109 116 -33442.8
1 131 118 -2248.26
1 132 183 -5901.68
1 137 123 -34145.4
1 140 173 -19953.3
1 141 124 -46370.3
1 152 130 -9414.58
1 155 192 -34285.9
1 157 117 -35269.6
1 157 190 -281.03
1 164 258 -20655.9
1 169 164 -172413.0
1 172 162 -37939.4
1 172 163 -27119.6
1 173 196 -562.06
1 175 213 -56909.0
1 195 280 -11241.3
1 202 295 -5199.1
1 203 296 -17705.0
1 218 173 -159345.0
1 256 333 -91335.5
1 265 349 -1545.68
1 267 346 -11943.9
1 271 470 -1826.71
1 274 431 -2596410.0
1 280 367 -22201.6
1 285 357 -281.03
1 289 374 -140.52
1 299 335 -40749.7
1 143 152 -41311.7
1 144 130 -9695.61
1 148 113 -43419.5
1 149 118 -42154.8
1 151 143 -281.03
1 153 212 -53817.7
1 159 188 -8852.52
1 161 161 -28805.8
1 162 171 -140.52
1 164 159 -62951.2
1 170 217 -82904.5
1 175 178 -2810.32
1 188 287 -3372.39
1 189 206 -74052.0
1 221 294 -44543.6
1 221 361 -843.1
1 222 252 -12646.5
1 222 266 -35129.0
1 224 273 -28665.3
1 234 319 -70258.1
1 235 317 -14051.6
1 237 292 -41266.8
1 245 243 -7166.32
1 248 238 -20093.8
1 248 331 -20936.9
1 256 342 -87120.0
1 266 345 -43700.5
1 271 268 -120844.0
1 274 278 -16861.9
1 289 355 -2529.29
1 296 391 -140.52
1 296 393 -13770.6
1 140 166 -20796.4
1 141 116 -153163.0
1 141 165 -983.61
1 143 114 -245903.0
1 143 184 -63232.3
1 144 151 -62389.2
1 145 114 -56206.4
1 146 180 -56628.0
1 147 148 -51288.4
1 147 171 -106792.0
1 149 181 -29508.4
1 150 172 -49180.6
1 150 183 -30070.4
1 150 186 -30632.5
1 151 211 -14473.2
1 152 180 -33021.3
1 154 113 -1124.13
1 158 173 -9836.13
1 164 124 -6604.26
1 165 167 -92881.2
1 168 164 -25011.9
1 168 166 -29227.3
1 176 222 -5620.65
1 184 210 -38641.9
1 188 207 -42295.4
1 189 288 -19110.2
1 206 280 -2950.84
1 209 281 -24379.6
1 210 249 -48899.6
1 211 263 -20093.8
1 211 296 -26276.5
1 213 270 -25714.4
1 221 302 -1967.23
1 221 317 -41452.3
1 228 354 -34285.9
1 230 352 -89508.8
1 231 270 -11241.3
1 236 320 -168619.0
1 236 342 -15737.8
1 236 344 -10960.3
1 240 337 -28805.8
1 240 357 -31475.6
1 244 333 -10989.8
1 246 332 -14051.6
1 246 337 -43560.0
1 261 340 -20374.8
1 262 286 -3934.45
1 267 321 -47353.9
1 267 428 -54464.1
1 269 365 -1686.19
1 270 361 -34426.4
1 271 267 -140516.0
1 271 355 -93443.2
1 271 363 -22763.6
1 275 399 -1132.64
1 284 333 -2529.29
1 296 358 -35550.6
1 297 356 -10819.7
1 299 347 -9414.58
1 125 93 -48478.1
1 131 125 -22623.1
1 134 123 -57190.1
1 142 169 -4777.55
1 146 146 -9836.13
1 152 213 -31194.6
1 155 116 -11943.9
1 156 214 -38501.4
1 161 185 -6182.71
1 163 186 -8852.52
1 166 203 -2950.84
1 168 216 -66745.2
1 183 232 -140.52
1 192 232 -142062.0
1 193 235 -83466.6
1 201 310 -702.58
1 211 195 -1686.19
1 215 261 -19110.2
1 221 339 -106792.0
1 222 324 -8993.03
1 223 263 -47775.5
1 226 354 -7025.81
1 230 358 -7868.9
1 232 347 -281.03
1 233 341 -9976.65
1 242 618 -25292.9
1 248 344 -146.79
1 263 427 -140.52
1 263 570 -140.52
1 268 366 -3793.94
1 286 302 -4215.48
1 292 360 -7728.39
1 293 357 -28243.7
1 295 362 -3512.9
1 297 439 -1342150.0
1 132 120 -37798.8
1 134 124 -39485.0
1 134 126 -21639.5
1 135 122 -24168.8
1 137 128 -53255.6
1 148 119 -15456.8
1 150 118 -46089.3
1 150 121 -44965.2
1 150 127 -2810.32
1 152 118 -20234.3
1 153 122 -18829.2
1 153 123 -22623.1
1 155 125 -28103.2
1 156 124 -15175.7
1 158 138 -18829.2
1 158 140 -39485.0
1 160 139 -34707.5
1 185 168 -51709.9
1 189 126 -85152.8
1 230 223 -8571.48
1 260 337 -2529.29
1 276 358 -281.03
1 276 359 -16299.9
1 281 445 -140.52
1 149 213 -65902.1
1 189 195 -3934.45
1 190 250 -45667.7
1 202 228 -15316.3
1 210 253 -17564.5
1 217 236 -49461.7
1 245 324 -2810.32
1 270 480 -421.55
1 144 124 -6463.74
1 145 131 -23747.2
1 148 124 -140.52
1 148 166 -18126.6
1 151 118 -60000.4
1 158 114 -41592.8
1 187 263 -140.52
1 188 204 -9836.13
1 203 340 -1296.7
1 208 226 -1405.16
1 211 266 -34532.8
1 213 276 -14176.6
1 214 274 -29148.9
1 220 278 -136834.0
1 233 375 -1826.71
1 236 317 -60281.4
1 239 385 -6678.71
1 239 406 -415.7
1 239 416 -2.11
1 241 238 -12224.9
1 245 408 -10819.7
1 246 320 -5058.58
1 248 454 -421.55
1 259 351 -4247.68
1 262 585 -140.52
1 263 492 -3.02
1 265 360 -26477.4
1 269 360 -8486.57
1 272 360 -14473.2
1 273 521 -9133.55
1 274 327 -8149.94
1 274 521 -421.55
1 275 465 -130.23
1 280 371 -17986.1
1 290 322 -34004.9
1 297 377 -3934.45
1 147 116 -28103.2
1 147 183 -46510.8
1 156 122 -8993.03
1 205 310 -281.03
1 259 439 -562.06
1 257 342 -5199.1
1 201 251 -52272.0
1 201 301 -8852.52
1 259 336 -140.52
1 264 441 -281.03
1 265 488 -281.03
1 135 160 -16440.4
1 136 173 -8009.42
1 144 189 -11241.3
1 154 112 -7587.87
1 154 122 -32599.7
1 156 131 -562.06
1 161 179 -117753.0
1 164 169 -3372.39
1 167 128 -1967.23
1 167 247 -2248.26
1 183 124 -46791.9
1 183 205 -140.52
1 186 125 -52553.0
1 186 209 -50304.8
1 204 300 -81.72
1 215 269 -7025.81
1 225 242 -21077.4
1 226 375 -161479.0
1 238 302 -15175.7
1 242 355 -282.11
1 244 321 -27400.7
1 245 406 -2248.26
1 247 591 -1124.13
1 248 593 -140.52
1 251 614 -848.01
1 255 333 -41452.3
1 256 443 -279.39
1 258 335 -26365.3
1 258 339 -1766.74
1 258 416 -85.38
1 263 583 -328.85
1 266 470 -529.5
1 269 482 -140.52
1 270 476 -702.58
1 273 523 -132226.0
1 274 506 -3934.45
1 275 479 -16580.9
1 280 458 -655.47
1 297 388 -1450.65
1 298 384 -234.67
1 204 299 -983.61
1 221 300 -140.52
1 140 116 -34707.5
1 272 494 -281.03
1 134 167 -25995.5
1 159 157 -80515.7
1 184 305 -58.15
1 197 298 -15.78
1 211 290 -40749.7
1 226 330 -17921.8
1 237 406 -2925.45
1 244 430 -2248.26
1 247 342 -634.62
1 253 427 -1799.08
1 253 443 -1113.43
1 254 398 -160.46
1 254 444 -243.15
1 254 445 -50.07
1 256 445 -6338.62
1 261 346 -18515.9
1 261 369 -1846.09
1 262 555 -281.03
1 263 448 -281.03
1 265 559 -1642.98
1 271 364 -10819.7
1 271 471 -281.03
1 271 489 -6822.03
1 272 371 -281.03
1 262 394 -515356.0
1 271 492 -140.52
1 167 168 -38079.9
1 157 122 -702.58
1 160 136 -843.1
1 169 201 -80375.2
1 211 313 -40.02
1 212 315 -259.32
1 214 287 -177.23
1 224 372 -2107.74
1 246 609 -2481.72
1 247 343 -71.9
1 247 590 -2810.32
1 255 446 -566.77
1 261 524 -261.76
1 261 525 -33.69
1 270 482 -56.06
1 276 386 -1967.23
1 281 446 -1264.65
1 291 458 -14.43
1 295 390 -562.06
1 297 384 -281.03
1 297 387 -2388.77
1 165 158 -24730.8
1 178 212 -3653.42
1 145 147 -281.03
1 257 443 -2026.77
1 162 205 -37096.3
1 170 249 -2529.29
1 196 299 -5620.65
1 237 378 -20.14
1 240 386 -65.79
1 241 353 -280.55
1 244 330 -8852.52
1 247 341 -126.35
1 248 343 -497.08
1 252 457 -281.03
1 253 400 -140.52
1 254 394 -29.58
1 254 400 -281.03
1 255 373 -281.03
1 261 362 -56768.5
1 262 441 -140.52
1 263 353 -8.17
1 274 527 -102.93
1 277 429 -5.2
1 282 451 -1545.68
1 207 193 -49742.7
1 145 139 -1826.71
1 150 115 -73068.4
1 206 299 -98.83
1 261 461 -421.55
1 233 400 -36955.7
1 268 360 -983.61
1 117 117 -8149.94
1 244 355 -25157.8
1 245 261 -22626.5
1 290 355 -51309.7
1 264 351 -702.58
1 164 240 -562.06
1 173 170 -5620.65
1 181 179 -4637.03
1 201 297 -88.68
1 207 298 -17.42
1 232 373 -1167.06
1 233 392 -238.36
1 234 236 -1264.65
1 235 390 -99.64
1 236 398 -1686.19
1 237 390 -1022.19
1 237 399 -140.52
1 237 400 -281.03
1 241 374 -38.26
1 248 342 -17.13
1 248 606 -38.38
1 249 343 -51.01
1 249 344 -107.25
1 249 411 -652.53
1 253 418 -225.14
1 253 442 -898.51
1 254 600 -166.14
1 256 442 -40.53
1 258 597 -125.75
1 259 335 -1854.28
1 259 428 -1124.13
1 263 467 -174662.0
1 263 468 -69133.9
1 267 481 -284.61
1 268 457 -140.52
1 278 465 -140.52
1 278 469 -194.05
1 281 429 -388.11
1 283 394 -47.59
1 284 436 -5339.61
1 292 376 -140.52
1 296 414 -4.08
1 297 446 -140.52
1 300 390 -7195.77
1 162 179 -58314.2
1 147 130 -13770.6
1 148 141 -56206.4
1 223 371 -702.58
1 257 456 -140.52
1 160 142 -140.52
1 240 384 -17283.5
1 247 419 -421.55
1 290 441 -281.03
1 257 602 -140.52
1 209 228 -140.52
1 290 403 -140.52
