1 204 346 -714.3919999999999
1 212 384 45000.0
1 212 385 45000.0
1 212 386 45000.0
1 212 387 45000.0
1 212 388 45000.0
1 212 389 45000.0
1 212 390 45000.0
1 212 391 45000.0
1 212 392 45000.0
1 212 393 45000.0
1 213 394 45000.0
1 213 395 45000.0
1 213 396 45000.0
1 213 397 45000.0
1 213 398 45000.0
1 213 399 45000.0
1 213 400 45000.0
1 213 401 45000.0
1 213 402 45000.0
1 214 403 45000.0
1 214 404 45000.0
1 214 405 45000.0
1 214 406 45000.0
1 214 407 45000.0
1 214 409 45000.0
1 214 410 45000.0
1 214 411 45000.0
1 214 412 45000.0
1 214 413 45000.0
1 214 414 45000.0
1 214 415 45000.0
1 215 416 45000.0
1 215 417 45000.0
1 227 417 45000.0
1 228 417 45000.0
1 229 417 45000.0
1 216 418 45000.0
1 226 418 45000.0
1 230 418 45000.0
1 217 419 45000.0
1 218 419 45000.0
1 219 419 45000.0
1 220 419 45000.0
1 221 419 45000.0
1 222 419 45000.0
1 223 419 45000.0
1 224 419 45000.0
1 225 419 45000.0
1 229 419 45000.0
1 229 420 45000.0
1 226 421 45000.0
1 227 421 45000.0
1 228 421 45000.0
1 224 422 45000.0
1 225 422 45000.0
1 224 423 45000.0
1 224 424 45000.0
1 225 424 45000.0
1 226 424 45000.0
1 227 424 45000.0
1 228 424 45000.0
1 229 425 45000.0
1 229 426 45000.0
1 229 427 45000.0
1 229 428 45000.0
1 229 429 45000.0
1 228 430 45000.0
1 228 431 45000.0
1 228 432 45000.0
1 228 433 45000.0
1 228 434 45000.0
1 228 435 45000.0
1 229 435 45000.0
1 230 436 45000.0
1 230 437 45000.0
1 230 438 45000.0
1 230 439 45000.0
1 230 440 45000.0
1 230 441 45000.0
1 230 442 45000.0
1 230 443 45000.0
1 230 444 45000.0
1 230 445 45000.0
1 230 446 45000.0
1 230 447 45000.0
1 230 448 45000.0
1 230 449 45000.0
1 230 450 45000.0
1 230 451 45000.0
1 230 452 45000.0
1 230 453 45000.0
1 230 454 45000.0
1 230 455 45000.0
1 230 456 45000.0
1 231 457 45000.0
1 231 458 45000.0
1 231 459 45000.0
1 231 460 45000.0
1 232 461 45000.0
1 232 462 45000.0
1 232 463 45000.0
1 232 464 45000.0
1 233 464 45000.0
1 234 464 45000.0
1 235 464 45000.0
1 236 464 45000.0
1 237 464 45000.0
1 238 464 45000.0
1 239 465 45000.0
1 239 466 45000.0
1 114 114 -334.773
1 117 120 -714.3919999999999
1 130 122 -714.3919999999999
1 133 112 -13162.4
1 135 194 -1582.46
1 139 168 -9216.11
1 141 191 -19321.8
1 143 172 -20407.1
1 143 190 -72412.3
1 144 166 -13599.4
1 144 172 -21284.8
1 144 182 -41168.6
1 144 190 -856.221
1 146 117 -1919.54
1 146 188 -43485.9
1 146 190 -18970.4
1 147 145 -6882.17
1 148 123 -99.6011
1 148 167 -37083.9
1 148 176 -14798.8
1 148 196 -41977.3
1 149 145 -25591.8
1 149 146 -19030.2
1 150 124 -18145.4
1 150 141 -842.16
1 150 198 -23632.8
1 151 142 -4393.75
1 151 195 -44489.3
1 152 123 -10610.4
1 152 125 -11693.4
1 152 132 -38032.2
1 153 133 -3.8732800000000003
1 153 192 -91911.6
1 154 125 -613.02
1 154 171 -8719.68
1 154 249 -63345.0
1 155 129 -10128.5
1 155 141 -106198.0
1 156 129 -167970.0
1 157 135 -1428.78
1 157 140 -136645.0
1 157 251 -55920.9
1 158 133 -714.3919999999999
1 158 181 -47447.0
1 159 119 -46864.0
1 159 173 -47676.4
1 161 188 -44406.5
1 162 121 -25099.3
1 162 128 -185152.0
1 162 167 -908.5830000000001
1 162 169 -4315.66
1 163 138 -714.3919999999999
1 164 135 -12398.6
1 164 187 -20670.4
1 165 130 -34126.4
1 165 131 -236.615
1 166 126 -1438.37
1 168 123 -2955.52
1 168 208 -15849.2
1 169 127 -16.2645
1 170 131 -29978.0
1 170 163 -1.452
1 172 130 -23232.0
1 172 218 -170235.0
1 174 123 -41477.8
1 175 134 -45302.0
1 175 204 -18775.8
1 176 176 -15681.2
1 176 202 -9573.04
1 177 133 -41668.2
1 177 211 -12725.3
1 178 261 -34641.8
1 179 181 -68389.2
1 179 183 -290.4
1 179 210 -22003.8
1 180 208 -11354.0
1 184 246 -5166.22
1 187 200 -54548.7
1 187 281 -33396.0
1 188 198 -29792.1
1 188 209 -54633.0
1 188 240 -120435.0
1 188 258 -28228.3
1 189 282 -45012.0
1 190 281 -158268.0
1 191 191 -7740.61
1 191 281 -11010.5
1 193 256 -37476.1
1 193 260 -28523.0
1 197 204 -29063.9
1 197 252 -16149.7
1 198 298 -714.3919999999999
1 199 211 -26414.0
1 199 231 -62556.5
1 199 298 -714.3919999999999
1 200 298 -736.672
1 201 234 -5662.8
1 203 275 -77921.6
1 203 280 -22800.3
1 205 300 -773.2180000000001
1 206 286 -7021.02
1 206 300 -1450.84
1 211 255 -105383.0
1 212 258 -193890.0
1 213 264 -330.166
1 213 300 -45012.0
1 214 240 -102349.0
1 215 260 -32633.7
1 216 238 -58740.7
1 216 267 -34848.0
1 217 264 -150010.0
1 217 365 -178.24099999999999
1 218 179 -89310.7
1 219 310 -21276.2
1 221 223 -961.2239999999999
1 221 246 -6234.89
1 221 284 -88145.1
1 222 352 -81553.0
1 222 358 -10664.9
1 222 369 -4069.96
1 223 271 -61688.2
1 224 301 -72992.0
1 224 374 -8677.22
1 226 365 -1792.61
1 227 270 -57048.3
1 228 225 -93214.9
1 230 361 -21303.7
1 231 401 -714.3919999999999
1 232 364 -117.55
1 233 337 -714.3919999999999
1 233 394 -1553.15
1 234 304 -4669.02
1 234 393 -749.202
1 235 400 -3072.43
1 235 605 -726.332
1 235 609 -7642.08
1 236 263 -49410.1
1 236 351 -42108.0
1 236 609 -212.09099999999998
1 237 237 -48093.3
1 237 316 -38999.1
1 237 357 -8582.3
1 237 389 -714.415
1 238 221 -165.528
1 238 398 -0.8912049999999999
1 238 605 -3603.64
1 238 609 -2202.75
1 239 250 -1197.9
1 239 338 -46369.6
1 239 426 -820.8
1 239 605 -3571.96
1 239 606 -2143.18
1 239 619 -12125.7
1 240 380 -811.533
1 240 426 -879.265
1 240 608 -3002.52
1 241 335 -66577.1
1 241 342 -10736.1
1 241 604 -714.3919999999999
1 242 311 -11789.7
1 243 371 -714.3919999999999
1 243 389 -1826.48
1 243 422 -176.459
1 243 431 -6394.84
1 243 605 -3571.96
1 244 431 -651.025
1 244 605 -4286.35
1 244 621 -3884.05
1 245 322 -13143.0
1 245 337 -714.3919999999999
1 245 621 -714.3919999999999
1 246 321 -3563.04
1 246 618 -2188.85
1 247 344 -864.882
1 247 384 -3653370.0
1 248 251 -28335.9
1 248 424 -3251.43
1 248 436 -2241.83
1 248 442 -465.209
1 248 444 -16147.7
1 248 589 -3696.27
1 249 373 -730.211
1 249 389 -1433.95
1 249 424 -24859.4
1 249 430 -1751.22
1 249 436 -6175.87
1 249 606 -3571.96
1 250 239 -930.732
1 250 326 -2586.28
1 250 424 -714.3919999999999
1 250 425 -241561.0
1 250 431 -1356.9
1 250 595 -2509.3
1 251 300 -132132.0
1 251 356 -45.0058
1 251 408 -937.993
1 251 456 -724.6410000000001
1 251 457 -25.3191
1 251 594 -748.971
1 251 595 -856.584
1 251 596 -1616.18
1 252 230 -4170.14
1 252 285 -47394.7
1 252 329 -31660.1
1 252 450 -368.55800000000005
1 252 595 -714.3919999999999
1 252 606 -862.529
1 253 298 -35562.4
1 253 331 -13844.9
1 253 332 -19860.5
1 253 416 -34.8503
1 253 420 -16126.2
1 253 445 -51051.3
1 254 338 -67619.6
1 254 367 -43326.7
1 254 407 -103362.0
1 254 597 -715.995
1 254 607 -3590.76
1 255 381 -23862.0
1 255 383 -28719.1
1 255 388 -59960.3
1 255 395 -3117.88
1 255 420 -14843.0
1 255 439 -28959.7
1 255 443 -68564.8
1 255 595 -758.7869999999999
1 255 596 -714.3919999999999
1 255 606 -714.3919999999999
1 255 609 -1428.78
1 255 610 -262.905
1 256 314 -11379.7
1 256 335 -85174.3
1 256 341 -1170.44
1 256 370 -9607.19
1 256 413 -5236.27
1 256 586 -24633.2
1 256 593 -2857.57
1 257 238 -0.1452
1 257 324 -6971.45
1 257 413 -2428.53
1 257 576 -4236.95
1 257 599 -60574.5
1 258 325 -8469.12
1 258 336 -1785.53
1 258 442 -915181.0
1 258 464 -2373.1
1 258 585 -4286.35
1 258 595 -1565.57
1 258 602 -84539.8
1 259 340 -131699.0
1 259 371 -4.45602
1 259 405 -29503.3
1 259 588 -31379.3
1 259 592 -714.3919999999999
1 259 593 -714.3919999999999
1 260 342 -69581.3
1 260 349 -505.296
1 260 407 -3751940.0
1 260 413 -154776.0
1 260 424 -175.74599999999998
1 260 461 -3923.53
1 260 463 -46307.4
1 260 464 -39284.3
1 260 585 -11850.0
1 260 586 -44568.7
1 261 337 -6741.96
1 261 355 -103448.0
1 261 381 -188124.0
1 261 395 -11634.7
1 261 418 -1100.28
1 261 429 -966.066
1 261 464 -5648.01
1 261 492 -740.415
1 261 571 -450.05800000000005
1 261 576 -1428.78
1 262 345 -47761.4
1 262 449 -15.5067
1 262 540 -466.145
1 262 564 -42339.6
1 262 567 -24437.3
1 262 568 -12989.3
1 262 570 -82823.5
1 262 571 -2686.98
1 263 471 -19656.8
1 263 477 -9562.87
1 263 520 -1428.78
1 263 582 -30738.8
1 264 265 -31280.4
1 264 344 -48399.5
1 264 345 -10123.3
1 264 355 -237.06099999999998
1 264 367 -714.3919999999999
1 264 383 -61666.0
1 264 407 -6092.35
1 264 428 -175953.0
1 264 468 -126.016
1 264 471 -3543.88
1 264 476 -184.925
1 264 477 -23929.0
1 264 523 -2549.52
1 264 524 -574.284
1 264 549 -9314.43
1 265 364 -34320.3
1 265 374 -85332.9
1 265 380 -13.3681
1 265 422 -140824.0
1 265 523 -3086.95
1 266 337 -714.709
1 266 340 -222.15599999999998
1 266 462 -164.296
1 267 391 -16537.4
1 267 396 -432.626
1 267 463 -3301.91
1 267 555 -714.3919999999999
1 267 556 -714.3919999999999
1 268 333 -33404.7
1 268 334 -4119.32
1 268 436 -2260760.0
1 268 455 -8.68925
1 268 479 -513.6709999999999
1 268 480 -292.03
1 268 489 -1347.15
1 269 363 -728.445
1 269 397 -53727.4
1 269 456 -16928.0
1 269 541 -714.3919999999999
1 270 337 -10599.6
1 270 412 -43321.5
1 270 417 -1345.72
1 270 429 -2376.4
1 270 481 -799.502
1 270 483 -1478.91
1 270 484 -873.918
1 270 486 -120509.0
1 270 498 -22321.3
1 270 539 -156.852
1 271 319 -71109.2
1 271 371 -871.153
1 271 415 -69447.1
1 271 451 -21043.7
1 271 485 -243.21
1 271 493 -129225.0
1 271 498 -8890.21
1 271 537 -98306.9
1 272 336 -16251.1
1 272 368 -409890.0
1 272 388 -1384530.0
1 272 396 -6949.85
1 272 450 -5724.21
1 272 451 -1213.98
1 272 462 -1133310.0
1 272 491 -11.9421
1 272 497 -44604.8
1 272 498 -73896.0
1 272 530 -94831.6
1 272 532 -241280.0
1 272 535 -108357.0
1 273 363 -106.867
1 273 392 -879.6189999999999
1 273 410 -4087.07
1 273 480 -1087.55
1 273 510 -714.3919999999999
1 273 517 -49354.9
1 273 518 -3250.22
1 274 520 -18563.8
1 274 523 -2840.11
1 275 367 -89791.7
1 275 441 -18541.5
1 275 450 -0.8912049999999999
1 275 506 -1893.12
1 276 392 -441.414
1 276 446 -1638.03
1 276 474 -31312.5
1 277 294 -38023.3
1 277 390 -11320.7
1 277 407 -873024.0
1 277 431 -13559.7
1 277 454 -35.6482
1 277 468 -87.8637
1 277 472 -59070.6
1 278 365 -13165.8
1 278 482 -5076.75
1 279 336 -30123.2
1 279 433 -62602.7
1 279 438 -7254.41
1 279 475 -85062.5
1 279 485 -33718.6
1 280 365 -16160.8
1 280 433 -60009.3
1 280 442 -3152.11
1 280 469 -20049.7
1 280 471 -4619.13
1 281 458 -11968.9
1 282 409 -3627.2
1 282 424 -772.675
1 282 430 -264.688
1 282 436 -46806.1
1 282 454 -2954.34
1 282 457 -347.57
1 283 354 -11388.0
1 283 429 -187119.0
1 283 449 -11291.6
1 283 452 -94855.4
1 283 455 -41271.7
1 283 468 -93903.9
1 284 339 -71505.3
1 284 457 -7511.97
1 284 463 -324.844
1 284 481 -4429.29
1 285 374 -1693.29
1 285 467 -142544.0
1 285 475 -77966.6
1 286 330 -84891.5
1 286 425 -376253.0
1 286 475 -34390.6
1 286 477 -58476.4
1 287 388 -5819.0
1 287 426 -714.3919999999999
1 287 477 -30011.4
1 288 372 -57.0371
1 288 419 -15903.6
1 288 423 -2368.38
1 288 426 -714.3919999999999
1 289 351 -10226.4
1 289 404 -191937.0
1 289 459 -124.76899999999999
1 289 468 -1229.86
1 290 382 -99006.7
1 290 402 -283.849
1 290 411 -1423.7
1 290 412 -23848.9
1 290 413 -2578.43
1 290 420 -278.056
1 291 350 -1532.87
1 291 373 -1195.11
1 291 399 -33879.2
1 291 419 -311797.0
1 292 365 -12935.8
1 292 416 -931.309
1 292 469 -29008.7
1 293 440 -23.2159
1 294 435 -24945.3
1 294 447 -88710.5
1 294 458 -53316.3
1 295 356 -6680.65
1 295 391 -16290.9
1 295 430 -7245.5
1 296 398 -130906.0
1 297 381 -19581.7
1 297 383 -710.7360000000001
1 297 395 -305238.0
1 297 401 -395944.0
1 297 402 -197884.0
1 297 413 -543390.0
1 297 415 -64588.3
1 297 442 -6046.83
1 298 389 -16745.9
1 298 390 -29257.8
1 299 354 -1500.75
1 299 355 -450.12
1 299 387 -276.719
1 102 110 -714.3919999999999
1 102 113 -714.3919999999999
1 103 100 -714.3919999999999
1 103 104 -714.3919999999999
1 104 115 -714.3919999999999
1 105 115 -714.3919999999999
1 105 139 -714.3919999999999
1 108 117 -714.3919999999999
1 109 112 -714.3919999999999
1 111 155 -714.3919999999999
1 111 208 -714.3919999999999
1 112 181 -714.3919999999999
1 113 111 -714.3919999999999
1 113 159 -714.3919999999999
1 113 211 -714.3919999999999
1 114 173 -714.3919999999999
1 114 212 -1428.78
1 115 212 -1428.78
1 116 121 -714.3919999999999
1 116 150 -714.3919999999999
1 116 166 -714.3919999999999
1 117 119 -714.3919999999999
1 117 168 -714.3919999999999
1 117 210 -714.3919999999999
1 119 194 -714.3919999999999
1 119 202 -714.3919999999999
1 119 96 -714.3919999999999
1 120 155 -714.3919999999999
1 120 94 -714.3919999999999
1 121 187 -714.3919999999999
1 123 110 -714.3919999999999
1 123 111 -714.3919999999999
1 123 158 -714.3919999999999
1 123 168 -714.3919999999999
1 123 193 -714.3919999999999
1 123 202 -1428.78
1 125 150 -714.3919999999999
1 125 151 -714.3919999999999
1 125 193 -714.3919999999999
1 125 194 -714.3919999999999
1 126 121 -714.3919999999999
1 126 191 -714.3919999999999
1 126 195 -714.3919999999999
1 127 150 -714.3919999999999
1 127 160 -714.3919999999999
1 127 169 -714.3919999999999
1 127 195 -714.3919999999999
1 127 199 -1428.78
1 128 122 -714.3919999999999
1 128 148 -714.3919999999999
1 128 149 -714.3919999999999
1 128 152 -714.3919999999999
1 128 153 -714.3919999999999
1 128 154 -714.3919999999999
1 128 157 -714.3919999999999
1 128 199 -714.3919999999999
1 129 117 -714.3919999999999
1 129 119 -714.3919999999999
1 129 122 -714.3919999999999
1 129 146 -714.3919999999999
1 129 154 -1428.78
1 129 162 -714.3919999999999
1 129 176 -714.3919999999999
1 130 120 -714.3919999999999
1 130 154 -714.3919999999999
1 130 155 -714.3919999999999
1 130 156 -2143.18
1 130 194 -714.3919999999999
1 131 112 -714.3919999999999
1 131 121 -714.3919999999999
1 131 122 -714.3919999999999
1 131 150 -714.3919999999999
1 131 156 -714.3919999999999
1 131 157 -714.3919999999999
1 131 158 -714.3919999999999
1 131 161 -1428.78
1 131 198 -714.3919999999999
1 132 112 -714.3919999999999
1 132 155 -714.3919999999999
1 132 156 -714.3919999999999
1 132 160 -714.3919999999999
1 132 161 -1428.78
1 133 155 -714.3919999999999
1 133 159 -714.3919999999999
1 133 160 -1428.78
1 133 192 -1428.78
1 133 193 -714.3919999999999
1 134 148 -714.3919999999999
1 134 150 -714.3919999999999
1 134 151 -714.3919999999999
1 134 156 -714.3919999999999
1 134 191 -714.3919999999999
1 134 193 -2857.57
1 135 148 -3571.96
1 135 149 -1428.78
1 135 156 -714.3919999999999
1 135 157 -714.3919999999999
1 135 193 -2143.18
1 136 147 -714.3919999999999
1 136 148 -714.3919999999999
1 136 149 -714.3919999999999
1 136 150 -1428.78
1 136 153 -714.3919999999999
1 136 155 -714.3919999999999
1 137 148 -714.3919999999999
1 137 150 -714.3919999999999
1 137 153 -1428.78
1 137 154 -714.3919999999999
1 137 157 -2143.18
1 137 175 -714.3919999999999
1 137 206 -714.3919999999999
1 138 151 -714.3919999999999
1 138 152 -714.3919999999999
1 138 153 -2143.18
1 138 168 -714.3919999999999
1 138 169 -714.3919999999999
1 139 151 -714.3919999999999
1 140 138 -714.3919999999999
1 140 155 -2857.57
1 140 156 -714.3919999999999
1 140 171 -714.3919999999999
1 140 180 -714.3919999999999
1 141 149 -714.3919999999999
1 141 154 -1428.78
1 141 157 -714.3919999999999
1 141 171 -714.3919999999999
1 141 199 -1428.78
1 142 155 -714.3919999999999
1 142 156 -714.3919999999999
1 142 157 -714.3919999999999
1 142 158 -714.3919999999999
1 142 174 -714.3919999999999
1 142 179 -714.3919999999999
1 142 201 -714.3919999999999
1 143 146 -714.3919999999999
1 143 157 -2143.18
1 144 142 -1428.78
1 144 173 -714.3919999999999
1 145 142 -714.3919999999999
1 145 143 -714.3919999999999
1 145 151 -714.3919999999999
1 145 187 -714.3919999999999
1 145 226 -714.3919999999999
1 146 140 -714.3919999999999
1 146 141 -1428.78
1 146 145 -714.3919999999999
1 146 208 -714.3919999999999
1 146 229 -714.3919999999999
1 146 230 -714.3919999999999
1 146 232 -714.3919999999999
1 147 139 -2143.18
1 147 140 -714.3919999999999
1 147 141 -714.3919999999999
1 147 142 -714.3919999999999
1 147 229 -714.3919999999999
1 147 230 -714.3919999999999
1 147 233 -714.3919999999999
1 147 239 -714.3919999999999
1 147 240 -714.3919999999999
1 148 217 -714.3919999999999
1 148 221 -714.3919999999999
1 149 127 -714.3919999999999
1 149 147 -714.3919999999999
1 149 154 -714.3919999999999
1 149 222 -714.3919999999999
1 149 253 -714.3919999999999
1 150 160 -714.3919999999999
1 150 164 -714.3919999999999
1 150 177 -714.3919999999999
1 150 227 -714.3919999999999
1 150 236 -714.3919999999999
1 151 128 -714.3919999999999
1 151 228 -714.3919999999999
1 152 153 -714.3919999999999
1 152 173 -714.3919999999999
1 152 176 -714.3919999999999
1 152 222 -714.3919999999999
1 152 228 -714.3919999999999
1 153 126 -714.3919999999999
1 153 136 -714.3919999999999
1 153 155 -714.3919999999999
1 153 232 -714.3919999999999
1 153 238 -714.3919999999999
1 153 253 -714.3919999999999
1 154 126 -714.3919999999999
1 154 133 -714.3919999999999
1 154 161 -714.3919999999999
1 154 172 -714.3919999999999
1 154 220 -714.3919999999999
1 154 244 -714.3919999999999
1 155 170 -1428.78
1 155 216 -714.3919999999999
1 155 262 -714.3919999999999
1 156 160 -714.3919999999999
1 156 211 -714.3919999999999
1 156 223 -714.3919999999999
1 157 132 -714.3919999999999
1 157 133 -714.3919999999999
1 157 134 -2143.18
1 157 136 -714.3919999999999
1 157 194 -714.3919999999999
1 157 207 -714.3919999999999
1 157 240 -714.3919999999999
1 158 135 -714.3919999999999
1 158 248 -714.3919999999999
1 159 152 -714.3919999999999
1 159 231 -714.3919999999999
1 159 240 -714.3919999999999
1 159 247 -714.3919999999999
1 159 248 -714.3919999999999
1 159 250 -714.3919999999999
1 159 251 -714.3919999999999
1 159 257 -714.3919999999999
1 160 133 -714.3919999999999
1 160 249 -1428.78
1 160 251 -1428.78
1 160 252 -714.3919999999999
1 160 253 -714.3919999999999
1 160 262 -714.3919999999999
1 161 144 -1428.78
1 161 251 -714.3919999999999
1 161 253 -714.3919999999999
1 162 137 -1428.78
1 162 252 -1428.78
1 162 253 -714.3919999999999
1 163 152 -714.3919999999999
1 163 190 -714.3919999999999
1 163 236 -714.3919999999999
1 164 278 -714.3919999999999
1 164 290 -714.3919999999999
1 164 299 -714.3919999999999
1 165 133 -1428.78
1 165 134 -1428.78
1 165 135 -714.3919999999999
1 165 290 -714.3919999999999
1 166 131 -714.3919999999999
1 166 132 -714.3919999999999
1 166 133 -1428.78
1 166 134 -714.3919999999999
1 166 135 -714.3919999999999
1 166 210 -714.3919999999999
1 166 254 -714.3919999999999
1 166 255 -714.3919999999999
1 167 127 -714.3919999999999
1 167 132 -1428.78
1 167 133 -1428.78
1 167 134 -2143.18
1 167 256 -714.3919999999999
1 167 288 -714.3919999999999
1 167 294 -714.3919999999999
1 168 130 -714.3919999999999
1 168 131 -714.3919999999999
1 168 132 -2857.57
1 168 133 -2857.57
1 168 286 -714.3919999999999
1 168 287 -1428.78
1 168 291 -1428.78
1 169 128 -1428.78
1 169 129 -2857.57
1 169 131 -714.3919999999999
1 169 132 -3571.96
1 169 133 -2143.18
1 169 134 -6429.53
1 169 135 -714.3919999999999
1 169 236 -714.3919999999999
1 169 260 -714.3919999999999
1 169 271 -714.3919999999999
1 169 287 -714.3919999999999
1 169 290 -714.3919999999999
1 170 133 -2143.18
1 170 134 -8572.7
1 170 136 -714.3919999999999
1 170 187 -714.3919999999999
1 170 256 -714.3919999999999
1 170 287 -714.3919999999999
1 170 292 -714.3919999999999
1 171 133 -1428.78
1 171 134 -714.3919999999999
1 171 136 -3571.96
1 171 290 -714.3919999999999
1 172 257 -714.3919999999999
1 172 284 -714.3919999999999
1 172 295 -1428.78
1 172 311 -714.3919999999999
1 173 258 -714.3919999999999
1 173 278 -714.3919999999999
1 173 290 -714.3919999999999
1 173 292 -714.3919999999999
1 173 293 -1428.78
1 173 294 -714.3919999999999
1 174 124 -714.3919999999999
1 174 253 -714.3919999999999
1 174 261 -714.3919999999999
1 174 270 -714.3919999999999
1 174 283 -714.3919999999999
1 174 289 -714.3919999999999
1 174 293 -714.3919999999999
1 175 260 -714.3919999999999
1 175 288 -714.3919999999999
1 175 292 -1428.78
1 175 293 -714.3919999999999
1 175 296 -714.3919999999999
1 175 305 -714.3919999999999
1 176 274 -714.3919999999999
1 176 305 -714.3919999999999
1 177 289 -714.3919999999999
1 177 290 -714.3919999999999
1 178 243 -714.3919999999999
1 178 280 -714.3919999999999
1 178 285 -714.3919999999999
1 178 302 -714.3919999999999
1 178 305 -714.3919999999999
1 178 306 -714.3919999999999
1 178 311 -714.3919999999999
1 179 278 -714.3919999999999
1 179 285 -714.3919999999999
1 180 149 -714.3919999999999
1 180 286 -714.3919999999999
1 181 297 -714.3919999999999
1 181 307 -714.3919999999999
1 181 308 -714.3919999999999
1 183 242 -714.3919999999999
1 183 285 -714.3919999999999
1 183 295 -714.3919999999999
1 183 308 -714.3919999999999
1 183 309 -714.3919999999999
1 183 318 -714.3919999999999
1 184 263 -714.3919999999999
1 184 285 -714.3919999999999
1 184 313 -714.3919999999999
1 184 319 -714.3919999999999
1 185 257 -714.3919999999999
1 185 305 -714.3919999999999
1 185 306 -714.3919999999999
1 185 307 -714.3919999999999
1 185 315 -714.3919999999999
1 186 255 -714.3919999999999
1 186 265 -714.3919999999999
1 186 307 -1428.78
1 186 310 -714.3919999999999
1 188 262 -714.3919999999999
1 188 294 -714.3919999999999
1 188 295 -714.3919999999999
1 189 295 -714.3919999999999
1 189 309 -714.3919999999999
1 190 307 -714.3919999999999
1 190 308 -714.3919999999999
1 190 324 -714.3919999999999
1 191 292 -1428.78
1 191 304 -714.3919999999999
1 191 305 -714.3919999999999
1 192 258 -714.3919999999999
1 192 284 -714.3919999999999
1 192 304 -714.3919999999999
1 192 316 -714.3919999999999
1 192 319 -714.3919999999999
1 193 262 -714.3919999999999
1 193 301 -714.3919999999999
1 193 311 -714.3919999999999
1 193 313 -1428.78
1 194 284 -714.3919999999999
1 194 313 -714.3919999999999
1 195 269 -714.3919999999999
1 195 287 -714.3919999999999
1 195 289 -714.3919999999999
1 195 300 -714.3919999999999
1 195 311 -714.3919999999999
1 195 313 -714.3919999999999
1 196 269 -714.3919999999999
1 196 275 -714.3919999999999
1 196 303 -714.3919999999999
1 196 324 -714.3919999999999
1 196 333 -714.3919999999999
1 197 264 -714.3919999999999
1 197 283 -714.3919999999999
1 197 300 -714.3919999999999
1 197 322 -714.3919999999999
1 197 325 -714.3919999999999
1 198 242 -714.3919999999999
1 198 276 -1428.78
1 198 309 -714.3919999999999
1 198 311 -714.3919999999999
1 199 283 -714.3919999999999
1 199 311 -714.3919999999999
1 199 324 -714.3919999999999
1 200 280 -714.3919999999999
1 200 286 -714.3919999999999
1 200 296 -714.3919999999999
1 200 299 -714.3919999999999
1 200 306 -714.3919999999999
1 200 307 -714.3919999999999
1 200 312 -714.3919999999999
1 200 343 -714.3919999999999
1 200 345 -714.3919999999999
1 201 257 -714.3919999999999
1 202 280 -714.3919999999999
1 202 287 -714.3919999999999
1 202 297 -714.3919999999999
1 202 301 -714.3919999999999
1 202 302 -714.3919999999999
1 203 215 -714.3919999999999
1 203 304 -714.3919999999999
1 203 305 -714.3919999999999
1 203 309 -714.3919999999999
1 203 315 -714.3919999999999
1 205 263 -714.3919999999999
1 205 303 -714.3919999999999
1 205 304 -714.3919999999999
1 205 317 -714.3919999999999
1 205 318 -714.3919999999999
1 205 319 -714.3919999999999
1 206 264 -714.3919999999999
1 206 270 -714.3919999999999
1 206 301 -714.3919999999999
1 206 304 -714.3919999999999
1 206 315 -714.3919999999999
1 206 317 -1428.78
1 207 262 -714.3919999999999
1 207 300 -714.3919999999999
1 207 301 -1428.78
1 207 303 -714.3919999999999
1 207 304 -714.3919999999999
1 207 306 -1428.78
1 207 315 -714.3919999999999
1 207 317 -714.3919999999999
1 208 298 -1428.78
1 208 299 -1428.78
1 208 306 -714.3919999999999
1 208 317 -714.3919999999999
1 208 328 -714.3919999999999
1 209 284 -714.3919999999999
1 209 297 -714.3919999999999
1 209 302 -714.3919999999999
1 210 284 -714.3919999999999
1 210 301 -714.3919999999999
1 210 302 -714.3919999999999
1 210 342 -714.3919999999999
1 211 301 -714.3919999999999
1 211 321 -714.3919999999999
1 212 295 -714.3919999999999
1 212 347 -714.3919999999999
1 213 226 -714.3919999999999
1 213 287 -714.3919999999999
1 213 303 -714.3919999999999
1 213 329 -714.3919999999999
1 214 319 -714.3919999999999
1 215 289 -714.3919999999999
1 215 311 -714.3919999999999
1 215 353 -714.3919999999999
1 216 323 -714.3919999999999
1 216 341 -714.3919999999999
1 217 244 -714.3919999999999
1 217 249 -714.3919999999999
1 217 351 -714.3919999999999
1 218 209 -714.3919999999999
1 218 243 -714.3919999999999
1 218 292 -714.3919999999999
1 218 345 -1428.78
1 221 240 -714.3919999999999
1 221 611 -714.3919999999999
1 222 254 -714.3919999999999
1 222 362 -714.3919999999999
1 224 338 -714.3919999999999
1 224 359 -714.3919999999999
1 225 323 -714.3919999999999
1 225 329 -714.3919999999999
1 225 332 -714.3919999999999
1 225 368 -714.3919999999999
1 225 373 -714.3919999999999
1 225 378 -714.3919999999999
1 225 382 -1428.78
1 226 323 -714.3919999999999
1 226 388 -1428.78
1 226 618 -714.3919999999999
1 227 315 -714.3919999999999
1 228 606 -714.3919999999999
1 229 385 -1428.78
1 229 392 -714.3919999999999
1 229 393 -714.3919999999999
1 229 397 -2857.57
1 229 618 -3571.96
1 230 338 -714.3919999999999
1 230 373 -1428.78
1 230 384 -714.3919999999999
1 230 392 -1428.78
1 230 393 -2857.57
1 230 396 -714.3919999999999
1 230 605 -714.3919999999999
1 231 343 -714.3919999999999
1 231 383 -714.3919999999999
1 231 392 -3571.96
1 231 393 -7858.31
1 231 398 -714.3919999999999
1 231 603 -714.3919999999999
1 231 607 -1428.78
1 232 259 -714.3919999999999
1 232 300 -714.3919999999999
1 232 384 -714.3919999999999
1 232 389 -714.3919999999999
1 232 393 -4286.35
1 232 394 -2857.57
1 232 405 -714.3919999999999
1 232 604 -1428.78
1 232 606 -1428.78
1 232 607 -2143.18
1 232 608 -714.3919999999999
1 233 373 -714.3919999999999
1 233 393 -714.3919999999999
1 233 403 -714.3919999999999
1 233 406 -2857.57
1 233 601 -1428.78
1 233 602 -714.3919999999999
1 234 374 -714.3919999999999
1 234 388 -714.3919999999999
1 234 389 -714.3919999999999
1 234 406 -2143.18
1 234 407 -1428.78
1 234 601 -714.3919999999999
1 234 602 -1428.78
1 234 603 -2143.18
1 234 604 -714.3919999999999
1 234 605 -1428.78
1 234 606 -714.3919999999999
1 234 609 -714.3919999999999
1 234 620 -714.3919999999999
1 234 621 -714.3919999999999
1 235 342 -714.3919999999999
1 235 368 -714.3919999999999
1 235 389 -714.3919999999999
1 235 392 -714.3919999999999
1 235 404 -714.3919999999999
1 235 406 -714.3919999999999
1 235 599 -714.3919999999999
1 235 600 -1428.78
1 235 602 -2143.18
1 235 603 -714.3919999999999
1 235 606 -714.3919999999999
1 235 608 -714.3919999999999
1 236 256 -714.3919999999999
1 236 359 -714.3919999999999
1 236 377 -1428.78
1 236 378 -714.3919999999999
1 236 389 -1428.78
1 236 600 -714.3919999999999
1 236 601 -714.3919999999999
1 236 602 -1428.78
1 236 605 -714.3919999999999
1 236 606 -714.3919999999999
1 236 607 -714.3919999999999
1 236 620 -714.3919999999999
1 237 330 -714.3919999999999
1 237 377 -714.3919999999999
1 237 384 -714.3919999999999
1 237 388 -714.3919999999999
1 237 605 -1428.78
1 237 606 -2143.18
1 237 607 -1428.78
1 237 608 -3571.96
1 237 609 -2143.18
1 237 620 -714.3919999999999
1 238 346 -714.3919999999999
1 238 391 -714.3919999999999
1 238 410 -714.3919999999999
1 238 602 -714.3919999999999
1 238 603 -714.3919999999999
1 238 606 -3571.96
1 238 607 -4286.35
1 238 608 -2857.57
1 238 610 -714.3919999999999
1 239 297 -29159.1
1 239 323 -714.3919999999999
1 239 404 -714.3919999999999
1 239 601 -714.3919999999999
1 239 603 -714.3919999999999
1 239 607 -1428.78
1 239 608 -2857.57
1 239 609 -2143.18
1 239 610 -1428.78
1 239 615 -1428.78
1 240 267 -714.3919999999999
1 240 319 -714.3919999999999
1 240 327 -714.3919999999999
1 240 352 -714.3919999999999
1 240 374 -1428.78
1 240 392 -1428.78
1 240 396 -714.3919999999999
1 240 406 -714.3919999999999
1 240 603 -714.3919999999999
1 240 605 -2143.18
1 240 606 -2857.57
1 240 607 -1428.78
1 240 620 -1428.78
1 240 621 -714.3919999999999
1 241 339 -714.3919999999999
1 241 352 -714.3919999999999
1 241 370 -1428.78
1 241 375 -714.3919999999999
1 241 409 -714.3919999999999
1 241 577 -714.3919999999999
1 241 603 -1428.78
1 241 605 -2143.18
1 241 606 -1428.78
1 241 607 -1428.78
1 241 608 -1428.78
1 241 609 -3571.96
1 241 610 -714.3919999999999
1 241 611 -714.3919999999999
1 241 620 -714.3919999999999
1 241 621 -714.3919999999999
1 242 314 -714.3919999999999
1 242 318 -714.3919999999999
1 242 336 -714.3919999999999
1 242 338 -714.3919999999999
1 242 339 -714.3919999999999
1 242 373 -2143.18
1 242 374 -4286.35
1 242 406 -1428.78
1 242 603 -1428.78
1 242 604 -5000.74
1 242 605 -6429.53
1 242 606 -2143.18
1 242 607 -3571.96
1 242 608 -3571.96
1 242 609 -2143.18
1 242 610 -2143.18
1 242 616 -714.3919999999999
1 242 622 -714.3919999999999
1 242 623 -2143.18
1 243 366 -714.3919999999999
1 243 369 -714.3919999999999
1 243 372 -1428.78
1 243 373 -5715.14
1 243 374 -2143.18
1 243 386 -714.3919999999999
1 243 391 -714.3919999999999
1 243 405 -714.3919999999999
1 243 406 -714.3919999999999
1 243 407 -1428.78
1 243 409 -714.3919999999999
1 243 577 -714.3919999999999
1 243 606 -5000.74
1 243 607 -3571.96
1 243 608 -1428.78
1 243 609 -4286.35
1 243 620 -714.3919999999999
1 243 622 -1428.78
1 243 623 -5715.14
1 244 371 -714.3919999999999
1 244 372 -1428.78
1 244 373 -2143.18
1 244 415 -714.3919999999999
1 244 598 -714.3919999999999
1 244 606 -2857.57
1 244 607 -714.3919999999999
1 244 611 -714.3919999999999
1 244 616 -714.3919999999999
1 244 622 -714.3919999999999
1 244 623 -2857.57
1 244 624 -714.3919999999999
1 245 312 -714.3919999999999
1 245 315 -714.3919999999999
1 245 326 -714.3919999999999
1 245 335 -714.3919999999999
1 245 338 -714.3919999999999
1 245 356 -1428.78
1 245 371 -714.3919999999999
1 245 413 -714.3919999999999
1 245 586 -714.3919999999999
1 245 604 -714.3919999999999
1 245 605 -2143.18
1 245 606 -3571.96
1 245 607 -2857.57
1 245 609 -3571.96
1 245 610 -1428.78
1 245 612 -1428.78
1 245 616 -1428.78
1 245 619 -714.3919999999999
1 245 620 -1428.78
1 245 622 -714.3919999999999
1 246 214 -714.3919999999999
1 246 342 -714.3919999999999
1 246 356 -714.3919999999999
1 246 357 -714.3919999999999
1 246 374 -714.3919999999999
1 246 413 -714.3919999999999
1 246 590 -714.3919999999999
1 246 599 -714.3919999999999
1 246 600 -4286.35
1 246 605 -2857.57
1 246 606 -5000.74
1 246 607 -2857.57
1 246 610 -714.3919999999999
1 246 612 -1428.78
1 246 614 -714.3919999999999
1 246 615 -714.3919999999999
1 246 623 -714.3919999999999
1 247 314 -714.3919999999999
1 247 331 -714.3919999999999
1 247 367 -1428.78
1 247 368 -3571.96
1 247 387 -1428.78
1 247 413 -714.3919999999999
1 247 578 -714.3919999999999
1 247 597 -714.3919999999999
1 247 598 -5000.74
1 247 599 -4286.35
1 247 600 -7143.92
1 247 601 -7143.92
1 247 605 -1428.78
1 247 609 -1428.78
1 247 610 -1428.78
1 247 611 -2857.57
1 247 612 -2857.57
1 247 613 -1428.78
1 247 618 -1428.78
1 247 619 -714.3919999999999
1 247 623 -714.3919999999999
1 248 307 -714.3919999999999
1 248 367 -714.3919999999999
1 248 368 -2857.57
1 248 371 -1428.78
1 248 372 -3571.96
1 248 387 -1428.78
1 248 388 -4286.35
1 248 413 -714.3919999999999
1 248 416 -714.3919999999999
1 248 529 -714.3919999999999
1 248 567 -714.3919999999999
1 248 596 -5000.74
1 248 597 -3571.96
1 248 598 -7143.92
1 248 599 -4286.35
1 248 600 -2857.57
1 248 601 -4286.35
1 248 602 -2143.18
1 248 605 -714.3919999999999
1 248 608 -714.3919999999999
1 248 609 -1428.78
1 248 610 -2143.18
1 248 611 -4286.35
1 248 612 -4286.35
1 248 613 -5000.74
1 248 618 -714.3919999999999
1 248 619 -714.3919999999999
1 248 620 -714.3919999999999
1 248 623 -1428.78
1 249 333 -714.3919999999999
1 249 334 -714.3919999999999
1 249 365 -1428.78
1 249 366 -2143.18
1 249 367 -714.3919999999999
1 249 368 -2143.18
1 249 371 -714.3919999999999
1 249 387 -714.3919999999999
1 249 388 -714.3919999999999
1 249 400 -714.3919999999999
1 249 412 -714.3919999999999
1 249 567 -714.3919999999999
1 249 593 -1428.78
1 249 595 -4286.35
1 249 596 -5000.74
1 249 597 -7858.31
1 249 603 -2143.18
1 249 604 -5715.14
1 249 605 -3571.96
1 249 607 -2857.57
1 249 609 -714.3919999999999
1 249 610 -1428.78
1 249 611 -3571.96
1 249 612 -6429.53
1 249 613 -1428.78
1 249 618 -714.3919999999999
1 249 623 -714.3919999999999
1 250 331 -714.3919999999999
1 250 355 -714.3919999999999
1 250 365 -1428.78
1 250 366 -3571.96
1 250 367 -2143.18
1 250 368 -714.3919999999999
1 250 369 -1428.78
1 250 370 -1428.78
1 250 371 -4286.35
1 250 382 -714.3919999999999
1 250 406 -714.3919999999999
1 250 413 -714.3919999999999
1 250 414 -714.3919999999999
1 250 423 -714.3919999999999
1 250 436 -714.3919999999999
1 250 568 -714.3919999999999
1 250 579 -714.3919999999999
1 250 591 -714.3919999999999
1 250 594 -714.3919999999999
1 250 596 -5715.14
1 250 597 -1428.78
1 250 602 -714.3919999999999
1 250 603 -5000.74
1 250 604 -4286.35
1 250 605 -2857.57
1 250 607 -714.3919999999999
1 250 608 -2143.18
1 250 609 -714.3919999999999
1 250 610 -714.3919999999999
1 250 613 -714.3919999999999
1 251 276 -714.3919999999999
1 251 322 -714.3919999999999
1 251 365 -2143.18
1 251 366 -6429.53
1 251 367 -1428.78
1 251 368 -1428.78
1 251 371 -714.3919999999999
1 251 379 -714.3919999999999
1 251 407 -714.3919999999999
1 251 414 -714.3919999999999
1 251 424 -714.3919999999999
1 251 598 -714.3919999999999
1 251 604 -714.3919999999999
1 251 605 -714.3919999999999
1 251 607 -714.3919999999999
1 251 610 -714.3919999999999
1 252 236 -714.3919999999999
1 252 365 -2143.18
1 252 366 -5000.74
1 252 367 -5000.74
1 252 368 -1428.78
1 252 376 -714.3919999999999
1 252 412 -714.3919999999999
1 252 416 -714.3919999999999
1 252 428 -714.3919999999999
1 252 506 -714.3919999999999
1 252 507 -714.3919999999999
1 252 528 -714.3919999999999
1 252 534 -714.3919999999999
1 252 544 -714.3919999999999
1 252 576 -714.3919999999999
1 252 591 -1428.78
1 252 596 -1500.47
1 252 597 -1428.78
1 252 598 -714.3919999999999
1 252 599 -1428.78
1 252 608 -1428.78
1 252 609 -714.3919999999999
1 252 611 -714.3919999999999
1 252 620 -714.3919999999999
1 253 259 -714.3919999999999
1 253 342 -714.3919999999999
1 253 363 -714.3919999999999
1 253 365 -1428.78
1 253 366 -4286.35
1 253 367 -2857.57
1 253 370 -714.3919999999999
1 253 375 -1428.78
1 253 404 -714.3919999999999
1 253 433 -1428.78
1 253 506 -714.3919999999999
1 253 543 -714.3919999999999
1 253 546 -714.3919999999999
1 253 547 -714.3919999999999
1 253 566 -714.3919999999999
1 253 586 -1428.78
1 253 596 -714.3919999999999
1 253 597 -2857.57
1 253 601 -714.3919999999999
1 253 604 -714.3919999999999
1 253 605 -714.3919999999999
1 253 614 -2143.18
1 254 366 -1428.78
1 254 478 -714.3919999999999
1 254 581 -714.3919999999999
1 254 584 -714.3919999999999
1 254 585 -4286.35
1 254 586 -3571.96
1 254 587 -2143.18
1 254 588 -2143.18
1 254 589 -2857.57
1 254 598 -714.3919999999999
1 254 599 -714.3919999999999
1 254 601 -1428.78
1 254 604 -1428.78
1 254 605 -714.3919999999999
1 254 606 -714.3919999999999
1 254 611 -714.3919999999999
1 255 341 -714.3919999999999
1 255 346 -714.3919999999999
1 255 371 -714.3919999999999
1 255 402 -714.3919999999999
1 255 442 -714.3919999999999
1 255 445 -714.3919999999999
1 255 461 -714.3919999999999
1 255 479 -714.3919999999999
1 255 512 -714.3919999999999
1 255 513 -714.3919999999999
1 255 526 -714.3919999999999
1 255 547 -714.3919999999999
1 255 548 -714.3919999999999
1 255 565 -714.3919999999999
1 255 583 -2143.18
1 255 584 -2857.57
1 255 585 -2857.57
1 255 586 -2857.57
1 255 587 -1428.78
1 255 588 -714.3919999999999
1 255 591 -714.3919999999999
1 255 594 -714.3919999999999
1 255 597 -714.3919999999999
1 255 600 -1428.78
1 255 607 -714.3919999999999
1 256 346 -714.3919999999999
1 256 350 -714.3919999999999
1 256 367 -714.3919999999999
1 256 373 -714.3919999999999
1 256 374 -714.3919999999999
1 256 491 -714.3919999999999
1 256 526 -714.3919999999999
1 256 531 -2143.18
1 256 532 -714.3919999999999
1 256 547 -714.3919999999999
1 256 548 -1428.78
1 256 549 -714.3919999999999
1 256 575 -714.3919999999999
1 256 578 -1428.78
1 256 580 -714.3919999999999
1 256 584 -2143.18
1 256 585 -1428.78
1 256 592 -1428.78
1 256 594 -5002.25
1 256 595 -2857.57
1 256 607 -2857.57
1 256 608 -1428.78
1 256 609 -714.3919999999999
1 257 330 -714.3919999999999
1 257 461 -714.3919999999999
1 257 497 -714.3919999999999
1 257 503 -714.3919999999999
1 257 506 -714.3919999999999
1 257 512 -714.3919999999999
1 257 527 -2143.18
1 257 529 -714.3919999999999
1 257 532 -714.3919999999999
1 257 549 -714.3919999999999
1 257 574 -714.3919999999999
1 257 575 -2143.18
1 257 584 -2143.18
1 257 585 -2143.18
1 257 593 -1428.78
1 257 594 -5715.14
1 257 595 -2857.57
1 257 597 -1428.78
1 257 606 -5000.74
1 257 607 -714.3919999999999
1 258 307 -714.3919999999999
1 258 330 -714.3919999999999
1 258 366 -714.3919999999999
1 258 485 -1428.78
1 258 489 -1428.78
1 258 491 -714.3919999999999
1 258 493 -714.3919999999999
1 258 494 -714.3919999999999
1 258 496 -714.3919999999999
1 258 497 -714.3919999999999
1 258 498 -2143.18
1 258 499 -1428.78
1 258 502 -714.3919999999999
1 258 503 -714.3919999999999
1 258 529 -1428.78
1 258 531 -714.3919999999999
1 258 532 -714.3919999999999
1 258 533 -1428.78
1 258 535 -714.3919999999999
1 258 546 -714.3919999999999
1 258 550 -714.3919999999999
1 258 556 -1428.78
1 258 564 -714.3919999999999
1 258 576 -714.3919999999999
1 258 583 -714.3919999999999
1 258 584 -2143.18
1 258 586 -2143.18
1 258 594 -2143.18
1 258 606 -3571.96
1 258 607 -714.3919999999999
1 259 346 -714.3919999999999
1 259 369 -1428.78
1 259 402 -714.3919999999999
1 259 444 -714.3919999999999
1 259 456 -714.3919999999999
1 259 485 -714.3919999999999
1 259 486 -714.3919999999999
1 259 488 -714.3919999999999
1 259 489 -714.3919999999999
1 259 490 -1428.78
1 259 509 -1428.78
1 259 510 -714.3919999999999
1 259 522 -714.3919999999999
1 259 528 -714.3919999999999
1 259 529 -714.3919999999999
1 259 531 -714.3919999999999
1 259 532 -714.3919999999999
1 259 545 -714.3919999999999
1 259 549 -714.3919999999999
1 259 554 -1428.78
1 259 555 -1428.78
1 259 556 -2143.18
1 259 557 -2143.18
1 259 575 -2857.57
1 259 576 -714.3919999999999
1 259 579 -714.3919999999999
1 259 584 -714.3919999999999
1 259 585 -2857.57
1 259 586 -1428.78
1 260 369 -1428.78
1 260 404 -1428.78
1 260 443 -714.3919999999999
1 260 454 -714.3919999999999
1 260 485 -714.3919999999999
1 260 486 -1428.78
1 260 487 -714.3919999999999
1 260 492 -714.3919999999999
1 260 499 -714.3919999999999
1 260 502 -1428.78
1 260 517 -714.3919999999999
1 260 527 -714.3919999999999
1 260 545 -2143.18
1 260 548 -714.3919999999999
1 260 554 -714.3919999999999
1 260 556 -714.3919999999999
1 260 567 -714.3919999999999
1 260 576 -714.3919999999999
1 260 577 -714.3919999999999
1 261 397 -714.3919999999999
1 261 404 -714.3919999999999
1 261 444 -714.3919999999999
1 261 483 -714.3919999999999
1 261 487 -714.3919999999999
1 261 501 -714.3919999999999
1 261 502 -714.3919999999999
1 261 545 -714.3919999999999
1 261 551 -714.3919999999999
1 261 552 -714.3919999999999
1 261 565 -714.3919999999999
1 262 254 -714.3919999999999
1 262 353 -1428.78
1 262 369 -714.3919999999999
1 262 425 -714.3919999999999
1 262 443 -714.3919999999999
1 262 458 -714.3919999999999
1 262 483 -1428.78
1 262 493 -714.3919999999999
1 262 501 -714.3919999999999
1 262 502 -714.3919999999999
1 262 523 -714.3919999999999
1 262 524 -714.3919999999999
1 262 535 -714.3919999999999
1 262 536 -714.3919999999999
1 262 537 -714.3919999999999
1 262 542 -714.3919999999999
1 262 546 -714.3919999999999
1 262 584 -714.3919999999999
1 262 587 -714.3919999999999
1 263 355 -714.3919999999999
1 263 415 -714.3919999999999
1 263 484 -714.3919999999999
1 263 493 -714.3919999999999
1 263 509 -714.3919999999999
1 263 522 -714.3919999999999
1 263 523 -1428.78
1 263 524 -1428.78
1 263 541 -1428.78
1 263 542 -714.3919999999999
1 263 543 -714.3919999999999
1 263 546 -1428.78
1 263 576 -714.3919999999999
1 263 579 -714.3919999999999
1 263 581 -2857.57
1 264 369 -714.3919999999999
1 264 379 -745.985
1 264 481 -714.3919999999999
1 264 482 -714.3919999999999
1 264 493 -714.3919999999999
1 264 503 -714.3919999999999
1 264 504 -714.3919999999999
1 264 516 -714.3919999999999
1 264 521 -2143.18
1 264 527 -714.3919999999999
1 264 543 -2857.57
1 264 568 -714.3919999999999
1 264 575 -714.3919999999999
1 264 576 -1428.78
1 265 336 -714.3919999999999
1 265 367 -1461.36
1 265 457 -714.3919999999999
1 265 459 -714.3919999999999
1 265 511 -714.3919999999999
1 265 516 -714.3919999999999
1 265 520 -714.3919999999999
1 265 524 -1023.19
1 265 568 -1428.78
1 266 314 -714.3919999999999
1 266 413 -714.3919999999999
1 266 456 -714.3919999999999
1 266 478 -714.3919999999999
1 266 481 -714.3919999999999
1 266 483 -714.3919999999999
1 266 484 -714.3919999999999
1 266 485 -714.3919999999999
1 266 492 -714.3919999999999
1 266 498 -714.3919999999999
1 266 505 -714.3919999999999
1 266 518 -714.3919999999999
1 266 523 -714.3919999999999
1 266 543 -714.3919999999999
1 266 545 -714.3919999999999
1 266 549 -714.3919999999999
1 266 555 -714.3919999999999
1 267 337 -714.3919999999999
1 267 365 -714.3919999999999
1 267 381 -714.3919999999999
1 267 459 -714.3919999999999
1 267 460 -1428.78
1 267 505 -714.3919999999999
1 267 507 -714.3919999999999
1 267 543 -714.3919999999999
1 267 544 -1428.78
1 267 549 -714.3919999999999
1 267 553 -2143.18
1 267 562 -714.3919999999999
1 268 507 -1428.78
1 268 540 -714.3919999999999
1 268 541 -714.3919999999999
1 268 542 -1428.78
1 268 543 -2857.57
1 268 544 -1428.78
1 268 549 -714.3919999999999
1 268 551 -714.3919999999999
1 268 552 -714.3919999999999
1 268 553 -714.3919999999999
1 269 362 -714.3919999999999
1 269 505 -1428.78
1 269 507 -714.3919999999999
1 269 528 -714.3919999999999
1 269 543 -714.3919999999999
1 269 547 -1428.78
1 270 474 -714.3919999999999
1 270 475 -1428.78
1 270 479 -714.3919999999999
1 270 491 -714.3919999999999
1 270 504 -714.3919999999999
1 270 507 -714.3919999999999
1 270 526 -714.3919999999999
1 271 375 -714.3919999999999
1 271 388 -714.3919999999999
1 271 479 -714.3919999999999
1 271 481 -714.3919999999999
1 271 487 -714.3919999999999
1 271 491 -714.3919999999999
1 271 526 -714.3919999999999
1 272 469 -714.3919999999999
1 272 493 -714.3919999999999
1 272 495 -1428.78
1 272 496 -714.3919999999999
1 272 502 -714.3919999999999
1 272 526 -2143.18
1 273 441 -714.3919999999999
1 273 462 -714.3919999999999
1 273 526 -714.3919999999999
1 275 463 -714.3919999999999
1 275 480 -714.3919999999999
1 275 502 -714.3919999999999
1 275 504 -714.3919999999999
1 276 502 -714.3919999999999
1 277 393 -714.3919999999999
1 279 459 -714.3919999999999
1 280 563 -714.3919999999999
1 282 434 -714.3919999999999
1 282 435 -714.3919999999999
1 283 461 -714.3919999999999
1 283 482 -714.3919999999999
1 283 483 -714.3919999999999
1 285 437 -714.3919999999999
1 285 482 -714.3919999999999
1 285 483 -714.3919999999999
1 286 377 -714.3919999999999
1 286 464 -714.3919999999999
1 288 469 -714.3919999999999
1 289 362 -714.3919999999999
1 289 443 -714.3919999999999
1 292 358 -714.3919999999999
1 293 390 -2143.18
1 293 391 -714.3919999999999
1 296 390 -714.3919999999999
1 301 359 -714.3919999999999
1 301 378 -714.3919999999999
1 85 106 -714.3919999999999
1 92 112 -1428.78
1 93 117 -714.3919999999999
1 97 89 -714.3919999999999
1 98 101 -714.3919999999999
1 99 126 -714.3919999999999
1 99 136 -714.3919999999999
1 147 119 -8080.38
1 148 187 -79399.7
1 150 114 -36856.1
1 153 113 -62957.3
1 156 158 -72412.3
1 157 160 -28087.2
1 167 186 -26915.7
1 170 169 -87991.9
1 197 280 -41933.8
1 199 225 -109815.0
1 210 300 -57529.7
1 244 234 -92088.7
1 259 541 -54.4972
1 265 469 -84.1297
1 267 479 -1067.21
1 272 454 -44.2929
1 299 360 -26523.7
1 131 118 -4207.75
1 132 183 -4791.6
1 140 173 -45641.7
1 141 124 -7654.94
1 155 192 -25748.9
1 157 117 -1.452
1 157 190 -79.7413
1 158 205 -54209.0
1 164 258 -64326.5
1 169 164 -50355.4
1 172 162 -33541.2
1 172 163 -1158.38
1 173 196 -174.676
1 175 213 -73845.8
1 195 280 -140844.0
1 202 295 -102847.0
1 203 296 -170751.0
1 214 174 -45433.2
1 218 173 -23848.7
1 226 358 -4346.35
1 247 335 -306084.0
1 256 333 -9660.16
1 262 350 -158.268
1 267 346 -59799.2
1 269 347 -74788.2
1 274 431 -496793.0
1 280 367 -73244.7
1 285 357 -21393.8
1 289 374 -18.875999999999998
1 293 378 -12427.5
1 299 335 -390546.0
1 144 130 -14879.0
1 148 113 -66777.5
1 149 118 -119325.0
1 152 177 -9175.19
1 152 183 -30876.8
1 153 185 -46872.0
1 153 212 -29331.9
1 154 128 -237.71400000000003
1 155 180 -39241.8
1 155 187 -8928.35
1 161 161 -69768.6
1 162 171 -78406.5
1 164 159 -8874.62
1 167 163 -20328.0
1 170 217 -65196.3
1 174 182 -31827.8
1 175 178 -6751.02
1 188 287 -4106.56
1 201 279 -144728.0
1 221 294 -24705.8
1 222 252 -104026.0
1 222 266 -59500.1
1 224 273 -200936.0
1 225 248 -949.6080000000001
1 226 361 -69039.7
1 234 319 -156816.0
1 235 317 -217800.0
1 237 292 -186430.0
1 238 244 -0.0905464
1 245 243 -10637.4
1 248 238 -299372.0
1 248 331 -35485.4
1 256 342 -30492.0
1 259 347 -19558.4
1 266 345 -27225.0
1 271 268 -52549.3
1 274 278 -37593.7
1 289 355 -10547.3
1 295 392 -14173.0
1 296 391 -17946.7
1 296 393 -39877.7
1 140 166 -9066.29
1 141 116 -9473.07
1 141 165 -1521.7
1 142 185 -31944.0
1 143 184 -52852.8
1 144 186 -36300.0
1 145 114 -39086.0
1 146 150 -7260.0
1 146 180 -82966.5
1 147 148 -11616.0
1 147 171 -17424.0
1 149 124 -518.364
1 149 181 -77610.9
1 149 202 -34180.1
1 150 172 -23232.0
1 150 183 -53613.9
1 150 186 -60359.0
1 151 181 -87877.9
1 151 189 -106867.0
1 151 211 -23213.9
1 152 180 -9259.4
1 153 188 -55902.0
1 158 173 -2807.3
1 165 167 -62998.7
1 168 164 -36567.2
1 168 166 -26650.0
1 170 115 -25496.6
1 184 210 -60150.6
1 188 207 -80198.3
1 189 288 -17419.7
1 193 280 -131419.0
1 206 280 -43898.3
1 209 273 -159899.0
1 209 281 -53368.3
1 210 249 -37748.5
1 211 263 -37529.8
1 211 296 -13979.9
1 213 270 -43738.6
1 219 272 -68833.5
1 221 302 -4218.06
1 221 317 -92155.5
1 224 287 -6081.98
1 227 344 -183401.0
1 228 354 -37770.9
1 230 352 -188460.0
1 231 270 -51895.5
1 231 347 -35197.5
1 235 295 -72293.6
1 236 320 -226512.0
1 236 342 -90883.9
1 236 344 -48081.6
1 240 330 -118351.0
1 240 337 -38759.7
1 240 357 -41141.9
1 244 333 -4548.28
1 246 332 -30492.0
1 251 334 -52601.6
1 258 345 -23478.8
1 260 345 -30727.2
1 261 340 -23187.6
1 261 351 -30.0536
1 262 286 -4463.45
1 263 344 -37694.0
1 263 350 -14.7137
1 265 517 -26.7807
1 267 321 -108493.0
1 269 364 -10207.6
1 270 267 -21142.6
1 270 361 -35912.3
1 271 267 -8719.26
1 271 355 -29870.5
1 278 502 -909.1089999999999
1 281 331 -216361.0
1 284 333 -12071.5
1 289 371 -57231.6
1 290 371 -51977.2
1 291 365 -161.172
1 296 358 -117612.0
1 297 356 -14219.4
1 297 391 -49100.8
1 299 347 -0.313058
1 131 125 -24457.5
1 135 126 -40944.9
1 138 125 -31537.4
1 142 169 -20390.9
1 146 146 -13166.0
1 152 213 -13343.9
1 156 214 -23094.1
1 161 185 -195521.0
1 166 203 -961.328
1 168 216 -33520.9
1 183 232 -207758.0
1 192 232 -332701.0
1 193 235 -112563.0
1 201 310 -2796.32
1 211 195 -1593.86
1 215 261 -23769.2
1 221 339 -96767.2
1 222 324 -36683.9
1 223 263 -64856.5
1 226 354 -52486.9
1 230 358 -35910.9
1 232 347 -36697.8
1 233 341 -39623.6
1 242 618 -16247.9
1 248 344 -20376.5
1 263 345 -41108.0
1 263 427 -50.4422
1 263 570 -142.637
1 268 366 -4743.68
1 286 302 -12946.0
1 292 360 -9888.12
1 293 357 -14907.7
1 297 439 -26.7361
1 132 120 -39477.0
1 134 124 -34949.6
1 134 126 -42896.4
1 135 122 -37756.4
1 150 118 -54918.2
1 150 121 -86111.2
1 150 127 -1552.48
1 152 118 -93870.4
1 153 122 -13605.4
1 153 123 -43452.6
1 155 125 -35530.4
1 156 124 -49850.1
1 158 138 -28903.7
1 158 140 -48703.9
1 160 139 -44787.7
1 181 126 -104113.0
1 189 126 -139107.0
1 215 296 -10193.0
1 224 257 -913.308
1 230 223 -32809.7
1 260 337 -6275.31
1 276 359 -30221.2
1 281 445 -332.611
1 137 168 -57611.0
1 149 213 -63824.1
1 189 195 -46907.6
1 190 250 -26287.5
1 192 197 -116251.0
1 210 253 -96147.1
1 217 236 -62607.3
1 245 324 -12385.6
1 247 330 -0.44560200000000005
1 270 480 -105.697
1 291 354 -7332.6
1 148 166 -28074.4
1 151 118 -24411.0
1 188 204 -27794.7
1 203 340 -453.17800000000005
1 208 226 -12705.0
1 211 266 -79277.1
1 213 276 -5404.71
1 214 274 -22942.7
1 220 278 -126176.0
1 223 372 -7443.76
1 236 317 -91476.0
1 239 385 -5131.78
1 239 406 -112.73700000000001
1 241 238 -74749.1
1 245 408 -6303.05
1 246 320 -8456.45
1 248 454 -1621.88
1 259 351 -3178.97
1 262 585 -186.351
1 263 492 -9.76552
1 267 449 -1507.47
1 269 360 -9945.85
1 272 360 -62414.2
1 273 340 -1488.91
1 273 521 -7663.92
1 274 327 -23034.5
1 274 521 -99.022
1 275 465 -97.1413
1 290 322 -198263.0
1 292 458 -396.586
1 147 116 -76807.9
1 147 183 -45905.0
1 156 122 -23583.4
1 258 337 -229.968
1 259 439 -408.17199999999997
1 268 484 -27.5294
1 281 328 -37804.3
1 173 183 -46080.7
1 257 342 -16599.8
1 201 251 -138374.0
1 251 286 -1433.12
1 264 441 -82.8375
1 294 356 -2806.72
1 144 132 -424.161
1 257 404 -157459.0
1 136 173 -2802.36
1 144 189 -32673.3
1 154 122 -82335.7
1 161 179 -36864.0
1 164 169 -31944.0
1 167 128 -99305.6
1 167 247 -175.692
1 183 124 -121416.0
1 183 205 -103.133
1 186 125 -56991.0
1 186 209 -15363.6
1 204 300 -61.9387
1 215 269 -123420.0
1 225 242 -68244.0
1 226 375 -246378.0
1 238 302 -12986.2
1 244 321 -29635.3
1 245 406 -64.1667
1 247 591 -1807.81
1 248 593 -182.25099999999998
1 251 614 -1064.77
1 255 333 -47791.1
1 256 443 -514.507
1 258 339 -1365.77
1 258 416 -81.9909
1 263 583 -458.837
1 266 470 -1012.99
1 269 482 -162.388
1 270 476 -2456.16
1 273 523 -156417.0
1 274 506 -5516.44
1 280 458 -596.363
1 297 388 -807.877
1 221 300 -11739.8
1 140 116 -26224.6
1 272 494 -139.928
1 134 167 -14186.0
1 158 122 -2439.42
1 159 157 -112211.0
1 211 290 -59532.0
1 225 289 -50189.8
1 226 330 -34044.0
1 237 406 -573.859
1 244 430 -865.8889999999999
1 247 342 -100.84
1 253 427 -1294.03
1 253 443 -1757.79
1 254 398 -22.191
1 254 442 -3904.02
1 254 444 -370.385
1 254 445 -13.7027
1 256 445 -2951.22
1 261 346 -24.8
1 261 369 -2.22801
1 262 555 -100.118
1 263 448 -153.733
1 271 364 -89820.7
1 271 471 -100.171
1 271 489 -11068.8
1 272 371 -443.241
1 273 520 -0.191347
1 275 371 -1039.63
1 289 321 -44818.4
1 262 394 -705816.0
1 271 492 -120.84700000000001
1 167 168 -34406.8
1 157 122 -239.773
1 160 136 -23.8622
1 169 201 -41775.3
1 211 313 -45.7188
1 212 315 -292.91
1 214 287 -163.536
1 224 372 -2358.13
1 246 609 -2365.26
1 247 590 -1577.43
1 255 446 -382.772
1 261 524 -85.66799999999999
1 270 482 -82.9566
1 276 386 -773.566
1 281 446 -1022.66
1 291 458 -10.9306
1 295 390 -18055.1
1 297 384 -194.083
1 297 387 -59.4839
1 145 147 -203.106
1 257 443 -781.1410000000001
1 258 456 -2.27038
1 170 249 -10200.3
1 194 320 -1.452
1 234 400 -21.79
1 237 378 -27.6274
1 240 386 -61.6714
1 241 353 -40.9392
1 244 330 -9674.68
1 248 343 -130.29399999999998
1 252 457 -56.5915
1 253 400 -274.723
1 254 370 -15.5634
1 254 400 -105.831
1 255 373 -258.449
1 261 362 -18167.2
1 262 441 -39.9304
1 263 353 -15.4847
1 274 527 -161.871
1 276 469 -19.6065
1 276 484 -114.521
1 277 429 -1356.79
1 282 451 -3393.71
1 279 477 -334.534
1 207 193 -43835.9
1 150 115 -40429.5
1 206 299 -37.5366
1 239 305 -959.342
1 261 461 -335.227
1 289 412 -3.75748
1 233 400 -7328.51
1 268 360 -2330.5
1 117 117 -151.627
1 183 311 -1454.0
1 220 175 -26919.8
1 244 355 -28759.2
1 245 261 -10226.6
1 290 355 -104793.0
1 294 370 -63811.0
1 264 474 -3.5648199999999997
1 149 125 -4273.24
1 164 240 -8.91205
1 201 297 -124.071
1 207 298 -19.0272
1 232 373 -356.30400000000003
1 233 392 -112.69
1 234 401 -80.8323
1 235 390 -165.885
1 236 398 -2191.12
1 237 390 -286.968
1 237 399 -75.0395
1 241 374 -51.1552
1 248 606 -103.242
1 249 411 -265.328
1 253 418 -13.1542
1 253 442 -1024.44
1 254 600 -136.368
1 258 597 -166.299
1 259 428 -1005.72
1 263 467 -43114.3
1 263 468 -31445.7
1 267 481 -680.2489999999999
1 268 457 -12.1238
1 281 429 -866.3839999999999
1 283 394 -58.1333
1 284 436 -7962.92
1 300 390 -33395.1
1 237 382 -1598.82
1 240 379 -539.179
1 144 126 -34972.9
1 148 141 -41830.7
1 223 371 -53.6951
1 257 456 -69.2021
1 160 142 -10.9576
1 247 419 -40.9954
1 290 441 -311.209
1 257 602 -94.8465
1 176 219 -112.524
1 209 228 -2654.26
1 256 590 -172.62900000000002
1 290 403 -117.39
1 261 581 -104.988
1 241 405 -560.784
1 251 362 -153223.0
1 271 484 -87.5341
1 235 358 -705.0939999999999
1 254 368 -1240.74
1 261 424 -668.404
1 290 463 -4865.98
1 279 465 -77.0224
1 175 246 -2.64321
1 231 201 -14116.3
1 240 393 -14.2147
1 282 445 -0.031192200000000003
1 255 399 -320.388
1 267 483 -838.716
1 243 350 -2807.74
1 244 406 -3.83218
1 288 370 -75.7524
1 162 138 -3.5158
1 218 352 -4187.52
1 259 459 -6.906839999999999
1 251 431 -1467.37
1 292 373 -9.16098
1 227 282 -61.1684
1 265 476 -22.3247
1 251 330 -36.5394
1 185 272 -13.9199
1 235 401 -14.2147
1 271 480 -18.6707
1 259 438 -14.6603
1 272 492 -22.024
1 243 423 -13.3235
1 259 448 -133.592
1 271 535 -478.6
1 244 609 -28.3849
1 160 144 -82.9891
1 271 517 -1481.18
1 212 180 -1723.19
1 271 536 -124.939
1 217 228 -2571.13
1 252 431 -2229.35
1 186 275 -2246.24
1 174 184 -472.517
1 250 444 -274.27299999999997
1 201 245 -18446.2
1 237 397 -2477.1
1 252 401 -5735.35
1 201 299 -100509.0
1 258 419 -619592.0
1 261 540 -348.996
