1 204 346 -805.48
1 212 384 45000.0
1 212 385 45000.0
1 212 386 45000.0
1 212 387 45000.0
1 212 388 45000.0
1 212 389 45000.0
1 212 390 45000.0
1 212 391 45000.0
1 212 392 45000.0
1 212 393 45000.0
1 213 394 45000.0
1 213 395 45000.0
1 213 396 45000.0
1 213 397 45000.0
1 213 398 45000.0
1 213 399 45000.0
1 213 400 45000.0
1 213 401 45000.0
1 213 402 45000.0
1 214 403 45000.0
1 214 404 45000.0
1 214 405 45000.0
1 214 406 45000.0
1 214 407 45000.0
1 214 409 45000.0
1 214 410 45000.0
1 214 411 45000.0
1 214 412 45000.0
1 214 413 45000.0
1 214 414 45000.0
1 214 415 45000.0
1 215 416 45000.0
1 215 417 45000.0
1 227 417 45000.0
1 228 417 45000.0
1 229 417 45000.0
1 216 418 45000.0
1 226 418 45000.0
1 230 418 45000.0
1 217 419 45000.0
1 218 419 45000.0
1 219 419 45000.0
1 220 419 45000.0
1 221 419 45000.0
1 222 419 45000.0
1 223 419 45000.0
1 224 419 45000.0
1 225 419 45000.0
1 229 419 45000.0
1 229 420 45000.0
1 226 421 45000.0
1 227 421 45000.0
1 228 421 45000.0
1 224 422 45000.0
1 225 422 45000.0
1 224 423 45000.0
1 224 424 45000.0
1 225 424 45000.0
1 226 424 45000.0
1 227 424 45000.0
1 228 424 45000.0
1 229 425 45000.0
1 229 426 45000.0
1 229 427 45000.0
1 229 428 45000.0
1 229 429 45000.0
1 228 430 45000.0
1 228 431 45000.0
1 228 432 45000.0
1 228 433 45000.0
1 228 434 45000.0
1 228 435 45000.0
1 229 435 45000.0
1 230 436 45000.0
1 230 437 45000.0
1 230 438 45000.0
1 230 439 45000.0
1 230 440 45000.0
1 230 441 45000.0
1 230 442 45000.0
1 230 443 45000.0
1 230 444 45000.0
1 230 445 45000.0
1 230 446 45000.0
1 230 447 45000.0
1 230 448 45000.0
1 230 449 45000.0
1 230 450 45000.0
1 230 451 45000.0
1 230 452 45000.0
1 230 453 45000.0
1 230 454 45000.0
1 230 455 45000.0
1 230 456 45000.0
1 231 457 45000.0
1 231 458 45000.0
1 231 459 45000.0
1 231 460 45000.0
1 232 461 45000.0
1 232 462 45000.0
1 232 463 45000.0
1 232 464 45000.0
1 233 464 45000.0
1 234 464 45000.0
1 235 464 45000.0
1 236 464 45000.0
1 237 464 45000.0
1 238 464 45000.0
1 239 465 45000.0
1 239 466 45000.0
1 114 114 -121.585
1 117 120 -805.48
1 130 122 -805.48
1 135 194 -1152.74
1 139 168 -3563.54
1 141 191 -23795.0
1 143 172 -7890.7
1 143 190 -27999.3
1 144 166 -18264.3
1 144 172 -8230.09
1 144 190 -331.07
1 146 117 -7267.49
1 146 190 -46.3703
1 147 145 -3190.34
1 148 167 -14339.0
1 148 176 -13473.0
1 149 145 -9895.45
1 149 146 -7358.29
1 150 124 -7016.19
1 150 141 -4459.98
1 151 142 -9098.42
1 152 123 -4102.66
1 152 125 -5050.68
1 152 132 -15234.9
1 153 133 -1.54949
1 153 192 -16159.4
1 154 125 -593.258
1 154 171 -3900.84
1 155 129 -2971.16
1 155 141 -50036.4
1 156 129 -151943.0
1 157 135 -1610.96
1 157 140 -52808.8
1 158 133 -805.48
1 159 119 -40695.0
1 159 173 -14897.5
1 160 119 -14754.2
1 161 125 -31074.3
1 161 188 -102.57700000000001
1 162 128 -94727.9
1 162 167 -1190.62
1 162 169 -1310.29
1 163 138 -805.48
1 164 135 -4003.3
1 164 187 -7992.52
1 165 130 -22765.0
1 165 131 -70.2902
1 166 126 -556.1669999999999
1 167 259 -6636.58
1 168 123 -2065.7
1 168 208 -6167.16
1 169 127 -0.862456
1 170 131 -25770.7
1 170 163 -13472.7
1 171 132 -15945.8
1 172 130 -35325.8
1 174 135 -56.2065
1 175 134 -17516.7
1 175 204 -8661.41
1 176 176 -6063.37
1 177 133 -16111.6
1 178 261 -11688.1
1 179 181 -46089.3
1 179 183 -11662.8
1 179 210 -34.4983
1 180 208 -7701.73
1 188 198 -23695.2
1 188 240 -18159.0
1 193 256 -15513.0
1 193 260 -17180.1
1 197 204 -11238.0
1 197 252 -2435.02
1 198 298 -805.48
1 199 211 -10213.4
1 199 231 -545.203
1 199 298 -805.48
1 200 298 -839.029
1 201 234 -3231.87
1 203 280 -3437.79
1 205 300 -834.428
1 206 196 -51015.8
1 206 286 -3455.07
1 206 300 -1627.69
1 211 255 -74283.9
1 212 226 -4766.31
1 213 264 -113.53399999999999
1 213 300 -4215.48
1 214 240 -20764.2
1 215 260 -5228.6
1 218 179 -92767.4
1 219 310 -1253.4
1 221 223 -897.898
1 221 246 -63.2323
1 221 284 -14546.2
1 222 369 -108.197
1 224 374 -4728.42
1 226 365 -1561.3
1 227 270 -8601.64
1 228 225 -14054.8
1 230 361 -8193.5
1 231 401 -805.48
1 232 364 -127.64399999999999
1 233 337 -805.48
1 233 394 -1617.21
1 234 304 -3833.62
1 234 393 -822.548
1 235 400 -2167.78
1 235 605 -3423.95
1 235 609 -3708.56
1 236 263 -6604.26
1 236 351 -4215.48
1 236 609 -114.39
1 237 237 -16537.8
1 237 316 -36080.9
1 237 357 -7149.76
1 237 389 -805.4989999999999
1 238 398 -0.431228
1 238 605 -4059.78
1 238 609 -2028.39
1 239 338 -24188.4
1 239 426 -419.154
1 239 605 -4027.4
1 239 606 -2416.44
1 239 619 -805.48
1 240 380 -921.9110000000001
1 240 426 -876.633
1 240 608 -3300.1
1 241 604 -805.48
1 242 311 -6352.85
1 243 371 -805.48
1 243 389 -1875.76
1 243 422 -52.5236
1 243 431 -19980.1
1 243 605 -4027.4
1 244 431 -2.15614
1 244 605 -4832.88
1 244 621 -3262.56
1 245 322 -5371.81
1 245 337 -805.48
1 245 621 -805.48
1 246 321 -3026.36
1 246 618 -2448.18
1 247 344 -884.868
1 247 384 -2135460.0
1 248 251 -23782.2
1 248 424 -2380.68
1 248 436 -2150.97
1 248 442 -38.8105
1 248 444 -1308.35
1 248 589 -3196.69
1 249 373 -819.753
1 249 389 -1268.2
1 249 424 -32863.4
1 249 430 -2035.4
1 249 436 -3110.71
1 249 606 -4027.4
1 250 239 -6012.69
1 250 326 -1736.56
1 250 424 -805.48
1 250 425 -289458.0
1 250 431 -2308.74
1 250 595 -2483.5
1 251 300 -47775.5
1 251 356 -108904.0
1 251 408 -754.6489999999999
1 251 456 -805.48
1 251 457 -3.9112400000000003
1 251 594 -848.3439999999999
1 251 595 -943.0980000000001
1 251 596 -1740.16
1 252 230 -6704.02
1 252 329 -22967.2
1 252 450 -593.241
1 252 595 -805.48
1 252 606 -885.377
1 253 331 -11022.2
1 253 332 -16925.7
1 253 416 -29.2271
1 253 420 -6398.6
1 253 445 -3352.37
1 254 338 -11789.3
1 254 367 -39742.6
1 254 407 -71407.1
1 254 597 -806.618
1 254 607 -805.48
1 255 381 -3699.94
1 255 383 -36050.7
1 255 388 -14670.4
1 255 395 -1705.08
1 255 420 -6558.98
1 255 439 -6658.16
1 255 443 -26962.1
1 255 595 -829.424
1 255 596 -805.48
1 255 606 -1381.03
1 255 609 -1610.96
1 255 610 -413.97900000000004
1 256 314 -5664.53
1 256 335 -1094.62
1 256 341 -176.477
1 256 370 -7054.89
1 256 413 -556.716
1 256 586 -15495.7
1 256 593 -3221.92
1 257 238 -0.140516
1 257 324 -5204.92
1 257 413 -2643.43
1 257 576 -4258.28
1 257 599 -3541.01
1 258 325 -5639.6
1 258 336 -1465.74
1 258 442 -571777.0
1 258 464 -2350.02
1 258 585 -4832.88
1 258 595 -1708.06
1 258 602 -14950.9
1 259 340 -805.48
1 259 371 -56.0597
1 259 405 -34541.4
1 259 588 -32100.6
1 259 592 -805.48
1 259 593 -805.48
1 260 349 -472.134
1 260 407 -3263550.0
1 260 413 -95771.5
1 260 424 -191.293
1 260 461 -2472.66
1 260 463 -47008.2
1 260 464 -42167.2
1 260 585 -7231.55
1 260 586 -40633.3
1 261 337 -5869.02
1 261 355 -68673.0
1 261 395 -1250.56
1 261 418 -880.212
1 261 464 -3628.78
1 261 492 -830.793
1 261 571 -129.368
1 261 576 -1610.96
1 262 345 -7201.39
1 262 449 -13.0046
1 262 540 -181.15900000000002
1 262 564 -18941.0
1 262 567 -10932.3
1 262 568 -12686.7
1 262 570 -67048.7
1 262 571 -3893.56
1 263 471 -2463.35
1 263 477 -9750.41
1 263 520 -1610.96
1 263 582 -20603.9
1 264 345 -9119.5
1 264 355 -128.506
1 264 367 -805.48
1 264 383 -176628.0
1 264 407 -5109.32
1 264 428 -129757.0
1 264 468 -39.1943
1 264 471 -9591.81
1 264 476 -213.02700000000002
1 264 477 -21989.4
1 264 523 -2547.23
1 264 524 -99.1307
1 264 549 -4110.47
1 265 364 -18322.9
1 265 374 -77543.4
1 265 422 -134966.0
1 265 523 -2013.6
1 266 337 -805.528
1 266 340 -234.662
1 266 462 -137.786
1 267 391 -18026.2
1 267 463 -64.6842
1 267 555 -805.48
1 267 556 -805.48
1 268 333 -10472.7
1 268 334 -91.3355
1 268 436 -1810180.0
1 268 455 -7.3308800000000005
1 268 479 -500.22900000000004
1 268 480 -311.433
1 268 489 -1348.83
1 269 363 -821.325
1 269 397 -38753.3
1 269 456 -2893.54
1 269 483 -223.80700000000002
1 269 541 -805.48
1 270 352 -4420.64
1 270 412 -8490.88
1 270 429 -722.738
1 270 481 -858.133
1 270 483 -1744.69
1 270 484 -966.393
1 270 486 -66215.1
1 270 498 -46215.2
1 270 539 -121.60600000000001
1 271 319 -51833.6
1 271 371 -476.93800000000005
1 271 415 -100338.0
1 271 451 -17648.3
1 271 485 -322.472
1 271 493 -110925.0
1 271 498 -7282.15
1 271 537 -4052.84
1 272 336 -12432.3
1 272 337 -34.4983
1 272 368 -375205.0
1 272 388 -1063510.0
1 272 450 -7230.4
1 272 451 -1018.1
1 272 462 -2294.13
1 272 491 -11.5138
1 272 498 -49520.1
1 272 530 -21038.1
1 272 532 -160188.0
1 272 535 -3639.37
1 273 363 -54.2392
1 273 392 -1166.9
1 273 410 -2752.53
1 273 480 -632.323
1 273 510 -805.48
1 273 517 -31475.3
1 273 518 -1307.48
1 274 409 -1122.06
1 274 520 -29741.6
1 274 523 -750.3560000000001
1 275 367 -77775.7
1 275 441 -174121.0
1 276 366 -68811.1
1 276 392 -232.43200000000002
1 276 446 -988.375
1 276 474 -23463.1
1 277 294 -23428.6
1 277 390 -11314.8
1 277 407 -486451.0
1 277 431 -1690.41
1 277 454 -34.4983
1 277 468 -73.6865
1 277 472 -44123.9
1 277 480 -5032.43
1 278 365 -41439.3
1 278 482 -7700.44
1 279 336 -98.3613
1 279 433 -90704.5
1 279 438 -19534.6
1 279 475 -70678.2
1 279 485 -290.728
1 280 433 -69785.7
1 280 442 -2643.51
1 280 469 -14120.1
1 280 471 -53294.7
1 281 458 -2529260.0
1 282 409 -3902.61
1 282 424 -862.456
1 282 430 -93.5765
1 282 436 -22454.1
1 283 429 -187111.0
1 283 449 -118264.0
1 283 468 -31809.5
1 284 339 -116624.0
1 284 457 -1603.74
1 284 463 -1376.91
1 284 481 -2117.33
1 285 374 -819.3330000000001
1 285 467 -89997.3
1 285 475 -76064.2
1 286 330 -41775.5
1 286 425 -460910.0
1 286 477 -51643.9
1 287 388 -31502.3
1 287 426 -805.48
1 287 477 -27844.7
1 288 372 -30.6172
1 288 419 -12735.9
1 288 423 -1013.39
1 288 426 -805.48
1 289 351 -64.6374
1 289 404 -171238.0
1 289 459 -181.11599999999999
1 289 468 -2587.37
1 290 382 -296290.0
1 290 402 -284.611
1 290 411 -729.207
1 290 412 -19509.6
1 290 413 -897.3860000000001
1 290 420 -259.599
1 291 350 -1259.19
1 291 373 -993.118
1 291 399 -16986.1
1 291 419 -741816.0
1 292 365 -10621.1
1 292 469 -42333.7
1 293 440 -37.8618
1 294 435 -534.7230000000001
1 294 447 -38629.4
1 294 458 -245201.0
1 295 356 -1148.02
1 295 391 -12276.5
1 295 430 -2289670.0
1 296 398 -93946.9
1 296 406 -240142.0
1 297 383 -450.63300000000004
1 297 395 -205916.0
1 297 401 -1304.47
1 297 402 -42411.7
1 297 413 -1343210.0
1 297 415 -3642.42
1 297 442 -43101.3
1 299 354 -229.21099999999998
1 299 387 -239.763
1 102 110 -805.48
1 102 113 -805.48
1 103 100 -805.48
1 103 104 -805.48
1 104 115 -805.48
1 105 115 -805.48
1 105 139 -805.48
1 108 117 -805.48
1 109 112 -805.48
1 111 155 -805.48
1 111 208 -805.48
1 112 181 -805.48
1 113 111 -805.48
1 113 159 -805.48
1 113 211 -805.48
1 114 173 -805.48
1 114 212 -1610.96
1 115 212 -1610.96
1 116 121 -805.48
1 116 150 -805.48
1 116 166 -805.48
1 117 119 -805.48
1 117 168 -805.48
1 117 210 -805.48
1 119 194 -805.48
1 119 202 -805.48
1 119 96 -805.48
1 120 155 -805.48
1 120 94 -805.48
1 121 187 -805.48
1 123 110 -805.48
1 123 111 -805.48
1 123 158 -805.48
1 123 168 -805.48
1 123 193 -805.48
1 123 202 -1610.96
1 125 150 -805.48
1 125 151 -805.48
1 125 193 -805.48
1 125 194 -805.48
1 126 121 -805.48
1 126 191 -805.48
1 126 195 -805.48
1 127 150 -805.48
1 127 160 -805.48
1 127 169 -805.48
1 127 195 -805.48
1 127 199 -1610.96
1 128 122 -805.48
1 128 148 -805.48
1 128 149 -805.48
1 128 152 -805.48
1 128 153 -805.48
1 128 154 -805.48
1 128 157 -805.48
1 128 199 -805.48
1 129 117 -805.48
1 129 119 -805.48
1 129 122 -805.48
1 129 146 -805.48
1 129 154 -1610.96
1 129 162 -805.48
1 129 176 -805.48
1 130 120 -805.48
1 130 154 -805.48
1 130 155 -805.48
1 130 156 -2416.44
1 130 194 -805.48
1 131 112 -805.48
1 131 121 -805.48
1 131 122 -805.48
1 131 150 -805.48
1 131 156 -805.48
1 131 157 -805.48
1 131 158 -805.48
1 131 161 -1610.96
1 131 198 -805.48
1 132 112 -805.48
1 132 155 -805.48
1 132 156 -805.48
1 132 160 -805.48
1 132 161 -1610.96
1 133 155 -805.48
1 133 159 -805.48
1 133 160 -1610.96
1 133 192 -1610.96
1 133 193 -805.48
1 134 148 -805.48
1 134 150 -805.48
1 134 151 -805.48
1 134 156 -805.48
1 134 191 -805.48
1 134 193 -3221.92
1 135 148 -4027.4
1 135 149 -1610.96
1 135 156 -805.48
1 135 157 -805.48
1 135 193 -2416.44
1 136 147 -805.48
1 136 148 -805.48
1 136 149 -805.48
1 136 150 -1610.96
1 136 153 -805.48
1 136 155 -805.48
1 137 148 -805.48
1 137 150 -805.48
1 137 153 -1610.96
1 137 154 -805.48
1 137 157 -2416.44
1 137 175 -805.48
1 137 206 -805.48
1 138 151 -805.48
1 138 152 -805.48
1 138 153 -2416.44
1 138 168 -805.48
1 138 169 -805.48
1 139 151 -805.48
1 140 138 -805.48
1 140 155 -3221.92
1 140 156 -805.48
1 140 171 -805.48
1 140 180 -805.48
1 141 149 -805.48
1 141 154 -1610.96
1 141 157 -805.48
1 141 171 -805.48
1 141 199 -1610.96
1 142 155 -805.48
1 142 156 -805.48
1 142 157 -805.48
1 142 158 -805.48
1 142 174 -805.48
1 142 179 -805.48
1 142 201 -805.48
1 143 146 -805.48
1 143 157 -2416.44
1 144 142 -1610.96
1 144 173 -805.48
1 145 142 -805.48
1 145 143 -805.48
1 145 151 -805.48
1 145 187 -805.48
1 145 226 -805.48
1 146 140 -805.48
1 146 141 -1610.96
1 146 145 -805.48
1 146 208 -805.48
1 146 229 -805.48
1 146 230 -805.48
1 146 232 -805.48
1 147 139 -2416.44
1 147 140 -805.48
1 147 141 -805.48
1 147 142 -805.48
1 147 229 -805.48
1 147 230 -805.48
1 147 233 -805.48
1 147 239 -805.48
1 147 240 -805.48
1 148 217 -805.48
1 148 221 -805.48
1 149 127 -805.48
1 149 147 -805.48
1 149 154 -805.48
1 149 222 -805.48
1 149 253 -805.48
1 150 160 -805.48
1 150 164 -805.48
1 150 177 -805.48
1 150 227 -805.48
1 150 236 -805.48
1 151 128 -805.48
1 151 228 -805.48
1 152 153 -805.48
1 152 173 -805.48
1 152 176 -805.48
1 152 222 -805.48
1 152 228 -805.48
1 153 126 -805.48
1 153 136 -805.48
1 153 155 -805.48
1 153 232 -805.48
1 153 238 -805.48
1 153 253 -805.48
1 154 126 -805.48
1 154 133 -805.48
1 154 161 -805.48
1 154 172 -805.48
1 154 220 -805.48
1 154 244 -805.48
1 155 170 -1610.96
1 155 216 -805.48
1 155 262 -805.48
1 156 160 -805.48
1 156 211 -805.48
1 156 223 -805.48
1 157 132 -805.48
1 157 133 -805.48
1 157 134 -2416.44
1 157 136 -805.48
1 157 194 -805.48
1 157 207 -805.48
1 157 240 -805.48
1 158 135 -805.48
1 158 248 -805.48
1 159 152 -805.48
1 159 231 -805.48
1 159 240 -805.48
1 159 247 -805.48
1 159 248 -805.48
1 159 250 -805.48
1 159 251 -805.48
1 159 257 -805.48
1 160 133 -805.48
1 160 249 -1610.96
1 160 251 -1610.96
1 160 252 -805.48
1 160 253 -805.48
1 160 262 -805.48
1 161 144 -1610.96
1 161 251 -805.48
1 161 253 -805.48
1 162 137 -1610.96
1 162 252 -1610.96
1 162 253 -805.48
1 163 152 -805.48
1 163 190 -805.48
1 163 236 -805.48
1 164 278 -805.48
1 164 290 -805.48
1 164 299 -805.48
1 165 133 -1610.96
1 165 134 -1610.96
1 165 135 -805.48
1 165 290 -805.48
1 166 131 -805.48
1 166 132 -805.48
1 166 133 -1610.96
1 166 134 -805.48
1 166 135 -805.48
1 166 210 -805.48
1 166 254 -805.48
1 166 255 -805.48
1 167 127 -805.48
1 167 132 -1610.96
1 167 133 -1610.96
1 167 134 -2416.44
1 167 256 -805.48
1 167 288 -805.48
1 167 294 -805.48
1 168 130 -805.48
1 168 131 -805.48
1 168 132 -3221.92
1 168 133 -3221.92
1 168 286 -805.48
1 168 287 -1610.96
1 168 291 -1610.96
1 169 128 -1610.96
1 169 129 -3221.92
1 169 131 -805.48
1 169 132 -4027.4
1 169 133 -2416.44
1 169 134 -7249.32
1 169 135 -805.48
1 169 236 -805.48
1 169 260 -805.48
1 169 271 -805.48
1 169 287 -805.48
1 169 290 -805.48
1 170 133 -2416.44
1 170 134 -9665.76
1 170 136 -805.48
1 170 187 -805.48
1 170 256 -805.48
1 170 287 -805.48
1 170 292 -805.48
1 171 133 -1610.96
1 171 134 -805.48
1 171 136 -4027.4
1 171 290 -805.48
1 172 257 -805.48
1 172 284 -805.48
1 172 295 -1610.96
1 172 311 -805.48
1 173 258 -805.48
1 173 278 -805.48
1 173 290 -805.48
1 173 292 -805.48
1 173 293 -1610.96
1 173 294 -805.48
1 174 124 -805.48
1 174 253 -805.48
1 174 261 -805.48
1 174 270 -805.48
1 174 283 -805.48
1 174 289 -805.48
1 174 293 -805.48
1 175 260 -805.48
1 175 288 -805.48
1 175 292 -1610.96
1 175 293 -805.48
1 175 296 -805.48
1 175 305 -805.48
1 176 274 -805.48
1 176 305 -805.48
1 177 289 -805.48
1 177 290 -805.48
1 178 243 -805.48
1 178 280 -805.48
1 178 285 -805.48
1 178 302 -805.48
1 178 305 -805.48
1 178 306 -805.48
1 178 311 -805.48
1 179 278 -805.48
1 179 285 -805.48
1 180 149 -805.48
1 180 286 -805.48
1 181 297 -805.48
1 181 307 -805.48
1 181 308 -805.48
1 183 242 -805.48
1 183 285 -805.48
1 183 295 -805.48
1 183 308 -805.48
1 183 309 -805.48
1 183 318 -805.48
1 184 263 -805.48
1 184 285 -805.48
1 184 313 -805.48
1 184 319 -805.48
1 185 257 -805.48
1 185 305 -805.48
1 185 306 -805.48
1 185 307 -805.48
1 185 315 -805.48
1 186 255 -805.48
1 186 265 -805.48
1 186 307 -1610.96
1 186 310 -805.48
1 188 262 -805.48
1 188 294 -805.48
1 188 295 -805.48
1 189 295 -805.48
1 189 309 -805.48
1 190 307 -805.48
1 190 308 -805.48
1 190 324 -805.48
1 191 292 -1610.96
1 191 304 -805.48
1 191 305 -805.48
1 192 258 -805.48
1 192 284 -805.48
1 192 304 -805.48
1 192 316 -805.48
1 192 319 -805.48
1 193 262 -805.48
1 193 301 -805.48
1 193 311 -805.48
1 193 313 -1610.96
1 194 284 -805.48
1 194 313 -805.48
1 195 269 -805.48
1 195 287 -805.48
1 195 289 -805.48
1 195 300 -805.48
1 195 311 -805.48
1 195 313 -805.48
1 196 269 -805.48
1 196 275 -805.48
1 196 303 -805.48
1 196 324 -805.48
1 196 333 -805.48
1 197 264 -805.48
1 197 283 -805.48
1 197 300 -805.48
1 197 322 -805.48
1 197 325 -805.48
1 198 242 -805.48
1 198 276 -1610.96
1 198 309 -805.48
1 198 311 -805.48
1 199 283 -805.48
1 199 311 -805.48
1 199 324 -805.48
1 200 280 -805.48
1 200 286 -805.48
1 200 296 -805.48
1 200 299 -805.48
1 200 306 -805.48
1 200 307 -805.48
1 200 312 -805.48
1 200 343 -805.48
1 200 345 -805.48
1 201 257 -805.48
1 202 280 -805.48
1 202 287 -805.48
1 202 297 -805.48
1 202 301 -805.48
1 202 302 -805.48
1 203 215 -805.48
1 203 304 -805.48
1 203 305 -805.48
1 203 309 -805.48
1 203 315 -805.48
1 205 263 -805.48
1 205 303 -805.48
1 205 304 -805.48
1 205 317 -805.48
1 205 318 -805.48
1 205 319 -805.48
1 206 264 -805.48
1 206 270 -805.48
1 206 301 -805.48
1 206 304 -805.48
1 206 315 -805.48
1 206 317 -1610.96
1 207 262 -805.48
1 207 300 -805.48
1 207 301 -1610.96
1 207 303 -805.48
1 207 304 -805.48
1 207 306 -1610.96
1 207 315 -805.48
1 207 317 -805.48
1 208 298 -1610.96
1 208 299 -1610.96
1 208 306 -805.48
1 208 317 -805.48
1 208 328 -805.48
1 209 284 -805.48
1 209 297 -805.48
1 209 302 -805.48
1 210 284 -805.48
1 210 301 -805.48
1 210 302 -805.48
1 210 342 -805.48
1 211 301 -805.48
1 211 321 -805.48
1 212 295 -805.48
1 212 347 -805.48
1 213 226 -805.48
1 213 287 -805.48
1 213 303 -805.48
1 213 329 -805.48
1 214 319 -805.48
1 215 289 -805.48
1 215 311 -805.48
1 215 353 -805.48
1 216 323 -805.48
1 216 341 -805.48
1 217 244 -805.48
1 217 249 -805.48
1 217 351 -805.48
1 218 209 -805.48
1 218 243 -805.48
1 218 292 -805.48
1 218 345 -1610.96
1 221 240 -805.48
1 221 611 -805.48
1 222 254 -805.48
1 222 362 -805.48
1 224 338 -805.48
1 224 359 -805.48
1 225 323 -805.48
1 225 329 -805.48
1 225 332 -805.48
1 225 368 -805.48
1 225 373 -805.48
1 225 378 -805.48
1 225 382 -1610.96
1 226 323 -805.48
1 226 388 -1610.96
1 226 618 -805.48
1 227 315 -805.48
1 228 606 -805.48
1 229 385 -1610.96
1 229 392 -805.48
1 229 393 -805.48
1 229 397 -3221.92
1 229 618 -4027.4
1 230 338 -805.48
1 230 373 -1610.96
1 230 384 -805.48
1 230 392 -1610.96
1 230 393 -3221.92
1 230 396 -805.48
1 230 605 -805.48
1 231 343 -805.48
1 231 383 -805.48
1 231 392 -4027.4
1 231 393 -8860.28
1 231 398 -805.48
1 231 603 -805.48
1 231 607 -1610.96
1 232 259 -805.48
1 232 300 -805.48
1 232 384 -805.48
1 232 389 -805.48
1 232 393 -4832.88
1 232 394 -3221.92
1 232 405 -805.48
1 232 604 -1610.96
1 232 606 -1610.96
1 232 607 -2416.44
1 232 608 -805.48
1 233 373 -805.48
1 233 393 -805.48
1 233 403 -805.48
1 233 406 -3221.92
1 233 601 -1610.96
1 233 602 -805.48
1 234 374 -805.48
1 234 388 -805.48
1 234 389 -805.48
1 234 406 -2416.44
1 234 407 -1610.96
1 234 601 -805.48
1 234 602 -1610.96
1 234 603 -2416.44
1 234 604 -805.48
1 234 605 -1610.96
1 234 606 -805.48
1 234 609 -805.48
1 234 620 -805.48
1 234 621 -805.48
1 235 342 -805.48
1 235 368 -805.48
1 235 389 -805.48
1 235 392 -805.48
1 235 404 -805.48
1 235 406 -805.48
1 235 599 -805.48
1 235 600 -1610.96
1 235 602 -2416.44
1 235 603 -805.48
1 235 606 -805.48
1 235 608 -805.48
1 236 256 -805.48
1 236 359 -805.48
1 236 377 -1610.96
1 236 378 -805.48
1 236 389 -1610.96
1 236 600 -805.48
1 236 601 -805.48
1 236 602 -1610.96
1 236 605 -805.48
1 236 606 -805.48
1 236 607 -805.48
1 236 620 -805.48
1 237 330 -805.48
1 237 377 -805.48
1 237 384 -805.48
1 237 388 -805.48
1 237 605 -1610.96
1 237 606 -2416.44
1 237 607 -1610.96
1 237 608 -4027.4
1 237 609 -2416.44
1 237 620 -805.48
1 238 346 -805.48
1 238 391 -805.48
1 238 410 -805.48
1 238 602 -805.48
1 238 603 -805.48
1 238 606 -4027.4
1 238 607 -4832.88
1 238 608 -3221.92
1 238 610 -805.48
1 239 297 -58543.6
1 239 323 -805.48
1 239 404 -805.48
1 239 601 -805.48
1 239 603 -805.48
1 239 607 -1610.96
1 239 608 -3221.92
1 239 609 -2416.44
1 239 610 -1610.96
1 239 615 -1610.96
1 240 267 -805.48
1 240 319 -805.48
1 240 327 -805.48
1 240 352 -805.48
1 240 374 -1610.96
1 240 392 -1610.96
1 240 396 -805.48
1 240 406 -805.48
1 240 603 -805.48
1 240 605 -2416.44
1 240 606 -3221.92
1 240 607 -1610.96
1 240 620 -1610.96
1 240 621 -805.48
1 241 339 -805.48
1 241 352 -805.48
1 241 370 -1610.96
1 241 375 -805.48
1 241 409 -805.48
1 241 577 -805.48
1 241 603 -1610.96
1 241 605 -2416.44
1 241 606 -1610.96
1 241 607 -1610.96
1 241 608 -1610.96
1 241 609 -4027.4
1 241 610 -805.48
1 241 611 -805.48
1 241 620 -805.48
1 241 621 -805.48
1 242 314 -805.48
1 242 318 -805.48
1 242 336 -805.48
1 242 338 -805.48
1 242 339 -805.48
1 242 373 -2416.44
1 242 374 -4832.88
1 242 406 -1610.96
1 242 603 -1610.96
1 242 604 -5638.36
1 242 605 -7249.32
1 242 606 -2416.44
1 242 607 -4027.4
1 242 608 -4027.4
1 242 609 -2416.44
1 242 610 -2416.44
1 242 616 -805.48
1 242 622 -805.48
1 242 623 -2416.44
1 243 366 -805.48
1 243 369 -805.48
1 243 372 -1610.96
1 243 373 -6443.84
1 243 374 -2416.44
1 243 386 -805.48
1 243 391 -805.48
1 243 405 -805.48
1 243 406 -805.48
1 243 407 -1610.96
1 243 409 -805.48
1 243 577 -805.48
1 243 606 -5638.36
1 243 607 -4027.4
1 243 608 -1610.96
1 243 609 -4832.88
1 243 620 -805.48
1 243 622 -1610.96
1 243 623 -6443.84
1 244 371 -805.48
1 244 372 -1610.96
1 244 373 -2416.44
1 244 415 -805.48
1 244 598 -805.48
1 244 606 -3221.92
1 244 607 -805.48
1 244 611 -805.48
1 244 616 -805.48
1 244 622 -805.48
1 244 623 -3221.92
1 244 624 -805.48
1 245 312 -805.48
1 245 315 -805.48
1 245 326 -805.48
1 245 335 -805.48
1 245 338 -805.48
1 245 356 -1610.96
1 245 371 -805.48
1 245 413 -805.48
1 245 586 -805.48
1 245 604 -805.48
1 245 605 -2416.44
1 245 606 -4027.4
1 245 607 -3221.92
1 245 609 -4027.4
1 245 610 -1610.96
1 245 612 -1610.96
1 245 616 -1610.96
1 245 619 -805.48
1 245 620 -1610.96
1 245 622 -805.48
1 246 214 -805.48
1 246 342 -805.48
1 246 356 -805.48
1 246 357 -805.48
1 246 374 -805.48
1 246 413 -805.48
1 246 590 -805.48
1 246 599 -805.48
1 246 600 -4832.88
1 246 605 -3221.92
1 246 606 -5638.36
1 246 607 -3221.92
1 246 610 -805.48
1 246 612 -1610.96
1 246 614 -805.48
1 246 615 -805.48
1 246 623 -805.48
1 247 314 -805.48
1 247 331 -805.48
1 247 367 -1610.96
1 247 368 -4027.4
1 247 387 -1610.96
1 247 413 -805.48
1 247 578 -805.48
1 247 597 -805.48
1 247 598 -5638.36
1 247 599 -4832.88
1 247 600 -8054.8
1 247 601 -8054.8
1 247 605 -1610.96
1 247 609 -1610.96
1 247 610 -1610.96
1 247 611 -3221.92
1 247 612 -3221.92
1 247 613 -1610.96
1 247 618 -1610.96
1 247 619 -805.48
1 247 623 -805.48
1 248 307 -805.48
1 248 367 -805.48
1 248 368 -3221.92
1 248 371 -1610.96
1 248 372 -4027.4
1 248 387 -1610.96
1 248 388 -4832.88
1 248 413 -805.48
1 248 416 -805.48
1 248 529 -805.48
1 248 567 -805.48
1 248 596 -5638.36
1 248 597 -4027.4
1 248 598 -8054.8
1 248 599 -4832.88
1 248 600 -3221.92
1 248 601 -4832.88
1 248 602 -2416.44
1 248 605 -805.48
1 248 608 -805.48
1 248 609 -1610.96
1 248 610 -2416.44
1 248 611 -4832.88
1 248 612 -4832.88
1 248 613 -5638.36
1 248 618 -805.48
1 248 619 -805.48
1 248 620 -805.48
1 248 623 -1610.96
1 249 333 -805.48
1 249 334 -805.48
1 249 365 -1610.96
1 249 366 -2416.44
1 249 367 -805.48
1 249 368 -2416.44
1 249 371 -805.48
1 249 387 -805.48
1 249 388 -805.48
1 249 400 -805.48
1 249 412 -805.48
1 249 567 -805.48
1 249 593 -1610.96
1 249 595 -4832.88
1 249 596 -5638.36
1 249 597 -8860.28
1 249 603 -2416.44
1 249 604 -6443.84
1 249 605 -4027.4
1 249 607 -3221.92
1 249 609 -805.48
1 249 610 -1610.96
1 249 611 -4027.4
1 249 612 -7249.32
1 249 613 -1610.96
1 249 618 -805.48
1 249 623 -805.48
1 250 331 -805.48
1 250 355 -805.48
1 250 365 -1610.96
1 250 366 -4027.4
1 250 367 -2416.44
1 250 368 -805.48
1 250 369 -1610.96
1 250 370 -1610.96
1 250 371 -4832.88
1 250 382 -805.48
1 250 406 -805.48
1 250 413 -805.48
1 250 414 -805.48
1 250 423 -805.48
1 250 436 -805.48
1 250 568 -805.48
1 250 579 -805.48
1 250 591 -805.48
1 250 594 -805.48
1 250 596 -6443.84
1 250 597 -1610.96
1 250 602 -805.48
1 250 603 -5638.36
1 250 604 -4832.88
1 250 605 -3221.92
1 250 607 -805.48
1 250 608 -2416.44
1 250 609 -805.48
1 250 610 -805.48
1 250 613 -805.48
1 251 276 -805.48
1 251 322 -805.48
1 251 365 -2416.44
1 251 366 -7249.32
1 251 367 -1610.96
1 251 368 -1610.96
1 251 371 -805.48
1 251 379 -805.48
1 251 407 -805.48
1 251 414 -805.48
1 251 424 -805.48
1 251 598 -805.48
1 251 604 -805.48
1 251 605 -805.48
1 251 607 -805.48
1 251 610 -805.48
1 252 236 -805.48
1 252 365 -2416.44
1 252 366 -5638.36
1 252 367 -5638.36
1 252 368 -1610.96
1 252 376 -805.48
1 252 412 -805.48
1 252 416 -805.48
1 252 428 -805.48
1 252 506 -805.48
1 252 507 -805.48
1 252 528 -805.48
1 252 534 -805.48
1 252 544 -805.48
1 252 576 -805.48
1 252 591 -1610.96
1 252 596 -1656.99
1 252 597 -1610.96
1 252 598 -805.48
1 252 599 -1610.96
1 252 608 -1610.96
1 252 609 -805.48
1 252 611 -805.48
1 252 620 -805.48
1 253 259 -805.48
1 253 342 -805.48
1 253 363 -805.48
1 253 365 -1610.96
1 253 366 -4832.88
1 253 367 -3221.92
1 253 370 -805.48
1 253 375 -1610.96
1 253 404 -805.48
1 253 433 -1610.96
1 253 506 -805.48
1 253 543 -805.48
1 253 546 -805.48
1 253 547 -805.48
1 253 566 -805.48
1 253 586 -1610.96
1 253 596 -805.48
1 253 597 -3221.92
1 253 601 -805.48
1 253 604 -805.48
1 253 605 -805.48
1 253 614 -2416.44
1 254 366 -1610.96
1 254 478 -805.48
1 254 581 -805.48
1 254 584 -805.48
1 254 585 -4832.88
1 254 586 -4027.4
1 254 587 -2416.44
1 254 588 -2416.44
1 254 589 -3221.92
1 254 598 -805.48
1 254 599 -805.48
1 254 601 -1610.96
1 254 604 -1610.96
1 254 605 -805.48
1 254 606 -805.48
1 254 611 -805.48
1 255 341 -805.48
1 255 346 -805.48
1 255 371 -805.48
1 255 402 -805.48
1 255 442 -805.48
1 255 445 -805.48
1 255 461 -805.48
1 255 479 -805.48
1 255 512 -805.48
1 255 513 -805.48
1 255 526 -805.48
1 255 547 -805.48
1 255 548 -805.48
1 255 565 -805.48
1 255 583 -2416.44
1 255 584 -3221.92
1 255 585 -3221.92
1 255 586 -3221.92
1 255 587 -1610.96
1 255 588 -805.48
1 255 591 -805.48
1 255 594 -805.48
1 255 597 -805.48
1 255 600 -1610.96
1 255 607 -805.48
1 256 346 -805.48
1 256 350 -805.48
1 256 367 -805.48
1 256 373 -805.48
1 256 374 -805.48
1 256 491 -805.48
1 256 526 -805.48
1 256 531 -2416.44
1 256 532 -805.48
1 256 547 -805.48
1 256 548 -1610.96
1 256 549 -805.48
1 256 575 -805.48
1 256 578 -1610.96
1 256 580 -805.48
1 256 584 -2416.44
1 256 585 -1610.96
1 256 592 -1610.96
1 256 594 -5641.0
1 256 595 -3221.92
1 256 607 -3221.92
1 256 608 -1610.96
1 256 609 -805.48
1 257 330 -805.48
1 257 461 -805.48
1 257 497 -805.48
1 257 503 -805.48
1 257 506 -805.48
1 257 512 -805.48
1 257 527 -2416.44
1 257 529 -805.48
1 257 532 -805.48
1 257 549 -805.48
1 257 574 -805.48
1 257 575 -2416.44
1 257 584 -2416.44
1 257 585 -2416.44
1 257 593 -1610.96
1 257 594 -6443.84
1 257 595 -3221.92
1 257 597 -1610.96
1 257 606 -5638.36
1 257 607 -805.48
1 258 307 -805.48
1 258 330 -805.48
1 258 366 -805.48
1 258 485 -1610.96
1 258 489 -1610.96
1 258 491 -805.48
1 258 493 -805.48
1 258 494 -805.48
1 258 496 -805.48
1 258 497 -805.48
1 258 498 -2416.44
1 258 499 -1610.96
1 258 502 -805.48
1 258 503 -805.48
1 258 529 -1610.96
1 258 531 -805.48
1 258 532 -805.48
1 258 533 -1610.96
1 258 535 -805.48
1 258 546 -805.48
1 258 550 -805.48
1 258 556 -1610.96
1 258 564 -805.48
1 258 576 -805.48
1 258 583 -805.48
1 258 584 -2416.44
1 258 586 -2416.44
1 258 594 -2416.44
1 258 606 -4027.4
1 258 607 -805.48
1 259 346 -805.48
1 259 369 -1610.96
1 259 402 -805.48
1 259 444 -805.48
1 259 456 -805.48
1 259 485 -805.48
1 259 486 -805.48
1 259 488 -805.48
1 259 489 -805.48
1 259 490 -1610.96
1 259 509 -1610.96
1 259 510 -805.48
1 259 522 -805.48
1 259 528 -805.48
1 259 529 -805.48
1 259 531 -805.48
1 259 532 -805.48
1 259 545 -805.48
1 259 549 -805.48
1 259 554 -1610.96
1 259 555 -1610.96
1 259 556 -2416.44
1 259 557 -2416.44
1 259 575 -3221.92
1 259 576 -805.48
1 259 579 -805.48
1 259 584 -805.48
1 259 585 -3221.92
1 259 586 -1610.96
1 260 369 -1610.96
1 260 404 -1610.96
1 260 443 -805.48
1 260 454 -805.48
1 260 485 -805.48
1 260 486 -1610.96
1 260 487 -805.48
1 260 492 -805.48
1 260 499 -805.48
1 260 502 -1610.96
1 260 517 -805.48
1 260 527 -805.48
1 260 545 -2416.44
1 260 548 -805.48
1 260 554 -805.48
1 260 556 -805.48
1 260 567 -805.48
1 260 576 -805.48
1 260 577 -805.48
1 261 397 -805.48
1 261 404 -805.48
1 261 444 -805.48
1 261 483 -805.48
1 261 487 -805.48
1 261 501 -805.48
1 261 502 -805.48
1 261 545 -805.48
1 261 551 -805.48
1 261 552 -805.48
1 261 565 -805.48
1 262 254 -805.48
1 262 353 -1610.96
1 262 369 -805.48
1 262 425 -805.48
1 262 443 -805.48
1 262 458 -805.48
1 262 483 -1610.96
1 262 493 -805.48
1 262 501 -805.48
1 262 502 -805.48
1 262 523 -805.48
1 262 524 -805.48
1 262 535 -805.48
1 262 536 -805.48
1 262 537 -805.48
1 262 542 -805.48
1 262 546 -805.48
1 262 584 -805.48
1 262 587 -805.48
1 263 355 -805.48
1 263 415 -805.48
1 263 484 -805.48
1 263 493 -805.48
1 263 509 -805.48
1 263 522 -805.48
1 263 523 -1610.96
1 263 524 -1610.96
1 263 541 -1610.96
1 263 542 -805.48
1 263 543 -805.48
1 263 546 -1610.96
1 263 576 -805.48
1 263 579 -805.48
1 263 581 -3221.92
1 264 369 -805.48
1 264 379 -817.727
1 264 481 -805.48
1 264 482 -805.48
1 264 493 -805.48
1 264 503 -805.48
1 264 504 -805.48
1 264 516 -805.48
1 264 521 -2416.44
1 264 527 -805.48
1 264 543 -3221.92
1 264 568 -805.48
1 264 575 -805.48
1 264 576 -1610.96
1 265 336 -805.48
1 265 367 -1629.07
1 265 457 -805.48
1 265 459 -805.48
1 265 511 -805.48
1 265 516 -805.48
1 265 520 -805.48
1 265 524 -1192.85
1 265 568 -1610.96
1 266 314 -805.48
1 266 413 -805.48
1 266 456 -805.48
1 266 478 -805.48
1 266 481 -805.48
1 266 483 -805.48
1 266 484 -805.48
1 266 485 -805.48
1 266 492 -805.48
1 266 498 -805.48
1 266 505 -805.48
1 266 518 -805.48
1 266 523 -805.48
1 266 543 -805.48
1 266 545 -805.48
1 266 549 -805.48
1 266 555 -805.48
1 267 337 -805.48
1 267 365 -805.48
1 267 381 -805.48
1 267 459 -805.48
1 267 460 -1610.96
1 267 505 -805.48
1 267 507 -805.48
1 267 543 -805.48
1 267 544 -1610.96
1 267 549 -805.48
1 267 553 -2416.44
1 267 562 -805.48
1 268 507 -1610.96
1 268 540 -805.48
1 268 541 -805.48
1 268 542 -1610.96
1 268 543 -3221.92
1 268 544 -1610.96
1 268 549 -805.48
1 268 551 -805.48
1 268 552 -805.48
1 268 553 -805.48
1 269 362 -805.48
1 269 505 -1610.96
1 269 507 -805.48
1 269 528 -805.48
1 269 543 -805.48
1 269 547 -1610.96
1 270 474 -805.48
1 270 475 -1610.96
1 270 479 -805.48
1 270 491 -805.48
1 270 504 -805.48
1 270 507 -805.48
1 270 526 -805.48
1 271 375 -805.48
1 271 388 -805.48
1 271 479 -805.48
1 271 481 -805.48
1 271 487 -805.48
1 271 491 -805.48
1 271 526 -805.48
1 272 469 -805.48
1 272 493 -805.48
1 272 495 -1610.96
1 272 496 -805.48
1 272 502 -805.48
1 272 526 -2416.44
1 273 441 -805.48
1 273 462 -805.48
1 273 526 -805.48
1 275 463 -805.48
1 275 480 -805.48
1 275 502 -805.48
1 275 504 -805.48
1 276 502 -805.48
1 277 393 -805.48
1 279 459 -805.48
1 280 563 -805.48
1 282 434 -805.48
1 282 435 -805.48
1 283 461 -805.48
1 283 482 -805.48
1 283 483 -805.48
1 285 437 -805.48
1 285 482 -805.48
1 285 483 -805.48
1 286 377 -805.48
1 286 464 -805.48
1 288 469 -805.48
1 289 362 -805.48
1 289 443 -805.48
1 292 358 -805.48
1 293 390 -2416.44
1 293 391 -805.48
1 296 390 -805.48
1 301 359 -805.48
1 301 378 -805.48
1 85 106 -805.48
1 92 112 -1610.96
1 93 117 -805.48
1 97 89 -805.48
1 98 101 -805.48
1 99 126 -805.48
1 99 136 -805.48
1 147 119 -3084.33
1 156 158 -27999.3
1 157 160 -10860.3
1 170 169 -34023.4
1 199 225 -57808.3
1 210 300 -5338.21
1 234 285 -18254.5
1 244 234 -62852.8
1 265 469 -61.6225
1 267 479 -1151.5
1 272 454 -33.2908
1 285 433 -5896.18
1 299 360 -9213.64
1 140 173 -17648.0
1 141 124 -42299.6
1 142 121 -1620.15
1 155 192 -9956.2
1 157 117 -8.43097
1 157 190 -30.8331
1 158 205 -3862.79
1 164 258 -11879.2
1 172 162 -12969.2
1 172 163 -447.903
1 173 196 -326.008
1 195 280 -22482.6
1 203 296 -51831.2
1 214 174 -17567.4
1 218 173 -9221.43
1 226 358 -2138.85
1 262 350 -75.8787
1 265 349 -4774.74
1 269 347 -29106.5
1 274 431 -1796930.0
1 285 357 -155.97299999999998
1 293 378 -1899.89
1 299 335 -55231.3
1 144 130 -5753.17
1 148 113 -3969.58
1 152 183 -4608.93
1 153 185 -7048.29
1 154 128 -91.9154
1 155 180 -5623.46
1 162 171 -33756.2
1 164 159 -14322.8
1 167 163 -54801.3
1 174 182 -46978.8
1 175 178 -2610.38
1 188 287 -619.179
1 201 279 -9521.37
1 222 252 -13998.2
1 222 266 -256.587
1 225 248 -6369.6
1 226 361 -3056.23
1 234 319 -63232.3
1 235 317 -177050.0
1 237 292 -24265.7
1 238 244 -0.0601779
1 245 243 -16989.8
1 248 238 -22106.0
1 248 331 -14904.5
1 256 342 -23887.7
1 266 345 -19638.5
1 296 391 -7.025810000000001
1 296 393 -1.40516
1 140 166 -53349.8
1 141 116 -3662.9
1 143 184 -53649.1
1 144 151 -36670.5
1 145 114 -15113.2
1 146 150 -18958.4
1 146 180 -32080.2
1 147 148 -29273.7
1 147 171 -51991.0
1 149 181 -30009.4
1 149 202 -49876.2
1 150 172 -39344.5
1 150 183 -20730.6
1 150 186 -23338.7
1 151 181 -27990.8
1 151 211 -8975.97
1 153 188 -85293.3
1 164 124 -396.255
1 165 167 -24359.4
1 170 115 -9858.63
1 189 288 -2626.51
1 206 280 -6678.73
1 209 281 -1.40516
1 210 249 -5691.66
1 211 263 -1025.77
1 221 317 -13297.0
1 224 287 -917.03
1 227 344 -27652.9
1 230 352 -28415.7
1 231 270 -7824.72
1 231 347 -5307.02
1 236 320 -139111.0
1 236 342 -13703.3
1 236 344 -7249.65
1 240 357 -6203.31
1 244 333 -2238.23
1 246 337 -70.2581
1 260 345 -11967.8
1 261 340 -3496.18
1 261 351 -4.59455
1 263 344 -5683.44
1 263 350 -2.2494099999999997
1 265 517 -56.8574
1 267 321 -9569.15
1 267 428 -166.885
1 278 502 -885.318
1 284 333 -1845.48
1 289 371 -118.01899999999999
1 290 371 -16143.9
1 296 358 -6885.29
1 299 347 -0.0478599
1 131 125 -36646.6
1 134 123 -38387.6
1 135 126 -34717.3
1 138 125 -21520.0
1 142 169 -7884.42
1 146 146 -5090.81
1 152 213 -35602.6
1 156 214 -47580.2
1 161 185 -55204.6
1 166 203 -371.711
1 168 216 -50733.3
1 183 232 -31325.4
1 192 232 -451.05699999999996
1 201 310 -421.624
1 211 195 -1197.62
1 221 339 -14590.4
1 222 324 -5531.14
1 248 344 -8454.82
1 263 345 -6198.2
1 263 427 -51.7474
1 263 570 -105.00399999999999
1 265 414 -84.95200000000001
1 286 302 -4011.74
1 293 357 -3111.03
1 297 439 -1102070.0
1 132 120 -44136.1
1 134 124 -30941.7
1 134 126 -28738.4
1 135 122 -37683.6
1 150 118 -21234.9
1 150 121 -33296.1
1 150 127 -600.2869999999999
1 152 118 -15899.4
1 153 122 -5260.72
1 158 138 -11176.0
1 158 140 -18832.1
1 160 139 -17317.8
1 181 126 -28257.8
1 189 126 -43752.5
1 224 257 -324.171
1 230 223 -11282.2
1 260 337 -946.18
1 276 359 -7240.75
1 281 445 -278.943
1 137 168 -14868.0
1 149 213 -10416.5
1 189 195 -18137.5
1 190 250 -3963.59
1 192 197 -44950.0
1 210 253 -2808.92
1 245 324 -28.1032
1 247 330 -0.431228
1 270 480 -85.9869
1 148 166 -28381.4
1 153 116 -3296.51
1 188 197 -11209.0
1 188 204 -10747.2
1 203 340 -128.549
1 206 281 -1461.37
1 211 266 -76267.0
1 213 276 -4302.79
1 214 274 -5955.26
1 220 278 -84053.3
1 223 372 -3636.9
1 236 317 -56206.5
1 239 385 -7882.42
1 239 406 -58.0002
1 241 238 -11270.5
1 245 408 -1937.51
1 246 320 -3563.49
1 248 454 -595.788
1 259 351 -2495.56
1 263 492 -4.36869
1 267 449 -244.075
1 269 360 -6438.24
1 273 340 -227.622
1 273 521 -7491.3
1 274 327 -3473.1
1 274 521 -96.4308
1 290 322 -29893.7
1 292 458 -112.119
1 147 116 -6094.18
1 258 337 -34.6742
1 259 439 -244.075
1 268 484 -2.61079
1 281 328 -25531.8
1 257 342 -2502.89
1 201 251 -31011.9
1 264 441 -48.47
1 265 488 -3114.58
1 144 132 -164.00799999999998
1 257 404 -37262.1
1 136 173 -1152.23
1 144 189 -12633.6
1 161 179 -14254.0
1 167 128 -38397.9
1 183 205 -39.8777
1 204 300 -27.1674
1 226 375 -43631.7
1 238 302 -15135.7
1 244 321 -5034.69
1 247 591 -298.41
1 248 593 -0.862456
1 251 614 -310.7
1 256 443 -650.047
1 258 339 -1410.98
1 258 416 -75.0337
1 263 583 -453.436
1 266 470 -0.681341
1 269 482 -225.898
1 270 476 -1859.89
1 273 523 -152324.0
1 274 506 -698.5060000000001
1 280 458 -651.155
1 297 388 -764.1360000000001
1 221 300 -53.0022
1 140 116 -15306.4
1 272 494 -264.47700000000003
1 134 167 -18737.8
1 158 122 -943.2360000000001
1 159 157 -35175.4
1 211 290 -2353.65
1 225 289 -7567.53
1 226 330 -21376.0
1 237 406 -647.028
1 244 430 -726.174
1 247 342 -37.0856
1 253 427 -244.938
1 253 443 -1179.71
1 254 398 -43.553999999999995
1 254 442 -1295.76
1 254 444 -85.5988
1 254 445 -15.4499
1 256 445 -404.923
1 261 346 -229.12900000000002
1 261 369 -216.045
1 263 448 -35.7919
1 271 471 -384.957
1 271 489 -789.148
1 272 371 -449.08099999999996
1 273 520 -0.18634
1 275 371 -1306.8
1 289 321 -6757.64
1 262 394 -818794.0
1 271 492 -65.8054
1 167 168 -13303.9
1 157 122 -342.82599999999996
1 160 136 -17.9213
1 169 201 -16153.0
1 211 313 -38.4656
1 212 315 -144.142
1 214 287 -132.387
1 224 372 -2462.74
1 246 609 -1392.0
1 247 590 -1743.46
1 255 446 -215.614
1 261 524 -689.934
1 270 482 -132.072
1 276 386 -297.97900000000004
1 281 446 -55.1972
1 291 458 -105.23700000000001
1 295 390 -3790.15
1 297 384 -162.767
1 297 387 -49.886
1 145 147 -232.56099999999998
1 257 443 -86.2456
1 258 456 -1.90405
1 234 400 -33.0752
1 237 378 -26.0462
1 240 386 -191.72400000000002
1 241 353 -20.1464
1 244 330 -8432.37
1 248 343 -109.53200000000001
1 252 457 -48.47
1 253 400 -102.70100000000001
1 254 370 -13.0522
1 254 400 -29.565
1 255 373 -225.532
1 261 362 -3902.61
1 262 441 -52.0234
1 263 353 -11.3629
1 274 527 -72.4146
1 276 469 -15.9554
1 276 484 -111.524
1 277 429 -1529.78
1 282 451 -1206.58
1 279 477 -51.1431
1 207 193 -28499.5
1 145 139 -1033.92
1 206 299 -20.4161
1 239 305 -472.096
1 261 461 -75.0768
1 289 412 -3.15119
1 233 400 -50038.4
1 268 360 -1780.97
1 117 117 -58.6288
1 183 311 -844.345
1 185 196 -1086.26
1 220 175 -10408.9
1 244 355 -24299.7
1 245 261 -10026.1
1 290 355 -10570.0
1 264 474 -15.7398
1 149 125 -3928.83
1 164 240 -353.60699999999997
1 201 297 -61.0561
1 207 298 -11.0394
1 232 373 -289.699
1 233 392 -94.5073
1 234 236 -3352.8
1 234 401 -13.7131
1 235 390 -174.43200000000002
1 236 398 -1372.9
1 237 390 -512.73
1 237 399 -52.308
1 241 374 -34.9726
1 248 606 -311.217
1 249 411 -299.159
1 253 418 -141.111
1 253 442 -60.8032
1 254 600 -95.6452
1 258 597 -35.3607
1 259 428 -277.28
1 263 467 -8857.43
1 263 468 -6680.59
1 267 481 -304.315
1 268 457 -10.1676
1 281 429 -976.852
1 283 394 -47.1634
1 284 436 -879.705
1 237 382 -68.5653
1 240 379 -1.29368
1 148 141 -21442.8
1 223 371 -29.840999999999998
1 257 456 -89.4798
1 160 142 -8.22948
1 247 419 -0.431228
1 272 448 -12488.8
1 290 441 -173.44
1 257 602 -38.1896
1 176 219 -43.5092
1 256 590 -93.1059
1 290 403 -98.4487
1 261 581 -0.323421
1 241 405 -470.29900000000004
1 251 362 -624.85
1 271 484 -43.291000000000004
1 235 358 -346.98
1 254 368 -1398.94
1 261 424 -258.737
1 290 463 -3242.84
1 279 465 -89.4367
1 175 246 -0.908916
1 231 201 -17499.9
1 240 393 -44.4596
1 282 445 -0.004312
1 255 399 -176.372
1 267 483 -79.5408
1 243 350 -2365.29
1 244 406 -0.474351
1 288 370 -0.431228
1 162 138 -2.46663
1 218 352 -11234.8
1 259 459 -1.72491
1 251 431 -601.132
1 292 373 -7.6828199999999995
1 227 282 -9.22287
1 265 476 -7.15839
1 185 272 -4.7866
1 235 401 -13.8855
1 274 481 -41.6998
1 271 480 -16.6023
1 286 460 -6.5244800000000005
1 259 438 -56.4046
1 272 492 -21.4477
1 243 423 -15.9554
1 259 448 -79.2597
1 271 535 -285.303
1 244 609 -26.9949
1 160 144 -33.1994
1 271 517 -1738.97
1 212 180 -666.298
1 271 536 -55.8925
1 217 228 -409.667
1 252 431 -1628.75
1 186 275 -99.7664
1 174 184 -297.97900000000004
1 250 444 -230.018
1 201 245 -8024.88
1 237 397 -2819.8
1 252 401 -2299.31
1 201 299 -15154.6
1 258 419 -535512.0
