1 62 1 3798.3
1 61 2 3770.7
1 60 3 3749.7
1 59 4 3733.5
1 58 5 3721.5
1 57 6 3713.4
1 56 7 3709.2
1 55 8 3709.0
1 54 9 3713.4
1 53 10 3722.5
1 52 11 3736.7
1 51 12 3755.5
1 49 13 3767.8
1 50 13 3777.1
1 48 14 3789.3
1 47 15 3784.5
1 46 16 3776.7
1 45 17 3766.9
1 45 18 3767.6
1 45 19 3768.3
1 44 20 3756.4
1 44 21 3756.2
1 44 22 3755.5
1 44 23 3754.2
1 44 24 3752.2
1 44 25 3749.4
1 44 26 3745.6
1 44 27 3740.7
1 44 28 3734.5
1 44 29 3727.0
1 44 30 3717.9
1 44 31 3707.0
1 44 32 3694.2
1 44 33 3679.1
1 44 34 3661.5
1 44 35 3641.1
1 44 36 3617.4
1 44 37 3589.8
1 44 38 3557.8
1 44 39 3520.3
1 44 40 3476.1
1 44 41 3422.8
1 43 42 3304.0
1 43 43 3265.0
1 43 44 3203.3
1 42 45 3052.1
1 42 46 2997.6
1 40 47 2765.7
1 41 47 2812.0
1 40 48 2729.6
1 40 49 2663.5
1 40 50 2567.6
1 35 78 4859.7
1 35 79 4888.1
1 34 80 4945.1
1 33 81 5025.5
1 32 82 5089.1
1 31 83 5102.5
1 30 84 5114.2
1 29 85 5123.1
1 28 86 5145.4
1 27 87 5164.2
1 26 88 5190.3
1 25 89 5217.8
1 25 90 5254.2
1 24 91 5241.3
1 24 92 5256.5
1 24 93 5293.6
1 24 94 5330.6
1 23 95 5345.7
1 23 96 5386.0
1 23 97 5422.3
1 22 98 5430.3
1 22 99 5471.4
1 22 100 5508.4
1 22 101 5545.7
1 21 102 5566.0
1 21 103 5611.1
1 20 104 5633.2
1 20 105 5675.7
1 19 106 5707.7
1 19 107 5752.1
1 18 108 5788.7
1 18 109 5828.5
1 17 110 5747.7
1 17 111 5758.8
1 17 112 5868.1
1 65 109 6030.5
1 66 109 6027.0
1 67 109 5976.4
1 68 109 5941.6
1 69 109 5951.1
1 62 110 5964.5
1 63 110 6002.2
1 64 110 6023.1
1 70 110 6040.0
1 60 111 5859.4
1 61 111 5880.9
1 71 111 6106.0
1 37 112 5647.1
1 38 112 5707.3
1 39 112 5768.9
1 40 112 5814.4
1 41 112 5851.4
1 42 112 5873.4
1 43 112 5884.6
1 44 112 5893.7
1 45 112 5900.9
1 46 112 5910.4
1 47 112 5919.3
1 48 112 5936.9
1 55 112 5739.6
1 56 112 5761.3
1 57 112 5778.4
1 58 112 5795.2
1 59 112 5810.1
1 72 112 6143.0
1 16 113 5956.8
1 33 113 5631.7
1 34 113 5615.1
1 35 113 5599.2
1 36 113 5578.7
1 49 113 5930.6
1 50 113 5908.4
1 51 113 5855.3
1 52 113 5800.7
1 53 113 5744.1
1 54 113 5707.4
1 73 113 6175.3
1 16 114 6015.9
1 29 114 5721.3
1 30 114 5696.1
1 31 114 5668.3
1 32 114 5633.3
1 74 114 6198.4
1 75 114 6202.5
1 16 115 6072.6
1 25 115 5833.0
1 26 115 5810.2
1 27 115 5781.0
1 28 115 5741.0
1 76 115 6234.3
1 16 116 6127.9
1 21 116 5975.7
1 22 116 5990.6
1 23 116 5903.4
1 24 116 5863.2
1 77 116 6249.5
1 78 116 6247.6
1 79 116 6260.2
1 16 117 6182.1
1 20 117 6023.7
1 80 117 6281.1
1 81 117 6279.2
1 82 117 6258.6
1 83 117 6231.1
1 84 117 6202.0
1 16 118 6219.5
1 17 118 6185.7
1 18 118 6138.6
1 19 118 6085.1
1 85 118 6131.5
1 85 119 6089.7
1 86 120 6072.5
1 86 121 6095.2
1 86 122 6120.0
1 86 123 6137.3
1 86 124 6149.7
1 86 125 6159.3
1 86 126 6166.4
1 86 127 6170.1
1 86 128 6170.7
1 86 129 6169.0
1 86 130 6166.3
1 86 131 6162.1
1 86 132 6155.2
1 86 133 6146.5
1 86 134 6134.7
1 86 135 6118.8
1 86 136 6099.7
1 85 137 6050.6
1 85 138 6037.7
1 84 139 6032.8
1 83 140 6073.8
1 82 141 6157.7
1 82 142 6174.0
1 81 143 6226.7
1 80 144 6287.2
1 79 145 6356.2
1 78 146 6419.8
1 77 147 6487.1
1 76 148 6559.0
1 75 149 6636.4
1 75 150 6700.7
1 75 151 6761.3
1 75 152 6821.9
1 75 153 6868.8
1 76 154 6862.0
1 77 154 6849.2
1 78 154 6839.0
1 79 155 6827.7
1 80 155 6815.1
1 81 156 6797.5
1 82 157 6771.0
1 82 158 6748.6
1 83 158 6734.5
1 84 159 6704.6
1 84 160 6676.8
1 84 161 6652.4
1 84 162 6628.5
1 85 163 6603.4
1 86 164 6574.0
1 87 165 6537.0
1 88 166 6502.2
1 89 167 6468.6
1 90 168 6387.2
1 90 169 6337.2
1 91 170 6269.8
1 92 171 6198.4
1 93 172 6167.7
1 94 173 6141.2
1 94 174 6138.8
1 95 175 6123.4
1 95 176 6109.0
1 95 177 6113.7
1 95 178 6120.7
1 95 179 6126.0
1 96 180 5954.7
1 97 181 5971.7
1 98 182 5989.2
1 99 183 6006.7
1 100 184 6022.5
1 101 185 6037.9
1 102 185 6046.3
1 103 185 6061.9
1 104 186 6096.3
1 105 186 6097.4
1 106 187 6100.6
1 107 188 6096.4
1 108 189 5914.1
1 108 190 5916.1
1 108 191 5917.1
1 108 192 5916.7
1 108 193 5912.5
1 107 194 5707.4
1 107 195 5703.4
1 107 196 5695.6
1 107 197 5685.3
1 107 198 5673.3
1 106 199 5634.9
1 106 200 5622.0
1 105 201 5576.1
1 105 202 5562.9
1 104 203 5522.4
1 104 204 5513.7
1 104 205 5498.7
1 104 206 5477.3
1 104 207 5444.2
1 98 208 5460.6
1 99 208 5470.7
1 100 208 5483.1
1 101 208 5496.0
1 102 208 5513.7
1 103 208 5542.4
1 97 209 5451.3
1 97 210 5450.1
1 97 211 5446.0
1 97 212 5440.7
1 96 213 5424.1
1 95 214 5416.7
1 95 215 5415.4
1 94 216 5408.0
1 94 217 5407.1
1 94 218 5406.4
1 95 219 5410.6
1 96 220 5414.1
1 97 221 5418.0
1 97 222 5416.9
1 98 223 5420.2
1 98 224 5418.8
1 99 225 5422.9
1 99 226 5421.0
1 100 227 5242.1
1 128 227 5398.5
1 129 227 5461.6
1 101 228 5248.0
1 107 228 5142.9
1 108 228 5167.8
1 109 228 5196.4
1 110 228 5228.4
1 111 228 5263.1
1 125 228 5283.4
1 126 228 5309.8
1 127 228 5318.0
1 130 228 5187.6
1 131 228 5194.1
1 132 228 5188.2
1 133 228 5189.3
1 134 228 5195.5
1 135 228 5209.9
1 136 228 5226.9
1 137 228 5240.2
1 138 228 5267.0
1 102 229 5252.8
1 106 229 5280.7
1 112 229 5117.3
1 118 229 5143.6
1 119 229 5162.0
1 120 229 5177.9
1 121 229 5192.0
1 122 229 5203.3
1 123 229 5212.7
1 124 229 5215.2
1 139 229 5340.3
1 103 230 5256.3
1 104 230 5258.9
1 105 230 5261.9
1 113 230 5133.9
1 114 230 5125.4
1 115 230 5121.1
1 116 230 5118.6
1 117 230 5110.7
1 140 230 5307.1
1 139 231 5374.7
1 137 232 5411.3
1 138 232 5410.6
1 136 233 5414.6
1 135 234 5407.4
1 133 235 5374.7
1 134 235 5388.0
1 132 236 5357.8
1 130 237 5314.5
1 131 237 5329.7
1 129 238 5303.3
1 128 239 5287.2
1 127 240 5267.3
1 127 241 5257.5
1 127 242 5244.6
1 128 243 5252.9
1 129 244 5251.2
1 129 245 5238.5
1 130 246 5234.7
1 131 246 5233.6
1 132 246 5236.5
1 133 246 5245.8
1 134 246 5263.2
1 135 246 5289.6
1 136 246 5316.8
1 137 246 5336.8
1 138 246 5358.8
1 139 247 5409.5
1 140 247 5434.0
1 141 247 5471.5
1 142 247 5514.8
1 143 248 5577.8
1 144 249 5671.3
1 144 250 5698.1
1 145 251 5749.9
1 145 252 5775.5
1 145 253 5795.8
1 146 254 5829.1
1 146 255 5826.5
1 146 256 5820.5
1 146 257 5812.6
1 146 258 5802.4
1 146 259 5790.6
1 146 260 5777.2
1 146 261 5764.9
1 146 262 5751.7
1 146 263 5738.5
1 146 264 5728.4
1 146 265 0.0
1 147 266 5482.8
1 147 267 5453.7
1 147 268 5428.8
1 147 269 5389.1
1 147 270 5356.1
1 148 271 5306.0
1 148 272 5279.2
1 148 273 5252.1
1 148 274 5230.3
1 149 274 5215.4
1 149 275 5175.8
1 149 276 5143.6
1 149 277 5091.0
1 149 278 5036.4
1 150 279 5132.7
1 150 280 5087.7
1 150 281 5046.5
1 150 282 5016.2
1 151 283 4932.5
1 151 284 4888.7
1 151 285 4855.4
1 152 286 4761.4
1 152 287 4706.8
1 152 288 4662.5
1 152 289 4628.0
1 153 290 4722.8
1 153 291 4696.3
1 153 292 4704.2
1 154 293 4715.0
1 154 294 4726.6
1 154 295 4736.1
1 154 296 4742.2
1 155 297 4760.1
1 155 298 4763.9
1 156 299 4586.8
1 157 299 4593.1
1 158 299 4602.6
1 159 299 4615.1
1 160 299 4631.1
1 161 299 4650.5
1 162 300 4681.7
1 162 301 4684.5
1 162 302 4683.6
1 162 303 4681.0
1 162 304 4678.3
1 163 305 4857.4
1 163 306 4848.4
1 163 307 4838.6
1 163 308 4829.3
1 163 309 4823.2
1 164 310 5039.4
1 165 311 5081.0
1 166 312 5152.7
1 167 313 5211.3
1 168 314 5244.2
1 168 315 5076.7
1 168 316 5081.0
1 169 316 5088.5
1 169 317 5094.3
1 170 317 5104.1
1 171 318 5105.2
1 171 319 5081.8
1 172 320 5033.9
1 172 321 4986.4
1 172 322 4938.1
1 172 323 4887.1
1 172 324 4847.4
1 173 325 4845.9
1 173 326 4849.5
1 173 327 4851.3
1 174 328 4860.7
1 174 329 4862.3
1 174 330 4863.3
1 175 331 4867.8
1 176 331 4871.8
1 177 331 4877.7
1 178 332 4887.1
1 179 333 4889.7
1 179 334 4886.6
1 179 335 4883.5
1 180 336 4881.0
1 181 337 4872.5
1 181 338 4867.8
1 187 338 4741.0
1 188 338 4762.1
1 189 338 4779.7
1 190 338 4793.4
1 182 339 4858.5
1 186 339 4873.5
1 191 339 4797.0
1 192 339 5216.0
1 182 340 4852.5
1 186 340 4857.8
1 193 340 5215.3
1 182 341 4848.9
1 186 341 4847.8
1 194 341 5215.2
1 195 341 5216.8
1 183 342 4845.3
1 184 342 4845.1
1 185 342 4844.6
1 186 342 4843.5
1 196 342 5216.5
1 196 343 5214.4
1 197 344 5213.3
1 198 345 5210.9
1 199 346 5208.8
1 200 346 5210.4
1 201 346 5212.6
1 202 346 5214.7
1 203 346 5215.5
1 204 346 4553.05
1 205 347 5199.5
1 206 347 5193.3
1 207 348 5398.8
1 207 349 5496.1
1 207 350 5637.0
1 206 351 5696.9
1 205 352 5701.7
1 205 353 5706.2
1 205 354 5711.2
1 206 355 5734.1
1 206 356 5742.3
1 207 357 5767.0
1 208 357 5784.2
1 209 358 5465.4
1 210 359 5522.7
1 211 359 5550.7
1 212 360 5470.5
1 212 361 5507.7
1 208 362 5529.9
1 209 362 5534.6
1 210 362 5541.7
1 211 362 5547.4
1 207 363 5526.1
1 206 364 5520.7
1 206 365 5522.0
1 206 366 5522.2
1 206 367 5521.4
1 206 368 5520.4
1 206 369 5519.2
1 207 369 5525.6
1 208 369 5542.1
1 209 369 5563.8
1 210 369 5588.2
1 211 369 5618.5
1 212 369 5654.9
1 213 369 5699.1
1 214 370 5595.6
1 215 370 5629.4
1 216 372 5626.7
1 214 373 5263.1
1 215 373 5351.3
1 214 374 5220.0
1 213 375 5270.2
1 212 376 5247.8
1 211 377 5194.7
1 211 378 5183.6
1 211 379 5178.1
1 211 380 5180.2
1 211 381 5189.3
1 211 382 5243.7
1 211 383 5293.5
1 212 384 45000.0
1 212 385 45000.0
1 212 386 45000.0
1 212 387 45000.0
1 212 388 45000.0
1 212 389 45000.0
1 212 390 45000.0
1 212 391 45000.0
1 212 392 45000.0
1 212 393 45000.0
1 213 394 45000.0
1 213 395 45000.0
1 213 396 45000.0
1 213 397 45000.0
1 213 398 45000.0
1 213 399 45000.0
1 213 400 45000.0
1 213 401 45000.0
1 213 402 45000.0
1 214 403 45000.0
1 214 404 45000.0
1 214 405 45000.0
1 214 406 45000.0
1 214 407 45000.0
1 214 409 45000.0
1 214 410 45000.0
1 214 411 45000.0
1 214 412 45000.0
1 214 413 45000.0
1 214 414 45000.0
1 214 415 45000.0
1 215 416 45000.0
1 215 417 45000.0
1 227 417 45000.0
1 228 417 45000.0
1 229 417 45000.0
1 216 418 45000.0
1 226 418 45000.0
1 230 418 45000.0
1 217 419 45000.0
1 218 419 45000.0
1 219 419 45000.0
1 220 419 45000.0
1 221 419 45000.0
1 222 419 45000.0
1 223 419 45000.0
1 224 419 45000.0
1 225 419 45000.0
1 229 419 45000.0
1 229 420 45000.0
1 226 421 45000.0
1 227 421 45000.0
1 228 421 45000.0
1 224 422 45000.0
1 225 422 45000.0
1 224 423 45000.0
1 224 424 45000.0
1 225 424 45000.0
1 226 424 45000.0
1 227 424 45000.0
1 228 424 45000.0
1 229 425 45000.0
1 229 426 45000.0
1 229 427 45000.0
1 229 428 45000.0
1 229 429 45000.0
1 228 430 45000.0
1 228 431 45000.0
1 228 432 45000.0
1 228 433 45000.0
1 228 434 45000.0
1 228 435 45000.0
1 229 435 45000.0
1 230 436 45000.0
1 230 437 45000.0
1 230 438 45000.0
1 230 439 45000.0
1 230 440 45000.0
1 230 441 45000.0
1 230 442 45000.0
1 230 443 45000.0
1 230 444 45000.0
1 230 445 45000.0
1 230 446 45000.0
1 230 447 45000.0
1 230 448 45000.0
1 230 449 45000.0
1 230 450 45000.0
1 230 451 45000.0
1 230 452 45000.0
1 230 453 45000.0
1 230 454 45000.0
1 230 455 45000.0
1 230 456 45000.0
1 231 457 45000.0
1 231 458 45000.0
1 231 459 45000.0
1 231 460 45000.0
1 232 461 45000.0
1 232 462 45000.0
1 232 463 45000.0
1 232 464 45000.0
1 233 464 45000.0
1 234 464 45000.0
1 235 464 45000.0
1 236 464 45000.0
1 237 464 45000.0
1 238 464 45000.0
1 239 465 45000.0
1 239 466 45000.0
1 239 467 5337.1
1 238 468 5337.1
1 238 469 5337.1
1 238 470 5337.1
1 239 471 5337.1
1 240 471 5337.1
1 241 472 5337.1
1 242 472 5337.1
1 243 472 5337.1
1 244 473 5337.1
1 245 474 5337.1
1 246 475 5337.1
1 246 476 5337.1
1 246 477 5337.1
1 246 478 5337.1
1 246 479 5337.1
1 246 480 5337.1
1 245 481 5337.1
1 245 482 5337.1
1 244 483 5337.1
1 243 484 5337.1
1 243 485 5337.1
1 243 486 5337.1
1 243 487 5337.1
1 243 488 5337.1
1 243 489 5337.1
1 242 490 5337.1
1 242 491 5337.1
1 241 492 5337.1
1 241 493 5337.1
1 240 494 5337.1
1 239 495 5337.1
1 238 496 5337.1
1 235 497 5337.1
1 236 497 5337.1
1 237 497 5337.1
1 233 498 5337.1
1 234 498 5337.1
1 233 499 5337.1
1 232 500 5337.1
1 231 501 5337.1
1 231 502 5337.1
1 231 503 5337.1
1 231 504 5337.1
1 231 505 5337.1
1 231 506 5337.1
1 231 507 5337.1
1 231 508 5337.1
1 231 509 5337.1
1 231 510 5337.1
1 231 511 5337.1
1 231 512 5337.1
1 231 513 5337.1
1 231 514 5337.1
1 231 515 5337.1
1 232 516 5337.1
1 232 517 5337.1
1 232 518 5337.1
1 233 519 5337.1
1 233 520 5337.1
1 233 521 5337.1
1 234 522 5337.1
1 234 523 5337.1
1 235 524 5337.1
1 235 525 5337.1
1 236 525 5337.1
1 237 525 5337.1
1 238 525 5337.1
1 239 526 5337.1
1 239 527 5337.1
1 240 528 5437.9
1 240 529 5453.1
1 241 530 5519.7
1 241 531 5549.7
1 241 532 5566.6
1 241 533 5578.1
1 241 534 5586.4
1 242 535 5064.8
1 242 536 5076.1
1 243 536 5094.1
1 244 536 5126.6
1 245 536 5155.2
1 246 537 5210.6
1 246 538 5227.7
1 247 539 5267.6
1 248 540 5303.1
1 249 540 5315.2
1 250 540 5331.6
1 251 541 5365.2
1 250 544 5398.8
1 251 544 5401.1
1 245 545 5344.2
1 246 545 5355.4
1 247 545 5374.0
1 248 545 5387.7
1 249 545 5393.2
1 243 546 5317.7
1 244 546 5321.7
1 243 547 5318.4
1 242 548 5314.5
1 242 549 5314.8
1 241 550 5308.6
1 241 551 5306.9
1 240 552 5296.5
1 239 553 5285.5
1 238 554 0.0
1 237 555 5249.9
1 236 556 5248.8
1 236 557 5248.8
1 232 558 5189.1
1 233 558 5186.1
1 234 558 5193.8
1 235 558 5197.3
1 232 559 5201.2
1 231 560 5201.4
1 231 561 5209.8
1 231 562 5216.5
1 231 563 5221.6
1 231 564 5222.9
1 230 565 5389.7
1 230 566 5382.9
1 230 567 5372.0
1 230 568 5359.6
1 215 371 5678.1
1 39 51 6043.2
1 39 52 5967.8
1 38 53 5714.5
1 38 54 5641.8
1 37 55 5375.6
1 36 56 5152.8
1 35 57 4950.0
1 35 58 4889.0
1 35 59 4787.7
1 35 60 8397.7
1 35 61 8262.3
1 35 62 8125.5
1 35 63 7985.2
1 35 64 7841.2
1 35 65 7693.4
1 35 66 7542.6
1 35 67 7395.4
1 35 68 7276.3
1 36 69 10770.0
1 36 70 10502.6
1 36 71 10250.3
1 36 72 10007.1
1 36 73 9772.1
1 36 74 9559.1
1 36 75 9377.7
1 36 76 9287.9
1 36 77 9255.2
1 230 569 5347.0
1 230 570 5333.5
1 230 571 5317.4
1 230 572 5306.0
1 230 573 5316.9
1 230 574 5332.4
1 230 575 5342.6
1 230 576 5344.7
1 230 577 5179.6
1 230 578 5212.8
1 230 579 5245.9
1 230 580 5275.3
1 230 581 5278.4
1 230 582 5283.8
1 230 583 5286.3
1 230 584 5285.4
1 230 585 5282.0
1 230 586 5277.4
1 230 587 5271.3
1 230 588 5267.4
1 229 589 5251.5
1 229 590 5242.2
1 228 591 5219.5
1 228 592 5203.8
1 228 593 5186.5
1 228 594 5164.3
1 227 595 5120.1
1 227 596 5096.9
1 227 597 5068.8
1 227 598 5035.6
1 227 599 4786.4
1 226 600 4700.2
1 226 601 4698.2
1 226 602 4696.9
1 226 603 4697.6
1 225 604 4268.5
1 224 605 4268.5
1 223 606 4290.4
1 222 607 4310.8
1 223 605 4275.0
1 114 114 -12196.8
1 117 120 -903.8480000000001
1 130 122 -613.448
1 133 112 -19311.6
1 135 194 -1484.65
1 138 201 -4356.0
1 139 168 -1887.6
1 140 168 -4501.2
1 143 126 -5808.0
1 143 172 -3339.6
1 143 190 -11035.2
1 144 166 -15100.8
1 144 172 -9583.2
1 144 190 -2904.0
1 146 117 -4356.0
1 146 188 -32379.6
1 146 190 -290.4
1 147 132 -1887.6
1 147 145 -613.448
1 148 167 -35283.6
1 148 176 -613.448
1 148 196 -9873.6
1 150 128 -145.2
1 150 198 -4356.0
1 151 142 -90024.0
1 151 195 -8276.4
1 152 125 -7583.05
1 152 132 -613.448
1 154 125 -290.4
1 154 171 -2791.45
1 154 249 -4936.8
1 155 112 -12487.2
1 156 129 -184840.0
1 157 135 -4276.1
1 157 140 -1161.6
1 158 133 -8018.65
1 158 137 -9292.8
1 158 181 -31944.0
1 159 119 -52417.2
1 159 173 -21489.6
1 160 119 -1597.2
1 161 125 -1161.6
1 161 131 -580.8
1 162 119 -1597.2
1 162 121 -12342.0
1 162 128 -195439.0
1 162 132 -43850.4
1 162 140 -1306.8
1 162 167 -1016.4
1 162 169 -19747.2
1 163 137 -726.0
1 163 138 -1775.05
1 164 135 -22215.6
1 165 130 -16698.0
1 165 131 -435.6
1 166 126 -1742.4
1 167 259 -290.4
1 168 123 -15100.8
1 168 208 -16843.2
1 170 131 -6388.8
1 170 132 -726.0
1 170 163 -43124.4
1 171 130 -5372.4
1 171 131 -8857.2
1 171 132 -10454.4
1 172 130 -5082.0
1 172 218 -10018.8
1 174 135 -2758.8
1 175 134 -82328.4
1 175 204 -1597.2
1 176 176 -4646.4
1 176 202 -8421.6
1 177 133 -19602.0
1 177 211 -4356.0
1 178 164 -73326.0
1 178 261 -11616.0
1 179 181 -1887.6
1 179 183 -2468.4
1 179 210 -22506.0
1 180 208 -20618.4
1 183 184 -20618.4
1 184 246 -7260.0
1 188 198 -15246.0
1 188 209 -7695.6
1 188 240 -10599.6
1 188 258 -11616.0
1 191 191 -89152.8
1 193 260 -22360.3
1 197 252 -435.6
1 198 297 -1452.0
1 198 298 -640.248
1 199 211 -18295.2
1 199 231 -5662.8
1 199 298 -613.448
1 200 298 -613.448
1 201 234 -1597.2
1 203 275 -20328.0
1 203 280 -1306.8
1 204 248 -15676.3
1 205 300 -648.768
1 206 286 -1452.0
1 206 300 -1226.9
1 210 264 -1016.4
1 211 255 -16117.2
1 212 258 -24103.2
1 213 264 -290.4
1 214 240 -2178.0
1 215 260 -41236.8
1 216 267 -7405.2
1 217 264 -7695.6
1 217 365 -726.0
1 218 179 -137504.0
1 219 310 -1887.6
1 221 223 -2323.2
1 221 246 -7260.0
1 221 284 -4791.86
1 222 352 -22177.1
1 222 358 -1597.2
1 222 369 -580.8
1 223 271 -3049.2
1 224 301 -4356.0
1 224 374 -6841.82
1 226 311 -4501.2
1 226 331 -7682.19
1 226 350 -266.47
1 226 365 -1843.01
1 226 382 -6175.36
1 228 225 -8421.6
1 230 255 -12777.6
1 231 401 -613.448
1 232 256 -9292.8
1 232 364 -108.35
1 232 370 -1028.18
1 233 337 -613.448
1 233 376 -2631.02
1 233 394 -1226.9
1 233 399 -74342.4
1 234 304 -4194.22
1 234 393 -639.198
1 235 367 -16795.3
1 235 400 -1887.6
1 235 605 -1474.94
1 235 609 -5186.81
1 236 263 -7695.6
1 236 351 -4936.8
1 236 609 -482.88
1 237 237 -16117.2
1 237 316 -28095.2
1 237 357 -4039.46
1 237 389 -613.448
1 238 221 -1742.4
1 238 398 -29.29
1 238 605 -3223.06
1 238 609 -1226.9
1 239 250 -2178.0
1 239 426 -435.6
1 239 605 -3067.24
1 239 606 -1840.34
1 239 619 -613.448
1 240 380 -613.448
1 240 426 -613.448
1 240 608 -2453.79
1 241 604 -613.448
1 242 311 -7126.07
1 243 357 -10309.2
1 243 371 -613.448
1 243 389 -2323.2
1 243 422 -145.2
1 243 431 -3239.53
1 243 605 -3648.04
1 244 431 -672.86
1 244 605 -3680.69
1 244 621 -3548.55
1 245 238 -16117.2
1 245 322 -7695.6
1 245 337 -613.448
1 245 370 -7331.15
1 245 621 -613.448
1 246 321 -4632.21
1 246 618 -1840.34
1 247 344 -619.4780000000001
1 247 383 -11693.0
1 247 384 -1195750.0
1 248 251 -27970.5
1 248 424 -4646.4
1 248 442 -1452.0
1 248 444 -15448.3
1 248 589 -5662.8
1 249 373 -627.898
1 249 389 -4065.6
1 249 424 -613.448
1 249 430 -32582.4
1 249 436 -6391.25
1 249 443 -2306.72
1 249 606 -3067.24
1 250 326 -2553.75
1 250 424 -613.448
1 250 425 -594449.0
1 250 431 -34859.5
1 250 595 -4744.34
1 251 300 -7260.0
1 251 356 -37956.7
1 251 408 -831.49
1 251 456 -613.448
1 251 457 -35.99
1 251 594 -613.448
1 251 595 -637.378
1 251 596 -1226.9
1 252 230 -12051.6
1 252 329 -28179.9
1 252 450 -290.4
1 252 595 -613.448
1 252 606 -613.448
1 253 298 -1452.0
1 253 331 -12236.2
1 253 332 -16669.0
1 253 416 -145.2
1 253 420 -7862.94
1 253 445 -46294.1
1 254 338 -1161.6
1 254 367 -726.0
1 254 407 -125611.0
1 254 597 -613.448
1 254 607 -7002.25
1 255 381 -24248.4
1 255 383 -11906.4
1 255 395 -1742.4
1 255 420 -7405.2
1 255 439 -22651.2
1 255 443 -101989.0
1 255 595 -613.448
1 255 596 -613.448
1 255 606 -4969.45
1 255 609 -1226.9
1 255 610 -8202.24
1 256 314 -6135.95
1 256 335 -14810.4
1 256 341 -290.4
1 256 370 -4.46
1 256 586 -67499.8
1 256 593 -2453.79
1 257 238 -145.2
1 257 324 -2262.77
1 257 576 -4334.18
1 257 599 -100144.0
1 257 600 -99171.6
1 258 325 -10317.0
1 258 336 -3046.58
1 258 418 -269481.0
1 258 420 -13048.3
1 258 442 -818343.0
1 258 464 -6969.6
1 258 585 -3680.69
1 258 595 -1226.9
1 258 601 -28168.8
1 258 602 -23929.0
1 259 340 -1049.05
1 259 371 -8239.19
1 259 405 -744.16
1 259 588 -18559.3
1 259 592 -15737.4
1 259 593 -787.748
1 260 342 -5953.2
1 260 349 -871.2
1 260 407 -1702770.0
1 260 413 -60063.3
1 260 424 -683.4
1 260 461 -1452.0
1 260 463 -97574.4
1 260 464 -11325.6
1 260 585 -18899.5
1 260 586 -29896.1
1 261 337 -5082.0
1 261 381 -239837.0
1 261 395 -102140.0
1 261 416 -49222.8
1 261 418 -613.448
1 261 429 -30052.0
1 261 464 -21925.2
1 261 492 -613.448
1 261 571 -30637.2
1 261 576 -14311.8
1 262 345 -5517.6
1 262 540 -229.14
1 262 564 -22919.8
1 262 567 -32987.9
1 262 568 -22796.4
1 262 570 -151298.0
1 262 571 -4356.0
1 263 340 -2323.2
1 263 434 -1.17
1 263 471 -1016.4
1 263 477 -32960.4
1 263 520 -1232.07
1 263 574 -290.4
1 263 582 -15124.0
1 264 265 -6679.2
1 264 344 -2032.8
1 264 345 -4501.2
1 264 355 -435.6
1 264 367 -613.448
1 264 383 -12227.3
1 264 407 -2904.0
1 264 428 -178677.0
1 264 468 -72.6
1 264 471 -49948.8
1 264 476 -145.2
1 264 477 -90750.0
1 264 523 -1985.54
1 264 524 -726.0
1 264 549 -3354.85
1 265 364 -12185.5
1 265 374 -124487.0
1 265 380 -32.93
1 265 422 -374334.0
1 265 523 -1911.61
1 266 337 -613.448
1 266 340 -1742.4
1 266 462 -145.2
1 267 391 -12632.4
1 267 463 -6243.6
1 267 555 -613.448
1 267 556 -613.448
1 268 334 -10309.2
1 268 436 -2603030.0
1 268 455 -11.87
1 268 479 -435.6
1 268 480 -580.8
1 268 489 -1045.68
1 269 363 -613.448
1 269 397 -46028.4
1 269 450 -2323.2
1 269 456 -16930.3
1 269 541 -613.448
1 270 352 -21199.2
1 270 412 -203386.0
1 270 429 -813.12
1 270 481 -613.448
1 270 483 -1683.16
1 270 484 -758.648
1 270 486 -1671.01
1 270 498 -52417.2
1 270 539 -145.2
1 271 319 -60597.5
1 271 335 -145.2
1 271 371 -1016.4
1 271 415 -59703.5
1 271 485 -270.78
1 271 493 -104345.0
1 271 498 -14229.6
1 271 537 -1772.2
1 272 337 -15943.7
1 272 351 -15536.4
1 272 368 -125620.0
1 272 388 -1063020.0
1 272 450 -5372.4
1 272 451 -20618.4
1 272 453 -580.8
1 272 462 -2137570.0
1 272 490 -726.0
1 272 491 -20.87
1 272 497 -29204.4
1 272 498 -57499.2
1 272 530 -47040.4
1 272 532 -175901.0
1 272 535 -5462.42
1 273 363 -1016.4
1 273 392 -552.46
1 273 480 -3049.2
1 273 510 -1775.05
1 273 516 -14548.6
1 273 517 -228910.0
1 273 518 -238.53
1 274 409 -3339.6
1 274 520 -28023.6
1 275 367 -11616.0
1 275 441 -184111.0
1 275 506 -435.6
1 276 366 -155509.0
1 276 392 -435.6
1 276 446 -3920.4
1 276 474 -20175.7
1 277 294 -44087.9
1 277 390 -5808.0
1 277 407 -1016200.0
1 277 431 -8395.15
1 277 472 -31390.8
1 277 480 -68541.4
1 277 482 -145.2
1 278 365 -15391.2
1 278 435 -6225.07
1 278 482 -5372.4
1 279 310 -25977.0
1 279 336 -1161.6
1 279 433 -150190.0
1 279 438 -308133.0
1 279 475 -136016.0
1 279 485 -16552.8
1 280 365 -2758.8
1 280 442 -8712.0
1 280 469 -11833.8
1 280 471 -39973.6
1 281 458 -70615.6
1 282 409 -6243.6
1 282 424 -1452.0
1 282 430 -435.6
1 282 436 -55891.9
1 282 454 -2562.21
1 283 354 -1161.6
1 283 429 -250470.0
1 283 449 -5222.89
1 283 452 -117799.0
1 283 468 -36875.0
1 284 339 -31035.7
1 284 457 -6243.6
1 284 463 -164137.0
1 285 336 -596.78
1 285 374 -1016.4
1 285 467 -172805.0
1 285 475 -56261.8
1 286 330 -57496.1
1 286 425 -3233.22
1 286 475 -25435.0
1 286 477 -31753.6
1 287 329 -419.46
1 287 388 -12137.9
1 287 426 -613.448
1 287 477 -21923.6
1 288 419 -11470.8
1 288 423 -1163.02
1 288 426 -613.448
1 289 351 -580.8
1 289 404 -170585.0
1 289 459 -40.66
1 289 468 -34208.9
1 290 402 -62.44
1 290 411 -8712.0
1 290 412 -21780.0
1 290 413 -1016.4
1 291 350 -580.8
1 291 355 -24558.2
1 291 373 -1016.4
1 292 361 -4065.6
1 292 365 -19311.6
1 292 416 -1016.4
1 292 469 -6581.55
1 294 435 -580.8
1 294 447 -9308.63
1 294 458 -20389.7
1 295 391 -9728.4
1 295 430 -1545090.0
1 296 388 -1674.81
1 296 398 -151717.0
1 296 433 -40801.2
1 297 381 -1452.0
1 297 395 -173135.0
1 297 401 -1777.25
1 297 402 -8128.3
1 297 413 -277968.0
1 297 415 -153041.0
1 297 442 -9381.85
1 299 354 -435.6
1 299 355 -861.8
1 299 387 -83.18
1 102 110 -613.448
1 102 113 -613.448
1 103 100 -613.448
1 103 104 -613.448
1 104 115 -613.448
1 105 115 -613.448
1 105 139 -613.448
1 108 117 -613.448
1 109 112 -613.448
1 111 155 -613.448
1 111 208 -613.448
1 112 181 -613.448
1 113 111 -613.448
1 113 159 -613.448
1 113 211 -613.448
1 114 173 -613.448
1 114 212 -1226.9
1 115 212 -1226.9
1 116 121 -613.448
1 116 150 -613.448
1 116 166 -613.448
1 117 119 -613.448
1 117 168 -613.448
1 117 210 -613.448
1 119 194 -613.448
1 119 202 -613.448
1 119 96 -613.448
1 120 155 -613.448
1 120 94 -613.448
1 121 187 -613.448
1 123 110 -613.448
1 123 111 -613.448
1 123 158 -613.448
1 123 168 -613.448
1 123 193 -613.448
1 123 202 -1226.9
1 125 150 -613.448
1 125 151 -613.448
1 125 193 -613.448
1 125 194 -613.448
1 126 121 -613.448
1 126 191 -613.448
1 126 195 -613.448
1 127 150 -613.448
1 127 160 -613.448
1 127 169 -613.448
1 127 195 -613.448
1 127 199 -1226.9
1 128 122 -613.448
1 128 148 -613.448
1 128 149 -613.448
1 128 152 -613.448
1 128 153 -613.448
1 128 154 -613.448
1 128 157 -613.448
1 128 199 -613.448
1 129 117 -613.448
1 129 119 -613.448
1 129 122 -613.448
1 129 146 -613.448
1 129 154 -1226.9
1 129 162 -613.448
1 129 176 -613.448
1 130 120 -613.448
1 130 154 -613.448
1 130 155 -613.448
1 130 156 -1840.34
1 130 194 -613.448
1 131 112 -613.448
1 131 121 -613.448
1 131 122 -613.448
1 131 150 -613.448
1 131 156 -613.448
1 131 157 -613.448
1 131 158 -613.448
1 131 161 -1226.9
1 131 198 -613.448
1 132 112 -613.448
1 132 155 -613.448
1 132 156 -613.448
1 132 160 -613.448
1 132 161 -1226.9
1 133 155 -613.448
1 133 159 -613.448
1 133 160 -1226.9
1 133 192 -1226.9
1 133 193 -613.448
1 134 148 -613.448
1 134 150 -613.448
1 134 151 -613.448
1 134 156 -613.448
1 134 191 -613.448
1 134 193 -2453.79
1 135 148 -3067.24
1 135 149 -1226.9
1 135 156 -613.448
1 135 157 -613.448
1 135 193 -1840.34
1 136 147 -613.448
1 136 148 -613.448
1 136 149 -613.448
1 136 150 -1226.9
1 136 153 -613.448
1 136 155 -613.448
1 137 148 -613.448
1 137 150 -613.448
1 137 153 -1226.9
1 137 154 -613.448
1 137 157 -1840.34
1 137 175 -613.448
1 137 206 -613.448
1 138 151 -613.448
1 138 152 -613.448
1 138 153 -1840.34
1 138 168 -613.448
1 138 169 -613.448
1 139 151 -613.448
1 140 138 -613.448
1 140 155 -2453.79
1 140 156 -613.448
1 140 171 -613.448
1 140 180 -613.448
1 141 149 -613.448
1 141 154 -1226.9
1 141 157 -613.448
1 141 171 -613.448
1 141 199 -1226.9
1 142 155 -613.448
1 142 156 -613.448
1 142 157 -613.448
1 142 158 -613.448
1 142 174 -613.448
1 142 179 -613.448
1 142 201 -613.448
1 143 146 -613.448
1 143 157 -1840.34
1 144 142 -1226.9
1 144 173 -613.448
1 145 142 -613.448
1 145 143 -613.448
1 145 151 -613.448
1 145 187 -613.448
1 145 226 -613.448
1 146 140 -613.448
1 146 141 -1226.9
1 146 145 -613.448
1 146 208 -613.448
1 146 229 -613.448
1 146 230 -613.448
1 146 232 -613.448
1 147 139 -1840.34
1 147 140 -613.448
1 147 141 -613.448
1 147 142 -613.448
1 147 229 -613.448
1 147 230 -613.448
1 147 233 -613.448
1 147 239 -613.448
1 147 240 -613.448
1 148 217 -613.448
1 148 221 -613.448
1 149 127 -613.448
1 149 147 -613.448
1 149 154 -613.448
1 149 222 -613.448
1 149 253 -613.448
1 150 160 -613.448
1 150 164 -613.448
1 150 177 -613.448
1 150 227 -613.448
1 150 236 -613.448
1 151 128 -613.448
1 151 228 -613.448
1 152 153 -613.448
1 152 173 -613.448
1 152 176 -613.448
1 152 222 -613.448
1 152 228 -613.448
1 153 126 -613.448
1 153 136 -613.448
1 153 155 -613.448
1 153 232 -613.448
1 153 238 -613.448
1 153 253 -613.448
1 154 126 -613.448
1 154 133 -613.448
1 154 161 -613.448
1 154 172 -613.448
1 154 220 -613.448
1 154 244 -613.448
1 155 170 -1226.9
1 155 216 -613.448
1 155 262 -613.448
1 156 160 -613.448
1 156 211 -613.448
1 156 223 -613.448
1 157 132 -613.448
1 157 133 -613.448
1 157 134 -1840.34
1 157 136 -613.448
1 157 194 -613.448
1 157 207 -613.448
1 157 240 -613.448
1 158 135 -613.448
1 158 248 -613.448
1 159 152 -613.448
1 159 231 -613.448
1 159 240 -613.448
1 159 247 -613.448
1 159 248 -613.448
1 159 250 -613.448
1 159 251 -613.448
1 159 257 -613.448
1 160 133 -613.448
1 160 249 -1226.9
1 160 251 -1226.9
1 160 252 -613.448
1 160 253 -613.448
1 160 262 -613.448
1 161 144 -1226.9
1 161 251 -613.448
1 161 253 -613.448
1 162 137 -1226.9
1 162 252 -1226.9
1 162 253 -613.448
1 163 152 -613.448
1 163 190 -613.448
1 163 236 -613.448
1 164 278 -613.448
1 164 290 -613.448
1 164 299 -613.448
1 165 133 -1226.9
1 165 134 -1226.9
1 165 135 -613.448
1 165 290 -613.448
1 166 131 -613.448
1 166 132 -613.448
1 166 133 -1226.9
1 166 134 -613.448
1 166 135 -613.448
1 166 210 -613.448
1 166 254 -613.448
1 166 255 -613.448
1 167 127 -613.448
1 167 132 -1226.9
1 167 133 -1226.9
1 167 134 -1840.34
1 167 256 -613.448
1 167 288 -613.448
1 167 294 -613.448
1 168 130 -613.448
1 168 131 -613.448
1 168 132 -2453.79
1 168 133 -2453.79
1 168 286 -613.448
1 168 287 -1226.9
1 168 291 -1226.9
1 169 128 -1226.9
1 169 129 -2453.79
1 169 131 -613.448
1 169 132 -3067.24
1 169 133 -1840.34
1 169 134 -5521.03
1 169 135 -613.448
1 169 236 -613.448
1 169 260 -613.448
1 169 271 -613.448
1 169 287 -613.448
1 169 290 -613.448
1 170 133 -1840.34
1 170 134 -7361.37
1 170 136 -613.448
1 170 187 -613.448
1 170 256 -613.448
1 170 287 -613.448
1 170 292 -613.448
1 171 133 -1226.9
1 171 134 -613.448
1 171 136 -3067.24
1 171 290 -613.448
1 172 257 -613.448
1 172 284 -613.448
1 172 295 -1226.9
1 172 311 -613.448
1 173 258 -613.448
1 173 278 -613.448
1 173 290 -613.448
1 173 292 -613.448
1 173 293 -1226.9
1 173 294 -613.448
1 174 124 -613.448
1 174 253 -613.448
1 174 261 -613.448
1 174 270 -613.448
1 174 283 -613.448
1 174 289 -613.448
1 174 293 -613.448
1 175 260 -613.448
1 175 288 -613.448
1 175 292 -1226.9
1 175 293 -613.448
1 175 296 -613.448
1 175 305 -613.448
1 176 274 -613.448
1 176 305 -613.448
1 177 289 -613.448
1 177 290 -613.448
1 178 243 -613.448
1 178 280 -613.448
1 178 285 -613.448
1 178 302 -613.448
1 178 305 -613.448
1 178 306 -613.448
1 178 311 -613.448
1 179 278 -613.448
1 179 285 -613.448
1 180 149 -613.448
1 180 286 -613.448
1 181 297 -613.448
1 181 307 -613.448
1 181 308 -613.448
1 183 242 -613.448
1 183 285 -613.448
1 183 295 -613.448
1 183 308 -613.448
1 183 309 -613.448
1 183 318 -613.448
1 184 263 -613.448
1 184 285 -613.448
1 184 313 -613.448
1 184 319 -613.448
1 185 257 -613.448
1 185 305 -613.448
1 185 306 -613.448
1 185 307 -613.448
1 185 315 -613.448
1 186 255 -613.448
1 186 265 -613.448
1 186 307 -1226.9
1 186 310 -613.448
1 188 262 -613.448
1 188 294 -613.448
1 188 295 -613.448
1 189 295 -613.448
1 189 309 -613.448
1 190 307 -613.448
1 190 308 -613.448
1 190 324 -613.448
1 191 292 -1226.9
1 191 304 -613.448
1 191 305 -613.448
1 192 258 -613.448
1 192 284 -613.448
1 192 304 -613.448
1 192 316 -613.448
1 192 319 -613.448
1 193 262 -613.448
1 193 301 -613.448
1 193 311 -613.448
1 193 313 -1226.9
1 194 284 -613.448
1 194 313 -613.448
1 195 269 -613.448
1 195 287 -613.448
1 195 289 -613.448
1 195 300 -613.448
1 195 311 -613.448
1 195 313 -613.448
1 196 269 -613.448
1 196 275 -613.448
1 196 303 -613.448
1 196 324 -613.448
1 196 333 -613.448
1 197 264 -613.448
1 197 283 -613.448
1 197 300 -613.448
1 197 322 -613.448
1 197 325 -613.448
1 198 242 -613.448
1 198 276 -1226.9
1 198 309 -613.448
1 198 311 -613.448
1 199 283 -613.448
1 199 311 -613.448
1 199 324 -613.448
1 200 280 -613.448
1 200 286 -613.448
1 200 296 -613.448
1 200 299 -613.448
1 200 306 -613.448
1 200 307 -613.448
1 200 312 -613.448
1 200 343 -613.448
1 200 345 -613.448
1 201 257 -613.448
1 202 280 -613.448
1 202 287 -613.448
1 202 297 -613.448
1 202 301 -613.448
1 202 302 -613.448
1 203 215 -613.448
1 203 304 -613.448
1 203 305 -613.448
1 203 309 -613.448
1 203 315 -613.448
1 205 263 -613.448
1 205 303 -613.448
1 205 304 -613.448
1 205 317 -613.448
1 205 318 -613.448
1 205 319 -613.448
1 206 264 -613.448
1 206 270 -613.448
1 206 301 -613.448
1 206 304 -613.448
1 206 315 -613.448
1 206 317 -1226.9
1 207 262 -613.448
1 207 300 -613.448
1 207 301 -1226.9
1 207 303 -613.448
1 207 304 -613.448
1 207 306 -1226.9
1 207 315 -613.448
1 207 317 -613.448
1 208 298 -1226.9
1 208 299 -1226.9
1 208 306 -613.448
1 208 317 -613.448
1 208 328 -613.448
1 209 284 -613.448
1 209 297 -613.448
1 209 302 -613.448
1 210 284 -613.448
1 210 301 -613.448
1 210 302 -613.448
1 210 342 -613.448
1 211 301 -613.448
1 211 321 -613.448
1 212 295 -613.448
1 212 347 -613.448
1 213 226 -613.448
1 213 287 -613.448
1 213 303 -613.448
1 213 329 -613.448
1 214 319 -613.448
1 215 289 -613.448
1 215 311 -613.448
1 215 353 -613.448
1 216 323 -613.448
1 216 341 -613.448
1 217 244 -613.448
1 217 249 -613.448
1 217 351 -613.448
1 218 209 -613.448
1 218 243 -613.448
1 218 292 -613.448
1 218 345 -1226.9
1 221 240 -613.448
1 221 611 -613.448
1 222 254 -613.448
1 222 362 -613.448
1 224 338 -613.448
1 224 359 -613.448
1 225 323 -613.448
1 225 329 -613.448
1 225 332 -613.448
1 225 368 -613.448
1 225 373 -613.448
1 225 378 -613.448
1 225 382 -1226.9
1 226 323 -613.448
1 226 388 -1226.9
1 226 618 -613.448
1 227 315 -613.448
1 228 606 -613.448
1 229 385 -1226.9
1 229 392 -613.448
1 229 393 -613.448
1 229 397 -2453.79
1 229 618 -3067.24
1 230 338 -613.448
1 230 373 -1226.9
1 230 384 -613.448
1 230 392 -1226.9
1 230 393 -2453.79
1 230 396 -613.448
1 230 605 -613.448
1 231 343 -613.448
1 231 383 -613.448
1 231 392 -3067.24
1 231 393 -6747.92
1 231 398 -613.448
1 231 603 -613.448
1 231 607 -1226.9
1 232 259 -613.448
1 232 300 -613.448
1 232 384 -613.448
1 232 389 -613.448
1 232 393 -3680.69
1 232 394 -2453.79
1 232 405 -613.448
1 232 604 -1226.9
1 232 606 -1226.9
1 232 607 -1840.34
1 232 608 -613.448
1 233 373 -613.448
1 233 393 -613.448
1 233 403 -613.448
1 233 406 -2453.79
1 233 601 -1226.9
1 233 602 -613.448
1 234 374 -613.448
1 234 388 -613.448
1 234 389 -613.448
1 234 406 -1840.34
1 234 407 -1226.9
1 234 601 -613.448
1 234 602 -1226.9
1 234 603 -1840.34
1 234 604 -613.448
1 234 605 -1226.9
1 234 606 -613.448
1 234 609 -613.448
1 234 620 -613.448
1 234 621 -613.448
1 235 342 -613.448
1 235 368 -613.448
1 235 389 -613.448
1 235 392 -613.448
1 235 404 -613.448
1 235 406 -613.448
1 235 599 -613.448
1 235 600 -1226.9
1 235 602 -1840.34
1 235 603 -613.448
1 235 606 -613.448
1 235 608 -613.448
1 236 256 -613.448
1 236 359 -613.448
1 236 377 -1226.9
1 236 378 -613.448
1 236 389 -1226.9
1 236 600 -613.448
1 236 601 -613.448
1 236 602 -1226.9
1 236 605 -613.448
1 236 606 -613.448
1 236 607 -613.448
1 236 620 -613.448
1 237 330 -613.448
1 237 377 -613.448
1 237 384 -613.448
1 237 388 -613.448
1 237 605 -1226.9
1 237 606 -1840.34
1 237 607 -1226.9
1 237 608 -3067.24
1 237 609 -1840.34
1 237 620 -613.448
1 238 346 -613.448
1 238 391 -613.448
1 238 410 -613.448
1 238 602 -613.448
1 238 603 -613.448
1 238 606 -3067.24
1 238 607 -3680.69
1 238 608 -2453.79
1 238 610 -613.448
1 239 297 -613.448
1 239 323 -613.448
1 239 404 -613.448
1 239 601 -613.448
1 239 603 -613.448
1 239 607 -1226.9
1 239 608 -2453.79
1 239 609 -1840.34
1 239 610 -1226.9
1 239 615 -1226.9
1 240 267 -613.448
1 240 319 -613.448
1 240 327 -613.448
1 240 352 -613.448
1 240 374 -1226.9
1 240 392 -1226.9
1 240 396 -613.448
1 240 406 -613.448
1 240 603 -613.448
1 240 605 -1840.34
1 240 606 -2453.79
1 240 607 -1226.9
1 240 620 -1226.9
1 240 621 -613.448
1 241 339 -613.448
1 241 352 -613.448
1 241 370 -1226.9
1 241 375 -613.448
1 241 409 -613.448
1 241 577 -613.448
1 241 603 -1226.9
1 241 605 -1840.34
1 241 606 -1226.9
1 241 607 -1226.9
1 241 608 -1226.9
1 241 609 -3067.24
1 241 610 -613.448
1 241 611 -613.448
1 241 620 -613.448
1 241 621 -613.448
1 242 314 -613.448
1 242 318 -613.448
1 242 336 -613.448
1 242 338 -613.448
1 242 339 -613.448
1 242 373 -1840.34
1 242 374 -3680.69
1 242 406 -1226.9
1 242 603 -1226.9
1 242 604 -4294.13
1 242 605 -5521.03
1 242 606 -1840.34
1 242 607 -3067.24
1 242 608 -3067.24
1 242 609 -1840.34
1 242 610 -1840.34
1 242 616 -613.448
1 242 622 -613.448
1 242 623 -1840.34
1 243 366 -613.448
1 243 369 -613.448
1 243 372 -1226.9
1 243 373 -4907.58
1 243 374 -1840.34
1 243 386 -613.448
1 243 391 -613.448
1 243 405 -613.448
1 243 406 -613.448
1 243 407 -1226.9
1 243 409 -613.448
1 243 577 -613.448
1 243 606 -4294.13
1 243 607 -3067.24
1 243 608 -1226.9
1 243 609 -3680.69
1 243 620 -613.448
1 243 622 -1226.9
1 243 623 -4907.58
1 244 371 -613.448
1 244 372 -1226.9
1 244 373 -1840.34
1 244 415 -613.448
1 244 598 -613.448
1 244 606 -2453.79
1 244 607 -613.448
1 244 611 -613.448
1 244 616 -613.448
1 244 622 -613.448
1 244 623 -2453.79
1 244 624 -613.448
1 245 312 -613.448
1 245 315 -613.448
1 245 326 -613.448
1 245 335 -613.448
1 245 338 -613.448
1 245 356 -1226.9
1 245 371 -613.448
1 245 413 -613.448
1 245 586 -613.448
1 245 604 -613.448
1 245 605 -1840.34
1 245 606 -3067.24
1 245 607 -2453.79
1 245 609 -3067.24
1 245 610 -1226.9
1 245 612 -1226.9
1 245 616 -1226.9
1 245 619 -613.448
1 245 620 -1226.9
1 245 622 -613.448
1 246 214 -613.448
1 246 342 -613.448
1 246 356 -613.448
1 246 357 -613.448
1 246 374 -613.448
1 246 413 -613.448
1 246 590 -613.448
1 246 599 -613.448
1 246 600 -3680.69
1 246 605 -2453.79
1 246 606 -4294.13
1 246 607 -2453.79
1 246 610 -613.448
1 246 612 -1226.9
1 246 614 -613.448
1 246 615 -613.448
1 246 623 -613.448
1 247 314 -613.448
1 247 331 -613.448
1 247 367 -1226.9
1 247 368 -3067.24
1 247 387 -1226.9
1 247 413 -613.448
1 247 578 -613.448
1 247 597 -613.448
1 247 598 -4294.13
1 247 599 -3680.69
1 247 600 -6134.48
1 247 601 -6134.48
1 247 605 -1226.9
1 247 609 -1226.9
1 247 610 -1226.9
1 247 611 -2453.79
1 247 612 -2453.79
1 247 613 -1226.9
1 247 618 -1226.9
1 247 619 -613.448
1 247 623 -613.448
1 248 307 -613.448
1 248 367 -613.448
1 248 368 -2453.79
1 248 371 -1226.9
1 248 372 -3067.24
1 248 387 -1226.9
1 248 388 -3680.69
1 248 413 -613.448
1 248 416 -613.448
1 248 529 -613.448
1 248 567 -613.448
1 248 596 -4294.13
1 248 597 -3067.24
1 248 598 -6134.48
1 248 599 -3680.69
1 248 600 -2453.79
1 248 601 -3680.69
1 248 602 -1840.34
1 248 605 -613.448
1 248 608 -613.448
1 248 609 -1226.9
1 248 610 -1840.34
1 248 611 -3680.69
1 248 612 -3680.69
1 248 613 -4294.13
1 248 618 -613.448
1 248 619 -613.448
1 248 620 -613.448
1 248 623 -1226.9
1 249 333 -613.448
1 249 334 -613.448
1 249 365 -1226.9
1 249 366 -1840.34
1 249 367 -613.448
1 249 368 -1840.34
1 249 371 -613.448
1 249 387 -613.448
1 249 388 -613.448
1 249 400 -613.448
1 249 412 -613.448
1 249 567 -613.448
1 249 593 -1226.9
1 249 595 -3680.69
1 249 596 -4294.13
1 249 597 -6747.92
1 249 603 -1840.34
1 249 604 -4907.58
1 249 605 -3067.24
1 249 607 -2453.79
1 249 609 -613.448
1 249 610 -1226.9
1 249 611 -3067.24
1 249 612 -5521.03
1 249 613 -1226.9
1 249 618 -613.448
1 249 623 -613.448
1 250 331 -613.448
1 250 355 -613.448
1 250 365 -1226.9
1 250 366 -3067.24
1 250 367 -1840.34
1 250 368 -613.448
1 250 369 -1226.9
1 250 370 -1226.9
1 250 371 -3680.69
1 250 382 -613.448
1 250 406 -613.448
1 250 413 -613.448
1 250 414 -613.448
1 250 423 -613.448
1 250 436 -613.448
1 250 568 -613.448
1 250 579 -613.448
1 250 591 -613.448
1 250 594 -613.448
1 250 596 -4907.58
1 250 597 -1226.9
1 250 602 -613.448
1 250 603 -4294.13
1 250 604 -3680.69
1 250 605 -2453.79
1 250 607 -613.448
1 250 608 -1840.34
1 250 609 -613.448
1 250 610 -613.448
1 250 613 -613.448
1 251 276 -613.448
1 251 322 -613.448
1 251 365 -1840.34
1 251 366 -5521.03
1 251 367 -1226.9
1 251 368 -1226.9
1 251 371 -613.448
1 251 379 -613.448
1 251 407 -613.448
1 251 414 -613.448
1 251 424 -613.448
1 251 598 -613.448
1 251 604 -613.448
1 251 605 -613.448
1 251 607 -613.448
1 251 610 -613.448
1 252 236 -613.448
1 252 365 -1840.34
1 252 366 -4294.13
1 252 367 -4294.13
1 252 368 -1226.9
1 252 376 -613.448
1 252 412 -613.448
1 252 416 -613.448
1 252 428 -613.448
1 252 506 -613.448
1 252 507 -613.448
1 252 528 -613.448
1 252 534 -613.448
1 252 544 -613.448
1 252 576 -613.448
1 252 591 -1226.9
1 252 596 -1226.9
1 252 597 -1226.9
1 252 598 -613.448
1 252 599 -1226.9
1 252 608 -1226.9
1 252 609 -613.448
1 252 611 -613.448
1 252 620 -613.448
1 253 259 -613.448
1 253 342 -613.448
1 253 363 -613.448
1 253 365 -1226.9
1 253 366 -3680.69
1 253 367 -2453.79
1 253 370 -613.448
1 253 375 -1226.9
1 253 404 -613.448
1 253 433 -1226.9
1 253 506 -613.448
1 253 543 -613.448
1 253 546 -613.448
1 253 547 -613.448
1 253 566 -613.448
1 253 586 -1226.9
1 253 596 -613.448
1 253 597 -2453.79
1 253 601 -613.448
1 253 604 -613.448
1 253 605 -613.448
1 253 614 -1840.34
1 254 366 -1226.9
1 254 478 -613.448
1 254 581 -613.448
1 254 584 -613.448
1 254 585 -3680.69
1 254 586 -3067.24
1 254 587 -1840.34
1 254 588 -1840.34
1 254 589 -2453.79
1 254 598 -613.448
1 254 599 -613.448
1 254 601 -1226.9
1 254 604 -1226.9
1 254 605 -613.448
1 254 606 -613.448
1 254 611 -613.448
1 255 341 -613.448
1 255 346 -613.448
1 255 371 -613.448
1 255 402 -613.448
1 255 442 -613.448
1 255 445 -613.448
1 255 461 -613.448
1 255 479 -613.448
1 255 512 -613.448
1 255 513 -613.448
1 255 526 -613.448
1 255 547 -613.448
1 255 548 -613.448
1 255 565 -613.448
1 255 583 -1840.34
1 255 584 -2453.79
1 255 585 -2453.79
1 255 586 -2453.79
1 255 587 -1226.9
1 255 588 -613.448
1 255 591 -613.448
1 255 594 -613.448
1 255 597 -613.448
1 255 600 -1226.9
1 255 607 -613.448
1 256 346 -613.448
1 256 350 -613.448
1 256 367 -613.448
1 256 373 -613.448
1 256 374 -613.448
1 256 491 -613.448
1 256 526 -613.448
1 256 531 -1840.34
1 256 532 -613.448
1 256 547 -613.448
1 256 548 -1226.9
1 256 549 -613.448
1 256 575 -613.448
1 256 578 -1226.9
1 256 580 -613.448
1 256 584 -1840.34
1 256 585 -1226.9
1 256 592 -1226.9
1 256 594 -4294.13
1 256 595 -2453.79
1 256 607 -2453.79
1 256 608 -1226.9
1 256 609 -613.448
1 257 330 -613.448
1 257 461 -613.448
1 257 497 -613.448
1 257 503 -613.448
1 257 506 -613.448
1 257 512 -613.448
1 257 527 -1840.34
1 257 529 -613.448
1 257 532 -613.448
1 257 549 -613.448
1 257 574 -613.448
1 257 575 -1840.34
1 257 584 -1840.34
1 257 585 -1840.34
1 257 593 -1226.9
1 257 594 -4907.58
1 257 595 -2453.79
1 257 597 -1226.9
1 257 606 -4294.13
1 257 607 -613.448
1 258 307 -613.448
1 258 330 -613.448
1 258 366 -613.448
1 258 485 -1226.9
1 258 489 -1226.9
1 258 491 -613.448
1 258 493 -613.448
1 258 494 -613.448
1 258 496 -613.448
1 258 497 -613.448
1 258 498 -1840.34
1 258 499 -1226.9
1 258 502 -613.448
1 258 503 -613.448
1 258 529 -1226.9
1 258 531 -613.448
1 258 532 -613.448
1 258 533 -1226.9
1 258 535 -613.448
1 258 546 -613.448
1 258 550 -613.448
1 258 556 -1226.9
1 258 564 -613.448
1 258 576 -613.448
1 258 583 -613.448
1 258 584 -1840.34
1 258 586 -1840.34
1 258 594 -1840.34
1 258 606 -3067.24
1 258 607 -613.448
1 259 346 -613.448
1 259 369 -1226.9
1 259 402 -613.448
1 259 444 -613.448
1 259 456 -613.448
1 259 485 -613.448
1 259 486 -613.448
1 259 488 -613.448
1 259 489 -613.448
1 259 490 -1226.9
1 259 509 -1226.9
1 259 510 -613.448
1 259 522 -613.448
1 259 528 -613.448
1 259 529 -613.448
1 259 531 -613.448
1 259 532 -613.448
1 259 545 -613.448
1 259 549 -613.448
1 259 554 -1226.9
1 259 555 -1226.9
1 259 556 -1840.34
1 259 557 -1840.34
1 259 575 -2453.79
1 259 576 -613.448
1 259 579 -613.448
1 259 584 -613.448
1 259 585 -2453.79
1 259 586 -1226.9
1 260 369 -1226.9
1 260 404 -1226.9
1 260 443 -613.448
1 260 454 -613.448
1 260 485 -613.448
1 260 486 -1226.9
1 260 487 -613.448
1 260 492 -613.448
1 260 499 -613.448
1 260 502 -1226.9
1 260 517 -613.448
1 260 527 -613.448
1 260 545 -1840.34
1 260 548 -613.448
1 260 554 -613.448
1 260 556 -613.448
1 260 567 -613.448
1 260 576 -613.448
1 260 577 -613.448
1 261 397 -613.448
1 261 404 -613.448
1 261 444 -613.448
1 261 483 -613.448
1 261 487 -613.448
1 261 501 -613.448
1 261 502 -613.448
1 261 545 -613.448
1 261 551 -613.448
1 261 552 -613.448
1 261 565 -613.448
1 262 254 -613.448
1 262 353 -1226.9
1 262 369 -613.448
1 262 425 -613.448
1 262 443 -613.448
1 262 458 -613.448
1 262 483 -1226.9
1 262 493 -613.448
1 262 501 -613.448
1 262 502 -613.448
1 262 523 -613.448
1 262 524 -613.448
1 262 535 -613.448
1 262 536 -613.448
1 262 537 -613.448
1 262 542 -613.448
1 262 546 -613.448
1 262 584 -613.448
1 262 587 -613.448
1 263 355 -613.448
1 263 415 -613.448
1 263 484 -613.448
1 263 493 -613.448
1 263 509 -613.448
1 263 522 -613.448
1 263 523 -1226.9
1 263 524 -1226.9
1 263 541 -1226.9
1 263 542 -613.448
1 263 543 -613.448
1 263 546 -1226.9
1 263 576 -613.448
1 263 579 -613.448
1 263 581 -2453.79
1 264 369 -613.448
1 264 379 -613.448
1 264 481 -613.448
1 264 482 -613.448
1 264 493 -613.448
1 264 503 -613.448
1 264 504 -613.448
1 264 516 -613.448
1 264 521 -1840.34
1 264 527 -613.448
1 264 543 -2453.79
1 264 568 -613.448
1 264 575 -613.448
1 264 576 -1226.9
1 265 336 -613.448
1 265 367 -1226.9
1 265 457 -613.448
1 265 459 -613.448
1 265 511 -613.448
1 265 516 -613.448
1 265 520 -613.448
1 265 524 -613.448
1 265 568 -1226.9
1 266 314 -613.448
1 266 413 -613.448
1 266 456 -613.448
1 266 478 -613.448
1 266 481 -613.448
1 266 483 -613.448
1 266 484 -613.448
1 266 485 -613.448
1 266 492 -613.448
1 266 498 -613.448
1 266 505 -613.448
1 266 518 -613.448
1 266 523 -613.448
1 266 543 -613.448
1 266 545 -613.448
1 266 549 -613.448
1 266 555 -613.448
1 267 337 -613.448
1 267 365 -613.448
1 267 381 -613.448
1 267 459 -613.448
1 267 460 -1226.9
1 267 505 -613.448
1 267 507 -613.448
1 267 543 -613.448
1 267 544 -1226.9
1 267 549 -613.448
1 267 553 -1840.34
1 267 562 -613.448
1 268 507 -1226.9
1 268 540 -613.448
1 268 541 -613.448
1 268 542 -1226.9
1 268 543 -2453.79
1 268 544 -1226.9
1 268 549 -613.448
1 268 551 -613.448
1 268 552 -613.448
1 268 553 -613.448
1 269 362 -613.448
1 269 505 -1226.9
1 269 507 -613.448
1 269 528 -613.448
1 269 543 -613.448
1 269 547 -1226.9
1 270 474 -613.448
1 270 475 -1226.9
1 270 479 -613.448
1 270 491 -613.448
1 270 504 -613.448
1 270 507 -613.448
1 270 526 -613.448
1 271 375 -613.448
1 271 388 -613.448
1 271 479 -613.448
1 271 481 -613.448
1 271 487 -613.448
1 271 491 -613.448
1 271 526 -613.448
1 272 469 -613.448
1 272 493 -613.448
1 272 495 -1226.9
1 272 496 -613.448
1 272 502 -613.448
1 272 526 -1840.34
1 273 441 -613.448
1 273 462 -613.448
1 273 526 -613.448
1 275 463 -613.448
1 275 480 -613.448
1 275 502 -613.448
1 275 504 -613.448
1 276 502 -613.448
1 277 393 -613.448
1 279 459 -613.448
1 280 563 -613.448
1 282 434 -613.448
1 282 435 -613.448
1 283 461 -613.448
1 283 482 -613.448
1 283 483 -613.448
1 285 437 -613.448
1 285 482 -613.448
1 285 483 -613.448
1 286 377 -613.448
1 286 464 -613.448
1 288 469 -613.448
1 289 362 -613.448
1 289 443 -613.448
1 292 358 -613.448
1 293 390 -1840.34
1 293 391 -613.448
1 296 390 -613.448
1 301 359 -613.448
1 301 378 -613.448
1 85 106 -613.448
1 92 112 -1226.9
1 93 117 -613.448
1 97 89 -613.448
1 98 101 -613.448
1 99 126 -613.448
1 99 136 -613.448
1 147 119 -4356.0
1 150 114 -20763.6
1 153 113 -11180.4
1 156 158 -36300.0
1 167 186 -29040.0
1 170 169 -121968.0
1 197 280 -1452.0
1 199 225 -9292.8
1 234 285 -5227.2
1 244 234 -85958.4
1 259 541 -435.6
1 265 469 -145.2
1 267 479 -2032.8
1 271 361 -1847.38
1 272 454 -102.13
1 291 453 -3256.84
1 299 360 -5517.6
1 109 116 -14520.0
1 131 118 -2468.4
1 132 183 -3920.4
1 137 123 -12922.8
1 152 130 -4501.2
1 155 192 -15391.2
1 157 117 -5662.8
1 158 205 -145.2
1 164 258 -43124.4
1 169 164 -2468.4
1 172 162 -2032.8
1 172 163 -4501.2
1 172 164 -871.2
1 173 196 -290.4
1 195 280 -10164.0
1 214 174 -117612.0
1 226 358 -7341.31
1 256 333 -5227.2
1 262 350 -2904.0
1 267 346 -7840.8
1 271 470 -871.2
1 274 431 -2728460.0
1 285 357 -22796.4
1 289 374 -580.8
1 292 370 -7260.0
1 293 378 -4501.2
1 143 154 -14665.2
1 144 130 -16117.2
1 151 143 -14520.0
1 152 183 -580.8
1 153 212 -12487.2
1 154 128 -580.8
1 155 180 -10454.4
1 155 187 -1016.4
1 161 161 -8276.4
1 162 171 -145.2
1 164 159 -18150.0
1 167 163 -24393.6
1 175 178 -1887.6
1 176 128 -11906.4
1 189 206 -24684.0
1 221 361 -435.6
1 222 252 -726.0
1 222 266 -17714.4
1 224 273 -7695.6
1 226 361 -11035.2
1 234 319 -7114.8
1 235 317 -9728.4
1 245 243 -63016.8
1 248 238 -63016.8
1 248 331 -2613.6
1 256 342 -3775.2
1 259 347 -3484.8
1 266 345 -7260.0
1 271 268 -13503.6
1 274 278 -31944.0
1 295 392 -1452.0
1 296 391 -1597.2
1 296 393 -1597.2
1 143 114 -12922.8
1 144 151 -435.6
1 146 180 -580.8
1 147 148 -8131.2
1 149 124 -290.4
1 149 181 -15826.8
1 149 202 -14955.6
1 150 186 -18730.8
1 151 178 -36880.8
1 151 181 -24974.4
1 151 189 -19747.2
1 152 180 -290.4
1 153 188 -20908.8
1 154 113 -580.8
1 158 173 -4936.8
1 165 167 -319440.0
1 168 164 -29040.0
1 168 166 -75504.0
1 170 115 -9438.0
1 171 125 -1016.4
1 188 207 -1306.8
1 189 288 -2758.8
1 209 281 -29719.0
1 210 249 -4501.2
1 219 272 -1016.4
1 221 302 -290.4
1 224 287 -10890.0
1 228 354 -9292.8
1 231 270 -4356.0
1 231 347 -726.0
1 236 342 -6534.0
1 236 344 -2468.4
1 240 357 -7986.0
1 244 333 -4356.0
1 246 332 -5372.4
1 258 343 -290.4
1 260 345 -871.2
1 261 340 -2613.6
1 262 361 -16988.4
1 263 344 -3484.8
1 263 350 -1742.4
1 265 517 -145.2
1 267 321 -4356.0
1 267 428 -980.1
1 269 364 -3630.0
1 269 365 -435.6
1 270 361 -7114.8
1 271 267 -290.4
1 271 355 -3775.2
1 271 363 -5082.0
1 275 399 -2254.96
1 278 502 -4936.8
1 281 331 -871.2
1 284 333 -726.0
1 290 371 -290.4
1 291 365 -2323.2
1 296 358 -104544.0
1 297 356 -9438.0
1 299 347 -1306.8
1 125 93 -145.2
1 142 117 -15391.2
1 146 146 -5517.6
1 152 213 -4501.2
1 156 214 -48932.4
1 161 185 -29620.8
1 163 186 -2468.4
1 166 203 -5372.4
1 168 216 -66211.2
1 183 232 -7840.8
1 192 232 -25990.8
1 201 310 -435.6
1 222 324 -1161.6
1 230 358 -1887.6
1 232 347 -2468.4
1 233 341 -3775.2
1 242 618 -13068.0
1 248 344 -6388.8
1 263 427 -145.2
1 263 570 -145.2
1 264 348 -726.0
1 268 366 -726.0
1 286 302 -2904.0
1 292 360 -6098.4
1 293 357 -15826.8
1 295 362 -1452.0
1 297 439 -1297610.0
1 150 118 -26136.0
1 150 121 -21634.8
1 150 127 -2904.0
1 152 118 -11180.4
1 153 123 -9438.0
1 160 139 -11035.2
1 224 257 -5662.8
1 230 223 -18150.0
1 260 332 -290.4
1 276 359 -435.6
1 281 445 -435.6
1 282 357 -145.2
1 149 213 -23812.8
1 189 195 -145.2
1 190 250 -4065.6
1 192 197 -145.2
1 202 228 -2178.0
1 210 253 -4356.0
1 245 324 -2613.6
1 270 480 -290.4
1 186 159 -290.4
1 291 354 -435.6
1 145 131 -19311.6
1 148 124 -145.2
1 153 116 -6824.4
1 171 128 -726.0
1 188 197 -145.2
1 188 204 -13939.2
1 203 340 -578.21
1 206 281 -726.0
1 208 226 -9728.4
1 211 266 -30073.7
1 213 276 -59327.5
1 214 274 -34328.8
1 220 278 -120990.0
1 223 372 -14520.0
1 232 398 -726.0
1 233 375 -1887.6
1 239 385 -2196.86
1 239 406 -158.22
1 239 416 -9.86
1 241 238 -3484.8
1 245 408 -6388.8
1 246 320 -2904.0
1 248 454 -290.4
1 259 351 -3602.29
1 265 360 -35127.3
1 267 407 -2613.6
1 269 360 -7530.07
1 272 360 -4936.8
1 273 340 -145.2
1 273 521 -16262.4
1 274 327 -1742.4
1 275 465 -363.33
1 280 371 -24974.4
1 290 322 -7550.4
1 292 458 -92.93
1 294 354 -33396.0
1 297 377 -2323.2
1 147 183 -3920.4
1 205 310 -290.4
1 259 439 -145.2
1 257 342 -1887.6
1 201 251 -8712.0
1 251 286 -18150.0
1 264 441 -145.2
1 265 488 -145.2
1 294 356 -1306.8
1 144 132 -145.2
1 267 385 -15536.4
1 135 160 -2178.0
1 136 173 -2613.6
1 144 189 -3339.6
1 154 112 -25264.8
1 156 131 -145.2
1 164 169 -14520.0
1 167 247 -726.0
1 183 124 -21925.2
1 186 125 -17714.4
1 186 209 -5082.0
1 204 300 -30.15
1 215 269 -13794.0
1 218 239 -53731.2
1 225 242 -33396.0
1 226 375 -41108.1
1 238 302 -1887.6
1 242 355 -152.86
1 244 321 -110352.0
1 245 406 -1161.6
1 247 591 -435.6
1 248 590 -3630.0
1 248 593 -290.4
1 251 614 -1305.93
1 255 333 -10564.1
1 256 443 -419.8
1 258 339 -1785.97
1 258 416 -190.76
1 263 583 -125.39
1 266 470 -2090.88
1 270 476 -1597.2
1 273 523 -163205.0
1 274 506 -580.8
1 280 458 -633.63
1 291 374 -435.6
1 293 458 -14955.6
1 297 388 -1105.5
1 298 384 -103.85
1 204 299 -145.2
1 221 300 -871.2
1 134 167 -35138.4
1 159 157 -25119.6
1 184 305 -13.5
1 197 298 -38.57
1 211 290 -1452.0
1 225 289 -18876.0
1 237 406 -1197.2
1 241 343 -2032.8
1 244 430 -1306.8
1 247 342 -193.54
1 253 427 -2581.71
1 253 443 -451.1
1 254 398 -26.51
1 254 442 -1717.5
1 254 444 -743.38
1 254 445 -106.91
1 256 445 -1158.15
1 257 387 -45157.2
1 259 345 -290.4
1 261 322 -15.98
1 261 369 -574.99
1 262 555 -145.2
1 265 559 -1113.07
1 271 364 -1306.8
1 271 471 -290.4
1 271 489 -2957.58
1 273 520 -580.8
1 273 522 -435.6
1 275 371 -726.0
1 275 449 -12632.4
1 277 386 -145.2
1 262 394 -1160940.0
1 271 492 -145.2
1 157 122 -435.6
1 160 136 -1016.4
1 169 201 -41236.8
1 199 297 -200.62
1 211 313 -32.06
1 212 315 -88.34
1 224 372 -2178.0
1 246 609 -1493.05
1 247 343 -67.38
1 250 395 -4065.6
1 255 446 -513.22
1 261 524 -1923.86
1 261 525 -451.39
1 270 482 -43.36
1 276 386 -1597.2
1 281 446 -726.0
1 284 406 -2323.2
1 295 390 -145.2
1 297 384 -145.2
1 165 158 -14229.6
1 145 147 -145.2
1 257 443 -1469.22
1 272 547 -147.05
1 162 205 -5517.6
1 170 249 -145.2
1 178 255 -4791.6
1 194 320 -726.0
1 196 299 -290.4
1 229 341 -1161.6
1 234 400 -145.2
1 237 378 -2.87
1 240 386 -3.83
1 241 353 -153.43
1 244 330 -3920.4
1 247 341 -96.77
1 248 343 -206.94
1 249 589 -145.2
1 253 400 -145.2
1 254 394 -36.75
1 254 400 -145.2
1 255 373 -145.2
1 261 362 -38042.4
1 262 441 -145.2
1 263 353 -6.99
1 274 527 -74.75
1 275 356 -4646.4
1 276 469 -145.2
1 276 484 -580.8
1 277 429 -155.34
1 207 193 -106867.0
