1 62 1 3798.3
1 61 2 3770.7
1 60 3 3749.7
1 59 4 3733.5
1 58 5 3721.5
1 57 6 3713.4
1 56 7 3709.2
1 55 8 3709.0
1 54 9 3713.4
1 53 10 3722.5
1 52 11 3736.7
1 51 12 3755.5
1 49 13 3767.8
1 50 13 3777.1
1 48 14 3789.3
1 47 15 3784.5
1 46 16 3776.7
1 45 17 3766.9
1 45 18 3767.6
1 45 19 3768.3
1 44 20 3756.4
1 44 21 3756.2
1 44 22 3755.5
1 44 23 3754.2
1 44 24 3752.2
1 44 25 3749.4
1 44 26 3745.6
1 44 27 3740.7
1 44 28 3734.5
1 44 29 3727.0
1 44 30 3717.9
1 44 31 3707.0
1 44 32 3694.2
1 44 33 3679.1
1 44 34 3661.5
1 44 35 3641.1
1 44 36 3617.4
1 44 37 3589.8
1 44 38 3557.8
1 44 39 3520.3
1 44 40 3476.1
1 44 41 3422.8
1 43 42 3304.0
1 43 43 3265.0
1 43 44 3203.3
1 42 45 3052.1
1 42 46 2997.6
1 40 47 2765.7
1 41 47 2812.0
1 40 48 2729.6
1 40 49 2663.5
1 40 50 2567.6
1 35 78 4859.7
1 35 79 4888.1
1 34 80 4945.1
1 33 81 5025.5
1 32 82 5089.1
1 31 83 5102.5
1 30 84 5114.2
1 29 85 5123.1
1 28 86 5145.4
1 27 87 5164.2
1 26 88 5190.3
1 25 89 5217.8
1 25 90 5254.2
1 24 91 5241.3
1 24 92 5256.5
1 24 93 5293.6
1 24 94 5330.6
1 23 95 5345.7
1 23 96 5386.0
1 23 97 5422.3
1 22 98 5430.3
1 22 99 5471.4
1 22 100 5508.4
1 22 101 5545.7
1 21 102 5566.0
1 21 103 5611.1
1 20 104 5633.2
1 20 105 5675.7
1 19 106 5707.7
1 19 107 5752.1
1 18 108 5788.7
1 18 109 5828.5
1 17 110 5747.7
1 17 111 5758.8
1 17 112 5868.1
1 65 109 6030.5
1 66 109 6027.0
1 67 109 5976.4
1 68 109 5941.6
1 69 109 5951.1
1 62 110 5964.5
1 63 110 6002.2
1 64 110 6023.1
1 70 110 6040.0
1 60 111 5859.4
1 61 111 5880.9
1 71 111 6106.0
1 37 112 5647.1
1 38 112 5707.3
1 39 112 5768.9
1 40 112 5814.4
1 41 112 5851.4
1 42 112 5873.4
1 43 112 5884.6
1 44 112 5893.7
1 45 112 5900.9
1 46 112 5910.4
1 47 112 5919.3
1 48 112 5936.9
1 55 112 5739.6
1 56 112 5761.3
1 57 112 5778.4
1 58 112 5795.2
1 59 112 5810.1
1 72 112 6143.0
1 16 113 5956.8
1 33 113 5631.7
1 34 113 5615.1
1 35 113 5599.2
1 36 113 5578.7
1 49 113 5930.6
1 50 113 5908.4
1 51 113 5855.3
1 52 113 5800.7
1 53 113 5744.1
1 54 113 5707.4
1 73 113 6175.3
1 16 114 6015.9
1 29 114 5721.3
1 30 114 5696.1
1 31 114 5668.3
1 32 114 5633.3
1 74 114 6198.4
1 75 114 6202.5
1 16 115 6072.6
1 25 115 5833.0
1 26 115 5810.2
1 27 115 5781.0
1 28 115 5741.0
1 76 115 6234.3
1 16 116 6127.9
1 21 116 5975.7
1 22 116 5990.6
1 23 116 5903.4
1 24 116 5863.2
1 77 116 6249.5
1 78 116 6247.6
1 79 116 6260.2
1 16 117 6182.1
1 20 117 6023.7
1 80 117 6281.1
1 81 117 6279.2
1 82 117 6258.6
1 83 117 6231.1
1 84 117 6202.0
1 16 118 6219.5
1 17 118 6185.7
1 18 118 6138.6
1 19 118 6085.1
1 85 118 6131.5
1 85 119 6089.7
1 86 120 6072.5
1 86 121 6095.2
1 86 122 6120.0
1 86 123 6137.3
1 86 124 6149.7
1 86 125 6159.3
1 86 126 6166.4
1 86 127 6170.1
1 86 128 6170.7
1 86 129 6169.0
1 86 130 6166.3
1 86 131 6162.1
1 86 132 6155.2
1 86 133 6146.5
1 86 134 6134.7
1 86 135 6118.8
1 86 136 6099.7
1 85 137 6050.6
1 85 138 6037.7
1 84 139 6032.8
1 83 140 6073.8
1 82 141 6157.7
1 82 142 6174.0
1 81 143 6226.7
1 80 144 6287.2
1 79 145 6356.2
1 78 146 6419.8
1 77 147 6487.1
1 76 148 6559.0
1 75 149 6636.4
1 75 150 6700.7
1 75 151 6761.3
1 75 152 6821.9
1 75 153 6868.8
1 76 154 6862.0
1 77 154 6849.2
1 78 154 6839.0
1 79 155 6827.7
1 80 155 6815.1
1 81 156 6797.5
1 82 157 6771.0
1 82 158 6748.6
1 83 158 6734.5
1 84 159 6704.6
1 84 160 6676.8
1 84 161 6652.4
1 84 162 6628.5
1 85 163 6603.4
1 86 164 6574.0
1 87 165 6537.0
1 88 166 6502.2
1 89 167 6468.6
1 90 168 6387.2
1 90 169 6337.2
1 91 170 6269.8
1 92 171 6198.4
1 93 172 6167.7
1 94 173 6141.2
1 94 174 6138.8
1 95 175 6123.4
1 95 176 6109.0
1 95 177 6113.7
1 95 178 6120.7
1 95 179 6126.0
1 96 180 5954.7
1 97 181 5971.7
1 98 182 5989.2
1 99 183 6006.7
1 100 184 6022.5
1 101 185 6037.9
1 102 185 6046.3
1 103 185 6061.9
1 104 186 6096.3
1 105 186 6097.4
1 106 187 6100.6
1 107 188 6096.4
1 108 189 5914.1
1 108 190 5916.1
1 108 191 5917.1
1 108 192 5916.7
1 108 193 5912.5
1 107 194 5707.4
1 107 195 5703.4
1 107 196 5695.6
1 107 197 5685.3
1 107 198 5673.3
1 106 199 5634.9
1 106 200 5622.0
1 105 201 5576.1
1 105 202 5562.9
1 104 203 5522.4
1 104 204 5513.7
1 104 205 5498.7
1 104 206 5477.3
1 104 207 5444.2
1 98 208 5460.6
1 99 208 5470.7
1 100 208 5483.1
1 101 208 5496.0
1 102 208 5513.7
1 103 208 5542.4
1 97 209 5451.3
1 97 210 5450.1
1 97 211 5446.0
1 97 212 5440.7
1 96 213 5424.1
1 95 214 5416.7
1 95 215 5415.4
1 94 216 5408.0
1 94 217 5407.1
1 94 218 5406.4
1 95 219 5410.6
1 96 220 5414.1
1 97 221 5418.0
1 97 222 5416.9
1 98 223 5420.2
1 98 224 5418.8
1 99 225 5422.9
1 99 226 5421.0
1 100 227 5242.1
1 128 227 5398.5
1 129 227 5461.6
1 101 228 5248.0
1 107 228 5142.9
1 108 228 5167.8
1 109 228 5196.4
1 110 228 5228.4
1 111 228 5263.1
1 125 228 5283.4
1 126 228 5309.8
1 127 228 5318.0
1 130 228 5187.6
1 131 228 5194.1
1 132 228 5188.2
1 133 228 5189.3
1 134 228 5195.5
1 135 228 5209.9
1 136 228 5226.9
1 137 228 5240.2
1 138 228 5267.0
1 102 229 5252.8
1 106 229 5280.7
1 112 229 5117.3
1 118 229 5143.6
1 119 229 5162.0
1 120 229 5177.9
1 121 229 5192.0
1 122 229 5203.3
1 123 229 5212.7
1 124 229 5215.2
1 139 229 5340.3
1 103 230 5256.3
1 104 230 5258.9
1 105 230 5261.9
1 113 230 5133.9
1 114 230 5125.4
1 115 230 5121.1
1 116 230 5118.6
1 117 230 5110.7
1 140 230 5307.1
1 139 231 5374.7
1 137 232 5411.3
1 138 232 5410.6
1 136 233 5414.6
1 135 234 5407.4
1 133 235 5374.7
1 134 235 5388.0
1 132 236 5357.8
1 130 237 5314.5
1 131 237 5329.7
1 129 238 5303.3
1 128 239 5287.2
1 127 240 5267.3
1 127 241 5257.5
1 127 242 5244.6
1 128 243 5252.9
1 129 244 5251.2
1 129 245 5238.5
1 130 246 5234.7
1 131 246 5233.6
1 132 246 5236.5
1 133 246 5245.8
1 134 246 5263.2
1 135 246 5289.6
1 136 246 5316.8
1 137 246 5336.8
1 138 246 5358.8
1 139 247 5409.5
1 140 247 5434.0
1 141 247 5471.5
1 142 247 5514.8
1 143 248 5577.8
1 144 249 5671.3
1 144 250 5698.1
1 145 251 5749.9
1 145 252 5775.5
1 145 253 5795.8
1 146 254 5829.1
1 146 255 5826.5
1 146 256 5820.5
1 146 257 5812.6
1 146 258 5802.4
1 146 259 5790.6
1 146 260 5777.2
1 146 261 5764.9
1 146 262 5751.7
1 146 263 5738.5
1 146 264 5728.4
1 146 265 0.0
1 147 266 5482.8
1 147 267 5453.7
1 147 268 5428.8
1 147 269 5389.1
1 147 270 5356.1
1 148 271 5306.0
1 148 272 5279.2
1 148 273 5252.1
1 148 274 5230.3
1 149 274 5215.4
1 149 275 5175.8
1 149 276 5143.6
1 149 277 5091.0
1 149 278 5036.4
1 150 279 5132.7
1 150 280 5087.7
1 150 281 5046.5
1 150 282 5016.2
1 151 283 4932.5
1 151 284 4888.7
1 151 285 4855.4
1 152 286 4761.4
1 152 287 4706.8
1 152 288 4662.5
1 152 289 4628.0
1 153 290 4722.8
1 153 291 4696.3
1 153 292 4704.2
1 154 293 4715.0
1 154 294 4726.6
1 154 295 4736.1
1 154 296 4742.2
1 155 297 4760.1
1 155 298 4763.9
1 156 299 4586.8
1 157 299 4593.1
1 158 299 4602.6
1 159 299 4615.1
1 160 299 4631.1
1 161 299 4650.5
1 162 300 4681.7
1 162 301 4684.5
1 162 302 4683.6
1 162 303 4681.0
1 162 304 4678.3
1 163 305 4857.4
1 163 306 4848.4
1 163 307 4838.6
1 163 308 4829.3
1 163 309 4823.2
1 164 310 5039.4
1 165 311 5081.0
1 166 312 5152.7
1 167 313 5211.3
1 168 314 5244.2
1 168 315 5076.7
1 168 316 5081.0
1 169 316 5088.5
1 169 317 5094.3
1 170 317 5104.1
1 171 318 5105.2
1 171 319 5081.8
1 172 320 5033.9
1 172 321 4986.4
1 172 322 4938.1
1 172 323 4887.1
1 172 324 4847.4
1 173 325 4845.9
1 173 326 4849.5
1 173 327 4851.3
1 174 328 4860.7
1 174 329 4862.3
1 174 330 4863.3
1 175 331 4867.8
1 176 331 4871.8
1 177 331 4877.7
1 178 332 4887.1
1 179 333 4889.7
1 179 334 4886.6
1 179 335 4883.5
1 180 336 4881.0
1 181 337 4872.5
1 181 338 4867.8
1 187 338 4741.0
1 188 338 4762.1
1 189 338 4779.7
1 190 338 4793.4
1 182 339 4858.5
1 186 339 4873.5
1 191 339 4797.0
1 192 339 5216.0
1 182 340 4852.5
1 186 340 4857.8
1 193 340 5215.3
1 182 341 4848.9
1 186 341 4847.8
1 194 341 5215.2
1 195 341 5216.8
1 183 342 4845.3
1 184 342 4845.1
1 185 342 4844.6
1 186 342 4843.5
1 196 342 5216.5
1 196 343 5214.4
1 197 344 5213.3
1 198 345 5210.9
1 199 346 5208.8
1 200 346 5210.4
1 201 346 5212.6
1 202 346 5214.7
1 203 346 5215.5
1 204 346 4322.51
1 205 347 5199.5
1 206 347 5193.3
1 207 348 5398.8
1 207 349 5496.1
1 207 350 5637.0
1 206 351 5696.9
1 205 352 5701.7
1 205 353 5706.2
1 205 354 5711.2
1 206 355 5734.1
1 206 356 5742.3
1 207 357 5767.0
1 208 357 5784.2
1 209 358 5465.4
1 210 359 5522.7
1 211 359 5550.7
1 212 360 5470.5
1 212 361 5507.7
1 208 362 5529.9
1 209 362 5534.6
1 210 362 5541.7
1 211 362 5547.4
1 207 363 5526.1
1 206 364 5520.7
1 206 365 5522.0
1 206 366 5522.2
1 206 367 5521.4
1 206 368 5520.4
1 206 369 5519.2
1 207 369 5525.6
1 208 369 5542.1
1 209 369 5563.8
1 210 369 5588.2
1 211 369 5618.5
1 212 369 5654.9
1 213 369 5699.1
1 214 370 5595.6
1 215 370 5629.4
1 216 372 5626.7
1 214 373 5263.1
1 215 373 5351.3
1 214 374 5220.0
1 213 375 5270.2
1 212 376 5247.8
1 211 377 5194.7
1 211 378 5183.6
1 211 379 5178.1
1 211 380 5180.2
1 211 381 5189.3
1 211 382 5243.7
1 211 383 5293.5
1 212 384 45000.0
1 212 385 45000.0
1 212 386 45000.0
1 212 387 45000.0
1 212 388 45000.0
1 212 389 45000.0
1 212 390 45000.0
1 212 391 45000.0
1 212 392 45000.0
1 212 393 45000.0
1 213 394 45000.0
1 213 395 45000.0
1 213 396 45000.0
1 213 397 45000.0
1 213 398 45000.0
1 213 399 45000.0
1 213 400 45000.0
1 213 401 45000.0
1 213 402 45000.0
1 214 403 45000.0
1 214 404 45000.0
1 214 405 45000.0
1 214 406 45000.0
1 214 407 45000.0
1 214 409 45000.0
1 214 410 45000.0
1 214 411 45000.0
1 214 412 45000.0
1 214 413 45000.0
1 214 414 45000.0
1 214 415 45000.0
1 215 416 45000.0
1 215 417 45000.0
1 227 417 45000.0
1 228 417 45000.0
1 229 417 45000.0
1 216 418 45000.0
1 226 418 45000.0
1 230 418 45000.0
1 217 419 45000.0
1 218 419 45000.0
1 219 419 45000.0
1 220 419 45000.0
1 221 419 45000.0
1 222 419 45000.0
1 223 419 45000.0
1 224 419 45000.0
1 225 419 45000.0
1 229 419 45000.0
1 229 420 45000.0
1 226 421 45000.0
1 227 421 45000.0
1 228 421 45000.0
1 224 422 45000.0
1 225 422 45000.0
1 224 423 45000.0
1 224 424 45000.0
1 225 424 45000.0
1 226 424 45000.0
1 227 424 45000.0
1 228 424 45000.0
1 229 425 45000.0
1 229 426 45000.0
1 229 427 45000.0
1 229 428 45000.0
1 229 429 45000.0
1 228 430 45000.0
1 228 431 45000.0
1 228 432 45000.0
1 228 433 45000.0
1 228 434 45000.0
1 228 435 45000.0
1 229 435 45000.0
1 230 436 45000.0
1 230 437 45000.0
1 230 438 45000.0
1 230 439 45000.0
1 230 440 45000.0
1 230 441 45000.0
1 230 442 45000.0
1 230 443 45000.0
1 230 444 45000.0
1 230 445 45000.0
1 230 446 45000.0
1 230 447 45000.0
1 230 448 45000.0
1 230 449 45000.0
1 230 450 45000.0
1 230 451 45000.0
1 230 452 45000.0
1 230 453 45000.0
1 230 454 45000.0
1 230 455 45000.0
1 230 456 45000.0
1 231 457 45000.0
1 231 458 45000.0
1 231 459 45000.0
1 231 460 45000.0
1 232 461 45000.0
1 232 462 45000.0
1 232 463 45000.0
1 232 464 45000.0
1 233 464 45000.0
1 234 464 45000.0
1 235 464 45000.0
1 236 464 45000.0
1 237 464 45000.0
1 238 464 45000.0
1 239 465 45000.0
1 239 466 45000.0
1 239 467 5337.1
1 238 468 5337.1
1 238 469 5337.1
1 238 470 5337.1
1 239 471 5337.1
1 240 471 5337.1
1 241 472 5337.1
1 242 472 5337.1
1 243 472 5337.1
1 244 473 5337.1
1 245 474 5337.1
1 246 475 5337.1
1 246 476 5337.1
1 246 477 5337.1
1 246 478 5337.1
1 246 479 5337.1
1 246 480 5337.1
1 245 481 5337.1
1 245 482 5337.1
1 244 483 5337.1
1 243 484 5337.1
1 243 485 5337.1
1 243 486 5337.1
1 243 487 5337.1
1 243 488 5337.1
1 243 489 5337.1
1 242 490 5337.1
1 242 491 5337.1
1 241 492 5337.1
1 241 493 5337.1
1 240 494 5337.1
1 239 495 5337.1
1 238 496 5337.1
1 235 497 5337.1
1 236 497 5337.1
1 237 497 5337.1
1 233 498 5337.1
1 234 498 5337.1
1 233 499 5337.1
1 232 500 5337.1
1 231 501 5337.1
1 231 502 5337.1
1 231 503 5337.1
1 231 504 5337.1
1 231 505 5337.1
1 231 506 5337.1
1 231 507 5337.1
1 231 508 5337.1
1 231 509 5337.1
1 231 510 5337.1
1 231 511 5337.1
1 231 512 5337.1
1 231 513 5337.1
1 231 514 5337.1
1 231 515 5337.1
1 232 516 5337.1
1 232 517 5337.1
1 232 518 5337.1
1 233 519 5337.1
1 233 520 5337.1
1 233 521 5337.1
1 234 522 5337.1
1 234 523 5337.1
1 235 524 5337.1
1 235 525 5337.1
1 236 525 5337.1
1 237 525 5337.1
1 238 525 5337.1
1 239 526 5337.1
1 239 527 5337.1
1 240 528 5437.9
1 240 529 5453.1
1 241 530 5519.7
1 241 531 5549.7
1 241 532 5566.6
1 241 533 5578.1
1 241 534 5586.4
1 242 535 5064.8
1 242 536 5076.1
1 243 536 5094.1
1 244 536 5126.6
1 245 536 5155.2
1 246 537 5210.6
1 246 538 5227.7
1 247 539 5267.6
1 248 540 5303.1
1 249 540 5315.2
1 250 540 5331.6
1 251 541 5365.2
1 250 544 5398.8
1 251 544 5401.1
1 245 545 5344.2
1 246 545 5355.4
1 247 545 5374.0
1 248 545 5387.7
1 249 545 5393.2
1 243 546 5317.7
1 244 546 5321.7
1 243 547 5318.4
1 242 548 5314.5
1 242 549 5314.8
1 241 550 5308.6
1 241 551 5306.9
1 240 552 5296.5
1 239 553 5285.5
1 238 554 0.0
1 237 555 5249.9
1 236 556 5248.8
1 236 557 5248.8
1 232 558 5189.1
1 233 558 5186.1
1 234 558 5193.8
1 235 558 5197.3
1 232 559 5201.2
1 231 560 5201.4
1 231 561 5209.8
1 231 562 5216.5
1 231 563 5221.6
1 231 564 5222.9
1 230 565 5389.7
1 230 566 5382.9
1 230 567 5372.0
1 230 568 5359.6
1 215 371 5678.1
1 39 51 6043.2
1 39 52 5967.8
1 38 53 5714.5
1 38 54 5641.8
1 37 55 5375.6
1 36 56 5152.8
1 35 57 4950.0
1 35 58 4889.0
1 35 59 4787.7
1 35 60 8397.7
1 35 61 8262.3
1 35 62 8125.5
1 35 63 7985.2
1 35 64 7841.2
1 35 65 7693.4
1 35 66 7542.6
1 35 67 7395.4
1 35 68 7276.3
1 36 69 10770.0
1 36 70 10502.6
1 36 71 10250.3
1 36 72 10007.1
1 36 73 9772.1
1 36 74 9559.1
1 36 75 9377.7
1 36 76 9287.9
1 36 77 9255.2
1 230 569 5347.0
1 230 570 5333.5
1 230 571 5317.4
1 230 572 5306.0
1 230 573 5316.9
1 230 574 5332.4
1 230 575 5342.6
1 230 576 5344.7
1 230 577 5179.6
1 230 578 5212.8
1 230 579 5245.9
1 230 580 5275.3
1 230 581 5278.4
1 230 582 5283.8
1 230 583 5286.3
1 230 584 5285.4
1 230 585 5282.0
1 230 586 5277.4
1 230 587 5271.3
1 230 588 5267.4
1 229 589 5251.5
1 229 590 5242.2
1 228 591 5219.5
1 228 592 5203.8
1 228 593 5186.5
1 228 594 5164.3
1 227 595 5120.1
1 227 596 5096.9
1 227 597 5068.8
1 227 598 5035.6
1 227 599 4786.4
1 226 600 4700.2
1 226 601 4698.2
1 226 602 4696.9
1 226 603 4697.6
1 225 604 4268.5
1 224 605 4268.5
1 223 606 4290.4
1 222 607 4310.8
1 223 605 4275.0
1 114 114 -25555.2
1 117 120 -843.985
1 121 111 -31218.0
1 121 113 -37171.2
1 124 115 -48351.6
1 125 116 -74778.0
1 126 120 -435.6
1 129 121 -28023.6
1 130 122 -843.985
1 133 112 -48787.2
1 135 194 -843.985
1 138 201 -13648.8
1 139 168 -15391.2
1 140 168 -34122.0
1 141 191 -138521.0
1 143 126 -102947.0
1 143 172 -46464.0
1 143 190 -222592.0
1 144 172 -47625.6
1 144 182 -4356.0
1 144 190 -199795.0
1 145 161 -129228.0
1 146 117 -142151.0
1 146 188 -99171.6
1 146 190 -29475.6
1 147 145 -11298.4
1 148 167 -75068.4
1 148 176 -99725.2
1 148 196 -89007.6
1 149 145 -113111.0
1 149 146 -70131.6
1 150 124 -20473.2
1 150 141 -20763.6
1 150 198 -175837.0
1 151 142 -24103.2
1 151 195 -100914.0
1 152 123 -53724.0
1 152 125 -43678.0
1 152 132 -56891.2
1 153 142 -68679.6
1 153 192 -71148.0
1 154 125 -1452.0
1 154 171 -16235.2
1 154 249 -107012.0
1 155 112 -109771.0
1 155 141 -169884.0
1 156 129 -190502.0
1 156 146 -26862.0
1 157 116 -11906.4
1 157 135 -1687.97
1 157 140 -337590.0
1 157 251 -130390.0
1 158 133 -843.985
1 158 137 -55030.8
1 158 181 -219978.0
1 159 119 -42688.8
1 159 173 -61564.8
1 160 119 -19166.4
1 161 125 -2468.4
1 161 129 -726.0
1 161 140 -1161.6
1 161 188 -127776.0
1 162 119 -6388.8
1 162 121 -92637.6
1 162 128 -294756.0
1 162 132 -122113.0
1 162 167 -3049.2
1 163 137 -3920.4
1 163 138 -2586.39
1 164 135 -29040.0
1 165 130 -4065.6
1 165 131 -2613.6
1 166 126 -2468.4
1 167 259 -11616.0
1 168 123 -16843.2
1 168 208 -99316.8
1 169 127 -145.2
1 169 163 -58225.2
1 170 131 -59096.4
1 171 130 -79134.0
1 171 131 -14520.0
1 171 132 -2904.0
1 172 130 -3049.2
1 172 218 -197908.0
1 173 224 -18876.0
1 174 123 -110352.0
1 174 135 -12196.8
1 175 134 -122258.0
1 175 204 -88862.4
1 176 176 -40510.8
1 176 202 -18295.2
1 177 133 -136924.0
1 177 211 -35864.4
1 178 261 -94089.6
1 179 181 -69115.2
1 179 183 -85958.4
1 179 210 -48496.8
1 180 208 -4356.0
1 184 246 -9583.2
1 187 200 -105996.0
1 187 281 -13068.0
1 188 198 -132568.0
1 188 209 -34993.2
1 188 240 -186292.0
1 188 258 -206184.0
1 189 282 -50820.0
1 190 281 -220704.0
1 191 191 -172352.0
1 191 281 -104544.0
1 193 256 -36009.6
1 193 260 -39507.1
1 197 204 -47190.0
1 197 252 -32960.4
1 198 298 -843.985
1 199 211 -59241.6
1 199 231 -85232.4
1 199 298 -870.155
1 200 298 -888.545
1 203 275 -162334.0
1 203 280 -68098.8
1 204 248 -19227.8
1 205 300 -904.365
1 206 196 -106867.0
1 206 286 -7260.0
1 206 300 -1700.13
1 211 255 -127195.0
1 212 226 -5517.6
1 212 258 -373019.0
1 213 264 -580.8
1 213 300 -19602.0
1 214 240 -68098.8
1 215 260 -92928.0
1 216 238 -42543.6
1 216 267 -41091.6
1 217 264 -156816.0
1 217 365 -871.2
1 218 179 -92202.0
1 219 310 -40365.6
1 221 223 -1452.0
1 221 246 -3049.2
1 221 284 -46.06
1 222 352 -61882.8
1 222 358 -13794.0
1 222 369 -2758.8
1 223 271 -47480.4
1 224 301 -86539.2
1 224 374 -8964.26
1 226 365 -2722.19
1 228 225 -128212.0
1 230 361 -42108.0
1 231 401 -843.985
1 232 256 -6243.6
1 232 364 -359.96
1 232 370 -503.64
1 233 337 -2295.99
1 233 394 -1712.21
1 234 304 -7125.18
1 234 393 -895.945
1 235 367 -40300.0
1 235 400 -1016.4
1 235 605 -13426.0
1 235 609 -12169.4
1 236 263 -117757.0
1 236 351 -75504.0
1 236 609 -184.5
1 237 237 -17133.6
1 237 316 -42492.6
1 237 357 -8043.73
1 237 389 -3747.99
1 238 221 -580.8
1 238 398 -2.23
1 238 605 -4229.42
1 238 609 -2593.45
1 239 250 -34122.0
1 239 338 -59096.4
1 239 426 -1016.4
1 239 605 -4279.32
1 239 606 -2576.36
1 239 619 -4909.59
1 240 380 -1048.97
1 240 426 -1112.24
1 240 608 -3415.98
1 241 335 -93654.0
1 241 342 -104108.0
1 241 604 -1012.2
1 242 311 -11831.2
1 243 371 -11590.8
1 243 389 -1306.8
1 243 422 -145.2
1 243 431 -409.95
1 243 605 -4219.93
1 244 431 -1545.35
1 244 605 -5217.69
1 244 621 -5150.3
1 245 238 -34702.8
1 245 322 -14530.2
1 245 337 -843.985
1 245 370 -52.73
1 245 621 -843.985
1 246 321 -5279.94
1 246 618 -2580.31
1 247 344 -1023.64
1 247 383 -12031.0
1 247 384 -3756890.0
1 248 251 -10168.7
1 248 424 -2178.0
1 248 436 -5662.8
1 248 442 -580.8
1 248 589 -3630.0
1 249 373 -861.095
1 249 389 -1306.8
1 249 424 -843.985
1 249 430 -65227.3
1 249 436 -17263.3
1 249 443 -17882.5
1 249 606 -4255.36
1 250 239 -67518.0
1 250 326 -4281.79
1 250 424 -843.985
1 250 425 -391169.0
1 250 431 -36080.0
1 250 595 -2732.73
1 251 300 -384780.0
1 251 356 -117000.0
1 251 408 -1292.69
1 251 456 -989.185
1 251 457 -24.3
1 251 594 -843.985
1 251 595 -1219.34
1 251 596 -1813.63
1 252 230 -27588.0
1 252 285 -49948.8
1 252 329 -12414.5
1 252 450 -580.8
1 252 595 -873.265
1 252 606 -859.265
1 253 298 -19602.0
1 253 331 -29788.5
1 253 332 -47764.1
1 253 416 -435.6
1 253 420 -17952.9
1 253 445 -53817.7
1 254 338 -323651.0
1 254 367 -2410890.0
1 254 407 -136158.0
1 254 597 -989.185
1 254 607 -9555.99
1 255 381 -27878.4
1 255 383 -50965.2
1 255 388 -103237.0
1 255 395 -2178.0
1 255 420 -16117.2
1 255 439 -44866.8
1 255 443 -57754.4
1 255 595 -1102.17
1 255 596 -968.445
1 255 606 -12750.4
1 255 609 -1687.97
1 256 314 -12626.3
1 256 335 -131261.0
1 256 341 -580.8
1 256 370 -15965.9
1 256 413 -4065.6
1 256 586 -43032.8
1 256 593 -3375.94
1 257 238 -580.8
1 257 324 -7917.02
1 257 413 -2178.0
1 257 576 -3011.41
1 257 599 -23536.7
1 257 600 -119064.0
1 258 325 -10398.1
1 258 336 -2235.14
1 258 418 -496.91
1 258 420 -372148.0
1 258 442 -432209.0
1 258 464 -2178.0
1 258 585 -5256.39
1 258 595 -1687.97
1 258 601 -39639.6
1 258 602 -16424.9
1 259 340 -124264.0
1 259 405 -43651.2
1 259 588 -29703.9
1 259 592 -843.985
1 259 593 -843.985
1 260 342 -137795.0
1 260 349 -1306.8
1 260 407 -5029700.0
1 260 413 -407691.0
1 260 424 -1300.49
1 260 461 -4065.6
1 260 463 -48496.8
1 260 464 -35864.4
1 260 585 -24641.0
1 260 586 -22698.1
1 261 337 -12051.6
1 261 355 -146216.0
1 261 381 -325797.0
1 261 395 -22478.0
1 261 416 -35719.2
1 261 418 -1099.23
1 261 429 -50196.2
1 261 464 -10164.0
1 261 492 -843.985
1 261 571 -145.2
1 261 576 -29310.9
1 262 345 -125162.0
1 262 540 -552.73
1 262 564 -42252.0
1 262 567 -34748.1
1 262 568 -30056.4
1 262 570 -100624.0
1 262 571 -3630.0
1 263 471 -12777.6
1 263 477 -13503.6
1 263 520 -1711.36
1 263 574 -2904.0
1 263 582 -15965.9
1 264 344 -74778.0
1 264 345 -40656.0
1 264 355 -726.0
1 264 367 -843.985
1 264 383 -64161.4
1 264 428 -178930.0
1 264 468 -76.0
1 264 471 -16988.4
1 264 476 -726.0
1 264 477 -31363.2
1 264 523 -3112.76
1 264 549 -95.08
1 265 364 -48655.3
1 265 374 -4269.11
1 265 422 -290043.0
1 265 523 -5481.8
1 266 337 -843.985
1 266 340 -580.8
1 266 462 -145.2
1 267 391 -14084.4
1 267 463 -8421.6
1 267 555 -843.985
1 267 556 -843.985
1 268 333 -30056.4
1 268 334 -102511.0
1 268 379 -97.61
1 268 436 -4056480.0
1 268 455 -16.31
1 268 479 -580.8
1 268 480 -871.2
1 268 489 -5108.41
1 269 363 -849.925
1 269 397 -53724.0
1 269 450 -4065.6
1 269 456 -34531.5
1 269 541 -3021.99
1 270 337 -8421.6
1 270 352 -10454.4
1 270 417 -176501.0
1 270 429 -1680.37
1 270 481 -989.185
1 270 483 -3498.76
1 270 484 -989.185
1 270 486 -51970.6
1 270 498 -101640.0
1 271 319 -83693.0
1 271 335 -44431.2
1 271 371 -580.8
1 271 415 -92504.3
1 271 451 -290.4
1 271 485 -354.48
1 271 493 -167163.0
1 271 498 -12922.8
1 271 537 -275195.0
1 272 336 -21740.9
1 272 368 -351611.0
1 272 388 -1244560.0
1 272 450 -9002.4
1 272 451 -20182.8
1 272 453 -2032.8
1 272 462 -2037130.0
1 272 490 -726.0
1 272 491 -29.94
1 272 497 -30853.5
1 272 498 -145.2
1 272 530 -298737.0
1 272 532 -294303.0
1 272 535 -103264.0
1 273 363 -145.2
1 273 392 -787.83
1 273 410 -1452.0
1 273 480 -1161.6
1 273 510 -843.985
1 273 516 -24231.9
1 273 517 -1911.63
1 273 518 -408.08
1 274 409 -1161.6
1 274 520 -60403.2
1 274 523 -4646.4
1 275 450 -145.2
1 275 506 -4356.0
1 276 366 -3049.2
1 276 392 -726.0
1 276 446 -7405.2
1 276 474 -52175.6
1 277 294 -76911.0
1 277 390 -12342.0
1 277 407 -2577540.0
1 277 431 -1835.88
1 277 468 -145.2
1 277 472 -15663.2
1 277 480 -110193.0
1 278 365 -101204.0
1 278 435 -40434.0
1 278 482 -3339.6
1 279 310 -31361.5
1 279 336 -27733.2
1 279 433 -118392.0
1 279 438 -43164.8
1 279 475 -92832.4
1 279 485 -37026.0
1 280 365 -18440.4
1 280 433 -91246.0
1 280 442 -15391.2
1 280 469 -70052.1
1 280 471 -54228.4
1 281 458 -247076.0
1 282 409 -8566.8
1 282 424 -2613.6
1 282 430 -726.0
1 282 436 -19896.2
1 282 454 -7414.82
1 282 457 -9451.23
1 283 335 -35428.8
1 283 354 -7840.8
1 283 429 -240742.0
1 283 449 -24423.2
1 283 452 -117104.0
1 283 455 -52287.0
1 283 468 -53496.9
1 284 339 -104004.0
1 284 457 -13068.0
1 284 463 -287524.0
1 284 481 -14905.4
1 285 374 -3920.4
1 285 467 -270057.0
1 285 475 -111218.0
1 286 330 -84548.6
1 286 425 -583270.0
1 286 475 -46342.6
1 286 477 -108522.0
1 287 426 -843.985
1 287 477 -129.22
1 288 372 -140.15
1 288 419 -13358.4
1 288 423 -106.05
1 288 426 -843.985
1 289 351 -18876.0
1 289 404 -193919.0
1 289 459 -13579.7
1 289 468 -7579.7
1 290 382 -164442.0
1 290 402 -1092.2
1 290 411 -3920.4
1 290 412 -23086.8
1 290 413 -1597.2
1 290 420 -217.45
1 291 373 -1742.4
1 291 399 -101670.0
1 291 419 -853762.0
1 292 361 -55321.2
1 292 365 -15536.4
1 292 469 -12285.3
1 293 440 -145.2
1 294 435 -28023.6
1 294 447 -80431.2
1 294 458 -130772.0
1 295 391 -31944.0
1 295 430 -49544.7
1 296 388 -858.68
1 296 398 -54522.6
1 296 406 -39779.4
1 296 433 -1597.2
1 297 381 -6098.4
1 297 383 -435.6
1 297 395 -4337.15
1 297 401 -122899.0
1 297 402 -102862.0
1 297 415 -90895.2
1 297 442 -51574.0
1 298 389 -42688.8
1 299 354 -3484.8
1 299 355 -1452.0
1 299 387 -387.09
1 102 110 -843.985
1 102 113 -843.985
1 103 100 -843.985
1 103 104 -843.985
1 104 115 -843.985
1 105 115 -843.985
1 105 139 -843.985
1 108 117 -843.985
1 109 112 -843.985
1 111 155 -843.985
1 111 208 -843.985
1 112 181 -843.985
1 113 111 -843.985
1 113 159 -843.985
1 113 211 -843.985
1 114 173 -843.985
1 114 212 -1687.97
1 115 212 -1687.97
1 116 121 -843.985
1 116 150 -843.985
1 116 166 -843.985
1 117 119 -843.985
1 117 168 -843.985
1 117 210 -843.985
1 119 194 -843.985
1 119 202 -843.985
1 119 96 -843.985
1 120 155 -843.985
1 120 94 -843.985
1 121 187 -843.985
1 123 110 -843.985
1 123 111 -843.985
1 123 158 -843.985
1 123 168 -843.985
1 123 193 -843.985
1 123 202 -1687.97
1 125 150 -843.985
1 125 151 -843.985
1 125 193 -843.985
1 125 194 -843.985
1 126 121 -843.985
1 126 191 -843.985
1 126 195 -843.985
1 127 150 -843.985
1 127 160 -843.985
1 127 169 -843.985
1 127 195 -843.985
1 127 199 -1687.97
1 128 122 -843.985
1 128 148 -843.985
1 128 149 -843.985
1 128 152 -843.985
1 128 153 -843.985
1 128 154 -843.985
1 128 157 -843.985
1 128 199 -843.985
1 129 117 -843.985
1 129 119 -843.985
1 129 122 -843.985
1 129 146 -843.985
1 129 154 -1687.97
1 129 162 -843.985
1 129 176 -843.985
1 130 120 -843.985
1 130 154 -843.985
1 130 155 -843.985
1 130 156 -2531.96
1 130 194 -843.985
1 131 112 -843.985
1 131 121 -843.985
1 131 122 -843.985
1 131 150 -843.985
1 131 156 -843.985
1 131 157 -843.985
1 131 158 -843.985
1 131 161 -1687.97
1 131 198 -843.985
1 132 112 -843.985
1 132 155 -843.985
1 132 156 -843.985
1 132 160 -843.985
1 132 161 -1687.97
1 133 155 -843.985
1 133 159 -843.985
1 133 160 -1687.97
1 133 192 -1687.97
1 133 193 -843.985
1 134 148 -843.985
1 134 150 -843.985
1 134 151 -843.985
1 134 156 -843.985
1 134 191 -843.985
1 134 193 -3375.94
1 135 148 -4219.93
1 135 149 -1687.97
1 135 156 -843.985
1 135 157 -843.985
1 135 193 -2531.96
1 136 147 -843.985
1 136 148 -843.985
1 136 149 -843.985
1 136 150 -1687.97
1 136 153 -843.985
1 136 155 -843.985
1 137 148 -843.985
1 137 150 -843.985
1 137 153 -1687.97
1 137 154 -843.985
1 137 157 -2531.96
1 137 175 -843.985
1 137 206 -843.985
1 138 151 -843.985
1 138 152 -843.985
1 138 153 -2531.96
1 138 168 -843.985
1 138 169 -843.985
1 139 151 -843.985
1 140 138 -843.985
1 140 155 -3375.94
1 140 156 -843.985
1 140 171 -843.985
1 140 180 -843.985
1 141 149 -843.985
1 141 154 -1687.97
1 141 157 -843.985
1 141 171 -843.985
1 141 199 -1687.97
1 142 155 -843.985
1 142 156 -843.985
1 142 157 -843.985
1 142 158 -843.985
1 142 174 -843.985
1 142 179 -843.985
1 142 201 -843.985
1 143 146 -843.985
1 143 157 -2531.96
1 144 142 -1687.97
1 144 173 -843.985
1 145 142 -843.985
1 145 143 -843.985
1 145 151 -843.985
1 145 187 -843.985
1 145 226 -843.985
1 146 140 -843.985
1 146 141 -1687.97
1 146 145 -843.985
1 146 208 -843.985
1 146 229 -843.985
1 146 230 -843.985
1 146 232 -843.985
1 147 139 -2531.96
1 147 140 -843.985
1 147 141 -843.985
1 147 142 -843.985
1 147 229 -843.985
1 147 230 -843.985
1 147 233 -843.985
1 147 239 -843.985
1 147 240 -843.985
1 148 217 -843.985
1 148 221 -843.985
1 149 127 -843.985
1 149 147 -843.985
1 149 154 -843.985
1 149 222 -843.985
1 149 253 -843.985
1 150 160 -843.985
1 150 164 -843.985
1 150 177 -843.985
1 150 227 -843.985
1 150 236 -843.985
1 151 128 -843.985
1 151 228 -843.985
1 152 153 -843.985
1 152 173 -843.985
1 152 176 -843.985
1 152 222 -843.985
1 152 228 -843.985
1 153 126 -843.985
1 153 136 -843.985
1 153 155 -843.985
1 153 232 -843.985
1 153 238 -843.985
1 153 253 -843.985
1 154 126 -843.985
1 154 133 -843.985
1 154 161 -843.985
1 154 172 -843.985
1 154 220 -843.985
1 154 244 -843.985
1 155 170 -1687.97
1 155 216 -843.985
1 155 262 -843.985
1 156 160 -843.985
1 156 211 -843.985
1 156 223 -843.985
1 157 132 -843.985
1 157 133 -843.985
1 157 134 -2531.96
1 157 136 -843.985
1 157 194 -843.985
1 157 207 -843.985
1 157 240 -843.985
1 158 135 -843.985
1 158 248 -843.985
1 159 152 -843.985
1 159 231 -843.985
1 159 240 -843.985
1 159 247 -843.985
1 159 248 -843.985
1 159 250 -843.985
1 159 251 -843.985
1 159 257 -843.985
1 160 133 -843.985
1 160 249 -1687.97
1 160 251 -1687.97
1 160 252 -843.985
1 160 253 -843.985
1 160 262 -843.985
1 161 144 -1687.97
1 161 251 -843.985
1 161 253 -843.985
1 162 137 -1687.97
1 162 252 -1687.97
1 162 253 -843.985
1 163 152 -843.985
1 163 190 -843.985
1 163 236 -843.985
1 164 278 -843.985
1 164 290 -843.985
1 164 299 -843.985
1 165 133 -1687.97
1 165 134 -1687.97
1 165 135 -843.985
1 165 290 -843.985
1 166 131 -843.985
1 166 132 -843.985
1 166 133 -1687.97
1 166 134 -843.985
1 166 135 -843.985
1 166 210 -843.985
1 166 254 -843.985
1 166 255 -843.985
1 167 127 -843.985
1 167 132 -1687.97
1 167 133 -1687.97
1 167 134 -2531.96
1 167 256 -843.985
1 167 288 -843.985
1 167 294 -843.985
1 168 130 -843.985
1 168 131 -843.985
1 168 132 -3375.94
1 168 133 -3375.94
1 168 286 -843.985
1 168 287 -1687.97
1 168 291 -1687.97
1 169 128 -1687.97
1 169 129 -3375.94
1 169 131 -843.985
1 169 132 -4219.93
1 169 133 -2531.96
1 169 134 -7595.87
1 169 135 -843.985
1 169 236 -843.985
1 169 260 -843.985
1 169 271 -843.985
1 169 287 -843.985
1 169 290 -843.985
1 170 133 -2531.96
1 170 134 -10127.8
1 170 136 -843.985
1 170 187 -843.985
1 170 256 -843.985
1 170 287 -843.985
1 170 292 -843.985
1 171 133 -1687.97
1 171 134 -843.985
1 171 136 -4219.93
1 171 290 -843.985
1 172 257 -843.985
1 172 284 -843.985
1 172 295 -1687.97
1 172 311 -843.985
1 173 258 -843.985
1 173 278 -843.985
1 173 290 -843.985
1 173 292 -843.985
1 173 293 -1687.97
1 173 294 -843.985
1 174 124 -843.985
1 174 253 -843.985
1 174 261 -843.985
1 174 270 -843.985
1 174 283 -843.985
1 174 289 -843.985
1 174 293 -843.985
1 175 260 -843.985
1 175 288 -843.985
1 175 292 -1687.97
1 175 293 -843.985
1 175 296 -843.985
1 175 305 -843.985
1 176 274 -843.985
1 176 305 -843.985
1 177 289 -843.985
1 177 290 -843.985
1 178 243 -843.985
1 178 280 -843.985
1 178 285 -843.985
1 178 302 -843.985
1 178 305 -843.985
1 178 306 -843.985
1 178 311 -843.985
1 179 278 -843.985
1 179 285 -843.985
1 180 149 -843.985
1 180 286 -843.985
1 181 297 -843.985
1 181 307 -843.985
1 181 308 -843.985
1 183 242 -843.985
1 183 285 -843.985
1 183 295 -843.985
1 183 308 -843.985
1 183 309 -843.985
1 183 318 -843.985
1 184 263 -843.985
1 184 285 -843.985
1 184 313 -843.985
1 184 319 -843.985
1 185 257 -843.985
1 185 305 -843.985
1 185 306 -843.985
1 185 307 -843.985
1 185 315 -843.985
1 186 255 -843.985
1 186 265 -843.985
1 186 307 -1687.97
1 186 310 -843.985
1 188 262 -843.985
1 188 294 -843.985
1 188 295 -843.985
1 189 295 -843.985
1 189 309 -843.985
1 190 307 -843.985
1 190 308 -843.985
1 190 324 -843.985
1 191 292 -1687.97
1 191 304 -843.985
1 191 305 -843.985
1 192 258 -843.985
1 192 284 -843.985
1 192 304 -843.985
1 192 316 -843.985
1 192 319 -843.985
1 193 262 -843.985
1 193 301 -843.985
1 193 311 -843.985
1 193 313 -1687.97
1 194 284 -843.985
1 194 313 -843.985
1 195 269 -843.985
1 195 287 -843.985
1 195 289 -843.985
1 195 300 -843.985
1 195 311 -843.985
1 195 313 -843.985
1 196 269 -843.985
1 196 275 -843.985
1 196 303 -843.985
1 196 324 -843.985
1 196 333 -843.985
1 197 264 -843.985
1 197 283 -843.985
1 197 300 -843.985
1 197 322 -843.985
1 197 325 -843.985
1 198 242 -843.985
1 198 276 -1687.97
1 198 309 -843.985
1 198 311 -843.985
1 199 283 -843.985
1 199 311 -843.985
1 199 324 -843.985
1 200 280 -843.985
1 200 286 -843.985
1 200 296 -843.985
1 200 299 -843.985
1 200 306 -843.985
1 200 307 -843.985
1 200 312 -843.985
1 200 343 -843.985
1 200 345 -843.985
1 201 257 -843.985
1 202 280 -843.985
1 202 287 -843.985
1 202 297 -843.985
1 202 301 -843.985
1 202 302 -843.985
1 203 215 -843.985
1 203 304 -843.985
1 203 305 -843.985
1 203 309 -843.985
1 203 315 -843.985
1 205 263 -843.985
1 205 303 -843.985
1 205 304 -843.985
1 205 317 -843.985
1 205 318 -843.985
1 205 319 -843.985
1 206 264 -843.985
1 206 270 -843.985
1 206 301 -843.985
1 206 304 -843.985
1 206 315 -843.985
1 206 317 -1687.97
1 207 262 -843.985
1 207 300 -843.985
1 207 301 -1687.97
1 207 303 -843.985
1 207 304 -843.985
1 207 306 -1687.97
1 207 315 -843.985
1 207 317 -843.985
1 208 298 -1687.97
1 208 299 -1687.97
1 208 306 -843.985
1 208 317 -843.985
1 208 328 -843.985
1 209 284 -843.985
1 209 297 -843.985
1 209 302 -843.985
1 210 284 -843.985
1 210 301 -843.985
1 210 302 -843.985
1 210 342 -843.985
1 211 301 -843.985
1 211 321 -843.985
1 212 295 -843.985
1 212 347 -843.985
1 213 226 -843.985
1 213 287 -843.985
1 213 303 -843.985
1 213 329 -843.985
1 214 319 -843.985
1 215 289 -843.985
1 215 311 -843.985
1 215 353 -843.985
1 216 323 -843.985
1 216 341 -843.985
1 217 244 -843.985
1 217 249 -843.985
1 217 351 -843.985
1 218 209 -843.985
1 218 243 -843.985
1 218 292 -843.985
1 218 345 -1687.97
1 221 240 -843.985
1 221 611 -843.985
1 222 254 -843.985
1 222 362 -843.985
1 224 338 -843.985
1 224 359 -843.985
1 225 323 -843.985
1 225 329 -843.985
1 225 332 -843.985
1 225 368 -843.985
1 225 373 -843.985
1 225 378 -843.985
1 225 382 -1687.97
1 226 323 -843.985
1 226 388 -1687.97
1 226 618 -843.985
1 227 315 -843.985
1 228 606 -843.985
1 229 385 -1687.97
1 229 392 -843.985
1 229 393 -843.985
1 229 397 -3375.94
1 229 618 -4219.93
1 230 338 -843.985
1 230 373 -1687.97
1 230 384 -843.985
1 230 392 -1687.97
1 230 393 -3375.94
1 230 396 -843.985
1 230 605 -843.985
1 231 343 -843.985
1 231 383 -843.985
1 231 392 -4219.93
1 231 393 -9283.84
1 231 398 -843.985
1 231 603 -843.985
1 231 607 -1687.97
1 232 259 -843.985
1 232 300 -843.985
1 232 384 -843.985
1 232 389 -843.985
1 232 393 -5063.91
1 232 394 -3375.94
1 232 405 -843.985
1 232 604 -1687.97
1 232 606 -1687.97
1 232 607 -2531.96
1 232 608 -843.985
1 233 373 -843.985
1 233 393 -843.985
1 233 403 -843.985
1 233 406 -3375.94
1 233 601 -1687.97
1 233 602 -843.985
1 234 374 -843.985
1 234 388 -843.985
1 234 389 -843.985
1 234 406 -2531.96
1 234 407 -1687.97
1 234 601 -843.985
1 234 602 -1687.97
1 234 603 -2531.96
1 234 604 -843.985
1 234 605 -1687.97
1 234 606 -843.985
1 234 609 -843.985
1 234 620 -843.985
1 234 621 -843.985
1 235 342 -843.985
1 235 368 -843.985
1 235 389 -843.985
1 235 392 -843.985
1 235 404 -843.985
1 235 406 -843.985
1 235 599 -843.985
1 235 600 -1687.97
1 235 602 -2531.96
1 235 603 -843.985
1 235 606 -843.985
1 235 608 -843.985
1 236 256 -843.985
1 236 359 -843.985
1 236 377 -1687.97
1 236 378 -843.985
1 236 389 -1687.97
1 236 600 -843.985
1 236 601 -843.985
1 236 602 -1687.97
1 236 605 -843.985
1 236 606 -843.985
1 236 607 -843.985
1 236 620 -843.985
1 237 330 -843.985
1 237 377 -843.985
1 237 384 -843.985
1 237 388 -843.985
1 237 605 -1687.97
1 237 606 -2531.96
1 237 607 -1687.97
1 237 608 -4219.93
1 237 609 -2531.96
1 237 620 -843.985
1 238 346 -843.985
1 238 391 -843.985
1 238 410 -843.985
1 238 602 -843.985
1 238 603 -843.985
1 238 606 -4219.93
1 238 607 -5063.91
1 238 608 -3375.94
1 238 610 -843.985
1 239 297 -843.985
1 239 323 -843.985
1 239 404 -843.985
1 239 601 -843.985
1 239 603 -843.985
1 239 607 -1687.97
1 239 608 -3375.94
1 239 609 -2531.96
1 239 610 -1687.97
1 239 615 -1687.97
1 240 267 -843.985
1 240 319 -843.985
1 240 327 -843.985
1 240 352 -843.985
1 240 374 -1687.97
1 240 392 -1687.97
1 240 396 -843.985
1 240 406 -843.985
1 240 603 -843.985
1 240 605 -2531.96
1 240 606 -3375.94
1 240 607 -1687.97
1 240 620 -1687.97
1 240 621 -843.985
1 241 339 -843.985
1 241 352 -843.985
1 241 370 -1687.97
1 241 375 -843.985
1 241 409 -843.985
1 241 577 -843.985
1 241 603 -1687.97
1 241 605 -2531.96
1 241 606 -1687.97
1 241 607 -1687.97
1 241 608 -1687.97
1 241 609 -4219.93
1 241 610 -843.985
1 241 611 -843.985
1 241 620 -843.985
1 241 621 -843.985
1 242 314 -843.985
1 242 318 -843.985
1 242 336 -843.985
1 242 338 -843.985
1 242 339 -843.985
1 242 373 -2531.96
1 242 374 -5063.91
1 242 406 -1687.97
1 242 603 -1687.97
1 242 604 -5907.9
1 242 605 -7595.87
1 242 606 -2531.96
1 242 607 -4219.93
1 242 608 -4219.93
1 242 609 -2531.96
1 242 610 -2531.96
1 242 616 -843.985
1 242 622 -843.985
1 242 623 -2531.96
1 243 366 -843.985
1 243 369 -843.985
1 243 372 -1687.97
1 243 373 -6751.88
1 243 374 -2531.96
1 243 386 -843.985
1 243 391 -843.985
1 243 405 -843.985
1 243 406 -843.985
1 243 407 -1687.97
1 243 409 -843.985
1 243 577 -843.985
1 243 606 -5907.9
1 243 607 -4219.93
1 243 608 -1687.97
1 243 609 -5063.91
1 243 620 -843.985
1 243 622 -1687.97
1 243 623 -6751.88
1 244 371 -843.985
1 244 372 -1687.97
1 244 373 -2531.96
1 244 415 -843.985
1 244 598 -843.985
1 244 606 -3375.94
1 244 607 -843.985
1 244 611 -843.985
1 244 616 -843.985
1 244 622 -843.985
1 244 623 -3375.94
1 244 624 -843.985
1 245 312 -843.985
1 245 315 -843.985
1 245 326 -843.985
1 245 335 -843.985
1 245 338 -843.985
1 245 356 -1687.97
1 245 371 -843.985
1 245 413 -843.985
1 245 586 -843.985
1 245 604 -843.985
1 245 605 -2531.96
1 245 606 -4219.93
1 245 607 -3375.94
1 245 609 -4219.93
1 245 610 -1687.97
1 245 612 -1687.97
1 245 616 -1687.97
1 245 619 -843.985
1 245 620 -1687.97
1 245 622 -843.985
1 246 214 -843.985
1 246 342 -843.985
1 246 356 -843.985
1 246 357 -843.985
1 246 374 -843.985
1 246 413 -843.985
1 246 590 -843.985
1 246 599 -843.985
1 246 600 -5063.91
1 246 605 -3375.94
1 246 606 -5907.9
1 246 607 -3375.94
1 246 610 -843.985
1 246 612 -1687.97
1 246 614 -843.985
1 246 615 -843.985
1 246 623 -843.985
1 247 314 -843.985
1 247 331 -843.985
1 247 367 -1687.97
1 247 368 -4219.93
1 247 387 -1687.97
1 247 413 -843.985
1 247 578 -843.985
1 247 597 -843.985
1 247 598 -5907.9
1 247 599 -5063.91
1 247 600 -8439.85
1 247 601 -8439.85
1 247 605 -1687.97
1 247 609 -1687.97
1 247 610 -1687.97
1 247 611 -3375.94
1 247 612 -3375.94
1 247 613 -1687.97
1 247 618 -1687.97
1 247 619 -843.985
1 247 623 -843.985
1 248 307 -843.985
1 248 367 -843.985
1 248 368 -3375.94
1 248 371 -1687.97
1 248 372 -4219.93
1 248 387 -1687.97
1 248 388 -5063.91
1 248 413 -843.985
1 248 416 -843.985
1 248 529 -843.985
1 248 567 -843.985
1 248 596 -5907.9
1 248 597 -4219.93
1 248 598 -8439.85
1 248 599 -5063.91
1 248 600 -3375.94
1 248 601 -5063.91
1 248 602 -2531.96
1 248 605 -843.985
1 248 608 -843.985
1 248 609 -1687.97
1 248 610 -2531.96
1 248 611 -5063.91
1 248 612 -5063.91
1 248 613 -5907.9
1 248 618 -843.985
1 248 619 -843.985
1 248 620 -843.985
1 248 623 -1687.97
1 249 333 -843.985
1 249 334 -843.985
1 249 365 -1687.97
1 249 366 -2531.96
1 249 367 -843.985
1 249 368 -2531.96
1 249 371 -843.985
1 249 387 -843.985
1 249 388 -843.985
1 249 400 -843.985
1 249 412 -843.985
1 249 567 -843.985
1 249 593 -1687.97
1 249 595 -5063.91
1 249 596 -5907.9
1 249 597 -9283.84
1 249 603 -2531.96
1 249 604 -6751.88
1 249 605 -4219.93
1 249 607 -3375.94
1 249 609 -843.985
1 249 610 -1687.97
1 249 611 -4219.93
1 249 612 -7595.87
1 249 613 -1687.97
1 249 618 -843.985
1 249 623 -843.985
1 250 331 -843.985
1 250 355 -843.985
1 250 365 -1687.97
1 250 366 -4219.93
1 250 367 -2531.96
1 250 368 -843.985
1 250 369 -1687.97
1 250 370 -1687.97
1 250 371 -5063.91
1 250 382 -843.985
1 250 406 -843.985
1 250 413 -843.985
1 250 414 -843.985
1 250 423 -843.985
1 250 436 -843.985
1 250 568 -843.985
1 250 579 -843.985
1 250 591 -843.985
1 250 594 -843.985
1 250 596 -6751.88
1 250 597 -1687.97
1 250 602 -843.985
1 250 603 -5907.9
1 250 604 -5063.91
1 250 605 -3375.94
1 250 607 -843.985
1 250 608 -2531.96
1 250 609 -843.985
1 250 610 -843.985
1 250 613 -843.985
1 251 276 -843.985
1 251 322 -843.985
1 251 365 -2531.96
1 251 366 -7595.87
1 251 367 -1687.97
1 251 368 -1687.97
1 251 371 -843.985
1 251 379 -843.985
1 251 407 -843.985
1 251 414 -843.985
1 251 424 -843.985
1 251 598 -843.985
1 251 604 -843.985
1 251 605 -843.985
1 251 607 -843.985
1 251 610 -843.985
1 252 236 -843.985
1 252 365 -2531.96
1 252 366 -5907.9
1 252 367 -5907.9
1 252 368 -1687.97
1 252 376 -843.985
1 252 412 -843.985
1 252 416 -843.985
1 252 428 -843.985
1 252 506 -843.985
1 252 507 -843.985
1 252 528 -843.985
1 252 534 -843.985
1 252 544 -843.985
1 252 576 -843.985
1 252 591 -1687.97
1 252 596 -1687.97
1 252 597 -1687.97
1 252 598 -843.985
1 252 599 -1687.97
1 252 608 -1687.97
1 252 609 -843.985
1 252 611 -843.985
1 252 620 -843.985
1 253 259 -843.985
1 253 342 -843.985
1 253 363 -843.985
1 253 365 -1687.97
1 253 366 -5063.91
1 253 367 -3375.94
1 253 370 -843.985
1 253 375 -1687.97
1 253 404 -843.985
1 253 433 -1687.97
1 253 506 -843.985
1 253 543 -843.985
1 253 546 -843.985
1 253 547 -843.985
1 253 566 -843.985
1 253 586 -1687.97
1 253 596 -843.985
1 253 597 -3375.94
1 253 601 -843.985
1 253 604 -843.985
1 253 605 -843.985
1 253 614 -2531.96
1 254 366 -1687.97
1 254 478 -843.985
1 254 581 -843.985
1 254 584 -843.985
1 254 585 -5063.91
1 254 586 -4219.93
1 254 587 -2531.96
1 254 588 -2531.96
1 254 589 -3375.94
1 254 598 -843.985
1 254 599 -843.985
1 254 601 -1687.97
1 254 604 -1687.97
1 254 605 -843.985
1 254 606 -843.985
1 254 611 -843.985
1 255 341 -843.985
1 255 346 -843.985
1 255 371 -843.985
1 255 402 -843.985
1 255 442 -843.985
1 255 445 -843.985
1 255 461 -843.985
1 255 479 -843.985
1 255 512 -843.985
1 255 513 -843.985
1 255 526 -843.985
1 255 547 -843.985
1 255 548 -843.985
1 255 565 -843.985
1 255 583 -2531.96
1 255 584 -3375.94
1 255 585 -3375.94
1 255 586 -3375.94
1 255 587 -1687.97
1 255 588 -843.985
1 255 591 -843.985
1 255 594 -843.985
1 255 597 -843.985
1 255 600 -1687.97
1 255 607 -843.985
1 256 346 -843.985
1 256 350 -843.985
1 256 367 -843.985
1 256 373 -843.985
1 256 374 -843.985
1 256 491 -843.985
1 256 526 -843.985
1 256 531 -2531.96
1 256 532 -843.985
1 256 547 -843.985
1 256 548 -1687.97
1 256 549 -843.985
1 256 575 -843.985
1 256 578 -1687.97
1 256 580 -843.985
1 256 584 -2531.96
1 256 585 -1687.97
1 256 592 -1687.97
1 256 594 -5907.9
1 256 595 -3375.94
1 256 607 -3375.94
1 256 608 -1687.97
1 256 609 -843.985
1 257 330 -843.985
1 257 461 -843.985
1 257 497 -843.985
1 257 503 -843.985
1 257 506 -843.985
1 257 512 -843.985
1 257 527 -2531.96
1 257 529 -843.985
1 257 532 -843.985
1 257 549 -843.985
1 257 574 -843.985
1 257 575 -2531.96
1 257 584 -2531.96
1 257 585 -2531.96
1 257 593 -1687.97
1 257 594 -6751.88
1 257 595 -3375.94
1 257 597 -1687.97
1 257 606 -5907.9
1 257 607 -843.985
1 258 307 -843.985
1 258 330 -843.985
1 258 366 -843.985
1 258 485 -1687.97
1 258 489 -1687.97
1 258 491 -843.985
1 258 493 -843.985
1 258 494 -843.985
1 258 496 -843.985
1 258 497 -843.985
1 258 498 -2531.96
1 258 499 -1687.97
1 258 502 -843.985
1 258 503 -843.985
1 258 529 -1687.97
1 258 531 -843.985
1 258 532 -843.985
1 258 533 -1687.97
1 258 535 -843.985
1 258 546 -843.985
1 258 550 -843.985
1 258 556 -1687.97
1 258 564 -843.985
1 258 576 -843.985
1 258 583 -843.985
1 258 584 -2531.96
1 258 586 -2531.96
1 258 594 -2531.96
1 258 606 -4219.93
1 258 607 -843.985
1 259 346 -843.985
1 259 369 -1687.97
1 259 402 -843.985
1 259 444 -843.985
1 259 456 -843.985
1 259 485 -843.985
1 259 486 -843.985
1 259 488 -843.985
1 259 489 -843.985
1 259 490 -1687.97
1 259 509 -1687.97
1 259 510 -843.985
1 259 522 -843.985
1 259 528 -843.985
1 259 529 -843.985
1 259 531 -843.985
1 259 532 -843.985
1 259 545 -843.985
1 259 549 -843.985
1 259 554 -1687.97
1 259 555 -1687.97
1 259 556 -2531.96
1 259 557 -2531.96
1 259 575 -3375.94
1 259 576 -843.985
1 259 579 -843.985
1 259 584 -843.985
1 259 585 -3375.94
1 259 586 -1687.97
1 260 369 -1687.97
1 260 404 -1687.97
1 260 443 -843.985
1 260 454 -843.985
1 260 485 -843.985
1 260 486 -1687.97
1 260 487 -843.985
1 260 492 -843.985
1 260 499 -843.985
1 260 502 -1687.97
1 260 517 -843.985
1 260 527 -843.985
1 260 545 -2531.96
1 260 548 -843.985
1 260 554 -843.985
1 260 556 -843.985
1 260 567 -843.985
1 260 576 -843.985
1 260 577 -843.985
1 261 397 -843.985
1 261 404 -843.985
1 261 444 -843.985
1 261 483 -843.985
1 261 487 -843.985
1 261 501 -843.985
1 261 502 -843.985
1 261 545 -843.985
1 261 551 -843.985
1 261 552 -843.985
1 261 565 -843.985
1 262 254 -843.985
1 262 353 -1687.97
1 262 369 -843.985
1 262 425 -843.985
1 262 443 -843.985
1 262 458 -843.985
1 262 483 -1687.97
1 262 493 -843.985
1 262 501 -843.985
1 262 502 -843.985
1 262 523 -843.985
1 262 524 -843.985
1 262 535 -843.985
1 262 536 -843.985
1 262 537 -843.985
1 262 542 -843.985
1 262 546 -843.985
1 262 584 -843.985
1 262 587 -843.985
1 263 355 -843.985
1 263 415 -843.985
1 263 484 -843.985
1 263 493 -843.985
1 263 509 -843.985
1 263 522 -843.985
1 263 523 -1687.97
1 263 524 -1687.97
1 263 541 -1687.97
1 263 542 -843.985
1 263 543 -843.985
1 263 546 -1687.97
1 263 576 -843.985
1 263 579 -843.985
1 263 581 -3375.94
1 264 369 -843.985
1 264 379 -843.985
1 264 481 -843.985
1 264 482 -843.985
1 264 493 -843.985
1 264 503 -843.985
1 264 504 -843.985
1 264 516 -843.985
1 264 521 -2531.96
1 264 527 -843.985
1 264 543 -3375.94
1 264 568 -843.985
1 264 575 -843.985
1 264 576 -1687.97
1 265 336 -843.985
1 265 367 -1687.97
1 265 457 -843.985
1 265 459 -843.985
1 265 511 -843.985
1 265 516 -843.985
1 265 520 -843.985
1 265 524 -843.985
1 265 568 -1687.97
1 266 314 -843.985
1 266 413 -843.985
1 266 456 -843.985
1 266 478 -843.985
1 266 481 -843.985
1 266 483 -843.985
1 266 484 -843.985
1 266 485 -843.985
1 266 492 -843.985
1 266 498 -843.985
1 266 505 -843.985
1 266 518 -843.985
1 266 523 -843.985
1 266 543 -843.985
1 266 545 -843.985
1 266 549 -843.985
1 266 555 -843.985
1 267 337 -843.985
1 267 365 -843.985
1 267 381 -843.985
1 267 459 -843.985
1 267 460 -1687.97
1 267 505 -843.985
1 267 507 -843.985
1 267 543 -843.985
1 267 544 -1687.97
1 267 549 -843.985
1 267 553 -2531.96
1 267 562 -843.985
1 268 507 -1687.97
1 268 540 -843.985
1 268 541 -843.985
1 268 542 -1687.97
1 268 543 -3375.94
1 268 544 -1687.97
1 268 549 -843.985
1 268 551 -843.985
1 268 552 -843.985
1 268 553 -843.985
1 269 362 -843.985
1 269 505 -1687.97
1 269 507 -843.985
1 269 528 -843.985
1 269 543 -843.985
1 269 547 -1687.97
1 270 474 -843.985
1 270 475 -1687.97
1 270 479 -843.985
1 270 491 -843.985
1 270 504 -843.985
1 270 507 -843.985
1 270 526 -843.985
1 271 375 -843.985
1 271 388 -843.985
1 271 479 -843.985
1 271 481 -843.985
1 271 487 -843.985
1 271 491 -843.985
1 271 526 -843.985
1 272 469 -843.985
1 272 493 -843.985
1 272 495 -1687.97
1 272 496 -843.985
1 272 502 -843.985
1 272 526 -2531.96
1 273 441 -843.985
1 273 462 -843.985
1 273 526 -843.985
1 275 463 -843.985
1 275 480 -843.985
1 275 502 -843.985
1 275 504 -843.985
1 276 502 -843.985
1 277 393 -843.985
1 279 459 -843.985
1 280 563 -843.985
1 282 434 -843.985
1 282 435 -843.985
1 283 461 -843.985
1 283 482 -843.985
1 283 483 -843.985
1 285 437 -843.985
1 285 482 -843.985
1 285 483 -843.985
1 286 377 -843.985
1 286 464 -843.985
1 288 469 -843.985
1 289 362 -843.985
1 289 443 -843.985
1 292 358 -843.985
1 293 390 -2531.96
1 293 391 -843.985
1 296 390 -843.985
1 301 359 -843.985
1 301 378 -843.985
1 85 106 -843.985
1 92 112 -1687.97
1 93 117 -843.985
1 97 89 -843.985
1 98 101 -843.985
1 99 126 -843.985
1 99 136 -843.985
1 147 119 -20037.6
1 148 187 -108900.0
1 150 114 -90750.0
1 153 113 -86394.0
1 156 158 -96122.4
1 157 160 -80586.0
1 167 186 -89443.2
1 170 169 -101640.0
1 197 280 -62436.0
1 199 225 -105270.0
1 210 300 -113111.0
1 234 285 -119209.0
1 244 234 -173804.0
1 267 479 -5953.2
1 271 361 -3405.96
1 272 454 -73.12
1 285 433 -1161.6
1 291 453 -7559.06
1 299 360 -44140.8
1 109 116 -82764.0
1 131 118 -3920.4
1 132 183 -46609.2
1 137 123 -86974.8
1 140 173 -124146.0
1 141 124 -82328.4
1 142 121 -73471.2
1 152 130 -32089.2
1 155 192 -92928.0
1 157 117 -114998.0
1 157 190 -290.4
1 158 205 -156961.0
1 164 258 -161898.0
1 169 164 -452443.0
1 172 162 -56628.0
1 172 163 -32670.0
1 173 196 -435.6
1 175 213 -101495.0
1 195 280 -69696.0
1 202 295 -129809.0
1 203 296 -258020.0
1 214 174 -66066.0
1 218 173 -327426.0
1 226 358 -7455.69
1 247 335 -164366.0
1 256 333 -72600.0
1 265 349 -74197.2
1 267 346 -175547.0
1 269 347 -180193.0
1 271 470 -2904.0
1 274 431 -2356170.0
1 280 367 -42834.0
1 285 357 -46464.0
1 299 335 -251196.0
1 143 152 -114708.0
1 144 130 -24829.2
1 148 113 -134165.0
1 149 118 -191228.0
1 151 143 -38913.6
1 152 177 -124291.0
1 152 183 -4936.8
1 153 185 -33831.6
1 153 212 -164802.0
1 155 180 -87120.0
1 155 187 -82183.2
1 161 161 -74342.4
1 162 171 -190212.0
1 164 159 -136052.0
1 167 163 -139392.0
1 170 217 -124291.0
1 174 182 -94380.0
1 176 128 -31944.0
1 188 287 -10309.2
1 189 206 -169884.0
1 201 279 -236676.0
1 221 294 -147814.0
1 221 361 -4791.6
1 222 252 -51836.4
1 222 266 -42108.0
1 224 273 -164947.0
1 225 248 -2323.2
1 226 361 -269491.0
1 228 373 -145.2
1 234 319 -159139.0
1 235 317 -178160.0
1 237 292 -209942.0
1 238 244 -70131.6
1 245 243 -3194.4
1 248 238 -191228.0
1 248 331 -73035.6
1 256 342 -4356.0
1 259 347 -52707.6
1 266 345 -105125.0
1 271 268 -220704.0
1 274 278 -88572.0
1 289 355 -18730.8
1 296 391 -23377.2
1 296 393 -34848.0
1 140 166 -602725.0
1 141 116 -166980.0
1 142 185 -158268.0
1 143 114 -235369.0
1 143 184 -80440.8
1 144 151 -70712.4
1 144 186 -34122.0
1 145 114 -57499.2
1 146 150 -104254.0
1 146 180 -142586.0
1 147 148 -110062.0
1 147 171 -75794.4
1 149 181 -93799.2
1 149 202 -75358.8
1 150 172 -92782.8
1 150 183 -5372.4
1 150 186 -69841.2
1 151 178 -105996.0
1 151 189 -84216.0
1 151 211 -31653.6
1 152 180 -82328.4
1 153 188 -108900.0
1 154 113 -14665.2
1 158 173 -9292.8
1 164 124 -1306.8
1 168 164 -86248.8
1 168 166 -85377.6
1 170 115 -65049.6
1 176 222 -90169.2
1 184 210 -92056.8
1 188 207 -48206.4
1 189 288 -26716.8
1 193 280 -64614.0
1 206 280 -57644.4
1 209 273 -85813.2
1 209 281 -96669.8
1 210 249 -83490.0
1 211 263 -94815.6
1 211 296 -82038.0
1 213 270 -17133.6
1 219 272 -42688.8
1 221 302 -4065.6
1 221 317 -45012.0
1 224 287 -63888.0
1 228 354 -159865.0
1 231 270 -101640.0
1 231 347 -60548.4
1 235 295 -98155.2
1 236 320 -347028.0
1 236 342 -102221.0
1 236 344 -77391.6
1 240 330 -142296.0
1 240 337 -31944.0
1 240 357 -71438.4
1 244 333 -1987.79
1 246 332 -65340.0
1 246 337 -36300.0
1 251 334 -248582.0
1 258 345 -68534.4
1 260 345 -59677.2
1 262 286 -17424.0
1 263 344 -47625.6
1 265 517 -145.2
1 267 428 -7601.59
1 269 365 -4646.4
1 270 361 -99462.0
1 271 355 -87120.0
1 281 331 -29040.0
1 289 371 -57063.6
1 290 371 -27152.4
1 296 358 -27588.0
1 297 356 -20328.0
1 299 347 -3630.0
1 125 93 -35719.2
1 134 123 -64323.6
1 135 126 -8421.6
1 138 125 -30056.4
1 142 117 -41817.6
1 142 169 -35138.4
1 145 116 -42834.0
1 146 146 -24974.4
1 152 213 -58951.2
1 155 116 -41817.6
1 161 139 -145.2
1 161 185 -187018.0
1 163 186 -35574.0
1 166 203 -12487.2
1 183 232 -327281.0
1 192 232 -420935.0
1 193 235 -188324.0
1 201 310 -7550.4
1 211 195 -3920.4
1 221 339 -142586.0
1 222 324 -75068.4
1 223 263 -38768.4
1 226 354 -51691.2
1 230 358 -46899.6
1 232 347 -13503.6
1 233 341 -62145.6
1 242 618 -38478.0
1 248 344 -84477.9
1 263 345 -100188.0
1 263 427 -145.2
1 268 366 -7260.0
1 286 302 -3194.4
1 292 360 -19021.2
1 293 357 -34702.8
1 299 389 -145.2
1 132 120 -103818.0
1 134 124 -37316.4
1 134 126 -84796.8
1 135 122 -52852.8
1 137 128 -101495.0
1 148 119 -71438.4
1 150 118 -141425.0
1 150 121 -124872.0
1 150 127 -2613.6
1 152 118 -38913.6
1 153 122 -25410.0
1 153 123 -115144.0
1 155 125 -76520.4
1 156 124 -65920.8
1 158 138 -59967.6
1 158 140 -108029.0
1 160 139 -89152.8
1 181 126 -365323.0
1 185 168 -12632.4
1 189 126 -938137.0
1 224 257 -3775.2
1 260 332 -13648.8
1 260 337 -14520.0
1 276 359 -29330.4
1 281 445 -580.8
1 137 168 -76810.8
1 149 213 -154493.0
1 189 195 -8712.0
1 190 250 -39349.2
1 192 197 -26716.8
1 202 228 -18585.6
1 210 253 -87120.0
1 217 236 -74778.0
1 245 324 -1742.4
1 270 480 -145.2
1 291 354 -15246.0
1 151 118 -55030.8
1 158 114 -21925.2
1 187 263 -145.2
1 188 197 -27152.4
1 188 204 -42834.0
1 203 340 -950.02
1 206 169 -4210.8
1 206 281 -2032.8
1 208 226 -57208.8
1 211 266 -37742.5
1 213 276 -14477.6
1 214 274 -163759.0
1 220 278 -62616.1
1 223 372 -2468.4
1 232 398 -10309.2
1 233 375 -1742.4
1 236 317 -145055.0
1 239 385 -19492.7
1 239 406 -156.37
1 239 416 -119.87
1 241 238 -42108.0
1 245 408 -14374.8
1 246 320 -14374.8
1 248 454 -1452.0
1 259 351 -5409.75
1 262 585 -290.4
1 265 360 -55098.7
1 269 360 -9842.79
1 272 360 -77827.2
1 273 521 -3775.2
1 274 327 -25264.8
1 275 465 -91.35
1 290 322 -219542.0
1 292 458 -20696.5
1 294 354 -5023.92
1 147 116 -137214.0
1 147 183 -123420.0
1 156 122 -12487.2
1 281 328 -30201.6
1 173 183 -82183.2
1 257 342 -38187.6
1 201 251 -216058.0
1 201 301 -47916.0
1 251 286 -11470.8
1 259 336 -435.6
1 264 441 -145.2
1 265 488 -290.4
1 144 132 -580.8
1 135 160 -114708.0
1 136 173 -3775.2
1 154 112 -15972.0
1 154 122 -131987.0
1 156 131 -547404.0
1 161 179 -279220.0
1 164 169 -40656.0
1 167 247 -10744.8
1 183 124 -845209.0
1 186 125 -682585.0
1 186 209 -54014.4
1 204 300 -126.91
1 215 269 -39204.0
1 225 242 -68244.0
1 226 375 -242306.0
1 238 302 -11470.8
1 242 355 -347.12
1 244 321 -47044.8
1 245 406 -2032.8
1 247 591 -1887.6
1 248 590 -145.2
1 248 593 -145.2
1 251 614 -2188.58
1 255 333 -72600.0
1 256 443 -520.15
1 258 339 -3489.07
1 258 416 -68.62
1 263 583 -608.78
1 266 470 -1131.7
1 269 482 -435.6
1 270 476 -2032.8
1 273 523 -154057.0
1 274 506 -9147.6
1 275 479 -41672.4
1 280 458 -690.68
1 291 374 -580.8
1 297 388 -1913.42
1 298 384 -126.42
1 204 299 -2613.6
1 221 300 -290.4
1 140 116 -46754.4
1 272 494 -145.2
1 134 167 -5082.0
1 159 157 -158849.0
1 160 117 -13213.2
1 184 305 -205.94
1 211 290 -15972.0
1 225 289 -33105.6
1 226 330 -31784.8
1 237 406 -10545.2
1 244 430 -2323.2
1 247 342 -716.08
1 253 427 -918.39
1 253 443 -1631.17
1 254 398 -163.76
1 254 442 -3194.97
1 254 444 -566.36
1 254 445 -41.48
1 256 445 -4104.44
1 261 346 -945.57
1 261 369 -2182.18
1 262 555 -145.2
1 263 448 -145.2
1 265 559 -1576.1
1 271 364 -49948.8
1 271 471 -726.0
1 271 489 -46730.3
1 272 371 -290.4
1 275 371 -871.2
1 277 386 -145.2
1 262 394 -622569.0
1 271 492 -145.2
1 157 122 -435.6
1 160 136 -5662.8
1 169 201 -170465.0
1 199 297 -202.97
1 211 313 -48.08
1 212 315 -304.79
1 214 287 -340.21
1 224 372 -2613.6
1 246 609 -2241.38
1 247 343 -177.84
1 247 590 -6679.2
1 255 446 -568.73
1 261 524 -410.4
1 261 525 -119.42
1 270 482 -62.38
1 276 386 -871.2
1 281 446 -2758.8
1 291 458 -144.84
1 295 390 -7550.4
1 297 387 -1016.4
1 165 158 -52707.6
1 178 212 -14520.0
1 231 363 -145.2
1 269 361 -145.2
1 145 147 -290.4
1 257 443 -3084.01
1 162 205 -127486.0
1 170 249 -10309.2
1 178 255 -20328.0
1 194 320 -3049.2
1 196 299 -2323.2
1 237 378 -24.82
1 240 386 -117.84
1 241 353 -313.66
1 244 330 -3049.2
1 247 341 -10.91
1 248 343 -192.15
1 252 457 -145.2
1 253 400 -145.2
1 254 394 -19.52
1 254 400 -290.4
1 255 373 -145.2
1 261 362 -96993.6
1 262 441 -145.2
1 263 353 -8.92
1 274 527 -377.11
1 276 484 -145.2
1 282 451 -2323.2
1 279 477 -11616.0
1 207 193 -282124.0
1 145 139 -1306.8
1 150 115 -76520.4
1 206 299 -168.56
1 239 305 -1580.11
1 261 461 -290.4
1 233 400 -43705.2
1 268 360 -1597.2
1 117 117 -31218.0
1 183 311 -3793.86
1 185 196 -1161.6
1 244 355 -30786.7
1 245 261 -60619.8
1 290 355 -65011.6
1 294 370 -103092.0
1 264 474 -145.2
1 264 351 -290.4
1 164 240 -1597.2
1 201 297 -125.34
1 207 298 -49.91
1 232 373 -272.04
1 233 392 -268.81
1 234 236 -6388.8
1 235 390 -178.44
1 236 398 -435.6
1 237 390 -2781.45
1 237 399 -145.2
1 241 374 -135.75
1 248 342 -196.75
1 248 606 -204.33
1 249 343 -79.9
1 249 344 -136.8
1 249 411 -401.16
1 253 418 -295.26
1 253 442 -854.67
1 254 600 -292.14
1 258 597 -201.59
1 259 428 -726.0
1 263 467 -54304.8
1 263 468 -52998.0
1 267 481 -121.65
1 268 457 -145.2
1 278 469 -148.62
1 281 429 -1625.56
1 284 436 -6534.0
1 292 376 -145.2
1 296 414 -12.51
1 297 446 -3920.4
1 162 179 -42398.4
1 237 382 -290.4
1 240 379 -1306.8
1 148 141 -56482.8
1 223 371 -290.4
1 160 142 -145.2
1 247 419 -2032.8
1 272 448 -6534.0
1 290 441 -435.6
1 257 602 -145.2
1 176 219 -4065.6
1 209 228 -290.4
1 256 590 -125.21
1 290 403 -145.2
1 250 618 -5372.4
1 241 405 -1016.4
1 251 362 -1348.54
1 271 484 -145.2
1 195 201 -7695.6
1 254 368 -3.25
1 255 372 -136343.0
1 260 348 -42.0
1 261 424 -331.97
1 263 394 -602778.0
1 269 477 -290.4
1 290 463 -1887.6
1 253 407 -24.14
1 175 246 -225060.0
1 195 301 -145.2
1 271 397 -145.2
1 231 201 -94234.8
1 282 445 -795696.0
1 234 395 -2.67
1 255 399 -1742.4
