1 204 346 -852.6039999999999
1 212 384 45000.0
1 212 385 45000.0
1 212 386 45000.0
1 212 387 45000.0
1 212 388 45000.0
1 212 389 45000.0
1 212 390 45000.0
1 212 391 45000.0
1 212 392 45000.0
1 212 393 45000.0
1 213 394 45000.0
1 213 395 45000.0
1 213 396 45000.0
1 213 397 45000.0
1 213 398 45000.0
1 213 399 45000.0
1 213 400 45000.0
1 213 401 45000.0
1 213 402 45000.0
1 214 403 45000.0
1 214 404 45000.0
1 214 405 45000.0
1 214 406 45000.0
1 214 407 45000.0
1 214 409 45000.0
1 214 410 45000.0
1 214 411 45000.0
1 214 412 45000.0
1 214 413 45000.0
1 214 414 45000.0
1 214 415 45000.0
1 215 416 45000.0
1 215 417 45000.0
1 227 417 45000.0
1 228 417 45000.0
1 229 417 45000.0
1 216 418 45000.0
1 226 418 45000.0
1 230 418 45000.0
1 217 419 45000.0
1 218 419 45000.0
1 219 419 45000.0
1 220 419 45000.0
1 221 419 45000.0
1 222 419 45000.0
1 223 419 45000.0
1 224 419 45000.0
1 225 419 45000.0
1 229 419 45000.0
1 229 420 45000.0
1 226 421 45000.0
1 227 421 45000.0
1 228 421 45000.0
1 224 422 45000.0
1 225 422 45000.0
1 224 423 45000.0
1 224 424 45000.0
1 225 424 45000.0
1 226 424 45000.0
1 227 424 45000.0
1 228 424 45000.0
1 229 425 45000.0
1 229 426 45000.0
1 229 427 45000.0
1 229 428 45000.0
1 229 429 45000.0
1 228 430 45000.0
1 228 431 45000.0
1 228 432 45000.0
1 228 433 45000.0
1 228 434 45000.0
1 228 435 45000.0
1 229 435 45000.0
1 230 436 45000.0
1 230 437 45000.0
1 230 438 45000.0
1 230 439 45000.0
1 230 440 45000.0
1 230 441 45000.0
1 230 442 45000.0
1 230 443 45000.0
1 230 444 45000.0
1 230 445 45000.0
1 230 446 45000.0
1 230 447 45000.0
1 230 448 45000.0
1 230 449 45000.0
1 230 450 45000.0
1 230 451 45000.0
1 230 452 45000.0
1 230 453 45000.0
1 230 454 45000.0
1 230 455 45000.0
1 230 456 45000.0
1 231 457 45000.0
1 231 458 45000.0
1 231 459 45000.0
1 231 460 45000.0
1 232 461 45000.0
1 232 462 45000.0
1 232 463 45000.0
1 232 464 45000.0
1 233 464 45000.0
1 234 464 45000.0
1 235 464 45000.0
1 236 464 45000.0
1 237 464 45000.0
1 238 464 45000.0
1 239 465 45000.0
1 239 466 45000.0
1 114 114 -16521.6
1 117 120 -852.6039999999999
1 121 111 -23748.9
1 121 113 -113.256
1 129 121 -37533.4
1 130 122 -852.6039999999999
1 133 112 -20779.6
1 135 194 -1782.58
1 140 168 -21721.1
1 141 191 -109876.0
1 143 126 -72247.2
1 143 172 -30267.1
1 143 190 -43124.4
1 144 166 -45614.3
1 144 172 -33827.9
1 144 182 -164999.0
1 146 117 -39238.8
1 146 188 -17363.0
1 146 190 -5744.11
1 147 132 -52877.5
1 147 145 -30048.9
1 148 123 -160.203
1 148 167 -61602.5
1 148 176 -112417.0
1 148 196 -78508.6
1 149 145 -68898.9
1 149 146 -36477.1
1 150 124 -24569.8
1 150 128 -35.082
1 150 141 -24588.2
1 150 198 -108503.0
1 151 142 -7819.02
1 151 195 -67686.9
1 152 123 -29048.6
1 152 125 -22270.0
1 152 132 -852.6039999999999
1 153 142 -57294.5
1 153 192 -54798.5
1 154 125 -592.651
1 154 171 -20868.4
1 154 249 -25754.9
1 155 112 -104144.0
1 155 129 -5472.0
1 155 141 -55692.9
1 156 129 -227654.0
1 156 146 -38415.6
1 157 116 -169.88400000000001
1 157 135 -1705.21
1 157 140 -350443.0
1 157 251 -31552.0
1 158 133 -852.6039999999999
1 158 137 -49253.5
1 158 181 -187745.0
1 159 119 -20310.6
1 159 173 -82426.6
1 160 119 -10069.6
1 161 125 -16059.5
1 161 129 -16531.8
1 161 131 -10253.3
1 161 188 -98500.8
1 162 119 -5983.17
1 162 121 -78211.6
1 162 128 -308508.0
1 162 167 -1378.25
1 163 137 -6557.23
1 163 138 -852.6039999999999
1 164 135 -55219.6
1 164 187 -58515.6
1 165 130 -89826.4
1 165 131 -540.07
1 166 126 -5902.38
1 167 125 -12745.7
1 167 259 -9092.42
1 168 123 -405.834
1 168 208 -68729.7
1 169 127 -87.0262
1 169 163 -128717.0
1 170 131 -46458.2
1 170 163 -25566.8
1 171 130 -7779.82
1 171 132 -9471.4
1 172 130 -12433.5
1 172 218 -247058.0
1 173 224 -21780.0
1 174 123 -23531.1
1 174 135 -8158.79
1 175 134 -68379.0
1 178 164 -49368.0
1 178 261 -4435.86
1 179 181 -109916.0
1 179 183 -4501.2
1 179 210 -22142.0
1 180 208 -5752.73
1 184 246 -30327.9
1 187 200 -200964.0
1 187 281 -11616.0
1 188 198 -112934.0
1 188 209 -53372.6
1 188 240 -180498.0
1 188 258 -47916.0
1 189 282 -31944.0
1 190 281 -68244.0
1 191 191 -143999.0
1 191 281 -29.04
1 193 256 -33250.8
1 193 260 -44315.2
1 197 204 -36692.6
1 197 252 -31835.4
1 198 298 -919.262
1 199 211 -24717.4
1 199 231 -37819.2
1 199 298 -880.5880000000001
1 200 298 -852.6039999999999
1 201 234 -3331.16
1 203 275 -325509.0
1 203 280 -38368.8
1 204 248 -23879.8
1 205 300 -880.6110000000001
1 206 196 -114133.0
1 206 286 -4341.48
1 206 300 -1718.91
1 211 255 -251819.0
1 212 226 -6748.9
1 212 258 -350824.0
1 213 264 -217.142
1 214 240 -14058.6
1 215 260 -112539.0
1 216 238 -93256.1
1 217 264 -97663.0
1 217 365 -593.5419999999999
1 218 179 -103258.0
1 219 310 -35423.0
1 221 223 -1251.62
1 221 246 -36170.8
1 221 284 -38106.8
1 222 352 -50488.4
1 222 358 -11131.0
1 222 369 -718.712
1 224 301 -88820.7
1 224 374 -10141.9
1 226 311 -6445.43
1 226 365 -2072.94
1 228 225 -106816.0
1 230 255 -5293.76
1 230 361 -54566.2
1 231 401 -852.6039999999999
1 232 364 -202.615
1 232 370 -15.1059
1 233 337 -852.6039999999999
1 233 394 -1759.58
1 234 304 -7425.52
1 234 393 -908.5360000000001
1 235 367 -47198.2
1 235 400 -2480.67
1 236 263 -47480.4
1 236 351 -68244.0
1 236 609 -131.127
1 237 237 -24679.1
1 237 316 -41481.1
1 237 357 -9357.65
1 237 389 -852.6039999999999
1 238 398 -0.8912049999999999
1 238 605 -4276.03
1 238 609 -2461.73
1 239 250 -6117.28
1 239 426 -1174.16
1 239 605 -4328.84
1 239 606 -2597.2
1 239 619 -11000.6
1 240 380 -1112.39
1 240 426 -1111.05
1 240 608 -3443.03
1 241 335 -101990.0
1 241 604 -933.659
1 242 311 -7793.59
1 243 371 -10984.3
1 243 389 -1229.42
1 243 422 -278.769
1 243 431 -79.3172
1 243 605 -4263.02
1 244 431 -8938.34
1 244 605 -5151.6
1 244 621 -1705.21
1 245 238 -30091.7
1 245 322 -14707.6
1 245 337 -852.6039999999999
1 245 370 -1.33333
1 245 621 -852.6039999999999
1 246 321 -4632.93
1 246 618 -2566.32
1 247 344 -977.7810000000001
1 247 383 -13116.8
1 247 384 -3442490.0
1 248 251 -35871.0
1 248 424 -2859.43
1 248 436 -5566.02
1 248 442 -593.5419999999999
1 248 444 -15291.3
1 248 589 -2896.86
1 249 373 -869.1360000000001
1 249 389 -1519.5
1 249 424 -852.6039999999999
1 249 430 -48802.4
1 249 436 -11115.8
1 249 443 -15301.5
1 249 606 -4314.13
1 250 239 -111309.0
1 250 326 -3968.98
1 250 424 -852.6039999999999
1 250 425 -146024.0
1 250 431 -64966.4
1 250 595 -3023.0
1 251 300 -374616.0
1 251 356 -134563.0
1 251 408 -1202.24
1 251 456 -1187.36
1 251 457 -57.6253
1 251 594 -894.936
1 251 595 -18097.5
1 251 596 -1884.03
1 252 230 -40269.8
1 252 329 -43597.7
1 252 450 -645.633
1 252 595 -866.845
1 252 606 -1144.03
1 253 331 -22863.9
1 253 332 -26214.8
1 253 416 -331.461
1 253 420 -17727.0
1 253 445 -78572.2
1 254 338 -285492.0
1 254 367 -35562.2
1 254 407 -107052.0
1 254 597 -874.6460000000001
1 254 607 -74952.2
1 255 381 -24748.8
1 255 383 -58427.4
1 255 388 -102587.0
1 255 395 -2944.99
1 255 420 -15413.4
1 255 439 -39921.5
1 255 443 -177198.0
1 255 595 -944.307
1 255 596 -1131.19
1 255 606 -15590.0
1 255 609 -1705.21
1 256 314 -11881.1
1 256 335 -30182.7
1 256 341 -551.21
1 256 370 -558.386
1 256 413 -2576.92
1 256 586 -2559.19
1 256 593 -3410.43
1 257 238 -0.8712
1 257 324 -7178.66
1 257 413 -1202.1
1 257 576 -1708.81
1 257 599 -113.18299999999999
1 257 600 -107257.0
1 258 325 -9383.05
1 258 336 -2371.94
1 258 418 -220185.0
1 258 420 -274147.0
1 258 442 -1041290.0
1 258 464 -2117.73
1 258 585 -5295.0
1 258 595 -1822.18
1 258 601 -51677.6
1 258 602 -22.7747
1 259 340 -82801.9
1 259 371 -8172.35
1 259 405 -58797.2
1 259 588 -33308.8
1 259 592 -852.6039999999999
1 259 593 -852.6039999999999
1 260 342 -83828.3
1 260 349 -825.701
1 260 407 -4244970.0
1 260 413 -339946.0
1 260 424 -382.772
1 260 461 -4555.39
1 260 463 -50034.7
1 260 464 -35200.4
1 260 585 -20616.6
1 260 586 -27179.4
1 261 337 -9415.58
1 261 355 -43560.0
1 261 381 -150217.0
1 261 418 -972.0260000000001
1 261 429 -51542.8
1 261 464 -6847.23
1 261 492 -880.1419999999999
1 261 571 -276.27299999999997
1 261 576 -1737.4
1 262 345 -27891.5
1 262 540 -492.39099999999996
1 262 564 -47639.4
1 262 567 -36552.8
1 262 568 -29169.1
1 262 570 -84049.0
1 262 571 -6267.4
1 263 340 -23931.9
1 263 471 -21701.2
1 263 477 -26586.1
1 263 520 -1777.49
1 263 574 -746.83
1 263 582 -29.6771
1 264 265 -56366.6
1 264 344 -80088.0
1 264 345 -11616.0
1 264 355 -480.35900000000004
1 264 367 -852.6039999999999
1 264 383 -110166.0
1 264 407 -8288.65
1 264 428 -179752.0
1 264 468 -70.7037
1 264 471 -6107.87
1 264 476 -967.8489999999999
1 264 477 -39527.8
1 264 523 -2780.75
1 264 524 -645.934
1 264 549 -8501.65
1 265 364 -48191.9
1 265 374 -159757.0
1 265 422 -251037.0
1 265 523 -4529.99
1 266 337 -852.6039999999999
1 266 340 -23297.3
1 266 462 -134.349
1 267 391 -17601.3
1 267 463 -485.707
1 267 555 -852.6039999999999
1 267 556 -852.6039999999999
1 268 333 -23161.2
1 268 334 -50384.4
1 268 436 -4121390.0
1 268 455 -21.5672
1 268 479 -650.045
1 268 480 -381.97
1 268 489 -17691.9
1 269 363 -858.188
1 269 397 -51926.1
1 269 456 -36251.1
1 269 483 -46.0899
1 269 541 -852.6039999999999
1 270 352 -46177.8
1 270 412 -303840.0
1 270 417 -4.6788300000000005
1 270 429 -4.9974300000000005
1 270 481 -902.69
1 270 483 -2193.11
1 270 484 -1103.75
1 270 486 -46226.8
1 270 498 -67888.9
1 270 539 -162.645
1 271 319 -77512.5
1 271 335 -35122.4
1 271 371 -1615.31
1 271 415 -185801.0
1 271 451 -440.589
1 271 485 -283.403
1 271 498 -8312.27
1 271 537 -163430.0
1 272 336 -21473.6
1 272 366 -481.99
1 272 368 -338711.0
1 272 388 -1074440.0
1 272 396 -24445.9
1 272 451 -23430.3
1 272 453 -835.128
1 272 462 -1850550.0
1 272 490 -22.9268
1 272 491 -47.9023
1 272 498 -87.7837
1 272 530 -310880.0
1 272 532 -301562.0
1 272 535 -123873.0
1 273 363 -303.613
1 273 392 -667.9580000000001
1 273 410 -3153.53
1 273 480 -20226.4
1 273 510 -852.6039999999999
1 273 516 -19343.2
1 273 517 -152592.0
1 273 518 -191.787
1 274 409 -2695.45
1 274 520 -68261.8
1 274 523 -1457.81
1 275 367 -21003.2
1 275 441 -512104.0
1 275 506 -2500.19
1 276 366 -15190.6
1 276 392 -1872.42
1 276 446 -1722.7
1 276 474 -26326.2
1 277 294 -61640.2
1 277 390 -9770.19
1 277 407 -1832920.0
1 277 431 -753.068
1 277 454 -35.6482
1 277 468 -185.21200000000002
1 277 472 -46128.2
1 277 480 -38838.7
1 277 482 -220.128
1 278 365 -43792.5
1 278 435 -26375.2
1 278 482 -3540.76
1 279 310 -27016.9
1 279 336 -83381.6
1 279 433 -134988.0
1 279 438 -395619.0
1 279 475 -108041.0
1 279 485 -23237.2
1 280 365 -12857.5
1 280 433 -92057.0
1 280 442 -11166.8
1 280 469 -26711.0
1 280 471 -1905.61
1 281 458 -1202680.0
1 282 409 -8078.77
1 282 424 -801.6389999999999
1 282 430 -673.528
1 282 436 -43098.7
1 282 454 -6759.79
1 282 457 -6995.96
1 283 354 -13492.0
1 283 429 -295287.0
1 283 449 -315738.0
1 283 452 -96575.4
1 283 455 -47960.2
1 283 468 -96506.4
1 284 339 -93362.6
1 284 457 -13299.5
1 284 463 -706396.0
1 284 481 -7851.52
1 285 336 -94437.2
1 285 374 -5552.21
1 285 467 -260018.0
1 285 475 -105617.0
1 286 330 -87333.6
1 286 425 -736965.0
1 286 475 -43170.0
1 286 477 -91918.9
1 287 426 -852.6039999999999
1 287 477 -51774.5
1 288 372 -319.599
1 288 419 -16156.2
1 288 423 -2566.22
1 288 426 -852.6039999999999
1 289 404 -185518.0
1 289 459 -19209.9
1 289 468 -24129.4
1 290 382 -305027.0
1 290 402 -7941.08
1 290 411 -2804.18
1 290 412 -28367.8
1 290 413 -3.4757
1 290 420 -159.526
1 291 350 -2299.31
1 291 373 -1971.79
1 291 399 -69207.6
1 291 419 -1051720.0
1 292 365 -15560.4
1 292 416 -274428.0
1 292 469 -5195.72
1 293 440 -74.1314
1 294 435 -30553.6
1 294 447 -72027.2
1 295 391 -423.76800000000003
1 295 430 -282153.0
1 296 388 -1019.24
1 296 398 -35113.5
1 296 433 -12394.3
1 297 381 -27821.8
1 297 383 -575.7180000000001
1 297 395 -0.0485707
1 297 401 -162266.0
1 297 402 -63485.0
1 297 413 -948352.0
1 297 415 -71323.1
1 297 442 -51636.4
1 298 389 -2273.83
1 298 390 -11425.5
1 299 354 -26965.8
1 299 355 -184.40400000000002
1 299 387 -577.679
1 102 110 -852.6039999999999
1 102 113 -852.6039999999999
1 103 100 -852.6039999999999
1 103 104 -852.6039999999999
1 104 115 -852.6039999999999
1 105 115 -852.6039999999999
1 105 139 -852.6039999999999
1 108 117 -852.6039999999999
1 109 112 -852.6039999999999
1 111 155 -852.6039999999999
1 111 208 -852.6039999999999
1 112 181 -852.6039999999999
1 113 111 -852.6039999999999
1 113 159 -852.6039999999999
1 113 211 -852.6039999999999
1 114 173 -852.6039999999999
1 114 212 -1705.21
1 115 212 -1705.21
1 116 121 -852.6039999999999
1 116 150 -852.6039999999999
1 116 166 -852.6039999999999
1 117 119 -852.6039999999999
1 117 168 -852.6039999999999
1 117 210 -852.6039999999999
1 119 194 -852.6039999999999
1 119 202 -852.6039999999999
1 119 96 -852.6039999999999
1 120 155 -852.6039999999999
1 120 94 -852.6039999999999
1 121 187 -852.6039999999999
1 123 110 -852.6039999999999
1 123 111 -852.6039999999999
1 123 158 -852.6039999999999
1 123 168 -852.6039999999999
1 123 193 -852.6039999999999
1 123 202 -1705.21
1 125 150 -852.6039999999999
1 125 151 -852.6039999999999
1 125 193 -852.6039999999999
1 125 194 -852.6039999999999
1 126 121 -852.6039999999999
1 126 191 -852.6039999999999
1 126 195 -852.6039999999999
1 127 150 -852.6039999999999
1 127 160 -852.6039999999999
1 127 169 -852.6039999999999
1 127 195 -852.6039999999999
1 127 199 -1705.21
1 128 122 -852.6039999999999
1 128 148 -852.6039999999999
1 128 149 -852.6039999999999
1 128 152 -852.6039999999999
1 128 153 -852.6039999999999
1 128 154 -852.6039999999999
1 128 157 -852.6039999999999
1 128 199 -852.6039999999999
1 129 117 -852.6039999999999
1 129 119 -852.6039999999999
1 129 122 -852.6039999999999
1 129 146 -852.6039999999999
1 129 154 -1705.21
1 129 162 -852.6039999999999
1 129 176 -852.6039999999999
1 130 120 -852.6039999999999
1 130 154 -852.6039999999999
1 130 155 -852.6039999999999
1 130 156 -2557.81
1 130 194 -852.6039999999999
1 131 112 -852.6039999999999
1 131 121 -852.6039999999999
1 131 122 -852.6039999999999
1 131 150 -852.6039999999999
1 131 156 -852.6039999999999
1 131 157 -852.6039999999999
1 131 158 -852.6039999999999
1 131 161 -1705.21
1 131 198 -852.6039999999999
1 132 112 -852.6039999999999
1 132 155 -852.6039999999999
1 132 156 -852.6039999999999
1 132 160 -852.6039999999999
1 132 161 -1705.21
1 133 155 -852.6039999999999
1 133 159 -852.6039999999999
1 133 160 -1705.21
1 133 192 -1705.21
1 133 193 -852.6039999999999
1 134 148 -852.6039999999999
1 134 150 -852.6039999999999
1 134 151 -852.6039999999999
1 134 156 -852.6039999999999
1 134 191 -852.6039999999999
1 134 193 -3410.42
1 135 148 -4263.02
1 135 149 -1705.21
1 135 156 -852.6039999999999
1 135 157 -852.6039999999999
1 135 193 -2557.81
1 136 147 -852.6039999999999
1 136 148 -852.6039999999999
1 136 149 -852.6039999999999
1 136 150 -1705.21
1 136 153 -852.6039999999999
1 136 155 -852.6039999999999
1 137 148 -852.6039999999999
1 137 150 -852.6039999999999
1 137 153 -1705.21
1 137 154 -852.6039999999999
1 137 157 -2557.81
1 137 175 -852.6039999999999
1 137 206 -852.6039999999999
1 138 151 -852.6039999999999
1 138 152 -852.6039999999999
1 138 153 -2557.81
1 138 168 -852.6039999999999
1 138 169 -852.6039999999999
1 139 151 -852.6039999999999
1 140 138 -852.6039999999999
1 140 155 -3410.42
1 140 156 -852.6039999999999
1 140 171 -852.6039999999999
1 140 180 -852.6039999999999
1 141 149 -852.6039999999999
1 141 154 -1705.21
1 141 157 -852.6039999999999
1 141 171 -852.6039999999999
1 141 199 -1705.21
1 142 155 -852.6039999999999
1 142 156 -852.6039999999999
1 142 157 -852.6039999999999
1 142 158 -852.6039999999999
1 142 174 -852.6039999999999
1 142 179 -852.6039999999999
1 142 201 -852.6039999999999
1 143 146 -852.6039999999999
1 143 157 -2557.81
1 144 142 -1705.21
1 144 173 -852.6039999999999
1 145 142 -852.6039999999999
1 145 143 -852.6039999999999
1 145 151 -852.6039999999999
1 145 187 -852.6039999999999
1 145 226 -852.6039999999999
1 146 140 -852.6039999999999
1 146 141 -1705.21
1 146 145 -852.6039999999999
1 146 208 -852.6039999999999
1 146 229 -852.6039999999999
1 146 230 -852.6039999999999
1 146 232 -852.6039999999999
1 147 139 -2557.81
1 147 140 -852.6039999999999
1 147 141 -852.6039999999999
1 147 142 -852.6039999999999
1 147 229 -852.6039999999999
1 147 230 -852.6039999999999
1 147 233 -852.6039999999999
1 147 239 -852.6039999999999
1 147 240 -852.6039999999999
1 148 217 -852.6039999999999
1 148 221 -852.6039999999999
1 149 127 -852.6039999999999
1 149 147 -852.6039999999999
1 149 154 -852.6039999999999
1 149 222 -852.6039999999999
1 149 253 -852.6039999999999
1 150 160 -852.6039999999999
1 150 164 -852.6039999999999
1 150 177 -852.6039999999999
1 150 227 -852.6039999999999
1 150 236 -852.6039999999999
1 151 128 -852.6039999999999
1 151 228 -852.6039999999999
1 152 153 -852.6039999999999
1 152 173 -852.6039999999999
1 152 176 -852.6039999999999
1 152 222 -852.6039999999999
1 152 228 -852.6039999999999
1 153 126 -852.6039999999999
1 153 136 -852.6039999999999
1 153 155 -852.6039999999999
1 153 232 -852.6039999999999
1 153 238 -852.6039999999999
1 153 253 -852.6039999999999
1 154 126 -852.6039999999999
1 154 133 -852.6039999999999
1 154 161 -852.6039999999999
1 154 172 -852.6039999999999
1 154 220 -852.6039999999999
1 154 244 -852.6039999999999
1 155 170 -1705.21
1 155 216 -852.6039999999999
1 155 262 -852.6039999999999
1 156 160 -852.6039999999999
1 156 211 -852.6039999999999
1 156 223 -852.6039999999999
1 157 132 -852.6039999999999
1 157 133 -852.6039999999999
1 157 134 -2557.81
1 157 136 -852.6039999999999
1 157 194 -852.6039999999999
1 157 207 -852.6039999999999
1 157 240 -852.6039999999999
1 158 135 -852.6039999999999
1 158 248 -852.6039999999999
1 159 152 -852.6039999999999
1 159 231 -852.6039999999999
1 159 240 -852.6039999999999
1 159 247 -852.6039999999999
1 159 248 -852.6039999999999
1 159 250 -852.6039999999999
1 159 251 -852.6039999999999
1 159 257 -852.6039999999999
1 160 133 -852.6039999999999
1 160 249 -1705.21
1 160 251 -1705.21
1 160 252 -852.6039999999999
1 160 253 -852.6039999999999
1 160 262 -852.6039999999999
1 161 144 -1705.21
1 161 251 -852.6039999999999
1 161 253 -852.6039999999999
1 162 137 -1705.21
1 162 252 -1705.21
1 162 253 -852.6039999999999
1 163 152 -852.6039999999999
1 163 190 -852.6039999999999
1 163 236 -852.6039999999999
1 164 278 -852.6039999999999
1 164 290 -852.6039999999999
1 164 299 -852.6039999999999
1 165 133 -1705.21
1 165 134 -1705.21
1 165 135 -852.6039999999999
1 165 290 -852.6039999999999
1 166 131 -852.6039999999999
1 166 132 -852.6039999999999
1 166 133 -1705.21
1 166 134 -852.6039999999999
1 166 135 -852.6039999999999
1 166 210 -852.6039999999999
1 166 254 -852.6039999999999
1 166 255 -852.6039999999999
1 167 127 -852.6039999999999
1 167 132 -1705.21
1 167 133 -1705.21
1 167 134 -2557.81
1 167 256 -852.6039999999999
1 167 288 -852.6039999999999
1 167 294 -852.6039999999999
1 168 130 -852.6039999999999
1 168 131 -852.6039999999999
1 168 132 -3410.42
1 168 133 -3410.42
1 168 286 -852.6039999999999
1 168 287 -1705.21
1 168 291 -1705.21
1 169 128 -1705.21
1 169 129 -3410.42
1 169 131 -852.6039999999999
1 169 132 -4263.02
1 169 133 -2557.81
1 169 134 -7673.44
1 169 135 -852.6039999999999
1 169 236 -852.6039999999999
1 169 260 -852.6039999999999
1 169 271 -852.6039999999999
1 169 287 -852.6039999999999
1 169 290 -852.6039999999999
1 170 133 -2557.81
1 170 134 -10231.3
1 170 136 -852.6039999999999
1 170 187 -852.6039999999999
1 170 256 -852.6039999999999
1 170 287 -852.6039999999999
1 170 292 -852.6039999999999
1 171 133 -1705.21
1 171 134 -852.6039999999999
1 171 136 -4263.02
1 171 290 -852.6039999999999
1 172 257 -852.6039999999999
1 172 284 -852.6039999999999
1 172 295 -1705.21
1 172 311 -852.6039999999999
1 173 258 -852.6039999999999
1 173 278 -852.6039999999999
1 173 290 -852.6039999999999
1 173 292 -852.6039999999999
1 173 293 -1705.21
1 173 294 -852.6039999999999
1 174 124 -852.6039999999999
1 174 253 -852.6039999999999
1 174 261 -852.6039999999999
1 174 270 -852.6039999999999
1 174 283 -852.6039999999999
1 174 289 -852.6039999999999
1 174 293 -852.6039999999999
1 175 260 -852.6039999999999
1 175 288 -852.6039999999999
1 175 292 -1705.21
1 175 293 -852.6039999999999
1 175 296 -852.6039999999999
1 175 305 -852.6039999999999
1 176 274 -852.6039999999999
1 176 305 -852.6039999999999
1 177 289 -852.6039999999999
1 177 290 -852.6039999999999
1 178 243 -852.6039999999999
1 178 280 -852.6039999999999
1 178 285 -852.6039999999999
1 178 302 -852.6039999999999
1 178 305 -852.6039999999999
1 178 306 -852.6039999999999
1 178 311 -852.6039999999999
1 179 278 -852.6039999999999
1 179 285 -852.6039999999999
1 180 149 -852.6039999999999
1 180 286 -852.6039999999999
1 181 297 -852.6039999999999
1 181 307 -852.6039999999999
1 181 308 -852.6039999999999
1 183 242 -852.6039999999999
1 183 285 -852.6039999999999
1 183 295 -852.6039999999999
1 183 308 -852.6039999999999
1 183 309 -852.6039999999999
1 183 318 -852.6039999999999
1 184 263 -852.6039999999999
1 184 285 -852.6039999999999
1 184 313 -852.6039999999999
1 184 319 -852.6039999999999
1 185 257 -852.6039999999999
1 185 305 -852.6039999999999
1 185 306 -852.6039999999999
1 185 307 -852.6039999999999
1 185 315 -852.6039999999999
1 186 255 -852.6039999999999
1 186 265 -852.6039999999999
1 186 307 -1705.21
1 186 310 -852.6039999999999
1 188 262 -852.6039999999999
1 188 294 -852.6039999999999
1 188 295 -852.6039999999999
1 189 295 -852.6039999999999
1 189 309 -852.6039999999999
1 190 307 -852.6039999999999
1 190 308 -852.6039999999999
1 190 324 -852.6039999999999
1 191 292 -1705.21
1 191 304 -852.6039999999999
1 191 305 -852.6039999999999
1 192 258 -852.6039999999999
1 192 284 -852.6039999999999
1 192 304 -852.6039999999999
1 192 316 -852.6039999999999
1 192 319 -852.6039999999999
1 193 262 -852.6039999999999
1 193 301 -852.6039999999999
1 193 311 -852.6039999999999
1 193 313 -1705.21
1 194 284 -852.6039999999999
1 194 313 -852.6039999999999
1 195 269 -852.6039999999999
1 195 287 -852.6039999999999
1 195 289 -852.6039999999999
1 195 300 -852.6039999999999
1 195 311 -852.6039999999999
1 195 313 -852.6039999999999
1 196 269 -852.6039999999999
1 196 275 -852.6039999999999
1 196 303 -852.6039999999999
1 196 324 -852.6039999999999
1 196 333 -852.6039999999999
1 197 264 -852.6039999999999
1 197 283 -852.6039999999999
1 197 300 -852.6039999999999
1 197 322 -852.6039999999999
1 197 325 -852.6039999999999
1 198 242 -852.6039999999999
1 198 276 -1705.21
1 198 309 -852.6039999999999
1 198 311 -852.6039999999999
1 199 283 -852.6039999999999
1 199 311 -852.6039999999999
1 199 324 -852.6039999999999
1 200 280 -852.6039999999999
1 200 286 -852.6039999999999
1 200 296 -852.6039999999999
1 200 299 -852.6039999999999
1 200 306 -852.6039999999999
1 200 307 -852.6039999999999
1 200 312 -852.6039999999999
1 200 343 -852.6039999999999
1 200 345 -852.6039999999999
1 201 257 -852.6039999999999
1 202 280 -852.6039999999999
1 202 287 -852.6039999999999
1 202 297 -852.6039999999999
1 202 301 -852.6039999999999
1 202 302 -852.6039999999999
1 203 215 -852.6039999999999
1 203 304 -852.6039999999999
1 203 305 -852.6039999999999
1 203 309 -852.6039999999999
1 203 315 -852.6039999999999
1 205 263 -852.6039999999999
1 205 303 -852.6039999999999
1 205 304 -852.6039999999999
1 205 317 -852.6039999999999
1 205 318 -852.6039999999999
1 205 319 -852.6039999999999
1 206 264 -852.6039999999999
1 206 270 -852.6039999999999
1 206 301 -852.6039999999999
1 206 304 -852.6039999999999
1 206 315 -852.6039999999999
1 206 317 -1705.21
1 207 262 -852.6039999999999
1 207 300 -852.6039999999999
1 207 301 -1705.21
1 207 303 -852.6039999999999
1 207 304 -852.6039999999999
1 207 306 -1705.21
1 207 315 -852.6039999999999
1 207 317 -852.6039999999999
1 208 298 -1705.21
1 208 299 -1705.21
1 208 306 -852.6039999999999
1 208 317 -852.6039999999999
1 208 328 -852.6039999999999
1 209 284 -852.6039999999999
1 209 297 -852.6039999999999
1 209 302 -852.6039999999999
1 210 284 -852.6039999999999
1 210 301 -852.6039999999999
1 210 302 -852.6039999999999
1 210 342 -852.6039999999999
1 211 301 -852.6039999999999
1 211 321 -852.6039999999999
1 212 295 -852.6039999999999
1 212 347 -852.6039999999999
1 213 226 -852.6039999999999
1 213 287 -852.6039999999999
1 213 303 -852.6039999999999
1 213 329 -852.6039999999999
1 214 319 -852.6039999999999
1 215 289 -852.6039999999999
1 215 311 -852.6039999999999
1 215 353 -852.6039999999999
1 216 323 -852.6039999999999
1 216 341 -852.6039999999999
1 217 244 -852.6039999999999
1 217 249 -852.6039999999999
1 217 351 -852.6039999999999
1 218 209 -852.6039999999999
1 218 243 -852.6039999999999
1 218 292 -852.6039999999999
1 218 345 -1705.21
1 221 240 -852.6039999999999
1 221 611 -852.6039999999999
1 222 254 -852.6039999999999
1 222 362 -852.6039999999999
1 224 338 -852.6039999999999
1 224 359 -852.6039999999999
1 225 323 -852.6039999999999
1 225 329 -852.6039999999999
1 225 332 -852.6039999999999
1 225 368 -852.6039999999999
1 225 373 -852.6039999999999
1 225 378 -852.6039999999999
1 225 382 -1705.21
1 226 323 -852.6039999999999
1 226 388 -1705.21
1 226 618 -852.6039999999999
1 227 315 -852.6039999999999
1 228 606 -852.6039999999999
1 229 385 -1705.21
1 229 392 -852.6039999999999
1 229 393 -852.6039999999999
1 229 397 -3410.42
1 229 618 -4263.02
1 230 338 -852.6039999999999
1 230 373 -1705.21
1 230 384 -852.6039999999999
1 230 392 -1705.21
1 230 393 -3410.42
1 230 396 -852.6039999999999
1 230 605 -852.6039999999999
1 231 343 -852.6039999999999
1 231 383 -852.6039999999999
1 231 392 -4263.02
1 231 393 -9378.65
1 231 398 -852.6039999999999
1 231 603 -852.6039999999999
1 231 607 -1705.21
1 232 259 -852.6039999999999
1 232 300 -852.6039999999999
1 232 384 -852.6039999999999
1 232 389 -852.6039999999999
1 232 393 -5115.63
1 232 394 -3410.42
1 232 405 -852.6039999999999
1 232 604 -1705.21
1 232 606 -1705.21
1 232 607 -2557.81
1 232 608 -852.6039999999999
1 233 373 -852.6039999999999
1 233 393 -852.6039999999999
1 233 403 -852.6039999999999
1 233 406 -3410.42
1 233 601 -1705.21
1 233 602 -852.6039999999999
1 234 374 -852.6039999999999
1 234 388 -852.6039999999999
1 234 389 -852.6039999999999
1 234 406 -2557.81
1 234 407 -1705.21
1 234 601 -852.6039999999999
1 234 602 -1705.21
1 234 603 -2557.81
1 234 604 -852.6039999999999
1 234 605 -1705.21
1 234 606 -852.6039999999999
1 234 609 -852.6039999999999
1 234 620 -852.6039999999999
1 234 621 -852.6039999999999
1 235 342 -852.6039999999999
1 235 368 -852.6039999999999
1 235 389 -852.6039999999999
1 235 392 -852.6039999999999
1 235 404 -852.6039999999999
1 235 406 -852.6039999999999
1 235 599 -852.6039999999999
1 235 600 -1705.21
1 235 602 -2557.81
1 235 603 -852.6039999999999
1 235 606 -852.6039999999999
1 235 608 -852.6039999999999
1 236 256 -852.6039999999999
1 236 359 -852.6039999999999
1 236 377 -1705.21
1 236 378 -852.6039999999999
1 236 389 -1705.21
1 236 600 -852.6039999999999
1 236 601 -852.6039999999999
1 236 602 -1705.21
1 236 605 -852.6039999999999
1 236 606 -852.6039999999999
1 236 607 -852.6039999999999
1 236 620 -852.6039999999999
1 237 330 -852.6039999999999
1 237 377 -852.6039999999999
1 237 384 -852.6039999999999
1 237 388 -852.6039999999999
1 237 605 -1705.21
1 237 606 -2557.81
1 237 607 -1705.21
1 237 608 -4263.02
1 237 609 -2557.81
1 237 620 -852.6039999999999
1 238 346 -852.6039999999999
1 238 391 -852.6039999999999
1 238 410 -852.6039999999999
1 238 602 -852.6039999999999
1 238 603 -852.6039999999999
1 238 606 -4263.02
1 238 607 -5115.63
1 238 608 -3410.42
1 238 610 -852.6039999999999
1 239 297 -15630.8
1 239 323 -852.6039999999999
1 239 404 -852.6039999999999
1 239 601 -852.6039999999999
1 239 603 -852.6039999999999
1 239 607 -1705.21
1 239 608 -3410.42
1 239 609 -2557.81
1 239 610 -1705.21
1 239 615 -1705.21
1 240 267 -852.6039999999999
1 240 319 -852.6039999999999
1 240 327 -883.721
1 240 352 -852.6039999999999
1 240 374 -1705.21
1 240 392 -1705.21
1 240 396 -852.6039999999999
1 240 406 -852.6039999999999
1 240 603 -852.6039999999999
1 240 605 -2557.81
1 240 606 -3410.42
1 240 607 -1705.21
1 240 620 -1705.21
1 240 621 -852.6039999999999
1 241 339 -852.6039999999999
1 241 352 -852.6039999999999
1 241 370 -1705.21
1 241 375 -852.6039999999999
1 241 409 -852.6039999999999
1 241 577 -852.6039999999999
1 241 603 -1705.21
1 241 605 -2557.81
1 241 606 -1705.21
1 241 607 -1705.21
1 241 608 -1705.21
1 241 609 -4263.02
1 241 610 -852.6039999999999
1 241 611 -852.6039999999999
1 241 620 -852.6039999999999
1 241 621 -852.6039999999999
1 242 314 -852.6039999999999
1 242 318 -852.6039999999999
1 242 336 -852.6039999999999
1 242 338 -852.6039999999999
1 242 339 -852.6039999999999
1 242 373 -2557.81
1 242 374 -5115.63
1 242 406 -1705.21
1 242 603 -1705.21
1 242 604 -5968.23
1 242 605 -7673.44
1 242 606 -2557.81
1 242 607 -4263.02
1 242 608 -4263.02
1 242 609 -2557.81
1 242 610 -2557.81
1 242 616 -852.6039999999999
1 242 622 -852.6039999999999
1 242 623 -2557.81
1 243 366 -852.6039999999999
1 243 369 -852.6039999999999
1 243 372 -1705.21
1 243 373 -6820.83
1 243 374 -2557.81
1 243 386 -852.6039999999999
1 243 391 -852.6039999999999
1 243 405 -852.6039999999999
1 243 406 -852.6039999999999
1 243 407 -1705.21
1 243 409 -852.6039999999999
1 243 577 -852.6039999999999
1 243 606 -5968.23
1 243 607 -4263.02
1 243 608 -1705.21
1 243 609 -5115.63
1 243 620 -852.6039999999999
1 243 622 -1705.21
1 243 623 -6820.83
1 244 371 -852.6039999999999
1 244 372 -1705.21
1 244 373 -2557.81
1 244 415 -852.6039999999999
1 244 598 -852.6039999999999
1 244 606 -3417.86
1 244 607 -852.6039999999999
1 244 611 -852.6039999999999
1 244 616 -852.6039999999999
1 244 622 -852.6039999999999
1 244 623 -3410.42
1 244 624 -852.6039999999999
1 245 312 -852.6039999999999
1 245 315 -852.6039999999999
1 245 326 -852.6039999999999
1 245 335 -852.6039999999999
1 245 338 -852.6039999999999
1 245 356 -1705.21
1 245 371 -852.6039999999999
1 245 413 -852.6039999999999
1 245 586 -852.6039999999999
1 245 604 -852.6039999999999
1 245 605 -2557.81
1 245 606 -4263.02
1 245 607 -3410.42
1 245 609 -4263.02
1 245 610 -1705.21
1 245 612 -1705.21
1 245 616 -1705.21
1 245 619 -852.6039999999999
1 245 620 -1705.21
1 245 622 -852.6039999999999
1 246 214 -852.6039999999999
1 246 342 -852.6039999999999
1 246 356 -852.6039999999999
1 246 357 -852.6039999999999
1 246 374 -852.6039999999999
1 246 413 -852.6039999999999
1 246 590 -852.6039999999999
1 246 599 -852.6039999999999
1 246 600 -5115.63
1 246 605 -3410.42
1 246 606 -5968.23
1 246 607 -3410.42
1 246 610 -852.6039999999999
1 246 612 -1705.21
1 246 614 -852.6039999999999
1 246 615 -852.6039999999999
1 246 623 -852.6039999999999
1 247 314 -852.6039999999999
1 247 331 -852.6039999999999
1 247 367 -1705.21
1 247 368 -4263.02
1 247 387 -1705.21
1 247 413 -852.6039999999999
1 247 578 -852.6039999999999
1 247 597 -852.6039999999999
1 247 598 -5968.23
1 247 599 -5115.63
1 247 600 -8526.04
1 247 601 -8526.04
1 247 605 -1705.21
1 247 609 -1705.21
1 247 610 -1705.21
1 247 611 -3410.42
1 247 612 -3410.42
1 247 613 -1705.21
1 247 618 -1705.21
1 247 619 -852.6039999999999
1 247 623 -852.6039999999999
1 248 307 -852.6039999999999
1 248 367 -852.6039999999999
1 248 368 -3410.42
1 248 371 -1705.21
1 248 372 -4263.02
1 248 387 -1705.21
1 248 388 -5115.63
1 248 413 -852.6039999999999
1 248 416 -852.6039999999999
1 248 529 -852.6039999999999
1 248 567 -852.6039999999999
1 248 596 -5968.23
1 248 597 -4263.02
1 248 598 -8526.04
1 248 599 -5115.63
1 248 600 -3410.42
1 248 601 -5115.63
1 248 602 -2557.81
1 248 605 -852.6039999999999
1 248 608 -852.6039999999999
1 248 609 -1705.21
1 248 610 -2557.81
1 248 611 -5115.63
1 248 612 -5115.63
1 248 613 -5968.23
1 248 618 -852.6039999999999
1 248 619 -852.6039999999999
1 248 620 -852.6039999999999
1 248 623 -1705.21
1 249 333 -852.6039999999999
1 249 334 -852.6039999999999
1 249 365 -1705.21
1 249 366 -2557.81
1 249 367 -852.6039999999999
1 249 368 -2557.81
1 249 371 -852.6039999999999
1 249 387 -852.6039999999999
1 249 388 -852.6039999999999
1 249 400 -852.6039999999999
1 249 412 -852.6039999999999
1 249 567 -852.6039999999999
1 249 593 -1705.21
1 249 595 -5115.63
1 249 596 -5968.23
1 249 597 -9378.65
1 249 603 -2557.81
1 249 604 -6820.83
1 249 605 -4263.02
1 249 607 -3410.42
1 249 609 -852.6039999999999
1 249 610 -1705.21
1 249 611 -4263.02
1 249 612 -7673.44
1 249 613 -1705.21
1 249 618 -852.6039999999999
1 249 623 -852.6039999999999
1 250 331 -985.3939999999999
1 250 355 -852.6039999999999
1 250 365 -1705.21
1 250 366 -4263.02
1 250 367 -2557.81
1 250 368 -852.6039999999999
1 250 369 -1705.21
1 250 370 -1705.21
1 250 371 -5136.52
1 250 382 -852.6039999999999
1 250 406 -852.6039999999999
1 250 413 -852.6039999999999
1 250 414 -852.6039999999999
1 250 423 -852.6039999999999
1 250 436 -852.6039999999999
1 250 568 -852.6039999999999
1 250 579 -852.6039999999999
1 250 591 -852.6039999999999
1 250 594 -852.6039999999999
1 250 596 -6820.83
1 250 597 -1705.21
1 250 602 -852.6039999999999
1 250 603 -5968.23
1 250 604 -5115.63
1 250 605 -3410.42
1 250 607 -852.6039999999999
1 250 608 -2557.81
1 250 609 -852.6039999999999
1 250 610 -852.6039999999999
1 250 613 -852.6039999999999
1 251 276 -852.6039999999999
1 251 322 -852.6039999999999
1 251 365 -2557.81
1 251 366 -7673.44
1 251 367 -1705.21
1 251 368 -1705.21
1 251 371 -852.6039999999999
1 251 379 -852.6039999999999
1 251 407 -852.6039999999999
1 251 414 -852.6039999999999
1 251 424 -852.6039999999999
1 251 598 -852.6039999999999
1 251 604 -852.6039999999999
1 251 605 -852.6039999999999
1 251 607 -852.6039999999999
1 251 610 -852.6039999999999
1 252 236 -852.6039999999999
1 252 365 -2557.81
1 252 366 -5968.23
1 252 367 -5968.23
1 252 368 -1705.21
1 252 376 -852.6039999999999
1 252 412 -852.6039999999999
1 252 416 -852.6039999999999
1 252 428 -852.6039999999999
1 252 506 -852.6039999999999
1 252 507 -852.6039999999999
1 252 528 -852.6039999999999
1 252 534 -852.6039999999999
1 252 544 -852.6039999999999
1 252 576 -852.6039999999999
1 252 591 -1705.21
1 252 596 -1761.51
1 252 597 -1705.21
1 252 598 -852.6039999999999
1 252 599 -1705.21
1 252 608 -1705.21
1 252 609 -852.6039999999999
1 252 611 -852.6039999999999
1 252 620 -852.6039999999999
1 253 259 -852.6039999999999
1 253 342 -852.6039999999999
1 253 363 -852.6039999999999
1 253 365 -1705.21
1 253 366 -5115.63
1 253 367 -3410.42
1 253 370 -852.6039999999999
1 253 375 -1705.21
1 253 404 -852.6039999999999
1 253 433 -1705.21
1 253 506 -852.6039999999999
1 253 543 -852.6039999999999
1 253 546 -852.6039999999999
1 253 547 -852.6039999999999
1 253 566 -852.6039999999999
1 253 586 -1705.21
1 253 596 -852.6039999999999
1 253 597 -3410.42
1 253 601 -852.6039999999999
1 253 604 -852.6039999999999
1 253 605 -852.6039999999999
1 253 614 -2557.81
1 254 366 -1705.21
1 254 478 -852.6039999999999
1 254 581 -852.6039999999999
1 254 584 -852.6039999999999
1 254 585 -5115.63
1 254 586 -4263.02
1 254 587 -2557.81
1 254 588 -2557.81
1 254 589 -3410.42
1 254 598 -852.6039999999999
1 254 599 -852.6039999999999
1 254 601 -1705.21
1 254 604 -1705.21
1 254 605 -852.6039999999999
1 254 606 -852.6039999999999
1 254 611 -852.6039999999999
1 255 341 -852.6039999999999
1 255 346 -852.6039999999999
1 255 371 -852.6039999999999
1 255 402 -852.6039999999999
1 255 442 -852.6039999999999
1 255 445 -852.6039999999999
1 255 461 -852.6039999999999
1 255 479 -852.6039999999999
1 255 512 -852.6039999999999
1 255 513 -852.6039999999999
1 255 526 -852.6039999999999
1 255 547 -852.6039999999999
1 255 548 -852.6039999999999
1 255 565 -852.6039999999999
1 255 583 -2557.81
1 255 584 -3410.42
1 255 585 -3410.42
1 255 586 -3410.42
1 255 587 -1705.21
1 255 588 -852.6039999999999
1 255 591 -852.6039999999999
1 255 594 -852.6039999999999
1 255 597 -852.6039999999999
1 255 600 -1705.21
1 255 607 -852.6039999999999
1 256 346 -852.6039999999999
1 256 350 -852.6039999999999
1 256 367 -852.6039999999999
1 256 373 -852.6039999999999
1 256 374 -852.6039999999999
1 256 491 -852.6039999999999
1 256 526 -852.6039999999999
1 256 531 -2557.81
1 256 532 -852.6039999999999
1 256 547 -852.6039999999999
1 256 548 -1705.21
1 256 549 -852.6039999999999
1 256 575 -852.6039999999999
1 256 578 -1705.21
1 256 580 -852.6039999999999
1 256 584 -2557.81
1 256 585 -1705.21
1 256 592 -1705.21
1 256 594 -5969.12
1 256 595 -3410.42
1 256 607 -3410.42
1 256 608 -1705.21
1 256 609 -852.6039999999999
1 257 330 -852.6039999999999
1 257 461 -852.6039999999999
1 257 497 -852.6039999999999
1 257 503 -852.6039999999999
1 257 506 -852.6039999999999
1 257 512 -852.6039999999999
1 257 527 -2557.81
1 257 529 -852.6039999999999
1 257 532 -852.6039999999999
1 257 549 -852.6039999999999
1 257 574 -852.6039999999999
1 257 575 -2557.81
1 257 584 -2557.81
1 257 585 -2557.81
1 257 593 -1705.21
1 257 594 -6820.83
1 257 595 -3410.42
1 257 597 -1705.21
1 257 606 -5968.23
1 257 607 -852.6039999999999
1 258 307 -852.6039999999999
1 258 330 -852.6039999999999
1 258 366 -852.6039999999999
1 258 485 -1705.21
1 258 489 -1705.21
1 258 491 -852.6039999999999
1 258 493 -852.6039999999999
1 258 494 -852.6039999999999
1 258 496 -852.6039999999999
1 258 497 -852.6039999999999
1 258 498 -2557.81
1 258 499 -1705.21
1 258 502 -852.6039999999999
1 258 503 -852.6039999999999
1 258 529 -1705.21
1 258 531 -852.6039999999999
1 258 532 -852.6039999999999
1 258 533 -1705.21
1 258 535 -852.6039999999999
1 258 546 -852.6039999999999
1 258 550 -852.6039999999999
1 258 556 -1705.21
1 258 564 -852.6039999999999
1 258 576 -852.6039999999999
1 258 583 -852.6039999999999
1 258 584 -2557.81
1 258 586 -2557.81
1 258 594 -2557.81
1 258 606 -4263.02
1 258 607 -852.6039999999999
1 259 346 -852.6039999999999
1 259 369 -1705.21
1 259 402 -852.6039999999999
1 259 444 -852.6039999999999
1 259 456 -852.6039999999999
1 259 485 -852.6039999999999
1 259 486 -852.6039999999999
1 259 488 -852.6039999999999
1 259 489 -852.6039999999999
1 259 490 -1705.21
1 259 509 -1705.21
1 259 510 -852.6039999999999
1 259 522 -852.6039999999999
1 259 528 -852.6039999999999
1 259 529 -852.6039999999999
1 259 531 -852.6039999999999
1 259 532 -852.6039999999999
1 259 545 -852.6039999999999
1 259 549 -852.6039999999999
1 259 554 -1705.21
1 259 555 -1705.21
1 259 556 -2557.81
1 259 557 -2557.81
1 259 575 -3410.42
1 259 576 -852.6039999999999
1 259 579 -852.6039999999999
1 259 584 -852.6039999999999
1 259 585 -3410.42
1 259 586 -1705.21
1 260 369 -1705.21
1 260 404 -1705.21
1 260 443 -852.6039999999999
1 260 454 -852.6039999999999
1 260 485 -852.6039999999999
1 260 486 -1705.21
1 260 487 -852.6039999999999
1 260 492 -852.6039999999999
1 260 499 -852.6039999999999
1 260 502 -1705.21
1 260 517 -852.6039999999999
1 260 527 -852.6039999999999
1 260 545 -2557.81
1 260 548 -852.6039999999999
1 260 554 -852.6039999999999
1 260 556 -852.6039999999999
1 260 567 -852.6039999999999
1 260 576 -852.6039999999999
1 260 577 -852.6039999999999
1 261 397 -852.6039999999999
1 261 404 -852.6039999999999
1 261 444 -852.6039999999999
1 261 483 -852.6039999999999
1 261 487 -852.6039999999999
1 261 501 -852.6039999999999
1 261 502 -852.6039999999999
1 261 545 -852.6039999999999
1 261 551 -852.6039999999999
1 261 552 -852.6039999999999
1 261 565 -852.6039999999999
1 262 254 -852.6039999999999
1 262 353 -1705.21
1 262 369 -852.6039999999999
1 262 425 -852.6039999999999
1 262 443 -852.6039999999999
1 262 458 -852.6039999999999
1 262 483 -1705.21
1 262 493 -852.6039999999999
1 262 501 -852.6039999999999
1 262 502 -852.6039999999999
1 262 523 -852.6039999999999
1 262 524 -852.6039999999999
1 262 535 -852.6039999999999
1 262 536 -852.6039999999999
1 262 537 -852.6039999999999
1 262 542 -852.6039999999999
1 262 546 -852.6039999999999
1 262 584 -852.6039999999999
1 262 587 -852.6039999999999
1 263 355 -852.6039999999999
1 263 415 -852.6039999999999
1 263 484 -852.6039999999999
1 263 493 -852.6039999999999
1 263 509 -852.6039999999999
1 263 522 -852.6039999999999
1 263 523 -1705.21
1 263 524 -1705.21
1 263 541 -1705.21
1 263 542 -852.6039999999999
1 263 543 -852.6039999999999
1 263 546 -1705.21
1 263 576 -852.6039999999999
1 263 579 -852.6039999999999
1 263 581 -3410.42
1 264 369 -852.6039999999999
1 264 379 -852.6039999999999
1 264 481 -852.6039999999999
1 264 482 -852.6039999999999
1 264 493 -852.6039999999999
1 264 503 -852.6039999999999
1 264 504 -852.6039999999999
1 264 516 -852.6039999999999
1 264 521 -2557.81
1 264 527 -852.6039999999999
1 264 543 -3410.42
1 264 568 -852.6039999999999
1 264 575 -852.6039999999999
1 264 576 -1705.21
1 265 336 -852.6039999999999
1 265 367 -1705.21
1 265 457 -852.6039999999999
1 265 459 -852.6039999999999
1 265 511 -852.6039999999999
1 265 516 -852.6039999999999
1 265 520 -852.6039999999999
1 265 524 -864.992
1 265 568 -1705.21
1 266 314 -852.6039999999999
1 266 413 -852.6039999999999
1 266 456 -852.6039999999999
1 266 478 -852.6039999999999
1 266 481 -852.6039999999999
1 266 483 -852.6039999999999
1 266 484 -852.6039999999999
1 266 485 -852.6039999999999
1 266 492 -852.6039999999999
1 266 498 -852.6039999999999
1 266 505 -852.6039999999999
1 266 518 -852.6039999999999
1 266 523 -852.6039999999999
1 266 543 -852.6039999999999
1 266 545 -852.6039999999999
1 266 549 -852.6039999999999
1 266 555 -852.6039999999999
1 267 337 -852.6039999999999
1 267 365 -852.6039999999999
1 267 381 -852.6039999999999
1 267 459 -852.6039999999999
1 267 460 -1705.21
1 267 505 -852.6039999999999
1 267 507 -852.6039999999999
1 267 543 -852.6039999999999
1 267 544 -1705.21
1 267 549 -852.6039999999999
1 267 553 -2557.81
1 267 562 -852.6039999999999
1 268 507 -1705.21
1 268 540 -852.6039999999999
1 268 541 -852.6039999999999
1 268 542 -1705.21
1 268 543 -3410.42
1 268 544 -1705.21
1 268 549 -852.6039999999999
1 268 551 -852.6039999999999
1 268 552 -852.6039999999999
1 268 553 -852.6039999999999
1 269 362 -852.6039999999999
1 269 505 -1705.21
1 269 507 -852.6039999999999
1 269 528 -852.6039999999999
1 269 543 -852.6039999999999
1 269 547 -1705.21
1 270 474 -852.6039999999999
1 270 475 -1705.21
1 270 479 -852.6039999999999
1 270 491 -852.6039999999999
1 270 504 -852.6039999999999
1 270 507 -852.6039999999999
1 270 526 -852.6039999999999
1 271 375 -852.6039999999999
1 271 388 -852.6039999999999
1 271 479 -852.6039999999999
1 271 481 -852.6039999999999
1 271 487 -852.6039999999999
1 271 491 -852.6039999999999
1 271 526 -852.6039999999999
1 272 469 -852.6039999999999
1 272 493 -852.6039999999999
1 272 495 -1705.21
1 272 496 -852.6039999999999
1 272 502 -852.6039999999999
1 272 526 -2557.81
1 273 441 -852.6039999999999
1 273 462 -852.6039999999999
1 273 526 -852.6039999999999
1 275 463 -852.6039999999999
1 275 480 -852.6039999999999
1 275 502 -852.6039999999999
1 275 504 -852.6039999999999
1 276 502 -852.6039999999999
1 277 393 -852.6039999999999
1 279 459 -852.6039999999999
1 280 563 -852.6039999999999
1 282 434 -852.6039999999999
1 282 435 -852.6039999999999
1 283 461 -852.6039999999999
1 283 482 -852.6039999999999
1 283 483 -852.6039999999999
1 285 437 -852.6039999999999
1 285 482 -852.6039999999999
1 285 483 -852.6039999999999
1 286 377 -852.6039999999999
1 286 464 -852.6039999999999
1 288 469 -852.6039999999999
1 289 362 -852.6039999999999
1 289 443 -852.6039999999999
1 292 358 -852.6039999999999
1 293 390 -2557.81
1 293 391 -852.6039999999999
1 296 390 -852.6039999999999
1 301 359 -852.6039999999999
1 301 378 -852.6039999999999
1 85 106 -852.6039999999999
1 92 112 -1705.21
1 93 117 -852.6039999999999
1 97 89 -852.6039999999999
1 98 101 -852.6039999999999
1 99 126 -852.6039999999999
1 99 136 -852.6039999999999
1 147 119 -22263.5
1 148 187 -169871.0
1 150 114 -108316.0
1 153 113 -99083.0
1 156 158 -115727.0
1 157 160 -58041.6
1 167 186 -111772.0
1 168 169 -153912.0
1 170 169 -5808.0
1 197 280 -46680.3
1 199 225 -128909.0
1 210 300 -92203.5
1 234 285 -11907.9
1 244 234 -122472.0
1 259 541 -61.1812
1 265 469 -221.643
1 267 479 -2708.02
1 271 361 -2568.12
1 272 454 -74.09100000000001
1 285 433 -1248.13
1 291 453 -5168.99
1 299 360 -44891.5
1 109 116 -76455.1
1 131 118 -4423.95
1 132 183 -27641.7
1 137 123 -49954.3
1 140 173 -130683.0
1 141 124 -91059.3
1 142 121 -151057.0
1 152 130 -24304.5
1 155 192 -33165.7
1 157 117 -46941.7
1 157 190 -136.778
1 158 205 -150038.0
1 164 258 -116542.0
1 169 164 -273879.0
1 173 196 -905.467
1 175 213 -261968.0
1 195 280 -87120.0
1 202 295 -105462.0
1 203 296 -101803.0
1 214 174 -38918.2
1 218 173 -366357.0
1 226 358 -5587.34
1 247 335 -233512.0
1 256 333 -43560.0
1 262 350 -21676.9
1 267 346 -40271.2
1 269 347 -22749.2
1 271 470 -2223.01
1 280 367 -5961.91
1 285 357 -8455.31
1 293 378 -1032.37
1 299 335 -348968.0
1 143 152 -89206.5
1 144 130 -19799.7
1 148 113 -152978.0
1 149 118 -137933.0
1 152 177 -76510.2
1 152 183 -12389.9
1 153 185 -21569.5
1 153 212 -134746.0
1 155 180 -20477.6
1 159 188 -124293.0
1 161 161 -45133.6
1 162 171 -72165.9
1 164 159 -97055.6
1 167 163 -65340.0
1 170 217 -163950.0
1 174 182 -44586.6
1 175 178 -3124.7
1 176 128 -2352.24
1 189 206 -213444.0
1 201 279 -249648.0
1 221 294 -56274.6
1 221 361 -1433.5
1 222 252 -138119.0
1 222 266 -87120.0
1 224 273 -150231.0
1 225 248 -15043.2
1 226 361 -52925.4
1 228 373 -36532.3
1 234 319 -198924.0
1 235 317 -43306.7
1 237 292 -175471.0
1 238 244 -76437.6
1 245 243 -94121.5
1 248 238 -222694.0
1 248 331 -14520.0
1 256 342 -31944.0
1 266 345 -37795.6
1 271 268 -73204.0
1 274 278 -79897.8
1 295 392 -4191.92
1 296 391 -31673.9
1 296 393 -60121.5
1 140 166 -28091.8
1 141 116 -58775.5
1 141 165 -125141.0
1 143 184 -111949.0
1 144 151 -79860.0
1 144 186 -30201.6
1 145 114 -18125.3
1 146 150 -45012.0
1 146 180 -144144.0
1 147 148 -114708.0
1 147 171 -55176.0
1 149 124 -2201.23
1 149 181 -142620.0
1 149 202 -100105.0
1 150 172 -91476.0
1 150 183 -72654.6
1 150 186 -80672.5
1 151 178 -257196.0
1 151 181 -124352.0
1 151 189 -70131.6
1 151 211 -13568.9
1 152 180 -175029.0
1 153 188 -36154.8
1 154 113 -132.107
1 158 173 -12490.2
1 164 124 -3387.52
1 165 167 -40656.0
1 168 164 -69323.4
1 168 166 -44142.6
1 170 115 -50605.1
1 176 222 -39204.0
1 184 210 -140355.0
1 188 207 -146234.0
1 189 288 -46003.7
1 193 280 -128032.0
1 206 280 -85361.6
1 209 273 -276291.0
1 209 281 -99010.4
1 210 249 -48579.6
1 211 263 -108232.0
1 211 296 -24800.2
1 213 270 -76009.3
1 219 272 -59831.0
1 221 317 -245423.0
1 224 287 -53724.0
1 228 354 -288345.0
1 230 352 -162774.0
1 231 270 -68840.8
1 231 347 -22127.0
1 235 295 -38586.9
1 236 320 -129228.0
1 236 342 -62764.4
1 236 344 -46488.6
1 240 330 -1452.0
1 240 337 -70688.6
1 240 357 -39085.6
1 244 333 -11409.8
1 246 332 -45012.0
1 246 337 -94380.0
1 251 334 -238641.0
1 258 343 -2.904
1 258 345 -29040.0
1 260 345 -42832.5
1 261 340 -32178.7
1 262 286 -11209.4
1 265 517 -48.1251
1 267 321 -70893.9
1 267 428 -2896.42
1 269 365 -1762.73
1 270 267 -21780.0
1 271 267 -87892.4
1 271 355 -21.78
1 277 371 -1939.77
1 278 502 -11267.5
1 281 331 -11929.7
1 284 333 -5866.08
1 289 371 -80580.2
1 290 371 -6802.62
1 296 358 -84320.8
1 297 356 -9272.47
1 297 391 -75308.0
1 125 93 -9930.46
1 131 125 -65955.6
1 134 123 -31936.7
1 135 126 -63230.2
1 138 125 -67473.0
1 142 117 -204283.0
1 142 169 -33827.9
1 145 116 -57506.5
1 146 146 -29911.0
1 152 213 -55155.7
1 156 214 -52960.0
1 161 185 -274540.0
1 168 216 -176988.0
1 183 232 -199358.0
1 192 232 -236043.0
1 193 235 -13068.0
1 201 310 -933.757
1 211 195 -3307.19
1 215 261 -82848.2
1 221 339 -72277.3
1 223 263 -138877.0
1 230 358 -11877.4
1 232 347 -28578.7
1 233 341 -40679.2
1 242 618 -27579.3
1 248 344 -40003.5
1 263 345 -29040.0
1 263 427 -63.943999999999996
1 263 570 -331.038
1 265 414 -81.9909
1 268 366 -28546.3
1 286 302 -1996.5
1 292 360 -4.87685
1 293 357 -57018.6
1 295 362 -1330.03
1 297 439 -95065.7
1 132 120 -79912.3
1 134 124 -87928.8
1 134 126 -113005.0
1 135 122 -64246.6
1 137 128 -180263.0
1 148 119 -21965.9
1 150 118 -23664.7
1 150 121 -205625.0
1 150 127 -18774.7
1 152 118 -125748.0
1 153 122 -52472.4
1 153 123 -76835.5
1 155 125 -78575.0
1 158 138 -60634.1
1 158 140 -16290.0
1 160 139 -134449.0
1 181 126 -262096.0
1 185 168 -92437.2
1 189 126 -191249.0
1 224 257 -10376.8
1 230 223 -83942.6
1 260 337 -1566.47
1 276 359 -43560.0
1 281 445 -429.333
1 137 168 -60946.2
1 149 213 -155644.0
1 189 195 -120722.0
1 190 250 -57910.1
1 192 197 -293265.0
1 202 228 -39456.3
1 210 253 -97962.1
1 217 236 -122547.0
1 245 324 -567.732
1 247 330 -16.9329
1 270 480 -243.834
1 145 131 -61749.2
1 148 166 -81430.3
1 158 114 -22105.2
1 188 197 -7508.29
1 188 204 -38376.9
1 203 340 -1375.07
1 206 281 -1273.51
1 208 226 -48892.5
1 211 266 -28857.2
1 213 276 -12999.1
1 214 274 -136997.0
1 220 278 -98920.2
1 223 372 -4014.88
1 232 398 -72647.9
1 233 375 -2336.74
1 236 317 -60984.0
1 239 385 -11458.3
1 239 406 -232.15900000000002
1 239 416 -10.1152
1 241 238 -30158.0
1 246 320 -17617.1
1 248 454 -1598.59
1 259 351 -4907.15
1 262 585 -124.51
1 263 492 -0.13802999999999999
1 265 360 -49403.9
1 267 449 -4013.99
1 268 351 -5561.16
1 269 360 -11492.1
1 273 521 -9357.65
1 274 327 -13187.3
1 275 465 -134.126
1 292 458 -14700.4
1 294 354 -12845.8
1 297 377 -32428.1
1 147 116 -90495.9
1 147 183 -137352.0
1 156 122 -13433.9
1 205 310 -634.524
1 258 337 -38.0658
1 259 439 -0.44560200000000005
1 268 484 -24.1824
1 281 328 -14520.0
1 173 183 -39678.8
1 257 342 -26844.0
1 268 354 -15225.7
1 201 251 -129579.0
1 251 286 -10570.6
1 259 336 -18.875999999999998
1 264 441 -117.57700000000001
1 136 173 -30303.2
1 144 189 -30927.6
1 154 122 -147438.0
1 161 179 -231720.0
1 167 128 -22741.2
1 167 247 -4239.78
1 183 124 -223428.0
1 186 125 -218053.0
1 186 209 -230610.0
1 204 300 -18.3588
1 215 269 -23232.0
1 225 242 -53724.0
1 226 375 -13641.0
1 238 302 -14567.2
1 242 355 -322.705
1 244 321 -38588.4
1 245 406 -2085.64
1 247 591 -3292.11
1 248 590 -9.80325
1 248 593 -100.706
1 251 614 -2114.21
1 255 333 -58080.0
1 256 443 -57.7591
1 258 335 -3172.69
1 258 416 -48.5707
1 266 470 -1441.72
1 269 482 -195.606
1 270 476 -2045.32
1 273 523 -219784.0
1 274 506 -4423.79
1 275 479 -27820.3
1 280 458 -628.299
1 298 384 -26.2905
1 204 299 -807.877
1 221 300 -394.89300000000003
1 239 400 -6.1737400000000004
1 272 494 -157.079
1 134 167 -10245.3
1 159 157 -180655.0
1 211 290 -76956.0
1 225 289 -39686.1
1 226 330 -30590.6
1 244 430 -2180.24
1 247 342 -1402.87
1 253 427 -1774.39
1 253 443 -1472.27
1 254 398 -25.0429
1 254 442 -4256.84
1 254 444 -696.209
1 254 445 -25.0953
1 256 445 -4832.56
1 261 346 -72.2667
1 261 369 -1899.16
1 262 555 -48.3746
1 263 448 -111.846
1 265 559 -1669.23
1 271 471 -275.33799999999997
1 271 489 -7588.61
1 272 371 -317.715
1 275 371 -17801.8
1 262 394 -394656.0
1 271 492 -102.53299999999999
1 167 168 -41236.8
1 157 122 -1007.32
1 160 136 -1439.3
1 169 201 -118930.0
1 199 297 -93.9353
1 211 313 -48.4815
1 214 287 -187.78099999999998
1 224 372 -2564.89
1 246 609 -2786.8
1 247 343 -251.58700000000002
1 247 590 -80.654
1 255 446 -423.76800000000003
1 261 524 -167.99200000000002
1 261 525 -290.533
1 270 482 -98.0325
1 276 386 -500.85699999999997
1 278 371 -135472.0
1 281 446 -1021.77
1 284 406 -2294.85
1 291 458 -102.979
1 295 390 -20236.9
1 297 384 -203.822
1 297 387 -645.739
1 165 158 -47321.7
1 231 363 -35.6482
1 145 147 -183.09799999999998
1 257 443 -1908.96
1 258 456 -53.5057
1 170 249 -4887.31
1 194 320 -143.02200000000002
1 196 299 -58.08
1 229 341 -0.322318
1 234 400 -108.23700000000001
1 237 378 -29.8554
1 240 386 -117.48299999999999
1 241 353 -166.726
1 247 341 -35.7907
1 248 343 -288.289
1 252 457 -248.78
1 253 400 -50.3531
1 254 370 -6.28299
1 254 394 -30.6129
1 254 400 -158.233
1 255 373 -102.48899999999999
1 261 362 -70338.3
1 262 441 -44.792
1 263 353 -8.83184
1 274 527 -359.824
1 276 469 -8.46645
1 276 484 -111.804
1 282 451 -1390.28
1 130 192 -75.4809
1 207 193 -272254.0
1 145 139 -1153.61
1 206 299 -160.454
1 239 305 -1292.25
1 289 412 -0.960359
1 233 400 -76528.0
1 268 360 -2174.54
1 117 117 -2929.14
1 183 311 -2205.29
1 220 175 -152332.0
1 244 355 -34195.5
1 245 261 -14660.3
1 290 355 -68622.8
1 294 370 -94175.3
1 264 474 -2.3616900000000003
1 157 131 -89.0209
1 164 240 -917.941
1 201 297 -119.948
1 207 298 -55.2547
1 232 373 -212.713
1 233 392 -149.054
1 234 236 -10967.7
1 235 390 -745.822
1 236 398 -1167.72
1 237 390 -1433.44
1 237 399 -107.70200000000001
1 237 400 -139.252
1 248 342 -303.965
1 248 606 -221.877
1 249 344 -239.378
1 249 411 -331.949
1 253 418 -74821.6
1 253 442 -1216.94
1 254 600 -200.273
1 258 597 -266.069
1 259 428 -747.721
1 263 467 -56640.5
1 263 468 -75304.6
1 268 457 -119.22200000000001
1 281 429 -788.7560000000001
1 283 394 -52.7504
1 284 436 -3083.57
1 296 414 -37.8762
1 297 446 -275.828
1 300 390 -428816.0
1 144 126 -72020.6
1 147 130 -121056.0
1 223 371 -193.391
1 257 456 -178.865
1 160 142 -9.48483
1 247 419 -571.7080000000001
1 290 441 -278.862
1 257 602 -132.79
1 176 219 -743.637
1 256 590 -98.0325
1 250 618 -3837.76
1 261 581 -27.9125
1 241 405 -810.105
1 251 362 -2351.23
1 271 484 -218.653
1 235 358 -509.418
1 240 422 -105.88799999999999
1 254 368 -1318.54
1 260 348 -71.742
1 261 424 -441.14599999999996
1 269 477 -2334.79
1 290 463 -3747.19
1 175 246 -29040.0
1 195 301 -250.429
1 271 397 -131.144
1 231 201 -188876.0
1 240 393 -34.8907
1 282 445 -22.2255
1 234 395 -23.0643
1 255 399 -1904.95
1 267 483 -711.182
1 167 144 -17.7144
1 261 521 -8.2406
1 244 406 -229.114
1 162 138 -5.50319
1 164 144 -119.147
1 259 459 -6.6840399999999995
1 267 360 -9.97386
1 251 431 -2416.5
1 292 373 -6.44181
1 235 401 -11.2737
1 271 480 -27.8502
1 259 438 -9.91465
1 287 390 -595.178
1 279 460 -16.621
1 272 492 -4527.44
1 243 423 -15.5961
1 259 448 -22.7742
1 244 609 -33.9549
1 156 195 -76.4906
1 269 497 -267.5
1 217 228 -3756.43
1 252 431 -1548.91
1 250 444 -324.327
1 201 245 -16366.4
1 237 397 -2076.07
1 252 401 -2689.66
1 261 540 -1183.5
