1 62 1 3798.3
1 61 2 3770.7
1 60 3 3749.7
1 59 4 3733.5
1 58 5 3721.5
1 57 6 3713.4
1 56 7 3709.2
1 55 8 3709.0
1 54 9 3713.4
1 53 10 3722.5
1 52 11 3736.7
1 51 12 3755.5
1 49 13 3767.8
1 50 13 3777.1
1 48 14 3789.3
1 47 15 3784.5
1 46 16 3776.7
1 45 17 3766.9
1 45 18 3767.6
1 45 19 3768.3
1 44 20 3756.4
1 44 21 3756.2
1 44 22 3755.5
1 44 23 3754.2
1 44 24 3752.2
1 44 25 3749.4
1 44 26 3745.6
1 44 27 3740.7
1 44 28 3734.5
1 44 29 3727.0
1 44 30 3717.9
1 44 31 3707.0
1 44 32 3694.2
1 44 33 3679.1
1 44 34 3661.5
1 44 35 3641.1
1 44 36 3617.4
1 44 37 3589.8
1 44 38 3557.8
1 44 39 3520.3
1 44 40 3476.1
1 44 41 3422.8
1 43 42 3304.0
1 43 43 3265.0
1 43 44 3203.3
1 42 45 3052.1
1 42 46 2997.6
1 40 47 2765.7
1 41 47 2812.0
1 40 48 2729.6
1 40 49 2663.5
1 40 50 2567.6
1 35 78 4859.7
1 35 79 4888.1
1 34 80 4945.1
1 33 81 5025.5
1 32 82 5089.1
1 31 83 5102.5
1 30 84 5114.2
1 29 85 5123.1
1 28 86 5145.4
1 27 87 5164.2
1 26 88 5190.3
1 25 89 5217.8
1 25 90 5254.2
1 24 91 5241.3
1 24 92 5256.5
1 24 93 5293.6
1 24 94 5330.6
1 23 95 5345.7
1 23 96 5386.0
1 23 97 5422.3
1 22 98 5430.3
1 22 99 5471.4
1 22 100 5508.4
1 22 101 5545.7
1 21 102 5566.0
1 21 103 5611.1
1 20 104 5633.2
1 20 105 5675.7
1 19 106 5707.7
1 19 107 5752.1
1 18 108 5788.7
1 18 109 5828.5
1 17 110 5747.7
1 17 111 5758.8
1 17 112 5868.1
1 65 109 6030.5
1 66 109 6027.0
1 67 109 5976.4
1 68 109 5941.6
1 69 109 5951.1
1 62 110 5964.5
1 63 110 6002.2
1 64 110 6023.1
1 70 110 6040.0
1 60 111 5859.4
1 61 111 5880.9
1 71 111 6106.0
1 37 112 5647.1
1 38 112 5707.3
1 39 112 5768.9
1 40 112 5814.4
1 41 112 5851.4
1 42 112 5873.4
1 43 112 5884.6
1 44 112 5893.7
1 45 112 5900.9
1 46 112 5910.4
1 47 112 5919.3
1 48 112 5936.9
1 55 112 5739.6
1 56 112 5761.3
1 57 112 5778.4
1 58 112 5795.2
1 59 112 5810.1
1 72 112 6143.0
1 16 113 5956.8
1 33 113 5631.7
1 34 113 5615.1
1 35 113 5599.2
1 36 113 5578.7
1 49 113 5930.6
1 50 113 5908.4
1 51 113 5855.3
1 52 113 5800.7
1 53 113 5744.1
1 54 113 5707.4
1 73 113 6175.3
1 16 114 6015.9
1 29 114 5721.3
1 30 114 5696.1
1 31 114 5668.3
1 32 114 5633.3
1 74 114 6198.4
1 75 114 6202.5
1 16 115 6072.6
1 25 115 5833.0
1 26 115 5810.2
1 27 115 5781.0
1 28 115 5741.0
1 76 115 6234.3
1 16 116 6127.9
1 21 116 5975.7
1 22 116 5990.6
1 23 116 5903.4
1 24 116 5863.2
1 77 116 6249.5
1 78 116 6247.6
1 79 116 6260.2
1 16 117 6182.1
1 20 117 6023.7
1 80 117 6281.1
1 81 117 6279.2
1 82 117 6258.6
1 83 117 6231.1
1 84 117 6202.0
1 16 118 6219.5
1 17 118 6185.7
1 18 118 6138.6
1 19 118 6085.1
1 85 118 6131.5
1 85 119 6089.7
1 86 120 6072.5
1 86 121 6095.2
1 86 122 6120.0
1 86 123 6137.3
1 86 124 6149.7
1 86 125 6159.3
1 86 126 6166.4
1 86 127 6170.1
1 86 128 6170.7
1 86 129 6169.0
1 86 130 6166.3
1 86 131 6162.1
1 86 132 6155.2
1 86 133 6146.5
1 86 134 6134.7
1 86 135 6118.8
1 86 136 6099.7
1 85 137 6050.6
1 85 138 6037.7
1 84 139 6032.8
1 83 140 6073.8
1 82 141 6157.7
1 82 142 6174.0
1 81 143 6226.7
1 80 144 6287.2
1 79 145 6356.2
1 78 146 6419.8
1 77 147 6487.1
1 76 148 6559.0
1 75 149 6636.4
1 75 150 6700.7
1 75 151 6761.3
1 75 152 6821.9
1 75 153 6868.8
1 76 154 6862.0
1 77 154 6849.2
1 78 154 6839.0
1 79 155 6827.7
1 80 155 6815.1
1 81 156 6797.5
1 82 157 6771.0
1 82 158 6748.6
1 83 158 6734.5
1 84 159 6704.6
1 84 160 6676.8
1 84 161 6652.4
1 84 162 6628.5
1 85 163 6603.4
1 86 164 6574.0
1 87 165 6537.0
1 88 166 6502.2
1 89 167 6468.6
1 90 168 6387.2
1 90 169 6337.2
1 91 170 6269.8
1 92 171 6198.4
1 93 172 6167.7
1 94 173 6141.2
1 94 174 6138.8
1 95 175 6123.4
1 95 176 6109.0
1 95 177 6113.7
1 95 178 6120.7
1 95 179 6126.0
1 96 180 5954.7
1 97 181 5971.7
1 98 182 5989.2
1 99 183 6006.7
1 100 184 6022.5
1 101 185 6037.9
1 102 185 6046.3
1 103 185 6061.9
1 104 186 6096.3
1 105 186 6097.4
1 106 187 6100.6
1 107 188 6096.4
1 108 189 5914.1
1 108 190 5916.1
1 108 191 5917.1
1 108 192 5916.7
1 108 193 5912.5
1 107 194 5707.4
1 107 195 5703.4
1 107 196 5695.6
1 107 197 5685.3
1 107 198 5673.3
1 106 199 5634.9
1 106 200 5622.0
1 105 201 5576.1
1 105 202 5562.9
1 104 203 5522.4
1 104 204 5513.7
1 104 205 5498.7
1 104 206 5477.3
1 104 207 5444.2
1 98 208 5460.6
1 99 208 5470.7
1 100 208 5483.1
1 101 208 5496.0
1 102 208 5513.7
1 103 208 5542.4
1 97 209 5451.3
1 97 210 5450.1
1 97 211 5446.0
1 97 212 5440.7
1 96 213 5424.1
1 95 214 5416.7
1 95 215 5415.4
1 94 216 5408.0
1 94 217 5407.1
1 94 218 5406.4
1 95 219 5410.6
1 96 220 5414.1
1 97 221 5418.0
1 97 222 5416.9
1 98 223 5420.2
1 98 224 5418.8
1 99 225 5422.9
1 99 226 5421.0
1 100 227 5242.1
1 128 227 5398.5
1 129 227 5461.6
1 101 228 5248.0
1 107 228 5142.9
1 108 228 5167.8
1 109 228 5196.4
1 110 228 5228.4
1 111 228 5263.1
1 125 228 5283.4
1 126 228 5309.8
1 127 228 5318.0
1 130 228 5187.6
1 131 228 5194.1
1 132 228 5188.2
1 133 228 5189.3
1 134 228 5195.5
1 135 228 5209.9
1 136 228 5226.9
1 137 228 5240.2
1 138 228 5267.0
1 102 229 5252.8
1 106 229 5280.7
1 112 229 5117.3
1 118 229 5143.6
1 119 229 5162.0
1 120 229 5177.9
1 121 229 5192.0
1 122 229 5203.3
1 123 229 5212.7
1 124 229 5215.2
1 139 229 5340.3
1 103 230 5256.3
1 104 230 5258.9
1 105 230 5261.9
1 113 230 5133.9
1 114 230 5125.4
1 115 230 5121.1
1 116 230 5118.6
1 117 230 5110.7
1 140 230 5307.1
1 139 231 5374.7
1 137 232 5411.3
1 138 232 5410.6
1 136 233 5414.6
1 135 234 5407.4
1 133 235 5374.7
1 134 235 5388.0
1 132 236 5357.8
1 130 237 5314.5
1 131 237 5329.7
1 129 238 5303.3
1 128 239 5287.2
1 127 240 5267.3
1 127 241 5257.5
1 127 242 5244.6
1 128 243 5252.9
1 129 244 5251.2
1 129 245 5238.5
1 130 246 5234.7
1 131 246 5233.6
1 132 246 5236.5
1 133 246 5245.8
1 134 246 5263.2
1 135 246 5289.6
1 136 246 5316.8
1 137 246 5336.8
1 138 246 5358.8
1 139 247 5409.5
1 140 247 5434.0
1 141 247 5471.5
1 142 247 5514.8
1 143 248 5577.8
1 144 249 5671.3
1 144 250 5698.1
1 145 251 5749.9
1 145 252 5775.5
1 145 253 5795.8
1 146 254 5829.1
1 146 255 5826.5
1 146 256 5820.5
1 146 257 5812.6
1 146 258 5802.4
1 146 259 5790.6
1 146 260 5777.2
1 146 261 5764.9
1 146 262 5751.7
1 146 263 5738.5
1 146 264 5728.4
1 146 265 0.0
1 147 266 5482.8
1 147 267 5453.7
1 147 268 5428.8
1 147 269 5389.1
1 147 270 5356.1
1 148 271 5306.0
1 148 272 5279.2
1 148 273 5252.1
1 148 274 5230.3
1 149 274 5215.4
1 149 275 5175.8
1 149 276 5143.6
1 149 277 5091.0
1 149 278 5036.4
1 150 279 5132.7
1 150 280 5087.7
1 150 281 5046.5
1 150 282 5016.2
1 151 283 4932.5
1 151 284 4888.7
1 151 285 4855.4
1 152 286 4761.4
1 152 287 4706.8
1 152 288 4662.5
1 152 289 4628.0
1 153 290 4722.8
1 153 291 4696.3
1 153 292 4704.2
1 154 293 4715.0
1 154 294 4726.6
1 154 295 4736.1
1 154 296 4742.2
1 155 297 4760.1
1 155 298 4763.9
1 156 299 4586.8
1 157 299 4593.1
1 158 299 4602.6
1 159 299 4615.1
1 160 299 4631.1
1 161 299 4650.5
1 162 300 4681.7
1 162 301 4684.5
1 162 302 4683.6
1 162 303 4681.0
1 162 304 4678.3
1 163 305 4857.4
1 163 306 4848.4
1 163 307 4838.6
1 163 308 4829.3
1 163 309 4823.2
1 164 310 5039.4
1 165 311 5081.0
1 166 312 5152.7
1 167 313 5211.3
1 168 314 5244.2
1 168 315 5076.7
1 168 316 5081.0
1 169 316 5088.5
1 169 317 5094.3
1 170 317 5104.1
1 171 318 5105.2
1 171 319 5081.8
1 172 320 5033.9
1 172 321 4986.4
1 172 322 4938.1
1 172 323 4887.1
1 172 324 4847.4
1 173 325 4845.9
1 173 326 4849.5
1 173 327 4851.3
1 174 328 4860.7
1 174 329 4862.3
1 174 330 4863.3
1 175 331 4867.8
1 176 331 4871.8
1 177 331 4877.7
1 178 332 4887.1
1 179 333 4889.7
1 179 334 4886.6
1 179 335 4883.5
1 180 336 4881.0
1 181 337 4872.5
1 181 338 4867.8
1 187 338 4741.0
1 188 338 4762.1
1 189 338 4779.7
1 190 338 4793.4
1 182 339 4858.5
1 186 339 4873.5
1 191 339 4797.0
1 192 339 5216.0
1 182 340 4852.5
1 186 340 4857.8
1 193 340 5215.3
1 182 341 4848.9
1 186 341 4847.8
1 194 341 5215.2
1 195 341 5216.8
1 183 342 4845.3
1 184 342 4845.1
1 185 342 4844.6
1 186 342 4843.5
1 196 342 5216.5
1 196 343 5214.4
1 197 344 5213.3
1 198 345 5210.9
1 199 346 5208.8
1 200 346 5210.4
1 201 346 5212.6
1 202 346 5214.7
1 203 346 5215.5
1 204 346 4554.06
1 205 347 5199.5
1 206 347 5193.3
1 207 348 5398.8
1 207 349 5496.1
1 207 350 5637.0
1 206 351 5696.9
1 205 352 5701.7
1 205 353 5706.2
1 205 354 5711.2
1 206 355 5734.1
1 206 356 5742.3
1 207 357 5767.0
1 208 357 5784.2
1 209 358 5465.4
1 210 359 5522.7
1 211 359 5550.7
1 212 360 5470.5
1 212 361 5507.7
1 208 362 5529.9
1 209 362 5534.6
1 210 362 5541.7
1 211 362 5547.4
1 207 363 5526.1
1 206 364 5520.7
1 206 365 5522.0
1 206 366 5522.2
1 206 367 5521.4
1 206 368 5520.4
1 206 369 5519.2
1 207 369 5525.6
1 208 369 5542.1
1 209 369 5563.8
1 210 369 5588.2
1 211 369 5618.5
1 212 369 5654.9
1 213 369 5699.1
1 214 370 5595.6
1 215 370 5629.4
1 216 372 5626.7
1 214 373 5263.1
1 215 373 5351.3
1 214 374 5220.0
1 213 375 5270.2
1 212 376 5247.8
1 211 377 5194.7
1 211 378 5183.6
1 211 379 5178.1
1 211 380 5180.2
1 211 381 5189.3
1 211 382 5243.7
1 211 383 5293.5
1 212 384 45000.0
1 212 385 45000.0
1 212 386 45000.0
1 212 387 45000.0
1 212 388 45000.0
1 212 389 45000.0
1 212 390 45000.0
1 212 391 45000.0
1 212 392 45000.0
1 212 393 45000.0
1 213 394 45000.0
1 213 395 45000.0
1 213 396 45000.0
1 213 397 45000.0
1 213 398 45000.0
1 213 399 45000.0
1 213 400 45000.0
1 213 401 45000.0
1 213 402 45000.0
1 214 403 45000.0
1 214 404 45000.0
1 214 405 45000.0
1 214 406 45000.0
1 214 407 45000.0
1 214 409 45000.0
1 214 410 45000.0
1 214 411 45000.0
1 214 412 45000.0
1 214 413 45000.0
1 214 414 45000.0
1 214 415 45000.0
1 215 416 45000.0
1 215 417 45000.0
1 227 417 45000.0
1 228 417 45000.0
1 229 417 45000.0
1 216 418 45000.0
1 226 418 45000.0
1 230 418 45000.0
1 217 419 45000.0
1 218 419 45000.0
1 219 419 45000.0
1 220 419 45000.0
1 221 419 45000.0
1 222 419 45000.0
1 223 419 45000.0
1 224 419 45000.0
1 225 419 45000.0
1 229 419 45000.0
1 229 420 45000.0
1 226 421 45000.0
1 227 421 45000.0
1 228 421 45000.0
1 224 422 45000.0
1 225 422 45000.0
1 224 423 45000.0
1 224 424 45000.0
1 225 424 45000.0
1 226 424 45000.0
1 227 424 45000.0
1 228 424 45000.0
1 229 425 45000.0
1 229 426 45000.0
1 229 427 45000.0
1 229 428 45000.0
1 229 429 45000.0
1 228 430 45000.0
1 228 431 45000.0
1 228 432 45000.0
1 228 433 45000.0
1 228 434 45000.0
1 228 435 45000.0
1 229 435 45000.0
1 230 436 45000.0
1 230 437 45000.0
1 230 438 45000.0
1 230 439 45000.0
1 230 440 45000.0
1 230 441 45000.0
1 230 442 45000.0
1 230 443 45000.0
1 230 444 45000.0
1 230 445 45000.0
1 230 446 45000.0
1 230 447 45000.0
1 230 448 45000.0
1 230 449 45000.0
1 230 450 45000.0
1 230 451 45000.0
1 230 452 45000.0
1 230 453 45000.0
1 230 454 45000.0
1 230 455 45000.0
1 230 456 45000.0
1 231 457 45000.0
1 231 458 45000.0
1 231 459 45000.0
1 231 460 45000.0
1 232 461 45000.0
1 232 462 45000.0
1 232 463 45000.0
1 232 464 45000.0
1 233 464 45000.0
1 234 464 45000.0
1 235 464 45000.0
1 236 464 45000.0
1 237 464 45000.0
1 238 464 45000.0
1 239 465 45000.0
1 239 466 45000.0
1 239 467 5337.1
1 238 468 5337.1
1 238 469 5337.1
1 238 470 5337.1
1 239 471 5337.1
1 240 471 5337.1
1 241 472 5337.1
1 242 472 5337.1
1 243 472 5337.1
1 244 473 5337.1
1 245 474 5337.1
1 246 475 5337.1
1 246 476 5337.1
1 246 477 5337.1
1 246 478 5337.1
1 246 479 5337.1
1 246 480 5337.1
1 245 481 5337.1
1 245 482 5337.1
1 244 483 5337.1
1 243 484 5337.1
1 243 485 5337.1
1 243 486 5337.1
1 243 487 5337.1
1 243 488 5337.1
1 243 489 5337.1
1 242 490 5337.1
1 242 491 5337.1
1 241 492 5337.1
1 241 493 5337.1
1 240 494 5337.1
1 239 495 5337.1
1 238 496 5337.1
1 235 497 5337.1
1 236 497 5337.1
1 237 497 5337.1
1 233 498 5337.1
1 234 498 5337.1
1 233 499 5337.1
1 232 500 5337.1
1 231 501 5337.1
1 231 502 5337.1
1 231 503 5337.1
1 231 504 5337.1
1 231 505 5337.1
1 231 506 5337.1
1 231 507 5337.1
1 231 508 5337.1
1 231 509 5337.1
1 231 510 5337.1
1 231 511 5337.1
1 231 512 5337.1
1 231 513 5337.1
1 231 514 5337.1
1 231 515 5337.1
1 232 516 5337.1
1 232 517 5337.1
1 232 518 5337.1
1 233 519 5337.1
1 233 520 5337.1
1 233 521 5337.1
1 234 522 5337.1
1 234 523 5337.1
1 235 524 5337.1
1 235 525 5337.1
1 236 525 5337.1
1 237 525 5337.1
1 238 525 5337.1
1 239 526 5337.1
1 239 527 5337.1
1 240 528 5437.9
1 240 529 5453.1
1 241 530 5519.7
1 241 531 5549.7
1 241 532 5566.6
1 241 533 5578.1
1 241 534 5586.4
1 242 535 5064.8
1 242 536 5076.1
1 243 536 5094.1
1 244 536 5126.6
1 245 536 5155.2
1 246 537 5210.6
1 246 538 5227.7
1 247 539 5267.6
1 248 540 5303.1
1 249 540 5315.2
1 250 540 5331.6
1 251 541 5365.2
1 250 544 5398.8
1 251 544 5401.1
1 245 545 5344.2
1 246 545 5355.4
1 247 545 5374.0
1 248 545 5387.7
1 249 545 5393.2
1 243 546 5317.7
1 244 546 5321.7
1 243 547 5318.4
1 242 548 5314.5
1 242 549 5314.8
1 241 550 5308.6
1 241 551 5306.9
1 240 552 5296.5
1 239 553 5285.5
1 238 554 0.0
1 237 555 5249.9
1 236 556 5248.8
1 236 557 5248.8
1 232 558 5189.1
1 233 558 5186.1
1 234 558 5193.8
1 235 558 5197.3
1 232 559 5201.2
1 231 560 5201.4
1 231 561 5209.8
1 231 562 5216.5
1 231 563 5221.6
1 231 564 5222.9
1 230 565 5389.7
1 230 566 5382.9
1 230 567 5372.0
1 230 568 5359.6
1 215 371 5678.1
1 39 51 6043.2
1 39 52 5967.8
1 38 53 5714.5
1 38 54 5641.8
1 37 55 5375.6
1 36 56 5152.8
1 35 57 4950.0
1 35 58 4889.0
1 35 59 4787.7
1 35 60 8397.7
1 35 61 8262.3
1 35 62 8125.5
1 35 63 7985.2
1 35 64 7841.2
1 35 65 7693.4
1 35 66 7542.6
1 35 67 7395.4
1 35 68 7276.3
1 36 69 10770.0
1 36 70 10502.6
1 36 71 10250.3
1 36 72 10007.1
1 36 73 9772.1
1 36 74 9559.1
1 36 75 9377.7
1 36 76 9287.9
1 36 77 9255.2
1 230 569 5347.0
1 230 570 5333.5
1 230 571 5317.4
1 230 572 5306.0
1 230 573 5316.9
1 230 574 5332.4
1 230 575 5342.6
1 230 576 5344.7
1 230 577 5179.6
1 230 578 5212.8
1 230 579 5245.9
1 230 580 5275.3
1 230 581 5278.4
1 230 582 5283.8
1 230 583 5286.3
1 230 584 5285.4
1 230 585 5282.0
1 230 586 5277.4
1 230 587 5271.3
1 230 588 5267.4
1 229 589 5251.5
1 229 590 5242.2
1 228 591 5219.5
1 228 592 5203.8
1 228 593 5186.5
1 228 594 5164.3
1 227 595 5120.1
1 227 596 5096.9
1 227 597 5068.8
1 227 598 5035.6
1 227 599 4786.4
1 226 600 4700.2
1 226 601 4698.2
1 226 602 4696.9
1 226 603 4697.6
1 225 604 4268.5
1 224 605 4268.5
1 223 606 4290.4
1 222 607 4310.8
1 223 605 4275.0
1 117 120 -612.437
1 121 111 -15826.8
1 121 113 -19602.0
1 124 115 -11616.0
1 125 116 -9002.4
1 126 120 -39204.0
1 130 122 -612.437
1 135 194 -612.437
1 143 126 -40656.0
1 144 166 -10744.8
1 145 164 -580.8
1 146 188 -290.4
1 146 190 -3049.2
1 147 132 -58080.0
1 147 145 -612.437
1 148 123 -145.2
1 148 176 -612.437
1 150 124 -4210.8
1 150 128 -290.4
1 150 141 -3484.8
1 151 142 -36154.8
1 152 123 -16117.2
1 152 125 -612.437
1 152 132 -612.437
1 152 172 -290.4
1 153 111 -9147.6
1 153 133 -145.2
1 153 142 -21199.2
1 154 171 -612.437
1 155 112 -15536.4
1 155 129 -10454.4
1 155 141 -17424.0
1 156 129 -121387.0
1 156 146 -9873.6
1 157 135 -1224.87
1 157 140 -92347.2
1 158 125 -435.6
1 158 133 -612.437
1 159 119 -25410.0
1 159 173 -13068.0
1 160 116 -64759.2
1 161 125 -3339.6
1 161 129 -871.2
1 161 131 -3630.0
1 161 140 -580.8
1 161 188 -1452.0
1 162 128 -224915.0
1 162 132 -14665.2
1 162 140 -1016.4
1 162 167 -145.2
1 162 169 -24974.4
1 163 138 -4242.44
1 163 171 -7695.6
1 164 135 -6098.4
1 165 130 -9292.8
1 165 131 -1016.4
1 166 126 -145.2
1 167 259 -1452.0
1 168 123 -726.0
1 168 208 -3339.6
1 169 163 -14084.4
1 170 131 -3049.2
1 170 132 -40656.0
1 170 163 -21489.6
1 171 130 -2758.8
1 171 131 -4065.6
1 171 132 -2032.8
1 172 218 -55176.0
1 173 224 -1306.8
1 174 123 -25555.2
1 174 135 -7260.0
1 175 134 -18150.0
1 175 204 -10890.0
1 179 181 -29620.8
1 179 183 -6534.0
1 179 210 -1887.6
1 180 208 -33105.6
1 184 246 -4356.0
1 188 209 -30492.0
1 188 258 -18150.0
1 191 191 -59532.0
1 191 281 -21925.2
1 193 260 -17264.3
1 195 276 -290.4
1 197 204 -7986.0
1 197 252 -2178.0
1 198 298 -612.437
1 199 298 -612.437
1 200 298 -612.437
1 203 275 -60693.6
1 203 280 -1597.2
1 204 248 -12734.0
1 205 300 -612.437
1 206 196 -27007.2
1 206 266 -30201.6
1 206 286 -2904.0
1 206 300 -1224.87
1 211 332 -6490.44
1 212 226 -726.0
1 212 258 -12922.8
1 213 264 -145.2
1 214 240 -38332.8
1 215 260 -13358.4
1 217 365 -580.8
1 221 223 -145.2
1 221 246 -20182.8
1 222 352 -4140.34
1 222 369 -6098.4
1 224 301 -5953.2
1 224 374 -6967.89
1 226 311 -5082.0
1 226 331 -39106.1
1 226 350 -163.5
1 226 365 -5619.24
1 226 382 -12147.6
1 228 225 -1161.6
1 230 255 -28023.6
1 231 401 -612.437
1 232 256 -4356.0
1 232 364 -129.95
1 232 370 -13742.4
1 233 337 -612.437
1 233 376 -4120.39
1 233 394 -1224.87
1 233 399 -84216.0
1 234 304 -3811.5
1 234 393 -612.437
1 235 338 -14810.4
1 235 367 -3863.37
1 235 400 -580.8
1 235 605 -1.49
1 235 609 -4566.22
1 236 263 -25700.4
1 236 351 -27588.0
1 236 609 -10.16
1 237 316 -21022.7
1 237 357 -1512.73
1 237 389 -612.437
1 238 221 -3920.4
1 238 605 -3062.19
1 238 609 -1349.74
1 239 250 -11035.2
1 239 426 -290.4
1 239 605 -3062.19
1 239 606 -1837.31
1 239 619 -612.437
1 240 380 -612.437
1 240 426 -612.437
1 240 608 -2449.75
1 241 604 -612.437
1 242 311 -6490.44
1 243 371 -9104.29
1 243 389 -1887.6
1 243 422 -145.2
1 243 431 -463.22
1 243 605 -3062.19
1 244 431 -1609.21
1 244 605 -3674.62
1 244 621 -1224.87
1 245 234 -7593.96
1 245 238 -13358.4
1 245 322 -2297.06
1 245 337 -902.837
1 245 370 -41.0
1 245 621 -612.437
1 246 321 -3415.1
1 246 618 -1837.31
1 247 344 -612.437
1 247 383 -11684.1
1 247 384 -2097690.0
1 247 424 -32524.8
1 248 251 -89663.4
1 248 424 -32524.8
1 248 436 -1597.2
1 248 442 -145.2
1 248 444 -12099.1
1 248 589 -4936.8
1 249 373 -612.437
1 249 389 -5953.2
1 249 424 -33137.2
1 249 430 -25055.5
1 249 436 -3692.97
1 249 443 -2225.5
1 249 456 -8417.24
1 249 606 -3062.19
1 250 239 -42398.4
1 250 326 -2186.71
1 250 424 -33137.2
1 250 425 -455492.0
1 250 431 -45908.1
1 250 595 -1837.31
1 251 333 -348.48
1 251 356 -22364.8
1 251 408 -515.46
1 251 456 -757.637
1 251 457 -38.87
1 251 594 -612.437
1 251 595 -645.837
1 251 596 -1224.87
1 252 230 -26716.8
1 252 329 -31598.9
1 252 450 -145.2
1 252 595 -612.437
1 252 606 -612.437
1 253 298 -25.23
1 253 331 -13027.5
1 253 332 -17751.7
1 253 416 -145.2
1 253 420 -7688.55
1 253 445 -68279.7
1 253 585 -283.32
1 253 606 -145.2
1 254 338 -145.2
1 254 367 -580.8
1 254 407 -47529.7
1 254 597 -612.437
1 254 607 -612.437
1 255 381 -20763.6
1 255 383 -27297.6
1 255 388 -10018.8
1 255 395 -1016.4
1 255 420 -14815.7
1 255 443 -76670.4
1 255 595 -612.437
1 255 596 -612.437
1 255 606 -612.437
1 255 609 -1224.87
1 255 610 -53236.1
1 256 314 -8755.56
1 256 335 -2032.8
1 256 370 -10284.2
1 256 413 -4791.6
1 256 586 -113107.0
1 256 593 -2449.75
1 257 238 -4210.8
1 257 324 -9678.37
1 257 413 -6243.6
1 257 576 -5508.27
1 257 599 -1156.43
1 257 600 -68244.0
1 258 325 -11543.9
1 258 336 -2491.63
1 258 418 -79856.8
1 258 420 -76287.8
1 258 442 -555809.0
1 258 464 -27878.4
1 258 585 -3674.62
1 258 595 -1224.87
1 258 601 -135036.0
1 258 602 -85255.8
1 259 340 -612.437
1 259 371 -170.18
1 259 405 -74609.5
1 259 588 -31381.9
1 259 592 -1150.64
1 259 593 -713.007
1 260 342 -3630.0
1 260 349 -580.8
1 260 407 -2738330.0
1 260 413 -326565.0
1 260 424 -402.2
1 260 461 -435.6
1 260 463 -28023.6
1 260 464 -27878.4
1 260 585 -48621.7
1 260 586 -27465.4
1 260 587 -103.45
1 261 337 -4646.4
1 261 381 -41953.5
1 261 395 -27659.9
1 261 416 -16407.6
1 261 418 -612.437
1 261 429 -16915.5
1 261 464 -27878.4
1 261 492 -612.437
1 261 571 -7405.2
1 261 576 -42482.7
1 262 345 -145.2
1 262 449 -145.2
1 262 540 -248.29
1 262 564 -5124.54
1 262 567 -39355.8
1 262 568 -19602.0
1 262 570 -105415.0
1 262 571 -2613.6
1 263 434 -43274.4
1 263 471 -11035.2
1 263 477 -37606.8
1 263 520 -1224.87
1 263 574 -1306.8
1 263 582 -21110.4
1 264 265 -18876.0
1 264 355 -145.2
1 264 367 -612.437
1 264 383 -141060.0
1 264 407 -5662.8
1 264 428 -176236.0
1 264 468 -29.04
1 264 471 -3630.0
1 264 476 -119790.0
1 264 477 -1742.4
1 264 523 -1837.31
1 264 524 -726.0
1 264 549 -2914.15
1 265 363 -10018.8
1 265 364 -13613.3
1 265 374 -235334.0
1 265 380 -43.56
1 265 421 -40597.6
1 265 422 -41489.8
1 265 523 -3630.0
1 265 557 -1016.4
1 266 337 -612.437
1 266 425 -42382.1
1 266 462 -435.6
1 267 391 -14810.4
1 267 396 -1452.0
1 267 463 -1742.4
1 267 555 -1628.84
1 267 556 -111603.0
1 268 379 -546.22
1 268 436 -1149670.0
1 268 455 -85.67
1 268 479 -435.6
1 268 480 -871.2
1 268 489 -612.437
1 268 545 -124.15
1 269 349 -1452.0
1 269 363 -612.437
1 269 397 -7840.8
1 269 450 -871.2
1 269 456 -9989.76
1 269 483 -145.2
1 269 541 -612.437
1 269 545 -29.08
1 270 352 -2468.4
1 270 397 -29185.2
1 270 412 -191389.0
1 270 417 -49520.1
1 270 429 -4478.69
1 270 470 -19629.6
1 270 481 -612.437
1 270 483 -5978.6
1 270 484 -612.437
1 270 486 -40160.7
1 270 498 -172643.0
1 270 539 -145.2
1 271 319 -51432.8
1 271 368 -4501.2
1 271 371 -145.2
1 271 415 -122239.0
1 271 451 -1016.4
1 271 485 -48.24
1 271 493 -85143.6
1 271 498 -21489.6
1 271 537 -27978.4
1 272 336 -20099.8
1 272 337 -10.44
1 272 351 -10599.6
1 272 366 -1887.6
1 272 368 -45144.4
1 272 388 -807490.0
1 272 450 -7405.2
1 272 451 -32379.6
1 272 453 -1016.4
1 272 462 -2076280.0
1 272 490 -435.6
1 272 491 -1.45
1 272 497 -70979.9
1 272 498 -2032.8
1 272 530 -29020.9
1 272 532 -48497.2
1 272 535 -2761.06
1 273 363 -435.6
1 273 392 -65.8
1 273 410 -3339.6
1 273 417 -22752.5
1 273 426 -64688.5
1 273 480 -55756.8
1 273 510 -612.437
1 273 516 -16579.9
1 273 517 -490436.0
1 273 518 -340.19
1 274 409 -1597.2
1 274 520 -12487.2
1 274 523 -2178.0
1 275 367 -87846.0
1 275 441 -316304.0
1 275 450 -39349.2
1 276 364 -2613.6
1 276 366 -42398.4
1 276 392 -145.2
1 276 446 -7405.2
1 276 474 -17142.5
1 277 294 -63934.5
1 277 431 -22598.9
1 277 454 -145.2
1 277 468 -145.2
1 277 472 -4562.42
1 277 480 -21742.1
1 277 482 -145.2
1 278 365 -19747.2
1 278 435 -92.31
1 278 482 -4791.6
1 279 310 -12738.3
1 279 336 -2613.6
1 279 388 -170171.0
1 279 433 -168389.0
1 279 438 -169975.0
1 279 449 -2758.8
1 279 450 -346012.0
1 279 475 -115637.0
1 279 485 -18440.4
1 280 365 -1161.6
1 280 433 -28819.0
1 280 442 -5082.0
1 280 469 -4294.63
1 280 471 -44007.6
1 281 386 -51784.8
1 281 388 -143222.0
1 281 458 -345749.0
1 282 409 -5953.2
1 282 424 -3630.0
1 282 430 -580.8
1 282 436 -3447.39
1 282 454 -238.62
1 282 457 -128.21
1 283 335 -361995.0
1 283 429 -381586.0
1 283 449 -111532.0
1 283 452 -33446.0
1 283 455 -89170.7
1 283 468 -45435.8
1 284 339 -57330.7
1 284 457 -4501.2
1 284 463 -216171.0
1 284 481 -2026.33
1 285 306 -12816.8
1 285 336 -871.2
1 285 374 -726.0
1 285 467 -135912.0
1 285 475 -9476.35
1 286 330 -1240.44
1 286 425 -342626.0
1 286 475 -10987.3
1 286 477 -342878.0
1 287 329 -9433.31
1 287 388 -103948.0
1 287 426 -139192.0
1 287 477 -109533.0
1 288 372 -1091.76
1 288 419 -8276.4
1 288 423 -769.56
1 288 426 -46699.4
1 289 351 -59096.4
1 289 404 -219423.0
1 289 459 -145124.0
1 289 468 -3602.56
1 290 374 -3484.8
1 290 382 -111978.0
1 290 402 -734.35
1 290 411 -6098.4
1 290 412 -1452.0
1 290 413 -14810.4
1 290 420 -569.47
1 290 477 -130999.0
1 291 350 -435.6
1 291 355 -22218.1
1 291 373 -5227.2
1 291 397 -125637.0
1 291 399 -59377.4
1 291 419 -1463300.0
1 292 327 -43474.9
1 292 365 -20473.2
1 292 416 -1742.4
1 292 469 -24328.2
1 293 355 -1306.8
1 293 440 -290.4
1 294 435 -145.2
1 294 447 -34706.6
1 294 458 -62903.9
1 295 356 -8085.84
1 295 391 -4936.8
1 295 430 -597364.0
1 296 388 -769.41
1 296 406 -10284.5
1 296 433 -8421.6
1 297 383 -1161.6
1 297 395 -62936.9
1 297 401 -26027.6
1 297 402 -6635.02
1 297 413 -1036800.0
1 297 415 -69696.0
1 297 442 -60501.3
1 298 389 -435.6
1 298 397 -145.2
1 299 355 -1306.8
1 299 387 -972.84
1 334 405 -24829.2
1 102 110 -612.437
1 102 113 -612.437
1 103 100 -612.437
1 103 104 -612.437
1 104 115 -612.437
1 105 115 -612.437
1 105 139 -612.437
1 108 117 -612.437
1 109 112 -612.437
1 111 155 -612.437
1 111 208 -612.437
1 112 181 -612.437
1 113 111 -612.437
1 113 159 -612.437
1 113 211 -612.437
1 114 173 -612.437
1 114 212 -1224.87
1 115 212 -1224.87
1 116 121 -612.437
1 116 150 -612.437
1 116 166 -612.437
1 117 119 -612.437
1 117 168 -612.437
1 117 210 -612.437
1 119 194 -612.437
1 119 202 -612.437
1 119 96 -612.437
1 120 155 -612.437
1 120 94 -612.437
1 121 187 -612.437
1 123 110 -612.437
1 123 111 -612.437
1 123 158 -612.437
1 123 168 -612.437
1 123 193 -612.437
1 123 202 -1224.87
1 125 150 -612.437
1 125 151 -612.437
1 125 193 -612.437
1 125 194 -612.437
1 126 121 -612.437
1 126 191 -612.437
1 126 195 -612.437
1 127 150 -612.437
1 127 160 -612.437
1 127 169 -612.437
1 127 195 -612.437
1 127 199 -1224.87
1 128 122 -612.437
1 128 148 -612.437
1 128 149 -612.437
1 128 152 -612.437
1 128 153 -612.437
1 128 154 -612.437
1 128 157 -612.437
1 128 199 -612.437
1 129 117 -612.437
1 129 119 -612.437
1 129 122 -612.437
1 129 146 -612.437
1 129 154 -1224.87
1 129 162 -612.437
1 129 176 -612.437
1 130 120 -612.437
1 130 154 -612.437
1 130 155 -612.437
1 130 156 -1837.31
1 130 194 -612.437
1 131 112 -612.437
1 131 121 -612.437
1 131 122 -612.437
1 131 150 -612.437
1 131 156 -612.437
1 131 157 -612.437
1 131 158 -612.437
1 131 161 -1224.87
1 131 198 -612.437
1 132 112 -612.437
1 132 155 -612.437
1 132 156 -612.437
1 132 160 -612.437
1 132 161 -1224.87
1 133 155 -612.437
1 133 159 -612.437
1 133 160 -1224.87
1 133 192 -1224.87
1 133 193 -612.437
1 134 148 -612.437
1 134 150 -612.437
1 134 151 -612.437
1 134 156 -612.437
1 134 191 -612.437
1 134 193 -2449.75
1 135 148 -3062.19
1 135 149 -1224.87
1 135 156 -612.437
1 135 157 -612.437
1 135 193 -1837.31
1 136 147 -612.437
1 136 148 -612.437
1 136 149 -612.437
1 136 150 -1224.87
1 136 153 -612.437
1 136 155 -612.437
1 137 148 -612.437
1 137 150 -612.437
1 137 153 -1224.87
1 137 154 -612.437
1 137 157 -1837.31
1 137 175 -612.437
1 137 206 -612.437
1 138 151 -612.437
1 138 152 -612.437
1 138 153 -1837.31
1 138 168 -612.437
1 138 169 -612.437
1 139 151 -612.437
1 140 138 -612.437
1 140 155 -2449.75
1 140 156 -612.437
1 140 171 -612.437
1 140 180 -612.437
1 141 149 -612.437
1 141 154 -1224.87
1 141 157 -612.437
1 141 171 -612.437
1 141 199 -1224.87
1 142 155 -612.437
1 142 156 -612.437
1 142 157 -612.437
1 142 158 -612.437
1 142 174 -612.437
1 142 179 -612.437
1 142 201 -612.437
1 143 146 -612.437
1 143 157 -1837.31
1 144 142 -1224.87
1 144 173 -612.437
1 145 142 -612.437
1 145 143 -612.437
1 145 151 -612.437
1 145 187 -612.437
1 145 226 -612.437
1 146 140 -612.437
1 146 141 -1224.87
1 146 145 -612.437
1 146 208 -612.437
1 146 229 -612.437
1 146 230 -612.437
1 146 232 -612.437
1 147 139 -1837.31
1 147 140 -612.437
1 147 141 -612.437
1 147 142 -612.437
1 147 229 -612.437
1 147 230 -612.437
1 147 233 -612.437
1 147 239 -612.437
1 147 240 -612.437
1 148 217 -612.437
1 148 221 -612.437
1 149 127 -612.437
1 149 147 -612.437
1 149 154 -612.437
1 149 222 -612.437
1 149 253 -612.437
1 150 160 -612.437
1 150 164 -612.437
1 150 177 -612.437
1 150 227 -612.437
1 150 236 -612.437
1 151 128 -612.437
1 151 228 -612.437
1 152 153 -612.437
1 152 173 -612.437
1 152 176 -612.437
1 152 222 -612.437
1 152 228 -612.437
1 153 126 -612.437
1 153 136 -612.437
1 153 155 -612.437
1 153 232 -612.437
1 153 238 -612.437
1 153 253 -612.437
1 154 126 -612.437
1 154 133 -612.437
1 154 161 -612.437
1 154 172 -612.437
1 154 220 -612.437
1 154 244 -612.437
1 155 170 -1224.87
1 155 216 -612.437
1 155 262 -612.437
1 156 160 -612.437
1 156 211 -612.437
1 156 223 -612.437
1 157 132 -612.437
1 157 133 -612.437
1 157 134 -1837.31
1 157 136 -612.437
1 157 194 -612.437
1 157 207 -612.437
1 157 240 -612.437
1 158 135 -612.437
1 158 248 -612.437
1 159 152 -612.437
1 159 231 -612.437
1 159 240 -612.437
1 159 247 -612.437
1 159 248 -612.437
1 159 250 -612.437
1 159 251 -612.437
1 159 257 -612.437
1 160 133 -612.437
1 160 249 -1224.87
1 160 251 -1224.87
1 160 252 -612.437
1 160 253 -612.437
1 160 262 -612.437
1 161 144 -1224.87
1 161 251 -612.437
1 161 253 -612.437
1 162 137 -1224.87
1 162 252 -1224.87
1 162 253 -612.437
1 163 152 -612.437
1 163 190 -612.437
1 163 236 -612.437
1 164 278 -612.437
1 164 290 -612.437
1 164 299 -612.437
1 165 133 -1224.87
1 165 134 -1224.87
1 165 135 -612.437
1 165 290 -612.437
1 166 131 -612.437
1 166 132 -612.437
1 166 133 -1224.87
1 166 134 -612.437
1 166 135 -612.437
1 166 210 -612.437
1 166 254 -612.437
1 166 255 -612.437
1 167 127 -612.437
1 167 132 -1224.87
1 167 133 -1224.87
1 167 134 -1837.31
1 167 256 -612.437
1 167 288 -612.437
1 167 294 -612.437
1 168 130 -612.437
1 168 131 -612.437
1 168 132 -2449.75
1 168 133 -2449.75
1 168 286 -612.437
1 168 287 -1224.87
1 168 291 -1224.87
1 169 128 -1224.87
1 169 129 -2449.75
1 169 131 -612.437
1 169 132 -3062.19
1 169 133 -1837.31
1 169 134 -5511.93
1 169 135 -612.437
1 169 236 -612.437
1 169 260 -612.437
1 169 271 -612.437
1 169 287 -612.437
1 169 290 -612.437
1 170 133 -1837.31
1 170 134 -7349.25
1 170 136 -612.437
1 170 187 -612.437
1 170 256 -612.437
1 170 287 -612.437
1 170 292 -612.437
1 171 133 -1224.87
1 171 134 -612.437
1 171 136 -3062.19
1 171 290 -612.437
1 172 257 -612.437
1 172 284 -612.437
1 172 295 -1224.87
1 172 311 -612.437
1 173 258 -612.437
1 173 278 -612.437
1 173 290 -612.437
1 173 292 -612.437
1 173 293 -1224.87
1 173 294 -612.437
1 174 124 -612.437
1 174 253 -612.437
1 174 261 -612.437
1 174 270 -612.437
1 174 283 -612.437
1 174 289 -612.437
1 174 293 -612.437
1 175 260 -612.437
1 175 288 -612.437
1 175 292 -1224.87
1 175 293 -612.437
1 175 296 -612.437
1 175 305 -612.437
1 176 274 -612.437
1 176 305 -612.437
1 177 289 -612.437
1 177 290 -612.437
1 178 243 -612.437
1 178 280 -612.437
1 178 285 -612.437
1 178 302 -612.437
1 178 305 -612.437
1 178 306 -612.437
1 178 311 -612.437
1 179 278 -612.437
1 179 285 -612.437
1 180 149 -612.437
1 180 286 -612.437
1 181 297 -612.437
1 181 307 -612.437
1 181 308 -612.437
1 183 242 -612.437
1 183 285 -612.437
1 183 295 -612.437
1 183 308 -612.437
1 183 309 -612.437
1 183 318 -612.437
1 184 263 -612.437
1 184 285 -612.437
1 184 313 -612.437
1 184 319 -612.437
1 185 257 -612.437
1 185 305 -612.437
1 185 306 -612.437
1 185 307 -612.437
1 185 315 -612.437
1 186 255 -612.437
1 186 265 -612.437
1 186 307 -1224.87
1 186 310 -612.437
1 188 262 -612.437
1 188 294 -612.437
1 188 295 -612.437
1 189 295 -612.437
1 189 309 -612.437
1 190 307 -612.437
1 190 308 -612.437
1 190 324 -612.437
1 191 292 -1224.87
1 191 304 -612.437
1 191 305 -612.437
1 192 258 -612.437
1 192 284 -612.437
1 192 304 -612.437
1 192 316 -612.437
1 192 319 -612.437
1 193 262 -612.437
1 193 301 -612.437
1 193 311 -612.437
1 193 313 -1224.87
1 194 284 -612.437
1 194 313 -612.437
1 195 269 -612.437
1 195 287 -612.437
1 195 289 -612.437
1 195 300 -612.437
1 195 311 -612.437
1 195 313 -612.437
1 196 269 -612.437
1 196 275 -612.437
1 196 303 -612.437
1 196 324 -612.437
1 196 333 -612.437
1 197 264 -612.437
1 197 283 -612.437
1 197 300 -612.437
1 197 322 -612.437
1 197 325 -612.437
1 198 242 -612.437
1 198 276 -1224.87
1 198 309 -612.437
1 198 311 -612.437
1 199 283 -612.437
1 199 311 -612.437
1 199 324 -612.437
1 200 280 -612.437
1 200 286 -612.437
1 200 296 -612.437
1 200 299 -612.437
1 200 306 -612.437
1 200 307 -612.437
1 200 312 -612.437
1 200 343 -612.437
1 200 345 -612.437
1 201 257 -612.437
1 202 280 -612.437
1 202 287 -612.437
1 202 297 -612.437
1 202 301 -612.437
1 202 302 -612.437
1 203 215 -612.437
1 203 304 -612.437
1 203 305 -612.437
1 203 309 -612.437
1 203 315 -612.437
1 205 263 -612.437
1 205 303 -612.437
1 205 304 -612.437
1 205 317 -612.437
1 205 318 -612.437
1 205 319 -612.437
1 206 264 -612.437
1 206 270 -612.437
1 206 301 -612.437
1 206 304 -612.437
1 206 315 -612.437
1 206 317 -1224.87
1 207 262 -612.437
1 207 300 -612.437
1 207 301 -1224.87
1 207 303 -612.437
1 207 304 -612.437
1 207 306 -1224.87
1 207 315 -612.437
1 207 317 -612.437
1 208 298 -1224.87
1 208 299 -1224.87
1 208 306 -612.437
1 208 317 -612.437
1 208 328 -612.437
1 209 284 -612.437
1 209 297 -612.437
1 209 302 -612.437
1 210 284 -612.437
1 210 301 -612.437
1 210 302 -612.437
1 210 342 -612.437
1 211 301 -612.437
1 211 321 -612.437
1 212 295 -612.437
1 212 347 -612.437
1 213 226 -612.437
1 213 287 -612.437
1 213 303 -612.437
1 213 329 -612.437
1 214 319 -612.437
1 215 289 -612.437
1 215 311 -612.437
1 215 353 -612.437
1 216 323 -612.437
1 216 341 -612.437
1 217 244 -612.437
1 217 249 -612.437
1 217 351 -612.437
1 218 209 -612.437
1 218 243 -612.437
1 218 292 -612.437
1 218 345 -1224.87
1 221 240 -612.437
1 221 611 -612.437
1 222 254 -612.437
1 222 362 -612.437
1 224 338 -612.437
1 224 359 -612.437
1 225 323 -612.437
1 225 329 -612.437
1 225 332 -612.437
1 225 368 -612.437
1 225 373 -612.437
1 225 378 -612.437
1 225 382 -1224.87
1 226 323 -612.437
1 226 388 -1224.87
1 226 618 -612.437
1 227 315 -612.437
1 228 606 -612.437
1 229 385 -1224.87
1 229 392 -612.437
1 229 393 -612.437
1 229 397 -2449.75
1 229 618 -3062.19
1 230 338 -612.437
1 230 373 -1224.87
1 230 384 -612.437
1 230 392 -1224.87
1 230 393 -2449.75
1 230 396 -612.437
1 230 605 -612.437
1 231 343 -612.437
1 231 383 -612.437
1 231 392 -3062.19
1 231 393 -6736.81
1 231 398 -612.437
1 231 603 -612.437
1 231 607 -1224.87
1 232 259 -612.437
1 232 300 -612.437
1 232 384 -612.437
1 232 389 -612.437
1 232 393 -3674.62
1 232 394 -2449.75
1 232 405 -612.437
1 232 604 -1224.87
1 232 606 -1224.87
1 232 607 -1837.31
1 232 608 -612.437
1 233 373 -612.437
1 233 393 -612.437
1 233 403 -612.437
1 233 406 -2449.75
1 233 601 -1224.87
1 233 602 -612.437
1 234 374 -612.437
1 234 388 -612.437
1 234 389 -612.437
1 234 406 -1837.31
1 234 407 -1224.87
1 234 601 -612.437
1 234 602 -1224.87
1 234 603 -1837.31
1 234 604 -612.437
1 234 605 -1224.87
1 234 606 -612.437
1 234 609 -612.437
1 234 620 -612.437
1 234 621 -612.437
1 235 342 -612.437
1 235 368 -612.437
1 235 389 -612.437
1 235 392 -612.437
1 235 404 -612.437
1 235 406 -612.437
1 235 599 -612.437
1 235 600 -1224.87
1 235 602 -1837.31
1 235 603 -612.437
1 235 606 -612.437
1 235 608 -612.437
1 236 256 -612.437
1 236 359 -612.437
1 236 377 -1224.87
1 236 378 -612.437
1 236 389 -1224.87
1 236 600 -612.437
1 236 601 -612.437
1 236 602 -1224.87
1 236 605 -612.437
1 236 606 -612.437
1 236 607 -612.437
1 236 620 -612.437
1 237 330 -612.437
1 237 377 -612.437
1 237 384 -612.437
1 237 388 -612.437
1 237 605 -1224.87
1 237 606 -1837.31
1 237 607 -1224.87
1 237 608 -3062.19
1 237 609 -1837.31
1 237 620 -612.437
1 238 346 -612.437
1 238 391 -612.437
1 238 410 -612.437
1 238 602 -612.437
1 238 603 -612.437
1 238 606 -3062.19
1 238 607 -3674.62
1 238 608 -2449.75
1 238 610 -612.437
1 239 297 -612.437
1 239 323 -612.437
1 239 404 -612.437
1 239 601 -612.437
1 239 603 -612.437
1 239 607 -1224.87
1 239 608 -2449.75
1 239 609 -1837.31
1 239 610 -1224.87
1 239 615 -1224.87
1 240 267 -612.437
1 240 319 -612.437
1 240 327 -612.437
1 240 352 -612.437
1 240 374 -1224.87
1 240 392 -1224.87
1 240 396 -612.437
1 240 406 -612.437
1 240 603 -612.437
1 240 605 -1837.31
1 240 606 -2449.75
1 240 607 -1224.87
1 240 620 -1224.87
1 240 621 -612.437
1 241 339 -612.437
1 241 352 -612.437
1 241 370 -1224.87
1 241 375 -612.437
1 241 409 -612.437
1 241 577 -612.437
1 241 603 -1224.87
1 241 605 -1837.31
1 241 606 -1224.87
1 241 607 -1224.87
1 241 608 -1224.87
1 241 609 -3062.19
1 241 610 -612.437
1 241 611 -612.437
1 241 620 -612.437
1 241 621 -612.437
1 242 314 -612.437
1 242 318 -612.437
1 242 336 -612.437
1 242 338 -612.437
1 242 339 -612.437
1 242 373 -1837.31
1 242 374 -3674.62
1 242 406 -1224.87
1 242 603 -1224.87
1 242 604 -4287.06
1 242 605 -5511.93
1 242 606 -1837.31
1 242 607 -3062.19
1 242 608 -3062.19
1 242 609 -1837.31
1 242 610 -1837.31
1 242 616 -612.437
1 242 622 -612.437
1 242 623 -1837.31
1 243 366 -612.437
1 243 369 -612.437
1 243 372 -1224.87
1 243 373 -4899.5
1 243 374 -1837.31
1 243 386 -612.437
1 243 391 -612.437
1 243 405 -612.437
1 243 406 -612.437
1 243 407 -1224.87
1 243 409 -612.437
1 243 577 -612.437
1 243 606 -4287.06
1 243 607 -3062.19
1 243 608 -1224.87
1 243 609 -3674.62
1 243 620 -612.437
1 243 622 -1224.87
1 243 623 -4899.5
1 244 371 -612.437
1 244 372 -1224.87
1 244 373 -1837.31
1 244 415 -612.437
1 244 598 -612.437
1 244 606 -2449.75
1 244 607 -612.437
1 244 611 -612.437
1 244 616 -612.437
1 244 622 -612.437
1 244 623 -2449.75
1 244 624 -612.437
1 245 312 -612.437
1 245 315 -612.437
1 245 326 -612.437
1 245 335 -612.437
1 245 338 -612.437
1 245 356 -1224.87
1 245 371 -612.437
1 245 413 -612.437
1 245 586 -612.437
1 245 604 -612.437
1 245 605 -1837.31
1 245 606 -3062.19
1 245 607 -2449.75
1 245 609 -3062.19
1 245 610 -1224.87
1 245 612 -1224.87
1 245 616 -1224.87
1 245 619 -612.437
1 245 620 -1224.87
1 245 622 -612.437
1 246 214 -612.437
1 246 342 -612.437
1 246 356 -612.437
1 246 357 -612.437
1 246 374 -612.437
1 246 413 -612.437
1 246 590 -612.437
1 246 599 -612.437
1 246 600 -3674.62
1 246 605 -2449.75
1 246 606 -4287.06
1 246 607 -2449.75
1 246 610 -612.437
1 246 612 -1224.87
1 246 614 -612.437
1 246 615 -612.437
1 246 623 -612.437
1 247 314 -612.437
1 247 331 -612.437
1 247 367 -1224.87
1 247 368 -3062.19
1 247 387 -1224.87
1 247 413 -612.437
1 247 578 -612.437
1 247 597 -612.437
1 247 598 -4287.06
1 247 599 -3674.62
1 247 600 -6124.37
1 247 601 -6124.37
1 247 605 -1224.87
1 247 609 -1224.87
1 247 610 -1224.87
1 247 611 -2449.75
1 247 612 -2449.75
1 247 613 -1224.87
1 247 618 -1224.87
1 247 619 -612.437
1 247 623 -612.437
1 248 307 -612.437
1 248 367 -612.437
1 248 368 -2449.75
1 248 371 -1224.87
1 248 372 -3062.19
1 248 387 -1224.87
1 248 388 -3674.62
1 248 413 -612.437
1 248 416 -612.437
1 248 529 -612.437
1 248 567 -612.437
1 248 596 -4287.06
1 248 597 -3062.19
1 248 598 -6124.37
1 248 599 -3674.62
1 248 600 -2449.75
1 248 601 -3674.62
1 248 602 -1837.31
1 248 605 -612.437
1 248 608 -612.437
1 248 609 -1224.87
1 248 610 -1837.31
1 248 611 -3674.62
1 248 612 -3674.62
1 248 613 -4287.06
1 248 618 -612.437
1 248 619 -612.437
1 248 620 -612.437
1 248 623 -1224.87
1 249 333 -612.437
1 249 334 -612.437
1 249 365 -1224.87
1 249 366 -1837.31
1 249 367 -612.437
1 249 368 -1837.31
1 249 371 -612.437
1 249 387 -612.437
1 249 388 -612.437
1 249 400 -612.437
1 249 412 -612.437
1 249 567 -612.437
1 249 593 -1224.87
1 249 595 -3674.62
1 249 596 -4287.06
1 249 597 -6736.81
1 249 603 -1837.31
1 249 604 -4899.5
1 249 605 -3062.19
1 249 607 -2449.75
1 249 609 -612.437
1 249 610 -1224.87
1 249 611 -3062.19
1 249 612 -5511.93
1 249 613 -1224.87
1 249 618 -612.437
1 249 623 -612.437
1 250 331 -612.437
1 250 355 -612.437
1 250 365 -1224.87
1 250 366 -3062.19
1 250 367 -1837.31
1 250 368 -612.437
1 250 369 -1224.87
1 250 370 -1224.87
1 250 371 -3674.62
1 250 382 -612.437
1 250 406 -612.437
1 250 413 -612.437
1 250 414 -612.437
1 250 423 -612.437
1 250 436 -612.437
1 250 568 -612.437
1 250 579 -612.437
1 250 591 -612.437
1 250 594 -612.437
1 250 596 -4899.5
1 250 597 -1224.87
1 250 602 -612.437
1 250 603 -4287.06
1 250 604 -3674.62
1 250 605 -2449.75
1 250 607 -612.437
1 250 608 -1837.31
1 250 609 -612.437
1 250 610 -612.437
1 250 613 -612.437
1 251 276 -612.437
1 251 322 -612.437
1 251 365 -1837.31
1 251 366 -5511.93
1 251 367 -1224.87
1 251 368 -1224.87
1 251 371 -612.437
1 251 379 -612.437
1 251 407 -612.437
1 251 414 -612.437
1 251 424 -612.437
1 251 598 -612.437
1 251 604 -612.437
1 251 605 -612.437
1 251 607 -612.437
1 251 610 -612.437
1 252 236 -612.437
1 252 365 -1837.31
1 252 366 -4287.06
1 252 367 -4287.06
1 252 368 -1224.87
1 252 376 -612.437
1 252 412 -612.437
1 252 416 -612.437
1 252 428 -612.437
1 252 506 -612.437
1 252 507 -612.437
1 252 528 -612.437
1 252 534 -612.437
1 252 544 -612.437
1 252 576 -612.437
1 252 591 -1224.87
1 252 596 -1224.87
1 252 597 -1224.87
1 252 598 -612.437
1 252 599 -1224.87
1 252 608 -1224.87
1 252 609 -612.437
1 252 611 -612.437
1 252 620 -612.437
1 253 259 -612.437
1 253 342 -612.437
1 253 363 -612.437
1 253 365 -1224.87
1 253 366 -3674.62
1 253 367 -2449.75
1 253 370 -612.437
1 253 375 -1224.87
1 253 404 -612.437
1 253 433 -1224.87
1 253 506 -612.437
1 253 543 -612.437
1 253 546 -612.437
1 253 547 -612.437
1 253 566 -612.437
1 253 586 -1224.87
1 253 596 -612.437
1 253 597 -2449.75
1 253 601 -612.437
1 253 604 -612.437
1 253 605 -612.437
1 253 614 -1837.31
1 254 366 -1224.87
1 254 478 -612.437
1 254 581 -612.437
1 254 584 -612.437
1 254 585 -3674.62
1 254 586 -3062.19
1 254 587 -1837.31
1 254 588 -1837.31
1 254 589 -2449.75
1 254 598 -612.437
1 254 599 -612.437
1 254 601 -1224.87
1 254 604 -1224.87
1 254 605 -612.437
1 254 606 -612.437
1 254 611 -612.437
1 255 341 -612.437
1 255 346 -612.437
1 255 371 -612.437
1 255 402 -612.437
1 255 442 -612.437
1 255 445 -612.437
1 255 461 -612.437
1 255 479 -612.437
1 255 512 -612.437
1 255 513 -612.437
1 255 526 -612.437
1 255 547 -612.437
1 255 548 -612.437
1 255 565 -612.437
1 255 583 -1837.31
1 255 584 -2449.75
1 255 585 -2449.75
1 255 586 -2449.75
1 255 587 -1224.87
1 255 588 -612.437
1 255 591 -612.437
1 255 594 -612.437
1 255 597 -612.437
1 255 600 -1224.87
1 255 607 -612.437
1 256 346 -612.437
1 256 350 -612.437
1 256 367 -612.437
1 256 373 -612.437
1 256 374 -612.437
1 256 491 -612.437
1 256 526 -612.437
1 256 531 -1837.31
1 256 532 -612.437
1 256 547 -612.437
1 256 548 -1224.87
1 256 549 -612.437
1 256 575 -612.437
1 256 578 -1224.87
1 256 580 -612.437
1 256 584 -1837.31
1 256 585 -1224.87
1 256 592 -1224.87
1 256 594 -4287.06
1 256 595 -2449.75
1 256 607 -2449.75
1 256 608 -1224.87
1 256 609 -612.437
1 257 330 -612.437
1 257 461 -612.437
1 257 497 -612.437
1 257 503 -612.437
1 257 506 -612.437
1 257 512 -612.437
1 257 527 -1837.31
1 257 529 -612.437
1 257 532 -612.437
1 257 549 -612.437
1 257 574 -612.437
1 257 575 -1837.31
1 257 584 -1837.31
1 257 585 -1837.31
1 257 593 -1224.87
1 257 594 -4899.5
1 257 595 -2449.75
1 257 597 -1224.87
1 257 606 -4287.06
1 257 607 -612.437
1 258 307 -612.437
1 258 330 -612.437
1 258 366 -612.437
1 258 485 -1224.87
1 258 489 -1224.87
1 258 491 -612.437
1 258 493 -612.437
1 258 494 -612.437
1 258 496 -612.437
1 258 497 -612.437
1 258 498 -1837.31
1 258 499 -1224.87
1 258 502 -612.437
1 258 503 -612.437
1 258 529 -1224.87
1 258 531 -612.437
1 258 532 -612.437
1 258 533 -1224.87
1 258 535 -612.437
1 258 546 -612.437
1 258 550 -612.437
1 258 556 -1224.87
1 258 564 -612.437
1 258 576 -612.437
1 258 583 -612.437
1 258 584 -1837.31
1 258 586 -1837.31
1 258 594 -1837.31
1 258 606 -3062.19
1 258 607 -612.437
1 259 346 -612.437
1 259 369 -1224.87
1 259 402 -612.437
1 259 444 -612.437
1 259 456 -612.437
1 259 485 -612.437
1 259 486 -612.437
1 259 488 -612.437
1 259 489 -612.437
1 259 490 -1224.87
1 259 509 -1224.87
1 259 510 -612.437
1 259 522 -612.437
1 259 528 -612.437
1 259 529 -612.437
1 259 531 -612.437
1 259 532 -612.437
1 259 545 -612.437
1 259 549 -612.437
1 259 554 -1224.87
1 259 555 -1224.87
1 259 556 -1837.31
1 259 557 -1837.31
1 259 575 -2449.75
1 259 576 -612.437
1 259 579 -612.437
1 259 584 -612.437
1 259 585 -2449.75
1 259 586 -1224.87
1 260 369 -1224.87
1 260 404 -1224.87
1 260 443 -612.437
1 260 454 -612.437
1 260 485 -612.437
1 260 486 -1224.87
1 260 487 -612.437
1 260 492 -612.437
1 260 499 -612.437
1 260 502 -1224.87
1 260 517 -612.437
1 260 527 -612.437
1 260 545 -1837.31
1 260 548 -612.437
1 260 554 -612.437
1 260 556 -612.437
1 260 567 -612.437
1 260 576 -612.437
1 260 577 -612.437
1 261 397 -612.437
1 261 404 -612.437
1 261 444 -612.437
1 261 483 -612.437
1 261 487 -612.437
1 261 501 -612.437
1 261 502 -612.437
1 261 545 -612.437
1 261 551 -612.437
1 261 552 -612.437
1 261 565 -612.437
1 262 254 -612.437
1 262 353 -1224.87
1 262 369 -612.437
1 262 425 -612.437
1 262 443 -612.437
1 262 458 -612.437
1 262 483 -1224.87
1 262 493 -612.437
1 262 501 -612.437
1 262 502 -612.437
1 262 523 -612.437
1 262 524 -612.437
1 262 535 -612.437
1 262 536 -612.437
1 262 537 -612.437
1 262 542 -612.437
1 262 546 -612.437
1 262 584 -612.437
1 262 587 -612.437
1 263 355 -612.437
1 263 415 -612.437
1 263 484 -612.437
1 263 493 -612.437
1 263 509 -612.437
1 263 522 -612.437
1 263 523 -1224.87
1 263 524 -1224.87
1 263 541 -1224.87
1 263 542 -612.437
1 263 543 -612.437
1 263 546 -1224.87
1 263 576 -612.437
1 263 579 -612.437
1 263 581 -2449.75
1 264 369 -612.437
1 264 379 -612.437
1 264 481 -612.437
1 264 482 -612.437
1 264 493 -612.437
1 264 503 -612.437
1 264 504 -612.437
1 264 516 -612.437
1 264 521 -1837.31
1 264 527 -612.437
1 264 543 -2449.75
1 264 568 -612.437
1 264 575 -612.437
1 264 576 -1224.87
1 265 336 -612.437
1 265 367 -1224.87
1 265 457 -612.437
1 265 459 -612.437
1 265 511 -612.437
1 265 516 -612.437
1 265 520 -612.437
1 265 524 -612.437
1 265 568 -1224.87
1 266 314 -612.437
1 266 413 -612.437
1 266 456 -612.437
1 266 478 -612.437
1 266 481 -612.437
1 266 483 -612.437
1 266 484 -612.437
1 266 485 -612.437
1 266 492 -612.437
1 266 498 -612.437
1 266 505 -612.437
1 266 518 -612.437
1 266 523 -612.437
1 266 543 -612.437
1 266 545 -612.437
1 266 549 -612.437
1 266 555 -612.437
1 267 337 -612.437
1 267 365 -612.437
1 267 381 -612.437
1 267 459 -612.437
1 267 460 -1224.87
1 267 505 -612.437
1 267 507 -612.437
1 267 543 -612.437
1 267 544 -1224.87
1 267 549 -612.437
1 267 553 -1837.31
1 267 562 -612.437
1 268 507 -1224.87
1 268 540 -612.437
1 268 541 -612.437
1 268 542 -1224.87
1 268 543 -2449.75
1 268 544 -1224.87
1 268 549 -612.437
1 268 551 -612.437
1 268 552 -612.437
1 268 553 -612.437
1 269 362 -612.437
1 269 505 -1224.87
1 269 507 -612.437
1 269 528 -612.437
1 269 543 -612.437
1 269 547 -1224.87
1 270 474 -612.437
1 270 475 -1224.87
1 270 479 -612.437
1 270 491 -612.437
1 270 504 -612.437
1 270 507 -612.437
1 270 526 -612.437
1 271 375 -612.437
1 271 388 -612.437
1 271 479 -612.437
1 271 481 -612.437
1 271 487 -612.437
1 271 491 -612.437
1 271 526 -612.437
1 272 469 -612.437
1 272 493 -612.437
1 272 495 -1224.87
1 272 496 -612.437
1 272 502 -612.437
1 272 526 -1837.31
1 273 441 -612.437
1 273 462 -612.437
1 273 526 -612.437
1 275 463 -612.437
1 275 480 -612.437
1 275 502 -612.437
1 275 504 -612.437
1 276 502 -612.437
1 277 393 -612.437
1 279 459 -612.437
1 280 563 -612.437
1 282 434 -612.437
1 282 435 -612.437
1 283 461 -612.437
1 283 482 -612.437
1 283 483 -612.437
1 285 437 -612.437
1 285 482 -612.437
1 285 483 -612.437
1 286 377 -612.437
1 286 464 -612.437
1 288 469 -612.437
1 289 362 -612.437
1 289 443 -612.437
1 292 358 -612.437
1 293 390 -1837.31
1 293 391 -612.437
1 296 390 -612.437
1 301 359 -612.437
1 301 378 -612.437
1 85 106 -612.437
1 92 112 -1224.87
1 93 117 -612.437
1 97 89 -612.437
1 98 101 -612.437
1 99 126 -612.437
1 99 136 -612.437
1 147 119 -6824.4
1 150 114 -14520.0
1 167 186 -23232.0
1 168 169 -53869.2
1 170 169 -8566.8
1 199 225 -17424.0
1 244 234 -33396.0
1 259 541 -145.2
1 265 469 -145.2
1 267 479 -290.4
1 271 361 -7550.4
1 272 454 -5.81
1 291 453 -135958.0
1 293 380 -145.2
1 132 183 -29040.0
1 137 123 -10164.0
1 157 117 -17424.0
1 158 205 -32815.2
1 164 258 -15826.8
1 169 164 -38478.0
1 172 162 -29911.2
1 172 163 -34122.0
1 172 164 -6388.8
1 173 196 -55030.8
1 175 213 -59532.0
1 202 295 -13939.2
1 203 296 -21489.6
1 214 174 -16117.2
1 218 173 -19602.0
1 274 431 -2140070.0
1 285 357 -48206.4
1 289 374 -28894.8
1 143 152 -52998.0
1 143 154 -50965.2
1 151 143 -25264.8
1 167 163 -8276.4
1 189 206 -58080.0
1 237 292 -25961.8
1 245 243 -27733.2
1 248 238 -39494.4
1 289 355 -1887.6
1 149 124 -1161.6
1 149 202 -24393.6
1 151 211 -18876.0
1 154 113 -15391.2
1 158 173 -145.2
1 165 167 -52272.0
1 171 125 -3920.4
1 184 210 -17424.0
1 188 205 -29040.0
1 188 207 -59532.0
1 209 273 -4356.0
1 213 270 -2613.6
1 246 332 -23232.0
1 262 361 -24103.2
1 265 517 -290.4
1 269 365 -145.2
1 270 267 -52562.4
1 271 267 -44866.8
1 277 371 -3484.8
1 296 358 -204732.0
1 297 356 -5372.4
1 297 391 -1016.4
1 299 347 -7260.0
1 155 116 -80295.6
1 211 195 -1597.2
1 223 263 -290.4
1 232 347 -9438.0
1 263 570 -145.2
1 268 366 -145.2
1 286 302 -4356.0
1 292 360 -5227.2
1 293 357 -53433.6
1 295 362 -7260.0
1 297 439 -351548.0
1 132 120 -15246.0
1 134 124 -7695.6
1 134 126 -3194.4
1 135 122 -6534.0
1 145 166 -19166.4
1 153 123 -21199.2
1 155 125 -32234.4
1 158 138 -18876.0
1 158 139 -28023.6
1 158 140 -126469.0
1 160 139 -27297.6
1 163 136 -1742.4
1 181 126 -85377.6
1 189 126 -11761.2
1 224 257 -2758.8
1 281 445 -145.2
1 137 168 -12342.0
1 144 124 -18876.0
1 186 159 -2323.2
1 188 160 -9292.8
1 291 354 -1161.6
