1 62 1 3798.3
1 61 2 3770.7
1 60 3 3749.7
1 59 4 3733.5
1 58 5 3721.5
1 57 6 3713.4
1 56 7 3709.2
1 55 8 3709.0
1 54 9 3713.4
1 53 10 3722.5
1 52 11 3736.7
1 51 12 3755.5
1 49 13 3767.8
1 50 13 3777.1
1 48 14 3789.3
1 47 15 3784.5
1 46 16 3776.7
1 45 17 3766.9
1 45 18 3767.6
1 45 19 3768.3
1 44 20 3756.4
1 44 21 3756.2
1 44 22 3755.5
1 44 23 3754.2
1 44 24 3752.2
1 44 25 3749.4
1 44 26 3745.6
1 44 27 3740.7
1 44 28 3734.5
1 44 29 3727.0
1 44 30 3717.9
1 44 31 3707.0
1 44 32 3694.2
1 44 33 3679.1
1 44 34 3661.5
1 44 35 3641.1
1 44 36 3617.4
1 44 37 3589.8
1 44 38 3557.8
1 44 39 3520.3
1 44 40 3476.1
1 44 41 3422.8
1 43 42 3304.0
1 43 43 3265.0
1 43 44 3203.3
1 42 45 3052.1
1 42 46 2997.6
1 40 47 2765.7
1 41 47 2812.0
1 40 48 2729.6
1 40 49 2663.5
1 40 50 2567.6
1 35 78 4859.7
1 35 79 4888.1
1 34 80 4945.1
1 33 81 5025.5
1 32 82 5089.1
1 31 83 5102.5
1 30 84 5114.2
1 29 85 5123.1
1 28 86 5145.4
1 27 87 5164.2
1 26 88 5190.3
1 25 89 5217.8
1 25 90 5254.2
1 24 91 5241.3
1 24 92 5256.5
1 24 93 5293.6
1 24 94 5330.6
1 23 95 5345.7
1 23 96 5386.0
1 23 97 5422.3
1 22 98 5430.3
1 22 99 5471.4
1 22 100 5508.4
1 22 101 5545.7
1 21 102 5566.0
1 21 103 5611.1
1 20 104 5633.2
1 20 105 5675.7
1 19 106 5707.7
1 19 107 5752.1
1 18 108 5788.7
1 18 109 5828.5
1 17 110 5747.7
1 17 111 5758.8
1 17 112 5868.1
1 65 109 6030.5
1 66 109 6027.0
1 67 109 5976.4
1 68 109 5941.6
1 69 109 5951.1
1 62 110 5964.5
1 63 110 6002.2
1 64 110 6023.1
1 70 110 6040.0
1 60 111 5859.4
1 61 111 5880.9
1 71 111 6106.0
1 37 112 5647.1
1 38 112 5707.3
1 39 112 5768.9
1 40 112 5814.4
1 41 112 5851.4
1 42 112 5873.4
1 43 112 5884.6
1 44 112 5893.7
1 45 112 5900.9
1 46 112 5910.4
1 47 112 5919.3
1 48 112 5936.9
1 55 112 5739.6
1 56 112 5761.3
1 57 112 5778.4
1 58 112 5795.2
1 59 112 5810.1
1 72 112 6143.0
1 16 113 5956.8
1 33 113 5631.7
1 34 113 5615.1
1 35 113 5599.2
1 36 113 5578.7
1 49 113 5930.6
1 50 113 5908.4
1 51 113 5855.3
1 52 113 5800.7
1 53 113 5744.1
1 54 113 5707.4
1 73 113 6175.3
1 16 114 6015.9
1 29 114 5721.3
1 30 114 5696.1
1 31 114 5668.3
1 32 114 5633.3
1 74 114 6198.4
1 75 114 6202.5
1 16 115 6072.6
1 25 115 5833.0
1 26 115 5810.2
1 27 115 5781.0
1 28 115 5741.0
1 76 115 6234.3
1 16 116 6127.9
1 21 116 5975.7
1 22 116 5990.6
1 23 116 5903.4
1 24 116 5863.2
1 77 116 6249.5
1 78 116 6247.6
1 79 116 6260.2
1 16 117 6182.1
1 20 117 6023.7
1 80 117 6281.1
1 81 117 6279.2
1 82 117 6258.6
1 83 117 6231.1
1 84 117 6202.0
1 16 118 6219.5
1 17 118 6185.7
1 18 118 6138.6
1 19 118 6085.1
1 85 118 6131.5
1 85 119 6089.7
1 86 120 6072.5
1 86 121 6095.2
1 86 122 6120.0
1 86 123 6137.3
1 86 124 6149.7
1 86 125 6159.3
1 86 126 6166.4
1 86 127 6170.1
1 86 128 6170.7
1 86 129 6169.0
1 86 130 6166.3
1 86 131 6162.1
1 86 132 6155.2
1 86 133 6146.5
1 86 134 6134.7
1 86 135 6118.8
1 86 136 6099.7
1 85 137 6050.6
1 85 138 6037.7
1 84 139 6032.8
1 83 140 6073.8
1 82 141 6157.7
1 82 142 6174.0
1 81 143 6226.7
1 80 144 6287.2
1 79 145 6356.2
1 78 146 6419.8
1 77 147 6487.1
1 76 148 6559.0
1 75 149 6636.4
1 75 150 6700.7
1 75 151 6761.3
1 75 152 6821.9
1 75 153 6868.8
1 76 154 6862.0
1 77 154 6849.2
1 78 154 6839.0
1 79 155 6827.7
1 80 155 6815.1
1 81 156 6797.5
1 82 157 6771.0
1 82 158 6748.6
1 83 158 6734.5
1 84 159 6704.6
1 84 160 6676.8
1 84 161 6652.4
1 84 162 6628.5
1 85 163 6603.4
1 86 164 6574.0
1 87 165 6537.0
1 88 166 6502.2
1 89 167 6468.6
1 90 168 6387.2
1 90 169 6337.2
1 91 170 6269.8
1 92 171 6198.4
1 93 172 6167.7
1 94 173 6141.2
1 94 174 6138.8
1 95 175 6123.4
1 95 176 6109.0
1 95 177 6113.7
1 95 178 6120.7
1 95 179 6126.0
1 96 180 5954.7
1 97 181 5971.7
1 98 182 5989.2
1 99 183 6006.7
1 100 184 6022.5
1 101 185 6037.9
1 102 185 6046.3
1 103 185 6061.9
1 104 186 6096.3
1 105 186 6097.4
1 106 187 6100.6
1 107 188 6096.4
1 108 189 5914.1
1 108 190 5916.1
1 108 191 5917.1
1 108 192 5916.7
1 108 193 5912.5
1 107 194 5707.4
1 107 195 5703.4
1 107 196 5695.6
1 107 197 5685.3
1 107 198 5673.3
1 106 199 5634.9
1 106 200 5622.0
1 105 201 5576.1
1 105 202 5562.9
1 104 203 5522.4
1 104 204 5513.7
1 104 205 5498.7
1 104 206 5477.3
1 104 207 5444.2
1 98 208 5460.6
1 99 208 5470.7
1 100 208 5483.1
1 101 208 5496.0
1 102 208 5513.7
1 103 208 5542.4
1 97 209 5451.3
1 97 210 5450.1
1 97 211 5446.0
1 97 212 5440.7
1 96 213 5424.1
1 95 214 5416.7
1 95 215 5415.4
1 94 216 5408.0
1 94 217 5407.1
1 94 218 5406.4
1 95 219 5410.6
1 96 220 5414.1
1 97 221 5418.0
1 97 222 5416.9
1 98 223 5420.2
1 98 224 5418.8
1 99 225 5422.9
1 99 226 5421.0
1 100 227 5242.1
1 128 227 5398.5
1 129 227 5461.6
1 101 228 5248.0
1 107 228 5142.9
1 108 228 5167.8
1 109 228 5196.4
1 110 228 5228.4
1 111 228 5263.1
1 125 228 5283.4
1 126 228 5309.8
1 127 228 5318.0
1 130 228 5187.6
1 131 228 5194.1
1 132 228 5188.2
1 133 228 5189.3
1 134 228 5195.5
1 135 228 5209.9
1 136 228 5226.9
1 137 228 5240.2
1 138 228 5267.0
1 102 229 5252.8
1 106 229 5280.7
1 112 229 5117.3
1 118 229 5143.6
1 119 229 5162.0
1 120 229 5177.9
1 121 229 5192.0
1 122 229 5203.3
1 123 229 5212.7
1 124 229 5215.2
1 139 229 5340.3
1 103 230 5256.3
1 104 230 5258.9
1 105 230 5261.9
1 113 230 5133.9
1 114 230 5125.4
1 115 230 5121.1
1 116 230 5118.6
1 117 230 5110.7
1 140 230 5307.1
1 139 231 5374.7
1 137 232 5411.3
1 138 232 5410.6
1 136 233 5414.6
1 135 234 5407.4
1 133 235 5374.7
1 134 235 5388.0
1 132 236 5357.8
1 130 237 5314.5
1 131 237 5329.7
1 129 238 5303.3
1 128 239 5287.2
1 127 240 5267.3
1 127 241 5257.5
1 127 242 5244.6
1 128 243 5252.9
1 129 244 5251.2
1 129 245 5238.5
1 130 246 5234.7
1 131 246 5233.6
1 132 246 5236.5
1 133 246 5245.8
1 134 246 5263.2
1 135 246 5289.6
1 136 246 5316.8
1 137 246 5336.8
1 138 246 5358.8
1 139 247 5409.5
1 140 247 5434.0
1 141 247 5471.5
1 142 247 5514.8
1 143 248 5577.8
1 144 249 5671.3
1 144 250 5698.1
1 145 251 5749.9
1 145 252 5775.5
1 145 253 5795.8
1 146 254 5829.1
1 146 255 5826.5
1 146 256 5820.5
1 146 257 5812.6
1 146 258 5802.4
1 146 259 5790.6
1 146 260 5777.2
1 146 261 5764.9
1 146 262 5751.7
1 146 263 5738.5
1 146 264 5728.4
1 146 265 0.0
1 147 266 5482.8
1 147 267 5453.7
1 147 268 5428.8
1 147 269 5389.1
1 147 270 5356.1
1 148 271 5306.0
1 148 272 5279.2
1 148 273 5252.1
1 148 274 5230.3
1 149 274 5215.4
1 149 275 5175.8
1 149 276 5143.6
1 149 277 5091.0
1 149 278 5036.4
1 150 279 5132.7
1 150 280 5087.7
1 150 281 5046.5
1 150 282 5016.2
1 151 283 4932.5
1 151 284 4888.7
1 151 285 4855.4
1 152 286 4761.4
1 152 287 4706.8
1 152 288 4662.5
1 152 289 4628.0
1 153 290 4722.8
1 153 291 4696.3
1 153 292 4704.2
1 154 293 4715.0
1 154 294 4726.6
1 154 295 4736.1
1 154 296 4742.2
1 155 297 4760.1
1 155 298 4763.9
1 156 299 4586.8
1 157 299 4593.1
1 158 299 4602.6
1 159 299 4615.1
1 160 299 4631.1
1 161 299 4650.5
1 162 300 4681.7
1 162 301 4684.5
1 162 302 4683.6
1 162 303 4681.0
1 162 304 4678.3
1 163 305 4857.4
1 163 306 4848.4
1 163 307 4838.6
1 163 308 4829.3
1 163 309 4823.2
1 164 310 5039.4
1 165 311 5081.0
1 166 312 5152.7
1 167 313 5211.3
1 168 314 5244.2
1 168 315 5076.7
1 168 316 5081.0
1 169 316 5088.5
1 169 317 5094.3
1 170 317 5104.1
1 171 318 5105.2
1 171 319 5081.8
1 172 320 5033.9
1 172 321 4986.4
1 172 322 4938.1
1 172 323 4887.1
1 172 324 4847.4
1 173 325 4845.9
1 173 326 4849.5
1 173 327 4851.3
1 174 328 4860.7
1 174 329 4862.3
1 174 330 4863.3
1 175 331 4867.8
1 176 331 4871.8
1 177 331 4877.7
1 178 332 4887.1
1 179 333 4889.7
1 179 334 4886.6
1 179 335 4883.5
1 180 336 4881.0
1 181 337 4872.5
1 181 338 4867.8
1 187 338 4741.0
1 188 338 4762.1
1 189 338 4779.7
1 190 338 4793.4
1 182 339 4858.5
1 186 339 4873.5
1 191 339 4797.0
1 192 339 5216.0
1 182 340 4852.5
1 186 340 4857.8
1 193 340 5215.3
1 182 341 4848.9
1 186 341 4847.8
1 194 341 5215.2
1 195 341 5216.8
1 183 342 4845.3
1 184 342 4845.1
1 185 342 4844.6
1 186 342 4843.5
1 196 342 5216.5
1 196 343 5214.4
1 197 344 5213.3
1 198 345 5210.9
1 199 346 5208.8
1 200 346 5210.4
1 201 346 5212.6
1 202 346 5214.7
1 203 346 5215.5
1 204 346 4470.86
1 205 347 5199.5
1 206 347 5193.3
1 207 348 5398.8
1 207 349 5496.1
1 207 350 5637.0
1 206 351 5696.9
1 205 352 5701.7
1 205 353 5706.2
1 205 354 5711.2
1 206 355 5734.1
1 206 356 5742.3
1 207 357 5767.0
1 208 357 5784.2
1 209 358 5465.4
1 210 359 5522.7
1 211 359 5550.7
1 212 360 5470.5
1 212 361 5507.7
1 208 362 5529.9
1 209 362 5534.6
1 210 362 5541.7
1 211 362 5547.4
1 207 363 5526.1
1 206 364 5520.7
1 206 365 5522.0
1 206 366 5522.2
1 206 367 5521.4
1 206 368 5520.4
1 206 369 5519.2
1 207 369 5525.6
1 208 369 5542.1
1 209 369 5563.8
1 210 369 5588.2
1 211 369 5618.5
1 212 369 5654.9
1 213 369 5699.1
1 214 370 5595.6
1 215 370 5629.4
1 216 372 5626.7
1 214 373 5263.1
1 215 373 5351.3
1 214 374 5220.0
1 213 375 5270.2
1 212 376 5247.8
1 211 377 5194.7
1 211 378 5183.6
1 211 379 5178.1
1 211 380 5180.2
1 211 381 5189.3
1 211 382 5243.7
1 211 383 5293.5
1 212 384 45000.0
1 212 385 45000.0
1 212 386 45000.0
1 212 387 45000.0
1 212 388 45000.0
1 212 389 45000.0
1 212 390 45000.0
1 212 391 45000.0
1 212 392 45000.0
1 212 393 45000.0
1 213 394 45000.0
1 213 395 45000.0
1 213 396 45000.0
1 213 397 45000.0
1 213 398 45000.0
1 213 399 45000.0
1 213 400 45000.0
1 213 401 45000.0
1 213 402 45000.0
1 214 403 45000.0
1 214 404 45000.0
1 214 405 45000.0
1 214 406 45000.0
1 214 407 45000.0
1 214 409 45000.0
1 214 410 45000.0
1 214 411 45000.0
1 214 412 45000.0
1 214 413 45000.0
1 214 414 45000.0
1 214 415 45000.0
1 215 416 45000.0
1 215 417 45000.0
1 227 417 45000.0
1 228 417 45000.0
1 229 417 45000.0
1 216 418 45000.0
1 226 418 45000.0
1 230 418 45000.0
1 217 419 45000.0
1 218 419 45000.0
1 219 419 45000.0
1 220 419 45000.0
1 221 419 45000.0
1 222 419 45000.0
1 223 419 45000.0
1 224 419 45000.0
1 225 419 45000.0
1 229 419 45000.0
1 229 420 45000.0
1 226 421 45000.0
1 227 421 45000.0
1 228 421 45000.0
1 224 422 45000.0
1 225 422 45000.0
1 224 423 45000.0
1 224 424 45000.0
1 225 424 45000.0
1 226 424 45000.0
1 227 424 45000.0
1 228 424 45000.0
1 229 425 45000.0
1 229 426 45000.0
1 229 427 45000.0
1 229 428 45000.0
1 229 429 45000.0
1 228 430 45000.0
1 228 431 45000.0
1 228 432 45000.0
1 228 433 45000.0
1 228 434 45000.0
1 228 435 45000.0
1 229 435 45000.0
1 230 436 45000.0
1 230 437 45000.0
1 230 438 45000.0
1 230 439 45000.0
1 230 440 45000.0
1 230 441 45000.0
1 230 442 45000.0
1 230 443 45000.0
1 230 444 45000.0
1 230 445 45000.0
1 230 446 45000.0
1 230 447 45000.0
1 230 448 45000.0
1 230 449 45000.0
1 230 450 45000.0
1 230 451 45000.0
1 230 452 45000.0
1 230 453 45000.0
1 230 454 45000.0
1 230 455 45000.0
1 230 456 45000.0
1 231 457 45000.0
1 231 458 45000.0
1 231 459 45000.0
1 231 460 45000.0
1 232 461 45000.0
1 232 462 45000.0
1 232 463 45000.0
1 232 464 45000.0
1 233 464 45000.0
1 234 464 45000.0
1 235 464 45000.0
1 236 464 45000.0
1 237 464 45000.0
1 238 464 45000.0
1 239 465 45000.0
1 239 466 45000.0
1 239 467 5337.1
1 238 468 5337.1
1 238 469 5337.1
1 238 470 5337.1
1 239 471 5337.1
1 240 471 5337.1
1 241 472 5337.1
1 242 472 5337.1
1 243 472 5337.1
1 244 473 5337.1
1 245 474 5337.1
1 246 475 5337.1
1 246 476 5337.1
1 246 477 5337.1
1 246 478 5337.1
1 246 479 5337.1
1 246 480 5337.1
1 245 481 5337.1
1 245 482 5337.1
1 244 483 5337.1
1 243 484 5337.1
1 243 485 5337.1
1 243 486 5337.1
1 243 487 5337.1
1 243 488 5337.1
1 243 489 5337.1
1 242 490 5337.1
1 242 491 5337.1
1 241 492 5337.1
1 241 493 5337.1
1 240 494 5337.1
1 239 495 5337.1
1 238 496 5337.1
1 235 497 5337.1
1 236 497 5337.1
1 237 497 5337.1
1 233 498 5337.1
1 234 498 5337.1
1 233 499 5337.1
1 232 500 5337.1
1 231 501 5337.1
1 231 502 5337.1
1 231 503 5337.1
1 231 504 5337.1
1 231 505 5337.1
1 231 506 5337.1
1 231 507 5337.1
1 231 508 5337.1
1 231 509 5337.1
1 231 510 5337.1
1 231 511 5337.1
1 231 512 5337.1
1 231 513 5337.1
1 231 514 5337.1
1 231 515 5337.1
1 232 516 5337.1
1 232 517 5337.1
1 232 518 5337.1
1 233 519 5337.1
1 233 520 5337.1
1 233 521 5337.1
1 234 522 5337.1
1 234 523 5337.1
1 235 524 5337.1
1 235 525 5337.1
1 236 525 5337.1
1 237 525 5337.1
1 238 525 5337.1
1 239 526 5337.1
1 239 527 5337.1
1 240 528 5437.9
1 240 529 5453.1
1 241 530 5519.7
1 241 531 5549.7
1 241 532 5566.6
1 241 533 5578.1
1 241 534 5586.4
1 242 535 5064.8
1 242 536 5076.1
1 243 536 5094.1
1 244 536 5126.6
1 245 536 5155.2
1 246 537 5210.6
1 246 538 5227.7
1 247 539 5267.6
1 248 540 5303.1
1 249 540 5315.2
1 250 540 5331.6
1 251 541 5365.2
1 250 544 5398.8
1 251 544 5401.1
1 245 545 5344.2
1 246 545 5355.4
1 247 545 5374.0
1 248 545 5387.7
1 249 545 5393.2
1 243 546 5317.7
1 244 546 5321.7
1 243 547 5318.4
1 242 548 5314.5
1 242 549 5314.8
1 241 550 5308.6
1 241 551 5306.9
1 240 552 5296.5
1 239 553 5285.5
1 238 554 0.0
1 237 555 5249.9
1 236 556 5248.8
1 236 557 5248.8
1 232 558 5189.1
1 233 558 5186.1
1 234 558 5193.8
1 235 558 5197.3
1 232 559 5201.2
1 231 560 5201.4
1 231 561 5209.8
1 231 562 5216.5
1 231 563 5221.6
1 231 564 5222.9
1 230 565 5389.7
1 230 566 5382.9
1 230 567 5372.0
1 230 568 5359.6
1 215 371 5678.1
1 39 51 6043.2
1 39 52 5967.8
1 38 53 5714.5
1 38 54 5641.8
1 37 55 5375.6
1 36 56 5152.8
1 35 57 4950.0
1 35 58 4889.0
1 35 59 4787.7
1 35 60 8397.7
1 35 61 8262.3
1 35 62 8125.5
1 35 63 7985.2
1 35 64 7841.2
1 35 65 7693.4
1 35 66 7542.6
1 35 67 7395.4
1 35 68 7276.3
1 36 69 10770.0
1 36 70 10502.6
1 36 71 10250.3
1 36 72 10007.1
1 36 73 9772.1
1 36 74 9559.1
1 36 75 9377.7
1 36 76 9287.9
1 36 77 9255.2
1 230 569 5347.0
1 230 570 5333.5
1 230 571 5317.4
1 230 572 5306.0
1 230 573 5316.9
1 230 574 5332.4
1 230 575 5342.6
1 230 576 5344.7
1 230 577 5179.6
1 230 578 5212.8
1 230 579 5245.9
1 230 580 5275.3
1 230 581 5278.4
1 230 582 5283.8
1 230 583 5286.3
1 230 584 5285.4
1 230 585 5282.0
1 230 586 5277.4
1 230 587 5271.3
1 230 588 5267.4
1 229 589 5251.5
1 229 590 5242.2
1 228 591 5219.5
1 228 592 5203.8
1 228 593 5186.5
1 228 594 5164.3
1 227 595 5120.1
1 227 596 5096.9
1 227 597 5068.8
1 227 598 5035.6
1 227 599 4786.4
1 226 600 4700.2
1 226 601 4698.2
1 226 602 4696.9
1 226 603 4697.6
1 225 604 4268.5
1 224 605 4268.5
1 223 606 4290.4
1 222 607 4310.8
1 223 605 4275.0
1 114 114 -20328.0
1 117 120 -695.637
1 121 111 -1742.4
1 121 113 -2178.0
1 124 115 -1306.8
1 125 116 -1016.4
1 126 120 -4356.0
1 129 121 -17133.6
1 130 122 -695.637
1 133 112 -33831.6
1 135 194 -695.637
1 138 201 -17714.4
1 139 168 -5953.2
1 140 168 -10454.4
1 141 191 -29330.4
1 143 126 -43560.0
1 143 172 -12632.4
1 143 190 -21344.4
1 144 166 -17569.2
1 144 172 -21925.2
1 144 182 -16407.6
1 144 190 -15100.8
1 145 161 -45012.0
1 145 164 -1016.4
1 146 117 -23522.4
1 146 188 -290.4
1 146 190 -5082.0
1 147 132 -34848.0
1 147 145 -695.637
1 148 123 -145.2
1 148 167 -25555.2
1 148 176 -695.637
1 148 196 -71293.2
1 149 145 -37026.0
1 149 146 -42108.0
1 150 124 -5082.0
1 150 128 -290.4
1 150 141 -5662.8
1 150 198 -101350.0
1 151 142 -47916.0
1 151 195 -45447.6
1 152 123 -19602.0
1 152 125 -695.637
1 152 132 -695.637
1 152 172 -290.4
1 153 111 -15100.8
1 153 133 -435.6
1 153 142 -34993.2
1 153 192 -36735.6
1 154 125 -726.0
1 154 171 -23782.4
1 154 249 -30056.4
1 155 112 -21780.0
1 155 129 -12196.8
1 155 141 -28894.8
1 156 129 -141425.0
1 156 146 -16262.4
1 157 116 -9438.0
1 157 135 -31157.3
1 157 140 -22651.2
1 157 251 -53143.2
1 158 125 -726.0
1 158 133 -14489.6
1 158 137 -27297.6
1 158 181 -76956.0
1 159 119 -29620.8
1 159 173 -15100.8
1 160 116 -19311.6
1 160 119 -9002.4
1 161 125 -3920.4
1 161 129 -1016.4
1 161 131 -4210.8
1 161 140 -580.8
1 161 188 -12342.0
1 162 119 -3775.2
1 162 121 -48787.2
1 162 128 -262086.0
1 162 132 -16988.4
1 162 140 -726.0
1 162 167 -145.2
1 162 169 -14810.4
1 163 137 -19456.8
1 163 138 -695.637
1 163 139 -580.8
1 163 171 -9002.4
1 164 135 -22506.0
1 164 187 -42108.0
1 165 130 -15391.2
1 165 131 -1016.4
1 166 126 -16262.4
1 167 125 -36880.8
1 167 259 -2904.0
1 168 123 -726.0
1 168 208 -9292.8
1 169 127 -435.6
1 169 163 -23522.4
1 170 131 -4936.8
1 170 132 -44576.4
1 170 163 -36009.6
1 171 130 -4501.2
1 171 131 -6679.2
1 171 132 -3339.6
1 172 130 -210685.0
1 172 218 -34848.0
1 173 224 -2178.0
1 174 123 -7550.4
1 174 135 -7260.0
1 175 134 -30056.4
1 175 204 -8276.4
1 176 176 -1016.4
1 176 202 -10018.8
1 177 133 -55466.4
1 177 211 -18440.4
1 178 164 -13939.2
1 178 261 -8131.2
1 179 181 -48932.4
1 179 183 -10890.0
1 179 210 -1887.6
1 180 208 -33250.8
1 183 184 -96993.6
1 184 246 -3630.0
1 187 200 -21780.0
1 187 281 -13648.8
1 188 198 -27878.4
1 188 209 -37752.0
1 188 240 -94380.0
1 188 258 -49948.8
1 189 282 -8421.6
1 190 281 -36445.2
1 191 191 -62436.0
1 191 281 -37171.2
1 193 256 -1887.6
1 193 260 -15478.3
1 195 276 -580.8
1 197 204 -7986.0
1 197 252 -6243.6
1 198 297 -5082.0
1 198 298 -695.637
1 199 211 -14665.2
1 199 231 -25119.6
1 199 298 -695.637
1 200 298 -695.637
1 201 234 -5808.0
1 203 275 -40801.2
1 203 280 -7260.0
1 204 248 -13489.1
1 205 300 -695.637
1 206 196 -14955.6
1 206 266 -30201.6
1 206 286 -2904.0
1 206 300 -1391.27
1 210 264 -8421.6
1 211 255 -184985.0
1 211 332 -5851.56
1 212 226 -2758.8
1 212 258 -48351.6
1 213 264 -145.2
1 213 300 -22506.0
1 214 240 -76665.6
1 216 238 -82183.2
1 216 267 -23377.2
1 217 264 -21780.0
1 217 365 -871.2
1 219 310 -8276.4
1 221 223 -2032.8
1 221 246 -145.2
1 221 284 -16040.2
1 222 352 -4707.2
1 222 358 -1742.4
1 222 369 -2758.8
1 223 271 -13213.2
1 224 301 -22215.6
1 224 374 -6338.25
1 226 311 -5082.0
1 226 331 -38733.0
1 226 350 -256.86
1 226 365 -6054.84
1 226 382 -10968.5
1 227 270 -16262.4
1 228 225 -1161.6
1 230 255 -46754.4
1 230 361 -25119.6
1 230 370 -3920.4
1 231 401 -695.637
1 232 256 -3775.2
1 232 364 -116.6
1 232 370 -8.02
1 233 337 -695.637
1 233 376 -5137.4
1 233 394 -1391.27
1 233 399 -119064.0
1 234 304 -4186.12
1 234 393 -695.637
1 235 367 -14985.6
1 235 400 -580.8
1 235 605 -1.49
1 235 609 -4566.22
1 236 263 -17569.2
1 236 351 -14520.0
1 236 609 -7.26
1 237 237 -36445.2
1 237 316 -26668.1
1 237 357 -2357.24
1 237 389 -695.637
1 238 221 -3484.8
1 238 398 -261.36
1 238 605 -3478.18
1 238 609 -1460.97
1 239 250 -18730.8
1 239 338 -10744.8
1 239 361 -4646.4
1 239 426 -290.4
1 239 605 -3478.18
1 239 606 -2086.91
1 239 619 -695.637
1 240 380 -695.637
1 240 426 -695.637
1 240 608 -2782.55
1 241 335 -29185.2
1 241 342 -24538.8
1 241 358 -1016.4
1 241 604 -695.637
1 242 311 -5851.56
1 243 357 -10309.2
1 243 371 -9218.23
1 243 389 -2613.6
1 243 422 -145.2
1 243 431 -489.93
1 243 605 -3478.18
1 244 431 -1701.99
1 244 605 -4173.82
1 244 621 -1391.27
1 245 234 -7114.8
1 245 238 -43124.4
1 245 308 -18150.0
1 245 322 -1533.31
1 245 337 -986.0369999999999
1 245 621 -695.637
1 246 321 -3798.43
1 246 618 -2086.91
1 247 344 -695.637
1 247 383 -10567.5
1 247 384 -3031880.0
1 247 424 -31653.6
1 248 251 -88808.1
1 248 405 -1742.4
1 248 424 -31653.6
1 248 436 -1452.0
1 248 442 -580.8
1 248 444 -13949.7
1 248 589 -7405.2
1 249 373 -695.637
1 249 389 -1306.8
1 249 424 -32349.2
1 249 430 -26500.1
1 249 436 -3811.68
1 249 443 -2669.39
1 249 456 -894.43
1 249 606 -3478.18
1 250 239 -5227.2
1 250 326 -2180.9
1 250 424 -32349.2
1 250 425 -262667.0
1 250 431 -48554.9
1 250 595 -2086.91
1 251 300 -34848.0
1 251 333 -1103.52
1 251 356 -22797.0
1 251 408 -827.35
1 251 456 -840.837
1 251 457 -44.19
1 251 594 -695.637
1 251 595 -726.127
1 251 596 -1391.27
1 252 230 -15391.2
1 252 285 -8421.6
1 252 329 -31142.8
1 252 450 -1161.6
1 252 595 -695.637
1 252 606 -695.637
1 253 298 -4815.33
1 253 331 -12839.5
1 253 332 -17495.5
1 253 416 -145.2
1 253 420 -6770.45
1 253 445 -191.61
1 253 585 -207.35
1 253 606 -290.4
1 254 338 -580.8
1 254 367 -1016.4
1 254 407 -47529.7
1 254 597 -695.637
1 254 607 -695.637
1 255 381 -37897.2
1 255 383 -49658.4
1 255 388 -24248.4
1 255 395 -1742.4
1 255 420 -13046.5
1 255 439 -33976.8
1 255 443 -55036.4
1 255 595 -695.637
1 255 596 -695.637
1 255 606 -695.637
1 255 609 -1391.27
1 255 610 -50847.6
1 256 314 -10018.8
1 256 335 -145.2
1 256 341 -2323.2
1 256 370 -5856.3
1 256 413 -1887.6
1 256 586 -83518.7
1 256 593 -2782.55
1 257 238 -4936.8
1 257 324 -6714.06
1 257 413 -2468.4
1 257 576 -5282.63
1 257 599 -846.32
1 257 600 -66792.0
1 258 325 -8008.23
1 258 336 -3505.13
1 258 418 -128485.0
1 258 420 -134284.0
1 258 442 -584728.0
1 258 464 -35864.4
1 258 585 -4173.82
1 258 595 -1391.27
1 258 601 -113256.0
1 258 602 -62363.3
1 259 340 -50789.6
1 259 371 -96.91
1 259 405 -74609.5
1 259 588 -32772.8
1 259 592 -1917.64
1 259 593 -923.987
1 260 342 -13503.6
1 260 349 -580.8
1 260 358 -5517.6
1 260 407 -3183560.0
1 260 413 -225740.0
1 260 424 -731.81
1 260 461 -2468.4
1 260 463 -36009.6
1 260 464 -35864.4
1 260 585 -52398.4
1 260 586 -28794.9
1 260 587 -108.04
1 261 337 -3194.4
1 261 355 -69841.2
1 261 381 -230867.0
1 261 395 -19183.5
1 261 416 -21054.0
1 261 418 -695.637
1 261 429 -4138.31
1 261 464 -35864.4
1 261 492 -695.637
1 261 571 -2032.8
1 261 576 -31585.6
1 262 345 -145.2
1 262 449 -145.2
1 262 540 -217.31
1 262 564 -5351.67
1 262 567 -41100.2
1 262 568 -23086.8
1 262 570 -27878.4
1 262 571 -726.0
1 263 340 -6679.2
1 263 434 -102163.0
1 263 471 -10018.8
1 263 477 -37752.0
1 263 520 -1391.27
1 263 574 -1161.6
1 263 582 -15449.5
1 264 265 -4356.0
1 264 344 -16117.2
1 264 345 -4501.2
1 264 355 -145.2
1 264 367 -695.637
1 264 383 -28946.3
1 264 407 -4210.8
1 264 428 -200316.0
1 264 468 -29.04
1 264 471 -3339.6
1 264 476 -119935.0
1 264 477 -1742.4
1 264 523 -2086.91
1 264 549 -3402.19
1 265 363 -25264.8
1 265 364 -18010.7
1 265 374 -111924.0
1 265 380 -87.12
1 265 421 -26321.5
1 265 422 -18737.3
1 265 523 -3194.4
1 265 557 -435.6
1 266 337 -695.637
1 266 340 -12051.6
1 266 425 -28552.2
1 266 462 -435.6
1 267 391 -13068.0
1 267 396 -1597.2
1 267 463 -3194.4
1 267 555 -1276.44
1 267 556 -76795.0
1 268 333 -12922.8
1 268 334 -20037.6
1 268 379 -621.0
1 268 436 -1654690.0
1 268 455 -45.01
1 268 479 -290.4
1 268 480 -871.2
1 268 489 -695.637
1 268 545 -116.16
1 269 349 -3920.4
1 269 363 -695.637
1 269 397 -8421.6
1 269 450 -1597.2
1 269 456 -17133.6
1 269 483 -290.4
1 269 541 -695.637
1 269 545 -178.26
1 270 352 -6824.4
1 270 397 -31653.6
1 270 412 -102609.0
1 270 417 -61119.4
1 270 429 -717.29
1 270 470 -6691.91
1 270 481 -695.637
1 270 483 -10262.4
1 270 484 -695.637
1 270 486 -47826.9
1 270 498 -91766.4
1 270 539 -290.4
1 271 319 -65244.4
1 271 335 -726.0
1 271 368 -8421.6
1 271 371 -145.2
1 271 415 -86994.8
1 271 451 -871.2
1 271 485 -26.72
1 271 493 -79652.0
1 271 498 -11325.6
1 271 537 -20328.1
1 272 336 -28458.9
1 272 337 -14.78
1 272 351 -29766.0
1 272 366 -7260.0
1 272 368 -48670.6
1 272 388 -934637.0
1 272 450 -6534.0
1 272 451 -29185.2
1 272 453 -1161.6
1 272 462 -1708220.0
1 272 490 -435.6
1 272 491 -4.36
1 272 497 -66401.8
1 272 498 -1016.4
1 272 530 -19897.8
1 272 532 -33251.4
1 272 535 -1893.08
1 273 363 -726.0
1 273 392 -33.79
1 273 410 -7840.8
1 273 417 -234217.0
1 273 426 -450142.0
1 273 480 -33105.6
1 273 510 -695.637
1 273 516 -27657.3
1 273 517 -503495.0
1 273 518 -349.24
1 274 409 -3775.2
1 274 520 -1161.6
1 274 523 -4791.6
1 275 367 -143893.0
1 275 441 -632162.0
1 275 450 -57934.8
1 275 506 -145.2
1 276 364 -4210.8
1 276 366 -69550.8
1 276 392 -145.2
1 276 446 -2468.4
1 276 474 -21060.1
1 277 294 -63902.6
1 277 390 -11616.0
1 277 407 -576396.0
1 277 431 -22651.8
1 277 468 -145.2
1 277 472 -5067.86
1 277 480 -26710.8
1 277 482 -145.2
1 278 365 -32524.8
1 278 435 -92.52
1 278 482 -3775.2
1 279 310 -14547.8
1 279 336 -9292.8
1 279 388 -174027.0
1 279 433 -168783.0
1 279 438 -704881.0
1 279 449 -2178.0
1 279 450 -373600.0
1 279 475 -126128.0
1 279 485 -16698.0
1 280 365 -4356.0
1 280 433 -28886.5
1 280 442 -871.2
1 280 469 -4770.4
1 280 471 -48882.8
1 281 386 -52958.5
1 281 388 -146468.0
1 281 458 -2309600.0
1 282 409 -5517.6
1 282 424 -3484.8
1 282 430 -145.2
1 282 436 -3455.46
1 282 454 -224.06
1 282 457 -120.39
1 283 335 -393783.0
1 283 354 -15246.0
1 283 429 -322925.0
1 283 449 -289537.0
1 283 452 -31404.5
1 283 455 -83727.8
1 283 468 -50469.3
1 284 339 -49528.1
1 284 457 -6243.6
1 284 463 -422792.0
1 284 481 -2303.76
1 285 306 -14637.4
1 285 336 -2468.4
1 285 374 -1452.0
1 285 467 -140492.0
1 285 475 -10336.1
1 286 330 -1227.83
1 286 425 -455496.0
1 286 475 -11984.1
1 286 477 -373589.0
1 287 329 -9337.39
1 287 388 -66026.9
1 287 424 -15246.0
1 287 426 -184258.0
1 287 477 -119470.0
1 288 372 -1281.1
1 288 419 -6679.2
1 288 423 -914.76
1 288 426 -61742.4
1 289 351 -726.0
1 289 404 -214086.0
1 289 459 -48864.8
1 289 468 -3723.96
1 290 374 -127340.0
1 290 382 -202542.0
1 290 402 -5345.89
1 290 411 -5227.2
1 290 412 -1306.8
1 290 413 -18730.8
1 290 420 -569.47
1 290 477 -120821.0
1 291 350 -726.0
1 291 355 -19194.2
1 291 373 -3194.4
1 291 397 -166019.0
1 291 399 -67506.8
1 291 412 -9873.6
1 291 419 -1358460.0
1 292 327 -43032.8
1 292 361 -12922.8
1 292 365 -18440.4
1 292 416 -3049.2
1 292 469 -25148.1
1 293 355 -2468.4
1 293 440 -145.2
1 294 435 -21634.8
1 294 447 -35971.7
1 294 458 -234217.0
1 295 356 -9192.88
1 295 391 -7260.0
1 295 430 -581750.0
1 295 434 -1.82
1 296 388 -838.97
1 296 398 -3004.14
1 296 406 -131056.0
1 296 433 -871.2
1 297 381 -9147.6
1 297 383 -1306.8
1 297 395 -74888.0
1 297 401 -36717.6
1 297 402 -1960.65
1 297 413 -903854.0
1 297 415 -67663.2
1 297 442 -62706.6
1 298 389 -145.2
1 298 390 -1597.2
1 298 397 -145.2
1 299 354 -1452.0
1 299 355 -1306.8
1 299 387 -1045.44
1 334 405 -24829.2
1 102 110 -695.637
1 102 113 -695.637
1 103 100 -695.637
1 103 104 -695.637
1 104 115 -695.637
1 105 115 -695.637
1 105 139 -695.637
1 108 117 -695.637
1 109 112 -695.637
1 111 155 -695.637
1 111 208 -695.637
1 112 181 -695.637
1 113 111 -695.637
1 113 159 -695.637
1 113 211 -695.637
1 114 173 -695.637
1 114 212 -1391.27
1 115 212 -1391.27
1 116 121 -695.637
1 116 150 -695.637
1 116 166 -695.637
1 117 119 -695.637
1 117 168 -695.637
1 117 210 -695.637
1 119 194 -695.637
1 119 202 -695.637
1 119 96 -695.637
1 120 155 -695.637
1 120 94 -695.637
1 121 187 -695.637
1 123 110 -695.637
1 123 111 -695.637
1 123 158 -695.637
1 123 168 -695.637
1 123 193 -695.637
1 123 202 -1391.27
1 125 150 -695.637
1 125 151 -695.637
1 125 193 -695.637
1 125 194 -695.637
1 126 121 -695.637
1 126 191 -695.637
1 126 195 -695.637
1 127 150 -695.637
1 127 160 -695.637
1 127 169 -695.637
1 127 195 -695.637
1 127 199 -1391.27
1 128 122 -695.637
1 128 148 -695.637
1 128 149 -695.637
1 128 152 -695.637
1 128 153 -695.637
1 128 154 -695.637
1 128 157 -695.637
1 128 199 -695.637
1 129 117 -695.637
1 129 119 -695.637
1 129 122 -695.637
1 129 146 -695.637
1 129 154 -1391.27
1 129 162 -695.637
1 129 176 -695.637
1 130 120 -695.637
1 130 154 -695.637
1 130 155 -695.637
1 130 156 -2086.91
1 130 194 -695.637
1 131 112 -695.637
1 131 121 -695.637
1 131 122 -695.637
1 131 150 -695.637
1 131 156 -695.637
1 131 157 -695.637
1 131 158 -695.637
1 131 161 -1391.27
1 131 198 -695.637
1 132 112 -695.637
1 132 155 -695.637
1 132 156 -695.637
1 132 160 -695.637
1 132 161 -1391.27
1 133 155 -695.637
1 133 159 -695.637
1 133 160 -1391.27
1 133 192 -1391.27
1 133 193 -695.637
1 134 148 -695.637
1 134 150 -695.637
1 134 151 -695.637
1 134 156 -695.637
1 134 191 -695.637
1 134 193 -2782.55
1 135 148 -3478.18
1 135 149 -1391.27
1 135 156 -695.637
1 135 157 -695.637
1 135 193 -2086.91
1 136 147 -695.637
1 136 148 -695.637
1 136 149 -695.637
1 136 150 -1391.27
1 136 153 -695.637
1 136 155 -695.637
1 137 148 -695.637
1 137 150 -695.637
1 137 153 -1391.27
1 137 154 -695.637
1 137 157 -2086.91
1 137 175 -695.637
1 137 206 -695.637
1 138 151 -695.637
1 138 152 -695.637
1 138 153 -2086.91
1 138 168 -695.637
1 138 169 -695.637
1 139 151 -695.637
1 140 138 -695.637
1 140 155 -2782.55
1 140 156 -695.637
1 140 171 -695.637
1 140 180 -695.637
1 141 149 -695.637
1 141 154 -1391.27
1 141 157 -695.637
1 141 171 -695.637
1 141 199 -1391.27
1 142 155 -695.637
1 142 156 -695.637
1 142 157 -695.637
1 142 158 -695.637
1 142 174 -695.637
1 142 179 -695.637
1 142 201 -695.637
1 143 146 -695.637
1 143 157 -2086.91
1 144 142 -1391.27
1 144 173 -695.637
1 145 142 -695.637
1 145 143 -695.637
1 145 151 -695.637
1 145 187 -695.637
1 145 226 -695.637
1 146 140 -695.637
1 146 141 -1391.27
1 146 145 -695.637
1 146 208 -695.637
1 146 229 -695.637
1 146 230 -695.637
1 146 232 -695.637
1 147 139 -2086.91
1 147 140 -695.637
1 147 141 -695.637
1 147 142 -695.637
1 147 229 -695.637
1 147 230 -695.637
1 147 233 -695.637
1 147 239 -695.637
1 147 240 -695.637
1 148 217 -695.637
1 148 221 -695.637
1 149 127 -695.637
1 149 147 -695.637
1 149 154 -695.637
1 149 222 -695.637
1 149 253 -695.637
1 150 160 -695.637
1 150 164 -695.637
1 150 177 -695.637
1 150 227 -695.637
1 150 236 -695.637
1 151 128 -695.637
1 151 228 -695.637
1 152 153 -695.637
1 152 173 -695.637
1 152 176 -695.637
1 152 222 -695.637
1 152 228 -695.637
1 153 126 -695.637
1 153 136 -695.637
1 153 155 -695.637
1 153 232 -695.637
1 153 238 -695.637
1 153 253 -695.637
1 154 126 -695.637
1 154 133 -695.637
1 154 161 -695.637
1 154 172 -695.637
1 154 220 -695.637
1 154 244 -695.637
1 155 170 -1391.27
1 155 216 -695.637
1 155 262 -695.637
1 156 160 -695.637
1 156 211 -695.637
1 156 223 -695.637
1 157 132 -695.637
1 157 133 -695.637
1 157 134 -2086.91
1 157 136 -695.637
1 157 194 -695.637
1 157 207 -695.637
1 157 240 -695.637
1 158 135 -695.637
1 158 248 -695.637
1 159 152 -695.637
1 159 231 -695.637
1 159 240 -695.637
1 159 247 -695.637
1 159 248 -695.637
1 159 250 -695.637
1 159 251 -695.637
1 159 257 -695.637
1 160 133 -695.637
1 160 249 -1391.27
1 160 251 -1391.27
1 160 252 -695.637
1 160 253 -695.637
1 160 262 -695.637
1 161 144 -1391.27
1 161 251 -695.637
1 161 253 -695.637
1 162 137 -1391.27
1 162 252 -1391.27
1 162 253 -695.637
1 163 152 -695.637
1 163 190 -695.637
1 163 236 -695.637
1 164 278 -695.637
1 164 290 -695.637
1 164 299 -695.637
1 165 133 -1391.27
1 165 134 -1391.27
1 165 135 -695.637
1 165 290 -695.637
1 166 131 -695.637
1 166 132 -695.637
1 166 133 -1391.27
1 166 134 -695.637
1 166 135 -695.637
1 166 210 -695.637
1 166 254 -695.637
1 166 255 -695.637
1 167 127 -695.637
1 167 132 -1391.27
1 167 133 -1391.27
1 167 134 -2086.91
1 167 256 -695.637
1 167 288 -695.637
1 167 294 -695.637
1 168 130 -695.637
1 168 131 -695.637
1 168 132 -2782.55
1 168 133 -2782.55
1 168 286 -695.637
1 168 287 -1391.27
1 168 291 -1391.27
1 169 128 -1391.27
1 169 129 -2782.55
1 169 131 -695.637
1 169 132 -3478.18
1 169 133 -2086.91
1 169 134 -6260.73
1 169 135 -695.637
1 169 236 -695.637
1 169 260 -695.637
1 169 271 -695.637
1 169 287 -695.637
1 169 290 -695.637
1 170 133 -2086.91
1 170 134 -8347.64
1 170 136 -695.637
1 170 187 -695.637
1 170 256 -695.637
1 170 287 -695.637
1 170 292 -695.637
1 171 133 -1391.27
1 171 134 -695.637
1 171 136 -3478.18
1 171 290 -695.637
1 172 257 -695.637
1 172 284 -695.637
1 172 295 -1391.27
1 172 311 -695.637
1 173 258 -695.637
1 173 278 -695.637
1 173 290 -695.637
1 173 292 -695.637
1 173 293 -1391.27
1 173 294 -695.637
1 174 124 -695.637
1 174 253 -695.637
1 174 261 -695.637
1 174 270 -695.637
1 174 283 -695.637
1 174 289 -695.637
1 174 293 -695.637
1 175 260 -695.637
1 175 288 -695.637
1 175 292 -1391.27
1 175 293 -695.637
1 175 296 -695.637
1 175 305 -695.637
1 176 274 -695.637
1 176 305 -695.637
1 177 289 -695.637
1 177 290 -695.637
1 178 243 -695.637
1 178 280 -695.637
1 178 285 -695.637
1 178 302 -695.637
1 178 305 -695.637
1 178 306 -695.637
1 178 311 -695.637
1 179 278 -695.637
1 179 285 -695.637
1 180 149 -695.637
1 180 286 -695.637
1 181 297 -695.637
1 181 307 -695.637
1 181 308 -695.637
1 183 242 -695.637
1 183 285 -695.637
1 183 295 -695.637
1 183 308 -695.637
1 183 309 -695.637
1 183 318 -695.637
1 184 263 -695.637
1 184 285 -695.637
1 184 313 -695.637
1 184 319 -695.637
1 185 257 -695.637
1 185 305 -695.637
1 185 306 -695.637
1 185 307 -695.637
1 185 315 -695.637
1 186 255 -695.637
1 186 265 -695.637
1 186 307 -1391.27
1 186 310 -695.637
1 188 262 -695.637
1 188 294 -695.637
1 188 295 -695.637
1 189 295 -695.637
1 189 309 -695.637
1 190 307 -695.637
1 190 308 -695.637
1 190 324 -695.637
1 191 292 -1391.27
1 191 304 -695.637
1 191 305 -695.637
1 192 258 -695.637
1 192 284 -695.637
1 192 304 -695.637
1 192 316 -695.637
1 192 319 -695.637
1 193 262 -695.637
1 193 301 -695.637
1 193 311 -695.637
1 193 313 -1391.27
1 194 284 -695.637
1 194 313 -695.637
1 195 269 -695.637
1 195 287 -695.637
1 195 289 -695.637
1 195 300 -695.637
1 195 311 -695.637
1 195 313 -695.637
1 196 269 -695.637
1 196 275 -695.637
1 196 303 -695.637
1 196 324 -695.637
1 196 333 -695.637
1 197 264 -695.637
1 197 283 -695.637
1 197 300 -695.637
1 197 322 -695.637
1 197 325 -695.637
1 198 242 -695.637
1 198 276 -1391.27
1 198 309 -695.637
1 198 311 -695.637
1 199 283 -695.637
1 199 311 -695.637
1 199 324 -695.637
1 200 280 -695.637
1 200 286 -695.637
1 200 296 -695.637
1 200 299 -695.637
1 200 306 -695.637
1 200 307 -695.637
1 200 312 -695.637
1 200 343 -695.637
1 200 345 -695.637
1 201 257 -695.637
1 202 280 -695.637
1 202 287 -695.637
1 202 297 -695.637
1 202 301 -695.637
1 202 302 -695.637
1 203 215 -695.637
1 203 304 -695.637
1 203 305 -695.637
1 203 309 -695.637
1 203 315 -695.637
1 205 263 -695.637
1 205 303 -695.637
1 205 304 -695.637
1 205 317 -695.637
1 205 318 -695.637
1 205 319 -695.637
1 206 264 -695.637
1 206 270 -695.637
1 206 301 -695.637
1 206 304 -695.637
1 206 315 -695.637
1 206 317 -1391.27
1 207 262 -695.637
1 207 300 -695.637
1 207 301 -1391.27
1 207 303 -695.637
1 207 304 -695.637
1 207 306 -1391.27
1 207 315 -695.637
1 207 317 -695.637
1 208 298 -1391.27
1 208 299 -1391.27
1 208 306 -695.637
1 208 317 -695.637
1 208 328 -695.637
1 209 284 -695.637
1 209 297 -695.637
1 209 302 -695.637
1 210 284 -695.637
1 210 301 -695.637
1 210 302 -695.637
1 210 342 -695.637
1 211 301 -695.637
1 211 321 -695.637
1 212 295 -695.637
1 212 347 -695.637
1 213 226 -695.637
1 213 287 -695.637
1 213 303 -695.637
1 213 329 -695.637
1 214 319 -695.637
1 215 289 -695.637
1 215 311 -695.637
1 215 353 -695.637
1 216 323 -695.637
1 216 341 -695.637
1 217 244 -695.637
1 217 249 -695.637
1 217 351 -695.637
1 218 209 -695.637
1 218 243 -695.637
1 218 292 -695.637
1 218 345 -1391.27
1 221 240 -695.637
1 221 611 -695.637
1 222 254 -695.637
1 222 362 -695.637
1 224 338 -695.637
1 224 359 -695.637
1 225 323 -695.637
1 225 329 -695.637
1 225 332 -695.637
1 225 368 -695.637
1 225 373 -695.637
1 225 378 -695.637
1 225 382 -1391.27
1 226 323 -695.637
1 226 388 -1391.27
1 226 618 -695.637
1 227 315 -695.637
1 228 606 -695.637
1 229 385 -1391.27
1 229 392 -695.637
1 229 393 -695.637
1 229 397 -2782.55
1 229 618 -3478.18
1 230 338 -695.637
1 230 373 -1391.27
1 230 384 -695.637
1 230 392 -1391.27
1 230 393 -2782.55
1 230 396 -695.637
1 230 605 -695.637
1 231 343 -695.637
1 231 383 -695.637
1 231 392 -3478.18
1 231 393 -7652.0
1 231 398 -695.637
1 231 603 -695.637
1 231 607 -1391.27
1 232 259 -695.637
1 232 300 -695.637
1 232 384 -695.637
1 232 389 -695.637
1 232 393 -4173.82
1 232 394 -2782.55
1 232 405 -695.637
1 232 604 -1391.27
1 232 606 -1391.27
1 232 607 -2086.91
1 232 608 -695.637
1 233 373 -695.637
1 233 393 -695.637
1 233 403 -695.637
1 233 406 -2782.55
1 233 601 -1391.27
1 233 602 -695.637
1 234 374 -695.637
1 234 388 -695.637
1 234 389 -695.637
1 234 406 -2086.91
1 234 407 -1391.27
1 234 601 -695.637
1 234 602 -1391.27
1 234 603 -2086.91
1 234 604 -695.637
1 234 605 -1391.27
1 234 606 -695.637
1 234 609 -695.637
1 234 620 -695.637
1 234 621 -695.637
1 235 342 -695.637
1 235 368 -695.637
1 235 389 -695.637
1 235 392 -695.637
1 235 404 -695.637
1 235 406 -695.637
1 235 599 -695.637
1 235 600 -1391.27
1 235 602 -2086.91
1 235 603 -695.637
1 235 606 -695.637
1 235 608 -695.637
1 236 256 -695.637
1 236 359 -695.637
1 236 377 -1391.27
1 236 378 -695.637
1 236 389 -1391.27
1 236 600 -695.637
1 236 601 -695.637
1 236 602 -1391.27
1 236 605 -695.637
1 236 606 -695.637
1 236 607 -695.637
1 236 620 -695.637
1 237 330 -695.637
1 237 377 -695.637
1 237 384 -695.637
1 237 388 -695.637
1 237 605 -1391.27
1 237 606 -2086.91
1 237 607 -1391.27
1 237 608 -3478.18
1 237 609 -2086.91
1 237 620 -695.637
1 238 346 -695.637
1 238 391 -695.637
1 238 410 -695.637
1 238 602 -695.637
1 238 603 -695.637
1 238 606 -3478.18
1 238 607 -4173.82
1 238 608 -2782.55
1 238 610 -695.637
1 239 297 -695.637
1 239 323 -695.637
1 239 404 -695.637
1 239 601 -695.637
1 239 603 -695.637
1 239 607 -1391.27
1 239 608 -2782.55
1 239 609 -2086.91
1 239 610 -1391.27
1 239 615 -1391.27
1 240 267 -695.637
1 240 319 -695.637
1 240 327 -695.637
1 240 352 -695.637
1 240 374 -1391.27
1 240 392 -1391.27
1 240 396 -695.637
1 240 406 -695.637
1 240 603 -695.637
1 240 605 -2086.91
1 240 606 -2782.55
1 240 607 -1391.27
1 240 620 -1391.27
1 240 621 -695.637
1 241 339 -695.637
1 241 352 -695.637
1 241 370 -1391.27
1 241 375 -695.637
1 241 409 -695.637
1 241 577 -695.637
1 241 603 -1391.27
1 241 605 -2086.91
1 241 606 -1391.27
1 241 607 -1391.27
1 241 608 -1391.27
1 241 609 -3478.18
1 241 610 -695.637
1 241 611 -695.637
1 241 620 -695.637
1 241 621 -695.637
1 242 314 -695.637
1 242 318 -695.637
1 242 336 -695.637
1 242 338 -695.637
1 242 339 -695.637
1 242 373 -2086.91
1 242 374 -4173.82
1 242 406 -1391.27
1 242 603 -1391.27
1 242 604 -4869.46
1 242 605 -6260.73
1 242 606 -2086.91
1 242 607 -3478.18
1 242 608 -3478.18
1 242 609 -2086.91
1 242 610 -2086.91
1 242 616 -695.637
1 242 622 -695.637
1 242 623 -2086.91
1 243 366 -695.637
1 243 369 -695.637
1 243 372 -1391.27
1 243 373 -5565.09
1 243 374 -2086.91
1 243 386 -695.637
1 243 391 -695.637
1 243 405 -695.637
1 243 406 -695.637
1 243 407 -1391.27
1 243 409 -695.637
1 243 577 -695.637
1 243 606 -4869.46
1 243 607 -3478.18
1 243 608 -1391.27
1 243 609 -4173.82
1 243 620 -695.637
1 243 622 -1391.27
1 243 623 -5565.09
1 244 371 -695.637
1 244 372 -1391.27
1 244 373 -2086.91
1 244 415 -695.637
1 244 598 -695.637
1 244 606 -2782.55
1 244 607 -695.637
1 244 611 -695.637
1 244 616 -695.637
1 244 622 -695.637
1 244 623 -2782.55
1 244 624 -695.637
1 245 312 -695.637
1 245 315 -695.637
1 245 326 -695.637
1 245 335 -695.637
1 245 338 -695.637
1 245 356 -1391.27
1 245 371 -695.637
1 245 413 -695.637
1 245 586 -695.637
1 245 604 -695.637
1 245 605 -2086.91
1 245 606 -3478.18
1 245 607 -2782.55
1 245 609 -3478.18
1 245 610 -1391.27
1 245 612 -1391.27
1 245 616 -1391.27
1 245 619 -695.637
1 245 620 -1391.27
1 245 622 -695.637
1 246 214 -695.637
1 246 342 -695.637
1 246 356 -695.637
1 246 357 -695.637
1 246 374 -695.637
1 246 413 -695.637
1 246 590 -695.637
1 246 599 -695.637
1 246 600 -4173.82
1 246 605 -2782.55
1 246 606 -4869.46
1 246 607 -2782.55
1 246 610 -695.637
1 246 612 -1391.27
1 246 614 -695.637
1 246 615 -695.637
1 246 623 -695.637
1 247 314 -695.637
1 247 331 -695.637
1 247 367 -1391.27
1 247 368 -3478.18
1 247 387 -1391.27
1 247 413 -695.637
1 247 578 -695.637
1 247 597 -695.637
1 247 598 -4869.46
1 247 599 -4173.82
1 247 600 -6956.37
1 247 601 -6956.37
1 247 605 -1391.27
1 247 609 -1391.27
1 247 610 -1391.27
1 247 611 -2782.55
1 247 612 -2782.55
1 247 613 -1391.27
1 247 618 -1391.27
1 247 619 -695.637
1 247 623 -695.637
1 248 307 -695.637
1 248 367 -695.637
1 248 368 -2782.55
1 248 371 -1391.27
1 248 372 -3478.18
1 248 387 -1391.27
1 248 388 -4173.82
1 248 413 -695.637
1 248 416 -695.637
1 248 529 -695.637
1 248 567 -695.637
1 248 596 -4869.46
1 248 597 -3478.18
1 248 598 -6956.37
1 248 599 -4173.82
1 248 600 -2782.55
1 248 601 -4173.82
1 248 602 -2086.91
1 248 605 -695.637
1 248 608 -695.637
1 248 609 -1391.27
1 248 610 -2086.91
1 248 611 -4173.82
1 248 612 -4173.82
1 248 613 -4869.46
1 248 618 -695.637
1 248 619 -695.637
1 248 620 -695.637
1 248 623 -1391.27
1 249 333 -695.637
1 249 334 -695.637
1 249 365 -1391.27
1 249 366 -2086.91
1 249 367 -695.637
1 249 368 -2086.91
1 249 371 -695.637
1 249 387 -695.637
1 249 388 -695.637
1 249 400 -695.637
1 249 412 -695.637
1 249 567 -695.637
1 249 593 -1391.27
1 249 595 -4173.82
1 249 596 -4869.46
1 249 597 -7652.0
1 249 603 -2086.91
1 249 604 -5565.09
1 249 605 -3478.18
1 249 607 -2782.55
1 249 609 -695.637
1 249 610 -1391.27
1 249 611 -3478.18
1 249 612 -6260.73
1 249 613 -1391.27
1 249 618 -695.637
1 249 623 -695.637
1 250 331 -695.637
1 250 355 -695.637
1 250 365 -1391.27
1 250 366 -3478.18
1 250 367 -2086.91
1 250 368 -695.637
1 250 369 -1391.27
1 250 370 -1391.27
1 250 371 -4173.82
1 250 382 -695.637
1 250 406 -695.637
1 250 413 -695.637
1 250 414 -695.637
1 250 423 -695.637
1 250 436 -695.637
1 250 568 -695.637
1 250 579 -695.637
1 250 591 -695.637
1 250 594 -695.637
1 250 596 -5565.09
1 250 597 -1391.27
1 250 602 -695.637
1 250 603 -4869.46
1 250 604 -4173.82
1 250 605 -2782.55
1 250 607 -695.637
1 250 608 -2086.91
1 250 609 -695.637
1 250 610 -695.637
1 250 613 -695.637
1 251 276 -695.637
1 251 322 -695.637
1 251 365 -2086.91
1 251 366 -6260.73
1 251 367 -1391.27
1 251 368 -1391.27
1 251 371 -695.637
1 251 379 -695.637
1 251 407 -695.637
1 251 414 -695.637
1 251 424 -695.637
1 251 598 -695.637
1 251 604 -695.637
1 251 605 -695.637
1 251 607 -695.637
1 251 610 -695.637
1 252 236 -695.637
1 252 365 -2086.91
1 252 366 -4869.46
1 252 367 -4869.46
1 252 368 -1391.27
1 252 376 -695.637
1 252 412 -695.637
1 252 416 -695.637
1 252 428 -695.637
1 252 506 -695.637
1 252 507 -695.637
1 252 528 -695.637
1 252 534 -695.637
1 252 544 -695.637
1 252 576 -695.637
1 252 591 -1391.27
1 252 596 -1391.27
1 252 597 -1391.27
1 252 598 -695.637
1 252 599 -1391.27
1 252 608 -1391.27
1 252 609 -695.637
1 252 611 -695.637
1 252 620 -695.637
1 253 259 -695.637
1 253 342 -695.637
1 253 363 -695.637
1 253 365 -1391.27
1 253 366 -4173.82
1 253 367 -2782.55
1 253 370 -695.637
1 253 375 -1391.27
1 253 404 -695.637
1 253 433 -1391.27
1 253 506 -695.637
1 253 543 -695.637
1 253 546 -695.637
1 253 547 -695.637
1 253 566 -695.637
1 253 586 -1391.27
1 253 596 -695.637
1 253 597 -2782.55
1 253 601 -695.637
1 253 604 -695.637
1 253 605 -695.637
1 253 614 -2086.91
1 254 366 -1391.27
1 254 478 -695.637
1 254 581 -695.637
1 254 584 -695.637
1 254 585 -4173.82
1 254 586 -3478.18
1 254 587 -2086.91
1 254 588 -2086.91
1 254 589 -2782.55
1 254 598 -695.637
1 254 599 -695.637
1 254 601 -1391.27
1 254 604 -1391.27
1 254 605 -695.637
1 254 606 -695.637
1 254 611 -695.637
1 255 341 -695.637
1 255 346 -695.637
1 255 371 -695.637
1 255 402 -695.637
1 255 442 -695.637
1 255 445 -695.637
1 255 461 -695.637
1 255 479 -695.637
1 255 512 -695.637
1 255 513 -695.637
1 255 526 -695.637
1 255 547 -695.637
1 255 548 -695.637
1 255 565 -695.637
1 255 583 -2086.91
1 255 584 -2782.55
1 255 585 -2782.55
1 255 586 -2782.55
1 255 587 -1391.27
1 255 588 -695.637
1 255 591 -695.637
1 255 594 -695.637
1 255 597 -695.637
1 255 600 -1391.27
1 255 607 -695.637
1 256 346 -695.637
1 256 350 -695.637
1 256 367 -695.637
1 256 373 -695.637
1 256 374 -695.637
1 256 491 -695.637
1 256 526 -695.637
1 256 531 -2086.91
1 256 532 -695.637
1 256 547 -695.637
1 256 548 -1391.27
1 256 549 -695.637
1 256 575 -695.637
1 256 578 -1391.27
1 256 580 -695.637
1 256 584 -2086.91
1 256 585 -1391.27
1 256 592 -1391.27
1 256 594 -4869.46
1 256 595 -2782.55
1 256 607 -2782.55
1 256 608 -1391.27
1 256 609 -695.637
1 257 330 -695.637
1 257 461 -695.637
1 257 497 -695.637
1 257 503 -695.637
1 257 506 -695.637
1 257 512 -695.637
1 257 527 -2086.91
1 257 529 -695.637
1 257 532 -695.637
1 257 549 -695.637
1 257 574 -695.637
1 257 575 -2086.91
1 257 584 -2086.91
1 257 585 -2086.91
1 257 593 -1391.27
1 257 594 -5565.09
1 257 595 -2782.55
1 257 597 -1391.27
1 257 606 -4869.46
1 257 607 -695.637
1 258 307 -695.637
1 258 330 -695.637
1 258 366 -695.637
1 258 485 -1391.27
1 258 489 -1391.27
1 258 491 -695.637
1 258 493 -695.637
1 258 494 -695.637
1 258 496 -695.637
1 258 497 -695.637
1 258 498 -2086.91
1 258 499 -1391.27
1 258 502 -695.637
1 258 503 -695.637
1 258 529 -1391.27
1 258 531 -695.637
1 258 532 -695.637
1 258 533 -1391.27
1 258 535 -695.637
1 258 546 -695.637
1 258 550 -695.637
1 258 556 -1391.27
1 258 564 -695.637
1 258 576 -695.637
1 258 583 -695.637
1 258 584 -2086.91
1 258 586 -2086.91
1 258 594 -2086.91
1 258 606 -3478.18
1 258 607 -695.637
1 259 346 -695.637
1 259 369 -1391.27
1 259 402 -695.637
1 259 444 -695.637
1 259 456 -695.637
1 259 485 -695.637
1 259 486 -695.637
1 259 488 -695.637
1 259 489 -695.637
1 259 490 -1391.27
1 259 509 -1391.27
1 259 510 -695.637
1 259 522 -695.637
1 259 528 -695.637
1 259 529 -695.637
1 259 531 -695.637
1 259 532 -695.637
1 259 545 -695.637
1 259 549 -695.637
1 259 554 -1391.27
1 259 555 -1391.27
1 259 556 -2086.91
1 259 557 -2086.91
1 259 575 -2782.55
1 259 576 -695.637
1 259 579 -695.637
1 259 584 -695.637
1 259 585 -2782.55
1 259 586 -1391.27
1 260 369 -1391.27
1 260 404 -1391.27
1 260 443 -695.637
1 260 454 -695.637
1 260 485 -695.637
1 260 486 -1391.27
1 260 487 -695.637
1 260 492 -695.637
1 260 499 -695.637
1 260 502 -1391.27
1 260 517 -695.637
1 260 527 -695.637
1 260 545 -2086.91
1 260 548 -695.637
1 260 554 -695.637
1 260 556 -695.637
1 260 567 -695.637
1 260 576 -695.637
1 260 577 -695.637
1 261 397 -695.637
1 261 404 -695.637
1 261 444 -695.637
1 261 483 -695.637
1 261 487 -695.637
1 261 501 -695.637
1 261 502 -695.637
1 261 545 -695.637
1 261 551 -695.637
1 261 552 -695.637
1 261 565 -695.637
1 262 254 -695.637
1 262 353 -1391.27
1 262 369 -695.637
1 262 425 -695.637
1 262 443 -695.637
1 262 458 -695.637
1 262 483 -1391.27
1 262 493 -695.637
1 262 501 -695.637
1 262 502 -695.637
1 262 523 -695.637
1 262 524 -695.637
1 262 535 -695.637
1 262 536 -695.637
1 262 537 -695.637
1 262 542 -695.637
1 262 546 -695.637
1 262 584 -695.637
1 262 587 -695.637
1 263 355 -695.637
1 263 415 -695.637
1 263 484 -695.637
1 263 493 -695.637
1 263 509 -695.637
1 263 522 -695.637
1 263 523 -1391.27
1 263 524 -1391.27
1 263 541 -1391.27
1 263 542 -695.637
1 263 543 -695.637
1 263 546 -1391.27
1 263 576 -695.637
1 263 579 -695.637
1 263 581 -2782.55
1 264 369 -695.637
1 264 379 -695.637
1 264 481 -695.637
1 264 482 -695.637
1 264 493 -695.637
1 264 503 -695.637
1 264 504 -695.637
1 264 516 -695.637
1 264 521 -2086.91
1 264 527 -695.637
1 264 543 -2782.55
1 264 568 -695.637
1 264 575 -695.637
1 264 576 -1391.27
1 265 336 -695.637
1 265 367 -1391.27
1 265 457 -695.637
1 265 459 -695.637
1 265 511 -695.637
1 265 516 -695.637
1 265 520 -695.637
1 265 524 -695.637
1 265 568 -1391.27
1 266 314 -695.637
1 266 413 -695.637
1 266 456 -695.637
1 266 478 -695.637
1 266 481 -695.637
1 266 483 -695.637
1 266 484 -695.637
1 266 485 -695.637
1 266 492 -695.637
1 266 498 -695.637
1 266 505 -695.637
1 266 518 -695.637
1 266 523 -695.637
1 266 543 -695.637
1 266 545 -695.637
1 266 549 -695.637
1 266 555 -695.637
1 267 337 -695.637
1 267 365 -695.637
1 267 381 -695.637
1 267 459 -695.637
1 267 460 -1391.27
1 267 505 -695.637
1 267 507 -695.637
1 267 543 -695.637
1 267 544 -1391.27
1 267 549 -695.637
1 267 553 -2086.91
1 267 562 -695.637
1 268 507 -1391.27
1 268 540 -695.637
1 268 541 -695.637
1 268 542 -1391.27
1 268 543 -2782.55
1 268 544 -1391.27
1 268 549 -695.637
1 268 551 -695.637
1 268 552 -695.637
1 268 553 -695.637
1 269 362 -695.637
1 269 505 -1391.27
1 269 507 -695.637
1 269 528 -695.637
1 269 543 -695.637
1 269 547 -1391.27
1 270 474 -695.637
1 270 475 -1391.27
1 270 479 -695.637
1 270 491 -695.637
1 270 504 -695.637
1 270 507 -695.637
1 270 526 -695.637
1 271 375 -695.637
1 271 388 -695.637
1 271 479 -695.637
1 271 481 -695.637
1 271 487 -695.637
1 271 491 -695.637
1 271 526 -695.637
1 272 469 -695.637
1 272 493 -695.637
1 272 495 -1391.27
1 272 496 -695.637
1 272 502 -695.637
1 272 526 -2086.91
1 273 441 -695.637
1 273 462 -695.637
1 273 526 -695.637
1 275 463 -695.637
1 275 480 -695.637
1 275 502 -695.637
1 275 504 -695.637
1 276 502 -695.637
1 277 393 -695.637
1 279 459 -695.637
1 280 563 -695.637
1 282 434 -695.637
1 282 435 -695.637
1 283 461 -695.637
1 283 482 -695.637
1 283 483 -695.637
1 285 437 -695.637
1 285 482 -695.637
1 285 483 -695.637
1 286 377 -695.637
1 286 464 -695.637
1 288 469 -695.637
1 289 362 -695.637
1 289 443 -695.637
1 292 358 -695.637
1 293 390 -2086.91
1 293 391 -695.637
1 296 390 -695.637
1 301 359 -695.637
1 301 378 -695.637
1 85 106 -695.637
1 92 112 -1391.27
1 93 117 -695.637
1 97 89 -695.637
1 98 101 -695.637
1 99 126 -695.637
1 99 136 -695.637
1 147 119 -7840.8
1 148 187 -45012.0
1 150 114 -21780.0
1 153 113 -29040.0
1 156 158 -47190.0
1 157 160 -25410.0
1 167 186 -24684.0
1 168 169 -4936.8
1 170 169 -871.2
1 199 225 -29040.0
1 234 285 -14955.6
1 244 234 -10018.8
1 259 541 -145.2
1 267 479 -290.4
1 271 361 -6388.8
1 272 454 -1.45
1 285 433 -11325.6
1 293 380 -1452.0
1 299 360 -3194.4
1 300 359 -5517.6
1 131 118 -435.6
1 132 183 -29040.0
1 137 123 -36300.0
1 140 173 -7260.0
1 141 124 -17714.4
1 142 121 -29185.2
1 152 130 -14520.0
1 155 192 -29040.0
1 157 117 -8712.0
1 157 190 -145.2
1 164 258 -9002.4
1 172 162 -45302.4
1 172 163 -51546.0
1 172 164 -9583.2
1 175 213 -72600.0
1 195 280 -29040.0
1 202 295 -6534.0
1 203 296 -10164.0
1 214 174 -97138.8
1 218 173 -117176.0
1 226 358 -11344.5
1 256 333 -43560.0
1 262 350 -12342.0
1 267 346 -13939.2
1 269 347 -14520.0
1 271 470 -145.2
1 285 357 -290.4
1 291 401 -1350.18
1 292 370 -84216.0
1 293 370 -103092.0
1 293 378 -73326.0
1 299 335 -232320.0
1 143 152 -45883.2
1 143 154 -44140.8
1 144 130 -8421.6
1 148 113 -39494.4
1 149 118 -20328.0
1 151 143 -32524.8
1 152 177 -9583.2
1 152 183 -23522.4
1 153 185 -12632.4
1 153 212 -43560.0
1 154 128 -1452.0
1 155 180 -19166.4
1 155 187 -22070.4
1 159 188 -871.2
1 161 161 -21780.0
1 162 171 -435.6
1 164 159 -29040.0
1 167 163 -24684.0
1 170 217 -145.2
1 174 182 -12051.6
1 175 178 -8131.2
1 176 128 -21199.2
1 188 287 -11470.8
1 189 206 -87120.0
1 196 216 -22506.0
1 201 279 -139247.0
1 221 294 -352836.0
1 221 361 -5082.0
1 222 252 -34848.0
1 222 266 -24103.2
1 224 273 -30492.0
1 225 248 -17424.0
1 226 361 -39204.0
1 228 373 -145.2
1 234 319 -40075.2
1 235 317 -32524.8
1 237 292 -22201.1
1 238 244 -7405.2
1 245 243 -3339.6
1 248 238 -4791.6
1 248 331 -29040.0
1 256 342 -21780.0
1 259 347 -90459.6
1 266 345 -8712.0
1 271 268 -145200.0
1 274 278 -72600.0
1 280 443 -145.2
1 289 355 -3920.4
1 295 392 -18876.0
1 296 391 -14520.0
1 296 393 -43560.0
1 297 378 -12632.4
