1 204 346 -818.6089999999999
1 212 384 45000.0
1 212 385 45000.0
1 212 386 45000.0
1 212 387 45000.0
1 212 388 45000.0
1 212 389 45000.0
1 212 390 45000.0
1 212 391 45000.0
1 212 392 45000.0
1 212 393 45000.0
1 213 394 45000.0
1 213 395 45000.0
1 213 396 45000.0
1 213 397 45000.0
1 213 398 45000.0
1 213 399 45000.0
1 213 400 45000.0
1 213 401 45000.0
1 213 402 45000.0
1 214 403 45000.0
1 214 404 45000.0
1 214 405 45000.0
1 214 406 45000.0
1 214 407 45000.0
1 214 409 45000.0
1 214 410 45000.0
1 214 411 45000.0
1 214 412 45000.0
1 214 413 45000.0
1 214 414 45000.0
1 214 415 45000.0
1 215 416 45000.0
1 215 417 45000.0
1 227 417 45000.0
1 228 417 45000.0
1 229 417 45000.0
1 216 418 45000.0
1 226 418 45000.0
1 230 418 45000.0
1 217 419 45000.0
1 218 419 45000.0
1 219 419 45000.0
1 220 419 45000.0
1 221 419 45000.0
1 222 419 45000.0
1 223 419 45000.0
1 224 419 45000.0
1 225 419 45000.0
1 229 419 45000.0
1 229 420 45000.0
1 226 421 45000.0
1 227 421 45000.0
1 228 421 45000.0
1 224 422 45000.0
1 225 422 45000.0
1 224 423 45000.0
1 224 424 45000.0
1 225 424 45000.0
1 226 424 45000.0
1 227 424 45000.0
1 228 424 45000.0
1 229 425 45000.0
1 229 426 45000.0
1 229 427 45000.0
1 229 428 45000.0
1 229 429 45000.0
1 228 430 45000.0
1 228 431 45000.0
1 228 432 45000.0
1 228 433 45000.0
1 228 434 45000.0
1 228 435 45000.0
1 229 435 45000.0
1 230 436 45000.0
1 230 437 45000.0
1 230 438 45000.0
1 230 439 45000.0
1 230 440 45000.0
1 230 441 45000.0
1 230 442 45000.0
1 230 443 45000.0
1 230 444 45000.0
1 230 445 45000.0
1 230 446 45000.0
1 230 447 45000.0
1 230 448 45000.0
1 230 449 45000.0
1 230 450 45000.0
1 230 451 45000.0
1 230 452 45000.0
1 230 453 45000.0
1 230 454 45000.0
1 230 455 45000.0
1 230 456 45000.0
1 231 457 45000.0
1 231 458 45000.0
1 231 459 45000.0
1 231 460 45000.0
1 232 461 45000.0
1 232 462 45000.0
1 232 463 45000.0
1 232 464 45000.0
1 233 464 45000.0
1 234 464 45000.0
1 235 464 45000.0
1 236 464 45000.0
1 237 464 45000.0
1 238 464 45000.0
1 239 465 45000.0
1 239 466 45000.0
1 114 114 -220.745
1 117 120 -818.6089999999999
1 130 122 -818.6089999999999
1 133 112 -1398.14
1 135 194 -1405.08
1 139 168 -5620.65
1 140 168 -441.221
1 143 172 -14051.6
1 143 190 -63653.8
1 144 166 -23123.3
1 144 172 -11241.3
1 144 190 -5.09012
1 146 117 -2898.85
1 146 188 -7559.77
1 146 190 -23.8877
1 147 145 -818.6089999999999
1 148 123 -304.119
1 148 167 -14051.6
1 148 176 -818.6089999999999
1 148 196 -6746.44
1 149 145 -9014.11
1 149 146 -25106.0
1 150 124 -1906.56
1 150 128 -0.597743
1 150 141 -1502.12
1 150 198 -10003.4
1 151 195 -10088.4
1 152 123 -2680.89
1 152 125 -4180.12
1 152 132 -11691.1
1 153 133 -1.57935
1 153 192 -50431.2
1 154 125 -240.84599999999998
1 154 171 -818.6089999999999
1 155 112 -5149.92
1 155 129 -104443.0
1 157 135 -1637.22
1 158 133 -818.6089999999999
1 159 119 -86.2456
1 159 173 -9316.1
1 160 119 -15455.4
1 161 125 -22962.9
1 161 188 -70.2581
1 162 128 -207572.0
1 162 167 -689.1030000000001
1 163 138 -951.575
1 164 135 -1995.33
1 164 187 -27822.2
1 165 130 -7365.46
1 165 131 -59.5095
1 167 259 -1140.99
1 168 123 -96.6085
1 168 208 -8623.59
1 169 127 -0.172491
1 170 163 -1690.41
1 172 130 -29182.4
1 172 218 -15937.3
1 175 134 -9434.25
1 176 176 -3688.83
1 176 202 -2827.18
1 178 164 -10122.5
1 179 181 -18407.6
1 179 183 -27681.7
1 180 208 -28564.6
1 184 246 -4273.1
1 187 200 -3990.66
1 188 198 -23.8877
1 188 258 -2037.51
1 190 281 -12203.4
1 191 191 -37304.2
1 193 260 -21768.4
1 197 204 -1627.8
1 197 252 -2093.51
1 198 297 -70.2581
1 198 298 -827.6360000000001
1 199 211 -8560.03
1 199 231 -8193.55
1 199 298 -846.377
1 200 298 -818.6089999999999
1 203 275 -45811.1
1 203 280 -2671.51
1 204 248 -13251.6
1 205 300 -853.9939999999999
1 206 196 -103981.0
1 206 286 -2810.32
1 206 300 -1650.8
1 211 255 -2914.3
1 212 258 -15517.2
1 213 300 -2180.43
1 214 240 -3991.35
1 215 260 -12330.3
1 217 264 -16035.7
1 217 365 -237.175
1 218 179 -60577.0
1 221 223 -1065.11
1 221 246 -3.75169
1 221 284 -52622.8
1 222 352 -20859.0
1 222 369 -1215.85
1 223 271 -6802.37
1 224 301 -214.99
1 224 374 -5726.03
1 226 311 -486.186
1 226 365 -1299.77
1 228 225 -11266.9
1 230 255 -2461.53
1 231 401 -818.6089999999999
1 232 364 -150.8
1 233 337 -818.6089999999999
1 233 394 -1729.93
1 234 304 -4044.49
1 234 393 -847.7080000000001
1 235 400 -883.1039999999999
1 235 609 -7969.1
1 236 263 -74059.0
1 236 609 -129.808
1 237 237 -3352.1
1 237 316 -43575.6
1 237 357 -6874.05
1 237 389 -818.612
1 238 221 -14.0516
1 238 398 -0.431228
1 238 605 -4110.47
1 238 609 -2145.83
1 239 338 -6387.11
1 239 426 -202.24599999999998
1 239 605 -4158.59
1 239 606 -2577.35
1 239 619 -818.6089999999999
1 240 380 -1003.17
1 240 426 -922.1030000000001
1 240 608 -3351.51
1 241 342 -747.238
1 241 604 -885.1039999999999
1 242 311 -8548.24
1 243 371 -818.6089999999999
1 243 389 -714.028
1 243 422 -29.4098
1 243 431 -1435.13
1 243 605 -4093.04
1 244 431 -423.035
1 244 605 -4930.93
1 244 621 -3297.45
1 245 238 -3552.25
1 245 322 -4365.32
1 245 337 -818.6089999999999
1 245 621 -818.6089999999999
1 246 321 -2553.3
1 246 618 -2524.26
1 247 344 -916.447
1 247 384 -1573210.0
1 248 251 -26412.7
1 248 424 -2271.62
1 248 436 -1839.62
1 248 442 -47.4351
1 248 444 -2524.84
1 248 589 -3475.7
1 249 373 -834.2189999999999
1 249 389 -931.0219999999999
1 249 424 -13158.2
1 249 430 -19327.6
1 249 436 -3880.15
1 249 606 -4227.8
1 250 326 -1910.77
1 250 424 -818.6089999999999
1 250 425 -478409.0
1 250 431 -20855.6
1 250 595 -2467.68
1 251 300 -136301.0
1 251 356 -97560.4
1 251 408 -848.2260000000001
1 251 456 -1086.83
1 251 457 -15.6838
1 251 594 -860.955
1 251 595 -1009.19
1 251 596 -1810.1
1 252 230 -61547.5
1 252 285 -4239.14
1 252 329 -23299.3
1 252 450 -348.95
1 252 595 -818.6089999999999
1 252 606 -852.676
1 253 331 -11259.4
1 253 332 -16585.0
1 253 416 -3.88105
1 253 420 -8495.2
1 253 445 -24275.0
1 254 338 -4103.07
1 254 367 -34717.1
1 254 407 -74247.9
1 254 597 -824.975
1 254 607 -5811.8
1 255 381 -18805.9
1 255 383 -29323.5
1 255 388 -27154.4
1 255 395 -3160.47
1 255 420 -6446.86
1 255 439 -13355.1
1 255 443 -85917.2
1 255 595 -862.472
1 255 596 -850.9939999999999
1 255 606 -3927.76
1 255 609 -1637.22
1 255 610 -24.3013
1 256 314 -5351.43
1 256 335 -3325.28
1 256 341 -142.435
1 256 370 -6640.91
1 256 413 -1541.12
1 256 586 -11918.3
1 256 593 -3274.43
1 257 238 -0.140516
1 257 324 -5376.98
1 257 413 -2116.22
1 257 576 -3929.78
1 257 599 -9422.42
1 257 600 -62679.0
1 258 325 -6055.74
1 258 336 -964.8380000000001
1 258 442 -572352.0
1 258 464 -1640.48
1 258 585 -4993.28
1 258 595 -1718.55
1 258 601 -62910.8
1 258 602 -5893.48
1 259 340 -818.6089999999999
1 259 371 -780.523
1 259 405 -59965.9
1 259 588 -28159.2
1 259 592 -818.6089999999999
1 259 593 -818.6419999999999
1 260 342 -6802.37
1 260 349 -63.3508
1 260 407 -4459770.0
1 260 413 -25.8737
1 260 424 -275.469
1 260 461 -1135.42
1 260 463 -37634.6
1 260 464 -34786.7
1 260 585 -1637.22
1 260 586 -36414.5
1 261 337 -5920.76
1 261 381 -201509.0
1 261 395 -18215.1
1 261 416 -11515.7
1 261 418 -882.3439999999999
1 261 429 -20280.7
1 261 464 -6863.86
1 261 492 -837.0169999999999
1 261 571 -219.926
1 261 576 -9813.12
1 262 345 -24272.8
1 262 540 -221.043
1 262 564 -21246.6
1 262 568 -12027.0
1 262 570 -88429.6
1 262 571 -1822.8
1 263 471 -14822.0
1 263 477 -59.2508
1 263 520 -2338.89
1 263 582 -15227.3
1 264 265 -58634.6
1 264 344 -16526.1
1 264 345 -9608.49
1 264 355 -440.284
1 264 367 -818.6089999999999
1 264 383 -106139.0
1 264 407 -4271.75
1 264 428 -109161.0
1 264 468 -51.3162
1 264 471 -6152.55
1 264 476 -108.669
1 264 477 -91.9292
1 264 523 -2651.08
1 264 524 -258.496
1 264 549 -5319.0
1 265 364 -11725.1
1 265 374 -8020.66
1 265 523 -2607.74
1 266 337 -818.6089999999999
1 266 462 -109.705
1 267 391 -23632.5
1 267 463 -323.421
1 267 555 -818.6089999999999
1 267 556 -818.6089999999999
1 268 333 -40.7497
1 268 334 -3347.53
1 268 436 -2095920.0
1 268 455 -31.7815
1 268 480 -467.75300000000004
1 268 489 -818.6089999999999
1 269 363 -829.044
1 269 397 -47013.5
1 269 456 -2338.98
1 269 483 -29.359
1 269 541 -818.6089999999999
1 270 352 -429.97900000000004
1 270 412 -31966.9
1 270 417 -30.186
1 270 429 -2260.07
1 270 481 -871.132
1 270 483 -2063.76
1 270 484 -1001.97
1 270 486 -129.368
1 270 498 -19631.9
1 270 539 -97.4576
1 271 319 -66400.5
1 271 371 -1152.67
1 271 415 -64205.6
1 271 451 -382.995
1 271 485 -322.645
1 271 493 -118286.0
1 271 498 -1665.4
1 271 537 -58500.0
1 272 336 -15110.2
1 272 366 -999.658
1 272 368 -334098.0
1 272 388 -1316530.0
1 272 396 -209.65
1 272 450 -5741.21
1 272 451 -23517.1
1 272 453 -3.8379300000000005
1 272 462 -817984.0
1 272 491 -11.2551
1 272 497 -25843.5
1 272 498 -81848.4
1 272 530 -119226.0
1 272 532 -152041.0
1 272 535 -34297.9
1 273 363 -233.706
1 273 392 -769.75
1 273 410 -4010.34
1 273 480 -978.373
1 273 510 -818.6089999999999
1 273 516 -599.4069999999999
1 274 409 -520.938
1 274 520 -23816.7
1 274 523 -924.596
1 275 367 -71831.4
1 275 441 -173785.0
1 275 450 -0.862456
1 276 366 -35278.8
1 276 392 -778.841
1 276 446 -1136.72
1 276 474 -26007.4
1 277 294 -28758.6
1 277 390 -9136.34
1 277 407 -739530.0
1 277 431 -6150.88
1 277 454 -34.4983
1 277 468 -123.88
1 277 472 -39156.2
1 277 480 -37723.8
1 278 365 -34431.0
1 278 435 -32572.9
1 278 482 -3428.09
1 279 310 -24968.1
1 279 433 -79766.9
1 279 438 -30630.1
1 279 475 -58090.7
1 279 485 -15085.0
1 280 365 -1164.12
1 280 433 -69915.1
1 280 442 -2320.01
1 280 469 -14595.6
1 280 471 -49237.1
1 281 458 -3405460.0
1 282 409 -4006.11
1 282 424 -804.672
1 282 430 -352.31300000000005
1 282 436 -40522.4
1 282 454 -6170.88
1 282 457 -789.148
1 283 354 -3139.13
1 283 429 -184385.0
1 283 449 -22850.8
1 283 452 -15826.1
1 283 455 -63731.2
1 283 468 -28903.7
1 284 339 -59353.1
1 284 457 -118.15700000000001
1 284 463 -7576.63
1 285 336 -56.2065
1 285 374 -3216.96
1 285 467 -93555.0
1 286 330 -51342.0
1 286 425 -529307.0
1 286 475 -3057.41
1 286 477 -66046.9
1 287 388 -62541.0
1 287 426 -818.6089999999999
1 287 477 -31013.9
1 288 372 -28.0298
1 288 419 -14455.0
1 288 423 -853.0310000000001
1 288 426 -818.6089999999999
1 289 404 -170834.0
1 289 459 -150.352
1 289 468 -1716.29
1 290 382 -87629.9
1 290 402 -548.013
1 290 411 -2554.28
1 290 412 -18686.0
1 290 413 -965.6410000000001
1 290 420 -136.69899999999998
1 291 350 -1509.3
1 291 355 -65209.7
1 291 373 -1012.09
1 291 399 -23463.1
1 291 419 -490091.0
1 292 365 -11561.2
1 292 416 -406.361
1 292 469 -38862.3
1 293 440 -31.3503
1 294 435 -190.60299999999998
1 294 447 -56.4069
1 294 458 -255231.0
1 295 356 -1926.48
1 295 391 -3152.71
1 295 430 -2190360.0
1 296 398 -369562.0
1 296 433 -5.62065
1 297 381 -4728.37
1 297 383 -539.035
1 297 395 -262186.0
1 297 401 -324620.0
1 297 402 -144500.0
1 297 413 -1158040.0
1 297 415 -65665.7
1 297 442 -44.7577
1 299 354 -6.009530000000001
1 299 355 -139.215
1 299 387 -253.02700000000002
1 102 110 -818.6089999999999
1 102 113 -818.6089999999999
1 103 100 -818.6089999999999
1 103 104 -818.6089999999999
1 104 115 -818.6089999999999
1 105 115 -818.6089999999999
1 105 139 -818.6089999999999
1 108 117 -818.6089999999999
1 109 112 -818.6089999999999
1 111 155 -818.6089999999999
1 111 208 -818.6089999999999
1 112 181 -818.6089999999999
1 113 111 -818.6089999999999
1 113 159 -818.6089999999999
1 113 211 -818.6089999999999
1 114 173 -818.6089999999999
1 114 212 -1637.22
1 115 212 -1637.22
1 116 121 -818.6089999999999
1 116 150 -818.6089999999999
1 116 166 -818.6089999999999
1 117 119 -818.6089999999999
1 117 168 -818.6089999999999
1 117 210 -818.6089999999999
1 119 194 -818.6089999999999
1 119 202 -818.6089999999999
1 119 96 -818.6089999999999
1 120 155 -818.6089999999999
1 120 94 -818.6089999999999
1 121 187 -818.6089999999999
1 123 110 -818.6089999999999
1 123 111 -818.6089999999999
1 123 158 -818.6089999999999
1 123 168 -818.6089999999999
1 123 193 -818.6089999999999
1 123 202 -1637.22
1 125 150 -818.6089999999999
1 125 151 -818.6089999999999
1 125 193 -818.6089999999999
1 125 194 -818.6089999999999
1 126 121 -818.6089999999999
1 126 191 -818.6089999999999
1 126 195 -818.6089999999999
1 127 150 -818.6089999999999
1 127 160 -818.6089999999999
1 127 169 -818.6089999999999
1 127 195 -818.6089999999999
1 127 199 -1637.22
1 128 122 -818.6089999999999
1 128 148 -818.6089999999999
1 128 149 -818.6089999999999
1 128 152 -818.6089999999999
1 128 153 -818.6089999999999
1 128 154 -818.6089999999999
1 128 157 -818.6089999999999
1 128 199 -818.6089999999999
1 129 117 -818.6089999999999
1 129 119 -818.6089999999999
1 129 122 -818.6089999999999
1 129 146 -818.6089999999999
1 129 154 -1637.22
1 129 162 -818.6089999999999
1 129 176 -818.6089999999999
1 130 120 -818.6089999999999
1 130 154 -818.6089999999999
1 130 155 -818.6089999999999
1 130 156 -2455.83
1 130 194 -818.6089999999999
1 131 112 -818.6089999999999
1 131 121 -818.6089999999999
1 131 122 -818.6089999999999
1 131 150 -818.6089999999999
1 131 156 -818.6089999999999
1 131 157 -818.6089999999999
1 131 158 -818.6089999999999
1 131 161 -1637.22
1 131 198 -818.6089999999999
1 132 112 -818.6089999999999
1 132 155 -818.6089999999999
1 132 156 -818.6089999999999
1 132 160 -818.6089999999999
1 132 161 -1637.22
1 133 155 -818.6089999999999
1 133 159 -818.6089999999999
1 133 160 -1637.22
1 133 192 -1637.22
1 133 193 -818.6089999999999
1 134 148 -818.6089999999999
1 134 150 -818.6089999999999
1 134 151 -818.6089999999999
1 134 156 -818.6089999999999
1 134 191 -818.6089999999999
1 134 193 -3274.43
1 135 148 -4093.04
1 135 149 -1637.22
1 135 156 -818.6089999999999
1 135 157 -818.6089999999999
1 135 193 -2455.83
1 136 147 -818.6089999999999
1 136 148 -818.6089999999999
1 136 149 -818.6089999999999
1 136 150 -1637.22
1 136 153 -818.6089999999999
1 136 155 -818.6089999999999
1 137 148 -818.6089999999999
1 137 150 -818.6089999999999
1 137 153 -1637.22
1 137 154 -818.6089999999999
1 137 157 -2455.83
1 137 175 -818.6089999999999
1 137 206 -1023.76
1 138 151 -818.6089999999999
1 138 152 -818.6089999999999
1 138 153 -2455.83
1 138 168 -818.6089999999999
1 138 169 -818.6089999999999
1 139 151 -818.6089999999999
1 140 138 -818.6089999999999
1 140 155 -3274.43
1 140 156 -818.6089999999999
1 140 171 -818.6089999999999
1 140 180 -818.6089999999999
1 141 149 -818.6089999999999
1 141 154 -1637.22
1 141 157 -818.6089999999999
1 141 171 -818.6089999999999
1 141 199 -1637.22
1 142 155 -818.6089999999999
1 142 156 -818.6089999999999
1 142 157 -818.6089999999999
1 142 158 -818.6089999999999
1 142 174 -818.6089999999999
1 142 179 -818.6089999999999
1 142 201 -818.6089999999999
1 143 146 -818.6089999999999
1 143 157 -2455.83
1 144 142 -1637.22
1 144 173 -818.6089999999999
1 145 142 -818.6089999999999
1 145 143 -818.6089999999999
1 145 151 -818.6089999999999
1 145 187 -818.6089999999999
1 145 226 -818.6089999999999
1 146 140 -818.6089999999999
1 146 141 -1637.22
1 146 145 -818.6089999999999
1 146 208 -818.6089999999999
1 146 229 -818.6089999999999
1 146 230 -818.6089999999999
1 146 232 -818.6089999999999
1 147 139 -2455.83
1 147 140 -818.6089999999999
1 147 141 -818.6089999999999
1 147 142 -818.6089999999999
1 147 229 -818.6089999999999
1 147 230 -818.6089999999999
1 147 233 -818.6089999999999
1 147 239 -818.6089999999999
1 147 240 -818.6089999999999
1 148 217 -818.6089999999999
1 148 221 -818.6089999999999
1 149 127 -818.6089999999999
1 149 147 -818.6089999999999
1 149 154 -818.6089999999999
1 149 222 -818.6089999999999
1 149 253 -818.6089999999999
1 150 160 -818.6089999999999
1 150 164 -818.6089999999999
1 150 177 -818.6089999999999
1 150 227 -818.6089999999999
1 150 236 -818.6089999999999
1 151 128 -818.6089999999999
1 151 228 -818.6089999999999
1 152 153 -818.6089999999999
1 152 173 -818.6089999999999
1 152 176 -818.6089999999999
1 152 222 -818.6089999999999
1 152 228 -818.6089999999999
1 153 126 -818.6089999999999
1 153 136 -818.6089999999999
1 153 155 -818.6089999999999
1 153 232 -818.6089999999999
1 153 238 -818.6089999999999
1 153 253 -818.6089999999999
1 154 126 -818.6089999999999
1 154 133 -818.6089999999999
1 154 161 -818.6089999999999
1 154 172 -818.6089999999999
1 154 220 -818.6089999999999
1 154 244 -818.6089999999999
1 155 170 -1637.22
1 155 216 -818.6089999999999
1 155 262 -818.6089999999999
1 156 160 -818.6089999999999
1 156 211 -818.6089999999999
1 156 223 -818.6089999999999
1 157 132 -818.6089999999999
1 157 133 -818.6089999999999
1 157 134 -2455.83
1 157 136 -818.6089999999999
1 157 194 -818.6089999999999
1 157 207 -818.6089999999999
1 157 240 -818.6089999999999
1 158 135 -818.6089999999999
1 158 248 -818.6089999999999
1 159 152 -818.6089999999999
1 159 231 -818.6089999999999
1 159 240 -818.6089999999999
1 159 247 -818.6089999999999
1 159 248 -818.6089999999999
1 159 250 -818.6089999999999
1 159 251 -818.6089999999999
1 159 257 -818.6089999999999
1 160 133 -818.6089999999999
1 160 249 -1637.22
1 160 251 -1637.22
1 160 252 -818.6089999999999
1 160 253 -818.6089999999999
1 160 262 -818.6089999999999
1 161 144 -1637.22
1 161 251 -818.6089999999999
1 161 253 -818.6089999999999
1 162 137 -1637.22
1 162 252 -1637.22
1 162 253 -818.6089999999999
1 163 152 -818.6089999999999
1 163 190 -818.6089999999999
1 163 236 -818.6089999999999
1 164 278 -818.6089999999999
1 164 290 -818.6089999999999
1 164 299 -818.6089999999999
1 165 133 -1637.22
1 165 134 -1637.22
1 165 135 -818.6089999999999
1 165 290 -818.6089999999999
1 166 131 -818.6089999999999
1 166 132 -818.6089999999999
1 166 133 -1637.22
1 166 134 -818.6089999999999
1 166 135 -818.6089999999999
1 166 210 -818.6089999999999
1 166 254 -818.6089999999999
1 166 255 -818.6089999999999
1 167 127 -818.6089999999999
1 167 132 -1637.22
1 167 133 -1637.22
1 167 134 -2455.83
1 167 256 -818.6089999999999
1 167 288 -818.6089999999999
1 167 294 -818.6089999999999
1 168 130 -818.6089999999999
1 168 131 -818.6089999999999
1 168 132 -3274.43
1 168 133 -3274.43
1 168 286 -818.6089999999999
1 168 287 -1637.22
1 168 291 -1637.22
1 169 128 -1637.22
1 169 129 -3274.43
1 169 131 -818.6089999999999
1 169 132 -4093.04
1 169 133 -2455.83
1 169 134 -7367.48
1 169 135 -818.6089999999999
1 169 236 -818.6089999999999
1 169 260 -818.6089999999999
1 169 271 -818.6089999999999
1 169 287 -818.6089999999999
1 169 290 -818.6089999999999
1 170 133 -2455.83
1 170 134 -9823.3
1 170 136 -818.6089999999999
1 170 187 -818.6089999999999
1 170 256 -818.6089999999999
1 170 287 -818.6089999999999
1 170 292 -818.6089999999999
1 171 133 -1637.22
1 171 134 -818.6089999999999
1 171 136 -4093.04
1 171 290 -818.6089999999999
1 172 257 -818.6089999999999
1 172 284 -818.6089999999999
1 172 295 -1637.22
1 172 311 -818.6089999999999
1 173 258 -818.6089999999999
1 173 278 -818.6089999999999
1 173 290 -818.6089999999999
1 173 292 -818.6089999999999
1 173 293 -1637.22
1 173 294 -818.6089999999999
1 174 124 -818.6089999999999
1 174 253 -818.6089999999999
1 174 261 -818.6089999999999
1 174 270 -818.6089999999999
1 174 283 -818.6089999999999
1 174 289 -818.6089999999999
1 174 293 -818.6089999999999
1 175 260 -818.6089999999999
1 175 288 -818.6089999999999
1 175 292 -1637.22
1 175 293 -818.6089999999999
1 175 296 -818.6089999999999
1 175 305 -818.6089999999999
1 176 274 -818.6089999999999
1 176 305 -818.6089999999999
1 177 289 -818.6089999999999
1 177 290 -818.6089999999999
1 178 243 -818.6089999999999
1 178 280 -818.6089999999999
1 178 285 -818.6089999999999
1 178 302 -818.6089999999999
1 178 305 -818.6089999999999
1 178 306 -818.6089999999999
1 178 311 -818.6089999999999
1 179 278 -818.6089999999999
1 179 285 -818.6089999999999
1 180 149 -818.6089999999999
1 180 286 -818.6089999999999
1 181 297 -818.6089999999999
1 181 307 -818.6089999999999
1 181 308 -818.6089999999999
1 183 242 -818.6089999999999
1 183 285 -818.6089999999999
1 183 295 -818.6089999999999
1 183 308 -818.6089999999999
1 183 309 -818.6089999999999
1 183 318 -818.6089999999999
1 184 263 -818.6089999999999
1 184 285 -818.6089999999999
1 184 313 -818.6089999999999
1 184 319 -818.6089999999999
1 185 257 -818.6089999999999
1 185 305 -818.6089999999999
1 185 306 -818.6089999999999
1 185 307 -818.6089999999999
1 185 315 -818.6089999999999
1 186 255 -818.6089999999999
1 186 265 -818.6089999999999
1 186 307 -1637.22
1 186 310 -818.6089999999999
1 188 262 -818.6089999999999
1 188 294 -818.6089999999999
1 188 295 -818.6089999999999
1 189 295 -818.6089999999999
1 189 309 -818.6089999999999
1 190 307 -818.6089999999999
1 190 308 -848.622
1 190 324 -818.6089999999999
1 191 292 -1637.22
1 191 304 -818.6089999999999
1 191 305 -818.6089999999999
1 192 258 -818.6089999999999
1 192 284 -818.6089999999999
1 192 304 -818.6089999999999
1 192 316 -818.6089999999999
1 192 319 -818.6089999999999
1 193 262 -818.6089999999999
1 193 301 -818.6089999999999
1 193 311 -818.6089999999999
1 193 313 -1637.22
1 194 284 -818.6089999999999
1 194 313 -818.6089999999999
1 195 269 -818.6089999999999
1 195 287 -818.6089999999999
1 195 289 -818.6089999999999
1 195 300 -818.6089999999999
1 195 311 -818.6089999999999
1 195 313 -818.6089999999999
1 196 269 -818.6089999999999
1 196 275 -818.6089999999999
1 196 303 -818.6089999999999
1 196 324 -818.6089999999999
1 196 333 -818.6089999999999
1 197 264 -818.6089999999999
1 197 283 -818.6089999999999
1 197 300 -818.6089999999999
1 197 322 -818.6089999999999
1 197 325 -818.6089999999999
1 198 242 -818.6089999999999
1 198 276 -1637.22
1 198 309 -818.6089999999999
1 198 311 -818.6089999999999
1 199 283 -818.6089999999999
1 199 311 -818.6089999999999
1 199 324 -818.6089999999999
1 200 280 -818.6089999999999
1 200 286 -818.6089999999999
1 200 296 -818.6089999999999
1 200 299 -818.6089999999999
1 200 306 -818.6089999999999
1 200 307 -818.6089999999999
1 200 312 -818.6089999999999
1 200 343 -818.6089999999999
1 200 345 -818.6089999999999
1 201 257 -818.6089999999999
1 202 280 -818.6089999999999
1 202 287 -818.6089999999999
1 202 297 -818.6089999999999
1 202 301 -818.6089999999999
1 202 302 -818.6089999999999
1 203 215 -818.6089999999999
1 203 304 -818.6089999999999
1 203 305 -818.6089999999999
1 203 309 -818.6089999999999
1 203 315 -818.6089999999999
1 205 263 -818.6089999999999
1 205 303 -818.6089999999999
1 205 304 -818.6089999999999
1 205 317 -818.6089999999999
1 205 318 -818.6089999999999
1 205 319 -818.6089999999999
1 206 264 -818.6089999999999
1 206 270 -818.6089999999999
1 206 301 -818.6089999999999
1 206 304 -818.6089999999999
1 206 315 -818.6089999999999
1 206 317 -1637.22
1 207 262 -818.6089999999999
1 207 300 -818.6089999999999
1 207 301 -1637.22
1 207 303 -818.6089999999999
1 207 304 -818.6089999999999
1 207 306 -1637.22
1 207 315 -818.6089999999999
1 207 317 -818.6089999999999
1 208 298 -1637.22
1 208 299 -1637.22
1 208 306 -818.6089999999999
1 208 317 -818.6089999999999
1 208 328 -818.6089999999999
1 209 284 -818.6089999999999
1 209 297 -818.6089999999999
1 209 302 -818.6089999999999
1 210 284 -818.6089999999999
1 210 301 -818.6089999999999
1 210 302 -818.6089999999999
1 210 342 -818.6089999999999
1 211 301 -818.6089999999999
1 211 321 -818.6089999999999
1 212 295 -818.6089999999999
1 212 347 -818.6089999999999
1 213 226 -818.6089999999999
1 213 287 -818.6089999999999
1 213 303 -818.6089999999999
1 213 329 -818.6089999999999
1 214 319 -818.6089999999999
1 215 289 -818.6089999999999
1 215 311 -818.6089999999999
1 215 353 -818.6089999999999
1 216 323 -818.6089999999999
1 216 341 -818.6089999999999
1 217 244 -818.6089999999999
1 217 249 -818.6089999999999
1 217 351 -818.6089999999999
1 218 209 -818.6089999999999
1 218 243 -818.6089999999999
1 218 292 -818.6089999999999
1 218 345 -1637.22
1 221 240 -818.6089999999999
1 221 611 -818.6089999999999
1 222 254 -818.6089999999999
1 222 362 -818.6089999999999
1 224 338 -818.6089999999999
1 224 359 -818.6089999999999
1 225 323 -818.6089999999999
1 225 329 -818.6089999999999
1 225 332 -818.6089999999999
1 225 368 -818.6089999999999
1 225 373 -818.6089999999999
1 225 378 -818.6089999999999
1 225 382 -1637.22
1 226 323 -818.6089999999999
1 226 388 -1637.22
1 226 618 -818.6089999999999
1 227 315 -818.6089999999999
1 228 606 -818.6089999999999
1 229 385 -1637.22
1 229 392 -818.6089999999999
1 229 393 -818.6089999999999
1 229 397 -3274.43
1 229 618 -4093.04
1 230 338 -818.6089999999999
1 230 373 -1637.22
1 230 384 -818.6089999999999
1 230 392 -1637.22
1 230 393 -3274.43
1 230 396 -818.6089999999999
1 230 605 -818.6089999999999
1 231 343 -818.6089999999999
1 231 383 -818.6089999999999
1 231 392 -4093.04
1 231 393 -9004.7
1 231 398 -818.6089999999999
1 231 603 -818.6089999999999
1 231 607 -1637.22
1 232 259 -818.6089999999999
1 232 300 -818.6089999999999
1 232 384 -818.6089999999999
1 232 389 -818.6089999999999
1 232 393 -4911.65
1 232 394 -3274.43
1 232 405 -818.6089999999999
1 232 604 -1637.22
1 232 606 -1637.22
1 232 607 -2455.83
1 232 608 -818.6089999999999
1 233 373 -818.6089999999999
1 233 393 -818.6089999999999
1 233 403 -818.6089999999999
1 233 406 -3274.43
1 233 601 -1637.22
1 233 602 -818.6089999999999
1 234 374 -818.6089999999999
1 234 388 -818.6089999999999
1 234 389 -818.6089999999999
1 234 406 -2455.83
1 234 407 -1637.22
1 234 601 -818.6089999999999
1 234 602 -1637.22
1 234 603 -2455.83
1 234 604 -818.6089999999999
1 234 605 -1637.22
1 234 606 -818.6089999999999
1 234 609 -818.6089999999999
1 234 620 -818.6089999999999
1 234 621 -818.6089999999999
1 235 342 -818.6089999999999
1 235 368 -818.6089999999999
1 235 389 -818.6089999999999
1 235 392 -818.6089999999999
1 235 404 -818.6089999999999
1 235 406 -818.6089999999999
1 235 599 -818.6089999999999
1 235 600 -1637.22
1 235 602 -2455.83
1 235 603 -818.6089999999999
1 235 606 -818.6089999999999
1 235 608 -818.6089999999999
1 236 256 -818.6089999999999
1 236 359 -818.6089999999999
1 236 377 -1637.22
1 236 378 -818.6089999999999
1 236 389 -1637.22
1 236 600 -818.6089999999999
1 236 601 -818.6089999999999
1 236 602 -1637.22
1 236 605 -818.6089999999999
1 236 606 -818.6089999999999
1 236 607 -818.6089999999999
1 236 620 -818.6089999999999
1 237 330 -818.6089999999999
1 237 377 -818.6089999999999
1 237 384 -818.6089999999999
1 237 388 -818.6089999999999
1 237 605 -1637.22
1 237 606 -2455.83
1 237 607 -1637.22
1 237 608 -4093.04
1 237 609 -2455.83
1 237 620 -818.6089999999999
1 238 346 -818.6089999999999
1 238 391 -818.6089999999999
1 238 410 -818.6089999999999
1 238 602 -818.6089999999999
1 238 603 -818.6089999999999
1 238 606 -4093.04
1 238 607 -4911.65
1 238 608 -3274.43
1 238 610 -818.6089999999999
1 239 297 -25465.1
1 239 323 -818.6089999999999
1 239 404 -818.6089999999999
1 239 601 -818.6089999999999
1 239 603 -818.6089999999999
1 239 607 -1637.22
1 239 608 -3274.43
1 239 609 -2455.83
1 239 610 -1637.22
1 239 615 -1637.22
1 240 267 -818.6089999999999
1 240 319 -818.6089999999999
1 240 327 -818.6089999999999
1 240 352 -818.6089999999999
1 240 374 -1637.22
1 240 392 -1637.22
1 240 396 -818.6089999999999
1 240 406 -818.6089999999999
1 240 603 -818.6089999999999
1 240 605 -2455.83
1 240 606 -3274.43
1 240 607 -1637.22
1 240 620 -1637.22
1 240 621 -818.6089999999999
1 241 339 -818.6089999999999
1 241 352 -818.6089999999999
1 241 370 -1637.22
1 241 375 -818.6089999999999
1 241 409 -818.6089999999999
1 241 577 -818.6089999999999
1 241 603 -1637.22
1 241 605 -2455.83
1 241 606 -1637.22
1 241 607 -1637.22
1 241 608 -1637.22
1 241 609 -4093.04
1 241 610 -818.6089999999999
1 241 611 -818.6089999999999
1 241 620 -818.6089999999999
1 241 621 -818.6089999999999
1 242 314 -818.6089999999999
1 242 318 -818.6089999999999
1 242 336 -818.6089999999999
1 242 338 -818.6089999999999
1 242 339 -818.6089999999999
1 242 373 -2455.83
1 242 374 -4911.65
1 242 406 -1637.22
1 242 603 -1637.22
1 242 604 -5730.26
1 242 605 -7367.48
1 242 606 -2455.83
1 242 607 -4093.04
1 242 608 -4093.04
1 242 609 -2455.83
1 242 610 -2455.83
1 242 616 -818.6089999999999
1 242 622 -818.6089999999999
1 242 623 -2455.83
1 243 366 -818.6089999999999
1 243 369 -818.6089999999999
1 243 372 -1637.22
1 243 373 -6548.87
1 243 374 -2455.83
1 243 386 -818.6089999999999
1 243 391 -818.6089999999999
1 243 405 -818.6089999999999
1 243 406 -818.6089999999999
1 243 407 -1637.22
1 243 409 -818.6089999999999
1 243 577 -818.6089999999999
1 243 606 -5730.26
1 243 607 -4093.04
1 243 608 -1637.22
1 243 609 -4911.65
1 243 620 -818.6089999999999
1 243 622 -1637.22
1 243 623 -6548.87
1 244 371 -818.6089999999999
1 244 372 -1637.22
1 244 373 -2455.83
1 244 415 -818.6089999999999
1 244 598 -818.6089999999999
1 244 606 -3281.72
1 244 607 -818.6089999999999
1 244 611 -818.6089999999999
1 244 616 -818.6089999999999
1 244 622 -818.6089999999999
1 244 623 -3274.43
1 244 624 -818.6089999999999
1 245 312 -818.6089999999999
1 245 315 -818.6089999999999
1 245 326 -818.6089999999999
1 245 335 -818.6089999999999
1 245 338 -818.6089999999999
1 245 356 -1637.22
1 245 371 -818.6089999999999
1 245 413 -818.6089999999999
1 245 586 -818.6089999999999
1 245 604 -818.6089999999999
1 245 605 -2455.83
1 245 606 -4093.04
1 245 607 -3274.43
1 245 609 -4093.04
1 245 610 -1637.22
1 245 612 -1637.22
1 245 616 -1637.22
1 245 619 -818.6089999999999
1 245 620 -1637.22
1 245 622 -818.6089999999999
1 246 214 -818.6089999999999
1 246 342 -818.6089999999999
1 246 356 -818.6089999999999
1 246 357 -818.6089999999999
1 246 374 -818.6089999999999
1 246 413 -818.6089999999999
1 246 590 -818.6089999999999
1 246 599 -818.6089999999999
1 246 600 -4911.65
1 246 605 -3274.43
1 246 606 -5730.26
1 246 607 -3274.43
1 246 610 -818.6089999999999
1 246 612 -1637.22
1 246 614 -818.6089999999999
1 246 615 -818.6089999999999
1 246 623 -818.6089999999999
1 247 314 -818.6089999999999
1 247 331 -818.6089999999999
1 247 367 -1637.22
1 247 368 -4093.04
1 247 387 -1637.22
1 247 413 -818.6089999999999
1 247 578 -818.6089999999999
1 247 597 -818.6089999999999
1 247 598 -5730.26
1 247 599 -4911.65
1 247 600 -8186.09
1 247 601 -8186.09
1 247 605 -1637.22
1 247 609 -1637.22
1 247 610 -1637.22
1 247 611 -3274.43
1 247 612 -3274.43
1 247 613 -1637.22
1 247 618 -1637.22
1 247 619 -818.6089999999999
1 247 623 -818.6089999999999
1 248 307 -818.6089999999999
1 248 367 -818.6089999999999
1 248 368 -3274.43
1 248 371 -1637.22
1 248 372 -4093.04
1 248 387 -1637.22
1 248 388 -4911.65
1 248 413 -818.6089999999999
1 248 416 -818.6089999999999
1 248 529 -818.6089999999999
1 248 567 -818.6089999999999
1 248 596 -5730.26
1 248 597 -4093.04
1 248 598 -8186.09
1 248 599 -4911.65
1 248 600 -3274.43
1 248 601 -4911.65
1 248 602 -2455.83
1 248 605 -818.6089999999999
1 248 608 -818.6089999999999
1 248 609 -1637.22
1 248 610 -2455.83
1 248 611 -4911.65
1 248 612 -4911.65
1 248 613 -5730.26
1 248 618 -818.6089999999999
1 248 619 -818.6089999999999
1 248 620 -818.6089999999999
1 248 623 -1637.22
1 249 333 -818.6089999999999
1 249 334 -818.6089999999999
1 249 365 -1637.22
1 249 366 -2455.83
1 249 367 -818.6089999999999
1 249 368 -2455.83
1 249 371 -818.6089999999999
1 249 387 -818.6089999999999
1 249 388 -818.6089999999999
1 249 400 -818.6089999999999
1 249 412 -818.6089999999999
1 249 567 -818.6089999999999
1 249 593 -1637.22
1 249 595 -4911.65
1 249 596 -5730.26
1 249 597 -9004.7
1 249 603 -2455.83
1 249 604 -6548.87
1 249 605 -4093.04
1 249 607 -3274.43
1 249 609 -818.6089999999999
1 249 610 -1637.22
1 249 611 -4093.04
1 249 612 -7367.48
1 249 613 -1637.22
1 249 618 -818.6089999999999
1 249 623 -818.6089999999999
1 250 331 -820.334
1 250 355 -818.6089999999999
1 250 365 -1637.22
1 250 366 -4093.04
1 250 367 -2455.83
1 250 368 -818.6089999999999
1 250 369 -1637.22
1 250 370 -1637.22
1 250 371 -4925.54
1 250 382 -818.6089999999999
1 250 406 -818.6089999999999
1 250 413 -818.6089999999999
1 250 414 -818.6089999999999
1 250 423 -818.6089999999999
1 250 436 -818.6089999999999
1 250 568 -818.6089999999999
1 250 579 -818.6089999999999
1 250 591 -818.6089999999999
1 250 594 -818.6089999999999
1 250 596 -6548.87
1 250 597 -1637.22
1 250 602 -818.6089999999999
1 250 603 -5730.26
1 250 604 -4911.65
1 250 605 -3274.43
1 250 607 -818.6089999999999
1 250 608 -2455.83
1 250 609 -818.6089999999999
1 250 610 -818.6089999999999
1 250 613 -818.6089999999999
1 251 276 -818.6089999999999
1 251 322 -818.6089999999999
1 251 365 -2455.83
1 251 366 -7367.48
1 251 367 -1637.22
1 251 368 -1637.22
1 251 371 -818.6089999999999
1 251 379 -818.6089999999999
1 251 407 -818.6089999999999
1 251 414 -818.6089999999999
1 251 424 -818.6089999999999
1 251 598 -818.6089999999999
1 251 604 -818.6089999999999
1 251 605 -818.6089999999999
1 251 607 -818.6089999999999
1 251 610 -818.6089999999999
1 252 236 -818.6089999999999
1 252 365 -2455.83
1 252 366 -5730.26
1 252 367 -5730.26
1 252 368 -1637.22
1 252 376 -818.6089999999999
1 252 412 -818.6089999999999
1 252 416 -818.6089999999999
1 252 428 -818.6089999999999
1 252 506 -818.6089999999999
1 252 507 -818.6089999999999
1 252 528 -818.6089999999999
1 252 534 -818.6089999999999
1 252 544 -818.6089999999999
1 252 576 -818.6089999999999
1 252 591 -1637.22
1 252 596 -1712.47
1 252 597 -1637.22
1 252 598 -818.6089999999999
1 252 599 -1637.22
1 252 608 -1637.22
1 252 609 -818.6089999999999
1 252 611 -818.6089999999999
1 252 620 -818.6089999999999
1 253 259 -818.6089999999999
1 253 342 -818.6089999999999
1 253 363 -818.6089999999999
1 253 365 -1637.22
1 253 366 -4911.65
1 253 367 -3274.43
1 253 370 -818.6089999999999
1 253 375 -1637.22
1 253 404 -818.6089999999999
1 253 433 -1637.22
1 253 506 -818.6089999999999
1 253 543 -818.6089999999999
1 253 546 -818.6089999999999
1 253 547 -818.6089999999999
1 253 566 -818.6089999999999
1 253 586 -1637.22
1 253 596 -818.6089999999999
1 253 597 -3274.43
1 253 601 -818.6089999999999
1 253 604 -818.6089999999999
1 253 605 -818.6089999999999
1 253 614 -2455.83
1 254 366 -1637.22
1 254 478 -818.6089999999999
1 254 581 -818.6089999999999
1 254 584 -818.6089999999999
1 254 585 -4911.65
1 254 586 -4093.04
1 254 587 -2455.83
1 254 588 -2455.83
1 254 589 -3274.43
1 254 598 -818.6089999999999
1 254 599 -818.6089999999999
1 254 601 -1637.22
1 254 604 -1637.22
1 254 605 -818.6089999999999
1 254 606 -818.6089999999999
1 254 611 -818.6089999999999
1 255 341 -818.6089999999999
1 255 346 -818.6089999999999
1 255 371 -818.6089999999999
1 255 402 -818.6089999999999
1 255 442 -818.6089999999999
1 255 445 -818.6089999999999
1 255 461 -818.6089999999999
1 255 479 -818.6089999999999
1 255 512 -818.6089999999999
1 255 513 -818.6089999999999
1 255 526 -818.6089999999999
1 255 547 -818.6089999999999
1 255 548 -818.6089999999999
1 255 565 -818.6089999999999
1 255 583 -2455.83
1 255 584 -3274.43
1 255 585 -3274.43
1 255 586 -3274.43
1 255 587 -1637.22
1 255 588 -818.6089999999999
1 255 591 -818.6089999999999
1 255 594 -818.6089999999999
1 255 597 -818.6089999999999
1 255 600 -1637.22
1 255 607 -818.6089999999999
1 256 346 -818.6089999999999
1 256 350 -818.6089999999999
1 256 367 -818.6089999999999
1 256 373 -818.6089999999999
1 256 374 -818.6089999999999
1 256 491 -818.6089999999999
1 256 526 -818.6089999999999
1 256 531 -2455.83
1 256 532 -818.6089999999999
1 256 547 -818.6089999999999
1 256 548 -1637.22
1 256 549 -818.6089999999999
1 256 575 -818.6089999999999
1 256 578 -1637.22
1 256 580 -818.6089999999999
1 256 584 -2455.83
1 256 585 -1637.22
1 256 592 -1637.22
1 256 594 -5730.88
1 256 595 -3274.43
1 256 607 -3274.43
1 256 608 -1637.22
1 256 609 -818.6089999999999
1 257 330 -818.6089999999999
1 257 461 -818.6089999999999
1 257 497 -818.6089999999999
1 257 503 -818.6089999999999
1 257 506 -818.6089999999999
1 257 512 -818.6089999999999
1 257 527 -2455.83
1 257 529 -818.6089999999999
1 257 532 -818.6089999999999
1 257 549 -818.6089999999999
1 257 574 -818.6089999999999
1 257 575 -2455.83
1 257 584 -2455.83
1 257 585 -2455.83
1 257 593 -1637.22
1 257 594 -6548.87
1 257 595 -3274.43
1 257 597 -1637.22
1 257 606 -5730.26
1 257 607 -818.6089999999999
1 258 307 -818.6089999999999
1 258 330 -818.6089999999999
1 258 366 -818.6089999999999
1 258 485 -1637.22
1 258 489 -1637.22
1 258 491 -818.6089999999999
1 258 493 -818.6089999999999
1 258 494 -818.6089999999999
1 258 496 -818.6089999999999
1 258 497 -818.6089999999999
1 258 498 -2455.83
1 258 499 -1637.22
1 258 502 -818.6089999999999
1 258 503 -818.6089999999999
1 258 529 -1637.22
1 258 531 -818.6089999999999
1 258 532 -818.6089999999999
1 258 533 -1637.22
1 258 535 -818.6089999999999
1 258 546 -818.6089999999999
1 258 550 -818.6089999999999
1 258 556 -1637.22
1 258 564 -818.6089999999999
1 258 576 -818.6089999999999
1 258 583 -818.6089999999999
1 258 584 -2455.83
1 258 586 -2455.83
1 258 594 -2455.83
1 258 606 -4093.04
1 258 607 -818.6089999999999
1 259 346 -818.6089999999999
1 259 369 -1637.22
1 259 402 -818.6089999999999
1 259 444 -818.6089999999999
1 259 456 -818.6089999999999
1 259 485 -818.6089999999999
1 259 486 -818.6089999999999
1 259 488 -818.6089999999999
1 259 489 -818.6089999999999
1 259 490 -1637.22
1 259 509 -1637.22
1 259 510 -818.6089999999999
1 259 522 -818.6089999999999
1 259 528 -818.6089999999999
1 259 529 -818.6089999999999
1 259 531 -818.6089999999999
1 259 532 -818.6089999999999
1 259 545 -818.6089999999999
1 259 549 -818.6089999999999
1 259 554 -1637.22
1 259 555 -1637.22
1 259 556 -2455.83
1 259 557 -2455.83
1 259 575 -3274.43
1 259 576 -818.6089999999999
1 259 579 -818.6089999999999
1 259 584 -818.6089999999999
1 259 585 -3274.43
1 259 586 -1637.22
1 260 369 -1637.22
1 260 404 -1637.22
1 260 443 -818.6089999999999
1 260 454 -818.6089999999999
1 260 485 -818.6089999999999
1 260 486 -1637.22
1 260 487 -818.6089999999999
1 260 492 -818.6089999999999
1 260 499 -818.6089999999999
1 260 502 -1637.22
1 260 517 -818.6089999999999
1 260 527 -818.6089999999999
1 260 545 -2455.83
1 260 548 -818.6089999999999
1 260 554 -818.6089999999999
1 260 556 -818.6089999999999
1 260 567 -818.6089999999999
1 260 576 -818.6089999999999
1 260 577 -818.6089999999999
1 261 397 -818.6089999999999
1 261 404 -818.6089999999999
1 261 444 -818.6089999999999
1 261 483 -818.6089999999999
1 261 487 -818.6089999999999
1 261 501 -818.6089999999999
1 261 502 -818.6089999999999
1 261 545 -818.6089999999999
1 261 551 -818.6089999999999
1 261 552 -818.6089999999999
1 261 565 -818.6089999999999
1 262 254 -818.6089999999999
1 262 353 -1637.22
1 262 369 -818.6089999999999
1 262 425 -818.6089999999999
1 262 443 -818.6089999999999
1 262 458 -818.6089999999999
1 262 483 -1637.22
1 262 493 -818.6089999999999
1 262 501 -818.6089999999999
1 262 502 -818.6089999999999
1 262 523 -818.6089999999999
1 262 524 -818.6089999999999
1 262 535 -818.6089999999999
1 262 536 -818.6089999999999
1 262 537 -818.6089999999999
1 262 542 -818.6089999999999
1 262 546 -818.6089999999999
1 262 584 -818.6089999999999
1 262 587 -818.6089999999999
1 263 355 -818.6089999999999
1 263 415 -818.6089999999999
1 263 484 -818.6089999999999
1 263 493 -818.6089999999999
1 263 509 -818.6089999999999
1 263 522 -818.6089999999999
1 263 523 -1637.22
1 263 524 -1637.22
1 263 541 -1637.22
1 263 542 -818.6089999999999
1 263 543 -818.6089999999999
1 263 546 -1637.22
1 263 576 -818.6089999999999
1 263 579 -818.6089999999999
1 263 581 -3274.43
1 264 369 -818.6089999999999
1 264 379 -819.807
1 264 481 -818.6089999999999
1 264 482 -818.6089999999999
1 264 493 -818.6089999999999
1 264 503 -818.6089999999999
1 264 504 -818.6089999999999
1 264 516 -818.6089999999999
1 264 521 -2455.83
1 264 527 -818.6089999999999
1 264 543 -3274.43
1 264 568 -818.6089999999999
1 264 575 -818.6089999999999
1 264 576 -1637.22
1 265 336 -818.6089999999999
1 265 367 -1671.72
1 265 457 -818.6089999999999
1 265 459 -818.6089999999999
1 265 511 -818.6089999999999
1 265 516 -818.6089999999999
1 265 520 -818.6089999999999
1 265 524 -853.9689999999999
1 265 568 -1637.22
1 266 314 -818.6089999999999
1 266 413 -818.6089999999999
1 266 456 -818.6089999999999
1 266 478 -818.6089999999999
1 266 481 -818.6089999999999
1 266 483 -818.6089999999999
1 266 484 -818.6089999999999
1 266 485 -818.6089999999999
1 266 492 -818.6089999999999
1 266 498 -818.6089999999999
1 266 505 -818.6089999999999
1 266 518 -818.6089999999999
1 266 523 -818.6089999999999
1 266 543 -818.6089999999999
1 266 545 -818.6089999999999
1 266 549 -818.6089999999999
1 266 555 -818.6089999999999
1 267 337 -818.6089999999999
1 267 365 -818.6089999999999
1 267 381 -818.6089999999999
1 267 459 -818.6089999999999
1 267 460 -1637.22
1 267 505 -818.6089999999999
1 267 507 -818.6089999999999
1 267 543 -818.6089999999999
1 267 544 -1637.22
1 267 549 -818.6089999999999
1 267 553 -2455.83
1 267 562 -818.6089999999999
1 268 507 -1637.22
1 268 540 -818.6089999999999
1 268 541 -818.6089999999999
1 268 542 -1637.22
1 268 543 -3274.43
1 268 544 -1637.22
1 268 549 -818.6089999999999
1 268 551 -818.6089999999999
1 268 552 -818.6089999999999
1 268 553 -818.6089999999999
1 269 362 -818.6089999999999
1 269 505 -1637.22
1 269 507 -818.6089999999999
1 269 528 -818.6089999999999
1 269 543 -818.6089999999999
1 269 547 -1637.22
1 270 474 -818.6089999999999
1 270 475 -1637.22
1 270 479 -818.6089999999999
1 270 491 -818.6089999999999
1 270 504 -818.6089999999999
1 270 507 -818.6089999999999
1 270 526 -818.6089999999999
1 271 375 -818.6089999999999
1 271 388 -818.6089999999999
1 271 479 -818.6089999999999
1 271 481 -818.6089999999999
1 271 487 -818.6089999999999
1 271 491 -818.6089999999999
1 271 526 -818.6089999999999
1 272 469 -818.6089999999999
1 272 493 -818.6089999999999
1 272 495 -1637.22
1 272 496 -818.6089999999999
1 272 502 -818.6089999999999
1 272 526 -2455.83
1 273 441 -818.6089999999999
1 273 462 -818.6089999999999
1 273 526 -818.6089999999999
1 275 463 -818.6089999999999
1 275 480 -818.6089999999999
1 275 502 -818.6089999999999
1 275 504 -818.6089999999999
1 276 502 -818.6089999999999
1 277 393 -818.6089999999999
1 279 459 -818.6089999999999
1 280 563 -818.6089999999999
1 282 434 -818.6089999999999
1 282 435 -818.6089999999999
1 283 461 -818.6089999999999
1 283 482 -818.6089999999999
1 283 483 -818.6089999999999
1 285 437 -818.6089999999999
1 285 482 -818.6089999999999
1 285 483 -818.6089999999999
1 286 377 -818.6089999999999
1 286 464 -818.6089999999999
1 288 469 -818.6089999999999
1 289 362 -818.6089999999999
1 289 443 -818.6089999999999
1 292 358 -818.6089999999999
1 293 390 -2455.83
1 293 391 -818.6089999999999
1 296 390 -818.6089999999999
1 301 359 -818.6089999999999
1 301 378 -818.6089999999999
1 85 106 -818.6089999999999
1 92 112 -1637.22
1 93 117 -818.6089999999999
1 97 89 -818.6089999999999
1 98 101 -818.6089999999999
1 99 126 -818.6089999999999
1 99 136 -818.6089999999999
1 147 119 -3147.56
1 156 158 -14998.4
1 170 169 -54801.3
1 199 225 -8880.62
1 210 300 -4278.72
1 234 285 -3858.57
1 244 234 -8132.57
1 259 541 -10.3064
1 265 469 -116.259
1 267 479 -752.0089999999999
1 272 454 -58.1564
1 291 453 -7443.14
1 299 360 -2672.62
1 140 173 -9660.85
1 141 124 -6701.21
1 142 121 -181.266
1 155 192 -8456.26
1 157 190 -0.702581
1 164 258 -2121.79
1 172 162 -29490.1
1 172 163 -16888.6
1 173 196 -74.6898
1 175 213 -39985.3
1 195 280 -61827.1
1 203 296 -65611.2
1 214 174 -12414.9
1 218 173 -21304.5
1 226 358 -1880.78
1 262 350 -1559.31
1 265 349 -420.962
1 267 346 -2868.8
1 269 347 -2971.12
1 271 470 -1683.82
1 274 431 -1596760.0
1 285 357 -126.465
1 289 374 -2810.32
1 299 335 -14932.6
1 144 130 -1167.35
1 148 113 -10572.9
1 149 118 -12011.6
1 152 177 -6252.97
1 152 183 -6129.31
1 153 185 -1520.38
1 154 128 -58.7223
1 155 180 -7502.16
1 155 187 -11622.1
1 159 188 -3356.93
1 161 161 -7343.91
1 164 159 -14513.5
1 174 182 -19611.5
1 176 128 -77.9101
1 188 287 -1521.79
1 189 206 -18267.1
1 201 279 -23410.0
1 222 252 -8215.98
1 225 248 -8971.96
1 226 361 -1852.0
1 228 373 -43.56
1 234 319 -19672.3
1 235 317 -14051.6
1 237 292 -6903.56
1 238 244 -4014.55
1 245 243 -7965.86
1 248 331 -7804.89
1 259 347 -1072.46
1 266 345 -1347.55
1 271 268 -463.70300000000003
1 274 278 -725.063
1 289 355 -3288.08
1 296 391 -32.3187
1 296 393 -1019.04
1 140 166 -503.048
1 141 165 -2.81032
1 142 185 -16159.4
1 144 151 -58558.7
1 146 150 -22482.6
1 147 148 -50585.8
1 149 124 -321.782
1 149 202 -37999.8
1 151 178 -39052.2
1 151 181 -27107.0
1 151 211 -4122.22
1 152 180 -205.15400000000002
1 153 188 -6744.77
1 158 173 -4139.79
1 164 124 -470.10900000000004
1 165 167 -74895.1
1 168 164 -13609.3
1 168 166 -3927.71
1 170 115 -2810.32
1 188 207 -47775.5
1 189 288 -1671.94
1 193 280 -5572.74
1 210 249 -6917.83
1 227 344 -13264.4
1 230 352 -9751.84
1 231 270 -214.99
1 236 342 -5540.13
1 236 344 -5534.2
1 240 357 -4780.2
1 244 333 -2716.22
1 246 337 -1198.6
1 251 334 -14786.5
1 258 345 -1549.67
1 260 345 -2568.37
1 265 517 -29.0648
1 267 321 -14268.0
1 267 428 -85.7148
1 269 364 -248.972
1 270 361 -1096.15
1 271 355 -2810.45
1 284 333 -205.32
1 296 358 -23693.3
1 297 356 -4995.35
1 299 347 -540.6
1 125 93 -5235.04
1 142 169 -3999.38
1 152 213 -29095.3
1 155 116 -12163.1
1 163 186 -178.622
1 166 203 -3493.23
1 183 232 -4662.33
1 192 232 -581.737
1 193 235 -41161.4
1 201 310 -296.205
1 221 339 -10373.2
1 222 324 -4552.68
1 226 354 -3957.7
1 233 341 -2788.37
1 242 618 -3727.89
1 248 344 -179.94299999999998
1 263 345 -25725.7
1 263 427 -0.20077799999999998
1 263 570 -88.4449
1 265 414 -57.3533
1 286 302 -5919.94
1 297 439 -1320990.0
1 137 128 -9830.28
1 145 166 -3138.06
1 150 118 -30149.6
1 150 127 -1140.75
1 152 118 -8370.42
1 153 123 -5529.17
1 155 125 -5451.68
1 160 139 -417.333
1 181 126 -40867.7
1 215 296 -343.81
1 224 257 -5032.02
1 276 359 -2104.44
1 281 445 -290.124
1 137 168 -4676.38
1 189 195 -74.4735
1 190 250 -50493.1
1 202 228 -11823.0
1 245 324 -2683.86
1 247 330 -0.862456
1 270 480 -73.8263
1 291 354 -518.9209999999999
1 148 166 -18822.1
1 158 114 -22205.8
1 188 197 -10755.3
1 188 204 -7137.6
1 203 340 -488.061
1 206 281 -1674.89
1 208 226 -10914.1
1 213 276 -15011.9
1 214 274 -27843.1
1 220 278 -145289.0
1 223 372 -800.942
1 233 375 -890.055
1 239 385 -8957.82
1 239 406 -224.239
1 239 416 -4.19171
1 245 408 -925.847
1 246 320 -938.648
1 248 454 -720.97
1 259 351 -3737.66
1 262 363 -8495.2
1 263 492 -16.3127
1 267 449 -1507.14
1 272 360 -899.273
1 273 521 -7223.07
1 274 327 -662.6460000000001
1 275 465 -86.2456
1 290 322 -18989.3
1 292 458 -224.826
1 147 116 -8604.75
1 156 122 -961.1510000000001
1 258 337 -20.5492
1 268 484 -2.83148
1 281 328 -2511.13
1 173 183 -16802.4
1 257 342 -2332.24
1 201 301 -242.178
1 251 286 -9746.2
1 264 441 -174.863
1 265 488 -122.84700000000001
1 294 356 -1923.15
1 144 132 -238.877
1 136 173 -927.4060000000001
1 144 189 -19391.2
1 154 112 -80.1954
1 154 122 -9746.5
1 161 179 -17628.5
1 167 128 -3637.96
1 167 247 -421.548
1 183 124 -14.0516
1 183 205 -43.2141
1 186 125 -14050.2
1 204 300 -46.1845
1 226 375 -214195.0
1 238 302 -14832.1
1 242 355 -137.297
1 244 321 -9779.92
1 247 591 -2621.44
1 248 593 -0.862456
1 251 614 -1139.91
1 256 443 -675.54
1 258 339 -4105.72
1 258 416 -92.7141
1 263 583 -336.962
1 266 470 -668.0160000000001
1 269 482 -123.279
1 270 476 -1753.8
1 274 506 -62.3892
1 275 479 -8617.23
1 280 458 -573.533
1 291 374 -11.3739
1 297 388 -855.125
1 298 384 -119.455
1 204 299 -71.6632
1 221 300 -1085.82
1 239 400 -13.8237
1 272 494 -90.2992
1 134 167 -19391.2
1 158 122 -675.221
1 159 157 -15127.2
1 184 305 -0.479067
1 226 330 -23066.4
1 237 406 -1404.09
1 244 430 -309.622
1 247 342 -271.24
1 253 427 -156.967
1 253 443 -532.437
1 254 398 -17.1198
1 254 442 -15198.7
1 254 444 -283.493
1 254 445 -24.1341
1 256 445 -133.249
1 259 345 -1118.25
1 261 346 -54.4058
1 261 369 -1628.58
1 262 555 -38.2499
1 263 448 -13.7993
1 265 559 -0.357225
1 271 364 -2188.43
1 271 471 -363.655
1 271 489 -3311.83
1 272 371 -434.333
1 275 371 -598.113
1 262 394 -369459.0
1 271 492 -34.8432
1 167 168 -29227.4
1 157 122 -197.425
1 169 201 -8885.12
1 199 297 -53.3929
1 211 313 -40.1042
1 212 315 -190.894
1 214 287 -5.17474
1 224 372 -2207.03
1 246 609 -1315.25
1 247 343 -29.0648
1 247 590 -2693.17
1 255 446 -86.2456
1 261 524 -77.2498
1 270 482 -82.9252
1 278 371 -270.245
1 281 446 -2902.17
1 284 406 -833.995
1 291 458 -99.4197
1 295 390 -22517.4
1 297 384 -139.561
1 297 387 -285.774
1 165 158 -4014.6
1 178 212 -8481.55
1 145 147 -216.304
1 257 443 -347.139
1 162 205 -8317.78
1 194 320 -3.27314
1 196 299 -4.77755
1 234 400 -23.89
1 240 386 -122.167
1 247 341 -25.7224
1 248 343 -85.64399999999999
1 249 589 -1759.84
1 252 457 -33.5064
1 253 400 -102.059
1 254 370 -3.38274
1 254 400 -48.3105
1 255 373 -201.38400000000001
1 261 362 -6722.85
1 262 441 -7.8914800000000005
1 263 353 -17.656
1 274 527 -106.632
1 276 469 -19.8365
1 276 484 -66.5093
1 282 451 -3160.47
1 279 477 -36.8683
1 207 193 -11241.3
1 145 139 -175.22
1 206 299 -45.1408
1 239 305 -452.79
1 261 461 -243.687
1 117 117 -92.9727
1 183 311 -792.567
1 185 196 -311.778
1 220 175 -20316.1
1 244 355 -12848.8
1 245 261 -8495.2
1 294 370 -7884.55
1 264 474 -12.1606
1 157 131 -8.10265
1 149 125 -413.702
1 164 240 -763.2739999999999
1 201 297 -182.40599999999998
1 207 298 -16.3867
1 232 373 -350.2
1 233 392 -96.3753
1 234 236 -4360.15
1 234 401 -62.0106
1 235 390 -190.699
1 236 398 -1294.8
1 237 390 -210.43900000000002
1 237 399 -104.228
1 241 374 -175.773
1 248 342 -80.8682
1 248 606 -141.357
1 249 344 -55.5298
1 249 411 -256.395
1 253 418 -125.531
1 253 442 -793.029
1 254 600 -7965.88
1 258 597 -110.32600000000001
1 259 428 -707.8430000000001
1 263 467 -30597.0
1 263 468 -25233.2
1 267 481 -388.537
1 268 457 -8.58934
1 281 429 -648.1669999999999
1 283 394 -99.6913
1 284 436 -1194.5
1 296 414 -23.4668
1 297 446 -1.10428
1 300 390 -3855.76
1 237 382 -3315.71
1 240 379 -284.611
1 144 126 -42596.1
1 147 130 -3841.75
1 223 371 -3.0186
1 257 456 -215.355
1 160 142 -1.6375899999999999
1 247 419 -416.135
1 290 441 -153.043
1 176 219 -85.75299999999999
1 256 590 -131.486
1 290 403 -37.7185
1 261 581 -72.2556
1 241 405 -315.228
1 251 362 -57.6116
1 271 484 -87.5824
1 235 358 -207.47099999999998
1 240 422 -53.8604
1 254 368 -1134.75
1 260 348 -55.6284
1 269 477 -184.403
1 290 463 -2190.64
1 279 465 -38.2931
1 271 397 -55.3697
1 231 201 -32.23
1 240 393 -10.6513
1 282 445 -0.733088
1 234 395 -8.19334
1 255 399 -495.05
1 267 483 -800.135
1 261 521 -0.30186
1 244 406 -1.1344
1 288 370 -18.1116
1 162 138 -1.72977
1 164 144 -45.216
1 218 352 -484.269
1 259 459 -4.05354
1 267 360 -2.00778
1 261 433 -2.81032
1 251 431 -914.635
1 292 373 -12.0152
1 265 476 -4.31228
1 235 401 -9.573269999999999
1 271 480 -25.8737
1 259 438 -11.1688
1 250 372 -19.557000000000002
1 279 460 -9.573269999999999
1 268 485 -12.1768
1 272 492 -10.6013
1 243 423 -13.8424
1 259 448 -74.9043
1 271 535 -130.665
1 244 609 -32.5577
1 160 144 -46.736000000000004
1 212 180 -83.1041
1 217 228 -1000.45
1 245 387 -167.668
1 252 431 -1653.33
1 190 304 -483.375
1 251 443 -421.935
1 250 444 -261.001
1 284 437 -1023.79
1 201 245 -18506.0
1 237 397 -1537.98
1 252 401 -1938.37
1 201 299 -10154.1
1 175 170 -15407.6
1 258 419 -220332.0
1 261 540 -0.30186
