1 62 1 3798.3
1 61 2 3770.7
1 60 3 3749.7
1 59 4 3733.5
1 58 5 3721.5
1 57 6 3713.4
1 56 7 3709.2
1 55 8 3709.0
1 54 9 3713.4
1 53 10 3722.5
1 52 11 3736.7
1 51 12 3755.5
1 49 13 3767.8
1 50 13 3777.1
1 48 14 3789.3
1 47 15 3784.5
1 46 16 3776.7
1 45 17 3766.9
1 45 18 3767.6
1 45 19 3768.3
1 44 20 3756.4
1 44 21 3756.2
1 44 22 3755.5
1 44 23 3754.2
1 44 24 3752.2
1 44 25 3749.4
1 44 26 3745.6
1 44 27 3740.7
1 44 28 3734.5
1 44 29 3727.0
1 44 30 3717.9
1 44 31 3707.0
1 44 32 3694.2
1 44 33 3679.1
1 44 34 3661.5
1 44 35 3641.1
1 44 36 3617.4
1 44 37 3589.8
1 44 38 3557.8
1 44 39 3520.3
1 44 40 3476.1
1 44 41 3422.8
1 43 42 3304.0
1 43 43 3265.0
1 43 44 3203.3
1 42 45 3052.1
1 42 46 2997.6
1 40 47 2765.7
1 41 47 2812.0
1 40 48 2729.6
1 40 49 2663.5
1 40 50 2567.6
1 35 78 4859.7
1 35 79 4888.1
1 34 80 4945.1
1 33 81 5025.5
1 32 82 5089.1
1 31 83 5102.5
1 30 84 5114.2
1 29 85 5123.1
1 28 86 5145.4
1 27 87 5164.2
1 26 88 5190.3
1 25 89 5217.8
1 25 90 5254.2
1 24 91 5241.3
1 24 92 5256.5
1 24 93 5293.6
1 24 94 5330.6
1 23 95 5345.7
1 23 96 5386.0
1 23 97 5422.3
1 22 98 5430.3
1 22 99 5471.4
1 22 100 5508.4
1 22 101 5545.7
1 21 102 5566.0
1 21 103 5611.1
1 20 104 5633.2
1 20 105 5675.7
1 19 106 5707.7
1 19 107 5752.1
1 18 108 5788.7
1 18 109 5828.5
1 17 110 5747.7
1 17 111 5758.8
1 17 112 5868.1
1 65 109 6030.5
1 66 109 6027.0
1 67 109 5976.4
1 68 109 5941.6
1 69 109 5951.1
1 62 110 5964.5
1 63 110 6002.2
1 64 110 6023.1
1 70 110 6040.0
1 60 111 5859.4
1 61 111 5880.9
1 71 111 6106.0
1 37 112 5647.1
1 38 112 5707.3
1 39 112 5768.9
1 40 112 5814.4
1 41 112 5851.4
1 42 112 5873.4
1 43 112 5884.6
1 44 112 5893.7
1 45 112 5900.9
1 46 112 5910.4
1 47 112 5919.3
1 48 112 5936.9
1 55 112 5739.6
1 56 112 5761.3
1 57 112 5778.4
1 58 112 5795.2
1 59 112 5810.1
1 72 112 6143.0
1 16 113 5956.8
1 33 113 5631.7
1 34 113 5615.1
1 35 113 5599.2
1 36 113 5578.7
1 49 113 5930.6
1 50 113 5908.4
1 51 113 5855.3
1 52 113 5800.7
1 53 113 5744.1
1 54 113 5707.4
1 73 113 6175.3
1 16 114 6015.9
1 29 114 5721.3
1 30 114 5696.1
1 31 114 5668.3
1 32 114 5633.3
1 74 114 6198.4
1 75 114 6202.5
1 16 115 6072.6
1 25 115 5833.0
1 26 115 5810.2
1 27 115 5781.0
1 28 115 5741.0
1 76 115 6234.3
1 16 116 6127.9
1 21 116 5975.7
1 22 116 5990.6
1 23 116 5903.4
1 24 116 5863.2
1 77 116 6249.5
1 78 116 6247.6
1 79 116 6260.2
1 16 117 6182.1
1 20 117 6023.7
1 80 117 6281.1
1 81 117 6279.2
1 82 117 6258.6
1 83 117 6231.1
1 84 117 6202.0
1 16 118 6219.5
1 17 118 6185.7
1 18 118 6138.6
1 19 118 6085.1
1 85 118 6131.5
1 85 119 6089.7
1 86 120 6072.5
1 86 121 6095.2
1 86 122 6120.0
1 86 123 6137.3
1 86 124 6149.7
1 86 125 6159.3
1 86 126 6166.4
1 86 127 6170.1
1 86 128 6170.7
1 86 129 6169.0
1 86 130 6166.3
1 86 131 6162.1
1 86 132 6155.2
1 86 133 6146.5
1 86 134 6134.7
1 86 135 6118.8
1 86 136 6099.7
1 85 137 6050.6
1 85 138 6037.7
1 84 139 6032.8
1 83 140 6073.8
1 82 141 6157.7
1 82 142 6174.0
1 81 143 6226.7
1 80 144 6287.2
1 79 145 6356.2
1 78 146 6419.8
1 77 147 6487.1
1 76 148 6559.0
1 75 149 6636.4
1 75 150 6700.7
1 75 151 6761.3
1 75 152 6821.9
1 75 153 6868.8
1 76 154 6862.0
1 77 154 6849.2
1 78 154 6839.0
1 79 155 6827.7
1 80 155 6815.1
1 81 156 6797.5
1 82 157 6771.0
1 82 158 6748.6
1 83 158 6734.5
1 84 159 6704.6
1 84 160 6676.8
1 84 161 6652.4
1 84 162 6628.5
1 85 163 6603.4
1 86 164 6574.0
1 87 165 6537.0
1 88 166 6502.2
1 89 167 6468.6
1 90 168 6387.2
1 90 169 6337.2
1 91 170 6269.8
1 92 171 6198.4
1 93 172 6167.7
1 94 173 6141.2
1 94 174 6138.8
1 95 175 6123.4
1 95 176 6109.0
1 95 177 6113.7
1 95 178 6120.7
1 95 179 6126.0
1 96 180 5954.7
1 97 181 5971.7
1 98 182 5989.2
1 99 183 6006.7
1 100 184 6022.5
1 101 185 6037.9
1 102 185 6046.3
1 103 185 6061.9
1 104 186 6096.3
1 105 186 6097.4
1 106 187 6100.6
1 107 188 6096.4
1 108 189 5914.1
1 108 190 5916.1
1 108 191 5917.1
1 108 192 5916.7
1 108 193 5912.5
1 107 194 5707.4
1 107 195 5703.4
1 107 196 5695.6
1 107 197 5685.3
1 107 198 5673.3
1 106 199 5634.9
1 106 200 5622.0
1 105 201 5576.1
1 105 202 5562.9
1 104 203 5522.4
1 104 204 5513.7
1 104 205 5498.7
1 104 206 5477.3
1 104 207 5444.2
1 98 208 5460.6
1 99 208 5470.7
1 100 208 5483.1
1 101 208 5496.0
1 102 208 5513.7
1 103 208 5542.4
1 97 209 5451.3
1 97 210 5450.1
1 97 211 5446.0
1 97 212 5440.7
1 96 213 5424.1
1 95 214 5416.7
1 95 215 5415.4
1 94 216 5408.0
1 94 217 5407.1
1 94 218 5406.4
1 95 219 5410.6
1 96 220 5414.1
1 97 221 5418.0
1 97 222 5416.9
1 98 223 5420.2
1 98 224 5418.8
1 99 225 5422.9
1 99 226 5421.0
1 100 227 5242.1
1 128 227 5398.5
1 129 227 5461.6
1 101 228 5248.0
1 107 228 5142.9
1 108 228 5167.8
1 109 228 5196.4
1 110 228 5228.4
1 111 228 5263.1
1 125 228 5283.4
1 126 228 5309.8
1 127 228 5318.0
1 130 228 5187.6
1 131 228 5194.1
1 132 228 5188.2
1 133 228 5189.3
1 134 228 5195.5
1 135 228 5209.9
1 136 228 5226.9
1 137 228 5240.2
1 138 228 5267.0
1 102 229 5252.8
1 106 229 5280.7
1 112 229 5117.3
1 118 229 5143.6
1 119 229 5162.0
1 120 229 5177.9
1 121 229 5192.0
1 122 229 5203.3
1 123 229 5212.7
1 124 229 5215.2
1 139 229 5340.3
1 103 230 5256.3
1 104 230 5258.9
1 105 230 5261.9
1 113 230 5133.9
1 114 230 5125.4
1 115 230 5121.1
1 116 230 5118.6
1 117 230 5110.7
1 140 230 5307.1
1 139 231 5374.7
1 137 232 5411.3
1 138 232 5410.6
1 136 233 5414.6
1 135 234 5407.4
1 133 235 5374.7
1 134 235 5388.0
1 132 236 5357.8
1 130 237 5314.5
1 131 237 5329.7
1 129 238 5303.3
1 128 239 5287.2
1 127 240 5267.3
1 127 241 5257.5
1 127 242 5244.6
1 128 243 5252.9
1 129 244 5251.2
1 129 245 5238.5
1 130 246 5234.7
1 131 246 5233.6
1 132 246 5236.5
1 133 246 5245.8
1 134 246 5263.2
1 135 246 5289.6
1 136 246 5316.8
1 137 246 5336.8
1 138 246 5358.8
1 139 247 5409.5
1 140 247 5434.0
1 141 247 5471.5
1 142 247 5514.8
1 143 248 5577.8
1 144 249 5671.3
1 144 250 5698.1
1 145 251 5749.9
1 145 252 5775.5
1 145 253 5795.8
1 146 254 5829.1
1 146 255 5826.5
1 146 256 5820.5
1 146 257 5812.6
1 146 258 5802.4
1 146 259 5790.6
1 146 260 5777.2
1 146 261 5764.9
1 146 262 5751.7
1 146 263 5738.5
1 146 264 5728.4
1 146 265 0.0
1 147 266 5482.8
1 147 267 5453.7
1 147 268 5428.8
1 147 269 5389.1
1 147 270 5356.1
1 148 271 5306.0
1 148 272 5279.2
1 148 273 5252.1
1 148 274 5230.3
1 149 274 5215.4
1 149 275 5175.8
1 149 276 5143.6
1 149 277 5091.0
1 149 278 5036.4
1 150 279 5132.7
1 150 280 5087.7
1 150 281 5046.5
1 150 282 5016.2
1 151 283 4932.5
1 151 284 4888.7
1 151 285 4855.4
1 152 286 4761.4
1 152 287 4706.8
1 152 288 4662.5
1 152 289 4628.0
1 153 290 4722.8
1 153 291 4696.3
1 153 292 4704.2
1 154 293 4715.0
1 154 294 4726.6
1 154 295 4736.1
1 154 296 4742.2
1 155 297 4760.1
1 155 298 4763.9
1 156 299 4586.8
1 157 299 4593.1
1 158 299 4602.6
1 159 299 4615.1
1 160 299 4631.1
1 161 299 4650.5
1 162 300 4681.7
1 162 301 4684.5
1 162 302 4683.6
1 162 303 4681.0
1 162 304 4678.3
1 163 305 4857.4
1 163 306 4848.4
1 163 307 4838.6
1 163 308 4829.3
1 163 309 4823.2
1 164 310 5039.4
1 165 311 5081.0
1 166 312 5152.7
1 167 313 5211.3
1 168 314 5244.2
1 168 315 5076.7
1 168 316 5081.0
1 169 316 5088.5
1 169 317 5094.3
1 170 317 5104.1
1 171 318 5105.2
1 171 319 5081.8
1 172 320 5033.9
1 172 321 4986.4
1 172 322 4938.1
1 172 323 4887.1
1 172 324 4847.4
1 173 325 4845.9
1 173 326 4849.5
1 173 327 4851.3
1 174 328 4860.7
1 174 329 4862.3
1 174 330 4863.3
1 175 331 4867.8
1 176 331 4871.8
1 177 331 4877.7
1 178 332 4887.1
1 179 333 4889.7
1 179 334 4886.6
1 179 335 4883.5
1 180 336 4881.0
1 181 337 4872.5
1 181 338 4867.8
1 187 338 4741.0
1 188 338 4762.1
1 189 338 4779.7
1 190 338 4793.4
1 182 339 4858.5
1 186 339 4873.5
1 191 339 4797.0
1 192 339 5216.0
1 182 340 4852.5
1 186 340 4857.8
1 193 340 5215.3
1 182 341 4848.9
1 186 341 4847.8
1 194 341 5215.2
1 195 341 5216.8
1 183 342 4845.3
1 184 342 4845.1
1 185 342 4844.6
1 186 342 4843.5
1 196 342 5216.5
1 196 343 5214.4
1 197 344 5213.3
1 198 345 5210.9
1 199 346 5208.8
1 200 346 5210.4
1 201 346 5212.6
1 202 346 5214.7
1 203 346 5215.5
1 204 346 4438.5
1 205 347 5199.5
1 206 347 5193.3
1 207 348 5398.8
1 207 349 5496.1
1 207 350 5637.0
1 206 351 5696.9
1 205 352 5701.7
1 205 353 5706.2
1 205 354 5711.2
1 206 355 5734.1
1 206 356 5742.3
1 207 357 5767.0
1 208 357 5784.2
1 209 358 5465.4
1 210 359 5522.7
1 211 359 5550.7
1 212 360 5470.5
1 212 361 5507.7
1 208 362 5529.9
1 209 362 5534.6
1 210 362 5541.7
1 211 362 5547.4
1 207 363 5526.1
1 206 364 5520.7
1 206 365 5522.0
1 206 366 5522.2
1 206 367 5521.4
1 206 368 5520.4
1 206 369 5519.2
1 207 369 5525.6
1 208 369 5542.1
1 209 369 5563.8
1 210 369 5588.2
1 211 369 5618.5
1 212 369 5654.9
1 213 369 5699.1
1 214 370 5595.6
1 215 370 5629.4
1 216 372 5626.7
1 214 373 5263.1
1 215 373 5351.3
1 214 374 5220.0
1 213 375 5270.2
1 212 376 5247.8
1 211 377 5194.7
1 211 378 5183.6
1 211 379 5178.1
1 211 380 5180.2
1 211 381 5189.3
1 211 382 5243.7
1 211 383 5293.5
1 212 384 45000.0
1 212 385 45000.0
1 212 386 45000.0
1 212 387 45000.0
1 212 388 45000.0
1 212 389 45000.0
1 212 390 45000.0
1 212 391 45000.0
1 212 392 45000.0
1 212 393 45000.0
1 213 394 45000.0
1 213 395 45000.0
1 213 396 45000.0
1 213 397 45000.0
1 213 398 45000.0
1 213 399 45000.0
1 213 400 45000.0
1 213 401 45000.0
1 213 402 45000.0
1 214 403 45000.0
1 214 404 45000.0
1 214 405 45000.0
1 214 406 45000.0
1 214 407 45000.0
1 214 409 45000.0
1 214 410 45000.0
1 214 411 45000.0
1 214 412 45000.0
1 214 413 45000.0
1 214 414 45000.0
1 214 415 45000.0
1 215 416 45000.0
1 215 417 45000.0
1 227 417 45000.0
1 228 417 45000.0
1 229 417 45000.0
1 216 418 45000.0
1 226 418 45000.0
1 230 418 45000.0
1 217 419 45000.0
1 218 419 45000.0
1 219 419 45000.0
1 220 419 45000.0
1 221 419 45000.0
1 222 419 45000.0
1 223 419 45000.0
1 224 419 45000.0
1 225 419 45000.0
1 229 419 45000.0
1 229 420 45000.0
1 226 421 45000.0
1 227 421 45000.0
1 228 421 45000.0
1 224 422 45000.0
1 225 422 45000.0
1 224 423 45000.0
1 224 424 45000.0
1 225 424 45000.0
1 226 424 45000.0
1 227 424 45000.0
1 228 424 45000.0
1 229 425 45000.0
1 229 426 45000.0
1 229 427 45000.0
1 229 428 45000.0
1 229 429 45000.0
1 228 430 45000.0
1 228 431 45000.0
1 228 432 45000.0
1 228 433 45000.0
1 228 434 45000.0
1 228 435 45000.0
1 229 435 45000.0
1 230 436 45000.0
1 230 437 45000.0
1 230 438 45000.0
1 230 439 45000.0
1 230 440 45000.0
1 230 441 45000.0
1 230 442 45000.0
1 230 443 45000.0
1 230 444 45000.0
1 230 445 45000.0
1 230 446 45000.0
1 230 447 45000.0
1 230 448 45000.0
1 230 449 45000.0
1 230 450 45000.0
1 230 451 45000.0
1 230 452 45000.0
1 230 453 45000.0
1 230 454 45000.0
1 230 455 45000.0
1 230 456 45000.0
1 231 457 45000.0
1 231 458 45000.0
1 231 459 45000.0
1 231 460 45000.0
1 232 461 45000.0
1 232 462 45000.0
1 232 463 45000.0
1 232 464 45000.0
1 233 464 45000.0
1 234 464 45000.0
1 235 464 45000.0
1 236 464 45000.0
1 237 464 45000.0
1 238 464 45000.0
1 239 465 45000.0
1 239 466 45000.0
1 239 467 5337.1
1 238 468 5337.1
1 238 469 5337.1
1 238 470 5337.1
1 239 471 5337.1
1 240 471 5337.1
1 241 472 5337.1
1 242 472 5337.1
1 243 472 5337.1
1 244 473 5337.1
1 245 474 5337.1
1 246 475 5337.1
1 246 476 5337.1
1 246 477 5337.1
1 246 478 5337.1
1 246 479 5337.1
1 246 480 5337.1
1 245 481 5337.1
1 245 482 5337.1
1 244 483 5337.1
1 243 484 5337.1
1 243 485 5337.1
1 243 486 5337.1
1 243 487 5337.1
1 243 488 5337.1
1 243 489 5337.1
1 242 490 5337.1
1 242 491 5337.1
1 241 492 5337.1
1 241 493 5337.1
1 240 494 5337.1
1 239 495 5337.1
1 238 496 5337.1
1 235 497 5337.1
1 236 497 5337.1
1 237 497 5337.1
1 233 498 5337.1
1 234 498 5337.1
1 233 499 5337.1
1 232 500 5337.1
1 231 501 5337.1
1 231 502 5337.1
1 231 503 5337.1
1 231 504 5337.1
1 231 505 5337.1
1 231 506 5337.1
1 231 507 5337.1
1 231 508 5337.1
1 231 509 5337.1
1 231 510 5337.1
1 231 511 5337.1
1 231 512 5337.1
1 231 513 5337.1
1 231 514 5337.1
1 231 515 5337.1
1 232 516 5337.1
1 232 517 5337.1
1 232 518 5337.1
1 233 519 5337.1
1 233 520 5337.1
1 233 521 5337.1
1 234 522 5337.1
1 234 523 5337.1
1 235 524 5337.1
1 235 525 5337.1
1 236 525 5337.1
1 237 525 5337.1
1 238 525 5337.1
1 239 526 5337.1
1 239 527 5337.1
1 240 528 5437.9
1 240 529 5453.1
1 241 530 5519.7
1 241 531 5549.7
1 241 532 5566.6
1 241 533 5578.1
1 241 534 5586.4
1 242 535 5064.8
1 242 536 5076.1
1 243 536 5094.1
1 244 536 5126.6
1 245 536 5155.2
1 246 537 5210.6
1 246 538 5227.7
1 247 539 5267.6
1 248 540 5303.1
1 249 540 5315.2
1 250 540 5331.6
1 251 541 5365.2
1 250 544 5398.8
1 251 544 5401.1
1 245 545 5344.2
1 246 545 5355.4
1 247 545 5374.0
1 248 545 5387.7
1 249 545 5393.2
1 243 546 5317.7
1 244 546 5321.7
1 243 547 5318.4
1 242 548 5314.5
1 242 549 5314.8
1 241 550 5308.6
1 241 551 5306.9
1 240 552 5296.5
1 239 553 5285.5
1 238 554 0.0
1 237 555 5249.9
1 236 556 5248.8
1 236 557 5248.8
1 232 558 5189.1
1 233 558 5186.1
1 234 558 5193.8
1 235 558 5197.3
1 232 559 5201.2
1 231 560 5201.4
1 231 561 5209.8
1 231 562 5216.5
1 231 563 5221.6
1 231 564 5222.9
1 230 565 5389.7
1 230 566 5382.9
1 230 567 5372.0
1 230 568 5359.6
1 215 371 5678.1
1 39 51 6043.2
1 39 52 5967.8
1 38 53 5714.5
1 38 54 5641.8
1 37 55 5375.6
1 36 56 5152.8
1 35 57 4950.0
1 35 58 4889.0
1 35 59 4787.7
1 35 60 8397.7
1 35 61 8262.3
1 35 62 8125.5
1 35 63 7985.2
1 35 64 7841.2
1 35 65 7693.4
1 35 66 7542.6
1 35 67 7395.4
1 35 68 7276.3
1 36 69 10770.0
1 36 70 10502.6
1 36 71 10250.3
1 36 72 10007.1
1 36 73 9772.1
1 36 74 9559.1
1 36 75 9377.7
1 36 76 9287.9
1 36 77 9255.2
1 230 569 5347.0
1 230 570 5333.5
1 230 571 5317.4
1 230 572 5306.0
1 230 573 5316.9
1 230 574 5332.4
1 230 575 5342.6
1 230 576 5344.7
1 230 577 5179.6
1 230 578 5212.8
1 230 579 5245.9
1 230 580 5275.3
1 230 581 5278.4
1 230 582 5283.8
1 230 583 5286.3
1 230 584 5285.4
1 230 585 5282.0
1 230 586 5277.4
1 230 587 5271.3
1 230 588 5267.4
1 229 589 5251.5
1 229 590 5242.2
1 228 591 5219.5
1 228 592 5203.8
1 228 593 5186.5
1 228 594 5164.3
1 227 595 5120.1
1 227 596 5096.9
1 227 597 5068.8
1 227 598 5035.6
1 227 599 4786.4
1 226 600 4700.2
1 226 601 4698.2
1 226 602 4696.9
1 226 603 4697.6
1 225 604 4268.5
1 224 605 4268.5
1 223 606 4290.4
1 222 607 4310.8
1 223 605 4275.0
1 114 114 -1452.0
1 117 120 -728.0010000000001
1 121 111 -118048.0
1 121 113 -103963.0
1 124 115 -34412.4
1 125 116 -115870.0
1 126 120 -7260.0
1 129 121 -3049.2
1 130 122 -728.0010000000001
1 133 112 -33976.8
1 135 194 -1163.6
1 140 168 -19602.0
1 141 191 -2468.4
1 143 126 -33541.2
1 143 190 -145.2
1 144 166 -16552.8
1 144 182 -16698.0
1 145 161 -24974.4
1 146 117 -6388.8
1 146 188 -8857.2
1 146 190 -8421.6
1 147 132 -1597.2
1 147 145 -728.0010000000001
1 148 167 -6098.4
1 148 176 -728.0010000000001
1 148 196 -4646.4
1 149 145 -4936.8
1 150 198 -6534.0
1 151 142 -4210.8
1 151 195 -46173.6
1 152 123 -7986.0
1 152 125 -728.0010000000001
1 152 132 -3486.8
1 153 111 -7260.0
1 153 142 -39930.0
1 153 192 -7114.8
1 154 125 -435.6
1 154 171 -12053.6
1 155 112 -11325.6
1 155 129 -134455.0
1 155 141 -42108.0
1 156 146 -2032.8
1 157 116 -871.2
1 157 135 -7264.0
1 157 140 -16407.6
1 157 251 -9728.4
1 158 133 -13070.0
1 158 137 -16262.4
1 158 181 -19892.4
1 159 119 -40510.8
1 159 173 -17714.4
1 162 119 -1742.4
1 162 121 -31944.0
1 162 128 -197472.0
1 162 132 -2178.0
1 162 140 -1016.4
1 162 167 -1597.2
1 162 169 -290.4
1 163 137 -290.4
1 163 138 -2760.8
1 164 135 -6969.6
1 165 130 -5372.4
1 165 131 -580.8
1 166 126 -290.4
1 167 259 -1161.6
1 168 123 -5517.6
1 168 208 -16407.6
1 170 131 -7405.2
1 170 132 -1742.4
1 170 163 -15826.8
1 171 130 -1306.8
1 171 131 -4356.0
1 171 132 -12777.6
1 172 130 -1887.6
1 174 123 -5227.2
1 174 135 -5517.6
1 175 134 -79279.2
1 175 204 -3775.2
1 176 176 -2323.2
1 176 202 -2323.2
1 178 164 -580.8
1 179 181 -15100.8
1 179 183 -11035.2
1 179 210 -25845.6
1 180 208 -7695.6
1 183 184 -23958.0
1 187 281 -7260.0
1 188 198 -7550.4
1 188 209 -5808.0
1 188 240 -15972.0
1 188 258 -19747.2
1 193 256 -290.4
1 193 260 -10710.7
1 197 204 -8131.2
1 197 252 -2468.4
1 198 298 -746.801
1 199 211 -3630.0
1 199 231 -2323.2
1 199 298 -728.0010000000001
1 200 298 -728.0010000000001
1 201 234 -1887.6
1 203 275 -37606.8
1 203 280 -8421.6
1 204 248 -13448.9
1 205 300 -753.1110000000001
1 206 196 -30346.8
1 206 286 -3912.82
1 206 300 -1456.0
1 211 255 -22070.4
1 212 258 -31218.0
1 213 264 -145.2
1 214 240 -18004.8
1 215 260 -4501.2
1 216 267 -1161.6
1 217 264 -13503.6
1 217 365 -580.8
1 218 179 -11906.4
1 219 310 -9002.4
1 221 223 -1016.4
1 221 246 -4501.2
1 221 284 -396.72
1 222 352 -1706.43
1 222 369 -4646.4
1 223 271 -2904.0
1 224 301 -16552.8
1 224 374 -7499.49
1 226 331 -33228.6
1 226 350 -26.19
1 226 365 -33651.3
1 226 382 -53596.2
1 228 225 -67953.6
1 230 255 -4356.0
1 231 401 -1163.6
1 232 256 -1887.6
1 232 364 -108.36
1 232 370 -7292.73
1 233 337 -728.0010000000001
1 233 376 -2383.97
1 233 394 -1456.0
1 234 304 -3541.9
1 234 393 -778.431
1 235 367 -13.06
1 235 605 -1212.04
1 235 609 -7954.0
1 236 263 -1597.2
1 236 351 -5662.8
1 237 237 -15536.4
1 237 316 -28879.5
1 237 357 -4168.61
1 237 389 -728.0010000000001
1 238 221 -2613.6
1 238 398 -11.3
1 238 605 -3736.52
1 238 609 -1456.0
1 239 250 -871.2
1 239 338 -580.8
1 239 426 -580.8
1 239 605 -3640.0
1 239 606 -2184.0
1 239 619 -728.0010000000001
1 240 380 -728.0010000000001
1 240 426 -728.0010000000001
1 240 608 -2912.0
1 241 335 -6679.2
1 241 342 -2468.4
1 241 604 -728.0010000000001
1 242 311 -5668.16
1 243 371 -19350.2
1 243 389 -3630.0
1 243 422 -145.2
1 243 431 -1341.26
1 243 605 -3640.0
1 244 605 -4368.0
1 244 621 -4276.66
1 245 238 -13358.4
1 245 322 -19602.0
1 245 337 -728.0010000000001
1 245 370 -28.96
1 245 621 -728.0010000000001
1 246 321 -3378.83
1 246 618 -2184.0
1 247 344 -728.0010000000001
1 247 383 -8658.95
1 247 384 -1211320.0
1 248 251 -29784.1
1 248 424 -5953.2
1 248 436 -6243.6
1 248 442 -435.6
1 248 444 -32291.7
1 248 589 -5082.0
1 249 373 -728.0010000000001
1 249 424 -728.0010000000001
1 249 430 -22070.7
1 249 436 -4311.93
1 249 606 -3640.0
1 250 326 -2390.84
1 250 424 -728.0010000000001
1 250 425 -493535.0
1 250 431 -20760.6
1 250 595 -2474.4
1 251 356 -48138.4
1 251 408 -791.59
1 251 456 -1018.4
1 251 457 -35.11
1 251 594 -728.0010000000001
1 251 595 -749.191
1 251 596 -1456.0
1 252 230 -23667.6
1 252 285 -1887.6
1 252 329 -27092.6
1 252 450 -580.8
1 252 595 -728.0010000000001
1 252 606 -728.0010000000001
1 253 298 -3920.4
1 253 331 -12730.9
1 253 332 -14303.8
1 253 416 -145.2
1 253 445 -60034.7
1 254 338 -6098.4
1 254 367 -580.8
1 254 407 -116307.0
1 254 597 -728.0010000000001
1 254 607 -728.0010000000001
1 255 381 -33105.6
1 255 383 -11616.0
1 255 388 -28023.6
1 255 395 -2178.0
1 255 420 -8712.0
1 255 439 -15100.8
1 255 443 -60414.8
1 255 595 -728.0010000000001
1 255 596 -728.0010000000001
1 255 606 -728.0010000000001
1 255 609 -1456.0
1 255 610 -933.97
1 256 314 -6409.28
1 256 335 -7695.6
1 256 341 -290.4
1 256 413 -2178.0
1 256 586 -48606.9
1 256 593 -2912.0
1 257 238 -580.8
1 257 324 -1630.34
1 257 576 -4311.93
1 257 599 -95679.8
1 257 600 -102511.0
1 258 325 -10.87
1 258 336 -2281.83
1 258 418 -285012.0
1 258 442 -709946.0
1 258 464 -3339.6
1 258 585 -4368.0
1 258 595 -1456.0
1 258 601 -3842.63
1 258 602 -19726.8
1 259 340 -5810.0
1 259 405 -1318.98
1 259 588 -34529.7
1 259 592 -1041.84
1 259 593 -1041.84
1 260 342 -11035.2
1 260 349 -726.0
1 260 358 -14665.2
1 260 407 -2718970.0
1 260 413 -23333.4
1 260 424 -244.55
1 260 461 -2032.8
1 260 463 -25700.4
1 260 464 -23086.8
1 260 585 -9410.0
1 260 586 -23181.4
1 261 337 -3775.2
1 261 355 -23667.6
1 261 381 -292801.0
1 261 395 -102201.0
1 261 416 -24393.6
1 261 418 -728.0010000000001
1 261 429 -33175.1
1 261 464 -10018.8
1 261 492 -728.0010000000001
1 261 571 -21054.0
1 261 576 -13242.2
1 262 345 -4646.4
1 262 540 -257.05
1 262 564 -23091.1
1 262 568 -21925.2
1 262 570 -88281.6
1 262 571 -290.4
1 263 471 -21634.8
1 263 477 -152605.0
1 263 520 -1456.0
1 263 582 -7151.92
1 264 265 -16117.2
1 264 345 -15536.4
1 264 355 -290.4
1 264 367 -728.0010000000001
1 264 383 -84602.1
1 264 407 -3049.2
1 264 428 -137312.0
1 264 468 -55.65
1 264 471 -580.8
1 264 476 -145.2
1 264 477 -211556.0
1 264 523 -2619.6
1 264 524 -435.6
1 264 549 -2862.45
1 265 364 -16188.7
1 265 374 -14593.5
1 265 380 -20.22
1 265 422 -269091.0
1 266 337 -728.0010000000001
1 266 340 -290.4
1 266 462 -145.2
1 267 391 -435.6
1 267 396 -40075.2
1 267 463 -1597.2
1 267 555 -728.0010000000001
1 267 556 -728.0010000000001
1 268 333 -580.8
1 268 334 -145.2
1 268 436 -2996610.0
1 268 455 -10.0
1 268 479 -726.0
1 268 480 -435.6
1 268 489 -2543.12
1 269 363 -728.0010000000001
1 269 397 -76665.6
1 269 450 -1161.6
1 269 456 -9142.53
1 269 541 -728.0010000000001
1 270 337 -4210.8
1 270 412 -117350.0
1 270 417 -159993.0
1 270 429 -1013.42
1 270 481 -728.0010000000001
1 270 483 -1383.83
1 270 484 -728.0010000000001
1 270 486 -4488.88
1 270 498 -12632.4
1 271 319 -48673.1
1 271 371 -871.2
1 271 415 -61395.1
1 271 485 -258.79
1 271 493 -104142.0
1 271 498 -9292.8
1 271 537 -85409.0
1 272 336 -12368.9
1 272 337 -597.79
1 272 351 -3920.4
1 272 366 -6388.8
1 272 368 -138649.0
1 272 388 -680601.0
1 272 396 -5082.0
1 272 450 -5517.6
1 272 451 -16988.4
1 272 453 -580.8
1 272 462 -1900940.0
1 272 491 -11.96
1 272 497 -36116.1
1 272 498 -36009.6
1 272 530 -6894.03
1 272 532 -138576.0
1 272 535 -309.14
1 273 363 -4065.6
1 273 392 -420.95
1 273 480 -3630.0
1 273 510 -1889.6
1 273 516 -16673.0
1 273 517 -246882.0
1 273 518 -201.95
1 274 409 -1597.2
1 274 520 -21344.4
1 275 367 -60258.0
1 275 441 -56441.2
1 275 450 -3194.4
1 275 506 -580.8
1 276 366 -84796.8
1 276 392 -1452.0
1 276 446 -1887.6
1 276 474 -19629.8
1 277 294 -48642.0
1 277 390 -9147.6
1 277 407 -1154980.0
1 277 431 -735.24
1 277 472 -21761.2
1 277 480 -55629.0
1 277 482 -145.2
1 278 365 -14229.6
1 278 435 -512.44
1 278 482 -3339.6
1 279 310 -27618.0
1 279 336 -290.4
1 279 433 -150948.0
1 279 438 -263077.0
1 279 475 -68564.9
1 279 485 -5953.2
1 280 365 -8276.4
1 280 433 -70654.7
1 280 442 -18876.0
1 280 469 -31760.6
1 280 471 -40673.4
1 281 458 -1906670.0
1 282 409 -6098.4
1 282 424 -1306.8
1 282 430 -290.4
1 282 436 -17877.6
1 282 454 -1394.74
1 283 354 -1161.6
1 283 429 -286915.0
1 283 449 -18002.4
1 283 452 -61185.7
1 283 455 -42715.4
1 283 468 -37876.1
1 284 339 -32324.6
1 284 457 -4936.8
1 284 463 -111.4
1 284 481 -3505.24
1 285 336 -1887.6
1 285 374 -1016.4
1 285 467 -188075.0
1 285 475 -66376.9
1 286 330 -47069.0
1 286 425 -2462.68
1 286 475 -30871.3
1 286 477 -86593.9
1 287 388 -23591.1
1 287 426 -728.0010000000001
1 287 477 -45955.0
1 288 419 -11035.2
1 288 423 -1223.52
1 288 426 -728.0010000000001
1 289 351 -290.4
1 289 404 -156232.0
1 289 459 -17.82
1 289 468 -2018.58
1 290 382 -13635.4
1 290 402 -14691.1
1 290 411 -4501.2
1 290 412 -7114.8
1 290 413 -871.2
1 291 355 -7038.52
1 291 373 -871.2
1 292 365 -13358.4
1 292 416 -1016.4
1 292 469 -9152.67
1 294 435 -25845.6
1 294 447 -38473.3
1 294 458 -173299.0
1 295 356 -48.04
1 295 391 -21634.8
1 296 388 -2130.97
1 296 398 -75253.3
1 296 433 -2032.8
1 297 381 -5517.6
1 297 395 -87159.8
1 297 401 -21901.4
1 297 402 -40.1
1 297 413 -1267260.0
1 297 415 -63307.2
1 297 442 -51489.4
1 298 390 -5662.8
1 299 354 -290.4
1 299 355 -731.14
1 299 387 -39.56
1 102 110 -728.0010000000001
1 102 113 -728.0010000000001
1 103 100 -728.0010000000001
1 103 104 -728.0010000000001
1 104 115 -728.0010000000001
1 105 115 -728.0010000000001
1 105 139 -728.0010000000001
1 108 117 -728.0010000000001
1 109 112 -728.0010000000001
1 111 155 -728.0010000000001
1 111 208 -728.0010000000001
1 112 181 -728.0010000000001
1 113 111 -728.0010000000001
1 113 159 -728.0010000000001
1 113 211 -728.0010000000001
1 114 173 -728.0010000000001
1 114 212 -1456.0
1 115 212 -1456.0
1 116 121 -728.0010000000001
1 116 150 -728.0010000000001
1 116 166 -728.0010000000001
1 117 119 -728.0010000000001
1 117 168 -728.0010000000001
1 117 210 -728.0010000000001
1 119 194 -728.0010000000001
1 119 202 -728.0010000000001
1 119 96 -728.0010000000001
1 120 155 -728.0010000000001
1 120 94 -728.0010000000001
1 121 187 -728.0010000000001
1 123 110 -728.0010000000001
1 123 111 -728.0010000000001
1 123 158 -728.0010000000001
1 123 168 -728.0010000000001
1 123 193 -728.0010000000001
1 123 202 -1456.0
1 125 150 -728.0010000000001
1 125 151 -728.0010000000001
1 125 193 -728.0010000000001
1 125 194 -728.0010000000001
1 126 121 -728.0010000000001
1 126 191 -728.0010000000001
1 126 195 -728.0010000000001
1 127 150 -728.0010000000001
1 127 160 -728.0010000000001
1 127 169 -728.0010000000001
1 127 195 -728.0010000000001
1 127 199 -1456.0
1 128 122 -728.0010000000001
1 128 148 -728.0010000000001
1 128 149 -728.0010000000001
1 128 152 -728.0010000000001
1 128 153 -728.0010000000001
1 128 154 -728.0010000000001
1 128 157 -728.0010000000001
1 128 199 -728.0010000000001
1 129 117 -728.0010000000001
1 129 119 -728.0010000000001
1 129 122 -728.0010000000001
1 129 146 -728.0010000000001
1 129 154 -1456.0
1 129 162 -728.0010000000001
1 129 176 -728.0010000000001
1 130 120 -728.0010000000001
1 130 154 -728.0010000000001
1 130 155 -728.0010000000001
1 130 156 -2184.0
1 130 194 -728.0010000000001
1 131 112 -728.0010000000001
1 131 121 -728.0010000000001
1 131 122 -728.0010000000001
1 131 150 -728.0010000000001
1 131 156 -728.0010000000001
1 131 157 -728.0010000000001
1 131 158 -728.0010000000001
1 131 161 -1456.0
1 131 198 -728.0010000000001
1 132 112 -728.0010000000001
1 132 155 -728.0010000000001
1 132 156 -728.0010000000001
1 132 160 -728.0010000000001
1 132 161 -1456.0
1 133 155 -728.0010000000001
1 133 159 -728.0010000000001
1 133 160 -1456.0
1 133 192 -1456.0
1 133 193 -728.0010000000001
1 134 148 -728.0010000000001
1 134 150 -728.0010000000001
1 134 151 -728.0010000000001
1 134 156 -728.0010000000001
1 134 191 -728.0010000000001
1 134 193 -2912.0
1 135 148 -3640.0
1 135 149 -1456.0
1 135 156 -728.0010000000001
1 135 157 -728.0010000000001
1 135 193 -2184.0
1 136 147 -728.0010000000001
1 136 148 -728.0010000000001
1 136 149 -728.0010000000001
1 136 150 -1456.0
1 136 153 -728.0010000000001
1 136 155 -728.0010000000001
1 137 148 -728.0010000000001
1 137 150 -728.0010000000001
1 137 153 -1456.0
1 137 154 -728.0010000000001
1 137 157 -2184.0
1 137 175 -728.0010000000001
1 137 206 -728.0010000000001
1 138 151 -728.0010000000001
1 138 152 -728.0010000000001
1 138 153 -2184.0
1 138 168 -728.0010000000001
1 138 169 -728.0010000000001
1 139 151 -728.0010000000001
1 140 138 -728.0010000000001
1 140 155 -2912.0
1 140 156 -728.0010000000001
1 140 171 -728.0010000000001
1 140 180 -728.0010000000001
1 141 149 -728.0010000000001
1 141 154 -1456.0
1 141 157 -728.0010000000001
1 141 171 -728.0010000000001
1 141 199 -1456.0
1 142 155 -728.0010000000001
1 142 156 -728.0010000000001
1 142 157 -728.0010000000001
1 142 158 -728.0010000000001
1 142 174 -728.0010000000001
1 142 179 -728.0010000000001
1 142 201 -728.0010000000001
1 143 146 -728.0010000000001
1 143 157 -2184.0
1 144 142 -1456.0
1 144 173 -728.0010000000001
1 145 142 -728.0010000000001
1 145 143 -728.0010000000001
1 145 151 -728.0010000000001
1 145 187 -728.0010000000001
1 145 226 -728.0010000000001
1 146 140 -728.0010000000001
1 146 141 -1456.0
1 146 145 -728.0010000000001
1 146 208 -728.0010000000001
1 146 229 -728.0010000000001
1 146 230 -728.0010000000001
1 146 232 -728.0010000000001
1 147 139 -2184.0
1 147 140 -728.0010000000001
1 147 141 -728.0010000000001
1 147 142 -728.0010000000001
1 147 229 -728.0010000000001
1 147 230 -728.0010000000001
1 147 233 -728.0010000000001
1 147 239 -728.0010000000001
1 147 240 -728.0010000000001
1 148 217 -728.0010000000001
1 148 221 -728.0010000000001
1 149 127 -728.0010000000001
1 149 147 -728.0010000000001
1 149 154 -728.0010000000001
1 149 222 -728.0010000000001
1 149 253 -728.0010000000001
1 150 160 -728.0010000000001
1 150 164 -728.0010000000001
1 150 177 -728.0010000000001
1 150 227 -728.0010000000001
1 150 236 -728.0010000000001
1 151 128 -728.0010000000001
1 151 228 -728.0010000000001
1 152 153 -728.0010000000001
1 152 173 -728.0010000000001
1 152 176 -728.0010000000001
1 152 222 -728.0010000000001
1 152 228 -728.0010000000001
1 153 126 -728.0010000000001
1 153 136 -728.0010000000001
1 153 155 -728.0010000000001
1 153 232 -728.0010000000001
1 153 238 -728.0010000000001
1 153 253 -728.0010000000001
1 154 126 -728.0010000000001
1 154 133 -728.0010000000001
1 154 161 -728.0010000000001
1 154 172 -728.0010000000001
1 154 220 -728.0010000000001
1 154 244 -728.0010000000001
1 155 170 -1456.0
1 155 216 -728.0010000000001
1 155 262 -728.0010000000001
1 156 160 -728.0010000000001
1 156 211 -728.0010000000001
1 156 223 -728.0010000000001
1 157 132 -728.0010000000001
1 157 133 -728.0010000000001
1 157 134 -2184.0
1 157 136 -728.0010000000001
1 157 194 -728.0010000000001
1 157 207 -728.0010000000001
1 157 240 -728.0010000000001
1 158 135 -728.0010000000001
1 158 248 -728.0010000000001
1 159 152 -728.0010000000001
1 159 231 -728.0010000000001
1 159 240 -728.0010000000001
1 159 247 -728.0010000000001
1 159 248 -728.0010000000001
1 159 250 -728.0010000000001
1 159 251 -728.0010000000001
1 159 257 -728.0010000000001
1 160 133 -728.0010000000001
1 160 249 -1456.0
1 160 251 -1456.0
1 160 252 -728.0010000000001
1 160 253 -728.0010000000001
1 160 262 -728.0010000000001
1 161 144 -1456.0
1 161 251 -728.0010000000001
1 161 253 -728.0010000000001
1 162 137 -1456.0
1 162 252 -1456.0
1 162 253 -728.0010000000001
1 163 152 -728.0010000000001
1 163 190 -728.0010000000001
1 163 236 -728.0010000000001
1 164 278 -728.0010000000001
1 164 290 -728.0010000000001
1 164 299 -728.0010000000001
1 165 133 -1456.0
1 165 134 -1456.0
1 165 135 -728.0010000000001
1 165 290 -728.0010000000001
1 166 131 -728.0010000000001
1 166 132 -728.0010000000001
1 166 133 -1456.0
1 166 134 -728.0010000000001
1 166 135 -728.0010000000001
1 166 210 -728.0010000000001
1 166 254 -728.0010000000001
1 166 255 -728.0010000000001
1 167 127 -728.0010000000001
1 167 132 -1456.0
1 167 133 -1456.0
1 167 134 -2184.0
1 167 256 -728.0010000000001
1 167 288 -728.0010000000001
1 167 294 -728.0010000000001
1 168 130 -728.0010000000001
1 168 131 -728.0010000000001
1 168 132 -2912.0
1 168 133 -2912.0
1 168 286 -728.0010000000001
1 168 287 -1456.0
1 168 291 -1456.0
1 169 128 -1456.0
1 169 129 -2912.0
1 169 131 -728.0010000000001
1 169 132 -3640.0
1 169 133 -2184.0
1 169 134 -6552.01
1 169 135 -728.0010000000001
1 169 236 -728.0010000000001
1 169 260 -728.0010000000001
1 169 271 -728.0010000000001
1 169 287 -728.0010000000001
1 169 290 -728.0010000000001
1 170 133 -2184.0
1 170 134 -8736.01
1 170 136 -728.0010000000001
1 170 187 -728.0010000000001
1 170 256 -728.0010000000001
1 170 287 -728.0010000000001
1 170 292 -728.0010000000001
1 171 133 -1456.0
1 171 134 -728.0010000000001
1 171 136 -3640.0
1 171 290 -728.0010000000001
1 172 257 -728.0010000000001
1 172 284 -728.0010000000001
1 172 295 -1456.0
1 172 311 -728.0010000000001
1 173 258 -728.0010000000001
1 173 278 -728.0010000000001
1 173 290 -728.0010000000001
1 173 292 -728.0010000000001
1 173 293 -1456.0
1 173 294 -728.0010000000001
1 174 124 -728.0010000000001
1 174 253 -728.0010000000001
1 174 261 -728.0010000000001
1 174 270 -728.0010000000001
1 174 283 -728.0010000000001
1 174 289 -728.0010000000001
1 174 293 -728.0010000000001
1 175 260 -728.0010000000001
1 175 288 -728.0010000000001
1 175 292 -1456.0
1 175 293 -728.0010000000001
1 175 296 -728.0010000000001
1 175 305 -728.0010000000001
1 176 274 -728.0010000000001
1 176 305 -728.0010000000001
1 177 289 -728.0010000000001
1 177 290 -728.0010000000001
1 178 243 -728.0010000000001
1 178 280 -728.0010000000001
1 178 285 -728.0010000000001
1 178 302 -728.0010000000001
1 178 305 -728.0010000000001
1 178 306 -728.0010000000001
1 178 311 -728.0010000000001
1 179 278 -728.0010000000001
1 179 285 -728.0010000000001
1 180 149 -728.0010000000001
1 180 286 -728.0010000000001
1 181 297 -728.0010000000001
1 181 307 -728.0010000000001
1 181 308 -728.0010000000001
1 183 242 -728.0010000000001
1 183 285 -728.0010000000001
1 183 295 -728.0010000000001
1 183 308 -728.0010000000001
1 183 309 -728.0010000000001
1 183 318 -728.0010000000001
1 184 263 -728.0010000000001
1 184 285 -728.0010000000001
1 184 313 -728.0010000000001
1 184 319 -728.0010000000001
1 185 257 -728.0010000000001
1 185 305 -728.0010000000001
1 185 306 -728.0010000000001
1 185 307 -728.0010000000001
1 185 315 -728.0010000000001
1 186 255 -728.0010000000001
1 186 265 -728.0010000000001
1 186 307 -1456.0
1 186 310 -728.0010000000001
1 188 262 -728.0010000000001
1 188 294 -728.0010000000001
1 188 295 -728.0010000000001
1 189 295 -728.0010000000001
1 189 309 -728.0010000000001
1 190 307 -728.0010000000001
1 190 308 -728.0010000000001
1 190 324 -728.0010000000001
1 191 292 -1456.0
1 191 304 -728.0010000000001
1 191 305 -728.0010000000001
1 192 258 -728.0010000000001
1 192 284 -728.0010000000001
1 192 304 -728.0010000000001
1 192 316 -728.0010000000001
1 192 319 -728.0010000000001
1 193 262 -728.0010000000001
1 193 301 -728.0010000000001
1 193 311 -728.0010000000001
1 193 313 -1456.0
1 194 284 -728.0010000000001
1 194 313 -728.0010000000001
1 195 269 -728.0010000000001
1 195 287 -728.0010000000001
1 195 289 -728.0010000000001
1 195 300 -728.0010000000001
1 195 311 -728.0010000000001
1 195 313 -728.0010000000001
1 196 269 -728.0010000000001
1 196 275 -728.0010000000001
1 196 303 -728.0010000000001
1 196 324 -728.0010000000001
1 196 333 -728.0010000000001
1 197 264 -728.0010000000001
1 197 283 -728.0010000000001
1 197 300 -728.0010000000001
1 197 322 -728.0010000000001
1 197 325 -728.0010000000001
1 198 242 -728.0010000000001
1 198 276 -1456.0
1 198 309 -728.0010000000001
1 198 311 -728.0010000000001
1 199 283 -728.0010000000001
1 199 311 -728.0010000000001
1 199 324 -728.0010000000001
1 200 280 -728.0010000000001
1 200 286 -728.0010000000001
1 200 296 -728.0010000000001
1 200 299 -728.0010000000001
1 200 306 -728.0010000000001
1 200 307 -728.0010000000001
1 200 312 -728.0010000000001
1 200 343 -728.0010000000001
1 200 345 -728.0010000000001
1 201 257 -728.0010000000001
1 202 280 -728.0010000000001
1 202 287 -728.0010000000001
1 202 297 -728.0010000000001
1 202 301 -728.0010000000001
1 202 302 -728.0010000000001
1 203 215 -728.0010000000001
1 203 304 -728.0010000000001
1 203 305 -728.0010000000001
1 203 309 -728.0010000000001
1 203 315 -728.0010000000001
1 205 263 -728.0010000000001
1 205 303 -728.0010000000001
1 205 304 -728.0010000000001
1 205 317 -728.0010000000001
1 205 318 -728.0010000000001
1 205 319 -728.0010000000001
1 206 264 -728.0010000000001
1 206 270 -728.0010000000001
1 206 301 -728.0010000000001
1 206 304 -728.0010000000001
1 206 315 -728.0010000000001
1 206 317 -1456.0
1 207 262 -728.0010000000001
1 207 300 -728.0010000000001
1 207 301 -1456.0
1 207 303 -728.0010000000001
1 207 304 -728.0010000000001
1 207 306 -1456.0
1 207 315 -728.0010000000001
1 207 317 -728.0010000000001
1 208 298 -1456.0
1 208 299 -1456.0
1 208 306 -728.0010000000001
1 208 317 -728.0010000000001
1 208 328 -728.0010000000001
1 209 284 -728.0010000000001
1 209 297 -728.0010000000001
1 209 302 -728.0010000000001
1 210 284 -728.0010000000001
1 210 301 -728.0010000000001
1 210 302 -728.0010000000001
1 210 342 -728.0010000000001
1 211 301 -728.0010000000001
1 211 321 -728.0010000000001
1 212 295 -728.0010000000001
1 212 347 -728.0010000000001
1 213 226 -728.0010000000001
1 213 287 -728.0010000000001
1 213 303 -728.0010000000001
1 213 329 -728.0010000000001
1 214 319 -728.0010000000001
1 215 289 -728.0010000000001
1 215 311 -728.0010000000001
1 215 353 -728.0010000000001
1 216 323 -728.0010000000001
1 216 341 -728.0010000000001
1 217 244 -728.0010000000001
1 217 249 -728.0010000000001
1 217 351 -728.0010000000001
1 218 209 -728.0010000000001
1 218 243 -728.0010000000001
1 218 292 -728.0010000000001
1 218 345 -1456.0
1 221 240 -728.0010000000001
1 221 611 -728.0010000000001
1 222 254 -728.0010000000001
1 222 362 -728.0010000000001
1 224 338 -728.0010000000001
1 224 359 -728.0010000000001
1 225 323 -728.0010000000001
1 225 329 -728.0010000000001
1 225 332 -728.0010000000001
1 225 368 -728.0010000000001
1 225 373 -728.0010000000001
1 225 378 -728.0010000000001
1 225 382 -1456.0
1 226 323 -728.0010000000001
1 226 388 -1456.0
1 226 618 -728.0010000000001
1 227 315 -728.0010000000001
1 228 606 -728.0010000000001
1 229 385 -1456.0
1 229 392 -728.0010000000001
1 229 393 -728.0010000000001
1 229 397 -2912.0
1 229 618 -3640.0
1 230 338 -728.0010000000001
1 230 373 -1456.0
1 230 384 -728.0010000000001
1 230 392 -1456.0
1 230 393 -2912.0
1 230 396 -728.0010000000001
1 230 605 -728.0010000000001
1 231 343 -728.0010000000001
1 231 383 -728.0010000000001
1 231 392 -3640.0
1 231 393 -8008.01
1 231 398 -728.0010000000001
1 231 603 -728.0010000000001
1 231 607 -1456.0
1 232 259 -728.0010000000001
1 232 300 -728.0010000000001
1 232 384 -728.0010000000001
1 232 389 -728.0010000000001
1 232 393 -4368.0
1 232 394 -2912.0
1 232 405 -728.0010000000001
1 232 604 -1456.0
1 232 606 -1456.0
1 232 607 -2184.0
1 232 608 -728.0010000000001
1 233 373 -728.0010000000001
1 233 393 -728.0010000000001
1 233 403 -728.0010000000001
1 233 406 -2912.0
1 233 601 -1456.0
1 233 602 -728.0010000000001
1 234 374 -728.0010000000001
1 234 388 -728.0010000000001
1 234 389 -728.0010000000001
1 234 406 -2184.0
1 234 407 -1456.0
1 234 601 -728.0010000000001
1 234 602 -1456.0
1 234 603 -2184.0
1 234 604 -728.0010000000001
1 234 605 -1456.0
1 234 606 -728.0010000000001
1 234 609 -728.0010000000001
1 234 620 -728.0010000000001
1 234 621 -728.0010000000001
1 235 342 -728.0010000000001
1 235 368 -728.0010000000001
1 235 389 -728.0010000000001
1 235 392 -728.0010000000001
1 235 404 -728.0010000000001
1 235 406 -728.0010000000001
1 235 599 -728.0010000000001
1 235 600 -1456.0
1 235 602 -2184.0
1 235 603 -728.0010000000001
1 235 606 -728.0010000000001
1 235 608 -728.0010000000001
1 236 256 -728.0010000000001
1 236 359 -728.0010000000001
1 236 377 -1456.0
1 236 378 -728.0010000000001
1 236 389 -1456.0
1 236 600 -728.0010000000001
1 236 601 -728.0010000000001
1 236 602 -1456.0
1 236 605 -728.0010000000001
1 236 606 -728.0010000000001
1 236 607 -728.0010000000001
1 236 620 -728.0010000000001
1 237 330 -728.0010000000001
1 237 377 -728.0010000000001
1 237 384 -728.0010000000001
1 237 388 -728.0010000000001
1 237 605 -1456.0
1 237 606 -2184.0
1 237 607 -1456.0
1 237 608 -3640.0
1 237 609 -2184.0
1 237 620 -728.0010000000001
1 238 346 -728.0010000000001
1 238 391 -728.0010000000001
1 238 410 -728.0010000000001
1 238 602 -728.0010000000001
1 238 603 -728.0010000000001
1 238 606 -3640.0
1 238 607 -4368.0
1 238 608 -2912.0
1 238 610 -728.0010000000001
1 239 297 -728.0010000000001
1 239 323 -728.0010000000001
1 239 404 -728.0010000000001
1 239 601 -728.0010000000001
1 239 603 -728.0010000000001
1 239 607 -1456.0
1 239 608 -2912.0
1 239 609 -2184.0
1 239 610 -1456.0
1 239 615 -1456.0
1 240 267 -728.0010000000001
1 240 319 -728.0010000000001
1 240 327 -728.0010000000001
1 240 352 -728.0010000000001
1 240 374 -1456.0
1 240 392 -1456.0
1 240 396 -728.0010000000001
1 240 406 -728.0010000000001
1 240 603 -728.0010000000001
1 240 605 -2184.0
1 240 606 -2912.0
1 240 607 -1456.0
1 240 620 -1456.0
1 240 621 -728.0010000000001
1 241 339 -728.0010000000001
1 241 352 -728.0010000000001
1 241 370 -1456.0
1 241 375 -728.0010000000001
1 241 409 -728.0010000000001
1 241 577 -728.0010000000001
1 241 603 -1456.0
1 241 605 -2184.0
1 241 606 -1456.0
1 241 607 -1456.0
1 241 608 -1456.0
1 241 609 -3640.0
1 241 610 -728.0010000000001
1 241 611 -728.0010000000001
1 241 620 -728.0010000000001
1 241 621 -728.0010000000001
1 242 314 -728.0010000000001
1 242 318 -728.0010000000001
1 242 336 -728.0010000000001
1 242 338 -728.0010000000001
1 242 339 -728.0010000000001
1 242 373 -2184.0
1 242 374 -4368.0
1 242 406 -1456.0
1 242 603 -1456.0
1 242 604 -5096.0
1 242 605 -6552.01
1 242 606 -2184.0
1 242 607 -3640.0
1 242 608 -3640.0
1 242 609 -2184.0
1 242 610 -2184.0
1 242 616 -728.0010000000001
1 242 622 -728.0010000000001
1 242 623 -2184.0
1 243 366 -728.0010000000001
1 243 369 -728.0010000000001
1 243 372 -1456.0
1 243 373 -5824.0
1 243 374 -2184.0
1 243 386 -728.0010000000001
1 243 391 -728.0010000000001
1 243 405 -728.0010000000001
1 243 406 -728.0010000000001
1 243 407 -1456.0
1 243 409 -728.0010000000001
1 243 577 -728.0010000000001
1 243 606 -5096.0
1 243 607 -3640.0
1 243 608 -1456.0
1 243 609 -4368.0
1 243 620 -728.0010000000001
1 243 622 -1456.0
1 243 623 -5824.0
1 244 371 -728.0010000000001
1 244 372 -1456.0
1 244 373 -2184.0
1 244 415 -728.0010000000001
1 244 598 -728.0010000000001
1 244 606 -2912.0
1 244 607 -728.0010000000001
1 244 611 -728.0010000000001
1 244 616 -728.0010000000001
1 244 622 -728.0010000000001
1 244 623 -2912.0
1 244 624 -728.0010000000001
1 245 312 -728.0010000000001
1 245 315 -728.0010000000001
1 245 326 -728.0010000000001
1 245 335 -728.0010000000001
1 245 338 -728.0010000000001
1 245 356 -1456.0
1 245 371 -728.0010000000001
1 245 413 -728.0010000000001
1 245 586 -728.0010000000001
1 245 604 -728.0010000000001
1 245 605 -2184.0
1 245 606 -3640.0
1 245 607 -2912.0
1 245 609 -3640.0
1 245 610 -1456.0
1 245 612 -1456.0
1 245 616 -1456.0
1 245 619 -728.0010000000001
1 245 620 -1456.0
1 245 622 -728.0010000000001
1 246 214 -728.0010000000001
1 246 342 -728.0010000000001
1 246 356 -728.0010000000001
1 246 357 -728.0010000000001
1 246 374 -728.0010000000001
1 246 413 -728.0010000000001
1 246 590 -728.0010000000001
1 246 599 -728.0010000000001
1 246 600 -4368.0
1 246 605 -2912.0
1 246 606 -5096.0
1 246 607 -2912.0
1 246 610 -728.0010000000001
1 246 612 -1456.0
1 246 614 -728.0010000000001
1 246 615 -728.0010000000001
1 246 623 -728.0010000000001
1 247 314 -728.0010000000001
1 247 331 -728.0010000000001
1 247 367 -1456.0
1 247 368 -3640.0
1 247 387 -1456.0
1 247 413 -728.0010000000001
1 247 578 -728.0010000000001
1 247 597 -728.0010000000001
1 247 598 -5096.0
1 247 599 -4368.0
1 247 600 -7280.01
1 247 601 -7280.01
1 247 605 -1456.0
1 247 609 -1456.0
1 247 610 -1456.0
1 247 611 -2912.0
1 247 612 -2912.0
1 247 613 -1456.0
1 247 618 -1456.0
1 247 619 -728.0010000000001
1 247 623 -728.0010000000001
1 248 307 -728.0010000000001
1 248 367 -728.0010000000001
1 248 368 -2912.0
1 248 371 -1456.0
1 248 372 -3640.0
1 248 387 -1456.0
1 248 388 -4368.0
1 248 413 -728.0010000000001
1 248 416 -728.0010000000001
1 248 529 -728.0010000000001
1 248 567 -728.0010000000001
1 248 596 -5096.0
1 248 597 -3640.0
1 248 598 -7280.01
1 248 599 -4368.0
1 248 600 -2912.0
1 248 601 -4368.0
1 248 602 -2184.0
1 248 605 -728.0010000000001
1 248 608 -728.0010000000001
1 248 609 -1456.0
1 248 610 -2184.0
1 248 611 -4368.0
1 248 612 -4368.0
1 248 613 -5096.0
1 248 618 -728.0010000000001
1 248 619 -728.0010000000001
1 248 620 -728.0010000000001
1 248 623 -1456.0
1 249 333 -728.0010000000001
1 249 334 -728.0010000000001
1 249 365 -1456.0
1 249 366 -2184.0
1 249 367 -728.0010000000001
1 249 368 -2184.0
1 249 371 -728.0010000000001
1 249 387 -728.0010000000001
1 249 388 -728.0010000000001
1 249 400 -728.0010000000001
1 249 412 -728.0010000000001
1 249 567 -728.0010000000001
1 249 593 -1456.0
1 249 595 -4368.0
1 249 596 -5096.0
1 249 597 -8008.01
1 249 603 -2184.0
1 249 604 -5824.0
1 249 605 -3640.0
1 249 607 -2912.0
1 249 609 -728.0010000000001
1 249 610 -1456.0
1 249 611 -3640.0
1 249 612 -6552.01
1 249 613 -1456.0
1 249 618 -728.0010000000001
1 249 623 -728.0010000000001
1 250 331 -728.0010000000001
1 250 355 -728.0010000000001
1 250 365 -1456.0
1 250 366 -3640.0
1 250 367 -2184.0
1 250 368 -728.0010000000001
1 250 369 -1456.0
1 250 370 -1456.0
1 250 371 -4368.0
1 250 382 -728.0010000000001
1 250 406 -728.0010000000001
1 250 413 -728.0010000000001
1 250 414 -728.0010000000001
1 250 423 -728.0010000000001
1 250 436 -728.0010000000001
1 250 568 -728.0010000000001
1 250 579 -728.0010000000001
1 250 591 -728.0010000000001
1 250 594 -728.0010000000001
1 250 596 -5824.0
1 250 597 -1456.0
1 250 602 -728.0010000000001
1 250 603 -5096.0
1 250 604 -4368.0
1 250 605 -2912.0
1 250 607 -728.0010000000001
1 250 608 -2184.0
1 250 609 -728.0010000000001
1 250 610 -728.0010000000001
1 250 613 -728.0010000000001
1 251 276 -728.0010000000001
1 251 322 -728.0010000000001
1 251 365 -2184.0
1 251 366 -6552.01
1 251 367 -1456.0
1 251 368 -1456.0
1 251 371 -728.0010000000001
1 251 379 -728.0010000000001
1 251 407 -728.0010000000001
1 251 414 -728.0010000000001
1 251 424 -728.0010000000001
1 251 598 -728.0010000000001
1 251 604 -728.0010000000001
1 251 605 -728.0010000000001
1 251 607 -728.0010000000001
1 251 610 -728.0010000000001
1 252 236 -728.0010000000001
1 252 365 -2184.0
1 252 366 -5096.0
1 252 367 -5096.0
1 252 368 -1456.0
1 252 376 -728.0010000000001
1 252 412 -728.0010000000001
1 252 416 -728.0010000000001
1 252 428 -728.0010000000001
1 252 506 -728.0010000000001
1 252 507 -728.0010000000001
1 252 528 -728.0010000000001
1 252 534 -728.0010000000001
1 252 544 -728.0010000000001
1 252 576 -728.0010000000001
1 252 591 -1456.0
1 252 596 -1456.0
1 252 597 -1456.0
1 252 598 -728.0010000000001
1 252 599 -1456.0
1 252 608 -1456.0
1 252 609 -728.0010000000001
1 252 611 -728.0010000000001
1 252 620 -728.0010000000001
1 253 259 -728.0010000000001
1 253 342 -728.0010000000001
1 253 363 -728.0010000000001
1 253 365 -1456.0
1 253 366 -4368.0
1 253 367 -2912.0
1 253 370 -728.0010000000001
1 253 375 -1456.0
1 253 404 -728.0010000000001
1 253 433 -1456.0
1 253 506 -728.0010000000001
1 253 543 -728.0010000000001
1 253 546 -728.0010000000001
1 253 547 -728.0010000000001
1 253 566 -728.0010000000001
1 253 586 -1456.0
1 253 596 -728.0010000000001
1 253 597 -2912.0
1 253 601 -728.0010000000001
1 253 604 -728.0010000000001
1 253 605 -728.0010000000001
1 253 614 -2184.0
1 254 366 -1456.0
1 254 478 -728.0010000000001
1 254 581 -728.0010000000001
1 254 584 -728.0010000000001
1 254 585 -4368.0
1 254 586 -3640.0
1 254 587 -2184.0
1 254 588 -2184.0
1 254 589 -2912.0
1 254 598 -728.0010000000001
1 254 599 -728.0010000000001
1 254 601 -1456.0
1 254 604 -1456.0
1 254 605 -728.0010000000001
1 254 606 -728.0010000000001
1 254 611 -728.0010000000001
1 255 341 -728.0010000000001
1 255 346 -728.0010000000001
1 255 371 -728.0010000000001
1 255 402 -728.0010000000001
1 255 442 -728.0010000000001
1 255 445 -728.0010000000001
1 255 461 -728.0010000000001
1 255 479 -728.0010000000001
1 255 512 -728.0010000000001
1 255 513 -728.0010000000001
1 255 526 -728.0010000000001
1 255 547 -728.0010000000001
1 255 548 -728.0010000000001
1 255 565 -728.0010000000001
1 255 583 -2184.0
1 255 584 -2912.0
1 255 585 -2912.0
1 255 586 -2912.0
1 255 587 -1456.0
1 255 588 -728.0010000000001
1 255 591 -728.0010000000001
1 255 594 -728.0010000000001
1 255 597 -728.0010000000001
1 255 600 -1456.0
1 255 607 -728.0010000000001
1 256 346 -728.0010000000001
1 256 350 -728.0010000000001
1 256 367 -728.0010000000001
1 256 373 -728.0010000000001
1 256 374 -728.0010000000001
1 256 491 -728.0010000000001
1 256 526 -728.0010000000001
1 256 531 -2184.0
1 256 532 -728.0010000000001
1 256 547 -728.0010000000001
1 256 548 -1456.0
1 256 549 -728.0010000000001
1 256 575 -728.0010000000001
1 256 578 -1456.0
1 256 580 -728.0010000000001
1 256 584 -2184.0
1 256 585 -1456.0
1 256 592 -1456.0
1 256 594 -5096.0
1 256 595 -2912.0
1 256 607 -2912.0
1 256 608 -1456.0
1 256 609 -728.0010000000001
1 257 330 -728.0010000000001
1 257 461 -728.0010000000001
1 257 497 -728.0010000000001
1 257 503 -728.0010000000001
1 257 506 -728.0010000000001
1 257 512 -728.0010000000001
1 257 527 -2184.0
1 257 529 -728.0010000000001
1 257 532 -728.0010000000001
1 257 549 -728.0010000000001
1 257 574 -728.0010000000001
1 257 575 -2184.0
1 257 584 -2184.0
1 257 585 -2184.0
1 257 593 -1456.0
1 257 594 -5824.0
1 257 595 -2912.0
1 257 597 -1456.0
1 257 606 -5096.0
1 257 607 -728.0010000000001
1 258 307 -728.0010000000001
1 258 330 -728.0010000000001
1 258 366 -728.0010000000001
1 258 485 -1456.0
1 258 489 -1456.0
1 258 491 -728.0010000000001
1 258 493 -728.0010000000001
1 258 494 -728.0010000000001
1 258 496 -728.0010000000001
1 258 497 -728.0010000000001
1 258 498 -2184.0
1 258 499 -1456.0
1 258 502 -728.0010000000001
1 258 503 -728.0010000000001
1 258 529 -1456.0
1 258 531 -728.0010000000001
1 258 532 -728.0010000000001
1 258 533 -1456.0
1 258 535 -728.0010000000001
1 258 546 -728.0010000000001
1 258 550 -728.0010000000001
1 258 556 -1456.0
1 258 564 -728.0010000000001
1 258 576 -728.0010000000001
1 258 583 -728.0010000000001
1 258 584 -2184.0
1 258 586 -2184.0
1 258 594 -2184.0
1 258 606 -3640.0
1 258 607 -728.0010000000001
1 259 346 -728.0010000000001
1 259 369 -1456.0
1 259 402 -728.0010000000001
1 259 444 -728.0010000000001
1 259 456 -728.0010000000001
1 259 485 -728.0010000000001
1 259 486 -728.0010000000001
1 259 488 -728.0010000000001
1 259 489 -728.0010000000001
1 259 490 -1456.0
1 259 509 -1456.0
1 259 510 -728.0010000000001
1 259 522 -728.0010000000001
1 259 528 -728.0010000000001
1 259 529 -728.0010000000001
1 259 531 -728.0010000000001
1 259 532 -728.0010000000001
1 259 545 -728.0010000000001
1 259 549 -728.0010000000001
1 259 554 -1456.0
1 259 555 -1456.0
1 259 556 -2184.0
1 259 557 -2184.0
1 259 575 -2912.0
1 259 576 -728.0010000000001
1 259 579 -728.0010000000001
1 259 584 -728.0010000000001
1 259 585 -2912.0
1 259 586 -1456.0
1 260 369 -1456.0
1 260 404 -1456.0
1 260 443 -728.0010000000001
1 260 454 -728.0010000000001
1 260 485 -728.0010000000001
1 260 486 -1456.0
1 260 487 -728.0010000000001
1 260 492 -728.0010000000001
1 260 499 -728.0010000000001
1 260 502 -1456.0
1 260 517 -728.0010000000001
1 260 527 -728.0010000000001
1 260 545 -2184.0
1 260 548 -728.0010000000001
1 260 554 -728.0010000000001
1 260 556 -728.0010000000001
1 260 567 -728.0010000000001
1 260 576 -728.0010000000001
1 260 577 -728.0010000000001
1 261 397 -728.0010000000001
1 261 404 -728.0010000000001
1 261 444 -728.0010000000001
1 261 483 -728.0010000000001
1 261 487 -728.0010000000001
1 261 501 -728.0010000000001
1 261 502 -728.0010000000001
1 261 545 -728.0010000000001
1 261 551 -728.0010000000001
1 261 552 -728.0010000000001
1 261 565 -728.0010000000001
1 262 254 -728.0010000000001
1 262 353 -1456.0
1 262 369 -728.0010000000001
1 262 425 -728.0010000000001
1 262 443 -728.0010000000001
1 262 458 -728.0010000000001
1 262 483 -1456.0
1 262 493 -728.0010000000001
1 262 501 -728.0010000000001
1 262 502 -728.0010000000001
1 262 523 -728.0010000000001
1 262 524 -728.0010000000001
1 262 535 -728.0010000000001
1 262 536 -728.0010000000001
1 262 537 -728.0010000000001
1 262 542 -728.0010000000001
1 262 546 -728.0010000000001
1 262 584 -728.0010000000001
1 262 587 -728.0010000000001
1 263 355 -728.0010000000001
1 263 415 -728.0010000000001
1 263 484 -728.0010000000001
1 263 493 -728.0010000000001
1 263 509 -728.0010000000001
1 263 522 -728.0010000000001
1 263 523 -1456.0
1 263 524 -1456.0
1 263 541 -1456.0
1 263 542 -728.0010000000001
1 263 543 -728.0010000000001
1 263 546 -1456.0
1 263 576 -728.0010000000001
1 263 579 -728.0010000000001
1 263 581 -2912.0
1 264 369 -728.0010000000001
1 264 379 -728.0010000000001
1 264 481 -728.0010000000001
1 264 482 -728.0010000000001
1 264 493 -728.0010000000001
1 264 503 -728.0010000000001
1 264 504 -728.0010000000001
1 264 516 -728.0010000000001
1 264 521 -2184.0
1 264 527 -728.0010000000001
1 264 543 -2912.0
1 264 568 -728.0010000000001
1 264 575 -728.0010000000001
1 264 576 -1456.0
1 265 336 -728.0010000000001
1 265 367 -1456.0
1 265 457 -728.0010000000001
1 265 459 -728.0010000000001
1 265 511 -728.0010000000001
1 265 516 -728.0010000000001
1 265 520 -728.0010000000001
1 265 524 -728.0010000000001
1 265 568 -1456.0
1 266 314 -728.0010000000001
1 266 413 -728.0010000000001
1 266 456 -728.0010000000001
1 266 478 -728.0010000000001
1 266 481 -728.0010000000001
1 266 483 -728.0010000000001
1 266 484 -728.0010000000001
1 266 485 -728.0010000000001
1 266 492 -728.0010000000001
1 266 498 -728.0010000000001
1 266 505 -728.0010000000001
1 266 518 -728.0010000000001
1 266 523 -728.0010000000001
1 266 543 -728.0010000000001
1 266 545 -728.0010000000001
1 266 549 -728.0010000000001
1 266 555 -728.0010000000001
1 267 337 -728.0010000000001
1 267 365 -728.0010000000001
1 267 381 -728.0010000000001
1 267 459 -728.0010000000001
1 267 460 -1456.0
1 267 505 -728.0010000000001
1 267 507 -728.0010000000001
1 267 543 -728.0010000000001
1 267 544 -1456.0
1 267 549 -728.0010000000001
1 267 553 -2184.0
1 267 562 -728.0010000000001
1 268 507 -1456.0
1 268 540 -728.0010000000001
1 268 541 -728.0010000000001
1 268 542 -1456.0
1 268 543 -2912.0
1 268 544 -1456.0
1 268 549 -728.0010000000001
1 268 551 -728.0010000000001
1 268 552 -728.0010000000001
1 268 553 -728.0010000000001
1 269 362 -728.0010000000001
1 269 505 -1456.0
1 269 507 -728.0010000000001
1 269 528 -728.0010000000001
1 269 543 -728.0010000000001
1 269 547 -1456.0
1 270 474 -728.0010000000001
1 270 475 -1456.0
1 270 479 -728.0010000000001
1 270 491 -728.0010000000001
1 270 504 -728.0010000000001
1 270 507 -728.0010000000001
1 270 526 -728.0010000000001
1 271 375 -728.0010000000001
1 271 388 -728.0010000000001
1 271 479 -728.0010000000001
1 271 481 -728.0010000000001
1 271 487 -728.0010000000001
1 271 491 -728.0010000000001
1 271 526 -728.0010000000001
1 272 469 -728.0010000000001
1 272 493 -728.0010000000001
1 272 495 -1456.0
1 272 496 -728.0010000000001
1 272 502 -728.0010000000001
1 272 526 -2184.0
1 273 441 -728.0010000000001
1 273 462 -728.0010000000001
1 273 526 -728.0010000000001
1 275 463 -728.0010000000001
1 275 480 -728.0010000000001
1 275 502 -728.0010000000001
1 275 504 -728.0010000000001
1 276 502 -728.0010000000001
1 277 393 -728.0010000000001
1 279 459 -728.0010000000001
1 280 563 -728.0010000000001
1 282 434 -728.0010000000001
1 282 435 -728.0010000000001
1 283 461 -728.0010000000001
1 283 482 -728.0010000000001
1 283 483 -728.0010000000001
1 285 437 -728.0010000000001
1 285 482 -728.0010000000001
1 285 483 -728.0010000000001
1 286 377 -728.0010000000001
1 286 464 -728.0010000000001
1 288 469 -728.0010000000001
1 289 362 -728.0010000000001
1 289 443 -728.0010000000001
1 292 358 -728.0010000000001
1 293 390 -2184.0
1 293 391 -728.0010000000001
1 296 390 -728.0010000000001
1 301 359 -728.0010000000001
1 301 378 -728.0010000000001
1 85 106 -728.0010000000001
1 92 112 -1456.0
1 93 117 -728.0010000000001
1 97 89 -728.0010000000001
1 98 101 -728.0010000000001
1 99 126 -728.0010000000001
1 99 136 -728.0010000000001
1 147 119 -1452.0
1 150 114 -11906.4
1 153 113 -13503.6
1 156 158 -4065.6
1 157 160 -3049.2
1 170 169 -36300.0
1 197 280 -11616.0
1 199 225 -3775.2
1 210 300 -9292.8
1 211 298 -55902.0
1 234 285 -5953.2
1 244 234 -25264.8
1 259 541 -435.6
1 267 479 -1597.2
1 272 454 -76.3
1 285 433 -7114.8
1 291 453 -26.74
1 299 360 -5662.8
1 109 116 -20328.0
1 131 118 -1452.0
1 132 183 -11470.8
1 137 123 -14955.6
1 140 173 -5953.2
1 152 130 -4646.4
1 155 192 -23958.0
1 157 117 -7695.6
1 157 190 -145.2
1 158 205 -2323.2
1 164 258 -9728.4
1 172 162 -13794.0
1 173 196 -871.2
1 175 213 -43705.2
1 195 280 -14520.0
1 202 295 -39204.0
1 203 296 -41962.8
1 218 173 -13794.0
1 226 358 -413.02
1 256 333 -20908.8
1 262 350 -6824.4
1 265 349 -9873.6
1 267 346 -14520.0
1 269 347 -6388.8
1 271 470 -1452.0
1 274 431 -2705650.0
1 280 367 -2032.8
1 285 357 -1016.4
1 292 370 -13503.6
1 293 370 -4936.8
1 293 378 -4210.8
1 143 152 -11325.6
1 144 130 -2468.4
1 148 113 -2468.4
1 151 143 -9438.0
1 153 212 -10164.0
1 154 128 -290.4
1 155 180 -12196.8
1 159 188 -1887.6
1 161 161 -1742.4
1 164 159 -27733.2
1 167 163 -25119.6
1 175 178 -1742.4
1 176 128 -6388.8
1 201 279 -9438.0
1 221 294 -4936.8
1 221 361 -580.8
1 222 252 -1161.6
1 222 266 -3630.0
1 226 361 -3049.2
1 234 319 -36590.4
1 235 317 -23377.2
1 238 244 -1161.6
1 245 243 -14520.0
1 248 331 -2904.0
1 256 342 -9583.2
1 259 347 -4210.8
1 266 345 -6388.8
1 271 268 -45447.6
1 274 278 -9583.2
1 289 355 -435.6
1 295 392 -3630.0
1 296 391 -6388.8
1 296 393 -10890.0
1 141 116 -22070.4
1 141 165 -8566.8
1 143 114 -15536.4
1 144 151 -40656.0
1 145 114 -21344.4
1 146 150 -26136.0
1 147 148 -11616.0
1 149 124 -726.0
1 149 181 -8857.2
1 149 202 -4646.4
1 151 189 -6098.4
1 151 211 -435.6
1 153 188 -7840.8
1 154 113 -435.6
1 165 167 -42834.0
1 170 115 -6824.4
1 171 125 -145.2
1 176 222 -10744.8
1 184 210 -20328.0
1 189 288 -726.0
1 193 280 -20473.2
1 209 273 -15536.4
1 209 281 -2129.23
1 210 249 -580.8
1 211 263 -2468.4
1 211 296 -2468.4
1 213 270 -145.2
1 221 302 -145.2
1 221 317 -14810.4
1 224 287 -11761.2
1 228 354 -3630.0
1 230 352 -20473.2
1 231 270 -4210.8
1 235 295 -4501.2
1 236 342 -7695.6
1 240 330 -8857.2
1 240 337 -21925.2
1 240 357 -3920.4
1 244 333 -1004.83
1 246 332 -7260.0
1 246 337 -1452.0
1 251 334 -12051.6
1 258 345 -1742.4
1 260 345 -2758.8
1 262 286 -2468.4
1 263 344 -3920.4
1 263 350 -1452.0
1 265 517 -145.2
1 267 321 -7840.8
1 269 364 -145.2
1 269 365 -1742.4
1 270 361 -11325.6
1 271 363 -10599.6
1 275 399 -80.76
1 284 333 -871.2
1 289 371 -5953.2
1 290 371 -7695.6
1 291 365 -1887.6
1 296 358 -58248.9
1 297 356 -726.0
1 297 391 -9438.0
1 299 347 -435.6
1 125 93 -145.2
1 131 125 -23812.8
1 134 123 -13213.2
1 135 126 -6534.0
1 138 125 -18295.2
1 142 117 -92928.0
1 142 169 -2613.6
1 145 116 -17859.6
1 146 146 -4791.6
1 152 213 -3484.8
1 155 116 -17278.8
1 161 185 -11616.0
1 163 186 -1016.4
1 166 203 -580.8
1 168 216 -2323.2
1 183 232 -47480.4
1 192 232 -85958.4
1 193 235 -78698.4
1 201 310 -290.4
1 215 261 -3484.8
1 221 339 -8131.2
1 222 324 -9002.4
1 230 358 -2904.0
1 233 341 -580.8
1 242 618 -11325.6
1 248 344 -5662.8
1 263 345 -7840.8
1 263 570 -145.2
1 264 348 -145.2
1 286 302 -2758.8
1 292 360 -726.0
1 293 357 -17424.0
1 295 362 -13068.0
1 297 439 -957381.0
1 132 120 -61710.0
1 134 124 -11470.8
1 134 126 -13794.0
1 135 122 -42834.0
1 137 128 -53578.8
1 145 166 -6824.4
1 150 121 -10164.0
1 152 118 -14810.4
1 158 140 -4791.6
1 160 139 -11761.2
1 189 126 -109771.0
1 215 296 -15826.8
1 224 257 -4210.8
1 276 358 -2032.8
1 281 445 -145.2
1 137 168 -6534.0
1 149 213 -11616.0
1 170 185 -290.4
1 210 253 -5808.0
1 217 236 -4210.8
1 245 324 -435.6
1 270 480 -435.6
1 145 131 -12342.0
1 148 124 -145.2
1 153 116 -11761.2
1 158 114 -2323.2
1 171 128 -726.0
1 188 204 -14665.2
1 206 281 -290.4
1 208 226 -11761.2
1 211 266 -2575.58
1 213 276 -2075.17
1 214 274 -149241.0
1 220 278 -62044.4
1 223 372 -20328.0
1 239 385 -38.15
1 239 416 -15.11
1 241 238 -11616.0
1 245 408 -4210.8
1 246 320 -1742.4
1 248 454 -1161.6
1 259 351 -3035.81
1 265 360 -9784.23
1 269 360 -7374.72
1 272 360 -4210.8
1 273 340 -1887.6
1 273 521 -12632.4
1 274 327 -435.6
1 275 465 -289.11
1 290 322 -7260.0
1 292 458 -17.82
1 294 354 -48.04
1 297 377 -6388.8
1 147 183 -6969.6
1 205 310 -435.6
1 201 251 -871.2
1 201 301 -3194.4
1 251 286 -580.8
1 265 488 -290.4
1 135 160 -7840.8
1 144 189 -7114.8
1 154 112 -4356.0
1 156 131 -726.0
1 161 179 -290.4
1 164 169 -10309.2
1 167 247 -1887.6
1 186 209 -15536.4
1 204 300 -30.22
1 215 269 -28749.6
1 218 239 -3458.01
1 226 375 -30931.4
1 235 420 -11761.2
1 238 302 -6824.4
1 242 355 -123.58
1 245 406 -145.2
1 248 590 -726.0
1 248 593 -290.4
1 255 333 -338.13
1 256 443 -430.3
1 258 339 -1356.41
1 258 416 -245.42
1 266 470 -1179.28
1 269 482 -145.2
1 270 476 -726.0
1 273 523 -121968.0
1 274 506 -726.0
1 275 479 -9147.6
1 280 458 -1120.37
1 293 458 -11470.8
1 298 384 -119.23
1 298 391 -2178.0
1 204 299 -145.2
1 221 300 -1016.4
1 134 167 -12487.2
1 153 134 -4210.8
1 159 157 -27733.2
1 197 298 -26.3
1 211 290 -6969.6
1 237 406 -1613.5
1 244 430 -580.8
1 247 342 -80.1
1 253 427 -2726.37
1 253 443 -129.67
1 254 398 -94.34
1 254 442 -2065.54
1 254 444 -302.7
1 254 445 -52.17
1 256 445 -591.38
1 261 369 -965.62
1 263 448 -290.4
1 271 364 -21780.0
1 271 471 -145.2
1 271 489 -13716.6
1 273 520 -871.2
1 275 371 -726.0
1 275 449 -28023.6
1 296 415 -290.4
1 262 394 -1352560.0
1 157 122 -5082.0
1 160 136 -435.6
1 169 201 -21054.0
1 199 297 -112.6
1 212 315 -197.71
1 214 287 -60.87
1 224 372 -2468.4
1 246 609 -1659.15
1 247 343 -29.78
1 247 590 -145.2
1 255 446 -3941.84
1 276 386 -1016.4
1 281 446 -1016.4
1 284 406 -580.8
1 291 458 -2.07
1 295 390 -2468.4
1 297 384 -580.8
1 165 158 -27733.2
1 178 212 -6243.6
1 257 443 -868.1
1 162 205 -6969.6
1 244 330 -2613.6
1 248 343 -85.1
1 249 589 -145.2
1 254 394 -22.06
1 276 484 -145.2
1 282 451 -290.4
1 134 173 -3630.0
1 145 139 -290.4
1 150 115 -16117.2
1 152 115 -1887.6
1 206 299 -4.02
1 239 305 -279.55
1 261 461 -145.2
1 289 412 -145.2
1 233 400 -69696.0
