1 204 346 -700.956
1 212 384 45000.0
1 212 385 45000.0
1 212 386 45000.0
1 212 387 45000.0
1 212 388 45000.0
1 212 389 45000.0
1 212 390 45000.0
1 212 391 45000.0
1 212 392 45000.0
1 212 393 45000.0
1 213 394 45000.0
1 213 395 45000.0
1 213 396 45000.0
1 213 397 45000.0
1 213 398 45000.0
1 213 399 45000.0
1 213 400 45000.0
1 213 401 45000.0
1 213 402 45000.0
1 214 403 45000.0
1 214 404 45000.0
1 214 405 45000.0
1 214 406 45000.0
1 214 407 45000.0
1 214 409 45000.0
1 214 410 45000.0
1 214 411 45000.0
1 214 412 45000.0
1 214 413 45000.0
1 214 414 45000.0
1 214 415 45000.0
1 215 416 45000.0
1 215 417 45000.0
1 227 417 45000.0
1 228 417 45000.0
1 229 417 45000.0
1 216 418 45000.0
1 226 418 45000.0
1 230 418 45000.0
1 217 419 45000.0
1 218 419 45000.0
1 219 419 45000.0
1 220 419 45000.0
1 221 419 45000.0
1 222 419 45000.0
1 223 419 45000.0
1 224 419 45000.0
1 225 419 45000.0
1 229 419 45000.0
1 229 420 45000.0
1 226 421 45000.0
1 227 421 45000.0
1 228 421 45000.0
1 224 422 45000.0
1 225 422 45000.0
1 224 423 45000.0
1 224 424 45000.0
1 225 424 45000.0
1 226 424 45000.0
1 227 424 45000.0
1 228 424 45000.0
1 229 425 45000.0
1 229 426 45000.0
1 229 427 45000.0
1 229 428 45000.0
1 229 429 45000.0
1 228 430 45000.0
1 228 431 45000.0
1 228 432 45000.0
1 228 433 45000.0
1 228 434 45000.0
1 228 435 45000.0
1 229 435 45000.0
1 230 436 45000.0
1 230 437 45000.0
1 230 438 45000.0
1 230 439 45000.0
1 230 440 45000.0
1 230 441 45000.0
1 230 442 45000.0
1 230 443 45000.0
1 230 444 45000.0
1 230 445 45000.0
1 230 446 45000.0
1 230 447 45000.0
1 230 448 45000.0
1 230 449 45000.0
1 230 450 45000.0
1 230 451 45000.0
1 230 452 45000.0
1 230 453 45000.0
1 230 454 45000.0
1 230 455 45000.0
1 230 456 45000.0
1 231 457 45000.0
1 231 458 45000.0
1 231 459 45000.0
1 231 460 45000.0
1 232 461 45000.0
1 232 462 45000.0
1 232 463 45000.0
1 232 464 45000.0
1 233 464 45000.0
1 234 464 45000.0
1 235 464 45000.0
1 236 464 45000.0
1 237 464 45000.0
1 238 464 45000.0
1 239 465 45000.0
1 239 466 45000.0
1 114 114 -10454.9
1 117 120 -700.956
1 121 111 -28305.6
1 121 113 -73287.6
1 125 116 -35709.4
1 126 120 -42976.9
1 129 121 -23751.3
1 130 122 -700.956
1 133 112 -21091.5
1 135 194 -1694.07
1 140 168 -13745.2
1 141 191 -18413.2
1 143 126 -45718.4
1 143 172 -19153.2
1 143 190 -36815.2
1 144 166 -28865.0
1 144 172 -21406.5
1 144 182 -23127.5
1 144 190 -2388.77
1 145 161 -58103.4
1 146 117 -18129.4
1 146 188 -56254.2
1 146 190 -22394.1
1 147 132 -38908.9
1 147 145 -19705.2
1 148 123 -141.702
1 148 167 -38982.3
1 148 176 -83063.1
1 148 196 -49680.6
1 149 145 -45582.0
1 149 146 -25148.2
1 150 124 -15547.9
1 150 128 -28.9884
1 150 141 -1090.41
1 150 198 -68661.4
1 151 142 -9881.09
1 151 195 -42832.6
1 152 123 -18382.1
1 152 125 -14254.0
1 152 132 -700.956
1 153 142 -119321.0
1 153 192 -63597.6
1 154 125 -444.596
1 154 171 -4663.51
1 154 249 -19469.1
1 155 112 -65902.7
1 155 129 -116.432
1 155 141 -149778.0
1 156 129 -171396.0
1 156 146 -80015.5
1 157 135 -1401.91
1 157 140 -214079.0
1 157 251 -155293.0
1 158 133 -700.956
1 158 137 -31167.8
1 158 181 -167528.0
1 159 173 -49268.1
1 160 119 -11717.6
1 161 125 -1354.06
1 161 129 -383.793
1 161 188 -72649.6
1 162 119 -3786.18
1 162 121 -49492.7
1 162 128 -254429.0
1 162 167 -1036.24
1 163 137 -2887.61
1 163 138 -700.956
1 164 135 -9667.51
1 164 187 -41171.2
1 165 130 -56842.6
1 165 131 -290.217
1 166 126 -2339.59
1 167 125 -9070.32
1 167 259 -13824.0
1 168 123 -341.454
1 168 208 -17280.1
1 169 127 -53.5154
1 169 163 -41793.7
1 170 131 -29987.5
1 171 130 -35129.0
1 172 130 -60242.1
1 172 218 -109750.0
1 173 224 -30913.5
1 174 123 -83896.6
1 175 134 -27397.8
1 175 204 -31959.0
1 176 202 -12513.0
1 178 164 -28103.2
1 178 261 -80133.5
1 179 181 -51288.4
1 179 210 -72998.3
1 184 246 -8055.79
1 187 200 -10963.1
1 188 198 -100789.0
1 188 209 -59039.3
1 188 240 -136445.0
1 188 258 -40004.9
1 189 282 -21077.4
1 190 281 -196723.0
1 191 191 -40427.9
1 191 281 -198887.0
1 193 256 -22524.7
1 193 260 -29707.3
1 197 204 -23219.3
1 197 252 -24065.6
1 198 298 -754.555
1 199 211 -20424.1
1 199 231 -28589.0
1 199 298 -732.177
1 200 298 -700.956
1 201 234 -2518.15
1 203 275 -31767.9
1 203 280 -29004.4
1 204 248 -17080.9
1 205 300 -723.4760000000001
1 206 196 -72223.9
1 206 286 -1405.16
1 206 300 -1415.17
1 210 264 -22439.0
1 211 255 -106343.0
1 212 226 -7250.63
1 212 258 -67176.5
1 213 264 -384.267
1 213 300 -8430.97
1 214 240 -6200.3
1 215 260 -72358.8
1 216 238 -60628.5
1 217 264 -142561.0
1 217 365 -438.559
1 218 179 -39775.9
1 219 310 -36191.3
1 221 223 -1045.44
1 221 246 -16479.7
1 221 284 -30641.6
1 222 352 -40597.7
1 222 358 -39864.4
1 222 369 -270.20799999999997
1 224 301 -67142.9
1 224 374 -6525.34
1 226 311 -1809.85
1 226 365 -2065.15
1 227 270 -2796.27
1 228 225 -80746.2
1 230 255 -4001.75
1 230 361 -67357.8
1 231 401 -700.956
1 232 364 -192.328
1 232 370 -12.3762
1 233 337 -700.956
1 233 394 -1450.42
1 234 304 -5650.38
1 234 393 -746.424
1 235 367 -36594.0
1 236 263 -50865.4
1 236 351 -21077.4
1 236 609 -126.76799999999999
1 237 237 -10884.3
1 237 316 -37892.0
1 237 357 -7326.57
1 237 389 -700.956
1 238 221 -1476.82
1 238 398 -0.431228
1 238 605 -3529.83
1 238 609 -2133.66
1 239 250 -16370.1
1 239 426 -867.6310000000001
1 239 605 -3568.47
1 239 606 -2140.99
1 239 619 -6935.66
1 240 380 -773.4019999999999
1 240 426 -887.2460000000001
1 240 608 -2836.88
1 241 335 -52846.7
1 241 342 -17348.1
1 241 604 -732.177
1 242 311 -6988.48
1 243 371 -9620.05
1 243 389 -1011.1
1 243 422 -72.7913
1 243 431 -184.56599999999997
1 243 605 -3504.78
1 244 431 -2134.58
1 244 605 -4242.21
1 244 621 -1401.91
1 245 238 -14398.7
1 245 322 -9200.68
1 245 337 -700.956
1 245 370 -9.03226
1 245 621 -700.956
1 246 321 -3746.51
1 246 618 -2155.82
1 247 344 -801.18
1 247 383 -8713.4
1 247 384 -2596110.0
1 248 251 -29151.0
1 248 424 -2929.33
1 248 436 -3654.66
1 248 442 -127.64399999999999
1 248 444 -12952.8
1 248 589 -3748.67
1 249 373 -718.429
1 249 389 -1156.55
1 249 424 -700.956
1 249 430 -39198.6
1 249 436 -6071.39
1 249 443 -5102.29
1 249 606 -3538.59
1 250 239 -54251.9
1 250 326 -3166.94
1 250 424 -700.956
1 250 425 -623845.0
1 250 431 -31725.4
1 250 595 -2559.56
1 251 300 -269791.0
1 251 356 -115302.0
1 251 408 -968.107
1 251 456 -1049.85
1 251 457 -50.6391
1 251 594 -729.503
1 251 595 -18064.3
1 251 596 -1682.38
1 252 230 -12441.3
1 252 329 -66021.0
1 252 450 -535.974
1 252 595 -715.3939999999999
1 252 606 -938.9939999999999
1 253 331 -1431.68
1 253 416 -345.459
1 253 420 -13588.4
1 253 445 -61462.5
1 254 338 -14796.3
1 254 367 -29183.7
1 254 407 -104275.0
1 254 597 -720.8760000000001
1 254 607 -89144.0
1 255 381 -23006.0
1 255 383 -45960.3
1 255 388 -48181.1
1 255 395 -2103.96
1 255 420 -12320.2
1 255 439 -28262.7
1 255 443 -117333.0
1 255 595 -793.927
1 255 596 -749.34
1 255 606 -16201.0
1 255 609 -1401.91
1 256 314 -9972.29
1 256 335 -116595.0
1 256 341 -258.306
1 256 370 -667.967
1 256 413 -2685.75
1 256 586 -2107.09
1 256 593 -2803.83
1 257 238 -9.27406
1 257 324 -6044.53
1 257 413 -1252.86
1 257 576 -1405.5
1 257 599 -63.5501
1 257 600 -94063.8
1 258 325 -6568.04
1 258 336 -1813.75
1 258 418 -226501.0
1 258 420 -130634.0
1 258 442 -954532.0
1 258 464 -1880.93
1 258 585 -4387.59
1 258 595 -1507.62
1 258 601 -54287.2
1 258 602 -13.1654
1 259 340 -75725.2
1 259 371 -5140.24
1 259 405 -29720.2
1 259 588 -26675.8
1 259 592 -700.956
1 259 593 -700.956
1 260 342 -37291.6
1 260 349 -1250.56
1 260 407 -3933170.0
1 260 413 -334868.0
1 260 424 -201.125
1 260 461 -3555.04
1 260 463 -52147.8
1 260 464 -33639.2
1 260 585 -15214.1
1 260 586 -12885.5
1 261 337 -5097.12
1 261 381 -89281.5
1 261 418 -856.9739999999999
1 261 429 -15830.4
1 261 464 -7136.39
1 261 492 -728.727
1 261 571 -263.04900000000004
1 261 576 -1429.22
1 262 345 -48080.4
1 262 540 -362.577
1 262 564 -53222.2
1 262 567 -3251.46
1 262 568 -22704.2
1 262 570 -96291.5
1 262 571 -7269.64
1 263 340 -24447.0
1 263 434 -4895.5
1 263 471 -3148.48
1 263 477 -27218.0
1 263 520 -1460.6
1 263 574 -1382.95
1 263 582 -25.601999999999997
1 264 265 -46211.5
1 264 344 -24555.2
1 264 345 -54801.3
1 264 355 -1651.6
1 264 367 -700.956
1 264 383 -127536.0
1 264 407 -6345.95
1 264 428 -154255.0
1 264 468 -84.8053
1 264 471 -11970.0
1 264 476 -1024.6
1 264 477 -41646.2
1 264 523 -2332.38
1 264 524 -664.975
1 264 549 -6408.05
1 265 364 -39595.4
1 265 374 -133241.0
1 265 380 -6323.23
1 265 422 -37500.9
1 265 523 -2994.88
1 266 337 -700.956
1 266 340 -20658.7
1 266 462 -130.015
1 267 391 -14403.0
1 267 463 -332.046
1 267 555 -700.956
1 267 556 -700.956
1 268 333 -17508.4
1 268 334 -53871.1
1 268 436 -3325930.0
1 268 455 -19.0603
1 268 479 -674.6560000000001
1 268 480 -269.949
1 268 489 -9325.52
1 269 363 -707.2389999999999
1 269 397 -43924.5
1 269 456 -14627.7
1 269 483 -47.4485
1 269 541 -700.956
1 270 352 -24670.6
1 270 412 -48654.9
1 270 417 -250160.0
1 270 429 -3.9698900000000004
1 270 481 -750.029
1 270 483 -1715.64
1 270 484 -1257.54
1 270 486 -17292.2
1 270 498 -60884.1
1 270 539 -171.62900000000002
1 271 319 -65313.8
1 271 335 -25824.1
1 271 371 -1285.92
1 271 415 -298431.0
1 271 485 -260.548
1 271 498 -10156.7
1 271 537 -88408.1
1 272 336 -18396.2
1 272 366 -396.26099999999997
1 272 368 -292606.0
1 272 388 -703858.0
1 272 451 -18441.5
1 272 453 -315.653
1 272 462 -1111670.0
1 272 490 -23.6026
1 272 491 -15.5673
1 272 497 -32293.4
1 272 498 -31541.8
1 272 530 -188713.0
1 272 532 -247074.0
1 272 535 -90304.9
1 273 363 -2572.71
1 273 392 -590.351
1 273 410 -2235.06
1 273 480 -12674.6
1 273 510 -700.956
1 273 516 -14381.8
1 273 517 -155501.0
1 273 518 -220.185
1 274 409 -2091.89
1 274 520 -56314.1
1 274 523 -1233.73
1 275 441 -434515.0
1 275 506 -928.43
1 276 366 -642.53
1 276 392 -2176.06
1 276 446 -1489.03
1 276 474 -22751.6
1 277 294 -45300.5
1 277 390 -9343.19
1 277 407 -1779650.0
1 277 431 -379.481
1 277 454 -34.4983
1 277 468 -193.03400000000002
1 277 472 -23356.0
1 277 480 -86763.1
1 278 365 -43875.3
1 278 435 -11677.7
1 278 482 -3812.92
1 279 310 -25610.6
1 279 336 -63356.7
1 279 433 -118708.0
1 279 438 -201460.0
1 279 475 -85033.9
1 279 485 -23558.7
1 280 365 -8929.8
1 280 433 -95844.8
1 280 442 -11168.8
1 280 469 -40135.6
1 280 471 -13611.9
1 281 458 -2082580.0
1 282 409 -6153.63
1 282 424 -640.374
1 282 430 -257.228
1 282 436 -51143.7
1 282 454 -6584.85
1 282 457 -13437.1
1 283 354 -5197.69
1 283 429 -314572.0
1 283 449 -205797.0
1 283 452 -85012.3
1 283 455 -13540.6
1 283 468 -61193.3
1 284 339 -66698.1
1 284 457 -5510.23
1 284 463 -625294.0
1 284 481 -8193.33
1 285 336 -83860.3
1 285 374 -2539.93
1 285 467 -151784.0
1 285 475 -84796.7
1 286 330 -68768.0
1 286 425 -676194.0
1 286 475 -34890.7
1 286 477 -74809.5
1 287 426 -700.956
1 287 477 -41359.1
1 288 372 -215.515
1 288 419 -16838.4
1 288 423 -605.013
1 288 426 -700.956
1 289 404 -170864.0
1 289 459 -6731.47
1 289 468 -62467.7
1 290 382 -346872.0
1 290 402 -84.95200000000001
1 290 411 -3015.36
1 290 412 -26050.5
1 290 413 -48.5131
1 290 420 -194.053
1 291 350 -2712.43
1 291 373 -1308.35
1 291 399 -213092.0
1 291 419 -1019720.0
1 292 361 -39632.6
1 292 365 -14648.8
1 292 416 -161594.0
1 292 469 -20733.5
1 293 440 -77.262
1 294 435 -32076.0
1 294 447 -57806.1
1 295 391 -1.72491
1 295 430 -1540590.0
1 296 388 -837.956
1 296 398 -9357.65
1 296 406 -120.744
1 296 433 -9926.06
1 297 381 -47206.4
1 297 383 -382.931
1 297 401 -83528.9
1 297 402 -38672.5
1 297 415 -65098.2
1 297 442 -38310.3
1 298 389 -1488.07
1 298 390 -10145.9
1 299 354 -5579.27
1 299 387 -362.059
1 102 110 -700.956
1 102 113 -700.956
1 103 100 -700.956
1 103 104 -700.956
1 104 115 -700.956
1 105 115 -700.956
1 105 139 -700.956
1 108 117 -700.956
1 109 112 -700.956
1 111 155 -700.956
1 111 208 -700.956
1 112 181 -700.956
1 113 111 -700.956
1 113 159 -700.956
1 113 211 -700.956
1 114 173 -700.956
1 114 212 -1401.91
1 115 212 -1401.91
1 116 121 -700.956
1 116 150 -700.956
1 116 166 -700.956
1 117 119 -700.956
1 117 168 -700.956
1 117 210 -700.956
1 119 194 -700.956
1 119 202 -700.956
1 119 96 -700.956
1 120 155 -700.956
1 120 94 -700.956
1 121 187 -700.956
1 123 110 -700.956
1 123 111 -700.956
1 123 158 -700.956
1 123 168 -700.956
1 123 193 -700.956
1 123 202 -1401.91
1 125 150 -700.956
1 125 151 -700.956
1 125 193 -700.956
1 125 194 -700.956
1 126 121 -700.956
1 126 191 -700.956
1 126 195 -700.956
1 127 150 -700.956
1 127 160 -700.956
1 127 169 -700.956
1 127 195 -700.956
1 127 199 -1401.91
1 128 122 -700.956
1 128 148 -700.956
1 128 149 -700.956
1 128 152 -700.956
1 128 153 -700.956
1 128 154 -700.956
1 128 157 -700.956
1 128 199 -700.956
1 129 117 -700.956
1 129 119 -700.956
1 129 122 -700.956
1 129 146 -700.956
1 129 154 -1401.91
1 129 162 -700.956
1 129 176 -700.956
1 130 120 -700.956
1 130 154 -700.956
1 130 155 -700.956
1 130 156 -2102.87
1 130 194 -700.956
1 131 112 -700.956
1 131 121 -700.956
1 131 122 -700.956
1 131 150 -700.956
1 131 156 -700.956
1 131 157 -700.956
1 131 158 -700.956
1 131 161 -1401.91
1 131 198 -700.956
1 132 112 -700.956
1 132 155 -700.956
1 132 156 -700.956
1 132 160 -700.956
1 132 161 -1401.91
1 133 155 -700.956
1 133 159 -700.956
1 133 160 -1401.91
1 133 192 -1401.91
1 133 193 -700.956
1 134 148 -700.956
1 134 150 -700.956
1 134 151 -700.956
1 134 156 -700.956
1 134 191 -700.956
1 134 193 -2803.82
1 135 148 -3504.78
1 135 149 -1401.91
1 135 156 -700.956
1 135 157 -700.956
1 135 193 -2102.87
1 136 147 -700.956
1 136 148 -700.956
1 136 149 -700.956
1 136 150 -1401.91
1 136 153 -700.956
1 136 155 -700.956
1 137 148 -700.956
1 137 150 -700.956
1 137 153 -1401.91
1 137 154 -700.956
1 137 157 -2102.87
1 137 175 -700.956
1 137 206 -700.956
1 138 151 -700.956
1 138 152 -700.956
1 138 153 -2102.87
1 138 168 -700.956
1 138 169 -700.956
1 139 151 -700.956
1 140 138 -700.956
1 140 155 -2803.82
1 140 156 -700.956
1 140 171 -700.956
1 140 180 -700.956
1 141 149 -700.956
1 141 154 -1401.91
1 141 157 -700.956
1 141 171 -700.956
1 141 199 -1401.91
1 142 155 -700.956
1 142 156 -700.956
1 142 157 -700.956
1 142 158 -700.956
1 142 174 -700.956
1 142 179 -700.956
1 142 201 -700.956
1 143 146 -700.956
1 143 157 -2102.87
1 144 142 -1401.91
1 144 173 -700.956
1 145 142 -700.956
1 145 143 -700.956
1 145 151 -700.956
1 145 187 -700.956
1 145 226 -700.956
1 146 140 -700.956
1 146 141 -1401.91
1 146 145 -700.956
1 146 208 -700.956
1 146 229 -700.956
1 146 230 -700.956
1 146 232 -700.956
1 147 139 -2102.87
1 147 140 -700.956
1 147 141 -700.956
1 147 142 -700.956
1 147 229 -700.956
1 147 230 -700.956
1 147 233 -700.956
1 147 239 -700.956
1 147 240 -700.956
1 148 217 -700.956
1 148 221 -700.956
1 149 127 -700.956
1 149 147 -700.956
1 149 154 -700.956
1 149 222 -700.956
1 149 253 -700.956
1 150 160 -700.956
1 150 164 -700.956
1 150 177 -700.956
1 150 227 -700.956
1 150 236 -700.956
1 151 128 -700.956
1 151 228 -700.956
1 152 153 -700.956
1 152 173 -700.956
1 152 176 -700.956
1 152 222 -700.956
1 152 228 -700.956
1 153 126 -700.956
1 153 136 -700.956
1 153 155 -700.956
1 153 232 -700.956
1 153 238 -700.956
1 153 253 -700.956
1 154 126 -700.956
1 154 133 -700.956
1 154 161 -700.956
1 154 172 -700.956
1 154 220 -700.956
1 154 244 -700.956
1 155 170 -1401.91
1 155 216 -700.956
1 155 262 -700.956
1 156 160 -700.956
1 156 211 -700.956
1 156 223 -700.956
1 157 132 -700.956
1 157 133 -700.956
1 157 134 -2102.87
1 157 136 -700.956
1 157 194 -700.956
1 157 207 -700.956
1 157 240 -700.956
1 158 135 -700.956
1 158 248 -700.956
1 159 152 -700.956
1 159 231 -700.956
1 159 240 -700.956
1 159 247 -700.956
1 159 248 -700.956
1 159 250 -700.956
1 159 251 -700.956
1 159 257 -700.956
1 160 133 -700.956
1 160 249 -1401.91
1 160 251 -1401.91
1 160 252 -700.956
1 160 253 -700.956
1 160 262 -700.956
1 161 144 -1401.91
1 161 251 -700.956
1 161 253 -700.956
1 162 137 -1401.91
1 162 252 -1401.91
1 162 253 -700.956
1 163 152 -700.956
1 163 190 -700.956
1 163 236 -700.956
1 164 278 -700.956
1 164 290 -700.956
1 164 299 -700.956
1 165 133 -1401.91
1 165 134 -1401.91
1 165 135 -700.956
1 165 290 -700.956
1 166 131 -700.956
1 166 132 -700.956
1 166 133 -1401.91
1 166 134 -700.956
1 166 135 -700.956
1 166 210 -700.956
1 166 254 -700.956
1 166 255 -700.956
1 167 127 -700.956
1 167 132 -1401.91
1 167 133 -1401.91
1 167 134 -2102.87
1 167 256 -700.956
1 167 288 -700.956
1 167 294 -700.956
1 168 130 -700.956
1 168 131 -700.956
1 168 132 -2803.82
1 168 133 -2803.82
1 168 286 -700.956
1 168 287 -1401.91
1 168 291 -1401.91
1 169 128 -1401.91
1 169 129 -2803.82
1 169 131 -700.956
1 169 132 -3504.78
1 169 133 -2102.87
1 169 134 -6308.6
1 169 135 -700.956
1 169 236 -700.956
1 169 260 -700.956
1 169 271 -700.956
1 169 287 -700.956
1 169 290 -700.956
1 170 133 -2102.87
1 170 134 -8411.47
1 170 136 -700.956
1 170 187 -700.956
1 170 256 -700.956
1 170 287 -700.956
1 170 292 -700.956
1 171 133 -1401.91
1 171 134 -700.956
1 171 136 -3504.78
1 171 290 -700.956
1 172 257 -700.956
1 172 284 -700.956
1 172 295 -1401.91
1 172 311 -700.956
1 173 258 -700.956
1 173 278 -700.956
1 173 290 -700.956
1 173 292 -700.956
1 173 293 -1401.91
1 173 294 -700.956
1 174 124 -700.956
1 174 253 -700.956
1 174 261 -700.956
1 174 270 -700.956
1 174 283 -700.956
1 174 289 -700.956
1 174 293 -700.956
1 175 260 -700.956
1 175 288 -700.956
1 175 292 -1401.91
1 175 293 -700.956
1 175 296 -700.956
1 175 305 -700.956
1 176 274 -700.956
1 176 305 -700.956
1 177 289 -700.956
1 177 290 -700.956
1 178 243 -700.956
1 178 280 -700.956
1 178 285 -700.956
1 178 302 -700.956
1 178 305 -700.956
1 178 306 -700.956
1 178 311 -700.956
1 179 278 -700.956
1 179 285 -700.956
1 180 149 -700.956
1 180 286 -700.956
1 181 297 -700.956
1 181 307 -700.956
1 181 308 -700.956
1 183 242 -700.956
1 183 285 -700.956
1 183 295 -700.956
1 183 308 -700.956
1 183 309 -700.956
1 183 318 -700.956
1 184 263 -700.956
1 184 285 -700.956
1 184 313 -700.956
1 184 319 -700.956
1 185 257 -700.956
1 185 305 -700.956
1 185 306 -700.956
1 185 307 -700.956
1 185 315 -700.956
1 186 255 -700.956
1 186 265 -700.956
1 186 307 -1401.91
1 186 310 -700.956
1 188 262 -700.956
1 188 294 -700.956
1 188 295 -700.956
1 189 295 -700.956
1 189 309 -700.956
1 190 307 -700.956
1 190 308 -700.956
1 190 324 -700.956
1 191 292 -1401.91
1 191 304 -700.956
1 191 305 -700.956
1 192 258 -700.956
1 192 284 -700.956
1 192 304 -700.956
1 192 316 -700.956
1 192 319 -700.956
1 193 262 -700.956
1 193 301 -700.956
1 193 311 -700.956
1 193 313 -1401.91
1 194 284 -700.956
1 194 313 -700.956
1 195 269 -700.956
1 195 287 -700.956
1 195 289 -700.956
1 195 300 -700.956
1 195 311 -700.956
1 195 313 -700.956
1 196 269 -700.956
1 196 275 -700.956
1 196 303 -700.956
1 196 324 -700.956
1 196 333 -700.956
1 197 264 -700.956
1 197 283 -700.956
1 197 300 -700.956
1 197 322 -700.956
1 197 325 -700.956
1 198 242 -700.956
1 198 276 -1401.91
1 198 309 -700.956
1 198 311 -700.956
1 199 283 -700.956
1 199 311 -700.956
1 199 324 -700.956
1 200 280 -700.956
1 200 286 -700.956
1 200 296 -700.956
1 200 299 -700.956
1 200 306 -700.956
1 200 307 -700.956
1 200 312 -700.956
1 200 343 -700.956
1 200 345 -700.956
1 201 257 -700.956
1 202 280 -700.956
1 202 287 -700.956
1 202 297 -700.956
1 202 301 -700.956
1 202 302 -700.956
1 203 215 -700.956
1 203 304 -700.956
1 203 305 -700.956
1 203 309 -700.956
1 203 315 -700.956
1 205 263 -700.956
1 205 303 -700.956
1 205 304 -700.956
1 205 317 -700.956
1 205 318 -700.956
1 205 319 -700.956
1 206 264 -700.956
1 206 270 -700.956
1 206 301 -700.956
1 206 304 -700.956
1 206 315 -700.956
1 206 317 -1401.91
1 207 262 -700.956
1 207 300 -700.956
1 207 301 -1401.91
1 207 303 -700.956
1 207 304 -700.956
1 207 306 -1401.91
1 207 315 -700.956
1 207 317 -700.956
1 208 298 -1401.91
1 208 299 -1401.91
1 208 306 -700.956
1 208 317 -700.956
1 208 328 -700.956
1 209 284 -700.956
1 209 297 -700.956
1 209 302 -700.956
1 210 284 -700.956
1 210 301 -700.956
1 210 302 -700.956
1 210 342 -700.956
1 211 301 -700.956
1 211 321 -700.956
1 212 295 -700.956
1 212 347 -700.956
1 213 226 -700.956
1 213 287 -700.956
1 213 303 -700.956
1 213 329 -700.956
1 214 319 -700.956
1 215 289 -700.956
1 215 311 -700.956
1 215 353 -700.956
1 216 323 -700.956
1 216 341 -700.956
1 217 244 -700.956
1 217 249 -700.956
1 217 351 -700.956
1 218 209 -700.956
1 218 243 -700.956
1 218 292 -700.956
1 218 345 -1401.91
1 221 240 -700.956
1 221 611 -700.956
1 222 254 -700.956
1 222 362 -700.956
1 224 338 -700.956
1 224 359 -700.956
1 225 323 -700.956
1 225 329 -700.956
1 225 332 -700.956
1 225 368 -700.956
1 225 373 -700.956
1 225 378 -700.956
1 225 382 -1401.91
1 226 323 -700.956
1 226 388 -1401.91
1 226 618 -700.956
1 227 315 -700.956
1 228 606 -700.956
1 229 385 -1401.91
1 229 392 -700.956
1 229 393 -700.956
1 229 397 -2803.82
1 229 618 -3504.78
1 230 338 -700.956
1 230 373 -1401.91
1 230 384 -700.956
1 230 392 -1401.91
1 230 393 -2803.82
1 230 396 -700.956
1 230 605 -700.956
1 231 343 -700.956
1 231 383 -700.956
1 231 392 -3504.78
1 231 393 -7710.51
1 231 398 -700.956
1 231 603 -700.956
1 231 607 -1401.91
1 232 259 -700.956
1 232 300 -700.956
1 232 384 -700.956
1 232 389 -700.956
1 232 393 -4205.73
1 232 394 -2803.82
1 232 405 -700.956
1 232 604 -1401.91
1 232 606 -1401.91
1 232 607 -2102.87
1 232 608 -700.956
1 233 373 -700.956
1 233 393 -700.956
1 233 403 -700.956
1 233 406 -2803.82
1 233 601 -1401.91
1 233 602 -700.956
1 234 374 -700.956
1 234 388 -700.956
1 234 389 -700.956
1 234 406 -2102.87
1 234 407 -1401.91
1 234 601 -700.956
1 234 602 -1401.91
1 234 603 -2102.87
1 234 604 -700.956
1 234 605 -1401.91
1 234 606 -700.956
1 234 609 -700.956
1 234 620 -700.956
1 234 621 -700.956
1 235 342 -700.956
1 235 368 -700.956
1 235 389 -700.956
1 235 392 -700.956
1 235 404 -700.956
1 235 406 -700.956
1 235 599 -700.956
1 235 600 -1401.91
1 235 602 -2102.87
1 235 603 -700.956
1 235 606 -700.956
1 235 608 -700.956
1 236 256 -700.956
1 236 359 -700.956
1 236 377 -1401.91
1 236 378 -700.956
1 236 389 -1401.91
1 236 600 -700.956
1 236 601 -700.956
1 236 602 -1401.91
1 236 605 -700.956
1 236 606 -700.956
1 236 607 -700.956
1 236 620 -700.956
1 237 330 -700.956
1 237 377 -700.956
1 237 384 -700.956
1 237 388 -700.956
1 237 605 -1401.91
1 237 606 -2102.87
1 237 607 -1401.91
1 237 608 -3504.78
1 237 609 -2102.87
1 237 620 -700.956
1 238 346 -700.956
1 238 391 -700.956
1 238 410 -700.956
1 238 602 -700.956
1 238 603 -700.956
1 238 606 -3504.78
1 238 607 -4205.73
1 238 608 -2803.82
1 238 610 -700.956
1 239 297 -36081.8
1 239 323 -700.956
1 239 404 -700.956
1 239 601 -700.956
1 239 603 -700.956
1 239 607 -1401.91
1 239 608 -2803.82
1 239 609 -2102.87
1 239 610 -1401.91
1 239 615 -1401.91
1 240 267 -700.956
1 240 319 -700.956
1 240 327 -717.6289999999999
1 240 352 -700.956
1 240 374 -1401.91
1 240 392 -1401.91
1 240 396 -700.956
1 240 406 -700.956
1 240 603 -700.956
1 240 605 -2102.87
1 240 606 -2803.82
1 240 607 -1401.91
1 240 620 -1401.91
1 240 621 -700.956
1 241 339 -700.956
1 241 352 -700.956
1 241 370 -1401.91
1 241 375 -700.956
1 241 409 -700.956
1 241 577 -700.956
1 241 603 -1401.91
1 241 605 -2102.87
1 241 606 -1401.91
1 241 607 -1401.91
1 241 608 -1401.91
1 241 609 -3504.78
1 241 610 -700.956
1 241 611 -700.956
1 241 620 -700.956
1 241 621 -700.956
1 242 314 -700.956
1 242 318 -700.956
1 242 336 -700.956
1 242 338 -700.956
1 242 339 -700.956
1 242 373 -2102.87
1 242 374 -4205.73
1 242 406 -1401.91
1 242 603 -1401.91
1 242 604 -4906.69
1 242 605 -6308.6
1 242 606 -2102.87
1 242 607 -3504.78
1 242 608 -3504.78
1 242 609 -2102.87
1 242 610 -2102.87
1 242 616 -700.956
1 242 622 -700.956
1 242 623 -2102.87
1 243 366 -700.956
1 243 369 -700.956
1 243 372 -1401.91
1 243 373 -5607.65
1 243 374 -2102.87
1 243 386 -700.956
1 243 391 -700.956
1 243 405 -700.956
1 243 406 -700.956
1 243 407 -1401.91
1 243 409 -700.956
1 243 577 -700.956
1 243 606 -4906.69
1 243 607 -3504.78
1 243 608 -1401.91
1 243 609 -4205.73
1 243 620 -700.956
1 243 622 -1401.91
1 243 623 -5607.65
1 244 371 -700.956
1 244 372 -1401.91
1 244 373 -2102.87
1 244 415 -700.956
1 244 598 -700.956
1 244 606 -2812.49
1 244 607 -700.956
1 244 611 -700.956
1 244 616 -700.956
1 244 622 -700.956
1 244 623 -2803.82
1 244 624 -700.956
1 245 312 -700.956
1 245 315 -700.956
1 245 326 -700.956
1 245 335 -700.956
1 245 338 -700.956
1 245 356 -1401.91
1 245 371 -700.956
1 245 413 -700.956
1 245 586 -700.956
1 245 604 -700.956
1 245 605 -2102.87
1 245 606 -3504.78
1 245 607 -2803.82
1 245 609 -3504.78
1 245 610 -1401.91
1 245 612 -1401.91
1 245 616 -1401.91
1 245 619 -700.956
1 245 620 -1401.91
1 245 622 -700.956
1 246 214 -700.956
1 246 342 -700.956
1 246 356 -700.956
1 246 357 -700.956
1 246 374 -700.956
1 246 413 -700.956
1 246 590 -700.956
1 246 599 -700.956
1 246 600 -4205.73
1 246 605 -2803.82
1 246 606 -4906.69
1 246 607 -2803.82
1 246 610 -700.956
1 246 612 -1401.91
1 246 614 -700.956
1 246 615 -700.956
1 246 623 -700.956
1 247 314 -700.956
1 247 331 -700.956
1 247 367 -1401.91
1 247 368 -3504.78
1 247 387 -1401.91
1 247 413 -700.956
1 247 578 -700.956
1 247 597 -700.956
1 247 598 -4906.69
1 247 599 -4205.73
1 247 600 -7009.56
1 247 601 -7009.56
1 247 605 -1401.91
1 247 609 -1401.91
1 247 610 -1401.91
1 247 611 -2803.82
1 247 612 -2803.82
1 247 613 -1401.91
1 247 618 -1401.91
1 247 619 -700.956
1 247 623 -700.956
1 248 307 -700.956
1 248 367 -700.956
1 248 368 -2803.82
1 248 371 -1401.91
1 248 372 -3504.78
1 248 387 -1401.91
1 248 388 -4205.73
1 248 413 -700.956
1 248 416 -700.956
1 248 529 -700.956
1 248 567 -700.956
1 248 596 -4906.69
1 248 597 -3504.78
1 248 598 -7009.56
1 248 599 -4205.73
1 248 600 -2803.82
1 248 601 -4205.73
1 248 602 -2102.87
1 248 605 -700.956
1 248 608 -700.956
1 248 609 -1401.91
1 248 610 -2102.87
1 248 611 -4205.73
1 248 612 -4205.73
1 248 613 -4906.69
1 248 618 -700.956
1 248 619 -700.956
1 248 620 -700.956
1 248 623 -1401.91
1 249 333 -700.956
1 249 334 -700.956
1 249 365 -1401.91
1 249 366 -2102.87
1 249 367 -700.956
1 249 368 -2102.87
1 249 371 -700.956
1 249 387 -700.956
1 249 388 -700.956
1 249 400 -700.956
1 249 412 -700.956
1 249 567 -700.956
1 249 593 -1401.91
1 249 595 -4205.73
1 249 596 -4906.69
1 249 597 -7710.51
1 249 603 -2102.87
1 249 604 -5607.65
1 249 605 -3504.78
1 249 607 -2803.82
1 249 609 -700.956
1 249 610 -1401.91
1 249 611 -3504.78
1 249 612 -6308.6
1 249 613 -1401.91
1 249 618 -700.956
1 249 623 -700.956
1 250 331 -772.1080000000001
1 250 355 -700.956
1 250 365 -1401.91
1 250 366 -3504.78
1 250 367 -2102.87
1 250 368 -700.956
1 250 369 -1401.91
1 250 370 -1401.91
1 250 371 -4218.46
1 250 382 -700.956
1 250 406 -700.956
1 250 413 -700.956
1 250 414 -700.956
1 250 423 -700.956
1 250 436 -700.956
1 250 568 -700.956
1 250 579 -700.956
1 250 591 -700.956
1 250 594 -700.956
1 250 596 -5607.65
1 250 597 -1401.91
1 250 602 -700.956
1 250 603 -4906.69
1 250 604 -4205.73
1 250 605 -2803.82
1 250 607 -700.956
1 250 608 -2102.87
1 250 609 -700.956
1 250 610 -700.956
1 250 613 -700.956
1 251 276 -700.956
1 251 322 -700.956
1 251 365 -2102.87
1 251 366 -6308.6
1 251 367 -1401.91
1 251 368 -1401.91
1 251 371 -700.956
1 251 379 -700.956
1 251 407 -700.956
1 251 414 -700.956
1 251 424 -700.956
1 251 598 -700.956
1 251 604 -700.956
1 251 605 -700.956
1 251 607 -700.956
1 251 610 -700.956
1 252 236 -700.956
1 252 365 -2102.87
1 252 366 -4906.69
1 252 367 -4906.69
1 252 368 -1401.91
1 252 376 -700.956
1 252 412 -700.956
1 252 416 -700.956
1 252 428 -700.956
1 252 506 -700.956
1 252 507 -700.956
1 252 528 -700.956
1 252 534 -700.956
1 252 544 -700.956
1 252 576 -700.956
1 252 591 -1401.91
1 252 596 -1459.96
1 252 597 -1401.91
1 252 598 -700.956
1 252 599 -1401.91
1 252 608 -1401.91
1 252 609 -700.956
1 252 611 -700.956
1 252 620 -700.956
1 253 259 -700.956
1 253 342 -700.956
1 253 363 -700.956
1 253 365 -1401.91
1 253 366 -4205.73
1 253 367 -2803.82
1 253 370 -700.956
1 253 375 -1401.91
1 253 404 -700.956
1 253 433 -1401.91
1 253 506 -700.956
1 253 543 -700.956
1 253 546 -700.956
1 253 547 -700.956
1 253 566 -700.956
1 253 586 -1401.91
1 253 596 -700.956
1 253 597 -2803.82
1 253 601 -700.956
1 253 604 -700.956
1 253 605 -700.956
1 253 614 -2102.87
1 254 366 -1401.91
1 254 478 -700.956
1 254 581 -700.956
1 254 584 -700.956
1 254 585 -4205.73
1 254 586 -3504.78
1 254 587 -2102.87
1 254 588 -2102.87
1 254 589 -2803.82
1 254 598 -700.956
1 254 599 -700.956
1 254 601 -1401.91
1 254 604 -1401.91
1 254 605 -700.956
1 254 606 -700.956
1 254 611 -700.956
1 255 341 -700.956
1 255 346 -700.956
1 255 371 -700.956
1 255 402 -700.956
1 255 442 -700.956
1 255 445 -700.956
1 255 461 -700.956
1 255 479 -700.956
1 255 512 -700.956
1 255 513 -700.956
1 255 526 -700.956
1 255 547 -700.956
1 255 548 -700.956
1 255 565 -700.956
1 255 583 -2102.87
1 255 584 -2803.82
1 255 585 -2803.82
1 255 586 -2803.82
1 255 587 -1401.91
1 255 588 -700.956
1 255 591 -700.956
1 255 594 -700.956
1 255 597 -700.956
1 255 600 -1401.91
1 255 607 -700.956
1 256 346 -700.956
1 256 350 -700.956
1 256 367 -700.956
1 256 373 -700.956
1 256 374 -700.956
1 256 491 -700.956
1 256 526 -700.956
1 256 531 -2102.87
1 256 532 -700.956
1 256 547 -700.956
1 256 548 -1401.91
1 256 549 -700.956
1 256 575 -700.956
1 256 578 -1401.91
1 256 580 -700.956
1 256 584 -2102.87
1 256 585 -1401.91
1 256 592 -1401.91
1 256 594 -4907.49
1 256 595 -2803.82
1 256 607 -2803.82
1 256 608 -1401.91
1 256 609 -700.956
1 257 330 -700.956
1 257 461 -700.956
1 257 497 -700.956
1 257 503 -700.956
1 257 506 -700.956
1 257 512 -700.956
1 257 527 -2102.87
1 257 529 -700.956
1 257 532 -700.956
1 257 549 -700.956
1 257 574 -700.956
1 257 575 -2102.87
1 257 584 -2102.87
1 257 585 -2102.87
1 257 593 -1401.91
1 257 594 -5607.65
1 257 595 -2803.82
1 257 597 -1401.91
1 257 606 -4906.69
1 257 607 -700.956
1 258 307 -700.956
1 258 330 -700.956
1 258 366 -700.956
1 258 485 -1401.91
1 258 489 -1401.91
1 258 491 -700.956
1 258 493 -700.956
1 258 494 -700.956
1 258 496 -700.956
1 258 497 -700.956
1 258 498 -2102.87
1 258 499 -1401.91
1 258 502 -700.956
1 258 503 -700.956
1 258 529 -1401.91
1 258 531 -700.956
1 258 532 -700.956
1 258 533 -1401.91
1 258 535 -700.956
1 258 546 -700.956
1 258 550 -700.956
1 258 556 -1401.91
1 258 564 -700.956
1 258 576 -700.956
1 258 583 -700.956
1 258 584 -2102.87
1 258 586 -2102.87
1 258 594 -2102.87
1 258 606 -3504.78
1 258 607 -700.956
1 259 346 -700.956
1 259 369 -1401.91
1 259 402 -700.956
1 259 444 -700.956
1 259 456 -700.956
1 259 485 -700.956
1 259 486 -700.956
1 259 488 -700.956
1 259 489 -700.956
1 259 490 -1401.91
1 259 509 -1401.91
1 259 510 -700.956
1 259 522 -700.956
1 259 528 -700.956
1 259 529 -700.956
1 259 531 -700.956
1 259 532 -700.956
1 259 545 -700.956
1 259 549 -700.956
1 259 554 -1401.91
1 259 555 -1401.91
1 259 556 -2102.87
1 259 557 -2102.87
1 259 575 -2803.82
1 259 576 -700.956
1 259 579 -700.956
1 259 584 -700.956
1 259 585 -2803.82
1 259 586 -1401.91
1 260 369 -1401.91
1 260 404 -1401.91
1 260 443 -700.956
1 260 454 -700.956
1 260 485 -700.956
1 260 486 -1401.91
1 260 487 -700.956
1 260 492 -700.956
1 260 499 -700.956
1 260 502 -1401.91
1 260 517 -700.956
1 260 527 -700.956
1 260 545 -2102.87
1 260 548 -700.956
1 260 554 -700.956
1 260 556 -700.956
1 260 567 -700.956
1 260 576 -700.956
1 260 577 -700.956
1 261 397 -700.956
1 261 404 -700.956
1 261 444 -700.956
1 261 483 -700.956
1 261 487 -700.956
1 261 501 -700.956
1 261 502 -700.956
1 261 545 -700.956
1 261 551 -700.956
1 261 552 -700.956
1 261 565 -700.956
1 262 254 -700.956
1 262 353 -1401.91
1 262 369 -700.956
1 262 425 -700.956
1 262 443 -700.956
1 262 458 -700.956
1 262 483 -1401.91
1 262 493 -700.956
1 262 501 -700.956
1 262 502 -700.956
1 262 523 -700.956
1 262 524 -700.956
1 262 535 -700.956
1 262 536 -700.956
1 262 537 -700.956
1 262 542 -700.956
1 262 546 -700.956
1 262 584 -700.956
1 262 587 -700.956
1 263 355 -700.956
1 263 415 -700.956
1 263 484 -700.956
1 263 493 -700.956
1 263 509 -700.956
1 263 522 -700.956
1 263 523 -1401.91
1 263 524 -1401.91
1 263 541 -1401.91
1 263 542 -700.956
1 263 543 -700.956
1 263 546 -1401.91
1 263 576 -700.956
1 263 579 -700.956
1 263 581 -2803.82
1 264 369 -700.956
1 264 379 -700.956
1 264 481 -700.956
1 264 482 -700.956
1 264 493 -700.956
1 264 503 -700.956
1 264 504 -700.956
1 264 516 -700.956
1 264 521 -2102.87
1 264 527 -700.956
1 264 543 -2803.82
1 264 568 -700.956
1 264 575 -700.956
1 264 576 -1401.91
1 265 336 -700.956
1 265 367 -1401.91
1 265 457 -700.956
1 265 459 -700.956
1 265 511 -700.956
1 265 516 -700.956
1 265 520 -700.956
1 265 524 -704.1039999999999
1 265 568 -1401.91
1 266 314 -700.956
1 266 413 -700.956
1 266 456 -700.956
1 266 478 -700.956
1 266 481 -700.956
1 266 483 -700.956
1 266 484 -700.956
1 266 485 -700.956
1 266 492 -700.956
1 266 498 -700.956
1 266 505 -700.956
1 266 518 -700.956
1 266 523 -700.956
1 266 543 -700.956
1 266 545 -700.956
1 266 549 -700.956
1 266 555 -700.956
1 267 337 -700.956
1 267 365 -700.956
1 267 381 -700.956
1 267 459 -700.956
1 267 460 -1401.91
1 267 505 -700.956
1 267 507 -700.956
1 267 543 -700.956
1 267 544 -1401.91
1 267 549 -700.956
1 267 553 -2102.87
1 267 562 -700.956
1 268 507 -1401.91
1 268 540 -700.956
1 268 541 -700.956
1 268 542 -1401.91
1 268 543 -2803.82
1 268 544 -1401.91
1 268 549 -700.956
1 268 551 -700.956
1 268 552 -700.956
1 268 553 -700.956
1 269 362 -700.956
1 269 505 -1401.91
1 269 507 -700.956
1 269 528 -700.956
1 269 543 -700.956
1 269 547 -1401.91
1 270 474 -700.956
1 270 475 -1401.91
1 270 479 -700.956
1 270 491 -700.956
1 270 504 -700.956
1 270 507 -700.956
1 270 526 -700.956
1 271 375 -700.956
1 271 388 -700.956
1 271 479 -700.956
1 271 481 -700.956
1 271 487 -700.956
1 271 491 -700.956
1 271 526 -700.956
1 272 469 -700.956
1 272 493 -700.956
1 272 495 -1401.91
1 272 496 -700.956
1 272 502 -700.956
1 272 526 -2102.87
1 273 441 -700.956
1 273 462 -700.956
1 273 526 -700.956
1 275 463 -700.956
1 275 480 -700.956
1 275 502 -700.956
1 275 504 -700.956
1 276 502 -700.956
1 277 393 -700.956
1 279 459 -700.956
1 280 563 -700.956
1 282 434 -700.956
1 282 435 -700.956
1 283 461 -700.956
1 283 482 -700.956
1 283 483 -700.956
1 285 437 -700.956
1 285 482 -700.956
1 285 483 -700.956
1 286 377 -700.956
1 286 464 -700.956
1 288 469 -700.956
1 289 362 -700.956
1 289 443 -700.956
1 292 358 -700.956
1 293 390 -2102.87
1 293 391 -700.956
1 296 390 -700.956
1 301 359 -700.956
1 301 378 -700.956
1 85 106 -700.956
1 92 112 -1401.91
1 93 117 -700.956
1 97 89 -700.956
1 98 101 -700.956
1 99 126 -700.956
1 99 136 -700.956
1 147 119 -3044.98
1 148 187 -83005.7
1 150 114 -34233.9
1 153 113 -37715.9
1 156 158 -73232.7
1 157 160 -36729.0
1 167 186 -40040.1
1 168 169 -7025.81
1 170 169 -39344.5
1 197 280 -4915.25
1 199 225 -16145.3
1 234 285 -7551.34
1 244 234 -53858.6
1 259 541 -41.6135
1 265 469 -65.5898
1 267 479 -1895.51
1 271 361 -2065.02
1 272 454 -60.9128
1 291 453 -4329.53
1 299 360 -46117.4
1 109 116 -48381.1
1 131 118 -2761.42
1 132 183 -23811.9
1 137 123 -31611.3
1 140 173 -82696.6
1 141 124 -52114.6
1 142 121 -48277.1
1 152 130 -15380.0
1 155 192 -13068.9
1 157 117 -38130.5
1 157 190 -169.88400000000001
1 158 205 -87061.0
1 164 258 -75925.1
1 169 164 -111148.0
1 172 162 -46342.2
1 172 163 -51532.9
1 173 196 -848.577
1 175 213 -145412.0
1 195 280 -56206.5
1 202 295 -26265.3
1 203 296 -178994.0
1 214 174 -24627.6
1 218 173 -231833.0
1 226 358 -4492.77
1 247 335 -38109.4
1 256 333 -70258.1
1 262 350 -23509.8
1 267 346 -55234.1
1 269 347 -8165.25
1 271 470 -1561.05
1 285 357 -3674.06
1 293 378 -916.745
1 299 335 -122201.0
1 143 152 -73960.7
1 144 130 -12529.3
1 148 113 -85020.7
1 149 118 -176335.0
1 152 177 -6756.02
1 152 183 -95715.4
1 153 185 -77403.3
1 153 212 -4074.97
1 155 180 -43827.0
1 159 188 -38812.0
1 161 161 -28560.8
1 164 159 -61417.2
1 167 163 -25292.9
1 170 217 -116104.0
1 174 182 -26596.9
1 175 178 -3902.13
1 176 128 -16014.6
1 189 206 -126465.0
1 201 279 -137799.0
1 221 294 -42540.0
1 221 361 -825.802
1 222 252 -13720.0
1 222 266 -84309.7
1 224 273 -122345.0
1 225 248 -11371.8
1 226 361 -29256.9
1 228 373 -22974.4
1 234 319 -116628.0
1 235 317 -32737.2
1 237 292 -150168.0
1 238 244 -48679.0
1 245 243 -17906.0
1 248 238 -72200.5
1 248 331 -55097.8
1 256 342 -37939.4
1 259 347 -32293.4
1 266 345 -33562.5
1 271 268 -211907.0
1 274 278 -75565.4
1 295 392 -40943.6
1 296 391 -37101.9
1 296 393 -20488.7
1 141 116 -19056.8
1 142 185 -2810.32
1 143 184 -145524.0
1 144 151 -32318.7
1 144 186 -13349.0
1 145 114 -21024.0
1 146 150 -25292.9
1 146 180 -91215.3
1 147 148 -61827.1
1 147 171 -73068.4
1 149 124 -1415.0
1 149 181 -90250.7
1 149 202 -40366.1
1 150 172 -36534.2
1 150 183 -45976.2
1 150 186 -51050.0
1 151 178 -35261.1
1 151 181 -99274.6
1 151 189 -81920.9
1 152 180 -110759.0
1 153 188 -52412.5
1 154 113 -83.598
1 158 173 -10586.7
1 164 124 -2534.91
1 165 167 -126746.0
1 168 164 -43868.2
1 168 166 -27933.7
1 170 115 -22079.3
1 176 222 -54801.3
1 184 210 -100469.0
1 188 207 -95973.9
1 189 288 -4752.26
1 193 280 -34069.5
1 206 280 -27375.4
1 209 273 -99068.1
1 209 281 -93752.4
1 211 263 -100090.0
1 213 270 -40790.4
1 219 272 -45228.5
1 221 302 -1957.39
1 221 317 -74864.2
1 224 287 -5620.65
1 228 354 -33267.2
1 230 352 -123047.0
1 231 270 -44710.8
1 231 347 -30338.8
1 235 295 -50445.3
1 236 320 -99766.5
1 236 342 -47446.0
1 236 344 -35142.5
1 240 330 -82904.5
1 240 337 -53436.2
1 240 357 -29546.3
1 244 333 -8983.2
1 246 332 -25292.9
1 246 337 -49180.6
1 251 334 -37239.6
1 258 345 -28260.6
1 260 345 -22595.0
1 261 340 -24325.1
1 262 286 -10215.5
1 265 517 -34.412
1 267 321 -33892.5
1 267 428 -86.2456
1 269 365 -1953.17
1 270 267 -21077.4
1 271 267 -66441.1
1 277 371 -1722.52
1 281 331 -9018.07
1 284 333 -1083.38
1 289 371 -31991.3
1 290 371 -14137.3
1 296 358 -77536.4
1 297 356 -697.135
1 297 391 -41044.8
1 125 93 -6284.04
1 131 125 -12008.5
1 134 123 -21060.6
1 135 126 -22576.7
1 138 125 -19073.7
1 142 117 -140190.0
1 142 169 -21406.5
1 145 116 -19802.9
1 146 146 -18927.8
1 152 213 -35117.8
1 156 214 -33513.3
1 161 185 -162229.0
1 166 203 -9255.8
1 168 216 -111999.0
1 183 232 -150049.0
1 192 232 -680425.0
1 193 235 -390244.0
1 201 310 -705.862
1 211 195 -2732.74
1 221 339 -54637.2
1 223 263 -84720.0
1 230 358 -89008.5
1 232 347 -21603.7
1 233 341 -30750.9
1 248 344 -30296.3
1 263 345 -84309.7
1 263 427 -94.1371
1 263 570 -444.165
1 265 414 -79.7772
1 286 302 -3222.03
1 292 360 -4.33065
1 293 357 -61432.2
1 295 362 -986.423
1 297 439 -638553.0
1 132 120 -50214.8
1 134 124 -24166.0
1 134 126 -40818.5
1 135 122 -26162.7
1 137 128 -72427.6
1 148 119 -23348.2
1 150 118 -9763.06
1 150 121 -107172.0
1 150 127 -4018.29
1 152 118 -63240.1
1 153 122 -27409.1
1 153 123 -65446.8
1 155 125 -63450.1
1 156 124 -19288.6
1 158 138 -66759.2
1 158 140 -90750.9
1 160 139 -98268.5
1 181 126 -86569.2
1 189 126 -122692.0
1 224 257 -4576.52
1 230 223 -49867.2
1 260 337 -1184.15
1 276 359 -70258.1
1 281 445 -877.097
1 137 168 -62807.9
1 149 213 -55238.3
1 189 195 -27069.0
1 190 250 -5442.19
1 192 197 -52790.5
1 202 228 -29826.5
1 210 253 -109799.0
1 217 236 -52732.9
1 245 324 -252.929
1 247 330 -6.03719
1 270 480 -128.032
1 144 124 -5519.47
1 145 131 -42825.1
1 148 166 -51529.5
1 158 114 -19607.6
1 188 197 -72073.5
1 188 204 -24285.1
1 203 340 -1105.69
1 206 281 -561.663
1 208 226 -36959.7
1 211 266 -33605.6
1 213 276 -36999.8
1 214 274 -102021.0
1 220 278 -48128.5
1 223 372 -3147.97
1 232 398 -70258.1
1 233 375 -2905.18
1 236 317 -46370.3
1 239 385 -18954.8
1 239 406 -181.11599999999999
1 239 416 -3.6223199999999998
1 241 238 -22069.5
1 246 320 -6486.22
1 248 454 -1666.1
1 259 351 -3969.58
1 262 585 -93.9474
1 263 492 -0.10182999999999999
1 265 360 -41613.5
1 267 449 -1635.65
1 268 351 -5608.0
1 269 360 -8779.81
1 272 360 -12574.8
1 273 521 -24148.8
1 274 327 -9968.8
1 275 465 -158.692
1 292 458 -228.551
1 297 377 -24513.6
1 147 116 -46961.9
1 147 183 -154173.0
1 156 122 -5197.69
1 258 337 -28.7754
1 259 439 -2.15614
1 268 484 -8.98001
1 281 328 -14051.6
1 173 183 -22677.9
1 257 342 -20292.4
1 268 354 -134973.0
1 251 286 -3630.94
1 264 441 -111.541
1 136 173 -13011.8
1 144 189 -46229.8
1 154 122 -61754.0
1 161 179 -146634.0
1 164 169 -22482.6
1 167 128 -250030.0
1 167 247 -3205.01
1 183 124 -74954.1
1 186 125 -88134.5
1 186 209 -98203.9
1 204 300 -56.0165
1 215 269 -50585.8
1 225 242 -15456.8
1 226 375 -9596.97
1 238 302 -10002.8
1 242 355 -175.639
1 244 321 -23571.6
1 245 406 -295.434
1 247 591 -300.997
1 248 590 -34.4983
1 248 593 -65.5467
1 251 614 -1373.76
1 255 333 -70258.1
1 256 443 -47.4858
1 258 335 -1968.99
1 258 416 -56.4909
1 266 470 -1185.29
1 269 482 -165.27
1 270 476 -2189.35
1 273 523 -210957.0
1 274 506 -1642.75
1 280 458 -189.74
1 298 384 -14.6618
1 204 299 -1222.83
1 221 300 -127.471
1 239 400 -6.43446
1 272 494 -511.838
1 134 167 -8203.33
1 159 157 -114319.0
1 225 289 -6236.11
1 226 330 -20500.6
1 244 430 -712.82
1 247 342 -995.365
1 253 427 -1762.86
1 253 443 -613.681
1 254 398 -18.3272
1 254 442 -3071.21
1 254 444 -269.0
1 254 445 -20.6318
1 256 445 -1723.19
1 261 346 -16.2903
1 261 369 -1473.94
1 262 555 -127.928
1 263 448 -145.755
1 265 559 -1331.63
1 271 471 -142.892
1 271 489 -4713.32
1 272 371 -407.079
1 275 371 -41557.5
1 262 394 -282113.0
1 271 492 -86.1594
1 167 168 -39485.0
1 157 122 -486.005
1 160 136 -696.433
1 169 201 -63889.9
1 199 297 -75.5332
1 211 313 -45.278999999999996
1 214 287 -181.655
1 224 372 -2393.75
1 246 609 -1640.39
1 247 343 -86.5906
1 247 590 -467.02
1 255 446 -781.385
1 261 524 -243.644
1 261 525 -1109.98
1 270 482 -163.86700000000002
1 276 386 -585.6080000000001
1 278 371 -78493.7
1 281 446 -492.031
1 284 406 -1186.74
1 291 458 -94.1544
1 295 390 -21821.9
1 297 384 -212.43
1 297 387 -673.01
1 165 158 -29945.4
1 178 212 -9448.3
1 145 147 -591.559
1 257 443 -503.24300000000005
1 258 456 -55.7654
1 170 249 -3694.5
1 229 341 -0.243653
1 234 400 -40.7511
1 237 378 -21.6477
1 240 386 -78.2679
1 241 353 -61.7862
1 247 341 -28.7792
1 248 343 -182.388
1 253 400 -164.52599999999998
1 254 370 -3.75169
1 254 394 -17.5079
1 254 400 -85.4177
1 255 373 -88.833
1 261 362 -52562.4
1 262 441 -36.1973
1 263 353 -8.04672
1 274 527 -255.028
1 276 469 -15.093
1 276 484 -95.551
1 282 451 -1254.87
1 130 192 -59.1918
1 207 193 -172284.0
1 145 139 -477.19300000000004
1 206 299 -84.8294
1 239 305 -1293.68
1 289 412 -1.00092
1 233 400 -79759.9
1 117 117 -1853.58
1 183 311 -6932.85
1 185 196 -994.8430000000001
1 220 175 -96396.6
1 244 355 -21022.4
1 245 261 -10026.1
1 290 355 -78949.2
1 294 370 -54645.3
1 264 474 -3.79481
1 157 131 -56.3329
1 164 240 -1112.57
1 201 297 -96.4501
1 207 298 -26.0462
1 232 373 -174.87900000000002
1 233 392 -95.7758
1 234 236 -4837.11
1 234 401 -84.0464
1 235 390 -620.82
1 236 398 -1206.15
1 237 390 -462.708
1 237 399 -153.388
1 237 400 -145.13299999999998
1 248 342 -252.44299999999998
1 248 606 -216.7
1 249 344 -136.786
1 249 411 -272.907
1 253 418 -83607.1
1 253 442 -777.073
1 254 600 -182.459
1 258 597 -71.0664
1 259 428 -381.63699999999994
1 263 467 -41171.9
1 263 468 -28853.5
1 268 457 -124.257
1 281 429 -637.513
1 283 394 -68.0607
1 284 436 -3247.15
1 296 414 -20.2677
1 297 446 -1201.4
1 144 126 -20492.9
1 147 130 -26405.8
1 223 371 -177.666
1 257 456 -116.69
1 160 142 -7.43796
1 247 419 -998.7239999999999
1 290 441 -254.269
1 257 602 -37.0856
1 176 219 -470.577
1 256 590 -31.7815
1 261 581 -5.85608
1 241 405 -906.873
1 251 362 -1933.03
1 271 484 -196.739
1 235 358 -409.62199999999996
1 240 422 -54.1838
1 254 368 -739.125
1 260 348 -65.9779
1 261 424 -495.912
1 269 477 -2073.3
1 290 463 -3905.43
1 175 246 -84309.7
1 195 301 -416.566
1 271 397 -136.68200000000002
1 231 201 -21077.4
1 240 393 -13.5406
1 282 445 -23.1641
1 234 395 -20.8282
1 255 399 -1294.98
1 267 483 -260.893
1 261 521 -6.07942
1 244 406 -238.79
1 162 138 -4.18291
1 164 144 -98.4511
1 218 352 -9751.37
1 259 459 -5.17474
1 267 360 -10.3951
1 251 431 -1470.92
1 292 373 -6.71386
1 265 476 -25.8737
1 235 401 -5.99407
1 271 480 -27.1674
1 259 438 -11.5267
1 279 460 -13.7131
1 272 492 -4660.91
1 243 423 -14.7049
1 259 448 -23.736
1 244 609 -17.7235
1 156 195 -59.9836
1 269 497 -197.345
1 217 228 -1099.63
1 252 431 -1222.53
1 250 444 -338.024
1 201 245 -12371.9
1 237 397 -2163.75
1 252 401 -2614.54
1 261 540 -1118.28
