1 62 1 3798.3
1 61 2 3770.7
1 60 3 3749.7
1 59 4 3733.5
1 58 5 3721.5
1 57 6 3713.4
1 56 7 3709.2
1 55 8 3709.0
1 54 9 3713.4
1 53 10 3722.5
1 52 11 3736.7
1 51 12 3755.5
1 49 13 3767.8
1 50 13 3777.1
1 48 14 3789.3
1 47 15 3784.5
1 46 16 3776.7
1 45 17 3766.9
1 45 18 3767.6
1 45 19 3768.3
1 44 20 3756.4
1 44 21 3756.2
1 44 22 3755.5
1 44 23 3754.2
1 44 24 3752.2
1 44 25 3749.4
1 44 26 3745.6
1 44 27 3740.7
1 44 28 3734.5
1 44 29 3727.0
1 44 30 3717.9
1 44 31 3707.0
1 44 32 3694.2
1 44 33 3679.1
1 44 34 3661.5
1 44 35 3641.1
1 44 36 3617.4
1 44 37 3589.8
1 44 38 3557.8
1 44 39 3520.3
1 44 40 3476.1
1 44 41 3422.8
1 43 42 3304.0
1 43 43 3265.0
1 43 44 3203.3
1 42 45 3052.1
1 42 46 2997.6
1 40 47 2765.7
1 41 47 2812.0
1 40 48 2729.6
1 40 49 2663.5
1 40 50 2567.6
1 35 78 4859.7
1 35 79 4888.1
1 34 80 4945.1
1 33 81 5025.5
1 32 82 5089.1
1 31 83 5102.5
1 30 84 5114.2
1 29 85 5123.1
1 28 86 5145.4
1 27 87 5164.2
1 26 88 5190.3
1 25 89 5217.8
1 25 90 5254.2
1 24 91 5241.3
1 24 92 5256.5
1 24 93 5293.6
1 24 94 5330.6
1 23 95 5345.7
1 23 96 5386.0
1 23 97 5422.3
1 22 98 5430.3
1 22 99 5471.4
1 22 100 5508.4
1 22 101 5545.7
1 21 102 5566.0
1 21 103 5611.1
1 20 104 5633.2
1 20 105 5675.7
1 19 106 5707.7
1 19 107 5752.1
1 18 108 5788.7
1 18 109 5828.5
1 17 110 5747.7
1 17 111 5758.8
1 17 112 5868.1
1 65 109 6030.5
1 66 109 6027.0
1 67 109 5976.4
1 68 109 5941.6
1 69 109 5951.1
1 62 110 5964.5
1 63 110 6002.2
1 64 110 6023.1
1 70 110 6040.0
1 60 111 5859.4
1 61 111 5880.9
1 71 111 6106.0
1 37 112 5647.1
1 38 112 5707.3
1 39 112 5768.9
1 40 112 5814.4
1 41 112 5851.4
1 42 112 5873.4
1 43 112 5884.6
1 44 112 5893.7
1 45 112 5900.9
1 46 112 5910.4
1 47 112 5919.3
1 48 112 5936.9
1 55 112 5739.6
1 56 112 5761.3
1 57 112 5778.4
1 58 112 5795.2
1 59 112 5810.1
1 72 112 6143.0
1 16 113 5956.8
1 33 113 5631.7
1 34 113 5615.1
1 35 113 5599.2
1 36 113 5578.7
1 49 113 5930.6
1 50 113 5908.4
1 51 113 5855.3
1 52 113 5800.7
1 53 113 5744.1
1 54 113 5707.4
1 73 113 6175.3
1 16 114 6015.9
1 29 114 5721.3
1 30 114 5696.1
1 31 114 5668.3
1 32 114 5633.3
1 74 114 6198.4
1 75 114 6202.5
1 16 115 6072.6
1 25 115 5833.0
1 26 115 5810.2
1 27 115 5781.0
1 28 115 5741.0
1 76 115 6234.3
1 16 116 6127.9
1 21 116 5975.7
1 22 116 5990.6
1 23 116 5903.4
1 24 116 5863.2
1 77 116 6249.5
1 78 116 6247.6
1 79 116 6260.2
1 16 117 6182.1
1 20 117 6023.7
1 80 117 6281.1
1 81 117 6279.2
1 82 117 6258.6
1 83 117 6231.1
1 84 117 6202.0
1 16 118 6219.5
1 17 118 6185.7
1 18 118 6138.6
1 19 118 6085.1
1 85 118 6131.5
1 85 119 6089.7
1 86 120 6072.5
1 86 121 6095.2
1 86 122 6120.0
1 86 123 6137.3
1 86 124 6149.7
1 86 125 6159.3
1 86 126 6166.4
1 86 127 6170.1
1 86 128 6170.7
1 86 129 6169.0
1 86 130 6166.3
1 86 131 6162.1
1 86 132 6155.2
1 86 133 6146.5
1 86 134 6134.7
1 86 135 6118.8
1 86 136 6099.7
1 85 137 6050.6
1 85 138 6037.7
1 84 139 6032.8
1 83 140 6073.8
1 82 141 6157.7
1 82 142 6174.0
1 81 143 6226.7
1 80 144 6287.2
1 79 145 6356.2
1 78 146 6419.8
1 77 147 6487.1
1 76 148 6559.0
1 75 149 6636.4
1 75 150 6700.7
1 75 151 6761.3
1 75 152 6821.9
1 75 153 6868.8
1 76 154 6862.0
1 77 154 6849.2
1 78 154 6839.0
1 79 155 6827.7
1 80 155 6815.1
1 81 156 6797.5
1 82 157 6771.0
1 82 158 6748.6
1 83 158 6734.5
1 84 159 6704.6
1 84 160 6676.8
1 84 161 6652.4
1 84 162 6628.5
1 85 163 6603.4
1 86 164 6574.0
1 87 165 6537.0
1 88 166 6502.2
1 89 167 6468.6
1 90 168 6387.2
1 90 169 6337.2
1 91 170 6269.8
1 92 171 6198.4
1 93 172 6167.7
1 94 173 6141.2
1 94 174 6138.8
1 95 175 6123.4
1 95 176 6109.0
1 95 177 6113.7
1 95 178 6120.7
1 95 179 6126.0
1 96 180 5954.7
1 97 181 5971.7
1 98 182 5989.2
1 99 183 6006.7
1 100 184 6022.5
1 101 185 6037.9
1 102 185 6046.3
1 103 185 6061.9
1 104 186 6096.3
1 105 186 6097.4
1 106 187 6100.6
1 107 188 6096.4
1 108 189 5914.1
1 108 190 5916.1
1 108 191 5917.1
1 108 192 5916.7
1 108 193 5912.5
1 107 194 5707.4
1 107 195 5703.4
1 107 196 5695.6
1 107 197 5685.3
1 107 198 5673.3
1 106 199 5634.9
1 106 200 5622.0
1 105 201 5576.1
1 105 202 5562.9
1 104 203 5522.4
1 104 204 5513.7
1 104 205 5498.7
1 104 206 5477.3
1 104 207 5444.2
1 98 208 5460.6
1 99 208 5470.7
1 100 208 5483.1
1 101 208 5496.0
1 102 208 5513.7
1 103 208 5542.4
1 97 209 5451.3
1 97 210 5450.1
1 97 211 5446.0
1 97 212 5440.7
1 96 213 5424.1
1 95 214 5416.7
1 95 215 5415.4
1 94 216 5408.0
1 94 217 5407.1
1 94 218 5406.4
1 95 219 5410.6
1 96 220 5414.1
1 97 221 5418.0
1 97 222 5416.9
1 98 223 5420.2
1 98 224 5418.8
1 99 225 5422.9
1 99 226 5421.0
1 100 227 5242.1
1 128 227 5398.5
1 129 227 5461.6
1 101 228 5248.0
1 107 228 5142.9
1 108 228 5167.8
1 109 228 5196.4
1 110 228 5228.4
1 111 228 5263.1
1 125 228 5283.4
1 126 228 5309.8
1 127 228 5318.0
1 130 228 5187.6
1 131 228 5194.1
1 132 228 5188.2
1 133 228 5189.3
1 134 228 5195.5
1 135 228 5209.9
1 136 228 5226.9
1 137 228 5240.2
1 138 228 5267.0
1 102 229 5252.8
1 106 229 5280.7
1 112 229 5117.3
1 118 229 5143.6
1 119 229 5162.0
1 120 229 5177.9
1 121 229 5192.0
1 122 229 5203.3
1 123 229 5212.7
1 124 229 5215.2
1 139 229 5340.3
1 103 230 5256.3
1 104 230 5258.9
1 105 230 5261.9
1 113 230 5133.9
1 114 230 5125.4
1 115 230 5121.1
1 116 230 5118.6
1 117 230 5110.7
1 140 230 5307.1
1 139 231 5374.7
1 137 232 5411.3
1 138 232 5410.6
1 136 233 5414.6
1 135 234 5407.4
1 133 235 5374.7
1 134 235 5388.0
1 132 236 5357.8
1 130 237 5314.5
1 131 237 5329.7
1 129 238 5303.3
1 128 239 5287.2
1 127 240 5267.3
1 127 241 5257.5
1 127 242 5244.6
1 128 243 5252.9
1 129 244 5251.2
1 129 245 5238.5
1 130 246 5234.7
1 131 246 5233.6
1 132 246 5236.5
1 133 246 5245.8
1 134 246 5263.2
1 135 246 5289.6
1 136 246 5316.8
1 137 246 5336.8
1 138 246 5358.8
1 139 247 5409.5
1 140 247 5434.0
1 141 247 5471.5
1 142 247 5514.8
1 143 248 5577.8
1 144 249 5671.3
1 144 250 5698.1
1 145 251 5749.9
1 145 252 5775.5
1 145 253 5795.8
1 146 254 5829.1
1 146 255 5826.5
1 146 256 5820.5
1 146 257 5812.6
1 146 258 5802.4
1 146 259 5790.6
1 146 260 5777.2
1 146 261 5764.9
1 146 262 5751.7
1 146 263 5738.5
1 146 264 5728.4
1 146 265 0.0
1 147 266 5482.8
1 147 267 5453.7
1 147 268 5428.8
1 147 269 5389.1
1 147 270 5356.1
1 148 271 5306.0
1 148 272 5279.2
1 148 273 5252.1
1 148 274 5230.3
1 149 274 5215.4
1 149 275 5175.8
1 149 276 5143.6
1 149 277 5091.0
1 149 278 5036.4
1 150 279 5132.7
1 150 280 5087.7
1 150 281 5046.5
1 150 282 5016.2
1 151 283 4932.5
1 151 284 4888.7
1 151 285 4855.4
1 152 286 4761.4
1 152 287 4706.8
1 152 288 4662.5
1 152 289 4628.0
1 153 290 4722.8
1 153 291 4696.3
1 153 292 4704.2
1 154 293 4715.0
1 154 294 4726.6
1 154 295 4736.1
1 154 296 4742.2
1 155 297 4760.1
1 155 298 4763.9
1 156 299 4586.8
1 157 299 4593.1
1 158 299 4602.6
1 159 299 4615.1
1 160 299 4631.1
1 161 299 4650.5
1 162 300 4681.7
1 162 301 4684.5
1 162 302 4683.6
1 162 303 4681.0
1 162 304 4678.3
1 163 305 4857.4
1 163 306 4848.4
1 163 307 4838.6
1 163 308 4829.3
1 163 309 4823.2
1 164 310 5039.4
1 165 311 5081.0
1 166 312 5152.7
1 167 313 5211.3
1 168 314 5244.2
1 168 315 5076.7
1 168 316 5081.0
1 169 316 5088.5
1 169 317 5094.3
1 170 317 5104.1
1 171 318 5105.2
1 171 319 5081.8
1 172 320 5033.9
1 172 321 4986.4
1 172 322 4938.1
1 172 323 4887.1
1 172 324 4847.4
1 173 325 4845.9
1 173 326 4849.5
1 173 327 4851.3
1 174 328 4860.7
1 174 329 4862.3
1 174 330 4863.3
1 175 331 4867.8
1 176 331 4871.8
1 177 331 4877.7
1 178 332 4887.1
1 179 333 4889.7
1 179 334 4886.6
1 179 335 4883.5
1 180 336 4881.0
1 181 337 4872.5
1 181 338 4867.8
1 187 338 4741.0
1 188 338 4762.1
1 189 338 4779.7
1 190 338 4793.4
1 182 339 4858.5
1 186 339 4873.5
1 191 339 4797.0
1 192 339 5216.0
1 182 340 4852.5
1 186 340 4857.8
1 193 340 5215.3
1 182 341 4848.9
1 186 341 4847.8
1 194 341 5215.2
1 195 341 5216.8
1 183 342 4845.3
1 184 342 4845.1
1 185 342 4844.6
1 186 342 4843.5
1 196 342 5216.5
1 196 343 5214.4
1 197 344 5213.3
1 198 345 5210.9
1 199 346 5208.8
1 200 346 5210.4
1 201 346 5212.6
1 202 346 5214.7
1 203 346 5215.5
1 204 346 4314.64
1 205 347 5199.5
1 206 347 5193.3
1 207 348 5398.8
1 207 349 5496.1
1 207 350 5637.0
1 206 351 5696.9
1 205 352 5701.7
1 205 353 5706.2
1 205 354 5711.2
1 206 355 5734.1
1 206 356 5742.3
1 207 357 5767.0
1 208 357 5784.2
1 209 358 5465.4
1 210 359 5522.7
1 211 359 5550.7
1 212 360 5470.5
1 212 361 5507.7
1 208 362 5529.9
1 209 362 5534.6
1 210 362 5541.7
1 211 362 5547.4
1 207 363 5526.1
1 206 364 5520.7
1 206 365 5522.0
1 206 366 5522.2
1 206 367 5521.4
1 206 368 5520.4
1 206 369 5519.2
1 207 369 5525.6
1 208 369 5542.1
1 209 369 5563.8
1 210 369 5588.2
1 211 369 5618.5
1 212 369 5654.9
1 213 369 5699.1
1 214 370 5595.6
1 215 370 5629.4
1 216 372 5626.7
1 214 373 5263.1
1 215 373 5351.3
1 214 374 5220.0
1 213 375 5270.2
1 212 376 5247.8
1 211 377 5194.7
1 211 378 5183.6
1 211 379 5178.1
1 211 380 5180.2
1 211 381 5189.3
1 211 382 5243.7
1 211 383 5293.5
1 212 384 45000.0
1 212 385 45000.0
1 212 386 45000.0
1 212 387 45000.0
1 212 388 45000.0
1 212 389 45000.0
1 212 390 45000.0
1 212 391 45000.0
1 212 392 45000.0
1 212 393 45000.0
1 213 394 45000.0
1 213 395 45000.0
1 213 396 45000.0
1 213 397 45000.0
1 213 398 45000.0
1 213 399 45000.0
1 213 400 45000.0
1 213 401 45000.0
1 213 402 45000.0
1 214 403 45000.0
1 214 404 45000.0
1 214 405 45000.0
1 214 406 45000.0
1 214 407 45000.0
1 214 409 45000.0
1 214 410 45000.0
1 214 411 45000.0
1 214 412 45000.0
1 214 413 45000.0
1 214 414 45000.0
1 214 415 45000.0
1 215 416 45000.0
1 215 417 45000.0
1 227 417 45000.0
1 228 417 45000.0
1 229 417 45000.0
1 216 418 45000.0
1 226 418 45000.0
1 230 418 45000.0
1 217 419 45000.0
1 218 419 45000.0
1 219 419 45000.0
1 220 419 45000.0
1 221 419 45000.0
1 222 419 45000.0
1 223 419 45000.0
1 224 419 45000.0
1 225 419 45000.0
1 229 419 45000.0
1 229 420 45000.0
1 226 421 45000.0
1 227 421 45000.0
1 228 421 45000.0
1 224 422 45000.0
1 225 422 45000.0
1 224 423 45000.0
1 224 424 45000.0
1 225 424 45000.0
1 226 424 45000.0
1 227 424 45000.0
1 228 424 45000.0
1 229 425 45000.0
1 229 426 45000.0
1 229 427 45000.0
1 229 428 45000.0
1 229 429 45000.0
1 228 430 45000.0
1 228 431 45000.0
1 228 432 45000.0
1 228 433 45000.0
1 228 434 45000.0
1 228 435 45000.0
1 229 435 45000.0
1 230 436 45000.0
1 230 437 45000.0
1 230 438 45000.0
1 230 439 45000.0
1 230 440 45000.0
1 230 441 45000.0
1 230 442 45000.0
1 230 443 45000.0
1 230 444 45000.0
1 230 445 45000.0
1 230 446 45000.0
1 230 447 45000.0
1 230 448 45000.0
1 230 449 45000.0
1 230 450 45000.0
1 230 451 45000.0
1 230 452 45000.0
1 230 453 45000.0
1 230 454 45000.0
1 230 455 45000.0
1 230 456 45000.0
1 231 457 45000.0
1 231 458 45000.0
1 231 459 45000.0
1 231 460 45000.0
1 232 461 45000.0
1 232 462 45000.0
1 232 463 45000.0
1 232 464 45000.0
1 233 464 45000.0
1 234 464 45000.0
1 235 464 45000.0
1 236 464 45000.0
1 237 464 45000.0
1 238 464 45000.0
1 239 465 45000.0
1 239 466 45000.0
1 239 467 5337.1
1 238 468 5337.1
1 238 469 5337.1
1 238 470 5337.1
1 239 471 5337.1
1 240 471 5337.1
1 241 472 5337.1
1 242 472 5337.1
1 243 472 5337.1
1 244 473 5337.1
1 245 474 5337.1
1 246 475 5337.1
1 246 476 5337.1
1 246 477 5337.1
1 246 478 5337.1
1 246 479 5337.1
1 246 480 5337.1
1 245 481 5337.1
1 245 482 5337.1
1 244 483 5337.1
1 243 484 5337.1
1 243 485 5337.1
1 243 486 5337.1
1 243 487 5337.1
1 243 488 5337.1
1 243 489 5337.1
1 242 490 5337.1
1 242 491 5337.1
1 241 492 5337.1
1 241 493 5337.1
1 240 494 5337.1
1 239 495 5337.1
1 238 496 5337.1
1 235 497 5337.1
1 236 497 5337.1
1 237 497 5337.1
1 233 498 5337.1
1 234 498 5337.1
1 233 499 5337.1
1 232 500 5337.1
1 231 501 5337.1
1 231 502 5337.1
1 231 503 5337.1
1 231 504 5337.1
1 231 505 5337.1
1 231 506 5337.1
1 231 507 5337.1
1 231 508 5337.1
1 231 509 5337.1
1 231 510 5337.1
1 231 511 5337.1
1 231 512 5337.1
1 231 513 5337.1
1 231 514 5337.1
1 231 515 5337.1
1 232 516 5337.1
1 232 517 5337.1
1 232 518 5337.1
1 233 519 5337.1
1 233 520 5337.1
1 233 521 5337.1
1 234 522 5337.1
1 234 523 5337.1
1 235 524 5337.1
1 235 525 5337.1
1 236 525 5337.1
1 237 525 5337.1
1 238 525 5337.1
1 239 526 5337.1
1 239 527 5337.1
1 240 528 5437.9
1 240 529 5453.1
1 241 530 5519.7
1 241 531 5549.7
1 241 532 5566.6
1 241 533 5578.1
1 241 534 5586.4
1 242 535 5064.8
1 242 536 5076.1
1 243 536 5094.1
1 244 536 5126.6
1 245 536 5155.2
1 246 537 5210.6
1 246 538 5227.7
1 247 539 5267.6
1 248 540 5303.1
1 249 540 5315.2
1 250 540 5331.6
1 251 541 5365.2
1 250 544 5398.8
1 251 544 5401.1
1 245 545 5344.2
1 246 545 5355.4
1 247 545 5374.0
1 248 545 5387.7
1 249 545 5393.2
1 243 546 5317.7
1 244 546 5321.7
1 243 547 5318.4
1 242 548 5314.5
1 242 549 5314.8
1 241 550 5308.6
1 241 551 5306.9
1 240 552 5296.5
1 239 553 5285.5
1 238 554 0.0
1 237 555 5249.9
1 236 556 5248.8
1 236 557 5248.8
1 232 558 5189.1
1 233 558 5186.1
1 234 558 5193.8
1 235 558 5197.3
1 232 559 5201.2
1 231 560 5201.4
1 231 561 5209.8
1 231 562 5216.5
1 231 563 5221.6
1 231 564 5222.9
1 230 565 5389.7
1 230 566 5382.9
1 230 567 5372.0
1 230 568 5359.6
1 215 371 5678.1
1 39 51 6043.2
1 39 52 5967.8
1 38 53 5714.5
1 38 54 5641.8
1 37 55 5375.6
1 36 56 5152.8
1 35 57 4950.0
1 35 58 4889.0
1 35 59 4787.7
1 35 60 8397.7
1 35 61 8262.3
1 35 62 8125.5
1 35 63 7985.2
1 35 64 7841.2
1 35 65 7693.4
1 35 66 7542.6
1 35 67 7395.4
1 35 68 7276.3
1 36 69 10770.0
1 36 70 10502.6
1 36 71 10250.3
1 36 72 10007.1
1 36 73 9772.1
1 36 74 9559.1
1 36 75 9377.7
1 36 76 9287.9
1 36 77 9255.2
1 230 569 5347.0
1 230 570 5333.5
1 230 571 5317.4
1 230 572 5306.0
1 230 573 5316.9
1 230 574 5332.4
1 230 575 5342.6
1 230 576 5344.7
1 230 577 5179.6
1 230 578 5212.8
1 230 579 5245.9
1 230 580 5275.3
1 230 581 5278.4
1 230 582 5283.8
1 230 583 5286.3
1 230 584 5285.4
1 230 585 5282.0
1 230 586 5277.4
1 230 587 5271.3
1 230 588 5267.4
1 229 589 5251.5
1 229 590 5242.2
1 228 591 5219.5
1 228 592 5203.8
1 228 593 5186.5
1 228 594 5164.3
1 227 595 5120.1
1 227 596 5096.9
1 227 597 5068.8
1 227 598 5035.6
1 227 599 4786.4
1 226 600 4700.2
1 226 601 4698.2
1 226 602 4696.9
1 226 603 4697.6
1 225 604 4268.5
1 224 605 4268.5
1 223 606 4290.4
1 222 607 4310.8
1 223 605 4275.0
1 114 114 -6243.6
1 117 120 -1577.86
1 129 121 -13939.2
1 130 122 -851.863
1 133 112 -29911.2
1 135 194 -1432.66
1 138 201 -5517.6
1 139 168 -1597.2
1 140 168 -4646.4
1 141 191 -9002.4
1 143 126 -18004.8
1 143 172 -6098.4
1 143 190 -4501.2
1 144 166 -10599.6
1 144 172 -6824.4
1 144 182 -11035.2
1 144 190 -2468.4
1 145 161 -15826.8
1 145 164 -145.2
1 146 117 -10164.0
1 146 188 -145.2
1 146 190 -3339.6
1 147 132 -4210.8
1 147 145 -851.863
1 148 167 -12632.4
1 148 176 -997.063
1 148 196 -5808.0
1 149 145 -14665.2
1 149 146 -10599.6
1 150 124 -8421.6
1 150 128 -145.2
1 150 141 -4791.6
1 150 198 -16552.8
1 151 142 -12196.8
1 151 195 -9292.8
1 152 123 -16698.0
1 152 125 -1577.86
1 152 132 -2158.66
1 153 142 -23667.6
1 153 192 -12777.6
1 154 125 -290.4
1 154 171 -2739.46
1 154 249 -5808.0
1 155 112 -11470.8
1 155 129 -435.6
1 155 141 -33831.6
1 156 129 -161172.0
1 156 146 -14374.8
1 157 116 -10744.8
1 157 135 -4462.53
1 157 140 -41962.8
1 157 251 -7840.8
1 158 133 -9418.66
1 158 137 -10309.2
1 158 181 -33541.2
1 159 119 -58370.4
1 159 173 -17278.8
1 161 125 -290.4
1 161 188 -19747.2
1 162 119 -2178.0
1 162 121 -29620.8
1 162 128 -185130.0
1 162 132 -14810.4
1 162 140 -726.0
1 162 167 -1597.2
1 162 169 -2032.8
1 163 138 -2739.46
1 164 135 -5372.4
1 164 187 -13068.0
1 165 130 -11470.8
1 165 131 -580.8
1 166 126 -1597.2
1 167 259 -871.2
1 168 123 -580.8
1 168 208 -5662.8
1 169 127 -145.2
1 169 163 -13503.6
1 170 131 -8566.8
1 170 132 -1597.2
1 170 163 -5808.0
1 171 131 -7550.4
1 171 132 -6969.6
1 172 130 -8712.0
1 172 218 -18440.4
1 173 224 -6969.6
1 174 123 -580.8
1 175 134 -23086.8
1 175 204 -1161.6
1 176 176 -3630.0
1 176 202 -145.2
1 177 133 -20908.8
1 177 211 -5082.0
1 178 164 -10309.2
1 178 261 -8276.4
1 179 181 -66501.6
1 179 183 -11035.2
1 179 210 -15100.8
1 180 208 -20908.8
1 183 184 -14084.4
1 184 246 -3049.2
1 187 200 -11906.4
1 188 198 -11325.6
1 188 240 -18876.0
1 188 258 -20763.6
1 191 191 -49077.6
1 191 281 -15972.0
1 193 256 -15536.4
1 193 260 -22057.3
1 197 204 -3194.4
1 197 252 -3194.4
1 198 297 -1597.2
1 198 298 -851.863
1 199 211 -4936.8
1 199 231 -5517.6
1 199 298 -851.863
1 200 298 -851.863
1 201 234 -1016.4
1 203 275 -27297.6
1 203 280 -4210.8
1 204 248 -20779.2
1 205 300 -895.2130000000001
1 206 286 -1976.46
1 206 300 -1703.73
1 210 264 -2032.8
1 211 255 -25990.8
1 212 226 -2178.0
1 213 264 -290.4
1 213 300 -2323.2
1 214 240 -69986.4
1 215 260 -11616.0
1 216 238 -18295.2
1 216 267 -5082.0
1 217 264 -8276.4
1 217 365 -726.0
1 218 179 -81457.2
1 219 310 -5372.4
1 221 223 -580.8
1 221 284 -12988.7
1 222 352 -9750.54
1 222 358 -1016.4
1 222 369 -16262.4
1 223 271 -9438.0
1 224 301 -9728.4
1 224 374 -7926.13
1 226 311 -11325.6
1 226 350 -180.52
1 226 365 -2060.79
1 226 382 -5779.02
1 227 270 -145.2
1 228 225 -10018.8
1 230 255 -14665.2
1 230 361 -9583.2
1 231 401 -997.063
1 232 256 -5372.4
1 232 364 -356.03
1 232 370 -16118.3
1 233 337 -851.863
1 233 376 -2098.34
1 233 394 -1703.73
1 233 399 -76230.0
1 234 304 -4470.23
1 234 393 -851.863
1 235 400 -1597.2
1 236 263 -3339.6
1 236 351 -8566.8
1 237 237 -4356.0
1 237 316 -35493.6
1 237 357 -3039.1
1 237 389 -851.863
1 238 221 -2468.4
1 238 398 -42.03
1 238 605 -4306.23
1 238 609 -1703.73
1 239 250 -871.2
1 239 338 -4501.2
1 239 426 -726.0
1 239 605 -4259.32
1 239 606 -2555.59
1 239 619 -851.863
1 240 380 -851.863
1 240 426 -851.863
1 240 608 -3407.45
1 241 335 -6388.8
1 241 342 -10454.4
1 241 358 -580.8
1 241 604 -851.863
1 242 311 -6959.25
1 243 357 -11325.6
1 243 371 -11941.6
1 243 389 -2468.4
1 243 422 -145.2
1 243 431 -293.28
1 243 605 -4259.32
1 244 431 -161.35
1 244 605 -5111.18
1 244 621 -1703.73
1 245 238 -17133.6
1 245 322 -31176.7
1 245 337 -997.063
1 245 370 -1086.82
1 245 621 -851.863
1 246 321 -4376.94
1 246 618 -2555.59
1 247 344 -851.863
1 247 383 -14192.0
1 247 384 -2541590.0
1 248 251 -27772.4
1 248 424 -3339.6
1 248 436 -2613.6
1 248 444 -24389.5
1 248 589 -4065.6
1 249 373 -851.863
1 249 389 -8857.2
1 249 424 -6950.26
1 249 430 -45225.3
1 249 436 -6568.44
1 249 443 -5270.56
1 249 606 -4259.32
1 250 239 -35428.8
1 250 326 -3054.29
1 250 424 -851.863
1 250 425 -515315.0
1 250 431 -61420.9
1 250 595 -2845.99
1 251 300 -19021.2
1 251 333 -499.39
1 251 356 -35002.1
1 251 408 -503.87
1 251 456 -997.063
1 251 457 -21.08
1 251 594 -851.863
1 251 595 -882.563
1 251 596 -1703.73
1 252 230 -11906.4
1 252 285 -6243.6
1 252 329 -33822.6
1 252 450 -1016.4
1 252 595 -851.863
1 252 606 -851.863
1 253 298 -2468.4
1 253 331 -14643.2
1 253 332 -18278.2
1 253 416 -145.2
1 253 420 -10982.5
1 253 445 -95835.7
1 254 338 -12342.0
1 254 367 -580.8
1 254 407 -976.55
1 254 597 -851.863
1 254 607 -4772.26
1 255 381 -29475.6
1 255 383 -47335.2
1 255 388 -49222.8
1 255 395 -2613.6
1 255 420 -7114.8
1 255 439 -15826.8
1 255 443 -133453.0
1 255 595 -851.863
1 255 596 -851.863
1 255 606 -997.063
1 255 609 -1703.73
1 255 610 -44130.4
1 256 314 -9159.8
1 256 335 -8712.0
1 256 341 -435.6
1 256 370 -5041.29
1 256 413 -3630.0
1 256 586 -34186.6
1 256 593 -3407.45
1 257 238 -1742.4
1 257 324 -5639.5
1 257 413 -3194.4
1 257 576 -5628.98
1 257 599 -2589.68
1 257 600 -108029.0
1 258 325 -10027.2
1 258 336 -4118.95
1 258 420 -117017.0
1 258 442 -962515.0
1 258 464 -1742.4
1 258 585 -5111.18
1 258 595 -1703.73
1 258 601 -27442.8
1 258 602 -55767.7
1 259 340 -19147.1
1 259 371 -6096.72
1 259 405 -145654.0
1 259 588 -33159.9
1 259 592 -1382.47
1 259 593 -1187.73
1 260 342 -6243.6
1 260 349 -871.2
1 260 407 -2839370.0
1 260 413 -306885.0
1 260 424 -767.75
1 260 461 -2178.0
1 260 463 -25555.2
1 260 464 -13068.0
1 260 585 -38013.5
1 260 586 -68899.2
1 260 587 -9727.72
1 261 337 -4791.6
1 261 355 -9728.4
1 261 381 -291215.0
1 261 395 -128400.0
1 261 416 -23086.8
1 261 418 -851.863
1 261 429 -22498.5
1 261 464 -20618.4
1 261 492 -851.863
1 261 571 -8421.6
1 261 576 -27625.1
1 262 345 -8276.4
1 262 449 -145.2
1 262 540 -466.8
1 262 564 -3073.51
1 262 567 -35836.1
1 262 568 -22941.6
1 262 570 -123710.0
1 262 571 -2323.2
1 263 340 -2323.2
1 263 471 -6969.6
1 263 477 -9438.0
1 263 520 -1703.73
1 263 574 -1306.8
1 263 582 -4537.75
1 264 344 -4501.2
1 264 345 -9438.0
1 264 355 -290.4
1 264 367 -1868.26
1 264 383 -10801.4
1 264 407 -4646.4
1 264 428 -217307.0
1 264 468 -89.6
1 264 471 -6098.4
1 264 476 -121097.0
1 264 477 -1597.2
1 264 523 -3281.59
1 264 524 -726.0
1 264 549 -3508.88
1 265 364 -20225.8
1 265 374 -53485.7
1 265 380 -59.29
1 265 422 -233579.0
1 265 523 -2616.18
1 266 337 -851.863
1 266 340 -726.0
1 266 462 -290.4
1 267 391 -17714.4
1 267 463 -1887.6
1 267 555 -1432.66
1 267 556 -851.863
1 268 333 -7550.4
1 268 334 -7114.8
1 268 436 -2564360.0
1 268 455 -36.24
1 268 479 -580.8
1 268 480 -580.8
1 268 489 -9047.59
1 268 545 -48424.6
1 269 349 -726.0
1 269 363 -851.863
1 269 397 -74632.8
1 269 450 -2178.0
1 269 456 -12542.6
1 269 541 -997.063
1 270 337 -1597.2
1 270 352 -5372.4
1 270 397 -24538.8
1 270 412 -59191.4
1 270 417 -168013.0
1 270 429 -1040.94
1 270 481 -851.863
1 270 483 -1715.3
1 270 484 -851.863
1 270 486 -9388.85
1 270 498 -1887.6
1 271 319 -62025.4
1 271 335 -2758.8
1 271 368 -145.2
1 271 371 -2323.2
1 271 415 -50085.1
1 271 451 -7405.2
1 271 485 -340.35
1 271 493 -105345.0
1 271 498 -206765.0
1 271 537 -135137.0
1 272 336 -17.46
1 272 337 -22597.5
1 272 351 -22506.0
1 272 366 -9147.6
1 272 368 -121485.0
1 272 388 -529536.0
1 272 450 -6388.8
1 272 451 -30201.6
1 272 453 -290.4
1 272 462 -2216950.0
1 272 490 -435.6
1 272 491 -17.13
1 272 497 -32497.3
1 272 498 -102366.0
1 272 530 -28527.3
1 272 532 -163861.0
1 272 535 -12732.8
1 273 363 -290.4
1 273 410 -1597.2
1 273 480 -24538.8
1 273 510 -2303.86
1 273 516 -25166.9
1 273 517 -552809.0
1 273 518 -403.02
1 274 409 -3630.0
1 274 520 -33250.8
1 274 523 -290.4
1 275 367 -158994.0
1 275 441 -348319.0
1 275 450 -28168.8
1 275 506 -726.0
1 276 364 -5662.8
1 276 366 -126905.0
1 276 446 -3049.2
1 277 294 -77725.6
1 277 390 -5517.6
1 277 407 -512234.0
1 277 431 -8131.18
1 277 454 -6388.8
1 277 468 -145.2
1 277 472 -23275.4
1 277 480 -74718.2
1 277 482 -8276.4
1 278 365 -27152.4
1 278 435 -2619.79
1 278 482 -8276.4
1 279 310 -31847.4
1 279 336 -11180.4
1 279 433 -246384.0
1 279 438 -339213.0
1 279 449 -726.0
1 279 475 -111726.0
1 279 485 -14955.6
1 280 365 -580.8
1 280 433 -18279.4
1 280 442 -12487.2
1 280 469 -27164.5
1 280 471 -59953.7
1 281 458 -1624120.0
1 282 409 -6534.0
1 282 424 -2178.0
1 282 430 -580.8
1 282 436 -4908.16
1 282 454 -1291.99
1 282 457 -758.42
1 283 429 -346157.0
1 283 449 -24587.2
1 283 452 -30949.6
1 283 455 -117444.0
1 283 468 -50894.6
1 284 339 -20678.7
1 284 457 -6243.6
1 284 463 -332878.0
1 284 481 -9963.08
1 285 306 -14120.6
1 285 336 -1911.05
1 285 374 -726.0
1 285 467 -129820.0
1 285 475 -120199.0
1 286 330 -72122.4
1 286 425 -304153.0
1 286 475 -54654.1
1 286 477 -10804.7
1 287 329 -913.2
1 287 388 -41434.0
1 287 426 -851.863
1 287 477 -29034.5
1 288 419 -11470.8
1 288 423 -1326.86
1 288 426 -851.863
1 289 351 -14810.4
1 289 404 -192823.0
1 289 459 -145302.0
1 289 468 -6043.07
1 290 374 -28314.0
1 290 382 -351961.0
1 290 402 -516.45
1 290 411 -7695.6
1 290 412 -21780.0
1 290 413 -21634.8
1 290 420 -946.07
1 291 350 -871.2
1 291 355 -8814.36
1 291 373 -1597.2
1 291 419 -1426060.0
1 292 361 -4501.2
1 292 365 -14810.4
1 292 416 -871.2
1 292 469 -58951.4
1 294 435 -13068.0
1 294 447 -62933.5
1 294 458 -47808.5
1 295 391 -42543.6
1 295 430 -736706.0
1 296 388 -2782.99
1 296 398 -51311.1
1 296 406 -18679.7
1 296 433 -10164.0
1 297 381 -5082.0
1 297 383 -871.2
1 297 395 -182644.0
1 297 401 -52264.7
1 297 402 -19174.3
1 297 413 -746268.0
1 297 415 -80440.8
1 297 442 -60399.4
1 298 389 -1016.4
1 298 390 -1016.4
1 299 354 -1306.8
1 299 355 -4141.02
1 299 387 -687.81
1 334 405 -25845.6
1 102 110 -851.863
1 102 113 -851.863
1 103 100 -851.863
1 103 104 -851.863
1 104 115 -851.863
1 105 115 -851.863
1 105 139 -851.863
1 108 117 -851.863
1 109 112 -851.863
1 111 155 -851.863
1 111 208 -851.863
1 112 181 -851.863
1 113 111 -851.863
1 113 159 -851.863
1 113 211 -851.863
1 114 173 -851.863
1 114 212 -1703.73
1 115 212 -1703.73
1 116 121 -851.863
1 116 150 -851.863
1 116 166 -851.863
1 117 119 -851.863
1 117 168 -851.863
1 117 210 -851.863
1 119 194 -851.863
1 119 202 -851.863
1 119 96 -851.863
1 120 155 -851.863
1 120 94 -851.863
1 121 187 -851.863
1 123 110 -851.863
1 123 111 -851.863
1 123 158 -851.863
1 123 168 -851.863
1 123 193 -851.863
1 123 202 -1703.73
1 125 150 -851.863
1 125 151 -851.863
1 125 193 -851.863
1 125 194 -851.863
1 126 121 -851.863
1 126 191 -851.863
1 126 195 -851.863
1 127 150 -851.863
1 127 160 -851.863
1 127 169 -851.863
1 127 195 -851.863
1 127 199 -1703.73
1 128 122 -851.863
1 128 148 -851.863
1 128 149 -851.863
1 128 152 -851.863
1 128 153 -851.863
1 128 154 -851.863
1 128 157 -851.863
1 128 199 -851.863
1 129 117 -851.863
1 129 119 -851.863
1 129 122 -851.863
1 129 146 -851.863
1 129 154 -1703.73
1 129 162 -851.863
1 129 176 -851.863
1 130 120 -851.863
1 130 154 -851.863
1 130 155 -851.863
1 130 156 -2555.59
1 130 194 -851.863
1 131 112 -851.863
1 131 121 -851.863
1 131 122 -851.863
1 131 150 -851.863
1 131 156 -851.863
1 131 157 -851.863
1 131 158 -851.863
1 131 161 -1703.73
1 131 198 -851.863
1 132 112 -851.863
1 132 155 -851.863
1 132 156 -851.863
1 132 160 -851.863
1 132 161 -1703.73
1 133 155 -851.863
1 133 159 -851.863
1 133 160 -1703.73
1 133 192 -1703.73
1 133 193 -851.863
1 134 148 -851.863
1 134 150 -851.863
1 134 151 -851.863
1 134 156 -851.863
1 134 191 -851.863
1 134 193 -3407.45
1 135 148 -4259.32
1 135 149 -1703.73
1 135 156 -851.863
1 135 157 -851.863
1 135 193 -2555.59
1 136 147 -851.863
1 136 148 -851.863
1 136 149 -851.863
1 136 150 -1703.73
1 136 153 -851.863
1 136 155 -851.863
1 137 148 -851.863
1 137 150 -851.863
1 137 153 -1703.73
1 137 154 -851.863
1 137 157 -2555.59
1 137 175 -851.863
1 137 206 -851.863
1 138 151 -851.863
1 138 152 -851.863
1 138 153 -2555.59
1 138 168 -851.863
1 138 169 -851.863
1 139 151 -851.863
1 140 138 -851.863
1 140 155 -3407.45
1 140 156 -851.863
1 140 171 -851.863
1 140 180 -851.863
1 141 149 -851.863
1 141 154 -1703.73
1 141 157 -851.863
1 141 171 -851.863
1 141 199 -1703.73
1 142 155 -851.863
1 142 156 -851.863
1 142 157 -851.863
1 142 158 -851.863
1 142 174 -851.863
1 142 179 -851.863
1 142 201 -851.863
1 143 146 -851.863
1 143 157 -2555.59
1 144 142 -1703.73
1 144 173 -851.863
1 145 142 -851.863
1 145 143 -851.863
1 145 151 -851.863
1 145 187 -851.863
1 145 226 -851.863
1 146 140 -851.863
1 146 141 -1703.73
1 146 145 -851.863
1 146 208 -851.863
1 146 229 -851.863
1 146 230 -851.863
1 146 232 -851.863
1 147 139 -2555.59
1 147 140 -851.863
1 147 141 -851.863
1 147 142 -851.863
1 147 229 -851.863
1 147 230 -851.863
1 147 233 -851.863
1 147 239 -851.863
1 147 240 -851.863
1 148 217 -851.863
1 148 221 -851.863
1 149 127 -851.863
1 149 147 -851.863
1 149 154 -851.863
1 149 222 -851.863
1 149 253 -851.863
1 150 160 -851.863
1 150 164 -851.863
1 150 177 -851.863
1 150 227 -851.863
1 150 236 -851.863
1 151 128 -851.863
1 151 228 -851.863
1 152 153 -851.863
1 152 173 -851.863
1 152 176 -851.863
1 152 222 -851.863
1 152 228 -851.863
1 153 126 -851.863
1 153 136 -851.863
1 153 155 -851.863
1 153 232 -851.863
1 153 238 -851.863
1 153 253 -851.863
1 154 126 -851.863
1 154 133 -851.863
1 154 161 -851.863
1 154 172 -851.863
1 154 220 -851.863
1 154 244 -851.863
1 155 170 -1703.73
1 155 216 -851.863
1 155 262 -851.863
1 156 160 -851.863
1 156 211 -851.863
1 156 223 -851.863
1 157 132 -851.863
1 157 133 -851.863
1 157 134 -2555.59
1 157 136 -851.863
1 157 194 -851.863
1 157 207 -851.863
1 157 240 -851.863
1 158 135 -851.863
1 158 248 -851.863
1 159 152 -851.863
1 159 231 -851.863
1 159 240 -851.863
1 159 247 -851.863
1 159 248 -851.863
1 159 250 -851.863
1 159 251 -851.863
1 159 257 -851.863
1 160 133 -851.863
1 160 249 -1703.73
1 160 251 -1703.73
1 160 252 -851.863
1 160 253 -851.863
1 160 262 -851.863
1 161 144 -1703.73
1 161 251 -851.863
1 161 253 -851.863
1 162 137 -1703.73
1 162 252 -1703.73
1 162 253 -851.863
1 163 152 -851.863
1 163 190 -851.863
1 163 236 -851.863
1 164 278 -851.863
1 164 290 -851.863
1 164 299 -851.863
1 165 133 -1703.73
1 165 134 -1703.73
1 165 135 -851.863
1 165 290 -851.863
1 166 131 -851.863
1 166 132 -851.863
1 166 133 -1703.73
1 166 134 -851.863
1 166 135 -851.863
1 166 210 -851.863
1 166 254 -851.863
1 166 255 -851.863
1 167 127 -851.863
1 167 132 -1703.73
1 167 133 -1703.73
1 167 134 -2555.59
1 167 256 -851.863
1 167 288 -851.863
1 167 294 -851.863
1 168 130 -851.863
1 168 131 -851.863
1 168 132 -3407.45
1 168 133 -3407.45
1 168 286 -851.863
1 168 287 -1703.73
1 168 291 -1703.73
1 169 128 -1703.73
1 169 129 -3407.45
1 169 131 -851.863
1 169 132 -4259.32
1 169 133 -2555.59
1 169 134 -7666.77
1 169 135 -851.863
1 169 236 -851.863
1 169 260 -851.863
1 169 271 -851.863
1 169 287 -851.863
1 169 290 -851.863
1 170 133 -2555.59
1 170 134 -10222.4
1 170 136 -851.863
1 170 187 -851.863
1 170 256 -851.863
1 170 287 -851.863
1 170 292 -851.863
1 171 133 -1703.73
1 171 134 -851.863
1 171 136 -4259.32
1 171 290 -851.863
1 172 257 -851.863
1 172 284 -851.863
1 172 295 -1703.73
1 172 311 -851.863
1 173 258 -851.863
1 173 278 -851.863
1 173 290 -851.863
1 173 292 -851.863
1 173 293 -1703.73
1 173 294 -851.863
1 174 124 -851.863
1 174 253 -851.863
1 174 261 -851.863
1 174 270 -851.863
1 174 283 -851.863
1 174 289 -851.863
1 174 293 -851.863
1 175 260 -851.863
1 175 288 -851.863
1 175 292 -1703.73
1 175 293 -851.863
1 175 296 -851.863
1 175 305 -851.863
1 176 274 -851.863
1 176 305 -851.863
1 177 289 -851.863
1 177 290 -851.863
1 178 243 -851.863
1 178 280 -851.863
1 178 285 -851.863
1 178 302 -851.863
1 178 305 -851.863
1 178 306 -851.863
1 178 311 -851.863
1 179 278 -851.863
1 179 285 -851.863
1 180 149 -851.863
1 180 286 -851.863
1 181 297 -851.863
1 181 307 -851.863
1 181 308 -851.863
1 183 242 -851.863
1 183 285 -851.863
1 183 295 -851.863
1 183 308 -851.863
1 183 309 -851.863
1 183 318 -851.863
1 184 263 -851.863
1 184 285 -851.863
1 184 313 -851.863
1 184 319 -851.863
1 185 257 -851.863
1 185 305 -851.863
1 185 306 -851.863
1 185 307 -851.863
1 185 315 -851.863
1 186 255 -851.863
1 186 265 -851.863
1 186 307 -1703.73
1 186 310 -851.863
1 188 262 -851.863
1 188 294 -851.863
1 188 295 -851.863
1 189 295 -851.863
1 189 309 -851.863
1 190 307 -851.863
1 190 308 -851.863
1 190 324 -851.863
1 191 292 -1703.73
1 191 304 -851.863
1 191 305 -851.863
1 192 258 -851.863
1 192 284 -851.863
1 192 304 -851.863
1 192 316 -851.863
1 192 319 -851.863
1 193 262 -851.863
1 193 301 -851.863
1 193 311 -851.863
1 193 313 -1703.73
1 194 284 -851.863
1 194 313 -851.863
1 195 269 -851.863
1 195 287 -851.863
1 195 289 -851.863
1 195 300 -851.863
1 195 311 -851.863
1 195 313 -851.863
1 196 269 -851.863
1 196 275 -851.863
1 196 303 -851.863
1 196 324 -851.863
1 196 333 -851.863
1 197 264 -851.863
1 197 283 -851.863
1 197 300 -851.863
1 197 322 -851.863
1 197 325 -851.863
1 198 242 -851.863
1 198 276 -1703.73
1 198 309 -851.863
1 198 311 -851.863
1 199 283 -851.863
1 199 311 -851.863
1 199 324 -851.863
1 200 280 -851.863
1 200 286 -851.863
1 200 296 -851.863
1 200 299 -851.863
1 200 306 -851.863
1 200 307 -851.863
1 200 312 -851.863
1 200 343 -851.863
1 200 345 -851.863
1 201 257 -851.863
1 202 280 -851.863
1 202 287 -851.863
1 202 297 -851.863
1 202 301 -851.863
1 202 302 -851.863
1 203 215 -851.863
1 203 304 -851.863
1 203 305 -851.863
1 203 309 -851.863
1 203 315 -851.863
1 205 263 -851.863
1 205 303 -851.863
1 205 304 -851.863
1 205 317 -851.863
1 205 318 -851.863
1 205 319 -851.863
1 206 264 -851.863
1 206 270 -851.863
1 206 301 -851.863
1 206 304 -851.863
1 206 315 -851.863
1 206 317 -1703.73
1 207 262 -851.863
1 207 300 -851.863
1 207 301 -1703.73
1 207 303 -851.863
1 207 304 -851.863
1 207 306 -1703.73
1 207 315 -851.863
1 207 317 -851.863
1 208 298 -1703.73
1 208 299 -1703.73
1 208 306 -851.863
1 208 317 -851.863
1 208 328 -851.863
1 209 284 -851.863
1 209 297 -851.863
1 209 302 -851.863
1 210 284 -851.863
1 210 301 -851.863
1 210 302 -851.863
1 210 342 -851.863
1 211 301 -851.863
1 211 321 -851.863
1 212 295 -851.863
1 212 347 -851.863
1 213 226 -851.863
1 213 287 -851.863
1 213 303 -851.863
1 213 329 -851.863
1 214 319 -851.863
1 215 289 -851.863
1 215 311 -851.863
1 215 353 -851.863
1 216 323 -851.863
1 216 341 -851.863
1 217 244 -851.863
1 217 249 -851.863
1 217 351 -851.863
1 218 209 -851.863
1 218 243 -851.863
1 218 292 -851.863
1 218 345 -1703.73
1 221 240 -851.863
1 221 611 -851.863
1 222 254 -851.863
1 222 362 -851.863
1 224 338 -851.863
1 224 359 -851.863
1 225 323 -851.863
1 225 329 -851.863
1 225 332 -851.863
1 225 368 -851.863
1 225 373 -851.863
1 225 378 -851.863
1 225 382 -1703.73
1 226 323 -851.863
1 226 388 -1703.73
1 226 618 -851.863
1 227 315 -851.863
1 228 606 -851.863
1 229 385 -1703.73
1 229 392 -851.863
1 229 393 -851.863
1 229 397 -3407.45
1 229 618 -4259.32
1 230 338 -851.863
1 230 373 -1703.73
1 230 384 -851.863
1 230 392 -1703.73
1 230 393 -3407.45
1 230 396 -851.863
1 230 605 -851.863
1 231 343 -851.863
1 231 383 -851.863
1 231 392 -4259.32
1 231 393 -9370.5
1 231 398 -851.863
1 231 603 -851.863
1 231 607 -1703.73
1 232 259 -851.863
1 232 300 -851.863
1 232 384 -851.863
1 232 389 -851.863
1 232 393 -5111.18
1 232 394 -3407.45
1 232 405 -851.863
1 232 604 -1703.73
1 232 606 -1703.73
1 232 607 -2555.59
1 232 608 -851.863
1 233 373 -851.863
1 233 393 -851.863
1 233 403 -851.863
1 233 406 -3407.45
1 233 601 -1703.73
1 233 602 -851.863
1 234 374 -851.863
1 234 388 -851.863
1 234 389 -851.863
1 234 406 -2555.59
1 234 407 -1703.73
1 234 601 -851.863
1 234 602 -1703.73
1 234 603 -2555.59
1 234 604 -851.863
1 234 605 -1703.73
1 234 606 -851.863
1 234 609 -851.863
1 234 620 -851.863
1 234 621 -851.863
1 235 342 -851.863
1 235 368 -851.863
1 235 389 -851.863
1 235 392 -851.863
1 235 404 -851.863
1 235 406 -851.863
1 235 599 -851.863
1 235 600 -1703.73
1 235 602 -2555.59
1 235 603 -851.863
1 235 606 -851.863
1 235 608 -851.863
1 236 256 -851.863
1 236 359 -851.863
1 236 377 -1703.73
1 236 378 -851.863
1 236 389 -1703.73
1 236 600 -851.863
1 236 601 -851.863
1 236 602 -1703.73
1 236 605 -851.863
1 236 606 -851.863
1 236 607 -851.863
1 236 620 -851.863
1 237 330 -851.863
1 237 377 -851.863
1 237 384 -851.863
1 237 388 -851.863
1 237 605 -1703.73
1 237 606 -2555.59
1 237 607 -1703.73
1 237 608 -4259.32
1 237 609 -2555.59
1 237 620 -851.863
1 238 346 -851.863
1 238 391 -851.863
1 238 410 -851.863
1 238 602 -851.863
1 238 603 -851.863
1 238 606 -4259.32
1 238 607 -5111.18
1 238 608 -3407.45
1 238 610 -851.863
1 239 297 -851.863
1 239 323 -851.863
1 239 404 -851.863
1 239 601 -851.863
1 239 603 -851.863
1 239 607 -1703.73
1 239 608 -3407.45
1 239 609 -2555.59
1 239 610 -1703.73
1 239 615 -1703.73
1 240 267 -851.863
1 240 319 -851.863
1 240 327 -851.863
1 240 352 -851.863
1 240 374 -1703.73
1 240 392 -1703.73
1 240 396 -851.863
1 240 406 -851.863
1 240 603 -851.863
1 240 605 -2555.59
1 240 606 -3407.45
1 240 607 -1703.73
1 240 620 -1703.73
1 240 621 -851.863
1 241 339 -851.863
1 241 352 -851.863
1 241 370 -1703.73
1 241 375 -851.863
1 241 409 -851.863
1 241 577 -851.863
1 241 603 -1703.73
1 241 605 -2555.59
1 241 606 -1703.73
1 241 607 -1703.73
1 241 608 -1703.73
1 241 609 -4259.32
1 241 610 -851.863
1 241 611 -851.863
1 241 620 -851.863
1 241 621 -851.863
1 242 314 -851.863
1 242 318 -851.863
1 242 336 -851.863
1 242 338 -851.863
1 242 339 -851.863
1 242 373 -2555.59
1 242 374 -5111.18
1 242 406 -1703.73
1 242 603 -1703.73
1 242 604 -5963.04
1 242 605 -7666.77
1 242 606 -2555.59
1 242 607 -4259.32
1 242 608 -4259.32
1 242 609 -2555.59
1 242 610 -2555.59
1 242 616 -851.863
1 242 622 -851.863
1 242 623 -2555.59
1 243 366 -851.863
1 243 369 -851.863
1 243 372 -1703.73
1 243 373 -6814.91
1 243 374 -2555.59
1 243 386 -851.863
1 243 391 -851.863
1 243 405 -851.863
1 243 406 -851.863
1 243 407 -1703.73
1 243 409 -851.863
1 243 577 -851.863
1 243 606 -5963.04
1 243 607 -4259.32
1 243 608 -1703.73
1 243 609 -5111.18
1 243 620 -851.863
1 243 622 -1703.73
1 243 623 -6814.91
1 244 371 -851.863
1 244 372 -1703.73
1 244 373 -2555.59
1 244 415 -851.863
1 244 598 -851.863
1 244 606 -3407.45
1 244 607 -851.863
1 244 611 -851.863
1 244 616 -851.863
1 244 622 -851.863
1 244 623 -3407.45
1 244 624 -851.863
1 245 312 -851.863
1 245 315 -851.863
1 245 326 -851.863
1 245 335 -851.863
1 245 338 -851.863
1 245 356 -1703.73
1 245 371 -851.863
1 245 413 -851.863
1 245 586 -851.863
1 245 604 -851.863
1 245 605 -2555.59
1 245 606 -4259.32
1 245 607 -3407.45
1 245 609 -4259.32
1 245 610 -1703.73
1 245 612 -1703.73
1 245 616 -1703.73
1 245 619 -851.863
1 245 620 -1703.73
1 245 622 -851.863
1 246 214 -851.863
1 246 342 -851.863
1 246 356 -851.863
1 246 357 -851.863
1 246 374 -851.863
1 246 413 -851.863
1 246 590 -851.863
1 246 599 -851.863
1 246 600 -5111.18
1 246 605 -3407.45
1 246 606 -5963.04
1 246 607 -3407.45
1 246 610 -851.863
1 246 612 -1703.73
1 246 614 -851.863
1 246 615 -851.863
1 246 623 -851.863
1 247 314 -851.863
1 247 331 -851.863
1 247 367 -1703.73
1 247 368 -4259.32
1 247 387 -1703.73
1 247 413 -851.863
1 247 578 -851.863
1 247 597 -851.863
1 247 598 -5963.04
1 247 599 -5111.18
1 247 600 -8518.63
1 247 601 -8518.63
1 247 605 -1703.73
1 247 609 -1703.73
1 247 610 -1703.73
1 247 611 -3407.45
1 247 612 -3407.45
1 247 613 -1703.73
1 247 618 -1703.73
1 247 619 -851.863
1 247 623 -851.863
1 248 307 -851.863
1 248 367 -851.863
1 248 368 -3407.45
1 248 371 -1703.73
1 248 372 -4259.32
1 248 387 -1703.73
1 248 388 -5111.18
1 248 413 -851.863
1 248 416 -851.863
1 248 529 -851.863
1 248 567 -851.863
1 248 596 -5963.04
1 248 597 -4259.32
1 248 598 -8518.63
1 248 599 -5111.18
1 248 600 -3407.45
1 248 601 -5111.18
1 248 602 -2555.59
1 248 605 -851.863
1 248 608 -851.863
1 248 609 -1703.73
1 248 610 -2555.59
1 248 611 -5111.18
1 248 612 -5111.18
1 248 613 -5963.04
1 248 618 -851.863
1 248 619 -851.863
1 248 620 -851.863
1 248 623 -1703.73
1 249 333 -851.863
1 249 334 -851.863
1 249 365 -1703.73
1 249 366 -2555.59
1 249 367 -851.863
1 249 368 -2555.59
1 249 371 -851.863
1 249 387 -851.863
1 249 388 -851.863
1 249 400 -851.863
1 249 412 -851.863
1 249 567 -851.863
1 249 593 -1703.73
1 249 595 -5111.18
1 249 596 -5963.04
1 249 597 -9370.5
1 249 603 -2555.59
1 249 604 -6814.91
1 249 605 -4259.32
1 249 607 -3407.45
1 249 609 -851.863
1 249 610 -1703.73
1 249 611 -4259.32
1 249 612 -7666.77
1 249 613 -1703.73
1 249 618 -851.863
1 249 623 -851.863
1 250 331 -851.863
1 250 355 -851.863
1 250 365 -1703.73
1 250 366 -4259.32
1 250 367 -2555.59
1 250 368 -851.863
1 250 369 -1703.73
1 250 370 -1703.73
1 250 371 -5111.18
1 250 382 -851.863
1 250 406 -851.863
1 250 413 -851.863
1 250 414 -851.863
1 250 423 -851.863
1 250 436 -851.863
1 250 568 -851.863
1 250 579 -851.863
1 250 591 -851.863
1 250 594 -851.863
1 250 596 -6814.91
1 250 597 -1703.73
1 250 602 -851.863
1 250 603 -5963.04
1 250 604 -5111.18
1 250 605 -3407.45
1 250 607 -851.863
1 250 608 -2555.59
1 250 609 -851.863
1 250 610 -851.863
1 250 613 -851.863
1 251 276 -851.863
1 251 322 -851.863
1 251 365 -2555.59
1 251 366 -7666.77
1 251 367 -1703.73
1 251 368 -1703.73
1 251 371 -851.863
1 251 379 -851.863
1 251 407 -851.863
1 251 414 -851.863
1 251 424 -851.863
1 251 598 -851.863
1 251 604 -851.863
1 251 605 -851.863
1 251 607 -851.863
1 251 610 -851.863
1 252 236 -851.863
1 252 365 -2555.59
1 252 366 -5963.04
1 252 367 -5963.04
1 252 368 -1703.73
1 252 376 -851.863
1 252 412 -851.863
1 252 416 -851.863
1 252 428 -851.863
1 252 506 -851.863
1 252 507 -851.863
1 252 528 -851.863
1 252 534 -851.863
1 252 544 -851.863
1 252 576 -851.863
1 252 591 -1703.73
1 252 596 -1703.73
1 252 597 -1703.73
1 252 598 -851.863
1 252 599 -1703.73
1 252 608 -1703.73
1 252 609 -851.863
1 252 611 -851.863
1 252 620 -851.863
1 253 259 -851.863
1 253 342 -851.863
1 253 363 -851.863
1 253 365 -1703.73
1 253 366 -5111.18
1 253 367 -3407.45
1 253 370 -851.863
1 253 375 -1703.73
1 253 404 -851.863
1 253 433 -1703.73
1 253 506 -851.863
1 253 543 -851.863
1 253 546 -851.863
1 253 547 -851.863
1 253 566 -851.863
1 253 586 -1703.73
1 253 596 -851.863
1 253 597 -3407.45
1 253 601 -851.863
1 253 604 -851.863
1 253 605 -851.863
1 253 614 -2555.59
1 254 366 -1703.73
1 254 478 -851.863
1 254 581 -851.863
1 254 584 -851.863
1 254 585 -5111.18
1 254 586 -4259.32
1 254 587 -2555.59
1 254 588 -2555.59
1 254 589 -3407.45
1 254 598 -851.863
1 254 599 -851.863
1 254 601 -1703.73
1 254 604 -1703.73
1 254 605 -851.863
1 254 606 -851.863
1 254 611 -851.863
1 255 341 -851.863
1 255 346 -851.863
1 255 371 -851.863
1 255 402 -851.863
1 255 442 -851.863
1 255 445 -851.863
1 255 461 -851.863
1 255 479 -851.863
1 255 512 -851.863
1 255 513 -851.863
1 255 526 -851.863
1 255 547 -851.863
1 255 548 -851.863
1 255 565 -851.863
1 255 583 -2555.59
1 255 584 -3407.45
1 255 585 -3407.45
1 255 586 -3407.45
1 255 587 -1703.73
1 255 588 -851.863
1 255 591 -851.863
1 255 594 -851.863
1 255 597 -851.863
1 255 600 -1703.73
1 255 607 -851.863
1 256 346 -851.863
1 256 350 -851.863
1 256 367 -851.863
1 256 373 -851.863
1 256 374 -851.863
1 256 491 -851.863
1 256 526 -851.863
1 256 531 -2555.59
1 256 532 -851.863
1 256 547 -851.863
1 256 548 -1703.73
1 256 549 -851.863
1 256 575 -851.863
1 256 578 -1703.73
1 256 580 -851.863
1 256 584 -2555.59
1 256 585 -1703.73
1 256 592 -1703.73
1 256 594 -5963.04
1 256 595 -3407.45
1 256 607 -3407.45
1 256 608 -1703.73
1 256 609 -851.863
1 257 330 -851.863
1 257 461 -851.863
1 257 497 -851.863
1 257 503 -851.863
1 257 506 -851.863
1 257 512 -851.863
1 257 527 -2555.59
1 257 529 -851.863
1 257 532 -851.863
1 257 549 -851.863
1 257 574 -851.863
1 257 575 -2555.59
1 257 584 -2555.59
1 257 585 -2555.59
1 257 593 -1703.73
1 257 594 -6814.91
1 257 595 -3407.45
1 257 597 -1703.73
1 257 606 -5963.04
1 257 607 -851.863
1 258 307 -851.863
1 258 330 -851.863
1 258 366 -851.863
1 258 485 -1703.73
1 258 489 -1703.73
1 258 491 -851.863
1 258 493 -851.863
1 258 494 -851.863
1 258 496 -851.863
1 258 497 -851.863
1 258 498 -2555.59
1 258 499 -1703.73
1 258 502 -851.863
1 258 503 -851.863
1 258 529 -1703.73
1 258 531 -851.863
1 258 532 -851.863
1 258 533 -1703.73
1 258 535 -851.863
1 258 546 -851.863
1 258 550 -851.863
1 258 556 -1703.73
1 258 564 -851.863
1 258 576 -851.863
1 258 583 -851.863
1 258 584 -2555.59
1 258 586 -2555.59
1 258 594 -2555.59
1 258 606 -4259.32
1 258 607 -851.863
1 259 346 -851.863
1 259 369 -1703.73
1 259 402 -851.863
1 259 444 -851.863
1 259 456 -851.863
1 259 485 -851.863
1 259 486 -851.863
1 259 488 -851.863
1 259 489 -851.863
1 259 490 -1703.73
1 259 509 -1703.73
1 259 510 -851.863
1 259 522 -851.863
1 259 528 -851.863
1 259 529 -851.863
1 259 531 -851.863
1 259 532 -851.863
1 259 545 -851.863
1 259 549 -851.863
1 259 554 -1703.73
1 259 555 -1703.73
1 259 556 -2555.59
1 259 557 -2555.59
1 259 575 -3407.45
1 259 576 -851.863
1 259 579 -851.863
1 259 584 -851.863
1 259 585 -3407.45
1 259 586 -1703.73
1 260 369 -1703.73
1 260 404 -1703.73
1 260 443 -851.863
1 260 454 -851.863
1 260 485 -851.863
1 260 486 -1703.73
1 260 487 -851.863
1 260 492 -851.863
1 260 499 -851.863
1 260 502 -1703.73
1 260 517 -851.863
1 260 527 -851.863
1 260 545 -2555.59
1 260 548 -851.863
1 260 554 -851.863
1 260 556 -851.863
1 260 567 -851.863
1 260 576 -851.863
1 260 577 -851.863
1 261 397 -851.863
1 261 404 -851.863
1 261 444 -851.863
1 261 483 -851.863
1 261 487 -851.863
1 261 501 -851.863
1 261 502 -851.863
1 261 545 -851.863
1 261 551 -851.863
1 261 552 -851.863
1 261 565 -851.863
1 262 254 -851.863
1 262 353 -1703.73
1 262 369 -851.863
1 262 425 -851.863
1 262 443 -851.863
1 262 458 -851.863
1 262 483 -1703.73
1 262 493 -851.863
1 262 501 -851.863
1 262 502 -851.863
1 262 523 -851.863
1 262 524 -851.863
1 262 535 -851.863
1 262 536 -851.863
1 262 537 -851.863
1 262 542 -851.863
1 262 546 -851.863
1 262 584 -851.863
1 262 587 -851.863
1 263 355 -851.863
1 263 415 -851.863
1 263 484 -851.863
1 263 493 -851.863
1 263 509 -851.863
1 263 522 -851.863
1 263 523 -1703.73
1 263 524 -1703.73
1 263 541 -1703.73
1 263 542 -851.863
1 263 543 -851.863
1 263 546 -1703.73
1 263 576 -851.863
1 263 579 -851.863
1 263 581 -3407.45
1 264 369 -851.863
1 264 379 -851.863
1 264 481 -851.863
1 264 482 -851.863
1 264 493 -851.863
1 264 503 -851.863
1 264 504 -851.863
1 264 516 -851.863
1 264 521 -2555.59
1 264 527 -851.863
1 264 543 -3407.45
1 264 568 -851.863
1 264 575 -851.863
1 264 576 -1703.73
1 265 336 -851.863
1 265 367 -1703.73
1 265 457 -851.863
1 265 459 -851.863
1 265 511 -851.863
1 265 516 -851.863
1 265 520 -851.863
1 265 524 -851.863
1 265 568 -1703.73
1 266 314 -851.863
1 266 413 -851.863
1 266 456 -851.863
1 266 478 -851.863
1 266 481 -851.863
1 266 483 -851.863
1 266 484 -851.863
1 266 485 -851.863
1 266 492 -851.863
1 266 498 -851.863
1 266 505 -851.863
1 266 518 -851.863
1 266 523 -851.863
1 266 543 -851.863
1 266 545 -851.863
1 266 549 -851.863
1 266 555 -851.863
1 267 337 -851.863
1 267 365 -851.863
1 267 381 -851.863
1 267 459 -851.863
1 267 460 -1703.73
1 267 505 -851.863
1 267 507 -851.863
1 267 543 -851.863
1 267 544 -1703.73
1 267 549 -851.863
1 267 553 -2555.59
1 267 562 -851.863
1 268 507 -1703.73
1 268 540 -851.863
1 268 541 -851.863
1 268 542 -1703.73
1 268 543 -3407.45
1 268 544 -1703.73
1 268 549 -851.863
1 268 551 -851.863
1 268 552 -851.863
1 268 553 -851.863
1 269 362 -851.863
1 269 505 -1703.73
1 269 507 -851.863
1 269 528 -851.863
1 269 543 -851.863
1 269 547 -1703.73
1 270 474 -851.863
1 270 475 -1703.73
1 270 479 -851.863
1 270 491 -851.863
1 270 504 -851.863
1 270 507 -851.863
1 270 526 -851.863
1 271 375 -851.863
1 271 388 -851.863
1 271 479 -851.863
1 271 481 -851.863
1 271 487 -851.863
1 271 491 -851.863
1 271 526 -851.863
1 272 469 -851.863
1 272 493 -851.863
1 272 495 -1703.73
1 272 496 -851.863
1 272 502 -851.863
1 272 526 -2555.59
1 273 441 -851.863
1 273 462 -851.863
1 273 526 -851.863
1 275 463 -851.863
1 275 480 -851.863
1 275 502 -851.863
1 275 504 -851.863
1 276 502 -851.863
1 277 393 -851.863
1 279 459 -851.863
1 280 563 -851.863
1 282 434 -851.863
1 282 435 -851.863
1 283 461 -851.863
1 283 482 -851.863
1 283 483 -851.863
1 285 437 -851.863
1 285 482 -851.863
1 285 483 -851.863
1 286 377 -851.863
1 286 464 -851.863
1 288 469 -851.863
1 289 362 -851.863
1 289 443 -851.863
1 292 358 -851.863
1 293 390 -2555.59
1 293 391 -851.863
1 296 390 -851.863
1 301 359 -851.863
1 301 378 -851.863
1 85 106 -851.863
1 92 112 -1703.73
1 93 117 -851.863
1 97 89 -851.863
1 98 101 -851.863
1 99 126 -851.863
1 99 136 -851.863
1 147 119 -2178.0
1 148 187 -12777.6
1 150 114 -25990.8
1 153 113 -14665.2
1 167 186 -9873.6
1 168 169 -142296.0
1 197 280 -8712.0
1 199 225 -10599.6
1 210 300 -2032.8
1 211 298 -6824.4
1 234 285 -6098.4
1 244 234 -8276.4
1 265 469 -145.2
1 267 479 -1597.2
1 271 361 -3873.01
1 272 454 -39.0
1 285 433 -726.0
1 291 453 -220355.0
1 299 360 -9147.6
1 109 116 -24974.4
1 131 118 -1161.6
1 132 183 -2758.8
1 137 123 -11325.6
1 140 173 -8857.2
1 141 124 -8131.2
1 142 121 -9583.2
1 152 130 -4501.2
1 155 192 -12922.8
1 157 117 -2758.8
1 158 205 -5372.4
1 164 258 -10744.8
1 169 164 -104254.0
1 172 162 -4791.6
1 172 163 -13358.4
1 172 164 -2178.0
1 173 196 -290.4
1 195 280 -14084.4
1 202 295 -53869.2
1 203 296 -95686.8
1 226 358 -3425.87
1 247 335 -7695.6
1 256 333 -10744.8
1 265 349 -10454.4
1 267 346 -7260.0
1 271 470 -871.2
1 274 431 -2303910.0
1 280 367 -5953.2
1 285 357 -13939.2
1 289 374 -4065.6
1 292 370 -14810.4
1 293 378 -5953.2
1 143 152 -11180.4
1 143 154 -9438.0
1 144 130 -6969.6
1 151 143 -11906.4
1 153 212 -8421.6
1 154 128 -290.4
1 161 161 -3484.8
1 164 159 -58951.2
1 167 163 -11616.0
1 170 217 -19602.0
1 174 182 -9728.4
1 176 128 -7695.6
1 188 287 -2178.0
1 189 206 -19747.2
1 201 279 -14520.0
1 221 294 -14229.6
1 221 361 -290.4
1 222 252 -2468.4
1 222 266 -11325.6
1 224 273 -13503.6
1 225 248 -9583.2
1 226 361 -8857.2
1 234 319 -17424.0
1 235 317 -25700.4
1 237 292 -30652.3
1 245 243 -101640.0
1 248 238 -19311.6
1 248 331 -6243.6
1 256 342 -3630.0
1 259 347 -4065.6
1 266 345 -10309.2
1 271 268 -46173.6
1 274 278 -14374.8
1 289 355 -1161.6
1 295 392 -2323.2
1 296 391 -5372.4
1 296 393 -5227.2
1 140 166 -238273.0
1 141 116 -59386.8
1 141 165 -123856.0
1 143 114 -56628.0
1 144 151 -5517.6
1 145 114 -41091.6
1 146 150 -2032.8
1 147 148 -7405.2
1 147 171 -5517.6
1 149 124 -726.0
1 150 172 -14374.8
1 150 186 -13358.4
1 151 178 -145.2
1 151 181 -145.2
1 151 189 -13794.0
1 151 211 -10454.4
1 152 180 -32089.2
1 153 188 -12777.6
1 154 113 -435.6
1 158 173 -580.8
1 164 124 -2178.0
1 170 115 -2468.4
1 171 125 -290.4
1 176 222 -5953.2
1 184 210 -23958.0
1 188 207 -16843.2
1 189 288 -3339.6
1 193 280 -21344.4
1 206 280 -5953.2
1 209 273 -31363.2
1 210 249 -10164.0
1 211 263 -13648.8
1 211 296 -3630.0
1 213 270 -23522.4
1 219 272 -4646.4
1 221 302 -580.8
1 221 317 -28168.8
1 224 287 -8566.8
1 227 344 -9583.2
1 228 354 -7550.4
1 230 352 -11906.4
1 231 270 -8566.8
1 231 347 -1742.4
1 235 295 -9438.0
1 236 320 -16552.8
1 236 342 -8857.2
1 236 344 -3049.2
1 240 330 -11616.0
1 240 337 -7840.8
1 240 357 -3484.8
1 244 333 -4679.6
1 246 332 -9147.6
1 246 337 -6534.0
1 251 334 -11616.0
1 258 343 -435.6
1 258 345 -3630.0
1 260 345 -3339.6
1 261 340 -5517.6
1 261 351 -2758.8
1 262 286 -2613.6
1 262 361 -16117.2
1 263 344 -5662.8
1 263 350 -3775.2
1 265 517 -290.4
1 267 321 -10164.0
1 269 365 -3775.2
1 270 267 -9438.0
1 271 267 -12196.8
1 271 355 -5227.2
1 275 399 -255.36
1 278 502 -3194.4
1 281 331 -2468.4
1 284 333 -1742.4
1 289 371 -3484.8
1 290 371 -5372.4
1 291 365 -1887.6
1 296 358 -27297.6
1 297 356 -5517.6
1 297 391 -7986.0
1 299 347 -1597.2
1 125 93 -4646.4
1 142 117 -68824.8
1 142 169 -726.0
1 145 116 -13213.2
1 146 146 -11325.6
1 152 213 -5517.6
1 156 214 -84361.2
1 166 203 -2032.8
1 168 216 -198634.0
1 183 232 -28894.8
1 192 232 -26281.2
1 193 235 -29185.2
1 211 195 -1742.4
1 215 261 -6098.4
1 221 339 -6388.8
1 223 263 -6824.4
1 226 354 -5517.6
1 230 358 -2613.6
1 232 274 -8566.8
1 232 347 -2032.8
1 233 341 -4936.8
1 242 618 -145.2
1 248 344 -5517.6
1 263 345 -16843.2
1 263 570 -145.2
1 264 348 -1016.4
1 286 302 -2323.2
1 292 360 -2178.0
1 293 357 -13503.6
1 295 362 -5372.4
1 297 439 -96982.9
1 134 124 -2613.6
1 134 126 -871.2
1 137 128 -15246.0
1 145 166 -1887.6
1 148 119 -5517.6
1 150 118 -5517.6
1 150 121 -8566.8
1 150 127 -1742.4
1 152 118 -13939.2
1 153 122 -8276.4
1 153 123 -10599.6
1 155 125 -22215.6
1 156 124 -25990.8
1 158 138 -2468.4
1 158 140 -23667.6
1 160 139 -23958.0
1 181 126 -77827.2
1 185 168 -33105.6
1 189 126 -27878.4
1 224 257 -11616.0
1 230 223 -10018.8
1 260 337 -290.4
1 137 168 -1887.6
1 149 213 -14084.4
1 202 228 -2613.6
1 210 253 -12922.8
1 217 236 -12051.6
1 245 324 -290.4
1 186 159 -5082.0
1 188 160 -12196.8
1 291 354 -3194.4
1 145 131 -8712.0
1 153 116 -4065.6
1 158 114 -17714.4
1 160 170 -15972.0
1 187 160 -8566.8
1 188 197 -290.4
1 188 204 -7986.0
1 206 169 -1161.6
1 208 226 -9002.4
1 211 266 -37803.3
1 213 265 -145.2
1 213 276 -45601.3
1 214 274 -39866.8
1 220 278 -88822.1
1 223 372 -21634.8
1 232 398 -435.6
1 233 375 -580.8
1 236 317 -2323.2
1 239 385 -27.14
1 239 406 -141.78
1 239 416 -5.53
1 241 238 -7695.6
1 244 244 -2904.0
1 245 408 -5372.4
1 246 320 -1452.0
1 248 454 -145.2
1 259 351 -3761.87
1 265 360 -2543.05
1 267 407 -290.4
1 267 449 -2178.0
1 268 351 -13648.8
1 269 360 -8903.14
1 273 340 -145.2
1 273 367 -2904.0
1 274 327 -3775.2
1 274 432 -12342.0
1 275 465 -328.49
1 290 322 -11761.2
1 292 458 -63231.0
1 294 354 -6851.73
1 296 371 -34412.4
1 297 377 -8421.6
1 147 183 -2758.8
1 156 122 -17859.6
1 268 484 -145.2
1 173 183 -8857.2
1 257 342 -2613.6
1 268 354 -145.2
1 201 251 -15681.6
1 251 286 -1597.2
1 259 336 -145.2
1 261 570 -145.2
1 265 488 -435.6
1 144 132 -145.2
1 136 173 -1306.8
1 144 189 -3484.8
1 154 112 -17278.8
1 154 122 -11616.0
1 161 179 -17424.0
1 164 169 -3920.4
1 167 247 -2613.6
1 183 124 -68244.0
1 186 123 -41091.6
1 186 125 -290.4
1 186 209 -10454.4
1 204 300 -32.81
1 215 269 -28168.8
1 218 239 -13967.0
1 225 242 -4501.2
1 226 375 -6374.46
1 235 420 -10454.4
1 238 302 -4356.0
1 242 355 -98.95
1 245 406 -1452.0
1 247 591 -1016.4
1 248 590 -145.2
1 248 593 -1597.2
1 251 614 -1187.06
1 255 333 -9656.21
1 256 443 -289.88
1 258 339 -533.38
1 258 416 -212.94
1 259 414 -726.0
1 266 470 -1807.01
1 267 554 -290.4
1 269 482 -145.2
1 270 476 -2032.8
1 273 523 -32670.0
1 274 506 -1452.0
1 275 479 -11180.4
1 278 446 -1597.2
1 280 458 -887.96
1 291 374 -2323.2
1 293 458 -13794.0
1 297 388 -1159.13
1 298 384 -81.69
1 298 391 -1016.4
1 221 300 -580.8
1 229 371 -5463.83
1 134 167 -290.4
1 153 134 -2758.8
1 156 121 -290.4
1 158 122 -290.4
1 159 157 -25700.4
1 160 117 -3630.0
1 176 181 -580.8
1 184 305 -1.58
1 197 298 -15.81
1 211 290 -2758.8
1 221 351 -290.4
1 225 289 -8566.8
1 226 330 -56440.2
1 228 243 -5808.0
1 237 406 -137.43
1 239 392 -1016.4
1 241 343 -9873.6
1 244 430 -1016.4
1 247 342 -37.42
1 253 427 -2897.1
1 253 443 -134.27
1 254 398 -3.69
1 254 442 -14.23
1 254 444 -10.8
1 254 445 -403.2
1 256 445 -1304.73
1 257 344 -38.87
1 257 387 -49222.8
1 259 345 -1306.8
1 261 322 -23.45
1 261 346 -138.88
1 261 369 -554.6
1 262 322 -76.03
1 262 555 -145.2
1 263 448 -145.2
1 265 559 -964.38
1 267 388 -6969.6
1 269 539 -145.2
1 270 319 -8186.58
1 271 364 -2904.0
1 271 471 -145.2
1 271 489 -1449.41
1 272 371 -435.6
1 273 520 -19747.2
1 273 522 -290.4
1 274 474 -145.2
1 275 371 -1016.4
1 275 449 -12342.0
1 277 386 -871.2
1 289 321 -103963.0
1 295 375 -1016.4
1 296 415 -2758.8
1 262 394 -129766.0
