1 62 1 3798.3
1 61 2 3770.7
1 60 3 3749.7
1 59 4 3733.5
1 58 5 3721.5
1 57 6 3713.4
1 56 7 3709.2
1 55 8 3709.0
1 54 9 3713.4
1 53 10 3722.5
1 52 11 3736.7
1 51 12 3755.5
1 49 13 3767.8
1 50 13 3777.1
1 48 14 3789.3
1 47 15 3784.5
1 46 16 3776.7
1 45 17 3766.9
1 45 18 3767.6
1 45 19 3768.3
1 44 20 3756.4
1 44 21 3756.2
1 44 22 3755.5
1 44 23 3754.2
1 44 24 3752.2
1 44 25 3749.4
1 44 26 3745.6
1 44 27 3740.7
1 44 28 3734.5
1 44 29 3727.0
1 44 30 3717.9
1 44 31 3707.0
1 44 32 3694.2
1 44 33 3679.1
1 44 34 3661.5
1 44 35 3641.1
1 44 36 3617.4
1 44 37 3589.8
1 44 38 3557.8
1 44 39 3520.3
1 44 40 3476.1
1 44 41 3422.8
1 43 42 3304.0
1 43 43 3265.0
1 43 44 3203.3
1 42 45 3052.1
1 42 46 2997.6
1 40 47 2765.7
1 41 47 2812.0
1 40 48 2729.6
1 40 49 2663.5
1 40 50 2567.6
1 35 78 4859.7
1 35 79 4888.1
1 34 80 4945.1
1 33 81 5025.5
1 32 82 5089.1
1 31 83 5102.5
1 30 84 5114.2
1 29 85 5123.1
1 28 86 5145.4
1 27 87 5164.2
1 26 88 5190.3
1 25 89 5217.8
1 25 90 5254.2
1 24 91 5241.3
1 24 92 5256.5
1 24 93 5293.6
1 24 94 5330.6
1 23 95 5345.7
1 23 96 5386.0
1 23 97 5422.3
1 22 98 5430.3
1 22 99 5471.4
1 22 100 5508.4
1 22 101 5545.7
1 21 102 5566.0
1 21 103 5611.1
1 20 104 5633.2
1 20 105 5675.7
1 19 106 5707.7
1 19 107 5752.1
1 18 108 5788.7
1 18 109 5828.5
1 17 110 5747.7
1 17 111 5758.8
1 17 112 5868.1
1 65 109 6030.5
1 66 109 6027.0
1 67 109 5976.4
1 68 109 5941.6
1 69 109 5951.1
1 62 110 5964.5
1 63 110 6002.2
1 64 110 6023.1
1 70 110 6040.0
1 60 111 5859.4
1 61 111 5880.9
1 71 111 6106.0
1 37 112 5647.1
1 38 112 5707.3
1 39 112 5768.9
1 40 112 5814.4
1 41 112 5851.4
1 42 112 5873.4
1 43 112 5884.6
1 44 112 5893.7
1 45 112 5900.9
1 46 112 5910.4
1 47 112 5919.3
1 48 112 5936.9
1 55 112 5739.6
1 56 112 5761.3
1 57 112 5778.4
1 58 112 5795.2
1 59 112 5810.1
1 72 112 6143.0
1 16 113 5956.8
1 33 113 5631.7
1 34 113 5615.1
1 35 113 5599.2
1 36 113 5578.7
1 49 113 5930.6
1 50 113 5908.4
1 51 113 5855.3
1 52 113 5800.7
1 53 113 5744.1
1 54 113 5707.4
1 73 113 6175.3
1 16 114 6015.9
1 29 114 5721.3
1 30 114 5696.1
1 31 114 5668.3
1 32 114 5633.3
1 74 114 6198.4
1 75 114 6202.5
1 16 115 6072.6
1 25 115 5833.0
1 26 115 5810.2
1 27 115 5781.0
1 28 115 5741.0
1 76 115 6234.3
1 16 116 6127.9
1 21 116 5975.7
1 22 116 5990.6
1 23 116 5903.4
1 24 116 5863.2
1 77 116 6249.5
1 78 116 6247.6
1 79 116 6260.2
1 16 117 6182.1
1 20 117 6023.7
1 80 117 6281.1
1 81 117 6279.2
1 82 117 6258.6
1 83 117 6231.1
1 84 117 6202.0
1 16 118 6219.5
1 17 118 6185.7
1 18 118 6138.6
1 19 118 6085.1
1 85 118 6131.5
1 85 119 6089.7
1 86 120 6072.5
1 86 121 6095.2
1 86 122 6120.0
1 86 123 6137.3
1 86 124 6149.7
1 86 125 6159.3
1 86 126 6166.4
1 86 127 6170.1
1 86 128 6170.7
1 86 129 6169.0
1 86 130 6166.3
1 86 131 6162.1
1 86 132 6155.2
1 86 133 6146.5
1 86 134 6134.7
1 86 135 6118.8
1 86 136 6099.7
1 85 137 6050.6
1 85 138 6037.7
1 84 139 6032.8
1 83 140 6073.8
1 82 141 6157.7
1 82 142 6174.0
1 81 143 6226.7
1 80 144 6287.2
1 79 145 6356.2
1 78 146 6419.8
1 77 147 6487.1
1 76 148 6559.0
1 75 149 6636.4
1 75 150 6700.7
1 75 151 6761.3
1 75 152 6821.9
1 75 153 6868.8
1 76 154 6862.0
1 77 154 6849.2
1 78 154 6839.0
1 79 155 6827.7
1 80 155 6815.1
1 81 156 6797.5
1 82 157 6771.0
1 82 158 6748.6
1 83 158 6734.5
1 84 159 6704.6
1 84 160 6676.8
1 84 161 6652.4
1 84 162 6628.5
1 85 163 6603.4
1 86 164 6574.0
1 87 165 6537.0
1 88 166 6502.2
1 89 167 6468.6
1 90 168 6387.2
1 90 169 6337.2
1 91 170 6269.8
1 92 171 6198.4
1 93 172 6167.7
1 94 173 6141.2
1 94 174 6138.8
1 95 175 6123.4
1 95 176 6109.0
1 95 177 6113.7
1 95 178 6120.7
1 95 179 6126.0
1 96 180 5954.7
1 97 181 5971.7
1 98 182 5989.2
1 99 183 6006.7
1 100 184 6022.5
1 101 185 6037.9
1 102 185 6046.3
1 103 185 6061.9
1 104 186 6096.3
1 105 186 6097.4
1 106 187 6100.6
1 107 188 6096.4
1 108 189 5914.1
1 108 190 5916.1
1 108 191 5917.1
1 108 192 5916.7
1 108 193 5912.5
1 107 194 5707.4
1 107 195 5703.4
1 107 196 5695.6
1 107 197 5685.3
1 107 198 5673.3
1 106 199 5634.9
1 106 200 5622.0
1 105 201 5576.1
1 105 202 5562.9
1 104 203 5522.4
1 104 204 5513.7
1 104 205 5498.7
1 104 206 5477.3
1 104 207 5444.2
1 98 208 5460.6
1 99 208 5470.7
1 100 208 5483.1
1 101 208 5496.0
1 102 208 5513.7
1 103 208 5542.4
1 97 209 5451.3
1 97 210 5450.1
1 97 211 5446.0
1 97 212 5440.7
1 96 213 5424.1
1 95 214 5416.7
1 95 215 5415.4
1 94 216 5408.0
1 94 217 5407.1
1 94 218 5406.4
1 95 219 5410.6
1 96 220 5414.1
1 97 221 5418.0
1 97 222 5416.9
1 98 223 5420.2
1 98 224 5418.8
1 99 225 5422.9
1 99 226 5421.0
1 100 227 5242.1
1 128 227 5398.5
1 129 227 5461.6
1 101 228 5248.0
1 107 228 5142.9
1 108 228 5167.8
1 109 228 5196.4
1 110 228 5228.4
1 111 228 5263.1
1 125 228 5283.4
1 126 228 5309.8
1 127 228 5318.0
1 130 228 5187.6
1 131 228 5194.1
1 132 228 5188.2
1 133 228 5189.3
1 134 228 5195.5
1 135 228 5209.9
1 136 228 5226.9
1 137 228 5240.2
1 138 228 5267.0
1 102 229 5252.8
1 106 229 5280.7
1 112 229 5117.3
1 118 229 5143.6
1 119 229 5162.0
1 120 229 5177.9
1 121 229 5192.0
1 122 229 5203.3
1 123 229 5212.7
1 124 229 5215.2
1 139 229 5340.3
1 103 230 5256.3
1 104 230 5258.9
1 105 230 5261.9
1 113 230 5133.9
1 114 230 5125.4
1 115 230 5121.1
1 116 230 5118.6
1 117 230 5110.7
1 140 230 5307.1
1 139 231 5374.7
1 137 232 5411.3
1 138 232 5410.6
1 136 233 5414.6
1 135 234 5407.4
1 133 235 5374.7
1 134 235 5388.0
1 132 236 5357.8
1 130 237 5314.5
1 131 237 5329.7
1 129 238 5303.3
1 128 239 5287.2
1 127 240 5267.3
1 127 241 5257.5
1 127 242 5244.6
1 128 243 5252.9
1 129 244 5251.2
1 129 245 5238.5
1 130 246 5234.7
1 131 246 5233.6
1 132 246 5236.5
1 133 246 5245.8
1 134 246 5263.2
1 135 246 5289.6
1 136 246 5316.8
1 137 246 5336.8
1 138 246 5358.8
1 139 247 5409.5
1 140 247 5434.0
1 141 247 5471.5
1 142 247 5514.8
1 143 248 5577.8
1 144 249 5671.3
1 144 250 5698.1
1 145 251 5749.9
1 145 252 5775.5
1 145 253 5795.8
1 146 254 5829.1
1 146 255 5826.5
1 146 256 5820.5
1 146 257 5812.6
1 146 258 5802.4
1 146 259 5790.6
1 146 260 5777.2
1 146 261 5764.9
1 146 262 5751.7
1 146 263 5738.5
1 146 264 5728.4
1 146 265 0.0
1 147 266 5482.8
1 147 267 5453.7
1 147 268 5428.8
1 147 269 5389.1
1 147 270 5356.1
1 148 271 5306.0
1 148 272 5279.2
1 148 273 5252.1
1 148 274 5230.3
1 149 274 5215.4
1 149 275 5175.8
1 149 276 5143.6
1 149 277 5091.0
1 149 278 5036.4
1 150 279 5132.7
1 150 280 5087.7
1 150 281 5046.5
1 150 282 5016.2
1 151 283 4932.5
1 151 284 4888.7
1 151 285 4855.4
1 152 286 4761.4
1 152 287 4706.8
1 152 288 4662.5
1 152 289 4628.0
1 153 290 4722.8
1 153 291 4696.3
1 153 292 4704.2
1 154 293 4715.0
1 154 294 4726.6
1 154 295 4736.1
1 154 296 4742.2
1 155 297 4760.1
1 155 298 4763.9
1 156 299 4586.8
1 157 299 4593.1
1 158 299 4602.6
1 159 299 4615.1
1 160 299 4631.1
1 161 299 4650.5
1 162 300 4681.7
1 162 301 4684.5
1 162 302 4683.6
1 162 303 4681.0
1 162 304 4678.3
1 163 305 4857.4
1 163 306 4848.4
1 163 307 4838.6
1 163 308 4829.3
1 163 309 4823.2
1 164 310 5039.4
1 165 311 5081.0
1 166 312 5152.7
1 167 313 5211.3
1 168 314 5244.2
1 168 315 5076.7
1 168 316 5081.0
1 169 316 5088.5
1 169 317 5094.3
1 170 317 5104.1
1 171 318 5105.2
1 171 319 5081.8
1 172 320 5033.9
1 172 321 4986.4
1 172 322 4938.1
1 172 323 4887.1
1 172 324 4847.4
1 173 325 4845.9
1 173 326 4849.5
1 173 327 4851.3
1 174 328 4860.7
1 174 329 4862.3
1 174 330 4863.3
1 175 331 4867.8
1 176 331 4871.8
1 177 331 4877.7
1 178 332 4887.1
1 179 333 4889.7
1 179 334 4886.6
1 179 335 4883.5
1 180 336 4881.0
1 181 337 4872.5
1 181 338 4867.8
1 187 338 4741.0
1 188 338 4762.1
1 189 338 4779.7
1 190 338 4793.4
1 182 339 4858.5
1 186 339 4873.5
1 191 339 4797.0
1 192 339 5216.0
1 182 340 4852.5
1 186 340 4857.8
1 193 340 5215.3
1 182 341 4848.9
1 186 341 4847.8
1 194 341 5215.2
1 195 341 5216.8
1 183 342 4845.3
1 184 342 4845.1
1 185 342 4844.6
1 186 342 4843.5
1 196 342 5216.5
1 196 343 5214.4
1 197 344 5213.3
1 198 345 5210.9
1 199 346 5208.8
1 200 346 5210.4
1 201 346 5212.6
1 202 346 5214.7
1 203 346 5215.5
1 204 346 4351.89
1 205 347 5199.5
1 206 347 5193.3
1 207 348 5398.8
1 207 349 5496.1
1 207 350 5637.0
1 206 351 5696.9
1 205 352 5701.7
1 205 353 5706.2
1 205 354 5711.2
1 206 355 5734.1
1 206 356 5742.3
1 207 357 5767.0
1 208 357 5784.2
1 209 358 5465.4
1 210 359 5522.7
1 211 359 5550.7
1 212 360 5470.5
1 212 361 5507.7
1 208 362 5529.9
1 209 362 5534.6
1 210 362 5541.7
1 211 362 5547.4
1 207 363 5526.1
1 206 364 5520.7
1 206 365 5522.0
1 206 366 5522.2
1 206 367 5521.4
1 206 368 5520.4
1 206 369 5519.2
1 207 369 5525.6
1 208 369 5542.1
1 209 369 5563.8
1 210 369 5588.2
1 211 369 5618.5
1 212 369 5654.9
1 213 369 5699.1
1 214 370 5595.6
1 215 370 5629.4
1 216 372 5626.7
1 214 373 5263.1
1 215 373 5351.3
1 214 374 5220.0
1 213 375 5270.2
1 212 376 5247.8
1 211 377 5194.7
1 211 378 5183.6
1 211 379 5178.1
1 211 380 5180.2
1 211 381 5189.3
1 211 382 5243.7
1 211 383 5293.5
1 212 384 45000.0
1 212 385 45000.0
1 212 386 45000.0
1 212 387 45000.0
1 212 388 45000.0
1 212 389 45000.0
1 212 390 45000.0
1 212 391 45000.0
1 212 392 45000.0
1 212 393 45000.0
1 213 394 45000.0
1 213 395 45000.0
1 213 396 45000.0
1 213 397 45000.0
1 213 398 45000.0
1 213 399 45000.0
1 213 400 45000.0
1 213 401 45000.0
1 213 402 45000.0
1 214 403 45000.0
1 214 404 45000.0
1 214 405 45000.0
1 214 406 45000.0
1 214 407 45000.0
1 214 409 45000.0
1 214 410 45000.0
1 214 411 45000.0
1 214 412 45000.0
1 214 413 45000.0
1 214 414 45000.0
1 214 415 45000.0
1 215 416 45000.0
1 215 417 45000.0
1 227 417 45000.0
1 228 417 45000.0
1 229 417 45000.0
1 216 418 45000.0
1 226 418 45000.0
1 230 418 45000.0
1 217 419 45000.0
1 218 419 45000.0
1 219 419 45000.0
1 220 419 45000.0
1 221 419 45000.0
1 222 419 45000.0
1 223 419 45000.0
1 224 419 45000.0
1 225 419 45000.0
1 229 419 45000.0
1 229 420 45000.0
1 226 421 45000.0
1 227 421 45000.0
1 228 421 45000.0
1 224 422 45000.0
1 225 422 45000.0
1 224 423 45000.0
1 224 424 45000.0
1 225 424 45000.0
1 226 424 45000.0
1 227 424 45000.0
1 228 424 45000.0
1 229 425 45000.0
1 229 426 45000.0
1 229 427 45000.0
1 229 428 45000.0
1 229 429 45000.0
1 228 430 45000.0
1 228 431 45000.0
1 228 432 45000.0
1 228 433 45000.0
1 228 434 45000.0
1 228 435 45000.0
1 229 435 45000.0
1 230 436 45000.0
1 230 437 45000.0
1 230 438 45000.0
1 230 439 45000.0
1 230 440 45000.0
1 230 441 45000.0
1 230 442 45000.0
1 230 443 45000.0
1 230 444 45000.0
1 230 445 45000.0
1 230 446 45000.0
1 230 447 45000.0
1 230 448 45000.0
1 230 449 45000.0
1 230 450 45000.0
1 230 451 45000.0
1 230 452 45000.0
1 230 453 45000.0
1 230 454 45000.0
1 230 455 45000.0
1 230 456 45000.0
1 231 457 45000.0
1 231 458 45000.0
1 231 459 45000.0
1 231 460 45000.0
1 232 461 45000.0
1 232 462 45000.0
1 232 463 45000.0
1 232 464 45000.0
1 233 464 45000.0
1 234 464 45000.0
1 235 464 45000.0
1 236 464 45000.0
1 237 464 45000.0
1 238 464 45000.0
1 239 465 45000.0
1 239 466 45000.0
1 239 467 5337.1
1 238 468 5337.1
1 238 469 5337.1
1 238 470 5337.1
1 239 471 5337.1
1 240 471 5337.1
1 241 472 5337.1
1 242 472 5337.1
1 243 472 5337.1
1 244 473 5337.1
1 245 474 5337.1
1 246 475 5337.1
1 246 476 5337.1
1 246 477 5337.1
1 246 478 5337.1
1 246 479 5337.1
1 246 480 5337.1
1 245 481 5337.1
1 245 482 5337.1
1 244 483 5337.1
1 243 484 5337.1
1 243 485 5337.1
1 243 486 5337.1
1 243 487 5337.1
1 243 488 5337.1
1 243 489 5337.1
1 242 490 5337.1
1 242 491 5337.1
1 241 492 5337.1
1 241 493 5337.1
1 240 494 5337.1
1 239 495 5337.1
1 238 496 5337.1
1 235 497 5337.1
1 236 497 5337.1
1 237 497 5337.1
1 233 498 5337.1
1 234 498 5337.1
1 233 499 5337.1
1 232 500 5337.1
1 231 501 5337.1
1 231 502 5337.1
1 231 503 5337.1
1 231 504 5337.1
1 231 505 5337.1
1 231 506 5337.1
1 231 507 5337.1
1 231 508 5337.1
1 231 509 5337.1
1 231 510 5337.1
1 231 511 5337.1
1 231 512 5337.1
1 231 513 5337.1
1 231 514 5337.1
1 231 515 5337.1
1 232 516 5337.1
1 232 517 5337.1
1 232 518 5337.1
1 233 519 5337.1
1 233 520 5337.1
1 233 521 5337.1
1 234 522 5337.1
1 234 523 5337.1
1 235 524 5337.1
1 235 525 5337.1
1 236 525 5337.1
1 237 525 5337.1
1 238 525 5337.1
1 239 526 5337.1
1 239 527 5337.1
1 240 528 5437.9
1 240 529 5453.1
1 241 530 5519.7
1 241 531 5549.7
1 241 532 5566.6
1 241 533 5578.1
1 241 534 5586.4
1 242 535 5064.8
1 242 536 5076.1
1 243 536 5094.1
1 244 536 5126.6
1 245 536 5155.2
1 246 537 5210.6
1 246 538 5227.7
1 247 539 5267.6
1 248 540 5303.1
1 249 540 5315.2
1 250 540 5331.6
1 251 541 5365.2
1 250 544 5398.8
1 251 544 5401.1
1 245 545 5344.2
1 246 545 5355.4
1 247 545 5374.0
1 248 545 5387.7
1 249 545 5393.2
1 243 546 5317.7
1 244 546 5321.7
1 243 547 5318.4
1 242 548 5314.5
1 242 549 5314.8
1 241 550 5308.6
1 241 551 5306.9
1 240 552 5296.5
1 239 553 5285.5
1 238 554 0.0
1 237 555 5249.9
1 236 556 5248.8
1 236 557 5248.8
1 232 558 5189.1
1 233 558 5186.1
1 234 558 5193.8
1 235 558 5197.3
1 232 559 5201.2
1 231 560 5201.4
1 231 561 5209.8
1 231 562 5216.5
1 231 563 5221.6
1 231 564 5222.9
1 230 565 5389.7
1 230 566 5382.9
1 230 567 5372.0
1 230 568 5359.6
1 215 371 5678.1
1 39 51 6043.2
1 39 52 5967.8
1 38 53 5714.5
1 38 54 5641.8
1 37 55 5375.6
1 36 56 5152.8
1 35 57 4950.0
1 35 58 4889.0
1 35 59 4787.7
1 35 60 8397.7
1 35 61 8262.3
1 35 62 8125.5
1 35 63 7985.2
1 35 64 7841.2
1 35 65 7693.4
1 35 66 7542.6
1 35 67 7395.4
1 35 68 7276.3
1 36 69 10770.0
1 36 70 10502.6
1 36 71 10250.3
1 36 72 10007.1
1 36 73 9772.1
1 36 74 9559.1
1 36 75 9377.7
1 36 76 9287.9
1 36 77 9255.2
1 230 569 5347.0
1 230 570 5333.5
1 230 571 5317.4
1 230 572 5306.0
1 230 573 5316.9
1 230 574 5332.4
1 230 575 5342.6
1 230 576 5344.7
1 230 577 5179.6
1 230 578 5212.8
1 230 579 5245.9
1 230 580 5275.3
1 230 581 5278.4
1 230 582 5283.8
1 230 583 5286.3
1 230 584 5285.4
1 230 585 5282.0
1 230 586 5277.4
1 230 587 5271.3
1 230 588 5267.4
1 229 589 5251.5
1 229 590 5242.2
1 228 591 5219.5
1 228 592 5203.8
1 228 593 5186.5
1 228 594 5164.3
1 227 595 5120.1
1 227 596 5096.9
1 227 597 5068.8
1 227 598 5035.6
1 227 599 4786.4
1 226 600 4700.2
1 226 601 4698.2
1 226 602 4696.9
1 226 603 4697.6
1 225 604 4268.5
1 224 605 4268.5
1 223 606 4290.4
1 222 607 4310.8
1 223 605 4275.0
1 114 114 -32234.4
1 117 120 -1395.41
1 121 111 -217219.0
1 121 113 -176854.0
1 124 115 -41236.8
1 125 116 -119790.0
1 126 120 -86394.0
1 129 121 -50820.0
1 130 122 -814.6060000000001
1 133 112 -56192.4
1 135 194 -814.6060000000001
1 138 201 -13213.2
1 139 168 -6679.2
1 140 168 -18150.0
1 141 191 -15681.6
1 143 126 -71148.0
1 143 172 -17569.2
1 143 190 -25119.6
1 144 166 -26862.0
1 144 172 -46464.0
1 144 182 -62581.2
1 144 190 -19456.8
1 145 161 -173078.0
1 145 164 -580.8
1 146 117 -20618.4
1 146 188 -726.0
1 146 190 -28749.6
1 147 132 -58080.0
1 147 145 -814.6060000000001
1 148 167 -43560.0
1 148 176 -39292.6
1 148 196 -89152.8
1 149 145 -37171.2
1 149 146 -40220.4
1 150 124 -15536.4
1 150 128 -145.2
1 150 141 -5082.0
1 150 198 -30637.2
1 151 142 -12922.8
1 151 195 -28459.2
1 152 123 -102076.0
1 152 125 -2266.61
1 152 132 -7058.21
1 153 133 -145.2
1 153 142 -84506.4
1 153 192 -45738.0
1 154 125 -435.6
1 154 171 -14173.0
1 154 249 -49513.2
1 155 112 -40075.2
1 155 129 -7550.4
1 155 141 -87991.2
1 156 129 -181936.0
1 156 146 -35864.4
1 157 116 -27878.4
1 157 135 -39090.8
1 157 140 -79569.6
1 157 251 -67372.8
1 158 133 -17077.0
1 158 137 -35574.0
1 158 181 -139973.0
1 159 119 -61855.2
1 159 173 -36154.8
1 160 119 -20328.0
1 161 125 -1597.2
1 161 129 -145.2
1 161 140 -2468.4
1 161 188 -23958.0
1 162 119 -6388.8
1 162 121 -104834.0
1 162 128 -205022.0
1 162 132 -27152.4
1 162 140 -726.0
1 162 167 -145.2
1 162 169 -2032.8
1 163 138 -5896.61
1 163 139 -145.2
1 164 135 -22506.0
1 164 187 -62581.2
1 165 130 -49222.8
1 165 131 -1597.2
1 166 126 -2032.8
1 167 259 -3920.4
1 168 123 -5953.2
1 168 208 -16988.4
1 169 163 -41817.6
1 170 131 -32234.4
1 170 132 -3049.2
1 170 163 -17859.6
1 171 130 -16552.8
1 171 131 -29911.2
1 171 132 -38768.4
1 172 130 -45447.6
1 172 218 -77246.4
1 173 224 -4210.8
1 174 123 -23958.0
1 174 135 -23667.6
1 175 134 -11616.0
1 175 204 -871.2
1 176 176 -17714.4
1 176 202 -9147.6
1 177 133 -106141.0
1 177 211 -25410.0
1 178 164 -102221.0
1 178 261 -71002.8
1 179 181 -124727.0
1 179 183 -39930.0
1 180 208 -42398.4
1 183 184 -100333.0
1 184 246 -4791.6
1 187 200 -52852.8
1 187 281 -15972.0
1 188 198 -42834.0
1 188 209 -39204.0
1 188 240 -83635.2
1 188 258 -72745.2
1 189 282 -24684.0
1 190 281 -65340.0
1 191 191 -58080.0
1 191 281 -79134.0
1 193 256 -15100.8
1 193 260 -19810.9
1 195 276 -871.2
1 197 252 -24974.4
1 198 297 -6679.2
1 198 298 -814.6060000000001
1 199 211 -63162.0
1 199 231 -38623.2
1 199 298 -814.6060000000001
1 200 298 -814.6060000000001
1 201 234 -726.0
1 203 275 -91040.4
1 203 280 -16262.4
1 204 248 -20054.2
1 205 300 -844.6460000000001
1 206 196 -133874.0
1 206 286 -4435.66
1 206 300 -1629.21
1 210 264 -2613.6
1 211 255 -80876.4
1 211 332 -7390.68
1 212 226 -12196.8
1 212 258 -139537.0
1 213 264 -435.6
1 213 300 -16117.2
1 214 240 -135036.0
1 215 260 -106722.0
1 216 238 -91911.6
1 216 267 -51691.2
1 217 264 -72600.0
1 217 365 -1306.8
1 218 179 -294030.0
1 219 310 -5662.8
1 221 223 -7114.8
1 221 246 -7405.2
1 221 284 -13270.9
1 222 352 -19010.0
1 222 358 -7550.4
1 222 369 -21054.0
1 223 271 -31798.8
1 224 301 -44866.8
1 224 374 -8928.06
1 226 311 -28604.4
1 226 331 -56792.0
1 226 350 -225.58
1 226 365 -2619.57
1 226 382 -17080.4
1 227 270 -10599.6
1 228 225 -51546.0
1 230 255 -71438.4
1 230 361 -64759.2
1 231 401 -1685.81
1 232 364 -184.98
1 232 370 -13127.0
1 233 337 -814.6060000000001
1 233 394 -1629.21
1 233 399 -115870.0
1 234 304 -4412.85
1 234 393 -814.6060000000001
1 235 338 -1161.6
1 235 400 -2904.0
1 235 605 -8842.68
1 235 609 -38892.7
1 236 263 -18150.0
1 236 351 -27588.0
1 236 609 -119.13
1 237 237 -10164.0
1 237 316 -24222.3
1 237 357 -3315.28
1 237 389 -814.6060000000001
1 238 221 -5662.8
1 238 398 -5.45
1 238 605 -4073.03
1 238 609 -1713.49
1 239 250 -726.0
1 239 338 -26571.6
1 239 426 -1161.6
1 239 605 -4073.03
1 239 606 -2443.82
1 239 619 -814.6060000000001
1 240 380 -814.6060000000001
1 240 426 -814.6060000000001
1 240 608 -3258.43
1 241 335 -41382.0
1 241 342 -48642.0
1 241 358 -2758.8
1 241 604 -814.6060000000001
1 242 311 -6577.56
1 243 357 -42688.8
1 243 371 -10514.0
1 243 389 -2178.0
1 243 422 -145.2
1 243 431 -81.71
1 243 605 -4073.03
1 244 431 -169.95
1 244 605 -4887.64
1 244 621 -1629.21
1 245 238 -52126.8
1 245 322 -21740.7
1 245 337 -959.806
1 245 621 -814.6060000000001
1 246 321 -4755.41
1 246 618 -2443.82
1 247 344 -814.6060000000001
1 247 383 -13881.8
1 247 384 -3451980.0
1 248 251 -29342.9
1 248 436 -5808.0
1 248 444 -28717.7
1 248 589 -5517.6
1 249 373 -814.6060000000001
1 249 389 -1887.6
1 249 424 -8365.01
1 249 430 -54772.3
1 249 436 -8378.93
1 249 606 -4073.03
1 250 239 -38042.4
1 250 326 -2916.76
1 250 424 -814.6060000000001
1 250 425 -1115430.0
1 250 431 -66101.9
1 250 595 -2734.22
1 251 300 -68534.4
1 251 333 -1153.27
1 251 356 -22360.3
1 251 408 -493.68
1 251 456 -959.806
1 251 457 -33.09
1 251 594 -814.6060000000001
1 251 595 -889.5060000000001
1 251 596 -1629.21
1 252 230 -44286.0
1 252 285 -29185.2
1 252 329 -38773.8
1 252 450 -1597.2
1 252 595 -814.6060000000001
1 252 606 -814.6060000000001
1 253 298 -2758.8
1 253 331 -19091.1
1 253 332 -23810.1
1 253 416 -290.4
1 253 420 -6987.68
1 253 445 -115090.0
1 254 338 -20473.2
1 254 367 -1016.4
1 254 407 -194.99
1 254 597 -814.6060000000001
1 254 607 -22739.8
1 255 381 -31798.8
1 255 383 -49077.6
1 255 388 -48932.4
1 255 395 -2032.8
1 255 420 -11616.0
1 255 439 -23377.2
1 255 443 -104957.0
1 255 595 -814.6060000000001
1 255 596 -814.6060000000001
1 255 606 -814.6060000000001
1 255 609 -44627.6
1 255 610 -9356.7
1 256 314 -13494.6
1 256 335 -42834.0
1 256 341 -6388.8
1 256 370 -8384.66
1 256 413 -4501.2
1 256 586 -43899.3
1 256 593 -3258.43
1 257 238 -6679.2
1 257 324 -468.91
1 257 413 -5082.0
1 257 576 -5607.36
1 257 599 -13441.0
1 257 600 -96558.0
1 258 325 -15309.4
1 258 336 -3865.36
1 258 420 -53409.3
1 258 442 -812704.0
1 258 464 -580.8
1 258 585 -4887.64
1 258 595 -1629.21
1 258 601 -31653.6
1 258 602 -103876.0
1 259 340 -65283.4
1 259 371 -2722.23
1 259 405 -144875.0
1 259 588 -25868.5
1 259 592 -1349.17
1 259 593 -1152.99
1 260 342 -33831.6
1 260 349 -1161.6
1 260 407 -2943450.0
1 260 424 -1278.61
1 260 463 -62145.6
1 260 464 -18585.6
1 260 585 -58534.5
1 260 586 -72697.6
1 260 587 -47959.6
1 261 337 -6388.8
1 261 355 -32815.2
1 261 381 -273417.0
1 261 395 -13238.2
1 261 416 -34702.8
1 261 418 -814.6060000000001
1 261 429 -47456.7
1 261 464 -31508.4
1 261 492 -814.6060000000001
1 261 571 -17714.4
1 261 576 -42560.8
1 262 345 -58806.0
1 262 449 -145.2
1 262 540 -328.24
1 262 564 -7362.93
1 262 567 -34551.6
1 262 568 -28459.2
1 262 570 -306662.0
1 262 571 -5082.0
1 263 340 -5517.6
1 263 434 -456.49
1 263 471 -10164.0
1 263 477 -2178.0
1 263 520 -1629.21
1 263 574 -3194.4
1 263 582 -4669.84
1 264 265 -580.8
1 264 344 -19311.6
1 264 345 -18150.0
1 264 367 -814.6060000000001
1 264 383 -18519.2
1 264 407 -5808.0
1 264 428 -164494.0
1 264 468 -76.04
1 264 471 -14810.4
1 264 476 -122549.0
1 264 477 -2178.0
1 264 523 -3315.02
1 264 524 -871.2
1 264 549 -4346.94
1 265 364 -15053.8
1 265 374 -146576.0
1 265 380 -75.28
1 265 422 -58430.7
1 265 523 -4938.79
1 265 557 -580.8
1 266 337 -814.6060000000001
1 266 340 -7405.2
1 266 462 -435.6
1 267 391 -22651.2
1 267 396 -145.2
1 267 463 -4210.8
1 267 555 -1395.41
1 267 556 -814.6060000000001
1 268 333 -23232.0
1 268 334 -13503.6
1 268 436 -2496540.0
1 268 455 -44.34
1 268 479 -1452.0
1 268 480 -145.2
1 268 489 -29239.4
1 269 363 -814.6060000000001
1 269 397 -30637.2
1 269 450 -3339.6
1 269 456 -6445.64
1 269 483 -435.6
1 269 541 -814.6060000000001
1 270 337 -3630.0
1 270 352 -4210.8
1 270 397 -29620.8
1 270 412 -225050.0
1 270 417 -239657.0
1 270 429 -1140.6
1 270 481 -814.6060000000001
1 270 483 -1298.37
1 270 484 -814.6060000000001
1 270 486 -14708.4
1 270 498 -30492.0
1 270 539 -290.4
1 271 319 -50555.6
1 271 335 -2613.6
1 271 368 -11325.6
1 271 371 -145.2
1 271 415 -32867.3
1 271 451 -4210.8
1 271 485 -358.65
1 271 493 -103234.0
1 271 498 -191664.0
1 271 537 -95354.4
1 272 336 -16.48
1 272 337 -21633.3
1 272 351 -23232.0
1 272 366 -1016.4
1 272 368 -27108.5
1 272 388 -941282.0
1 272 450 -7114.8
1 272 451 -30056.4
1 272 453 -1016.4
1 272 462 -2400220.0
1 272 490 -726.0
1 272 491 -2.13
1 272 497 -38821.0
1 272 498 -726.0
1 272 530 -49670.7
1 272 532 -184143.0
1 272 535 -34285.2
1 273 363 -8421.6
1 273 392 -20.3
1 273 410 -1306.8
1 273 480 -9438.0
1 273 510 -814.6060000000001
1 273 516 -22562.3
1 273 517 -603385.0
1 273 518 -647.41
1 274 409 -2904.0
1 274 520 -37171.2
1 274 523 -726.0
1 275 367 -165238.0
1 275 441 -233266.0
1 275 450 -23232.0
1 275 506 -726.0
1 276 364 -17714.4
1 276 366 -96558.0
1 276 392 -435.6
1 276 446 -4501.2
1 276 474 -35856.4
1 277 294 -90840.7
1 277 390 -3484.8
1 277 407 -658258.0
1 277 431 -8588.55
1 277 454 -145.2
1 277 468 -145.2
1 277 472 -11629.8
1 277 480 -77865.5
1 278 365 -27297.6
1 278 435 -21.27
1 278 482 -9873.6
1 279 310 -30922.9
1 279 336 -59967.6
1 279 388 -277.29
1 279 433 -224459.0
1 279 438 -275263.0
1 279 449 -2032.8
1 279 475 -166258.0
1 279 485 -19166.4
1 280 365 -8276.4
1 280 433 -29131.9
1 280 442 -11325.6
1 280 469 -9831.56
1 280 471 -62976.6
1 281 386 -36.5
1 281 388 -257.9
1 281 458 -860484.0
1 282 409 -8421.6
1 282 424 -4065.6
1 282 430 -1161.6
1 282 436 -4114.48
1 282 454 -1171.63
1 282 457 -333.83
1 283 354 -3630.0
1 283 429 -474659.0
1 283 449 -22368.0
1 283 452 -22750.8
1 283 455 -126085.0
1 283 468 -56871.2
1 284 339 -73727.4
1 284 457 -8712.0
1 284 463 -31115.0
1 284 481 -5040.17
1 285 336 -4065.6
1 285 374 -1887.6
1 285 467 -123844.0
1 285 475 -375.65
1 286 330 -59716.9
1 286 425 -305392.0
1 286 475 -27865.6
1 286 477 -63239.8
1 287 329 -2036.65
1 287 388 -80798.7
1 287 426 -309321.0
1 287 477 -110388.0
1 288 372 -5808.0
1 288 419 -14229.6
1 288 423 -1120.32
1 288 426 -814.6060000000001
1 289 351 -19311.6
1 289 404 -210631.0
1 289 459 -247149.0
1 289 468 -21984.6
1 290 374 -102511.0
1 290 382 -50213.9
1 290 402 -2944.54
1 290 411 -8131.2
1 290 412 -30866.0
1 290 413 -29185.2
1 290 420 -590.58
1 290 477 -281448.0
1 291 350 -871.2
1 291 355 -36468.0
1 291 373 -3339.6
1 291 397 -324.82
1 291 419 -1501400.0
1 292 361 -16988.4
1 292 365 -29475.6
1 292 416 -435.6
1 292 469 -42772.8
1 294 435 -19166.4
1 294 447 -29120.0
1 294 458 -19629.1
1 295 391 -7114.8
1 296 388 -1372.14
1 296 398 -891.2
1 296 406 -34235.6
1 296 433 -12777.6
1 297 381 -15972.0
1 297 383 -2613.6
1 297 395 -123084.0
1 297 401 -83569.4
1 297 402 -13510.7
1 297 413 -2025450.0
1 297 415 -83054.4
1 297 442 -80157.6
1 298 389 -3484.8
1 299 354 -3630.0
1 299 355 -8421.6
1 299 387 -603.25
1 334 405 -24829.2
1 102 110 -814.6060000000001
1 102 113 -814.6060000000001
1 103 100 -814.6060000000001
1 103 104 -814.6060000000001
1 104 115 -814.6060000000001
1 105 115 -814.6060000000001
1 105 139 -814.6060000000001
1 108 117 -814.6060000000001
1 109 112 -814.6060000000001
1 111 155 -814.6060000000001
1 111 208 -814.6060000000001
1 112 181 -814.6060000000001
1 113 111 -814.6060000000001
1 113 159 -814.6060000000001
1 113 211 -814.6060000000001
1 114 173 -814.6060000000001
1 114 212 -1629.21
1 115 212 -1629.21
1 116 121 -814.6060000000001
1 116 150 -814.6060000000001
1 116 166 -814.6060000000001
1 117 119 -814.6060000000001
1 117 168 -814.6060000000001
1 117 210 -814.6060000000001
1 119 194 -814.6060000000001
1 119 202 -814.6060000000001
1 119 96 -814.6060000000001
1 120 155 -814.6060000000001
1 120 94 -814.6060000000001
1 121 187 -814.6060000000001
1 123 110 -814.6060000000001
1 123 111 -814.6060000000001
1 123 158 -814.6060000000001
1 123 168 -814.6060000000001
1 123 193 -814.6060000000001
1 123 202 -1629.21
1 125 150 -814.6060000000001
1 125 151 -814.6060000000001
1 125 193 -814.6060000000001
1 125 194 -814.6060000000001
1 126 121 -814.6060000000001
1 126 191 -814.6060000000001
1 126 195 -814.6060000000001
1 127 150 -814.6060000000001
1 127 160 -814.6060000000001
1 127 169 -814.6060000000001
1 127 195 -814.6060000000001
1 127 199 -1629.21
1 128 122 -814.6060000000001
1 128 148 -814.6060000000001
1 128 149 -814.6060000000001
1 128 152 -814.6060000000001
1 128 153 -814.6060000000001
1 128 154 -814.6060000000001
1 128 157 -814.6060000000001
1 128 199 -814.6060000000001
1 129 117 -814.6060000000001
1 129 119 -814.6060000000001
1 129 122 -814.6060000000001
1 129 146 -814.6060000000001
1 129 154 -1629.21
1 129 162 -814.6060000000001
1 129 176 -814.6060000000001
1 130 120 -814.6060000000001
1 130 154 -814.6060000000001
1 130 155 -814.6060000000001
1 130 156 -2443.82
1 130 194 -814.6060000000001
1 131 112 -814.6060000000001
1 131 121 -814.6060000000001
1 131 122 -814.6060000000001
1 131 150 -814.6060000000001
1 131 156 -814.6060000000001
1 131 157 -814.6060000000001
1 131 158 -814.6060000000001
1 131 161 -1629.21
1 131 198 -814.6060000000001
1 132 112 -814.6060000000001
1 132 155 -814.6060000000001
1 132 156 -814.6060000000001
1 132 160 -814.6060000000001
1 132 161 -1629.21
1 133 155 -814.6060000000001
1 133 159 -814.6060000000001
1 133 160 -1629.21
1 133 192 -1629.21
1 133 193 -814.6060000000001
1 134 148 -814.6060000000001
1 134 150 -814.6060000000001
1 134 151 -814.6060000000001
1 134 156 -814.6060000000001
1 134 191 -814.6060000000001
1 134 193 -3258.43
1 135 148 -4073.03
1 135 149 -1629.21
1 135 156 -814.6060000000001
1 135 157 -814.6060000000001
1 135 193 -2443.82
1 136 147 -814.6060000000001
1 136 148 -814.6060000000001
1 136 149 -814.6060000000001
1 136 150 -1629.21
1 136 153 -814.6060000000001
1 136 155 -814.6060000000001
1 137 148 -814.6060000000001
1 137 150 -814.6060000000001
1 137 153 -1629.21
1 137 154 -814.6060000000001
1 137 157 -2443.82
1 137 175 -814.6060000000001
1 137 206 -814.6060000000001
1 138 151 -814.6060000000001
1 138 152 -814.6060000000001
1 138 153 -2443.82
1 138 168 -814.6060000000001
1 138 169 -814.6060000000001
1 139 151 -814.6060000000001
1 140 138 -814.6060000000001
1 140 155 -3258.43
1 140 156 -814.6060000000001
1 140 171 -814.6060000000001
1 140 180 -814.6060000000001
1 141 149 -814.6060000000001
1 141 154 -1629.21
1 141 157 -814.6060000000001
1 141 171 -814.6060000000001
1 141 199 -1629.21
1 142 155 -814.6060000000001
1 142 156 -814.6060000000001
1 142 157 -814.6060000000001
1 142 158 -814.6060000000001
1 142 174 -814.6060000000001
1 142 179 -814.6060000000001
1 142 201 -814.6060000000001
1 143 146 -814.6060000000001
1 143 157 -2443.82
1 144 142 -1629.21
1 144 173 -814.6060000000001
1 145 142 -814.6060000000001
1 145 143 -814.6060000000001
1 145 151 -814.6060000000001
1 145 187 -814.6060000000001
1 145 226 -814.6060000000001
1 146 140 -814.6060000000001
1 146 141 -1629.21
1 146 145 -814.6060000000001
1 146 208 -814.6060000000001
1 146 229 -814.6060000000001
1 146 230 -814.6060000000001
1 146 232 -814.6060000000001
1 147 139 -2443.82
1 147 140 -814.6060000000001
1 147 141 -814.6060000000001
1 147 142 -814.6060000000001
1 147 229 -814.6060000000001
1 147 230 -814.6060000000001
1 147 233 -814.6060000000001
1 147 239 -814.6060000000001
1 147 240 -814.6060000000001
1 148 217 -814.6060000000001
1 148 221 -814.6060000000001
1 149 127 -814.6060000000001
1 149 147 -814.6060000000001
1 149 154 -814.6060000000001
1 149 222 -814.6060000000001
1 149 253 -814.6060000000001
1 150 160 -814.6060000000001
1 150 164 -814.6060000000001
1 150 177 -814.6060000000001
1 150 227 -814.6060000000001
1 150 236 -814.6060000000001
1 151 128 -814.6060000000001
1 151 228 -814.6060000000001
1 152 153 -814.6060000000001
1 152 173 -814.6060000000001
1 152 176 -814.6060000000001
1 152 222 -814.6060000000001
1 152 228 -814.6060000000001
1 153 126 -814.6060000000001
1 153 136 -814.6060000000001
1 153 155 -814.6060000000001
1 153 232 -814.6060000000001
1 153 238 -814.6060000000001
1 153 253 -814.6060000000001
1 154 126 -814.6060000000001
1 154 133 -814.6060000000001
1 154 161 -814.6060000000001
1 154 172 -814.6060000000001
1 154 220 -814.6060000000001
1 154 244 -814.6060000000001
1 155 170 -1629.21
1 155 216 -814.6060000000001
1 155 262 -814.6060000000001
1 156 160 -814.6060000000001
1 156 211 -814.6060000000001
1 156 223 -814.6060000000001
1 157 132 -814.6060000000001
1 157 133 -814.6060000000001
1 157 134 -2443.82
1 157 136 -814.6060000000001
1 157 194 -814.6060000000001
1 157 207 -814.6060000000001
1 157 240 -814.6060000000001
1 158 135 -814.6060000000001
1 158 248 -814.6060000000001
1 159 152 -814.6060000000001
1 159 231 -814.6060000000001
1 159 240 -814.6060000000001
1 159 247 -814.6060000000001
1 159 248 -814.6060000000001
1 159 250 -814.6060000000001
1 159 251 -814.6060000000001
1 159 257 -814.6060000000001
1 160 133 -814.6060000000001
1 160 249 -1629.21
1 160 251 -1629.21
1 160 252 -814.6060000000001
1 160 253 -814.6060000000001
1 160 262 -814.6060000000001
1 161 144 -1629.21
1 161 251 -814.6060000000001
1 161 253 -814.6060000000001
1 162 137 -1629.21
1 162 252 -1629.21
1 162 253 -814.6060000000001
1 163 152 -814.6060000000001
1 163 190 -814.6060000000001
1 163 236 -814.6060000000001
1 164 278 -814.6060000000001
1 164 290 -814.6060000000001
1 164 299 -814.6060000000001
1 165 133 -1629.21
1 165 134 -1629.21
1 165 135 -814.6060000000001
1 165 290 -814.6060000000001
1 166 131 -814.6060000000001
1 166 132 -814.6060000000001
1 166 133 -1629.21
1 166 134 -814.6060000000001
1 166 135 -814.6060000000001
1 166 210 -814.6060000000001
1 166 254 -814.6060000000001
1 166 255 -814.6060000000001
1 167 127 -814.6060000000001
1 167 132 -1629.21
1 167 133 -1629.21
1 167 134 -2443.82
1 167 256 -814.6060000000001
1 167 288 -814.6060000000001
1 167 294 -814.6060000000001
1 168 130 -814.6060000000001
1 168 131 -814.6060000000001
1 168 132 -3258.43
1 168 133 -3258.43
1 168 286 -814.6060000000001
1 168 287 -1629.21
1 168 291 -1629.21
1 169 128 -1629.21
1 169 129 -3258.43
1 169 131 -814.6060000000001
1 169 132 -4073.03
1 169 133 -2443.82
1 169 134 -7331.46
1 169 135 -814.6060000000001
1 169 236 -814.6060000000001
1 169 260 -814.6060000000001
1 169 271 -814.6060000000001
1 169 287 -814.6060000000001
1 169 290 -814.6060000000001
1 170 133 -2443.82
1 170 134 -9775.28
1 170 136 -814.6060000000001
1 170 187 -814.6060000000001
1 170 256 -814.6060000000001
1 170 287 -814.6060000000001
1 170 292 -814.6060000000001
1 171 133 -1629.21
1 171 134 -814.6060000000001
1 171 136 -4073.03
1 171 290 -814.6060000000001
1 172 257 -814.6060000000001
1 172 284 -814.6060000000001
1 172 295 -1629.21
1 172 311 -814.6060000000001
1 173 258 -814.6060000000001
1 173 278 -814.6060000000001
1 173 290 -814.6060000000001
1 173 292 -814.6060000000001
1 173 293 -1629.21
1 173 294 -814.6060000000001
1 174 124 -814.6060000000001
1 174 253 -814.6060000000001
1 174 261 -814.6060000000001
1 174 270 -814.6060000000001
1 174 283 -814.6060000000001
1 174 289 -814.6060000000001
1 174 293 -814.6060000000001
1 175 260 -814.6060000000001
1 175 288 -814.6060000000001
1 175 292 -1629.21
1 175 293 -814.6060000000001
1 175 296 -814.6060000000001
1 175 305 -814.6060000000001
1 176 274 -814.6060000000001
1 176 305 -814.6060000000001
1 177 289 -814.6060000000001
1 177 290 -814.6060000000001
1 178 243 -814.6060000000001
1 178 280 -814.6060000000001
1 178 285 -814.6060000000001
1 178 302 -814.6060000000001
1 178 305 -814.6060000000001
1 178 306 -814.6060000000001
1 178 311 -814.6060000000001
1 179 278 -814.6060000000001
1 179 285 -814.6060000000001
1 180 149 -814.6060000000001
1 180 286 -814.6060000000001
1 181 297 -814.6060000000001
1 181 307 -814.6060000000001
1 181 308 -814.6060000000001
1 183 242 -814.6060000000001
1 183 285 -814.6060000000001
1 183 295 -814.6060000000001
1 183 308 -814.6060000000001
1 183 309 -814.6060000000001
1 183 318 -814.6060000000001
1 184 263 -814.6060000000001
1 184 285 -814.6060000000001
1 184 313 -814.6060000000001
1 184 319 -814.6060000000001
1 185 257 -814.6060000000001
1 185 305 -814.6060000000001
1 185 306 -814.6060000000001
1 185 307 -814.6060000000001
1 185 315 -814.6060000000001
1 186 255 -814.6060000000001
1 186 265 -814.6060000000001
1 186 307 -1629.21
1 186 310 -814.6060000000001
1 188 262 -814.6060000000001
1 188 294 -814.6060000000001
1 188 295 -814.6060000000001
1 189 295 -814.6060000000001
1 189 309 -814.6060000000001
1 190 307 -814.6060000000001
1 190 308 -814.6060000000001
1 190 324 -814.6060000000001
1 191 292 -1629.21
1 191 304 -814.6060000000001
1 191 305 -814.6060000000001
1 192 258 -814.6060000000001
1 192 284 -814.6060000000001
1 192 304 -814.6060000000001
1 192 316 -814.6060000000001
1 192 319 -814.6060000000001
1 193 262 -814.6060000000001
1 193 301 -814.6060000000001
1 193 311 -814.6060000000001
1 193 313 -1629.21
1 194 284 -814.6060000000001
1 194 313 -814.6060000000001
1 195 269 -814.6060000000001
1 195 287 -814.6060000000001
1 195 289 -814.6060000000001
1 195 300 -814.6060000000001
1 195 311 -814.6060000000001
1 195 313 -814.6060000000001
1 196 269 -814.6060000000001
1 196 275 -814.6060000000001
1 196 303 -814.6060000000001
1 196 324 -814.6060000000001
1 196 333 -814.6060000000001
1 197 264 -814.6060000000001
1 197 283 -814.6060000000001
1 197 300 -814.6060000000001
1 197 322 -814.6060000000001
1 197 325 -814.6060000000001
1 198 242 -814.6060000000001
1 198 276 -1629.21
1 198 309 -814.6060000000001
1 198 311 -814.6060000000001
1 199 283 -814.6060000000001
1 199 311 -814.6060000000001
1 199 324 -814.6060000000001
1 200 280 -814.6060000000001
1 200 286 -814.6060000000001
1 200 296 -814.6060000000001
1 200 299 -814.6060000000001
1 200 306 -814.6060000000001
1 200 307 -814.6060000000001
1 200 312 -814.6060000000001
1 200 343 -814.6060000000001
1 200 345 -814.6060000000001
1 201 257 -814.6060000000001
1 202 280 -814.6060000000001
1 202 287 -814.6060000000001
1 202 297 -814.6060000000001
1 202 301 -814.6060000000001
1 202 302 -814.6060000000001
1 203 215 -814.6060000000001
1 203 304 -814.6060000000001
1 203 305 -814.6060000000001
1 203 309 -814.6060000000001
1 203 315 -814.6060000000001
1 205 263 -814.6060000000001
1 205 303 -814.6060000000001
1 205 304 -814.6060000000001
1 205 317 -814.6060000000001
1 205 318 -814.6060000000001
1 205 319 -814.6060000000001
1 206 264 -814.6060000000001
1 206 270 -814.6060000000001
1 206 301 -814.6060000000001
1 206 304 -814.6060000000001
1 206 315 -814.6060000000001
1 206 317 -1629.21
1 207 262 -814.6060000000001
1 207 300 -814.6060000000001
1 207 301 -1629.21
1 207 303 -814.6060000000001
1 207 304 -814.6060000000001
1 207 306 -1629.21
1 207 315 -814.6060000000001
1 207 317 -814.6060000000001
1 208 298 -1629.21
1 208 299 -1629.21
1 208 306 -814.6060000000001
1 208 317 -814.6060000000001
1 208 328 -814.6060000000001
1 209 284 -814.6060000000001
1 209 297 -814.6060000000001
1 209 302 -814.6060000000001
1 210 284 -814.6060000000001
1 210 301 -814.6060000000001
1 210 302 -814.6060000000001
1 210 342 -814.6060000000001
1 211 301 -814.6060000000001
1 211 321 -814.6060000000001
1 212 295 -814.6060000000001
1 212 347 -814.6060000000001
1 213 226 -814.6060000000001
1 213 287 -814.6060000000001
1 213 303 -814.6060000000001
1 213 329 -814.6060000000001
1 214 319 -814.6060000000001
1 215 289 -814.6060000000001
1 215 311 -814.6060000000001
1 215 353 -814.6060000000001
1 216 323 -814.6060000000001
1 216 341 -814.6060000000001
1 217 244 -814.6060000000001
1 217 249 -814.6060000000001
1 217 351 -814.6060000000001
1 218 209 -814.6060000000001
1 218 243 -814.6060000000001
1 218 292 -814.6060000000001
1 218 345 -1629.21
1 221 240 -814.6060000000001
1 221 611 -814.6060000000001
1 222 254 -814.6060000000001
1 222 362 -814.6060000000001
1 224 338 -814.6060000000001
1 224 359 -814.6060000000001
1 225 323 -814.6060000000001
1 225 329 -814.6060000000001
1 225 332 -814.6060000000001
1 225 368 -814.6060000000001
1 225 373 -814.6060000000001
1 225 378 -814.6060000000001
1 225 382 -1629.21
1 226 323 -814.6060000000001
1 226 388 -1629.21
1 226 618 -814.6060000000001
1 227 315 -814.6060000000001
1 228 606 -814.6060000000001
1 229 385 -1629.21
1 229 392 -814.6060000000001
1 229 393 -814.6060000000001
1 229 397 -3258.43
1 229 618 -4073.03
1 230 338 -814.6060000000001
1 230 373 -1629.21
1 230 384 -814.6060000000001
1 230 392 -1629.21
1 230 393 -3258.43
1 230 396 -814.6060000000001
1 230 605 -814.6060000000001
1 231 343 -814.6060000000001
1 231 383 -814.6060000000001
1 231 392 -4073.03
1 231 393 -8960.67
1 231 398 -814.6060000000001
1 231 603 -814.6060000000001
1 231 607 -1629.21
1 232 259 -814.6060000000001
1 232 300 -814.6060000000001
1 232 384 -814.6060000000001
1 232 389 -814.6060000000001
1 232 393 -4887.64
1 232 394 -3258.43
1 232 405 -814.6060000000001
1 232 604 -1629.21
1 232 606 -1629.21
1 232 607 -2443.82
1 232 608 -814.6060000000001
1 233 373 -814.6060000000001
1 233 393 -814.6060000000001
1 233 403 -814.6060000000001
1 233 406 -3258.43
1 233 601 -1629.21
1 233 602 -814.6060000000001
1 234 374 -814.6060000000001
1 234 388 -814.6060000000001
1 234 389 -814.6060000000001
1 234 406 -2443.82
1 234 407 -1629.21
1 234 601 -814.6060000000001
1 234 602 -1629.21
1 234 603 -2443.82
1 234 604 -814.6060000000001
1 234 605 -1629.21
1 234 606 -814.6060000000001
1 234 609 -814.6060000000001
1 234 620 -814.6060000000001
1 234 621 -814.6060000000001
1 235 342 -814.6060000000001
1 235 368 -814.6060000000001
1 235 389 -814.6060000000001
1 235 392 -814.6060000000001
1 235 404 -814.6060000000001
1 235 406 -814.6060000000001
1 235 599 -814.6060000000001
1 235 600 -1629.21
1 235 602 -2443.82
1 235 603 -814.6060000000001
1 235 606 -814.6060000000001
1 235 608 -814.6060000000001
1 236 256 -814.6060000000001
1 236 359 -814.6060000000001
1 236 377 -1629.21
1 236 378 -814.6060000000001
1 236 389 -1629.21
1 236 600 -814.6060000000001
1 236 601 -814.6060000000001
1 236 602 -1629.21
1 236 605 -814.6060000000001
1 236 606 -814.6060000000001
1 236 607 -814.6060000000001
1 236 620 -814.6060000000001
1 237 330 -814.6060000000001
1 237 377 -814.6060000000001
1 237 384 -814.6060000000001
1 237 388 -814.6060000000001
1 237 605 -1629.21
1 237 606 -2443.82
1 237 607 -1629.21
1 237 608 -4073.03
1 237 609 -2443.82
1 237 620 -814.6060000000001
1 238 346 -814.6060000000001
1 238 391 -814.6060000000001
1 238 410 -814.6060000000001
1 238 602 -814.6060000000001
1 238 603 -814.6060000000001
1 238 606 -4073.03
1 238 607 -4887.64
1 238 608 -3258.43
1 238 610 -814.6060000000001
1 239 297 -814.6060000000001
1 239 323 -814.6060000000001
1 239 404 -814.6060000000001
1 239 601 -814.6060000000001
1 239 603 -814.6060000000001
1 239 607 -1629.21
1 239 608 -3258.43
1 239 609 -2443.82
1 239 610 -1629.21
1 239 615 -1629.21
1 240 267 -814.6060000000001
1 240 319 -814.6060000000001
1 240 327 -814.6060000000001
1 240 352 -814.6060000000001
1 240 374 -1629.21
1 240 392 -1629.21
1 240 396 -814.6060000000001
1 240 406 -814.6060000000001
1 240 603 -814.6060000000001
1 240 605 -2443.82
1 240 606 -3258.43
1 240 607 -1629.21
1 240 620 -1629.21
1 240 621 -814.6060000000001
1 241 339 -814.6060000000001
1 241 352 -814.6060000000001
1 241 370 -1629.21
1 241 375 -814.6060000000001
1 241 409 -814.6060000000001
1 241 577 -814.6060000000001
1 241 603 -1629.21
1 241 605 -2443.82
1 241 606 -1629.21
1 241 607 -1629.21
1 241 608 -1629.21
1 241 609 -4073.03
1 241 610 -814.6060000000001
1 241 611 -814.6060000000001
1 241 620 -814.6060000000001
1 241 621 -814.6060000000001
1 242 314 -814.6060000000001
1 242 318 -814.6060000000001
1 242 336 -814.6060000000001
1 242 338 -814.6060000000001
1 242 339 -814.6060000000001
1 242 373 -2443.82
1 242 374 -4887.64
1 242 406 -1629.21
1 242 603 -1629.21
1 242 604 -5702.25
1 242 605 -7331.46
1 242 606 -2443.82
1 242 607 -4073.03
1 242 608 -4073.03
1 242 609 -2443.82
1 242 610 -2443.82
1 242 616 -814.6060000000001
1 242 622 -814.6060000000001
1 242 623 -2443.82
1 243 366 -814.6060000000001
1 243 369 -814.6060000000001
1 243 372 -1629.21
1 243 373 -6516.85
1 243 374 -2443.82
1 243 386 -814.6060000000001
1 243 391 -814.6060000000001
1 243 405 -814.6060000000001
1 243 406 -814.6060000000001
1 243 407 -1629.21
1 243 409 -814.6060000000001
1 243 577 -814.6060000000001
1 243 606 -5702.25
1 243 607 -4073.03
1 243 608 -1629.21
1 243 609 -4887.64
1 243 620 -814.6060000000001
1 243 622 -1629.21
1 243 623 -6516.85
1 244 371 -814.6060000000001
1 244 372 -1629.21
1 244 373 -2443.82
1 244 415 -814.6060000000001
1 244 598 -814.6060000000001
1 244 606 -3258.43
1 244 607 -814.6060000000001
1 244 611 -814.6060000000001
1 244 616 -814.6060000000001
1 244 622 -814.6060000000001
1 244 623 -3258.43
1 244 624 -814.6060000000001
1 245 312 -814.6060000000001
1 245 315 -814.6060000000001
1 245 326 -814.6060000000001
1 245 335 -814.6060000000001
1 245 338 -814.6060000000001
1 245 356 -1629.21
1 245 371 -814.6060000000001
1 245 413 -814.6060000000001
1 245 586 -814.6060000000001
1 245 604 -814.6060000000001
1 245 605 -2443.82
1 245 606 -4073.03
1 245 607 -3258.43
1 245 609 -4073.03
1 245 610 -1629.21
1 245 612 -1629.21
1 245 616 -1629.21
1 245 619 -814.6060000000001
1 245 620 -1629.21
1 245 622 -814.6060000000001
1 246 214 -814.6060000000001
1 246 342 -814.6060000000001
1 246 356 -814.6060000000001
1 246 357 -814.6060000000001
1 246 374 -814.6060000000001
1 246 413 -814.6060000000001
1 246 590 -814.6060000000001
1 246 599 -814.6060000000001
1 246 600 -4887.64
1 246 605 -3258.43
1 246 606 -5702.25
1 246 607 -3258.43
1 246 610 -814.6060000000001
1 246 612 -1629.21
1 246 614 -814.6060000000001
1 246 615 -814.6060000000001
1 246 623 -814.6060000000001
1 247 314 -814.6060000000001
1 247 331 -814.6060000000001
1 247 367 -1629.21
1 247 368 -4073.03
1 247 387 -1629.21
1 247 413 -814.6060000000001
1 247 578 -814.6060000000001
1 247 597 -814.6060000000001
1 247 598 -5702.25
1 247 599 -4887.64
1 247 600 -8146.06
1 247 601 -8146.06
1 247 605 -1629.21
1 247 609 -1629.21
1 247 610 -1629.21
1 247 611 -3258.43
1 247 612 -3258.43
1 247 613 -1629.21
1 247 618 -1629.21
1 247 619 -814.6060000000001
1 247 623 -814.6060000000001
1 248 307 -814.6060000000001
1 248 367 -814.6060000000001
1 248 368 -3258.43
1 248 371 -1629.21
1 248 372 -4073.03
1 248 387 -1629.21
1 248 388 -4887.64
1 248 413 -814.6060000000001
1 248 416 -814.6060000000001
1 248 529 -814.6060000000001
1 248 567 -814.6060000000001
1 248 596 -5702.25
1 248 597 -4073.03
1 248 598 -8146.06
1 248 599 -4887.64
1 248 600 -3258.43
1 248 601 -4887.64
1 248 602 -2443.82
1 248 605 -814.6060000000001
1 248 608 -814.6060000000001
1 248 609 -1629.21
1 248 610 -2443.82
1 248 611 -4887.64
1 248 612 -4887.64
1 248 613 -5702.25
1 248 618 -814.6060000000001
1 248 619 -814.6060000000001
1 248 620 -814.6060000000001
1 248 623 -1629.21
1 249 333 -814.6060000000001
1 249 334 -814.6060000000001
1 249 365 -1629.21
1 249 366 -2443.82
1 249 367 -814.6060000000001
1 249 368 -2443.82
1 249 371 -814.6060000000001
1 249 387 -814.6060000000001
1 249 388 -814.6060000000001
1 249 400 -814.6060000000001
1 249 412 -814.6060000000001
1 249 567 -814.6060000000001
1 249 593 -1629.21
1 249 595 -4887.64
1 249 596 -5702.25
1 249 597 -8960.67
1 249 603 -2443.82
1 249 604 -6516.85
1 249 605 -4073.03
1 249 607 -3258.43
1 249 609 -814.6060000000001
1 249 610 -1629.21
1 249 611 -4073.03
1 249 612 -7331.46
1 249 613 -1629.21
1 249 618 -814.6060000000001
1 249 623 -814.6060000000001
1 250 331 -814.6060000000001
1 250 355 -814.6060000000001
1 250 365 -1629.21
1 250 366 -4073.03
1 250 367 -2443.82
1 250 368 -814.6060000000001
1 250 369 -1629.21
1 250 370 -1629.21
1 250 371 -4887.64
1 250 382 -814.6060000000001
1 250 406 -814.6060000000001
1 250 413 -814.6060000000001
1 250 414 -814.6060000000001
1 250 423 -814.6060000000001
1 250 436 -814.6060000000001
1 250 568 -814.6060000000001
1 250 579 -814.6060000000001
1 250 591 -814.6060000000001
1 250 594 -814.6060000000001
1 250 596 -6516.85
1 250 597 -1629.21
1 250 602 -814.6060000000001
1 250 603 -5702.25
1 250 604 -4887.64
1 250 605 -3258.43
1 250 607 -814.6060000000001
1 250 608 -2443.82
1 250 609 -814.6060000000001
1 250 610 -814.6060000000001
1 250 613 -814.6060000000001
1 251 276 -814.6060000000001
1 251 322 -814.6060000000001
1 251 365 -2443.82
1 251 366 -7331.46
1 251 367 -1629.21
1 251 368 -1629.21
1 251 371 -814.6060000000001
1 251 379 -814.6060000000001
1 251 407 -814.6060000000001
1 251 414 -814.6060000000001
1 251 424 -814.6060000000001
1 251 598 -814.6060000000001
1 251 604 -814.6060000000001
1 251 605 -814.6060000000001
1 251 607 -814.6060000000001
1 251 610 -814.6060000000001
1 252 236 -814.6060000000001
1 252 365 -2443.82
1 252 366 -5702.25
1 252 367 -5702.25
1 252 368 -1629.21
1 252 376 -814.6060000000001
1 252 412 -814.6060000000001
1 252 416 -814.6060000000001
1 252 428 -814.6060000000001
1 252 506 -814.6060000000001
1 252 507 -814.6060000000001
1 252 528 -814.6060000000001
1 252 534 -814.6060000000001
1 252 544 -814.6060000000001
1 252 576 -814.6060000000001
1 252 591 -1629.21
1 252 596 -1629.21
1 252 597 -1629.21
1 252 598 -814.6060000000001
1 252 599 -1629.21
1 252 608 -1629.21
1 252 609 -814.6060000000001
1 252 611 -814.6060000000001
1 252 620 -814.6060000000001
1 253 259 -814.6060000000001
1 253 342 -814.6060000000001
1 253 363 -814.6060000000001
1 253 365 -1629.21
1 253 366 -4887.64
1 253 367 -3258.43
1 253 370 -814.6060000000001
1 253 375 -1629.21
1 253 404 -814.6060000000001
1 253 433 -1629.21
1 253 506 -814.6060000000001
1 253 543 -814.6060000000001
1 253 546 -814.6060000000001
1 253 547 -814.6060000000001
1 253 566 -814.6060000000001
1 253 586 -1629.21
1 253 596 -814.6060000000001
1 253 597 -3258.43
1 253 601 -814.6060000000001
1 253 604 -814.6060000000001
1 253 605 -814.6060000000001
1 253 614 -2443.82
1 254 366 -1629.21
1 254 478 -814.6060000000001
1 254 581 -814.6060000000001
1 254 584 -814.6060000000001
1 254 585 -4887.64
1 254 586 -4073.03
1 254 587 -2443.82
1 254 588 -2443.82
1 254 589 -3258.43
1 254 598 -814.6060000000001
1 254 599 -814.6060000000001
1 254 601 -1629.21
1 254 604 -1629.21
1 254 605 -814.6060000000001
1 254 606 -814.6060000000001
1 254 611 -814.6060000000001
1 255 341 -814.6060000000001
1 255 346 -814.6060000000001
1 255 371 -814.6060000000001
1 255 402 -814.6060000000001
1 255 442 -814.6060000000001
1 255 445 -814.6060000000001
1 255 461 -814.6060000000001
1 255 479 -814.6060000000001
1 255 512 -814.6060000000001
1 255 513 -814.6060000000001
1 255 526 -814.6060000000001
1 255 547 -814.6060000000001
1 255 548 -814.6060000000001
1 255 565 -814.6060000000001
1 255 583 -2443.82
1 255 584 -3258.43
1 255 585 -3258.43
1 255 586 -3258.43
1 255 587 -1629.21
1 255 588 -814.6060000000001
1 255 591 -814.6060000000001
1 255 594 -814.6060000000001
1 255 597 -814.6060000000001
1 255 600 -1629.21
1 255 607 -814.6060000000001
1 256 346 -814.6060000000001
1 256 350 -814.6060000000001
1 256 367 -814.6060000000001
1 256 373 -814.6060000000001
1 256 374 -814.6060000000001
1 256 491 -814.6060000000001
1 256 526 -814.6060000000001
1 256 531 -2443.82
1 256 532 -814.6060000000001
1 256 547 -814.6060000000001
1 256 548 -1629.21
1 256 549 -814.6060000000001
1 256 575 -814.6060000000001
1 256 578 -1629.21
1 256 580 -814.6060000000001
1 256 584 -2443.82
1 256 585 -1629.21
1 256 592 -1629.21
1 256 594 -5702.25
1 256 595 -3258.43
1 256 607 -3258.43
1 256 608 -1629.21
1 256 609 -814.6060000000001
1 257 330 -814.6060000000001
1 257 461 -814.6060000000001
1 257 497 -814.6060000000001
1 257 503 -814.6060000000001
1 257 506 -814.6060000000001
1 257 512 -814.6060000000001
1 257 527 -2443.82
1 257 529 -814.6060000000001
1 257 532 -814.6060000000001
1 257 549 -814.6060000000001
1 257 574 -814.6060000000001
1 257 575 -2443.82
1 257 584 -2443.82
1 257 585 -2443.82
1 257 593 -1629.21
1 257 594 -6516.85
1 257 595 -3258.43
1 257 597 -1629.21
1 257 606 -5702.25
1 257 607 -814.6060000000001
1 258 307 -814.6060000000001
1 258 330 -814.6060000000001
1 258 366 -814.6060000000001
1 258 485 -1629.21
1 258 489 -1629.21
1 258 491 -814.6060000000001
1 258 493 -814.6060000000001
1 258 494 -814.6060000000001
1 258 496 -814.6060000000001
1 258 497 -814.6060000000001
1 258 498 -2443.82
1 258 499 -1629.21
1 258 502 -814.6060000000001
1 258 503 -814.6060000000001
1 258 529 -1629.21
1 258 531 -814.6060000000001
1 258 532 -814.6060000000001
1 258 533 -1629.21
1 258 535 -814.6060000000001
1 258 546 -814.6060000000001
1 258 550 -814.6060000000001
1 258 556 -1629.21
1 258 564 -814.6060000000001
1 258 576 -814.6060000000001
1 258 583 -814.6060000000001
1 258 584 -2443.82
1 258 586 -2443.82
1 258 594 -2443.82
1 258 606 -4073.03
1 258 607 -814.6060000000001
1 259 346 -814.6060000000001
1 259 369 -1629.21
1 259 402 -814.6060000000001
1 259 444 -814.6060000000001
1 259 456 -814.6060000000001
1 259 485 -814.6060000000001
1 259 486 -814.6060000000001
1 259 488 -814.6060000000001
1 259 489 -814.6060000000001
1 259 490 -1629.21
1 259 509 -1629.21
1 259 510 -814.6060000000001
1 259 522 -814.6060000000001
1 259 528 -814.6060000000001
1 259 529 -814.6060000000001
1 259 531 -814.6060000000001
1 259 532 -814.6060000000001
1 259 545 -814.6060000000001
1 259 549 -814.6060000000001
1 259 554 -1629.21
1 259 555 -1629.21
1 259 556 -2443.82
1 259 557 -2443.82
1 259 575 -3258.43
1 259 576 -814.6060000000001
1 259 579 -814.6060000000001
1 259 584 -814.6060000000001
1 259 585 -3258.43
1 259 586 -1629.21
1 260 369 -1629.21
1 260 404 -1629.21
1 260 443 -814.6060000000001
1 260 454 -814.6060000000001
1 260 485 -814.6060000000001
1 260 486 -1629.21
1 260 487 -814.6060000000001
1 260 492 -814.6060000000001
1 260 499 -814.6060000000001
1 260 502 -1629.21
1 260 517 -814.6060000000001
1 260 527 -814.6060000000001
1 260 545 -2443.82
1 260 548 -814.6060000000001
1 260 554 -814.6060000000001
1 260 556 -814.6060000000001
1 260 567 -814.6060000000001
1 260 576 -814.6060000000001
1 260 577 -814.6060000000001
1 261 397 -814.6060000000001
1 261 404 -814.6060000000001
1 261 444 -814.6060000000001
1 261 483 -814.6060000000001
1 261 487 -814.6060000000001
1 261 501 -814.6060000000001
1 261 502 -814.6060000000001
1 261 545 -814.6060000000001
1 261 551 -814.6060000000001
1 261 552 -814.6060000000001
1 261 565 -814.6060000000001
1 262 254 -814.6060000000001
1 262 353 -1629.21
1 262 369 -814.6060000000001
1 262 425 -814.6060000000001
1 262 443 -814.6060000000001
1 262 458 -814.6060000000001
1 262 483 -1629.21
1 262 493 -814.6060000000001
1 262 501 -814.6060000000001
1 262 502 -814.6060000000001
1 262 523 -814.6060000000001
1 262 524 -814.6060000000001
1 262 535 -814.6060000000001
1 262 536 -814.6060000000001
1 262 537 -814.6060000000001
1 262 542 -814.6060000000001
1 262 546 -814.6060000000001
1 262 584 -814.6060000000001
1 262 587 -814.6060000000001
1 263 355 -814.6060000000001
1 263 415 -814.6060000000001
1 263 484 -814.6060000000001
1 263 493 -814.6060000000001
1 263 509 -814.6060000000001
1 263 522 -814.6060000000001
1 263 523 -1629.21
1 263 524 -1629.21
1 263 541 -1629.21
1 263 542 -814.6060000000001
1 263 543 -814.6060000000001
1 263 546 -1629.21
1 263 576 -814.6060000000001
1 263 579 -814.6060000000001
1 263 581 -3258.43
1 264 369 -814.6060000000001
1 264 379 -814.6060000000001
1 264 481 -814.6060000000001
1 264 482 -814.6060000000001
1 264 493 -814.6060000000001
1 264 503 -814.6060000000001
1 264 504 -814.6060000000001
1 264 516 -814.6060000000001
1 264 521 -2443.82
1 264 527 -814.6060000000001
1 264 543 -3258.43
1 264 568 -814.6060000000001
1 264 575 -814.6060000000001
1 264 576 -1629.21
1 265 336 -814.6060000000001
1 265 367 -1629.21
1 265 457 -814.6060000000001
1 265 459 -814.6060000000001
1 265 511 -814.6060000000001
1 265 516 -814.6060000000001
1 265 520 -814.6060000000001
1 265 524 -814.6060000000001
1 265 568 -1629.21
1 266 314 -814.6060000000001
1 266 413 -814.6060000000001
1 266 456 -814.6060000000001
1 266 478 -814.6060000000001
1 266 481 -814.6060000000001
1 266 483 -814.6060000000001
1 266 484 -814.6060000000001
1 266 485 -814.6060000000001
1 266 492 -814.6060000000001
1 266 498 -814.6060000000001
1 266 505 -814.6060000000001
1 266 518 -814.6060000000001
1 266 523 -814.6060000000001
1 266 543 -814.6060000000001
1 266 545 -814.6060000000001
1 266 549 -814.6060000000001
1 266 555 -814.6060000000001
1 267 337 -814.6060000000001
1 267 365 -814.6060000000001
1 267 381 -814.6060000000001
1 267 459 -814.6060000000001
1 267 460 -1629.21
1 267 505 -814.6060000000001
1 267 507 -814.6060000000001
1 267 543 -814.6060000000001
1 267 544 -1629.21
1 267 549 -814.6060000000001
1 267 553 -2443.82
1 267 562 -814.6060000000001
1 268 507 -1629.21
1 268 540 -814.6060000000001
1 268 541 -814.6060000000001
1 268 542 -1629.21
1 268 543 -3258.43
1 268 544 -1629.21
1 268 549 -814.6060000000001
1 268 551 -814.6060000000001
1 268 552 -814.6060000000001
1 268 553 -814.6060000000001
1 269 362 -814.6060000000001
1 269 505 -1629.21
1 269 507 -814.6060000000001
1 269 528 -814.6060000000001
1 269 543 -814.6060000000001
1 269 547 -1629.21
1 270 474 -814.6060000000001
1 270 475 -1629.21
1 270 479 -814.6060000000001
1 270 491 -814.6060000000001
1 270 504 -814.6060000000001
1 270 507 -814.6060000000001
1 270 526 -814.6060000000001
1 271 375 -814.6060000000001
1 271 388 -814.6060000000001
1 271 479 -814.6060000000001
1 271 481 -814.6060000000001
1 271 487 -814.6060000000001
1 271 491 -814.6060000000001
1 271 526 -814.6060000000001
1 272 469 -814.6060000000001
1 272 493 -814.6060000000001
1 272 495 -1629.21
1 272 496 -814.6060000000001
1 272 502 -814.6060000000001
1 272 526 -2443.82
1 273 441 -814.6060000000001
1 273 462 -814.6060000000001
1 273 526 -814.6060000000001
1 275 463 -814.6060000000001
1 275 480 -814.6060000000001
1 275 502 -814.6060000000001
1 275 504 -814.6060000000001
1 276 502 -814.6060000000001
1 277 393 -814.6060000000001
1 279 459 -814.6060000000001
1 280 563 -814.6060000000001
1 282 434 -814.6060000000001
1 282 435 -814.6060000000001
1 283 461 -814.6060000000001
1 283 482 -814.6060000000001
1 283 483 -814.6060000000001
1 285 437 -814.6060000000001
1 285 482 -814.6060000000001
1 285 483 -814.6060000000001
1 286 377 -814.6060000000001
1 286 464 -814.6060000000001
1 288 469 -814.6060000000001
1 289 362 -814.6060000000001
1 289 443 -814.6060000000001
1 292 358 -814.6060000000001
1 293 390 -2443.82
1 293 391 -814.6060000000001
1 296 390 -814.6060000000001
1 301 359 -814.6060000000001
1 301 378 -814.6060000000001
1 85 106 -814.6060000000001
1 92 112 -1629.21
1 93 117 -814.6060000000001
1 97 89 -814.6060000000001
1 98 101 -814.6060000000001
1 99 126 -814.6060000000001
1 99 136 -814.6060000000001
1 147 119 -13358.4
1 148 187 -50239.2
1 150 114 -50820.0
1 153 113 -37897.2
1 156 158 -25700.4
1 157 160 -32379.6
1 167 186 -62871.6
1 168 169 -216348.0
1 197 280 -41091.6
1 199 225 -39784.8
1 210 300 -6534.0
1 211 298 -33105.6
1 234 285 -71293.2
1 244 234 -46028.4
1 267 479 -3484.8
1 271 361 -10350.4
1 272 454 -41.7
1 285 433 -4646.4
1 291 453 -146884.0
1 299 360 -28749.6
1 131 118 -5372.4
1 132 183 -44866.8
1 137 123 -59096.4
1 140 173 -50820.0
1 141 124 -24538.8
1 142 121 -31653.6
1 152 130 -29040.0
1 155 192 -44721.6
1 157 117 -14520.0
1 157 190 -290.4
1 158 205 -54740.4
1 164 258 -53288.4
1 169 164 -38478.0
1 172 162 -37752.0
1 172 163 -51110.4
1 172 164 -4065.6
1 173 196 -726.0
1 175 213 -23958.0
1 195 280 -61855.2
1 202 295 -64323.6
1 203 296 -124727.0
1 214 174 -254100.0
1 226 358 -6716.85
1 247 335 -62000.4
1 256 333 -12487.2
1 262 350 -4791.6
1 265 349 -49222.8
1 267 346 -27733.2
1 269 347 -7114.8
1 271 470 -580.8
1 274 431 -2269670.0
1 280 367 -23086.8
1 285 357 -14665.2
1 289 374 -22651.2
1 292 370 -51981.6
1 293 370 -57063.6
1 293 378 -33541.2
1 299 335 -209088.0
1 143 152 -43560.0
1 143 154 -31218.0
1 144 130 -13648.8
1 148 113 -141860.0
1 149 118 -69550.8
1 151 143 -61855.2
1 152 177 -33105.6
1 152 183 -42108.0
1 153 185 -26716.8
1 153 212 -21489.6
1 154 128 -2323.2
1 155 180 -36009.6
1 155 187 -40801.2
1 162 171 -132858.0
1 164 159 -209524.0
1 167 163 -57354.0
1 174 182 -52126.8
1 175 178 -4501.2
1 176 128 -58080.0
1 188 287 -9292.8
1 189 206 -94960.8
1 201 279 -71583.6
1 221 294 -59096.4
1 221 361 -3630.0
1 222 252 -31944.0
1 222 266 -33250.8
1 224 273 -62871.6
1 225 248 -59096.4
1 226 361 -49222.8
1 234 319 -94089.6
1 235 317 -138230.0
1 237 292 -33438.3
1 245 243 -66937.2
1 248 238 -30056.4
1 248 331 -24684.0
1 259 347 -20763.6
1 266 345 -39204.0
1 271 268 -133148.0
1 274 278 -22651.2
1 280 443 -435.6
1 289 355 -9583.2
1 295 392 -8421.6
1 296 391 -15972.0
1 296 393 -36300.0
1 297 378 -17859.6
1 140 166 -85087.2
1 141 116 -86829.6
1 141 165 -27733.2
1 142 185 -40075.2
1 143 114 -74197.2
1 143 184 -52417.2
1 144 151 -46464.0
1 144 186 -16407.6
1 145 114 -93363.6
1 146 150 -60112.8
1 146 180 -68534.4
1 147 148 -44576.4
1 147 171 -14520.0
1 149 124 -1016.4
1 149 181 -77391.6
1 149 202 -20473.2
1 150 172 -21780.0
1 150 183 -75649.2
1 150 186 -68824.8
1 151 178 -40801.2
1 151 181 -35574.0
1 151 189 -40220.4
1 151 211 -29040.0
1 152 180 -65194.8
1 153 188 -66792.0
1 154 113 -7405.2
1 158 173 -145.2
1 164 124 -3630.0
1 165 167 -15972.0
1 168 164 -68970.0
1 168 166 -70422.0
1 171 125 -726.0
1 176 222 -24829.2
1 184 210 -60984.0
1 188 207 -76810.8
1 189 288 -9147.6
1 193 280 -84216.0
1 206 280 -20908.8
1 209 273 -126905.0
1 209 281 -31882.8
1 210 249 -38332.8
1 211 263 -51110.4
1 211 296 -27297.6
1 213 270 -139682.0
1 219 272 -19747.2
1 221 317 -56773.2
1 224 287 -40510.8
1 227 245 -10454.4
1 227 344 -30492.0
1 228 354 -37171.2
1 230 352 -111078.0
1 231 270 -37026.0
1 231 347 -14229.6
1 235 295 -44286.0
1 236 320 -79860.0
1 236 342 -29911.2
1 236 344 -40075.2
1 240 330 -34557.6
1 240 337 -29040.0
1 240 357 -17133.6
1 244 333 -5218.49
1 246 332 -30492.0
1 246 337 -14810.4
1 251 334 -46173.6
1 258 343 -35574.0
1 258 345 -15681.6
1 260 345 -28749.6
1 261 340 -12051.6
1 261 351 -13213.2
1 262 286 -7695.6
1 262 361 -10454.4
1 263 344 -18876.0
1 263 350 -33976.8
1 265 517 -726.0
1 267 321 -25119.6
1 269 365 -1306.8
1 270 267 -53724.0
1 271 267 -25845.6
1 271 355 -17133.6
1 275 399 -4186.12
1 277 371 -3194.4
1 278 502 -10309.2
1 281 331 -4791.6
1 284 333 -9002.4
1 289 371 -21780.0
1 290 371 -16988.4
1 291 365 -12487.2
1 296 358 -32234.4
1 297 356 -14374.8
1 297 391 -30056.4
1 125 93 -4936.8
1 131 125 -100333.0
1 134 123 -38623.2
1 134 125 -7695.6
1 135 126 -37171.2
1 138 125 -45157.2
1 142 117 -186727.0
1 142 169 -21780.0
1 146 146 -40801.2
1 152 213 -13939.2
1 156 214 -22796.4
1 161 185 -105996.0
1 163 186 -61274.4
1 166 203 -18150.0
1 168 216 -180338.0
1 183 232 -129518.0
1 192 232 -71002.8
1 193 235 -81457.2
1 198 301 -871.2
1 201 310 -435.6
1 211 195 -1887.6
1 215 261 -31218.0
1 221 339 -50965.2
1 222 324 -871.2
1 223 263 -22796.4
1 226 354 -32524.8
1 230 358 -29040.0
1 232 274 -17569.2
1 232 347 -26716.8
1 233 341 -23812.8
1 242 618 -871.2
1 248 344 -53869.2
1 263 345 -85232.4
1 263 570 -145.2
1 264 348 -6388.8
1 286 302 -7986.0
1 292 360 -9728.4
1 293 357 -29040.0
1 295 362 -7695.6
1 297 439 -448273.0
1 134 124 -119935.0
1 134 126 -55611.6
1 137 128 -57644.4
1 148 119 -89298.0
1 150 118 -38332.8
1 150 121 -42543.6
1 150 127 -7986.0
1 152 118 -37606.8
1 153 122 -107303.0
1 153 123 -43414.8
1 155 125 -61419.6
1 156 124 -75794.4
1 181 126 -91185.6
1 185 168 -176273.0
1 189 126 -41527.2
1 224 257 -12632.4
1 260 337 -2468.4
1 276 359 -7260.0
1 137 168 -28459.2
1 149 213 -69696.0
1 189 195 -105706.0
1 190 250 -4646.4
1 192 197 -130390.0
1 202 228 -6969.6
1 210 253 -65194.8
1 217 236 -20908.8
1 245 324 -726.0
1 270 480 -290.4
1 144 124 -2032.8
1 186 159 -580.8
1 188 160 -4791.6
1 143 166 -6969.6
1 145 131 -2323.2
1 153 116 -29330.4
1 158 114 -21489.6
1 160 170 -11470.8
1 187 160 -15826.8
1 187 263 -145.2
1 188 197 -145.2
1 188 204 -32379.6
1 203 340 -1364.88
1 206 169 -2758.8
1 208 226 -44140.8
1 211 266 -32158.3
1 213 276 -36749.6
1 214 274 -64209.3
1 220 278 -67518.0
1 223 372 -11616.0
1 232 398 -4210.8
1 233 375 -1597.2
1 239 385 -1774.08
1 239 406 -150.18
1 241 238 -13648.8
1 244 244 -1452.0
1 245 408 -9873.6
1 246 320 -1306.8
1 248 454 -145.2
1 259 351 -3983.22
1 262 585 -13503.6
1 265 360 -11748.2
1 266 560 -2031.53
1 267 407 -290.4
1 269 360 -8239.19
1 273 367 -17424.0
1 274 327 -6824.4
1 274 432 -13503.6
1 275 465 -304.92
1 290 322 -24829.2
1 290 398 -315.06
1 292 458 -545642.0
1 294 354 -3548.53
1 295 337 -43560.0
1 297 377 -9873.6
1 147 116 -52562.4
1 147 183 -4791.6
1 156 122 -35719.2
1 157 186 -2468.4
1 205 310 -290.4
1 268 484 -145.2
1 173 183 -50965.2
1 257 342 -8857.2
1 201 251 -58660.8
1 201 301 -2613.6
1 251 286 -2032.8
1 265 488 -1161.6
1 294 356 -290.4
1 144 132 -145.2
1 267 385 -14084.4
1 260 388 -145.2
1 135 160 -2178.0
1 136 173 -5953.2
1 136 174 -5953.2
1 144 189 -2323.2
1 154 112 -71438.4
1 154 122 -13648.8
1 156 131 -1161.6
1 159 115 -42398.4
1 161 179 -65340.0
1 164 169 -17424.0
1 167 128 -290.4
1 167 247 -9583.2
1 183 124 -225641.0
1 183 205 -435.6
1 186 123 -128792.0
1 186 125 -21780.0
1 186 209 -96993.6
1 204 300 -33.71
1 215 269 -3484.8
1 218 239 -37132.8
1 225 242 -24103.2
1 226 375 -456.49
1 235 420 -15681.6
1 238 302 -2904.0
1 242 355 -41.19
1 244 321 -30201.6
1 244 369 -25119.6
1 245 406 -726.0
1 247 591 -580.8
1 248 590 -1016.4
1 248 593 -580.8
1 251 614 -650.01
1 255 333 -10744.8
1 256 443 -124.45
1 258 335 -25894.0
1 258 339 -1141.36
1 258 416 -57.13
1 259 414 -290.4
1 263 583 -380.45
1 266 470 -2050.54
1 267 354 -2468.4
1 267 554 -2758.8
1 269 482 -145.2
1 270 476 -1016.4
1 273 477 -871.2
1 273 523 -88862.4
1 274 506 -2904.0
1 275 479 -26571.6
1 277 388 -120.02
1 277 389 -245.74
1 278 446 -3775.2
1 279 386 -316.2
1 280 458 -1359.34
1 291 374 -4065.6
1 291 403 -4501.2
1 293 458 -20908.8
1 297 388 -311.89
1 298 384 -135.67
1 298 391 -2758.8
1 297 359 -14520.0
1 201 295 -435.6
1 204 299 -726.0
1 221 300 -726.0
1 229 371 -14151.2
1 239 400 -145.2
