1 204 346 -623.9259999999999
1 212 384 45000.0
1 212 385 45000.0
1 212 386 45000.0
1 212 387 45000.0
1 212 388 45000.0
1 212 389 45000.0
1 212 390 45000.0
1 212 391 45000.0
1 212 392 45000.0
1 212 393 45000.0
1 213 394 45000.0
1 213 395 45000.0
1 213 396 45000.0
1 213 397 45000.0
1 213 398 45000.0
1 213 399 45000.0
1 213 400 45000.0
1 213 401 45000.0
1 213 402 45000.0
1 214 403 45000.0
1 214 404 45000.0
1 214 405 45000.0
1 214 406 45000.0
1 214 407 45000.0
1 214 409 45000.0
1 214 410 45000.0
1 214 411 45000.0
1 214 412 45000.0
1 214 413 45000.0
1 214 414 45000.0
1 214 415 45000.0
1 215 416 45000.0
1 215 417 45000.0
1 227 417 45000.0
1 228 417 45000.0
1 229 417 45000.0
1 216 418 45000.0
1 226 418 45000.0
1 230 418 45000.0
1 217 419 45000.0
1 218 419 45000.0
1 219 419 45000.0
1 220 419 45000.0
1 221 419 45000.0
1 222 419 45000.0
1 223 419 45000.0
1 224 419 45000.0
1 225 419 45000.0
1 229 419 45000.0
1 229 420 45000.0
1 226 421 45000.0
1 227 421 45000.0
1 228 421 45000.0
1 224 422 45000.0
1 225 422 45000.0
1 224 423 45000.0
1 224 424 45000.0
1 225 424 45000.0
1 226 424 45000.0
1 227 424 45000.0
1 228 424 45000.0
1 229 425 45000.0
1 229 426 45000.0
1 229 427 45000.0
1 229 428 45000.0
1 229 429 45000.0
1 228 430 45000.0
1 228 431 45000.0
1 228 432 45000.0
1 228 433 45000.0
1 228 434 45000.0
1 228 435 45000.0
1 229 435 45000.0
1 230 436 45000.0
1 230 437 45000.0
1 230 438 45000.0
1 230 439 45000.0
1 230 440 45000.0
1 230 441 45000.0
1 230 442 45000.0
1 230 443 45000.0
1 230 444 45000.0
1 230 445 45000.0
1 230 446 45000.0
1 230 447 45000.0
1 230 448 45000.0
1 230 449 45000.0
1 230 450 45000.0
1 230 451 45000.0
1 230 452 45000.0
1 230 453 45000.0
1 230 454 45000.0
1 230 455 45000.0
1 230 456 45000.0
1 231 457 45000.0
1 231 458 45000.0
1 231 459 45000.0
1 231 460 45000.0
1 232 461 45000.0
1 232 462 45000.0
1 232 463 45000.0
1 232 464 45000.0
1 233 464 45000.0
1 234 464 45000.0
1 235 464 45000.0
1 236 464 45000.0
1 237 464 45000.0
1 238 464 45000.0
1 239 465 45000.0
1 239 466 45000.0
1 114 114 -219.56
1 117 120 -623.9259999999999
1 124 115 -32133.2
1 129 121 -12314.8
1 130 122 -623.9259999999999
1 133 112 -5617.83
1 135 194 -1212.0
1 139 168 -6435.11
1 141 191 -47134.7
1 143 172 -14249.2
1 143 190 -50561.6
1 144 172 -14862.0
1 144 182 -22590.8
1 144 190 -597.852
1 145 161 -65365.3
1 146 117 -20519.6
1 146 188 -42763.3
1 146 190 -14733.1
1 147 145 -4930.54
1 148 123 -97.17299999999999
1 148 167 -25893.6
1 148 176 -623.9259999999999
1 149 145 -17869.4
1 149 146 -13287.7
1 150 124 -12670.0
1 150 141 -840.2860000000001
1 150 198 -22246.5
1 151 142 -10909.7
1 151 195 -27164.6
1 152 123 -7408.65
1 152 125 -8289.98
1 152 132 -26680.9
1 153 133 -2.62399
1 153 142 -43880.4
1 153 192 -37798.8
1 154 125 -38.8105
1 154 171 -6213.58
1 155 129 -1733.54
1 155 141 -29120.6
1 156 129 -150645.0
1 157 135 -1247.85
1 157 140 -77545.0
1 157 251 -57518.9
1 158 133 -623.9259999999999
1 158 181 -21472.3
1 159 119 -50225.1
1 159 173 -18715.3
1 160 119 -12687.2
1 161 125 -6753.03
1 161 188 -32224.6
1 162 119 -1865.77
1 162 121 -18268.5
1 162 128 -149718.0
1 162 167 -1103.94
1 162 169 -3358.41
1 163 137 -6692.78
1 163 138 -1034.23
1 164 135 -12899.4
1 164 187 -14433.0
1 165 130 -33083.1
1 165 131 -137.734
1 166 126 -1004.34
1 167 259 -4152.25
1 168 123 -2178.48
1 168 208 -11006.2
1 169 127 -17.4647
1 170 131 -13113.0
1 170 163 -11162.6
1 172 130 -7025.81
1 172 218 -42430.2
1 173 224 -26698.1
1 174 123 -28642.8
1 174 135 -6845.95
1 175 134 -31631.9
1 175 204 -9836.13
1 176 176 -10949.3
1 176 202 -1474.01
1 177 133 -29094.7
1 177 211 -10243.6
1 178 261 -35626.5
1 179 181 -25995.5
1 179 183 -13068.0
1 179 210 -24204.8
1 180 208 -8887.61
1 184 246 -19672.3
1 187 200 -20981.9
1 187 281 -14051.6
1 188 198 -14501.3
1 188 209 -14283.5
1 188 240 -49821.5
1 188 258 -30055.0
1 189 282 -9836.13
1 190 281 -30913.5
1 191 191 -62966.7
1 191 281 -29102.3
1 193 260 -22751.6
1 197 204 -20293.7
1 197 252 -6680.77
1 198 297 -921.7860000000001
1 198 298 -623.9259999999999
1 199 211 -18443.5
1 199 231 -23280.7
1 199 298 -623.9259999999999
1 200 298 -641.175
1 201 234 -10960.3
1 203 275 -76144.3
1 203 280 -9431.99
1 205 300 -660.9119999999999
1 206 196 -23133.2
1 206 286 -4414.42
1 206 300 -1267.9
1 211 255 -34973.1
1 212 258 -60708.6
1 213 264 -219.912
1 213 300 -50310.4
1 214 240 -30163.3
1 215 260 -37821.3
1 216 238 -73266.5
1 217 365 -44.4165
1 218 179 -117787.0
1 219 310 -17915.8
1 221 223 -961.13
1 221 246 -31873.3
1 221 284 -17036.1
1 222 352 -40411.0
1 222 369 -1074.95
1 224 374 -6844.02
1 226 311 -1115.7
1 226 365 -1506.71
1 227 270 -23599.6
1 228 225 -38561.0
1 230 361 -254.334
1 231 401 -623.9259999999999
1 232 364 -70.6783
1 233 337 -623.9259999999999
1 233 394 -1324.61
1 234 304 -3374.36
1 234 393 -648.799
1 235 400 -4112.6
1 235 605 -2889.23
1 235 609 -4691.76
1 236 263 -34250.8
1 236 351 -7025.81
1 236 609 -101.67299999999999
1 237 237 -32033.1
1 237 316 -31445.2
1 237 357 -6675.41
1 237 389 -623.948
1 238 221 -1143.8
1 238 398 -1.29368
1 238 605 -3147.16
1 238 609 -1618.88
1 239 250 -1503.52
1 239 338 -21730.8
1 239 426 -446.75199999999995
1 239 605 -3119.63
1 239 606 -1871.78
1 239 619 -6289.54
1 240 380 -765.8
1 240 426 -747.688
1 240 608 -2565.19
1 241 335 -20529.4
1 241 604 -623.9259999999999
1 242 311 -8374.02
1 243 371 -623.9259999999999
1 243 389 -1352.85
1 243 422 -113.068
1 243 431 -7446.88
1 243 605 -3119.63
1 244 431 -7805.23
1 244 605 -3743.55
1 244 621 -2830.46
1 245 322 -6929.41
1 245 337 -623.9259999999999
1 245 621 -623.9259999999999
1 246 321 -2658.52
1 246 618 -1907.35
1 247 344 -721.9839999999999
1 247 384 -2683490.0
1 248 251 -25804.7
1 248 424 -3088.89
1 248 436 -3376.09
1 248 442 -245.8
1 248 444 -7367.53
1 248 589 -3995.76
1 249 373 -641.089
1 249 389 -1406.67
1 249 424 -28484.3
1 249 430 -24541.2
1 249 436 -3611.97
1 249 443 -6002.7
1 249 606 -3119.63
1 250 326 -2093.61
1 250 424 -623.9259999999999
1 250 425 -306034.0
1 250 431 -19910.3
1 250 595 -1996.51
1 251 300 -91335.5
1 251 356 -112054.0
1 251 408 -1031.07
1 251 456 -632.55
1 251 457 -26.3696
1 251 594 -632.852
1 251 595 -815.77
1 251 596 -1436.26
1 252 230 -16266.1
1 252 285 -14957.9
1 252 329 -25459.7
1 252 450 -341.87800000000004
1 252 595 -623.9259999999999
1 252 606 -694.94
1 253 331 -13225.8
1 253 332 -19927.1
1 253 416 -34.2145
1 253 420 -7563.8
1 253 445 -247.09400000000002
1 254 338 -20276.5
1 254 367 -36084.6
1 254 407 -73597.7
1 254 597 -625.81
1 254 607 -2076.73
1 255 381 -52187.2
1 255 383 -18590.2
1 255 388 -32842.3
1 255 395 -3955.22
1 255 420 -7637.05
1 255 439 -17300.9
1 255 443 -117790.0
1 255 595 -645.2080000000001
1 255 596 -623.9259999999999
1 255 606 -2432.5
1 255 609 -1247.85
1 255 610 -224.239
1 256 314 -9350.59
1 256 335 -51638.3
1 256 341 -484.186
1 256 370 -7960.47
1 256 413 -2296.72
1 256 586 -14273.7
1 256 593 -2495.7
1 257 238 -0.140516
1 257 324 -5804.33
1 257 576 -4184.64
1 257 599 -4039.84
1 258 325 -6529.66
1 258 336 -1612.36
1 258 442 -240207.0
1 258 464 -2347.17
1 258 585 -3743.55
1 258 595 -1408.6
1 258 602 -3345.69
1 259 340 -64050.1
1 259 405 -42079.2
1 259 588 -33571.1
1 259 592 -623.9259999999999
1 259 593 -623.9259999999999
1 260 342 -10037.1
1 260 349 -969.561
1 260 407 -3518230.0
1 260 424 -259.427
1 260 461 -1809.43
1 260 463 -44634.3
1 260 464 -37789.0
1 260 585 -6243.6
1 260 586 -22963.6
1 261 337 -6416.68
1 261 355 -43429.3
1 261 381 -214843.0
1 261 395 -12453.9
1 261 418 -672.7410000000001
1 261 429 -148774.0
1 261 464 -6634.45
1 261 492 -644.625
1 261 571 -263.04900000000004
1 261 576 -1252.07
1 262 345 -19757.9
1 262 449 -15.2238
1 262 540 -267.448
1 262 564 -44229.9
1 262 567 -25528.4
1 262 568 -10690.1
1 262 570 -121506.0
1 262 571 -2081.54
1 263 471 -17107.7
1 263 477 -12951.4
1 263 520 -1247.85
1 263 582 -30225.0
1 264 265 -13395.4
1 264 344 -24057.8
1 264 345 -12951.4
1 264 355 -170.335
1 264 367 -623.9259999999999
1 264 407 -5981.2
1 264 428 -7956.16
1 264 468 -37.9395
1 264 471 -5815.11
1 264 476 -334.202
1 264 477 -25203.0
1 264 523 -2204.71
1 264 549 -6636.6
1 265 364 -25395.0
1 265 374 -65050.8
1 265 422 -151444.0
1 265 523 -2734.44
1 266 337 -624.057
1 266 340 -230.446
1 266 462 -161.299
1 267 391 -14490.3
1 267 463 -1138.44
1 267 555 -623.9259999999999
1 267 556 -623.9259999999999
1 268 333 -51.99100000000001
1 268 334 -73.0684
1 268 436 -2323980.0
1 268 455 -9.53014
1 268 479 -679.857
1 268 480 -389.097
1 268 489 -1322.52
1 269 363 -636.2
1 269 397 -46844.1
1 269 456 -7944.95
1 269 541 -623.9259999999999
1 270 337 -3372.39
1 270 352 -5801.91
1 270 412 -15338.8
1 270 417 -629.5930000000001
1 270 429 -1608.91
1 270 481 -666.5310000000001
1 270 483 -1648.48
1 270 484 -781.065
1 270 486 -1746.47
1 270 498 -56006.4
1 270 539 -188.015
1 271 319 -52053.6
1 271 371 -885.743
1 271 415 -192388.0
1 271 451 -20659.8
1 271 485 -129.023
1 271 493 -110373.0
1 271 498 -5156.63
1 271 537 -54605.5
1 272 336 -10573.7
1 272 337 -21.5614
1 272 368 -475408.0
1 272 388 -1197140.0
1 272 396 -15735.3
1 272 450 -8812.15
1 272 451 -1191.83
1 272 453 -372.805
1 272 462 -653876.0
1 272 491 -5.13162
1 272 497 -8710.81
1 272 498 -66900.7
1 272 530 -67324.1
1 272 532 -195355.0
1 272 535 -54258.9
1 273 363 -53.8177
1 273 392 -1343.71
1 273 410 -948.2710000000001
1 273 480 -741.925
1 273 510 -623.9259999999999
1 273 517 -430215.0
1 273 518 -2147.52
1 274 520 -39527.2
1 274 523 -1357.39
1 275 367 -11730.3
1 275 441 -72946.6
1 275 450 -0.431228
1 275 506 -1306.38
1 276 366 -42506.2
1 276 392 -326.612
1 276 446 -1601.15
1 276 474 -28711.2
1 277 294 -23204.4
1 277 390 -10755.1
1 277 407 -821498.0
1 277 431 -6645.23
1 277 454 -34.4983
1 277 468 -86.2607
1 277 472 -44028.8
1 277 480 -27132.9
1 278 365 -16466.0
1 278 482 -5374.4
1 279 336 -14497.0
1 279 433 -189809.0
1 279 438 -90200.0
1 279 475 -68608.4
1 279 485 -5170.99
1 280 365 -4400.97
1 280 433 -1927.59
1 280 442 -3094.61
1 280 469 -14520.0
1 280 471 -51179.1
1 281 458 -75400.2
1 282 409 -3303.21
1 282 424 -696.002
1 282 430 -307.466
1 282 436 -189.74
1 282 454 -5446.41
1 282 457 -3247.15
1 283 354 -10676.4
1 283 429 -190231.0
1 283 449 -61415.5
1 283 452 -28637.9
1 283 455 -77051.9
1 283 468 -36847.2
1 284 339 -70378.6
1 284 457 -2021.17
1 284 463 -1646.0
1 284 481 -2337.26
1 285 374 -3385.14
1 285 467 -104754.0
1 285 475 -64577.0
1 286 330 -53374.9
1 286 425 -503782.0
1 286 475 -28522.0
1 286 477 -17931.3
1 287 388 -38430.8
1 287 426 -623.9259999999999
1 287 477 -7624.41
1 288 372 -44.4165
1 288 419 -20184.5
1 288 423 -475.213
1 288 426 -623.9259999999999
1 289 351 -37.9394
1 289 404 -169401.0
1 289 459 -103.495
1 289 468 -508.849
1 290 382 -178567.0
1 290 402 -6973.82
1 290 411 -958.836
1 290 412 -23294.3
1 290 413 -521.398
1 290 420 -294.529
1 291 350 -1664.54
1 291 373 -1004.33
1 291 399 -2746.92
1 291 419 -34308.5
1 292 365 -11479.3
1 292 416 -664.091
1 292 469 -41479.8
1 293 440 -30.2722
1 294 435 -329.458
1 294 447 -81174.4
1 294 458 -66318.6
1 295 356 -10981.3
1 295 430 -61876.9
1 296 398 -351753.0
1 297 383 -746.887
1 297 395 -245369.0
1 297 401 -364043.0
1 297 402 -139002.0
1 297 413 -605906.0
1 297 415 -68050.0
1 297 442 -1573.98
1 299 354 -591.7090000000001
1 299 355 -4902.61
1 299 387 -94.439
1 102 110 -623.9259999999999
1 102 113 -623.9259999999999
1 103 100 -623.9259999999999
1 103 104 -623.9259999999999
1 104 115 -623.9259999999999
1 105 115 -623.9259999999999
1 105 139 -623.9259999999999
1 108 117 -623.9259999999999
1 109 112 -623.9259999999999
1 111 155 -623.9259999999999
1 111 208 -623.9259999999999
1 112 181 -623.9259999999999
1 113 111 -623.9259999999999
1 113 159 -623.9259999999999
1 113 211 -623.9259999999999
1 114 173 -623.9259999999999
1 114 212 -1247.85
1 115 212 -1247.85
1 116 121 -623.9259999999999
1 116 150 -623.9259999999999
1 116 166 -623.9259999999999
1 117 119 -623.9259999999999
1 117 168 -623.9259999999999
1 117 210 -623.9259999999999
1 119 194 -623.9259999999999
1 119 202 -623.9259999999999
1 119 96 -623.9259999999999
1 120 155 -623.9259999999999
1 120 94 -623.9259999999999
1 121 187 -623.9259999999999
1 123 110 -623.9259999999999
1 123 111 -623.9259999999999
1 123 158 -623.9259999999999
1 123 168 -623.9259999999999
1 123 193 -623.9259999999999
1 123 202 -1247.85
1 125 150 -623.9259999999999
1 125 151 -623.9259999999999
1 125 193 -623.9259999999999
1 125 194 -623.9259999999999
1 126 121 -623.9259999999999
1 126 191 -623.9259999999999
1 126 195 -623.9259999999999
1 127 150 -623.9259999999999
1 127 160 -623.9259999999999
1 127 169 -623.9259999999999
1 127 195 -623.9259999999999
1 127 199 -1247.85
1 128 122 -623.9259999999999
1 128 148 -623.9259999999999
1 128 149 -623.9259999999999
1 128 152 -623.9259999999999
1 128 153 -623.9259999999999
1 128 154 -623.9259999999999
1 128 157 -623.9259999999999
1 128 199 -623.9259999999999
1 129 117 -623.9259999999999
1 129 119 -623.9259999999999
1 129 122 -623.9259999999999
1 129 146 -623.9259999999999
1 129 154 -1247.85
1 129 162 -623.9259999999999
1 129 176 -623.9259999999999
1 130 120 -623.9259999999999
1 130 154 -623.9259999999999
1 130 155 -623.9259999999999
1 130 156 -1871.78
1 130 194 -623.9259999999999
1 131 112 -623.9259999999999
1 131 121 -623.9259999999999
1 131 122 -623.9259999999999
1 131 150 -623.9259999999999
1 131 156 -623.9259999999999
1 131 157 -623.9259999999999
1 131 158 -623.9259999999999
1 131 161 -1247.85
1 131 198 -623.9259999999999
1 132 112 -623.9259999999999
1 132 155 -623.9259999999999
1 132 156 -623.9259999999999
1 132 160 -623.9259999999999
1 132 161 -1247.85
1 133 155 -623.9259999999999
1 133 159 -623.9259999999999
1 133 160 -1247.85
1 133 192 -1247.85
1 133 193 -623.9259999999999
1 134 148 -623.9259999999999
1 134 150 -623.9259999999999
1 134 151 -623.9259999999999
1 134 156 -623.9259999999999
1 134 191 -623.9259999999999
1 134 193 -2495.7
1 135 148 -3119.63
1 135 149 -1247.85
1 135 156 -623.9259999999999
1 135 157 -623.9259999999999
1 135 193 -1871.78
1 136 147 -623.9259999999999
1 136 148 -623.9259999999999
1 136 149 -623.9259999999999
1 136 150 -1247.85
1 136 153 -623.9259999999999
1 136 155 -623.9259999999999
1 137 148 -623.9259999999999
1 137 150 -623.9259999999999
1 137 153 -1247.85
1 137 154 -623.9259999999999
1 137 157 -1871.78
1 137 175 -623.9259999999999
1 137 206 -623.9259999999999
1 138 151 -623.9259999999999
1 138 152 -623.9259999999999
1 138 153 -1871.78
1 138 168 -623.9259999999999
1 138 169 -623.9259999999999
1 139 151 -623.9259999999999
1 140 138 -623.9259999999999
1 140 155 -2495.7
1 140 156 -623.9259999999999
1 140 171 -623.9259999999999
1 140 180 -623.9259999999999
1 141 149 -623.9259999999999
1 141 154 -1247.85
1 141 157 -623.9259999999999
1 141 171 -623.9259999999999
1 141 199 -1247.85
1 142 155 -623.9259999999999
1 142 156 -623.9259999999999
1 142 157 -623.9259999999999
1 142 158 -623.9259999999999
1 142 174 -623.9259999999999
1 142 179 -623.9259999999999
1 142 201 -623.9259999999999
1 143 146 -623.9259999999999
1 143 157 -1871.78
1 144 142 -1247.85
1 144 173 -623.9259999999999
1 145 142 -623.9259999999999
1 145 143 -623.9259999999999
1 145 151 -623.9259999999999
1 145 187 -623.9259999999999
1 145 226 -623.9259999999999
1 146 140 -623.9259999999999
1 146 141 -1247.85
1 146 145 -623.9259999999999
1 146 208 -623.9259999999999
1 146 229 -623.9259999999999
1 146 230 -623.9259999999999
1 146 232 -623.9259999999999
1 147 139 -1871.78
1 147 140 -623.9259999999999
1 147 141 -623.9259999999999
1 147 142 -623.9259999999999
1 147 229 -623.9259999999999
1 147 230 -623.9259999999999
1 147 233 -623.9259999999999
1 147 239 -623.9259999999999
1 147 240 -623.9259999999999
1 148 217 -623.9259999999999
1 148 221 -623.9259999999999
1 149 127 -623.9259999999999
1 149 147 -623.9259999999999
1 149 154 -623.9259999999999
1 149 222 -623.9259999999999
1 149 253 -623.9259999999999
1 150 160 -623.9259999999999
1 150 164 -623.9259999999999
1 150 177 -623.9259999999999
1 150 227 -623.9259999999999
1 150 236 -623.9259999999999
1 151 128 -623.9259999999999
1 151 228 -623.9259999999999
1 152 153 -623.9259999999999
1 152 173 -623.9259999999999
1 152 176 -623.9259999999999
1 152 222 -623.9259999999999
1 152 228 -623.9259999999999
1 153 126 -623.9259999999999
1 153 136 -623.9259999999999
1 153 155 -623.9259999999999
1 153 232 -623.9259999999999
1 153 238 -623.9259999999999
1 153 253 -623.9259999999999
1 154 126 -623.9259999999999
1 154 133 -623.9259999999999
1 154 161 -623.9259999999999
1 154 172 -623.9259999999999
1 154 220 -623.9259999999999
1 154 244 -623.9259999999999
1 155 170 -1247.85
1 155 216 -623.9259999999999
1 155 262 -623.9259999999999
1 156 160 -623.9259999999999
1 156 211 -623.9259999999999
1 156 223 -623.9259999999999
1 157 132 -623.9259999999999
1 157 133 -623.9259999999999
1 157 134 -1871.78
1 157 136 -623.9259999999999
1 157 194 -623.9259999999999
1 157 207 -623.9259999999999
1 157 240 -623.9259999999999
1 158 135 -623.9259999999999
1 158 248 -623.9259999999999
1 159 152 -623.9259999999999
1 159 231 -623.9259999999999
1 159 240 -623.9259999999999
1 159 247 -623.9259999999999
1 159 248 -623.9259999999999
1 159 250 -623.9259999999999
1 159 251 -623.9259999999999
1 159 257 -623.9259999999999
1 160 133 -623.9259999999999
1 160 249 -1247.85
1 160 251 -1247.85
1 160 252 -623.9259999999999
1 160 253 -623.9259999999999
1 160 262 -623.9259999999999
1 161 144 -1247.85
1 161 251 -623.9259999999999
1 161 253 -623.9259999999999
1 162 137 -1247.85
1 162 252 -1247.85
1 162 253 -623.9259999999999
1 163 152 -623.9259999999999
1 163 190 -623.9259999999999
1 163 236 -623.9259999999999
1 164 278 -623.9259999999999
1 164 290 -623.9259999999999
1 164 299 -623.9259999999999
1 165 133 -1247.85
1 165 134 -1247.85
1 165 135 -623.9259999999999
1 165 290 -623.9259999999999
1 166 131 -623.9259999999999
1 166 132 -623.9259999999999
1 166 133 -1247.85
1 166 134 -623.9259999999999
1 166 135 -623.9259999999999
1 166 210 -623.9259999999999
1 166 254 -623.9259999999999
1 166 255 -623.9259999999999
1 167 127 -623.9259999999999
1 167 132 -1247.85
1 167 133 -1247.85
1 167 134 -1871.78
1 167 256 -623.9259999999999
1 167 288 -623.9259999999999
1 167 294 -623.9259999999999
1 168 130 -623.9259999999999
1 168 131 -623.9259999999999
1 168 132 -2495.7
1 168 133 -2495.7
1 168 286 -623.9259999999999
1 168 287 -1247.85
1 168 291 -1247.85
1 169 128 -1247.85
1 169 129 -2495.7
1 169 131 -623.9259999999999
1 169 132 -3119.63
1 169 133 -1871.78
1 169 134 -5615.33
1 169 135 -623.9259999999999
1 169 236 -623.9259999999999
1 169 260 -623.9259999999999
1 169 271 -623.9259999999999
1 169 287 -623.9259999999999
1 169 290 -623.9259999999999
1 170 133 -1871.78
1 170 134 -7487.11
1 170 136 -623.9259999999999
1 170 187 -623.9259999999999
1 170 256 -623.9259999999999
1 170 287 -623.9259999999999
1 170 292 -623.9259999999999
1 171 133 -1247.85
1 171 134 -623.9259999999999
1 171 136 -3119.63
1 171 290 -623.9259999999999
1 172 257 -623.9259999999999
1 172 284 -623.9259999999999
1 172 295 -1247.85
1 172 311 -623.9259999999999
1 173 258 -623.9259999999999
1 173 278 -623.9259999999999
1 173 290 -623.9259999999999
1 173 292 -623.9259999999999
1 173 293 -1247.85
1 173 294 -623.9259999999999
1 174 124 -623.9259999999999
1 174 253 -623.9259999999999
1 174 261 -623.9259999999999
1 174 270 -623.9259999999999
1 174 283 -623.9259999999999
1 174 289 -623.9259999999999
1 174 293 -623.9259999999999
1 175 260 -623.9259999999999
1 175 288 -623.9259999999999
1 175 292 -1247.85
1 175 293 -623.9259999999999
1 175 296 -623.9259999999999
1 175 305 -623.9259999999999
1 176 274 -623.9259999999999
1 176 305 -623.9259999999999
1 177 289 -623.9259999999999
1 177 290 -623.9259999999999
1 178 243 -623.9259999999999
1 178 280 -623.9259999999999
1 178 285 -623.9259999999999
1 178 302 -623.9259999999999
1 178 305 -623.9259999999999
1 178 306 -623.9259999999999
1 178 311 -623.9259999999999
1 179 278 -623.9259999999999
1 179 285 -623.9259999999999
1 180 149 -623.9259999999999
1 180 286 -623.9259999999999
1 181 297 -623.9259999999999
1 181 307 -623.9259999999999
1 181 308 -623.9259999999999
1 183 242 -623.9259999999999
1 183 285 -623.9259999999999
1 183 295 -623.9259999999999
1 183 308 -623.9259999999999
1 183 309 -623.9259999999999
1 183 318 -623.9259999999999
1 184 263 -623.9259999999999
1 184 285 -623.9259999999999
1 184 313 -623.9259999999999
1 184 319 -623.9259999999999
1 185 257 -623.9259999999999
1 185 305 -623.9259999999999
1 185 306 -623.9259999999999
1 185 307 -623.9259999999999
1 185 315 -623.9259999999999
1 186 255 -623.9259999999999
1 186 265 -623.9259999999999
1 186 307 -1247.85
1 186 310 -623.9259999999999
1 188 262 -623.9259999999999
1 188 294 -623.9259999999999
1 188 295 -623.9259999999999
1 189 295 -623.9259999999999
1 189 309 -623.9259999999999
1 190 307 -623.9259999999999
1 190 308 -623.9259999999999
1 190 324 -623.9259999999999
1 191 292 -1247.85
1 191 304 -623.9259999999999
1 191 305 -623.9259999999999
1 192 258 -623.9259999999999
1 192 284 -623.9259999999999
1 192 304 -623.9259999999999
1 192 316 -623.9259999999999
1 192 319 -623.9259999999999
1 193 262 -623.9259999999999
1 193 301 -623.9259999999999
1 193 311 -623.9259999999999
1 193 313 -1247.85
1 194 284 -623.9259999999999
1 194 313 -623.9259999999999
1 195 269 -623.9259999999999
1 195 287 -623.9259999999999
1 195 289 -623.9259999999999
1 195 300 -623.9259999999999
1 195 311 -623.9259999999999
1 195 313 -623.9259999999999
1 196 269 -623.9259999999999
1 196 275 -623.9259999999999
1 196 303 -623.9259999999999
1 196 324 -623.9259999999999
1 196 333 -623.9259999999999
1 197 264 -623.9259999999999
1 197 283 -623.9259999999999
1 197 300 -623.9259999999999
1 197 322 -623.9259999999999
1 197 325 -623.9259999999999
1 198 242 -623.9259999999999
1 198 276 -1247.85
1 198 309 -623.9259999999999
1 198 311 -623.9259999999999
1 199 283 -623.9259999999999
1 199 311 -623.9259999999999
1 199 324 -623.9259999999999
1 200 280 -623.9259999999999
1 200 286 -623.9259999999999
1 200 296 -623.9259999999999
1 200 299 -623.9259999999999
1 200 306 -623.9259999999999
1 200 307 -623.9259999999999
1 200 312 -623.9259999999999
1 200 343 -623.9259999999999
1 200 345 -623.9259999999999
1 201 257 -623.9259999999999
1 202 280 -623.9259999999999
1 202 287 -623.9259999999999
1 202 297 -623.9259999999999
1 202 301 -623.9259999999999
1 202 302 -623.9259999999999
1 203 215 -623.9259999999999
1 203 304 -623.9259999999999
1 203 305 -623.9259999999999
1 203 309 -623.9259999999999
1 203 315 -623.9259999999999
1 205 263 -623.9259999999999
1 205 303 -623.9259999999999
1 205 304 -623.9259999999999
1 205 317 -623.9259999999999
1 205 318 -623.9259999999999
1 205 319 -623.9259999999999
1 206 264 -623.9259999999999
1 206 270 -623.9259999999999
1 206 301 -623.9259999999999
1 206 304 -623.9259999999999
1 206 315 -623.9259999999999
1 206 317 -1247.85
1 207 262 -623.9259999999999
1 207 300 -623.9259999999999
1 207 301 -1247.85
1 207 303 -623.9259999999999
1 207 304 -623.9259999999999
1 207 306 -1247.85
1 207 315 -623.9259999999999
1 207 317 -623.9259999999999
1 208 298 -1247.85
1 208 299 -1247.85
1 208 306 -623.9259999999999
1 208 317 -623.9259999999999
1 208 328 -623.9259999999999
1 209 284 -623.9259999999999
1 209 297 -623.9259999999999
1 209 302 -623.9259999999999
1 210 284 -623.9259999999999
1 210 301 -623.9259999999999
1 210 302 -623.9259999999999
1 210 342 -623.9259999999999
1 211 301 -623.9259999999999
1 211 321 -623.9259999999999
1 212 295 -623.9259999999999
1 212 347 -623.9259999999999
1 213 226 -623.9259999999999
1 213 287 -623.9259999999999
1 213 303 -623.9259999999999
1 213 329 -623.9259999999999
1 214 319 -623.9259999999999
1 215 289 -623.9259999999999
1 215 311 -623.9259999999999
1 215 353 -623.9259999999999
1 216 323 -623.9259999999999
1 216 341 -623.9259999999999
1 217 244 -623.9259999999999
1 217 249 -623.9259999999999
1 217 351 -623.9259999999999
1 218 209 -623.9259999999999
1 218 243 -623.9259999999999
1 218 292 -623.9259999999999
1 218 345 -1247.85
1 221 240 -623.9259999999999
1 221 611 -623.9259999999999
1 222 254 -623.9259999999999
1 222 362 -623.9259999999999
1 224 338 -623.9259999999999
1 224 359 -623.9259999999999
1 225 323 -623.9259999999999
1 225 329 -623.9259999999999
1 225 332 -623.9259999999999
1 225 368 -623.9259999999999
1 225 373 -623.9259999999999
1 225 378 -623.9259999999999
1 225 382 -1247.85
1 226 323 -623.9259999999999
1 226 388 -1247.85
1 226 618 -623.9259999999999
1 227 315 -623.9259999999999
1 228 606 -623.9259999999999
1 229 385 -1247.85
1 229 392 -623.9259999999999
1 229 393 -623.9259999999999
1 229 397 -2495.7
1 229 618 -3119.63
1 230 338 -623.9259999999999
1 230 373 -1247.85
1 230 384 -623.9259999999999
1 230 392 -1247.85
1 230 393 -2495.7
1 230 396 -623.9259999999999
1 230 605 -623.9259999999999
1 231 343 -623.9259999999999
1 231 383 -623.9259999999999
1 231 392 -3119.63
1 231 393 -6863.18
1 231 398 -623.9259999999999
1 231 603 -623.9259999999999
1 231 607 -1247.85
1 232 259 -623.9259999999999
1 232 300 -623.9259999999999
1 232 384 -623.9259999999999
1 232 389 -623.9259999999999
1 232 393 -3743.55
1 232 394 -2495.7
1 232 405 -623.9259999999999
1 232 604 -1247.85
1 232 606 -1247.85
1 232 607 -1871.78
1 232 608 -623.9259999999999
1 233 373 -623.9259999999999
1 233 393 -623.9259999999999
1 233 403 -623.9259999999999
1 233 406 -2495.7
1 233 601 -1247.85
1 233 602 -623.9259999999999
1 234 374 -623.9259999999999
1 234 388 -623.9259999999999
1 234 389 -623.9259999999999
1 234 406 -1871.78
1 234 407 -1247.85
1 234 601 -623.9259999999999
1 234 602 -1247.85
1 234 603 -1871.78
1 234 604 -623.9259999999999
1 234 605 -1247.85
1 234 606 -623.9259999999999
1 234 609 -623.9259999999999
1 234 620 -623.9259999999999
1 234 621 -623.9259999999999
1 235 342 -623.9259999999999
1 235 368 -623.9259999999999
1 235 389 -623.9259999999999
1 235 392 -623.9259999999999
1 235 404 -623.9259999999999
1 235 406 -623.9259999999999
1 235 599 -623.9259999999999
1 235 600 -1247.85
1 235 602 -1871.78
1 235 603 -623.9259999999999
1 235 606 -623.9259999999999
1 235 608 -623.9259999999999
1 236 256 -623.9259999999999
1 236 359 -623.9259999999999
1 236 377 -1247.85
1 236 378 -623.9259999999999
1 236 389 -1247.85
1 236 600 -623.9259999999999
1 236 601 -623.9259999999999
1 236 602 -1247.85
1 236 605 -623.9259999999999
1 236 606 -623.9259999999999
1 236 607 -623.9259999999999
1 236 620 -623.9259999999999
1 237 330 -623.9259999999999
1 237 377 -623.9259999999999
1 237 384 -623.9259999999999
1 237 388 -623.9259999999999
1 237 605 -1247.85
1 237 606 -1871.78
1 237 607 -1247.85
1 237 608 -3119.63
1 237 609 -1871.78
1 237 620 -623.9259999999999
1 238 346 -623.9259999999999
1 238 391 -623.9259999999999
1 238 410 -623.9259999999999
1 238 602 -623.9259999999999
1 238 603 -623.9259999999999
1 238 606 -3119.63
1 238 607 -3743.55
1 238 608 -2495.7
1 238 610 -623.9259999999999
1 239 297 -24300.9
1 239 323 -623.9259999999999
1 239 404 -623.9259999999999
1 239 601 -623.9259999999999
1 239 603 -623.9259999999999
1 239 607 -1247.85
1 239 608 -2495.7
1 239 609 -1871.78
1 239 610 -1247.85
1 239 615 -1247.85
1 240 267 -623.9259999999999
1 240 319 -623.9259999999999
1 240 327 -623.9259999999999
1 240 352 -623.9259999999999
1 240 374 -1247.85
1 240 392 -1247.85
1 240 396 -623.9259999999999
1 240 406 -623.9259999999999
1 240 603 -623.9259999999999
1 240 605 -1871.78
1 240 606 -2495.7
1 240 607 -1247.85
1 240 620 -1247.85
1 240 621 -623.9259999999999
1 241 339 -623.9259999999999
1 241 352 -623.9259999999999
1 241 370 -1247.85
1 241 375 -623.9259999999999
1 241 409 -623.9259999999999
1 241 577 -623.9259999999999
1 241 603 -1247.85
1 241 605 -1871.78
1 241 606 -1247.85
1 241 607 -1247.85
1 241 608 -1247.85
1 241 609 -3119.63
1 241 610 -623.9259999999999
1 241 611 -623.9259999999999
1 241 620 -623.9259999999999
1 241 621 -623.9259999999999
1 242 314 -623.9259999999999
1 242 318 -623.9259999999999
1 242 336 -623.9259999999999
1 242 338 -623.9259999999999
1 242 339 -623.9259999999999
1 242 373 -1871.78
1 242 374 -3743.55
1 242 406 -1247.85
1 242 603 -1247.85
1 242 604 -4367.48
1 242 605 -5615.33
1 242 606 -1871.78
1 242 607 -3119.63
1 242 608 -3119.63
1 242 609 -1871.78
1 242 610 -1871.78
1 242 616 -623.9259999999999
1 242 622 -623.9259999999999
1 242 623 -1871.78
1 243 366 -623.9259999999999
1 243 369 -623.9259999999999
1 243 372 -1247.85
1 243 373 -4991.41
1 243 374 -1871.78
1 243 386 -623.9259999999999
1 243 391 -623.9259999999999
1 243 405 -623.9259999999999
1 243 406 -623.9259999999999
1 243 407 -1247.85
1 243 409 -623.9259999999999
1 243 577 -623.9259999999999
1 243 606 -4367.48
1 243 607 -3119.63
1 243 608 -1247.85
1 243 609 -3743.55
1 243 620 -623.9259999999999
1 243 622 -1247.85
1 243 623 -4991.41
1 244 371 -623.9259999999999
1 244 372 -1247.85
1 244 373 -1871.78
1 244 415 -623.9259999999999
1 244 598 -623.9259999999999
1 244 606 -2495.7
1 244 607 -623.9259999999999
1 244 611 -623.9259999999999
1 244 616 -623.9259999999999
1 244 622 -623.9259999999999
1 244 623 -2495.7
1 244 624 -623.9259999999999
1 245 312 -623.9259999999999
1 245 315 -623.9259999999999
1 245 326 -623.9259999999999
1 245 335 -623.9259999999999
1 245 338 -623.9259999999999
1 245 356 -1247.85
1 245 371 -623.9259999999999
1 245 413 -623.9259999999999
1 245 586 -623.9259999999999
1 245 604 -623.9259999999999
1 245 605 -1871.78
1 245 606 -3119.63
1 245 607 -2495.7
1 245 609 -3119.63
1 245 610 -1247.85
1 245 612 -1247.85
1 245 616 -1247.85
1 245 619 -623.9259999999999
1 245 620 -1247.85
1 245 622 -623.9259999999999
1 246 214 -623.9259999999999
1 246 342 -623.9259999999999
1 246 356 -623.9259999999999
1 246 357 -623.9259999999999
1 246 374 -623.9259999999999
1 246 413 -623.9259999999999
1 246 590 -623.9259999999999
1 246 599 -623.9259999999999
1 246 600 -3743.55
1 246 605 -2495.7
1 246 606 -4367.48
1 246 607 -2495.7
1 246 610 -623.9259999999999
1 246 612 -1247.85
1 246 614 -623.9259999999999
1 246 615 -623.9259999999999
1 246 623 -623.9259999999999
1 247 314 -623.9259999999999
1 247 331 -623.9259999999999
1 247 367 -1247.85
1 247 368 -3119.63
1 247 387 -1247.85
1 247 413 -623.9259999999999
1 247 578 -623.9259999999999
1 247 597 -623.9259999999999
1 247 598 -4367.48
1 247 599 -3743.55
1 247 600 -6239.26
1 247 601 -6239.26
1 247 605 -1247.85
1 247 609 -1247.85
1 247 610 -1247.85
1 247 611 -2495.7
1 247 612 -2495.7
1 247 613 -1247.85
1 247 618 -1247.85
1 247 619 -623.9259999999999
1 247 623 -623.9259999999999
1 248 307 -623.9259999999999
1 248 367 -623.9259999999999
1 248 368 -2495.7
1 248 371 -1247.85
1 248 372 -3119.63
1 248 387 -1247.85
1 248 388 -3743.55
1 248 413 -623.9259999999999
1 248 416 -623.9259999999999
1 248 529 -623.9259999999999
1 248 567 -623.9259999999999
1 248 596 -4367.48
1 248 597 -3119.63
1 248 598 -6239.26
1 248 599 -3743.55
1 248 600 -2495.7
1 248 601 -3743.55
1 248 602 -1871.78
1 248 605 -623.9259999999999
1 248 608 -623.9259999999999
1 248 609 -1247.85
1 248 610 -1871.78
1 248 611 -3743.55
1 248 612 -3743.55
1 248 613 -4367.48
1 248 618 -623.9259999999999
1 248 619 -623.9259999999999
1 248 620 -623.9259999999999
1 248 623 -1247.85
1 249 333 -623.9259999999999
1 249 334 -623.9259999999999
1 249 365 -1247.85
1 249 366 -1871.78
1 249 367 -623.9259999999999
1 249 368 -1871.78
1 249 371 -623.9259999999999
1 249 387 -623.9259999999999
1 249 388 -623.9259999999999
1 249 400 -623.9259999999999
1 249 412 -623.9259999999999
1 249 567 -623.9259999999999
1 249 593 -1247.85
1 249 595 -3743.55
1 249 596 -4367.48
1 249 597 -6863.18
1 249 603 -1871.78
1 249 604 -4991.41
1 249 605 -3119.63
1 249 607 -2495.7
1 249 609 -623.9259999999999
1 249 610 -1247.85
1 249 611 -3119.63
1 249 612 -5615.33
1 249 613 -1247.85
1 249 618 -623.9259999999999
1 249 623 -623.9259999999999
1 250 331 -623.9259999999999
1 250 355 -623.9259999999999
1 250 365 -1247.85
1 250 366 -3119.63
1 250 367 -1871.78
1 250 368 -623.9259999999999
1 250 369 -1247.85
1 250 370 -1247.85
1 250 371 -3743.55
1 250 382 -623.9259999999999
1 250 406 -623.9259999999999
1 250 413 -623.9259999999999
1 250 414 -623.9259999999999
1 250 423 -623.9259999999999
1 250 436 -623.9259999999999
1 250 568 -623.9259999999999
1 250 579 -623.9259999999999
1 250 591 -623.9259999999999
1 250 594 -623.9259999999999
1 250 596 -4991.41
1 250 597 -1247.85
1 250 602 -623.9259999999999
1 250 603 -4367.48
1 250 604 -3743.55
1 250 605 -2495.7
1 250 607 -623.9259999999999
1 250 608 -1871.78
1 250 609 -623.9259999999999
1 250 610 -623.9259999999999
1 250 613 -623.9259999999999
1 251 276 -623.9259999999999
1 251 322 -623.9259999999999
1 251 365 -1871.78
1 251 366 -5615.33
1 251 367 -1247.85
1 251 368 -1247.85
1 251 371 -623.9259999999999
1 251 379 -623.9259999999999
1 251 407 -623.9259999999999
1 251 414 -623.9259999999999
1 251 424 -623.9259999999999
1 251 598 -623.9259999999999
1 251 604 -623.9259999999999
1 251 605 -623.9259999999999
1 251 607 -623.9259999999999
1 251 610 -623.9259999999999
1 252 236 -623.9259999999999
1 252 365 -1871.78
1 252 366 -4367.48
1 252 367 -4367.48
1 252 368 -1247.85
1 252 376 -623.9259999999999
1 252 412 -623.9259999999999
1 252 416 -623.9259999999999
1 252 428 -623.9259999999999
1 252 506 -623.9259999999999
1 252 507 -623.9259999999999
1 252 528 -623.9259999999999
1 252 534 -623.9259999999999
1 252 544 -623.9259999999999
1 252 576 -623.9259999999999
1 252 591 -1247.85
1 252 596 -1273.64
1 252 597 -1247.85
1 252 598 -623.9259999999999
1 252 599 -1247.85
1 252 608 -1247.85
1 252 609 -623.9259999999999
1 252 611 -623.9259999999999
1 252 620 -623.9259999999999
1 253 259 -623.9259999999999
1 253 342 -623.9259999999999
1 253 363 -623.9259999999999
1 253 365 -1247.85
1 253 366 -3743.55
1 253 367 -2495.7
1 253 370 -623.9259999999999
1 253 375 -1247.85
1 253 404 -623.9259999999999
1 253 433 -1247.85
1 253 506 -623.9259999999999
1 253 543 -623.9259999999999
1 253 546 -623.9259999999999
1 253 547 -623.9259999999999
1 253 566 -623.9259999999999
1 253 586 -1247.85
1 253 596 -623.9259999999999
1 253 597 -2495.7
1 253 601 -623.9259999999999
1 253 604 -623.9259999999999
1 253 605 -623.9259999999999
1 253 614 -1871.78
1 254 366 -1247.85
1 254 478 -623.9259999999999
1 254 581 -623.9259999999999
1 254 584 -623.9259999999999
1 254 585 -3743.55
1 254 586 -3119.63
1 254 587 -1871.78
1 254 588 -1871.78
1 254 589 -2495.7
1 254 598 -623.9259999999999
1 254 599 -623.9259999999999
1 254 601 -1247.85
1 254 604 -1247.85
1 254 605 -623.9259999999999
1 254 606 -623.9259999999999
1 254 611 -623.9259999999999
1 255 341 -623.9259999999999
1 255 346 -623.9259999999999
1 255 371 -623.9259999999999
1 255 402 -623.9259999999999
1 255 442 -623.9259999999999
1 255 445 -623.9259999999999
1 255 461 -623.9259999999999
1 255 479 -623.9259999999999
1 255 512 -623.9259999999999
1 255 513 -623.9259999999999
1 255 526 -623.9259999999999
1 255 547 -623.9259999999999
1 255 548 -623.9259999999999
1 255 565 -623.9259999999999
1 255 583 -1871.78
1 255 584 -2495.7
1 255 585 -2495.7
1 255 586 -2495.7
1 255 587 -1247.85
1 255 588 -623.9259999999999
1 255 591 -623.9259999999999
1 255 594 -623.9259999999999
1 255 597 -623.9259999999999
1 255 600 -1247.85
1 255 607 -623.9259999999999
1 256 346 -623.9259999999999
1 256 350 -623.9259999999999
1 256 367 -623.9259999999999
1 256 373 -623.9259999999999
1 256 374 -623.9259999999999
1 256 491 -623.9259999999999
1 256 526 -623.9259999999999
1 256 531 -1871.78
1 256 532 -623.9259999999999
1 256 547 -623.9259999999999
1 256 548 -1247.85
1 256 549 -623.9259999999999
1 256 575 -623.9259999999999
1 256 578 -1247.85
1 256 580 -623.9259999999999
1 256 584 -1871.78
1 256 585 -1247.85
1 256 592 -1247.85
1 256 594 -4369.3
1 256 595 -2495.7
1 256 607 -2495.7
1 256 608 -1247.85
1 256 609 -623.9259999999999
1 257 330 -623.9259999999999
1 257 461 -623.9259999999999
1 257 497 -623.9259999999999
1 257 503 -623.9259999999999
1 257 506 -623.9259999999999
1 257 512 -623.9259999999999
1 257 527 -1871.78
1 257 529 -623.9259999999999
1 257 532 -623.9259999999999
1 257 549 -623.9259999999999
1 257 574 -623.9259999999999
1 257 575 -1871.78
1 257 584 -1871.78
1 257 585 -1871.78
1 257 593 -1247.85
1 257 594 -4991.41
1 257 595 -2495.7
1 257 597 -1247.85
1 257 606 -4367.48
1 257 607 -623.9259999999999
1 258 307 -623.9259999999999
1 258 330 -623.9259999999999
1 258 366 -623.9259999999999
1 258 485 -1247.85
1 258 489 -1247.85
1 258 491 -623.9259999999999
1 258 493 -623.9259999999999
1 258 494 -623.9259999999999
1 258 496 -623.9259999999999
1 258 497 -623.9259999999999
1 258 498 -1871.78
1 258 499 -1247.85
1 258 502 -623.9259999999999
1 258 503 -623.9259999999999
1 258 529 -1247.85
1 258 531 -623.9259999999999
1 258 532 -623.9259999999999
1 258 533 -1247.85
1 258 535 -623.9259999999999
1 258 546 -623.9259999999999
1 258 550 -623.9259999999999
1 258 556 -1247.85
1 258 564 -623.9259999999999
1 258 576 -623.9259999999999
1 258 583 -623.9259999999999
1 258 584 -1871.78
1 258 586 -1871.78
1 258 594 -1871.78
1 258 606 -3119.63
1 258 607 -623.9259999999999
1 259 346 -623.9259999999999
1 259 369 -1247.85
1 259 402 -623.9259999999999
1 259 444 -623.9259999999999
1 259 456 -623.9259999999999
1 259 485 -623.9259999999999
1 259 486 -623.9259999999999
1 259 488 -623.9259999999999
1 259 489 -623.9259999999999
1 259 490 -1247.85
1 259 509 -1247.85
1 259 510 -623.9259999999999
1 259 522 -623.9259999999999
1 259 528 -623.9259999999999
1 259 529 -623.9259999999999
1 259 531 -623.9259999999999
1 259 532 -623.9259999999999
1 259 545 -623.9259999999999
1 259 549 -623.9259999999999
1 259 554 -1247.85
1 259 555 -1247.85
1 259 556 -1871.78
1 259 557 -1871.78
1 259 575 -2495.7
1 259 576 -623.9259999999999
1 259 579 -623.9259999999999
1 259 584 -623.9259999999999
1 259 585 -2495.7
1 259 586 -1247.85
1 260 369 -1247.85
1 260 404 -1247.85
1 260 443 -623.9259999999999
1 260 454 -623.9259999999999
1 260 485 -623.9259999999999
1 260 486 -1247.85
1 260 487 -623.9259999999999
1 260 492 -623.9259999999999
1 260 499 -623.9259999999999
1 260 502 -1247.85
1 260 517 -623.9259999999999
1 260 527 -623.9259999999999
1 260 545 -1871.78
1 260 548 -623.9259999999999
1 260 554 -623.9259999999999
1 260 556 -623.9259999999999
1 260 567 -623.9259999999999
1 260 576 -623.9259999999999
1 260 577 -623.9259999999999
1 261 397 -623.9259999999999
1 261 404 -623.9259999999999
1 261 444 -623.9259999999999
1 261 483 -623.9259999999999
1 261 487 -623.9259999999999
1 261 501 -623.9259999999999
1 261 502 -623.9259999999999
1 261 545 -623.9259999999999
1 261 551 -623.9259999999999
1 261 552 -623.9259999999999
1 261 565 -623.9259999999999
1 262 254 -623.9259999999999
1 262 353 -1247.85
1 262 369 -623.9259999999999
1 262 425 -623.9259999999999
1 262 443 -623.9259999999999
1 262 458 -623.9259999999999
1 262 483 -1247.85
1 262 493 -623.9259999999999
1 262 501 -623.9259999999999
1 262 502 -623.9259999999999
1 262 523 -623.9259999999999
1 262 524 -623.9259999999999
1 262 535 -623.9259999999999
1 262 536 -623.9259999999999
1 262 537 -623.9259999999999
1 262 542 -623.9259999999999
1 262 546 -623.9259999999999
1 262 584 -623.9259999999999
1 262 587 -623.9259999999999
1 263 355 -623.9259999999999
1 263 415 -623.9259999999999
1 263 484 -623.9259999999999
1 263 493 -623.9259999999999
1 263 509 -623.9259999999999
1 263 522 -623.9259999999999
1 263 523 -1247.85
1 263 524 -1247.85
1 263 541 -1247.85
1 263 542 -623.9259999999999
1 263 543 -623.9259999999999
1 263 546 -1247.85
1 263 576 -623.9259999999999
1 263 579 -623.9259999999999
1 263 581 -2495.7
1 264 369 -623.9259999999999
1 264 379 -648.678
1 264 481 -623.9259999999999
1 264 482 -623.9259999999999
1 264 493 -623.9259999999999
1 264 503 -623.9259999999999
1 264 504 -623.9259999999999
1 264 516 -623.9259999999999
1 264 521 -1871.78
1 264 527 -623.9259999999999
1 264 543 -2495.7
1 264 568 -623.9259999999999
1 264 575 -623.9259999999999
1 264 576 -1247.85
1 265 336 -623.9259999999999
1 265 367 -1352.86
1 265 457 -623.9259999999999
1 265 459 -623.9259999999999
1 265 511 -623.9259999999999
1 265 516 -623.9259999999999
1 265 520 -623.9259999999999
1 265 524 -743.074
1 265 568 -1247.85
1 266 314 -623.9259999999999
1 266 413 -623.9259999999999
1 266 456 -623.9259999999999
1 266 478 -623.9259999999999
1 266 481 -623.9259999999999
1 266 483 -623.9259999999999
1 266 484 -623.9259999999999
1 266 485 -623.9259999999999
1 266 492 -623.9259999999999
1 266 498 -623.9259999999999
1 266 505 -623.9259999999999
1 266 518 -623.9259999999999
1 266 523 -623.9259999999999
1 266 543 -623.9259999999999
1 266 545 -623.9259999999999
1 266 549 -623.9259999999999
1 266 555 -623.9259999999999
1 267 337 -623.9259999999999
1 267 365 -623.9259999999999
1 267 381 -623.9259999999999
1 267 459 -623.9259999999999
1 267 460 -1247.85
1 267 505 -623.9259999999999
1 267 507 -623.9259999999999
1 267 543 -623.9259999999999
1 267 544 -1247.85
1 267 549 -623.9259999999999
1 267 553 -1871.78
1 267 562 -623.9259999999999
1 268 507 -1247.85
1 268 540 -623.9259999999999
1 268 541 -623.9259999999999
1 268 542 -1247.85
1 268 543 -2495.7
1 268 544 -1247.85
1 268 549 -623.9259999999999
1 268 551 -623.9259999999999
1 268 552 -623.9259999999999
1 268 553 -623.9259999999999
1 269 362 -623.9259999999999
1 269 505 -1247.85
1 269 507 -623.9259999999999
1 269 528 -623.9259999999999
1 269 543 -623.9259999999999
1 269 547 -1247.85
1 270 474 -623.9259999999999
1 270 475 -1247.85
1 270 479 -623.9259999999999
1 270 491 -623.9259999999999
1 270 504 -623.9259999999999
1 270 507 -623.9259999999999
1 270 526 -623.9259999999999
1 271 375 -623.9259999999999
1 271 388 -623.9259999999999
1 271 479 -623.9259999999999
1 271 481 -623.9259999999999
1 271 487 -623.9259999999999
1 271 491 -623.9259999999999
1 271 526 -623.9259999999999
1 272 469 -623.9259999999999
1 272 493 -623.9259999999999
1 272 495 -1247.85
1 272 496 -623.9259999999999
1 272 502 -623.9259999999999
1 272 526 -1871.78
1 273 441 -623.9259999999999
1 273 462 -623.9259999999999
1 273 526 -623.9259999999999
1 275 463 -623.9259999999999
1 275 480 -623.9259999999999
1 275 502 -623.9259999999999
1 275 504 -623.9259999999999
1 276 502 -623.9259999999999
1 277 393 -623.9259999999999
1 279 459 -623.9259999999999
1 280 563 -623.9259999999999
1 282 434 -623.9259999999999
1 282 435 -623.9259999999999
1 283 461 -623.9259999999999
1 283 482 -623.9259999999999
1 283 483 -623.9259999999999
1 285 437 -623.9259999999999
1 285 482 -623.9259999999999
1 285 483 -623.9259999999999
1 286 377 -623.9259999999999
1 286 464 -623.9259999999999
1 288 469 -623.9259999999999
1 289 362 -623.9259999999999
1 289 443 -623.9259999999999
1 292 358 -623.9259999999999
1 293 390 -1871.78
1 293 391 -623.9259999999999
1 296 390 -623.9259999999999
1 301 359 -623.9259999999999
1 301 378 -623.9259999999999
1 85 106 -623.9259999999999
1 92 112 -1247.85
1 93 117 -623.9259999999999
1 97 89 -623.9259999999999
1 98 101 -623.9259999999999
1 99 126 -623.9259999999999
1 99 136 -623.9259999999999
1 147 119 -7812.7
1 148 187 -29213.3
1 150 114 -18531.3
1 156 158 -50561.6
1 157 160 -19611.8
1 167 186 -20308.8
1 170 169 -61440.0
1 197 280 -23716.3
1 199 225 -50740.4
1 210 300 -2717.58
1 234 285 -54036.9
1 244 234 -61239.9
1 259 541 -47.3273
1 265 469 -166.238
1 267 479 -1538.86
1 272 454 -40.0611
1 299 360 -22675.1
1 131 118 -2520.86
1 132 183 -17949.5
1 140 173 -31869.1
1 155 192 -17979.1
1 157 117 -9569.15
1 157 190 -55.678999999999995
1 158 205 -43162.3
1 164 258 -2131.63
1 169 164 -85637.6
1 172 162 -23420.0
1 172 163 -808.832
1 173 196 -479.526
1 175 213 -87905.5
1 195 280 -73068.4
1 202 295 -27337.4
1 203 296 -56149.5
1 214 174 -31723.6
1 218 173 -16652.2
1 226 358 -2732.73
1 247 335 -43177.8
1 256 333 -3366.77
1 262 350 -43.56
1 267 346 -21199.7
1 269 347 -11468.9
1 280 367 -28617.5
1 285 357 -22266.2
1 293 378 -4904.59
1 144 130 -10389.2
1 148 113 -20868.1
1 149 118 -28749.6
1 152 177 -32921.5
1 152 183 -31611.9
1 153 185 -7260.47
1 153 212 -35123.4
1 154 128 -165.982
1 155 180 -29394.6
1 155 187 -18146.3
1 159 188 -36586.2
1 161 161 -40007.8
1 162 171 -32047.5
1 164 159 -50639.2
1 167 163 -82904.5
1 170 217 -21506.0
1 174 182 -53226.1
1 175 178 -4713.87
1 188 287 -1698.79
1 201 279 -68290.8
1 222 252 -34465.8
1 222 266 -703.977
1 224 273 -55102.0
1 225 248 -46149.7
1 226 361 -31642.8
1 234 319 -78689.0
1 235 317 -105387.0
1 237 292 -63004.6
1 238 244 -0.0294443
1 248 238 -84440.4
1 248 331 -28396.9
1 259 347 -22932.2
1 266 345 -13616.0
1 271 268 -56243.0
1 274 278 -34805.8
1 296 393 -15102.7
1 141 116 -6614.52
1 142 185 -56487.5
1 143 184 -49321.2
1 144 151 -46055.6
1 144 186 -24168.8
1 145 114 -27291.6
1 146 150 -43560.0
1 146 180 -57931.0
1 147 148 -47775.5
1 147 171 -50585.8
1 149 181 -54191.4
1 149 202 -24770.2
1 150 172 -37939.4
1 150 183 -37435.6
1 150 186 -42145.4
1 151 178 -38525.3
1 151 181 -15327.5
1 151 189 -2529.29
1 151 211 -16209.0
1 152 180 -13825.4
1 153 188 -70398.6
1 158 173 -413.97900000000004
1 164 124 -1499.31
1 165 167 -43988.6
1 168 164 -42833.5
1 168 166 -155.97299999999998
1 170 115 -17802.9
1 176 222 -26698.1
1 184 210 -80527.0
1 188 207 -28103.2
1 189 288 -7206.15
1 193 280 -14497.0
1 209 273 -48157.7
1 210 249 -15615.7
1 213 270 -27434.4
1 219 272 -12494.7
1 221 317 -100795.0
1 224 287 -2515.98
1 227 344 -75869.2
1 228 354 -78273.1
1 230 352 -77961.8
1 231 270 -21468.1
1 231 347 -14560.5
1 235 295 -29391.8
1 236 320 -75878.7
1 236 342 -37596.7
1 236 344 -19890.3
1 240 330 -52976.0
1 240 337 -9382.26
1 240 357 -17019.5
1 244 333 -2859.7
1 246 332 -32767.0
1 246 337 -702.581
1 251 334 -34561.3
1 261 340 -9592.2
1 261 351 -11.8609
1 262 286 -10264.7
1 263 344 -15593.2
1 263 350 -5.8068800000000005
1 265 517 -166.627
1 267 321 -40183.4
1 267 428 -1379.93
1 269 364 -8823.01
1 270 267 -19902.7
1 270 361 -36243.3
1 278 502 -1203.23
1 281 331 -57993.8
1 284 333 -4764.11
1 289 371 -28122.3
1 296 358 -59578.8
1 297 356 -4941.95
1 297 391 -29.5084
1 299 347 -0.123551
1 131 125 -18607.1
1 134 123 -43200.3
1 135 126 -33.7239
1 142 169 -14237.8
1 146 146 -9193.07
1 152 213 -31232.5
1 156 214 -35056.0
1 161 185 -42455.5
1 163 186 -27021.3
1 166 203 -671.243
1 168 216 -45947.4
1 183 232 -85945.2
1 192 232 -140613.0
1 193 235 -58017.7
1 201 310 -1156.78
1 211 195 -1675.23
1 215 261 -47775.5
1 221 339 -40030.5
1 222 324 -15175.4
1 223 263 -45372.7
1 226 354 -10073.6
1 230 358 -10644.1
1 232 347 -11238.5
1 233 341 -4268.88
1 242 618 -11602.4
1 248 344 -44995.6
1 263 345 -17005.5
1 263 427 -49.0306
1 263 570 -184.178
1 265 414 -149.636
1 286 302 -5855.31
1 293 357 -13787.4
1 297 439 -11349.9
1 132 120 -10687.7
1 134 124 -20040.4
1 134 126 -9719.5
1 135 122 -10288.6
1 150 118 -38346.3
1 150 121 -60126.7
1 150 127 -1084.01
1 152 118 -26189.4
1 153 122 -9499.9
1 153 123 -8579.92
1 155 125 -8429.56
1 156 124 -29.5084
1 158 138 -20181.9
1 158 140 -34007.2
1 160 139 -31272.8
1 181 126 -53410.2
1 189 126 -52215.8
1 215 296 -730.684
1 224 257 -1222.49
1 230 223 -21853.3
1 260 337 -2595.96
1 276 359 -23790.4
1 281 445 -326.54200000000003
1 137 168 -30996.5
1 149 213 -5541.96
1 189 195 -32753.0
1 190 250 -10874.6
1 192 197 -81171.5
1 202 228 -27218.0
1 210 253 -3452.48
1 245 324 -3049.2
1 247 330 -0.862456
1 270 480 -79.1735
1 291 354 -2686.67
1 151 118 -11640.4
1 153 116 -4448.74
1 188 197 -32.3187
1 188 204 -19407.5
1 203 340 -174.604
1 206 281 -1573.78
1 208 226 -23730.4
1 211 266 -107820.0
1 213 276 -5096.69
1 214 274 -56756.5
1 220 278 -49055.7
1 223 372 -4567.57
1 232 398 -663.66
1 233 375 -859.959
1 236 317 -32318.7
1 239 385 -8967.08
1 239 406 -134.543
1 241 238 -30922.1
1 245 408 -3382.98
1 246 320 -4459.98
1 248 454 -1108.67
1 259 351 -3041.41
1 262 585 -176.372
1 263 492 -10.2015
1 267 449 -2261.36
1 268 351 -96.9561
1 269 360 -7434.37
1 272 360 -10712.9
1 273 340 -587.607
1 273 521 -6257.12
1 274 327 -9528.88
1 274 521 -131.058
1 275 465 -201.815
1 290 322 -82017.0
1 292 458 -189.74
1 294 354 -6230.49
1 147 116 -18182.8
1 147 183 -18031.0
1 156 122 -5800.51
1 258 337 -95.1328
1 259 439 -269.518
1 268 484 -16.0769
1 281 328 -6754.61
1 173 183 -49222.8
1 257 342 -6866.97
1 201 251 -76647.3
1 251 286 -2862.31
1 264 441 -21.2595
1 144 132 -296.168
1 257 404 -113241.0
1 136 173 -11452.1
1 144 189 -22814.0
1 154 122 -23627.8
1 161 179 -25740.1
1 164 169 -15456.8
1 167 128 -69339.7
1 183 124 -77189.7
1 183 205 -72.0119
1 186 125 -5350.85
1 186 209 -24049.3
1 204 300 -89.2642
1 225 242 -4215.48
1 226 375 -401154.0
1 238 302 -12354.7
1 244 321 -13826.8
1 245 406 -1810.12
1 247 591 -2796.95
1 248 590 -18.974
1 251 614 -926.709
1 255 333 -15022.6
1 256 443 -827.862
1 258 339 -1183.72
1 258 416 -238.03799999999998
1 263 583 -339.161
1 266 470 -835.03
1 269 482 -203.907
1 270 476 -1707.23
1 273 523 -207022.0
1 274 506 -3011.26
1 275 479 -14330.1
1 280 458 -526.0980000000001
1 297 388 -757.668
1 221 300 -6312.35
1 140 116 -7183.18
1 272 494 -55.0463
1 134 167 -4800.03
1 158 122 -1703.31
1 159 157 -50043.4
1 225 289 -20762.4
1 226 330 -25244.1
1 237 406 -501.189
1 244 430 -850.091
1 247 342 -50.928000000000004
1 253 427 -858.1439999999999
1 253 443 -1982.39
1 254 398 -28.0298
1 254 442 -1892.64
1 254 444 -164.815
1 254 445 -11.9675
1 256 445 -619.675
1 261 346 -35.4839
1 261 369 -1101.79
1 262 555 -87.0305
1 263 448 -135.83700000000002
1 271 364 -56775.5
1 271 471 -117.984
1 271 489 -20983.6
1 272 371 -417.98900000000003
1 273 520 -0.253253
1 275 371 -1763.48
1 289 321 -18540.4
1 262 394 -725365.0
1 271 492 -141.83100000000002
1 167 168 -24024.4
1 157 122 -431.86400000000003
1 160 136 -21.0004
1 169 201 -29169.4
1 211 313 -41.8723
1 212 315 -184.165
1 214 287 -332.046
1 224 372 -2173.39
1 246 609 -1674.03
1 247 590 -440.284
1 255 446 -128.937
1 270 482 -74.2192
1 276 386 -332.477
1 281 446 -479.094
1 291 458 -9.124789999999999
1 295 390 -29954.5
1 297 384 -190.542
1 297 387 -58.3987
1 165 158 -6355.54
1 145 147 -159.684
1 257 443 -563.615
1 258 456 -2.22896
1 162 205 -1405.16
1 234 400 -7.374
1 237 378 -90.5579
1 240 386 -51.3593
1 241 353 -25.7402
1 244 330 -15916.3
1 248 343 -121.434
1 252 457 -35.4901
1 253 400 -231.699
1 254 370 -15.2795
1 254 400 -39.8282
1 255 373 -240.625
1 261 362 -21772.7
1 262 441 -40.2681
1 263 353 -14.0149
1 274 527 -169.09799999999998
1 276 469 -12.0744
1 276 484 -151.572
1 277 429 -1184.97
1 282 451 -2570.85
1 279 477 -132.026
1 207 193 -75655.3
1 150 115 -16977.2
1 206 299 -25.6623
1 239 305 -603.179
1 261 461 -196.813
1 289 412 -3.6889199999999995
1 233 400 -52891.1
1 268 360 -1664.54
1 117 117 -105.87299999999999
1 183 311 -1053.06
1 220 175 -18796.6
1 244 355 -22958.6
1 245 261 -9612.08
1 290 355 -110395.0
1 294 370 -42319.2
1 264 474 -12.1175
1 149 125 -4260.45
1 164 240 -176.804
1 201 297 -78.009
1 207 298 -13.9718
1 232 373 -370.597
1 233 392 -110.634
1 234 236 -1744.32
1 234 401 -20.7852
1 235 390 -148.014
1 236 398 -1659.59
1 237 390 -196.64
1 237 399 -52.9979
1 241 374 -22.4239
1 248 606 -194.33700000000002
1 249 411 -231.729
1 253 418 -194.743
1 253 442 -427.347
1 254 600 -155.512
1 258 597 -167.963
1 259 428 -471.332
1 263 467 -31547.8
1 263 468 -18521.2
1 267 481 -710.62
1 268 457 -11.9026
1 281 429 -756.67
1 283 394 -74.5421
1 284 436 -4290.72
1 300 390 -30919.2
1 237 382 -174.64700000000002
1 240 379 -612.344
1 148 141 -12806.6
1 223 371 -2.41488
1 257 456 -65.0723
1 160 142 -9.643419999999999
1 290 441 -41.8723
1 257 602 -80.5922
1 176 219 -78.5696
1 209 228 -2168.16
1 256 590 -82.7553
1 290 403 -115.24799999999999
1 250 618 -1774.94
1 261 581 -18.6765
1 241 405 -550.553
1 271 484 -43.6489
1 235 358 -443.32300000000004
1 254 368 -1083.62
1 261 424 -215.614
1 290 463 -4972.06
1 279 465 -92.8865
1 175 246 -1.7605400000000002
1 195 301 -64.6374
1 231 201 -55416.8
1 240 393 -18.8878
1 282 445 -0.030186
1 255 399 -347.139
1 267 483 -489.80400000000003
1 243 350 -2036.17
1 244 406 -1.72491
1 288 370 -91.4204
1 162 138 -1.59554
1 218 352 -2962.91
1 259 459 -64.0805
1 251 431 -723.17
1 292 373 -8.993839999999999
1 227 282 -25.3041
1 265 476 -17.551
1 251 330 -44.4165
1 185 272 -9.27149
1 235 401 -11.1516
1 271 480 -16.9041
1 259 438 -47.0901
1 272 492 -29.1494
1 243 423 -13.0662
1 259 448 -224.627
1 271 535 -357.72
1 244 609 -25.6581
1 160 144 -56.2218
1 271 517 -618.036
1 212 180 -1203.21
1 271 536 -130.517
1 217 228 -1336.81
1 252 431 -1395.89
1 186 275 -1669.33
1 190 304 -805.543
1 250 444 -269.269
1 201 245 -1212.65
1 237 397 -2446.36
1 252 401 -2508.89
1 201 299 -41578.4
1 185 278 -9000.06
1 258 419 -654669.0
1 261 540 -1076.74
