1 62 1 3798.3
1 61 2 3770.7
1 60 3 3749.7
1 59 4 3733.5
1 58 5 3721.5
1 57 6 3713.4
1 56 7 3709.2
1 55 8 3709.0
1 54 9 3713.4
1 53 10 3722.5
1 52 11 3736.7
1 51 12 3755.5
1 49 13 3767.8
1 50 13 3777.1
1 48 14 3789.3
1 47 15 3784.5
1 46 16 3776.7
1 45 17 3766.9
1 45 18 3767.6
1 45 19 3768.3
1 44 20 3756.4
1 44 21 3756.2
1 44 22 3755.5
1 44 23 3754.2
1 44 24 3752.2
1 44 25 3749.4
1 44 26 3745.6
1 44 27 3740.7
1 44 28 3734.5
1 44 29 3727.0
1 44 30 3717.9
1 44 31 3707.0
1 44 32 3694.2
1 44 33 3679.1
1 44 34 3661.5
1 44 35 3641.1
1 44 36 3617.4
1 44 37 3589.8
1 44 38 3557.8
1 44 39 3520.3
1 44 40 3476.1
1 44 41 3422.8
1 43 42 3304.0
1 43 43 3265.0
1 43 44 3203.3
1 42 45 3052.1
1 42 46 2997.6
1 40 47 2765.7
1 41 47 2812.0
1 40 48 2729.6
1 40 49 2663.5
1 40 50 2567.6
1 35 78 4859.7
1 35 79 4888.1
1 34 80 4945.1
1 33 81 5025.5
1 32 82 5089.1
1 31 83 5102.5
1 30 84 5114.2
1 29 85 5123.1
1 28 86 5145.4
1 27 87 5164.2
1 26 88 5190.3
1 25 89 5217.8
1 25 90 5254.2
1 24 91 5241.3
1 24 92 5256.5
1 24 93 5293.6
1 24 94 5330.6
1 23 95 5345.7
1 23 96 5386.0
1 23 97 5422.3
1 22 98 5430.3
1 22 99 5471.4
1 22 100 5508.4
1 22 101 5545.7
1 21 102 5566.0
1 21 103 5611.1
1 20 104 5633.2
1 20 105 5675.7
1 19 106 5707.7
1 19 107 5752.1
1 18 108 5788.7
1 18 109 5828.5
1 17 110 5747.7
1 17 111 5758.8
1 17 112 5868.1
1 65 109 6030.5
1 66 109 6027.0
1 67 109 5976.4
1 68 109 5941.6
1 69 109 5951.1
1 62 110 5964.5
1 63 110 6002.2
1 64 110 6023.1
1 70 110 6040.0
1 60 111 5859.4
1 61 111 5880.9
1 71 111 6106.0
1 37 112 5647.1
1 38 112 5707.3
1 39 112 5768.9
1 40 112 5814.4
1 41 112 5851.4
1 42 112 5873.4
1 43 112 5884.6
1 44 112 5893.7
1 45 112 5900.9
1 46 112 5910.4
1 47 112 5919.3
1 48 112 5936.9
1 55 112 5739.6
1 56 112 5761.3
1 57 112 5778.4
1 58 112 5795.2
1 59 112 5810.1
1 72 112 6143.0
1 16 113 5956.8
1 33 113 5631.7
1 34 113 5615.1
1 35 113 5599.2
1 36 113 5578.7
1 49 113 5930.6
1 50 113 5908.4
1 51 113 5855.3
1 52 113 5800.7
1 53 113 5744.1
1 54 113 5707.4
1 73 113 6175.3
1 16 114 6015.9
1 29 114 5721.3
1 30 114 5696.1
1 31 114 5668.3
1 32 114 5633.3
1 74 114 6198.4
1 75 114 6202.5
1 16 115 6072.6
1 25 115 5833.0
1 26 115 5810.2
1 27 115 5781.0
1 28 115 5741.0
1 76 115 6234.3
1 16 116 6127.9
1 21 116 5975.7
1 22 116 5990.6
1 23 116 5903.4
1 24 116 5863.2
1 77 116 6249.5
1 78 116 6247.6
1 79 116 6260.2
1 16 117 6182.1
1 20 117 6023.7
1 80 117 6281.1
1 81 117 6279.2
1 82 117 6258.6
1 83 117 6231.1
1 84 117 6202.0
1 16 118 6219.5
1 17 118 6185.7
1 18 118 6138.6
1 19 118 6085.1
1 85 118 6131.5
1 85 119 6089.7
1 86 120 6072.5
1 86 121 6095.2
1 86 122 6120.0
1 86 123 6137.3
1 86 124 6149.7
1 86 125 6159.3
1 86 126 6166.4
1 86 127 6170.1
1 86 128 6170.7
1 86 129 6169.0
1 86 130 6166.3
1 86 131 6162.1
1 86 132 6155.2
1 86 133 6146.5
1 86 134 6134.7
1 86 135 6118.8
1 86 136 6099.7
1 85 137 6050.6
1 85 138 6037.7
1 84 139 6032.8
1 83 140 6073.8
1 82 141 6157.7
1 82 142 6174.0
1 81 143 6226.7
1 80 144 6287.2
1 79 145 6356.2
1 78 146 6419.8
1 77 147 6487.1
1 76 148 6559.0
1 75 149 6636.4
1 75 150 6700.7
1 75 151 6761.3
1 75 152 6821.9
1 75 153 6868.8
1 76 154 6862.0
1 77 154 6849.2
1 78 154 6839.0
1 79 155 6827.7
1 80 155 6815.1
1 81 156 6797.5
1 82 157 6771.0
1 82 158 6748.6
1 83 158 6734.5
1 84 159 6704.6
1 84 160 6676.8
1 84 161 6652.4
1 84 162 6628.5
1 85 163 6603.4
1 86 164 6574.0
1 87 165 6537.0
1 88 166 6502.2
1 89 167 6468.6
1 90 168 6387.2
1 90 169 6337.2
1 91 170 6269.8
1 92 171 6198.4
1 93 172 6167.7
1 94 173 6141.2
1 94 174 6138.8
1 95 175 6123.4
1 95 176 6109.0
1 95 177 6113.7
1 95 178 6120.7
1 95 179 6126.0
1 96 180 5954.7
1 97 181 5971.7
1 98 182 5989.2
1 99 183 6006.7
1 100 184 6022.5
1 101 185 6037.9
1 102 185 6046.3
1 103 185 6061.9
1 104 186 6096.3
1 105 186 6097.4
1 106 187 6100.6
1 107 188 6096.4
1 108 189 5914.1
1 108 190 5916.1
1 108 191 5917.1
1 108 192 5916.7
1 108 193 5912.5
1 107 194 5707.4
1 107 195 5703.4
1 107 196 5695.6
1 107 197 5685.3
1 107 198 5673.3
1 106 199 5634.9
1 106 200 5622.0
1 105 201 5576.1
1 105 202 5562.9
1 104 203 5522.4
1 104 204 5513.7
1 104 205 5498.7
1 104 206 5477.3
1 104 207 5444.2
1 98 208 5460.6
1 99 208 5470.7
1 100 208 5483.1
1 101 208 5496.0
1 102 208 5513.7
1 103 208 5542.4
1 97 209 5451.3
1 97 210 5450.1
1 97 211 5446.0
1 97 212 5440.7
1 96 213 5424.1
1 95 214 5416.7
1 95 215 5415.4
1 94 216 5408.0
1 94 217 5407.1
1 94 218 5406.4
1 95 219 5410.6
1 96 220 5414.1
1 97 221 5418.0
1 97 222 5416.9
1 98 223 5420.2
1 98 224 5418.8
1 99 225 5422.9
1 99 226 5421.0
1 100 227 5242.1
1 128 227 5398.5
1 129 227 5461.6
1 101 228 5248.0
1 107 228 5142.9
1 108 228 5167.8
1 109 228 5196.4
1 110 228 5228.4
1 111 228 5263.1
1 125 228 5283.4
1 126 228 5309.8
1 127 228 5318.0
1 130 228 5187.6
1 131 228 5194.1
1 132 228 5188.2
1 133 228 5189.3
1 134 228 5195.5
1 135 228 5209.9
1 136 228 5226.9
1 137 228 5240.2
1 138 228 5267.0
1 102 229 5252.8
1 106 229 5280.7
1 112 229 5117.3
1 118 229 5143.6
1 119 229 5162.0
1 120 229 5177.9
1 121 229 5192.0
1 122 229 5203.3
1 123 229 5212.7
1 124 229 5215.2
1 139 229 5340.3
1 103 230 5256.3
1 104 230 5258.9
1 105 230 5261.9
1 113 230 5133.9
1 114 230 5125.4
1 115 230 5121.1
1 116 230 5118.6
1 117 230 5110.7
1 140 230 5307.1
1 139 231 5374.7
1 137 232 5411.3
1 138 232 5410.6
1 136 233 5414.6
1 135 234 5407.4
1 133 235 5374.7
1 134 235 5388.0
1 132 236 5357.8
1 130 237 5314.5
1 131 237 5329.7
1 129 238 5303.3
1 128 239 5287.2
1 127 240 5267.3
1 127 241 5257.5
1 127 242 5244.6
1 128 243 5252.9
1 129 244 5251.2
1 129 245 5238.5
1 130 246 5234.7
1 131 246 5233.6
1 132 246 5236.5
1 133 246 5245.8
1 134 246 5263.2
1 135 246 5289.6
1 136 246 5316.8
1 137 246 5336.8
1 138 246 5358.8
1 139 247 5409.5
1 140 247 5434.0
1 141 247 5471.5
1 142 247 5514.8
1 143 248 5577.8
1 144 249 5671.3
1 144 250 5698.1
1 145 251 5749.9
1 145 252 5775.5
1 145 253 5795.8
1 146 254 5829.1
1 146 255 5826.5
1 146 256 5820.5
1 146 257 5812.6
1 146 258 5802.4
1 146 259 5790.6
1 146 260 5777.2
1 146 261 5764.9
1 146 262 5751.7
1 146 263 5738.5
1 146 264 5728.4
1 146 265 0.0
1 147 266 5482.8
1 147 267 5453.7
1 147 268 5428.8
1 147 269 5389.1
1 147 270 5356.1
1 148 271 5306.0
1 148 272 5279.2
1 148 273 5252.1
1 148 274 5230.3
1 149 274 5215.4
1 149 275 5175.8
1 149 276 5143.6
1 149 277 5091.0
1 149 278 5036.4
1 150 279 5132.7
1 150 280 5087.7
1 150 281 5046.5
1 150 282 5016.2
1 151 283 4932.5
1 151 284 4888.7
1 151 285 4855.4
1 152 286 4761.4
1 152 287 4706.8
1 152 288 4662.5
1 152 289 4628.0
1 153 290 4722.8
1 153 291 4696.3
1 153 292 4704.2
1 154 293 4715.0
1 154 294 4726.6
1 154 295 4736.1
1 154 296 4742.2
1 155 297 4760.1
1 155 298 4763.9
1 156 299 4586.8
1 157 299 4593.1
1 158 299 4602.6
1 159 299 4615.1
1 160 299 4631.1
1 161 299 4650.5
1 162 300 4681.7
1 162 301 4684.5
1 162 302 4683.6
1 162 303 4681.0
1 162 304 4678.3
1 163 305 4857.4
1 163 306 4848.4
1 163 307 4838.6
1 163 308 4829.3
1 163 309 4823.2
1 164 310 5039.4
1 165 311 5081.0
1 166 312 5152.7
1 167 313 5211.3
1 168 314 5244.2
1 168 315 5076.7
1 168 316 5081.0
1 169 316 5088.5
1 169 317 5094.3
1 170 317 5104.1
1 171 318 5105.2
1 171 319 5081.8
1 172 320 5033.9
1 172 321 4986.4
1 172 322 4938.1
1 172 323 4887.1
1 172 324 4847.4
1 173 325 4845.9
1 173 326 4849.5
1 173 327 4851.3
1 174 328 4860.7
1 174 329 4862.3
1 174 330 4863.3
1 175 331 4867.8
1 176 331 4871.8
1 177 331 4877.7
1 178 332 4887.1
1 179 333 4889.7
1 179 334 4886.6
1 179 335 4883.5
1 180 336 4881.0
1 181 337 4872.5
1 181 338 4867.8
1 187 338 4741.0
1 188 338 4762.1
1 189 338 4779.7
1 190 338 4793.4
1 182 339 4858.5
1 186 339 4873.5
1 191 339 4797.0
1 192 339 5216.0
1 182 340 4852.5
1 186 340 4857.8
1 193 340 5215.3
1 182 341 4848.9
1 186 341 4847.8
1 194 341 5215.2
1 195 341 5216.8
1 183 342 4845.3
1 184 342 4845.1
1 185 342 4844.6
1 186 342 4843.5
1 196 342 5216.5
1 196 343 5214.4
1 197 344 5213.3
1 198 345 5210.9
1 199 346 5208.8
1 200 346 5210.4
1 201 346 5212.6
1 202 346 5214.7
1 203 346 5215.5
1 204 346 4362.11
1 205 347 5199.5
1 206 347 5193.3
1 207 348 5398.8
1 207 349 5496.1
1 207 350 5637.0
1 206 351 5696.9
1 205 352 5701.7
1 205 353 5706.2
1 205 354 5711.2
1 206 355 5734.1
1 206 356 5742.3
1 207 357 5767.0
1 208 357 5784.2
1 209 358 5465.4
1 210 359 5522.7
1 211 359 5550.7
1 212 360 5470.5
1 212 361 5507.7
1 208 362 5529.9
1 209 362 5534.6
1 210 362 5541.7
1 211 362 5547.4
1 207 363 5526.1
1 206 364 5520.7
1 206 365 5522.0
1 206 366 5522.2
1 206 367 5521.4
1 206 368 5520.4
1 206 369 5519.2
1 207 369 5525.6
1 208 369 5542.1
1 209 369 5563.8
1 210 369 5588.2
1 211 369 5618.5
1 212 369 5654.9
1 213 369 5699.1
1 214 370 5595.6
1 215 370 5629.4
1 216 372 5626.7
1 214 373 5263.1
1 215 373 5351.3
1 214 374 5220.0
1 213 375 5270.2
1 212 376 5247.8
1 211 377 5194.7
1 211 378 5183.6
1 211 379 5178.1
1 211 380 5180.2
1 211 381 5189.3
1 211 382 5243.7
1 211 383 5293.5
1 212 384 45000.0
1 212 385 45000.0
1 212 386 45000.0
1 212 387 45000.0
1 212 388 45000.0
1 212 389 45000.0
1 212 390 45000.0
1 212 391 45000.0
1 212 392 45000.0
1 212 393 45000.0
1 213 394 45000.0
1 213 395 45000.0
1 213 396 45000.0
1 213 397 45000.0
1 213 398 45000.0
1 213 399 45000.0
1 213 400 45000.0
1 213 401 45000.0
1 213 402 45000.0
1 214 403 45000.0
1 214 404 45000.0
1 214 405 45000.0
1 214 406 45000.0
1 214 407 45000.0
1 214 409 45000.0
1 214 410 45000.0
1 214 411 45000.0
1 214 412 45000.0
1 214 413 45000.0
1 214 414 45000.0
1 214 415 45000.0
1 215 416 45000.0
1 215 417 45000.0
1 227 417 45000.0
1 228 417 45000.0
1 229 417 45000.0
1 216 418 45000.0
1 226 418 45000.0
1 230 418 45000.0
1 217 419 45000.0
1 218 419 45000.0
1 219 419 45000.0
1 220 419 45000.0
1 221 419 45000.0
1 222 419 45000.0
1 223 419 45000.0
1 224 419 45000.0
1 225 419 45000.0
1 229 419 45000.0
1 229 420 45000.0
1 226 421 45000.0
1 227 421 45000.0
1 228 421 45000.0
1 224 422 45000.0
1 225 422 45000.0
1 224 423 45000.0
1 224 424 45000.0
1 225 424 45000.0
1 226 424 45000.0
1 227 424 45000.0
1 228 424 45000.0
1 229 425 45000.0
1 229 426 45000.0
1 229 427 45000.0
1 229 428 45000.0
1 229 429 45000.0
1 228 430 45000.0
1 228 431 45000.0
1 228 432 45000.0
1 228 433 45000.0
1 228 434 45000.0
1 228 435 45000.0
1 229 435 45000.0
1 230 436 45000.0
1 230 437 45000.0
1 230 438 45000.0
1 230 439 45000.0
1 230 440 45000.0
1 230 441 45000.0
1 230 442 45000.0
1 230 443 45000.0
1 230 444 45000.0
1 230 445 45000.0
1 230 446 45000.0
1 230 447 45000.0
1 230 448 45000.0
1 230 449 45000.0
1 230 450 45000.0
1 230 451 45000.0
1 230 452 45000.0
1 230 453 45000.0
1 230 454 45000.0
1 230 455 45000.0
1 230 456 45000.0
1 231 457 45000.0
1 231 458 45000.0
1 231 459 45000.0
1 231 460 45000.0
1 232 461 45000.0
1 232 462 45000.0
1 232 463 45000.0
1 232 464 45000.0
1 233 464 45000.0
1 234 464 45000.0
1 235 464 45000.0
1 236 464 45000.0
1 237 464 45000.0
1 238 464 45000.0
1 239 465 45000.0
1 239 466 45000.0
1 239 467 5337.1
1 238 468 5337.1
1 238 469 5337.1
1 238 470 5337.1
1 239 471 5337.1
1 240 471 5337.1
1 241 472 5337.1
1 242 472 5337.1
1 243 472 5337.1
1 244 473 5337.1
1 245 474 5337.1
1 246 475 5337.1
1 246 476 5337.1
1 246 477 5337.1
1 246 478 5337.1
1 246 479 5337.1
1 246 480 5337.1
1 245 481 5337.1
1 245 482 5337.1
1 244 483 5337.1
1 243 484 5337.1
1 243 485 5337.1
1 243 486 5337.1
1 243 487 5337.1
1 243 488 5337.1
1 243 489 5337.1
1 242 490 5337.1
1 242 491 5337.1
1 241 492 5337.1
1 241 493 5337.1
1 240 494 5337.1
1 239 495 5337.1
1 238 496 5337.1
1 235 497 5337.1
1 236 497 5337.1
1 237 497 5337.1
1 233 498 5337.1
1 234 498 5337.1
1 233 499 5337.1
1 232 500 5337.1
1 231 501 5337.1
1 231 502 5337.1
1 231 503 5337.1
1 231 504 5337.1
1 231 505 5337.1
1 231 506 5337.1
1 231 507 5337.1
1 231 508 5337.1
1 231 509 5337.1
1 231 510 5337.1
1 231 511 5337.1
1 231 512 5337.1
1 231 513 5337.1
1 231 514 5337.1
1 231 515 5337.1
1 232 516 5337.1
1 232 517 5337.1
1 232 518 5337.1
1 233 519 5337.1
1 233 520 5337.1
1 233 521 5337.1
1 234 522 5337.1
1 234 523 5337.1
1 235 524 5337.1
1 235 525 5337.1
1 236 525 5337.1
1 237 525 5337.1
1 238 525 5337.1
1 239 526 5337.1
1 239 527 5337.1
1 240 528 5437.9
1 240 529 5453.1
1 241 530 5519.7
1 241 531 5549.7
1 241 532 5566.6
1 241 533 5578.1
1 241 534 5586.4
1 242 535 5064.8
1 242 536 5076.1
1 243 536 5094.1
1 244 536 5126.6
1 245 536 5155.2
1 246 537 5210.6
1 246 538 5227.7
1 247 539 5267.6
1 248 540 5303.1
1 249 540 5315.2
1 250 540 5331.6
1 251 541 5365.2
1 250 544 5398.8
1 251 544 5401.1
1 245 545 5344.2
1 246 545 5355.4
1 247 545 5374.0
1 248 545 5387.7
1 249 545 5393.2
1 243 546 5317.7
1 244 546 5321.7
1 243 547 5318.4
1 242 548 5314.5
1 242 549 5314.8
1 241 550 5308.6
1 241 551 5306.9
1 240 552 5296.5
1 239 553 5285.5
1 238 554 0.0
1 237 555 5249.9
1 236 556 5248.8
1 236 557 5248.8
1 232 558 5189.1
1 233 558 5186.1
1 234 558 5193.8
1 235 558 5197.3
1 232 559 5201.2
1 231 560 5201.4
1 231 561 5209.8
1 231 562 5216.5
1 231 563 5221.6
1 231 564 5222.9
1 230 565 5389.7
1 230 566 5382.9
1 230 567 5372.0
1 230 568 5359.6
1 215 371 5678.1
1 39 51 6043.2
1 39 52 5967.8
1 38 53 5714.5
1 38 54 5641.8
1 37 55 5375.6
1 36 56 5152.8
1 35 57 4950.0
1 35 58 4889.0
1 35 59 4787.7
1 35 60 8397.7
1 35 61 8262.3
1 35 62 8125.5
1 35 63 7985.2
1 35 64 7841.2
1 35 65 7693.4
1 35 66 7542.6
1 35 67 7395.4
1 35 68 7276.3
1 36 69 10770.0
1 36 70 10502.6
1 36 71 10250.3
1 36 72 10007.1
1 36 73 9772.1
1 36 74 9559.1
1 36 75 9377.7
1 36 76 9287.9
1 36 77 9255.2
1 230 569 5347.0
1 230 570 5333.5
1 230 571 5317.4
1 230 572 5306.0
1 230 573 5316.9
1 230 574 5332.4
1 230 575 5342.6
1 230 576 5344.7
1 230 577 5179.6
1 230 578 5212.8
1 230 579 5245.9
1 230 580 5275.3
1 230 581 5278.4
1 230 582 5283.8
1 230 583 5286.3
1 230 584 5285.4
1 230 585 5282.0
1 230 586 5277.4
1 230 587 5271.3
1 230 588 5267.4
1 229 589 5251.5
1 229 590 5242.2
1 228 591 5219.5
1 228 592 5203.8
1 228 593 5186.5
1 228 594 5164.3
1 227 595 5120.1
1 227 596 5096.9
1 227 597 5068.8
1 227 598 5035.6
1 227 599 4786.4
1 226 600 4700.2
1 226 601 4698.2
1 226 602 4696.9
1 226 603 4697.6
1 225 604 4268.5
1 224 605 4268.5
1 223 606 4290.4
1 222 607 4310.8
1 223 605 4275.0
1 114 114 -67447.7
1 117 120 -2209.55
1 121 111 -263187.0
1 121 113 -200938.0
1 124 115 -66745.2
1 125 116 -224404.0
1 126 120 -119439.0
1 129 121 -33723.9
1 130 122 -7830.2
1 133 112 -106933.0
1 135 194 -1788.0
1 138 201 -24309.3
1 139 168 -10117.2
1 140 168 -25011.9
1 141 191 -104122.0
1 143 126 -32318.7
1 143 172 -18829.2
1 143 190 -61124.5
1 144 166 -83326.1
1 144 172 -53255.6
1 144 182 -126465.0
1 144 190 -16440.4
1 145 161 -138549.0
1 146 117 -43560.0
1 146 188 -19531.7
1 146 190 -1967.23
1 147 132 -10117.2
1 147 145 -804.39
1 148 167 -195317.0
1 148 176 -152702.0
1 148 196 -54379.7
1 149 145 -38923.0
1 149 146 -65059.0
1 150 128 -140.52
1 150 198 -24168.8
1 151 142 -448809.0
1 151 195 -46089.3
1 152 123 -42154.8
1 152 125 -38884.3
1 152 132 -804.39
1 153 142 -147401.0
1 153 192 -116628.0
1 154 125 -1264.65
1 154 171 -12888.8
1 154 249 -60140.9
1 155 112 -68993.4
1 155 129 -18407.6
1 155 141 -182390.0
1 156 129 -223702.0
1 156 146 -116488.0
1 157 135 -18330.2
1 157 140 -327403.0
1 157 251 -132788.0
1 158 133 -41975.6
1 158 137 -51569.4
1 158 181 -176629.0
1 159 119 -52693.6
1 159 173 -55082.3
1 160 119 -8852.52
1 161 125 -7025.81
1 161 129 -983.61
1 161 131 -702.58
1 161 188 -64918.4
1 162 119 -8852.52
1 162 121 -68571.9
1 162 128 -332040.0
1 162 132 -35831.6
1 162 140 -1405.16
1 162 167 -2810.32
1 162 169 -20093.8
1 163 137 -4074.97
1 163 138 -6846.58
1 164 135 -38079.9
1 165 130 -92038.1
1 165 131 -2388.77
1 166 126 -9695.61
1 167 259 -3793.94
1 168 123 -562.06
1 168 208 -79391.6
1 169 127 -140.52
1 169 163 -66183.1
1 170 131 -35550.6
1 170 132 -4356.0
1 170 163 -49602.2
1 171 130 -29648.9
1 171 131 -49321.2
1 171 132 -58033.2
1 172 130 -28103.2
1 172 218 -248854.0
1 174 135 -14894.7
1 175 134 -32318.7
1 175 204 -8571.48
1 176 176 -25573.9
1 176 202 -46932.4
1 177 133 -108338.0
1 177 211 -23887.7
1 178 261 -59719.4
1 179 181 -54941.8
1 179 183 -74052.0
1 179 210 -31756.7
1 180 208 -29086.8
1 183 184 -113818.0
1 184 246 -9274.06
1 187 200 -94426.8
1 187 281 -23887.7
1 188 198 -84450.2
1 188 209 -42716.9
1 188 240 -128291.0
1 188 258 -141921.0
1 189 282 -22482.6
1 190 281 -61405.6
1 191 191 -83045.0
1 191 281 -138549.0
1 193 256 -16721.4
1 193 260 -29090.7
1 197 252 -6042.19
1 198 297 -103982.0
1 198 298 -839.4
1 199 211 -101172.0
1 199 231 -67869.3
1 199 298 -804.39
1 200 298 -804.39
1 201 234 -19110.2
1 203 275 -200938.0
1 203 280 -15175.7
1 204 248 -19232.8
1 205 300 -850.53
1 206 286 -8430.97
1 206 300 -1608.78
1 210 264 -11662.8
1 211 255 -25433.4
1 212 258 -102858.0
1 213 264 -281.03
1 213 300 -56628.0
1 214 240 -90070.8
1 215 260 -36253.2
1 216 238 -43560.0
1 216 267 -89508.8
1 217 264 -93583.7
1 217 365 -1545.68
1 218 179 -135458.0
1 219 310 -23606.7
1 221 223 -9695.61
1 221 246 -9555.1
1 221 284 -6259.49
1 222 352 -28969.4
1 222 358 -18969.7
1 222 369 -5058.58
1 223 271 -37377.3
1 224 301 -53115.1
1 224 374 -12563.5
1 226 311 -18407.6
1 226 331 -38836.4
1 226 350 -348.08
1 226 365 -3044.47
1 226 382 -8540.57
1 227 270 -421.55
1 228 225 -101734.0
1 230 255 -67869.3
1 230 361 -126465.0
1 231 401 -804.39
1 232 256 -4496.52
1 232 364 -141.53
1 232 370 -2833.64
1 233 337 -804.39
1 233 376 -2976.13
1 233 394 -1608.78
1 233 399 -98642.3
1 234 304 -5478.8
1 234 393 -838.02
1 235 400 -2107.74
1 235 605 -3268.71
1 235 609 -4847.0
1 236 263 -31756.7
1 236 351 -59438.3
1 236 609 -630.77
1 237 237 -21499.0
1 237 316 -35994.6
1 237 357 -5437.97
1 237 389 -804.39
1 238 221 -3934.45
1 238 398 -38.26
1 238 605 -4225.5
1 238 609 -1608.78
1 239 250 -25995.5
1 239 338 -56206.4
1 239 426 -1124.13
1 239 605 -4021.95
1 239 606 -2413.17
1 239 619 -804.39
1 240 380 -804.39
1 240 426 -75498.5
1 240 608 -3217.56
1 241 335 -91054.5
1 241 342 -56206.4
1 241 358 -1686.19
1 241 604 -804.39
1 242 311 -9371.02
1 243 357 -2107.74
1 243 371 -15987.2
1 243 389 -3372.39
1 243 422 -140.52
1 243 605 -4724.53
1 244 605 -4826.34
1 244 621 -4641.5
1 245 238 -74895.1
1 245 322 -60421.9
1 245 337 -804.39
1 245 370 -11081.1
1 245 621 -804.39
1 246 321 -6050.94
1 246 618 -2413.17
1 247 344 -812.27
1 247 383 -18260.1
1 247 384 -2378030.0
1 248 251 -29996.2
1 248 424 -6885.29
1 248 436 -2248.26
1 248 442 -1967.23
1 248 444 -20179.8
1 248 589 -5620.65
1 249 373 -823.27
1 249 389 -5339.61
1 249 424 -804.39
1 249 430 -45684.3
1 249 436 -8348.73
1 249 443 -3013.22
1 249 606 -4021.95
1 250 239 -10538.7
1 250 326 -5008.72
1 250 424 -804.39
1 250 425 -472556.0
1 250 431 -55236.0
1 250 595 -6207.11
1 251 300 -134895.0
1 251 356 -46775.0
1 251 408 -984.06
1 251 456 -804.39
1 251 457 -47.01
1 251 594 -804.39
1 251 595 -835.65
1 251 596 -1608.78
1 252 230 -47916.0
1 252 285 -52553.0
1 252 329 -48099.2
1 252 450 -421.55
1 252 595 -804.39
1 252 606 -804.39
1 253 298 -17564.5
1 253 331 -25839.2
1 253 332 -35297.6
1 253 416 -140.52
1 253 420 -5238.31
1 254 338 -118034.0
1 254 367 -1124.13
1 254 407 -162793.0
1 254 597 -804.39
1 254 607 -7830.2
1 255 381 -31054.1
1 255 383 -54098.7
1 255 395 -2107.74
1 255 420 -9555.1
1 255 439 -39625.6
1 255 443 -74649.6
1 255 595 -804.39
1 255 596 -804.39
1 255 606 -6284.52
1 255 609 -1608.78
1 255 610 -7766.23
1 256 314 -9737.13
1 256 335 -53677.2
1 256 341 -421.55
1 256 370 -2251.01
1 256 413 -2669.81
1 256 586 -68975.7
1 256 593 -3217.56
1 257 238 -2388.77
1 257 413 -843.1
1 257 576 -5880.47
1 257 599 -185158.0
1 257 600 -77986.5
1 258 325 -13450.4
1 258 336 -4361.44
1 258 418 -290947.0
1 258 420 -32294.9
1 258 442 -925035.0
1 258 464 -6744.77
1 258 585 -4826.34
1 258 595 -1608.78
1 258 601 -31194.6
1 258 602 -128881.0
1 259 340 -206520.0
1 259 371 -9823.38
1 259 405 -1599.86
1 259 588 -39259.0
1 259 592 -20560.5
1 259 593 -1032.07
1 260 342 -72225.3
1 260 349 -1124.13
1 260 407 -2757580.0
1 260 413 -79882.1
1 260 424 -892.71
1 260 461 -3231.87
1 260 463 -83747.6
1 260 464 -40468.6
1 260 585 -15740.1
1 260 586 -29625.7
1 261 337 -8712.0
1 261 355 -173256.0
1 261 381 -250397.0
1 261 395 -80011.0
1 261 416 -44403.1
1 261 418 -804.39
1 261 429 -59035.0
1 261 464 -17705.0
1 261 492 -804.39
1 261 571 -11522.3
1 261 576 -18701.2
1 262 345 -66042.6
1 262 540 -299.32
1 262 564 -29939.6
1 262 568 -25433.4
1 262 570 -161453.0
1 262 571 -3793.94
1 263 340 -28384.3
1 263 434 -1.53
1 263 471 -25152.4
1 263 520 -1615.53
1 263 574 -4074.97
1 263 582 -19756.1
1 264 265 -80375.2
1 264 344 -23887.7
1 264 345 -54660.8
1 264 355 -562.06
1 264 367 -804.39
1 264 383 -48435.9
1 264 407 -2810.32
1 264 428 -175850.0
1 264 468 -56.21
1 264 476 -140.52
1 264 477 -67307.2
1 264 523 -3115.75
1 264 524 -983.61
1 264 549 -5889.76
1 265 363 -8149.94
1 265 364 -29494.1
1 265 374 -87374.3
1 265 380 -43.01
1 265 422 -197874.0
1 265 523 -5476.04
1 266 337 -1366.45
1 266 340 -20374.8
1 266 462 -281.03
1 267 391 -23606.7
1 267 396 -562.06
1 267 463 -2388.77
1 267 555 -804.39
1 267 556 -804.39
1 268 334 -137003.0
1 268 436 -3518860.0
1 268 455 -15.5
1 268 479 -562.06
1 268 480 -702.58
1 268 489 -12162.9
1 269 363 -804.39
1 269 397 -60140.9
1 269 450 -6182.71
1 269 456 -24084.5
1 269 541 -1647.49
1 270 337 -2810.32
1 270 352 -64075.4
1 270 412 -68135.7
1 270 417 -432900.0
1 270 429 -3161.61
1 270 481 -804.39
1 270 483 -2152.57
1 270 484 -944.91
1 270 486 -21397.5
1 270 498 -26417.0
1 270 539 -281.03
1 271 319 -70298.8
1 271 335 -1826.71
1 271 371 -1405.16
1 271 415 -49813.5
1 271 485 -353.71
1 271 493 -170277.0
1 271 498 -18267.1
1 271 537 -57347.7
1 272 337 -21539.8
1 272 351 -8009.42
1 272 366 -421.55
1 272 368 -216882.0
1 272 388 -1128810.0
1 272 396 -16440.4
1 272 450 -7025.81
1 272 451 -24309.3
1 272 453 -421.55
1 272 462 -2196690.0
1 272 490 -983.61
1 272 491 -27.26
1 272 497 -27245.8
1 272 498 -25152.4
1 272 530 -156417.0
1 272 532 -244758.0
1 272 535 -175.65
1 273 363 -1405.16
1 273 392 -721.67
1 273 410 -2810.32
1 273 480 -10679.2
1 273 510 -2490.58
1 273 516 -19004.5
1 273 517 -212940.0
1 273 518 -491.13
1 274 409 -2388.77
1 274 520 -38501.4
1 275 367 -284264.0
1 275 441 -271804.0
1 275 506 -2529.29
1 276 366 -94426.8
1 276 392 -562.06
1 276 446 -5199.1
1 276 474 -26355.0
1 277 294 -74736.1
1 277 390 -7728.39
1 277 407 -1040050.0
1 277 431 -30462.0
1 277 468 -140.52
1 277 472 -167172.0
1 277 480 -26355.0
1 277 482 -140.52
1 278 365 -13630.1
1 278 435 -612.34
1 278 482 -3512.9
1 279 310 -33933.1
1 279 336 -63934.8
1 279 433 -198891.0
1 279 438 -417539.0
1 279 475 -99790.5
1 279 485 -22061.0
1 280 365 -33723.9
1 280 433 -22234.1
1 280 442 -14192.1
1 280 469 -2201.89
1 280 471 -51566.6
1 281 458 -280228.0
1 282 409 -7728.39
1 282 424 -4356.0
1 282 430 -562.06
1 282 436 -10785.0
1 282 454 -1569.67
1 282 457 -13747.5
1 283 354 -14192.1
1 283 429 -303234.0
1 283 449 -34598.6
1 283 452 -132909.0
1 283 455 -776.21
1 283 468 -52259.4
1 284 339 -34299.0
1 284 457 -8430.97
1 284 463 -37706.1
1 285 336 -7468.23
1 285 374 -7728.39
1 285 467 -168067.0
1 285 475 -97298.0
1 286 330 -90730.4
1 286 425 -24812.2
1 286 475 -42928.8
1 286 477 -79311.5
1 287 329 -547.93
1 287 426 -804.39
1 287 477 -30354.2
1 288 419 -13208.5
1 288 423 -1920.47
1 288 426 -804.39
1 289 351 -61124.5
1 289 404 -201490.0
1 289 459 -206467.0
1 289 468 -64162.4
1 290 382 -123145.0
1 290 402 -111.01
1 290 411 -5620.65
1 290 412 -22061.0
1 290 413 -1686.19
1 291 350 -702.58
1 291 355 -27140.4
1 291 373 -1405.16
1 292 361 -49461.7
1 292 365 -25573.9
1 292 416 -1405.16
1 292 469 -7123.89
1 294 435 -25292.9
1 294 447 -40919.2
1 294 458 -17230.6
1 295 391 -21217.9
1 295 430 -2086660.0
1 296 388 -2187.77
1 296 398 -254963.0
1 296 433 -54239.2
1 297 381 -16721.4
1 297 383 -702.58
1 297 395 -172151.0
1 297 401 -184269.0
1 297 402 -12432.9
1 297 413 -1228330.0
1 297 415 -154568.0
1 297 442 -41241.1
1 298 389 -13068.0
1 299 354 -6182.71
1 299 355 -231.14
1 299 387 -108.65
1 102 110 -804.39
1 102 113 -804.39
1 103 100 -804.39
1 103 104 -804.39
1 104 115 -804.39
1 105 115 -804.39
1 105 139 -804.39
1 108 117 -804.39
1 109 112 -804.39
1 111 155 -804.39
1 111 208 -804.39
1 112 181 -804.39
1 113 111 -804.39
1 113 159 -804.39
1 113 211 -804.39
1 114 173 -804.39
1 114 212 -1608.78
1 115 212 -1608.78
1 116 121 -804.39
1 116 150 -804.39
1 116 166 -804.39
1 117 119 -804.39
1 117 168 -804.39
1 117 210 -804.39
1 119 194 -804.39
1 119 202 -804.39
1 119 96 -804.39
1 120 155 -804.39
1 120 94 -804.39
1 121 187 -804.39
1 123 110 -804.39
1 123 111 -804.39
1 123 158 -804.39
1 123 168 -804.39
1 123 193 -804.39
1 123 202 -1608.78
1 125 150 -804.39
1 125 151 -804.39
1 125 193 -804.39
1 125 194 -804.39
1 126 121 -804.39
1 126 191 -804.39
1 126 195 -804.39
1 127 150 -804.39
1 127 160 -804.39
1 127 169 -804.39
1 127 195 -804.39
1 127 199 -1608.78
1 128 122 -804.39
1 128 148 -804.39
1 128 149 -804.39
1 128 152 -804.39
1 128 153 -804.39
1 128 154 -804.39
1 128 157 -804.39
1 128 199 -804.39
1 129 117 -804.39
1 129 119 -804.39
1 129 122 -804.39
1 129 146 -804.39
1 129 154 -1608.78
1 129 162 -804.39
1 129 176 -804.39
1 130 120 -804.39
1 130 154 -804.39
1 130 155 -804.39
1 130 156 -2413.17
1 130 194 -804.39
1 131 112 -804.39
1 131 121 -804.39
1 131 122 -804.39
1 131 150 -804.39
1 131 156 -804.39
1 131 157 -804.39
1 131 158 -804.39
1 131 161 -1608.78
1 131 198 -804.39
1 132 112 -804.39
1 132 155 -804.39
1 132 156 -804.39
1 132 160 -804.39
1 132 161 -1608.78
1 133 155 -804.39
1 133 159 -804.39
1 133 160 -1608.78
1 133 192 -1608.78
1 133 193 -804.39
1 134 148 -804.39
1 134 150 -804.39
1 134 151 -804.39
1 134 156 -804.39
1 134 191 -804.39
1 134 193 -3217.56
1 135 148 -4021.95
1 135 149 -1608.78
1 135 156 -804.39
1 135 157 -804.39
1 135 193 -2413.17
1 136 147 -804.39
1 136 148 -804.39
1 136 149 -804.39
1 136 150 -1608.78
1 136 153 -804.39
1 136 155 -804.39
1 137 148 -804.39
1 137 150 -804.39
1 137 153 -1608.78
1 137 154 -804.39
1 137 157 -2413.17
1 137 175 -804.39
1 137 206 -804.39
1 138 151 -804.39
1 138 152 -804.39
1 138 153 -2413.17
1 138 168 -804.39
1 138 169 -804.39
1 139 151 -804.39
1 140 138 -804.39
1 140 155 -3217.56
1 140 156 -804.39
1 140 171 -804.39
1 140 180 -804.39
1 141 149 -804.39
1 141 154 -1608.78
1 141 157 -804.39
1 141 171 -804.39
1 141 199 -1608.78
1 142 155 -804.39
1 142 156 -804.39
1 142 157 -804.39
1 142 158 -804.39
1 142 174 -804.39
1 142 179 -804.39
1 142 201 -804.39
1 143 146 -804.39
1 143 157 -2413.17
1 144 142 -1608.78
1 144 173 -804.39
1 145 142 -804.39
1 145 143 -804.39
1 145 151 -804.39
1 145 187 -804.39
1 145 226 -804.39
1 146 140 -804.39
1 146 141 -1608.78
1 146 145 -804.39
1 146 208 -804.39
1 146 229 -804.39
1 146 230 -804.39
1 146 232 -804.39
1 147 139 -2413.17
1 147 140 -804.39
1 147 141 -804.39
1 147 142 -804.39
1 147 229 -804.39
1 147 230 -804.39
1 147 233 -804.39
1 147 239 -804.39
1 147 240 -804.39
1 148 217 -804.39
1 148 221 -804.39
1 149 127 -804.39
1 149 147 -804.39
1 149 154 -804.39
1 149 222 -804.39
1 149 253 -804.39
1 150 160 -804.39
1 150 164 -804.39
1 150 177 -804.39
1 150 227 -804.39
1 150 236 -804.39
1 151 128 -804.39
1 151 228 -804.39
1 152 153 -804.39
1 152 173 -804.39
1 152 176 -804.39
1 152 222 -804.39
1 152 228 -804.39
1 153 126 -804.39
1 153 136 -804.39
1 153 155 -804.39
1 153 232 -804.39
1 153 238 -804.39
1 153 253 -804.39
1 154 126 -804.39
1 154 133 -804.39
1 154 161 -804.39
1 154 172 -804.39
1 154 220 -804.39
1 154 244 -804.39
1 155 170 -1608.78
1 155 216 -804.39
1 155 262 -804.39
1 156 160 -804.39
1 156 211 -804.39
1 156 223 -804.39
1 157 132 -804.39
1 157 133 -804.39
1 157 134 -2413.17
1 157 136 -804.39
1 157 194 -804.39
1 157 207 -804.39
1 157 240 -804.39
1 158 135 -804.39
1 158 248 -804.39
1 159 152 -804.39
1 159 231 -804.39
1 159 240 -804.39
1 159 247 -804.39
1 159 248 -804.39
1 159 250 -804.39
1 159 251 -804.39
1 159 257 -804.39
1 160 133 -804.39
1 160 249 -1608.78
1 160 251 -1608.78
1 160 252 -804.39
1 160 253 -804.39
1 160 262 -804.39
1 161 144 -1608.78
1 161 251 -804.39
1 161 253 -804.39
1 162 137 -1608.78
1 162 252 -1608.78
1 162 253 -804.39
1 163 152 -804.39
1 163 190 -804.39
1 163 236 -804.39
1 164 278 -804.39
1 164 290 -804.39
1 164 299 -804.39
1 165 133 -1608.78
1 165 134 -1608.78
1 165 135 -804.39
1 165 290 -804.39
1 166 131 -804.39
1 166 132 -804.39
1 166 133 -1608.78
1 166 134 -804.39
1 166 135 -804.39
1 166 210 -804.39
1 166 254 -804.39
1 166 255 -804.39
1 167 127 -804.39
1 167 132 -1608.78
1 167 133 -1608.78
1 167 134 -2413.17
1 167 256 -804.39
1 167 288 -804.39
1 167 294 -804.39
1 168 130 -804.39
1 168 131 -804.39
1 168 132 -3217.56
1 168 133 -3217.56
1 168 286 -804.39
1 168 287 -1608.78
1 168 291 -1608.78
1 169 128 -1608.78
1 169 129 -3217.56
1 169 131 -804.39
1 169 132 -4021.95
1 169 133 -2413.17
1 169 134 -7239.51
1 169 135 -804.39
1 169 236 -804.39
1 169 260 -804.39
1 169 271 -804.39
1 169 287 -804.39
1 169 290 -804.39
1 170 133 -2413.17
1 170 134 -9652.68
1 170 136 -804.39
1 170 187 -804.39
1 170 256 -804.39
1 170 287 -804.39
1 170 292 -804.39
1 171 133 -1608.78
1 171 134 -804.39
1 171 136 -4021.95
1 171 290 -804.39
1 172 257 -804.39
1 172 284 -804.39
1 172 295 -1608.78
1 172 311 -804.39
1 173 258 -804.39
1 173 278 -804.39
1 173 290 -804.39
1 173 292 -804.39
1 173 293 -1608.78
1 173 294 -804.39
1 174 124 -804.39
1 174 253 -804.39
1 174 261 -804.39
1 174 270 -804.39
1 174 283 -804.39
1 174 289 -804.39
1 174 293 -804.39
1 175 260 -804.39
1 175 288 -804.39
1 175 292 -1608.78
1 175 293 -804.39
1 175 296 -804.39
1 175 305 -804.39
1 176 274 -804.39
1 176 305 -804.39
1 177 289 -804.39
1 177 290 -804.39
1 178 243 -804.39
1 178 280 -804.39
1 178 285 -804.39
1 178 302 -804.39
1 178 305 -804.39
1 178 306 -804.39
1 178 311 -804.39
1 179 278 -804.39
1 179 285 -804.39
1 180 149 -804.39
1 180 286 -804.39
1 181 297 -804.39
1 181 307 -804.39
1 181 308 -804.39
1 183 242 -804.39
1 183 285 -804.39
1 183 295 -804.39
1 183 308 -804.39
1 183 309 -804.39
1 183 318 -804.39
1 184 263 -804.39
1 184 285 -804.39
1 184 313 -804.39
1 184 319 -804.39
1 185 257 -804.39
1 185 305 -804.39
1 185 306 -804.39
1 185 307 -804.39
1 185 315 -804.39
1 186 255 -804.39
1 186 265 -804.39
1 186 307 -1608.78
1 186 310 -804.39
1 188 262 -804.39
1 188 294 -804.39
1 188 295 -804.39
1 189 295 -804.39
1 189 309 -804.39
1 190 307 -804.39
1 190 308 -804.39
1 190 324 -804.39
1 191 292 -1608.78
1 191 304 -804.39
1 191 305 -804.39
1 192 258 -804.39
1 192 284 -804.39
1 192 304 -804.39
1 192 316 -804.39
1 192 319 -804.39
1 193 262 -804.39
1 193 301 -804.39
1 193 311 -804.39
1 193 313 -1608.78
1 194 284 -804.39
1 194 313 -804.39
1 195 269 -804.39
1 195 287 -804.39
1 195 289 -804.39
1 195 300 -804.39
1 195 311 -804.39
1 195 313 -804.39
1 196 269 -804.39
1 196 275 -804.39
1 196 303 -804.39
1 196 324 -804.39
1 196 333 -804.39
1 197 264 -804.39
1 197 283 -804.39
1 197 300 -804.39
1 197 322 -804.39
1 197 325 -804.39
1 198 242 -804.39
1 198 276 -1608.78
1 198 309 -804.39
1 198 311 -804.39
1 199 283 -804.39
1 199 311 -804.39
1 199 324 -804.39
1 200 280 -804.39
1 200 286 -804.39
1 200 296 -804.39
1 200 299 -804.39
1 200 306 -804.39
1 200 307 -804.39
1 200 312 -804.39
1 200 343 -804.39
1 200 345 -804.39
1 201 257 -804.39
1 202 280 -804.39
1 202 287 -804.39
1 202 297 -804.39
1 202 301 -804.39
1 202 302 -804.39
1 203 215 -804.39
1 203 304 -804.39
1 203 305 -804.39
1 203 309 -804.39
1 203 315 -804.39
1 205 263 -804.39
1 205 303 -804.39
1 205 304 -804.39
1 205 317 -804.39
1 205 318 -804.39
1 205 319 -804.39
1 206 264 -804.39
1 206 270 -804.39
1 206 301 -804.39
1 206 304 -804.39
1 206 315 -804.39
1 206 317 -1608.78
1 207 262 -804.39
1 207 300 -804.39
1 207 301 -1608.78
1 207 303 -804.39
1 207 304 -804.39
1 207 306 -1608.78
1 207 315 -804.39
1 207 317 -804.39
1 208 298 -1608.78
1 208 299 -1608.78
1 208 306 -804.39
1 208 317 -804.39
1 208 328 -804.39
1 209 284 -804.39
1 209 297 -804.39
1 209 302 -804.39
1 210 284 -804.39
1 210 301 -804.39
1 210 302 -804.39
1 210 342 -804.39
1 211 301 -804.39
1 211 321 -804.39
1 212 295 -804.39
1 212 347 -804.39
1 213 226 -804.39
1 213 287 -804.39
1 213 303 -804.39
1 213 329 -804.39
1 214 319 -804.39
1 215 289 -804.39
1 215 311 -804.39
1 215 353 -804.39
1 216 323 -804.39
1 216 341 -804.39
1 217 244 -804.39
1 217 249 -804.39
1 217 351 -804.39
1 218 209 -804.39
1 218 243 -804.39
1 218 292 -804.39
1 218 345 -1608.78
1 221 240 -804.39
1 221 611 -804.39
1 222 254 -804.39
1 222 362 -804.39
1 224 338 -804.39
1 224 359 -804.39
1 225 323 -804.39
1 225 329 -804.39
1 225 332 -804.39
1 225 368 -804.39
1 225 373 -804.39
1 225 378 -804.39
1 225 382 -1608.78
1 226 323 -804.39
1 226 388 -1608.78
1 226 618 -804.39
1 227 315 -804.39
1 228 606 -804.39
1 229 385 -1608.78
1 229 392 -804.39
1 229 393 -804.39
1 229 397 -3217.56
1 229 618 -4021.95
1 230 338 -804.39
1 230 373 -1608.78
1 230 384 -804.39
1 230 392 -1608.78
1 230 393 -3217.56
1 230 396 -804.39
1 230 605 -804.39
1 231 343 -804.39
1 231 383 -804.39
1 231 392 -4021.95
1 231 393 -8848.29
1 231 398 -804.39
1 231 603 -804.39
1 231 607 -1608.78
1 232 259 -804.39
1 232 300 -804.39
1 232 384 -804.39
1 232 389 -804.39
1 232 393 -4826.34
1 232 394 -3217.56
1 232 405 -804.39
1 232 604 -1608.78
1 232 606 -1608.78
1 232 607 -2413.17
1 232 608 -804.39
1 233 373 -804.39
1 233 393 -804.39
1 233 403 -804.39
1 233 406 -3217.56
1 233 601 -1608.78
1 233 602 -804.39
1 234 374 -804.39
1 234 388 -804.39
1 234 389 -804.39
1 234 406 -2413.17
1 234 407 -1608.78
1 234 601 -804.39
1 234 602 -1608.78
1 234 603 -2413.17
1 234 604 -804.39
1 234 605 -1608.78
1 234 606 -804.39
1 234 609 -804.39
1 234 620 -804.39
1 234 621 -804.39
1 235 342 -804.39
1 235 368 -804.39
1 235 389 -804.39
1 235 392 -804.39
1 235 404 -804.39
1 235 406 -804.39
1 235 599 -804.39
1 235 600 -1608.78
1 235 602 -2413.17
1 235 603 -804.39
1 235 606 -804.39
1 235 608 -804.39
1 236 256 -804.39
1 236 359 -804.39
1 236 377 -1608.78
1 236 378 -804.39
1 236 389 -1608.78
1 236 600 -804.39
1 236 601 -804.39
1 236 602 -1608.78
1 236 605 -804.39
1 236 606 -804.39
1 236 607 -804.39
1 236 620 -804.39
1 237 330 -804.39
1 237 377 -804.39
1 237 384 -804.39
1 237 388 -804.39
1 237 605 -1608.78
1 237 606 -2413.17
1 237 607 -1608.78
1 237 608 -4021.95
1 237 609 -2413.17
1 237 620 -804.39
1 238 346 -804.39
1 238 391 -804.39
1 238 410 -804.39
1 238 602 -804.39
1 238 603 -804.39
1 238 606 -4021.95
1 238 607 -4826.34
1 238 608 -3217.56
1 238 610 -804.39
1 239 297 -804.39
1 239 323 -804.39
1 239 404 -804.39
1 239 601 -804.39
1 239 603 -804.39
1 239 607 -1608.78
1 239 608 -3217.56
1 239 609 -2413.17
1 239 610 -1608.78
1 239 615 -1608.78
1 240 267 -804.39
1 240 319 -804.39
1 240 327 -804.39
1 240 352 -804.39
1 240 374 -1608.78
1 240 392 -1608.78
1 240 396 -804.39
1 240 406 -804.39
1 240 603 -804.39
1 240 605 -2413.17
1 240 606 -3217.56
1 240 607 -1608.78
1 240 620 -1608.78
1 240 621 -804.39
1 241 339 -804.39
1 241 352 -804.39
1 241 370 -1608.78
1 241 375 -804.39
1 241 409 -804.39
1 241 577 -804.39
1 241 603 -1608.78
1 241 605 -2413.17
1 241 606 -1608.78
1 241 607 -1608.78
1 241 608 -1608.78
1 241 609 -4021.95
1 241 610 -804.39
1 241 611 -804.39
1 241 620 -804.39
1 241 621 -804.39
1 242 314 -804.39
1 242 318 -804.39
1 242 336 -804.39
1 242 338 -804.39
1 242 339 -804.39
1 242 373 -2413.17
1 242 374 -4826.34
1 242 406 -1608.78
1 242 603 -1608.78
1 242 604 -5630.73
1 242 605 -7239.51
1 242 606 -2413.17
1 242 607 -4021.95
1 242 608 -4021.95
1 242 609 -2413.17
1 242 610 -2413.17
1 242 616 -804.39
1 242 622 -804.39
1 242 623 -2413.17
1 243 366 -804.39
1 243 369 -804.39
1 243 372 -1608.78
1 243 373 -6435.12
1 243 374 -2413.17
1 243 386 -804.39
1 243 391 -804.39
1 243 405 -804.39
1 243 406 -804.39
1 243 407 -1608.78
1 243 409 -804.39
1 243 577 -804.39
1 243 606 -5630.73
1 243 607 -4021.95
1 243 608 -1608.78
1 243 609 -4826.34
1 243 620 -804.39
1 243 622 -1608.78
1 243 623 -6435.12
1 244 371 -804.39
1 244 372 -1608.78
1 244 373 -2413.17
1 244 415 -804.39
1 244 598 -804.39
1 244 606 -3217.56
1 244 607 -804.39
1 244 611 -804.39
1 244 616 -804.39
1 244 622 -804.39
1 244 623 -3217.56
1 244 624 -804.39
1 245 312 -804.39
1 245 315 -804.39
1 245 326 -804.39
1 245 335 -804.39
1 245 338 -804.39
1 245 356 -1608.78
1 245 371 -804.39
1 245 413 -804.39
1 245 586 -804.39
1 245 604 -804.39
1 245 605 -2413.17
1 245 606 -4021.95
1 245 607 -3217.56
1 245 609 -4021.95
1 245 610 -1608.78
1 245 612 -1608.78
1 245 616 -1608.78
1 245 619 -804.39
1 245 620 -1608.78
1 245 622 -804.39
1 246 214 -804.39
1 246 342 -804.39
1 246 356 -804.39
1 246 357 -804.39
1 246 374 -804.39
1 246 413 -804.39
1 246 590 -804.39
1 246 599 -804.39
1 246 600 -4826.34
1 246 605 -3217.56
1 246 606 -5630.73
1 246 607 -3217.56
1 246 610 -804.39
1 246 612 -1608.78
1 246 614 -804.39
1 246 615 -804.39
1 246 623 -804.39
1 247 314 -804.39
1 247 331 -804.39
1 247 367 -1608.78
1 247 368 -4021.95
1 247 387 -1608.78
1 247 413 -804.39
1 247 578 -804.39
1 247 597 -804.39
1 247 598 -5630.73
1 247 599 -4826.34
1 247 600 -8043.9
1 247 601 -8043.9
1 247 605 -1608.78
1 247 609 -1608.78
1 247 610 -1608.78
1 247 611 -3217.56
1 247 612 -3217.56
1 247 613 -1608.78
1 247 618 -1608.78
1 247 619 -804.39
1 247 623 -804.39
1 248 307 -804.39
1 248 367 -804.39
1 248 368 -3217.56
1 248 371 -1608.78
1 248 372 -4021.95
1 248 387 -1608.78
1 248 388 -4826.34
1 248 413 -804.39
1 248 416 -804.39
1 248 529 -804.39
1 248 567 -804.39
1 248 596 -5630.73
1 248 597 -4021.95
1 248 598 -8043.9
1 248 599 -4826.34
1 248 600 -3217.56
1 248 601 -4826.34
1 248 602 -2413.17
1 248 605 -804.39
1 248 608 -804.39
1 248 609 -1608.78
1 248 610 -2413.17
1 248 611 -4826.34
1 248 612 -4826.34
1 248 613 -5630.73
1 248 618 -804.39
1 248 619 -804.39
1 248 620 -804.39
1 248 623 -1608.78
1 249 333 -804.39
1 249 334 -804.39
1 249 365 -1608.78
1 249 366 -2413.17
1 249 367 -804.39
1 249 368 -2413.17
1 249 371 -804.39
1 249 387 -804.39
1 249 388 -804.39
1 249 400 -804.39
1 249 412 -804.39
1 249 567 -804.39
1 249 593 -1608.78
1 249 595 -4826.34
1 249 596 -5630.73
1 249 597 -8848.29
1 249 603 -2413.17
1 249 604 -6435.12
1 249 605 -4021.95
1 249 607 -3217.56
1 249 609 -804.39
1 249 610 -1608.78
1 249 611 -4021.95
1 249 612 -7239.51
1 249 613 -1608.78
1 249 618 -804.39
1 249 623 -804.39
1 250 331 -804.39
1 250 355 -804.39
1 250 365 -1608.78
1 250 366 -4021.95
1 250 367 -2413.17
1 250 368 -804.39
1 250 369 -1608.78
1 250 370 -1608.78
1 250 371 -4826.34
1 250 382 -804.39
1 250 406 -804.39
1 250 413 -804.39
1 250 414 -804.39
1 250 423 -804.39
1 250 436 -804.39
1 250 568 -804.39
1 250 579 -804.39
1 250 591 -804.39
1 250 594 -804.39
1 250 596 -6435.12
1 250 597 -1608.78
1 250 602 -804.39
1 250 603 -5630.73
1 250 604 -4826.34
1 250 605 -3217.56
1 250 607 -804.39
1 250 608 -2413.17
1 250 609 -804.39
1 250 610 -804.39
1 250 613 -804.39
1 251 276 -804.39
1 251 322 -804.39
1 251 365 -2413.17
1 251 366 -7239.51
1 251 367 -1608.78
1 251 368 -1608.78
1 251 371 -804.39
1 251 379 -804.39
1 251 407 -804.39
1 251 414 -804.39
1 251 424 -804.39
1 251 598 -804.39
1 251 604 -804.39
1 251 605 -804.39
1 251 607 -804.39
1 251 610 -804.39
1 252 236 -804.39
1 252 365 -2413.17
1 252 366 -5630.73
1 252 367 -5630.73
1 252 368 -1608.78
1 252 376 -804.39
1 252 412 -804.39
1 252 416 -804.39
1 252 428 -804.39
1 252 506 -804.39
1 252 507 -804.39
1 252 528 -804.39
1 252 534 -804.39
1 252 544 -804.39
1 252 576 -804.39
1 252 591 -1608.78
1 252 596 -1608.78
1 252 597 -1608.78
1 252 598 -804.39
1 252 599 -1608.78
1 252 608 -1608.78
1 252 609 -804.39
1 252 611 -804.39
1 252 620 -804.39
1 253 259 -804.39
1 253 342 -804.39
1 253 363 -804.39
1 253 365 -1608.78
1 253 366 -4826.34
1 253 367 -3217.56
1 253 370 -804.39
1 253 375 -1608.78
1 253 404 -804.39
1 253 433 -1608.78
1 253 506 -804.39
1 253 543 -804.39
1 253 546 -804.39
1 253 547 -804.39
1 253 566 -804.39
1 253 586 -1608.78
1 253 596 -804.39
1 253 597 -3217.56
1 253 601 -804.39
1 253 604 -804.39
1 253 605 -804.39
1 253 614 -2413.17
1 254 366 -1608.78
1 254 478 -804.39
1 254 581 -804.39
1 254 584 -804.39
1 254 585 -4826.34
1 254 586 -4021.95
1 254 587 -2413.17
1 254 588 -2413.17
1 254 589 -3217.56
1 254 598 -804.39
1 254 599 -804.39
1 254 601 -1608.78
1 254 604 -1608.78
1 254 605 -804.39
1 254 606 -804.39
1 254 611 -804.39
1 255 341 -804.39
1 255 346 -804.39
1 255 371 -804.39
1 255 402 -804.39
1 255 442 -804.39
1 255 445 -804.39
1 255 461 -804.39
1 255 479 -804.39
1 255 512 -804.39
1 255 513 -804.39
1 255 526 -804.39
1 255 547 -804.39
1 255 548 -804.39
1 255 565 -804.39
1 255 583 -2413.17
1 255 584 -3217.56
1 255 585 -3217.56
1 255 586 -3217.56
1 255 587 -1608.78
1 255 588 -804.39
1 255 591 -804.39
1 255 594 -804.39
1 255 597 -804.39
1 255 600 -1608.78
1 255 607 -804.39
1 256 346 -804.39
1 256 350 -804.39
1 256 367 -804.39
1 256 373 -804.39
1 256 374 -804.39
1 256 491 -804.39
1 256 526 -804.39
1 256 531 -2413.17
1 256 532 -804.39
1 256 547 -804.39
1 256 548 -1608.78
1 256 549 -804.39
1 256 575 -804.39
1 256 578 -1608.78
1 256 580 -804.39
1 256 584 -2413.17
1 256 585 -1608.78
1 256 592 -1608.78
1 256 594 -5630.73
1 256 595 -3217.56
1 256 607 -3217.56
1 256 608 -1608.78
1 256 609 -804.39
1 257 330 -804.39
1 257 461 -804.39
1 257 497 -804.39
1 257 503 -804.39
1 257 506 -804.39
1 257 512 -804.39
1 257 527 -2413.17
1 257 529 -804.39
1 257 532 -804.39
1 257 549 -804.39
1 257 574 -804.39
1 257 575 -2413.17
1 257 584 -2413.17
1 257 585 -2413.17
1 257 593 -1608.78
1 257 594 -6435.12
1 257 595 -3217.56
1 257 597 -1608.78
1 257 606 -5630.73
1 257 607 -804.39
1 258 307 -804.39
1 258 330 -804.39
1 258 366 -804.39
1 258 485 -1608.78
1 258 489 -1608.78
1 258 491 -804.39
1 258 493 -804.39
1 258 494 -804.39
1 258 496 -804.39
1 258 497 -804.39
1 258 498 -2413.17
1 258 499 -1608.78
1 258 502 -804.39
1 258 503 -804.39
1 258 529 -1608.78
1 258 531 -804.39
1 258 532 -804.39
1 258 533 -1608.78
1 258 535 -804.39
1 258 546 -804.39
1 258 550 -804.39
1 258 556 -1608.78
1 258 564 -804.39
1 258 576 -804.39
1 258 583 -804.39
1 258 584 -2413.17
1 258 586 -2413.17
1 258 594 -2413.17
1 258 606 -4021.95
1 258 607 -804.39
1 259 346 -804.39
1 259 369 -1608.78
1 259 402 -804.39
1 259 444 -804.39
1 259 456 -804.39
1 259 485 -804.39
1 259 486 -804.39
1 259 488 -804.39
1 259 489 -804.39
1 259 490 -1608.78
1 259 509 -1608.78
1 259 510 -804.39
1 259 522 -804.39
1 259 528 -804.39
1 259 529 -804.39
1 259 531 -804.39
1 259 532 -804.39
1 259 545 -804.39
1 259 549 -804.39
1 259 554 -1608.78
1 259 555 -1608.78
1 259 556 -2413.17
1 259 557 -2413.17
1 259 575 -3217.56
1 259 576 -804.39
1 259 579 -804.39
1 259 584 -804.39
1 259 585 -3217.56
1 259 586 -1608.78
1 260 369 -1608.78
1 260 404 -1608.78
1 260 443 -804.39
1 260 454 -804.39
1 260 485 -804.39
1 260 486 -1608.78
1 260 487 -804.39
1 260 492 -804.39
1 260 499 -804.39
1 260 502 -1608.78
1 260 517 -804.39
1 260 527 -804.39
1 260 545 -2413.17
1 260 548 -804.39
1 260 554 -804.39
1 260 556 -804.39
1 260 567 -804.39
1 260 576 -804.39
1 260 577 -804.39
1 261 397 -804.39
1 261 404 -804.39
1 261 444 -804.39
1 261 483 -804.39
1 261 487 -804.39
1 261 501 -804.39
1 261 502 -804.39
1 261 545 -804.39
1 261 551 -804.39
1 261 552 -804.39
1 261 565 -804.39
1 262 254 -804.39
1 262 353 -1608.78
1 262 369 -804.39
1 262 425 -804.39
1 262 443 -804.39
1 262 458 -804.39
1 262 483 -1608.78
1 262 493 -804.39
1 262 501 -804.39
1 262 502 -804.39
1 262 523 -804.39
1 262 524 -804.39
1 262 535 -804.39
1 262 536 -804.39
1 262 537 -804.39
1 262 542 -804.39
1 262 546 -804.39
1 262 584 -804.39
1 262 587 -804.39
1 263 355 -804.39
1 263 415 -804.39
1 263 484 -804.39
1 263 493 -804.39
1 263 509 -804.39
1 263 522 -804.39
1 263 523 -1608.78
1 263 524 -1608.78
1 263 541 -1608.78
1 263 542 -804.39
1 263 543 -804.39
1 263 546 -1608.78
1 263 576 -804.39
1 263 579 -804.39
1 263 581 -3217.56
1 264 369 -804.39
1 264 379 -804.39
1 264 481 -804.39
1 264 482 -804.39
1 264 493 -804.39
1 264 503 -804.39
1 264 504 -804.39
1 264 516 -804.39
1 264 521 -2413.17
1 264 527 -804.39
1 264 543 -3217.56
1 264 568 -804.39
1 264 575 -804.39
1 264 576 -1608.78
1 265 336 -804.39
1 265 367 -1608.78
1 265 457 -804.39
1 265 459 -804.39
1 265 511 -804.39
1 265 516 -804.39
1 265 520 -804.39
1 265 524 -804.39
1 265 568 -1608.78
1 266 314 -804.39
1 266 413 -804.39
1 266 456 -804.39
1 266 478 -804.39
1 266 481 -804.39
1 266 483 -804.39
1 266 484 -804.39
1 266 485 -804.39
1 266 492 -804.39
1 266 498 -804.39
1 266 505 -804.39
1 266 518 -804.39
1 266 523 -804.39
1 266 543 -804.39
1 266 545 -804.39
1 266 549 -804.39
1 266 555 -804.39
1 267 337 -804.39
1 267 365 -804.39
1 267 381 -804.39
1 267 459 -804.39
1 267 460 -1608.78
1 267 505 -804.39
1 267 507 -804.39
1 267 543 -804.39
1 267 544 -1608.78
1 267 549 -804.39
1 267 553 -2413.17
1 267 562 -804.39
1 268 507 -1608.78
1 268 540 -804.39
1 268 541 -804.39
1 268 542 -1608.78
1 268 543 -3217.56
1 268 544 -1608.78
1 268 549 -804.39
1 268 551 -804.39
1 268 552 -804.39
1 268 553 -804.39
1 269 362 -804.39
1 269 505 -1608.78
1 269 507 -804.39
1 269 528 -804.39
1 269 543 -804.39
1 269 547 -1608.78
1 270 474 -804.39
1 270 475 -1608.78
1 270 479 -804.39
1 270 491 -804.39
1 270 504 -804.39
1 270 507 -804.39
1 270 526 -804.39
1 271 375 -804.39
1 271 388 -804.39
1 271 479 -804.39
1 271 481 -804.39
1 271 487 -804.39
1 271 491 -804.39
1 271 526 -804.39
1 272 469 -804.39
1 272 493 -804.39
1 272 495 -1608.78
1 272 496 -804.39
1 272 502 -804.39
1 272 526 -2413.17
1 273 441 -804.39
1 273 462 -804.39
1 273 526 -804.39
1 275 463 -804.39
1 275 480 -804.39
1 275 502 -804.39
1 275 504 -804.39
1 276 502 -804.39
1 277 393 -804.39
1 279 459 -804.39
1 280 563 -804.39
1 282 434 -804.39
1 282 435 -804.39
1 283 461 -804.39
1 283 482 -804.39
1 283 483 -804.39
1 285 437 -804.39
1 285 482 -804.39
1 285 483 -804.39
1 286 377 -804.39
1 286 464 -804.39
1 288 469 -804.39
1 289 362 -804.39
1 289 443 -804.39
1 292 358 -804.39
1 293 390 -2413.17
1 293 391 -804.39
1 296 390 -804.39
1 301 359 -804.39
1 301 378 -804.39
1 85 106 -804.39
1 92 112 -1608.78
1 93 117 -804.39
1 97 89 -804.39
1 98 101 -804.39
1 99 126 -804.39
1 99 136 -804.39
1 147 119 -6042.19
1 148 187 -162296.0
1 150 114 -108338.0
1 153 113 -61405.6
1 156 158 -21077.4
1 157 160 -28103.2
1 167 186 -98361.3
1 170 169 -192507.0
1 197 280 -103982.0
1 199 225 -113115.0
1 210 300 -83045.0
1 211 298 -23887.7
1 234 285 -63372.8
1 244 234 -31756.7
1 259 541 -843.1
1 265 469 -140.52
1 267 479 -2810.32
1 271 361 -4542.46
1 272 454 -133.41
1 285 433 -11522.3
1 291 453 -48500.6
1 299 360 -49040.1
1 109 116 -80375.2
1 131 118 -13208.5
1 132 183 -21780.0
1 137 123 -71803.7
1 140 173 -14051.6
1 141 124 -54098.7
1 142 121 -59859.9
1 152 130 -24590.3
1 155 192 -84871.7
1 157 117 -31054.1
1 157 190 -421.55
1 158 205 -702.58
1 164 258 -125762.0
1 169 164 -13630.1
1 172 162 -11522.3
1 172 163 -24871.3
1 172 164 -4918.06
1 173 196 -1545.68
1 175 213 -160329.0
1 195 280 -73068.4
1 202 295 -44262.6
1 203 296 -103701.0
1 214 174 -265575.0
1 226 358 -9589.78
1 247 335 -70258.1
1 256 333 -30632.5
1 262 350 -35269.6
1 265 349 -61405.6
1 267 346 -95832.0
1 269 347 -84590.7
1 271 470 -1264.65
1 274 431 -3034760.0
1 280 367 -89087.2
1 285 357 -137987.0
1 289 374 -6323.23
1 292 370 -87260.5
1 293 370 -102577.0
1 293 378 -54801.3
1 299 335 -85714.8
1 143 152 -61546.1
1 143 154 -80796.8
1 144 130 -10117.2
1 148 113 -159486.0
1 149 118 -158362.0
1 151 143 -80234.7
1 152 177 -67307.2
1 152 183 -36955.7
1 153 185 -73911.5
1 153 212 -69133.9
1 154 128 -3231.87
1 155 180 -69977.0
1 155 187 -30773.0
1 159 188 -64637.4
1 161 161 -45527.2
1 162 171 -109181.0
1 164 159 -100329.0
1 167 163 -135177.0
1 170 217 -184217.0
1 174 182 -40468.6
1 175 178 -10398.2
1 176 128 -84309.7
1 189 206 -122249.0
1 201 279 -174099.0
1 221 294 -197144.0
1 221 361 -5199.1
1 222 252 -44824.6
1 222 266 -123654.0
1 224 273 -52834.1
1 225 248 -11100.8
1 226 361 -148666.0
1 234 319 -86979.5
1 235 317 -117753.0
1 237 292 -155551.0
1 245 243 -121687.0
1 248 238 -121687.0
1 248 331 -31616.1
1 256 342 -45527.2
1 259 347 -41592.8
1 266 345 -88103.6
1 271 268 -162858.0
1 274 278 -71663.2
1 289 355 -15175.7
1 295 392 -17424.0
1 296 391 -19391.2
1 296 393 -19250.7
1 140 166 -268526.0
1 141 116 -151336.0
1 141 165 -112272.0
1 143 114 -133490.0
1 144 151 -77424.4
1 145 114 -123373.0
1 146 150 -75738.2
1 146 180 -81499.4
1 147 148 -86417.4
1 147 171 -109603.0
1 149 124 -281.03
1 149 181 -80937.3
1 149 202 -158643.0
1 150 172 -59016.8
1 150 183 -80937.3
1 150 186 -55925.4
1 151 181 -149931.0
1 151 189 -109181.0
1 151 211 -421.55
1 152 180 -68852.9
1 153 188 -115504.0
1 154 113 -3091.35
1 158 173 -2669.81
1 164 124 -13911.1
1 165 167 -21077.4
1 168 164 -47775.5
1 168 166 -47775.5
1 170 115 -51991.0
1 171 125 -5480.13
1 176 222 -22482.6
1 184 210 -148385.0
1 188 207 -7025.81
1 189 288 -33021.3
1 193 280 -77283.9
1 206 280 -81499.4
1 209 273 -124357.0
1 209 281 -38821.2
1 210 249 -54379.7
1 211 263 -103279.0
1 211 296 -31616.1
1 213 270 -87822.6
1 219 272 -12646.5
1 221 302 -4215.48
1 221 317 -112413.0
1 224 287 -132226.0
1 228 354 -113115.0
1 230 352 -126465.0
1 231 270 -35129.0
1 231 347 -9133.55
1 235 295 -101172.0
1 236 320 -198128.0
1 236 342 -79251.1
1 236 344 -30070.4
1 239 337 -40749.7
1 240 330 -70258.1
1 240 357 -97096.6
1 244 333 -5620.65
1 246 332 -64777.9
1 246 337 -19672.3
1 251 334 -97799.2
1 258 343 -3934.45
1 258 345 -13770.6
1 260 345 -10819.7
1 261 340 -31756.7
1 261 351 -22482.6
1 262 286 -16721.4
1 262 361 -62389.2
1 263 344 -42997.9
1 263 350 -21780.0
1 265 517 -281.03
1 267 321 -78689.0
1 267 428 -14096.6
1 269 364 -44824.6
1 269 365 -5339.61
1 270 267 -15316.3
1 270 361 -86839.0
1 271 267 -28243.7
1 271 355 -45948.8
1 271 363 -61967.6
1 275 399 -2772.38
1 278 502 -6604.26
1 281 331 -10679.2
1 284 333 -8993.03
1 289 371 -60421.9
1 290 371 -29227.3
1 291 365 -28946.3
1 296 358 -238877.0
1 297 356 -20234.3
1 297 391 -67869.3
1 299 347 -16159.3
1 125 93 -421.55
1 131 125 -88244.1
1 134 123 -82904.5
1 135 126 -63513.3
1 138 125 -92740.6
1 142 117 -170446.0
1 142 169 -28103.2
1 145 116 -34988.5
1 146 146 -30351.5
1 152 213 -25152.4
1 156 214 -38641.9
1 161 185 -163842.0
1 163 186 -13911.1
1 166 203 -29508.4
1 168 216 -109884.0
1 183 232 -163982.0
1 192 232 -313913.0
1 193 235 -38782.4
1 201 310 -5620.65
1 211 195 -2810.32
1 215 261 -50866.8
1 221 339 -281.03
1 222 324 -13489.5
1 223 263 -117050.0
1 226 354 -56206.4
1 230 358 -22482.6
1 232 274 -30211.0
1 232 347 -30492.0
1 233 341 -45808.3
1 248 344 -77424.4
1 263 345 -224826.0
1 263 427 -140.52
1 263 570 -140.52
1 264 348 -9274.06
1 268 366 -8430.97
1 286 302 -5620.65
1 292 360 -25292.9
1 293 357 -40047.1
1 295 362 -7025.81
1 297 439 -1123070.0
1 132 120 -182530.0
1 134 124 -84169.2
1 134 126 -63653.8
1 135 122 -62108.1
1 137 128 -138268.0
1 145 166 -101031.0
1 148 119 -96394.1
1 150 118 -102155.0
1 150 121 -320939.0
1 150 127 -45948.8
1 152 118 -61265.0
1 153 122 -22342.1
1 153 123 -78829.5
1 155 125 -77986.5
1 156 124 -71522.7
1 158 138 -60843.5
1 158 140 -95691.5
1 160 139 -106652.0
1 185 168 -30913.6
1 189 126 -222999.0
1 224 257 -3372.39
1 230 223 -24168.8
1 260 332 -4215.48
1 276 358 -104544.0
1 276 359 -4637.03
1 281 445 -702.58
1 282 357 -1264.65
1 137 168 -98501.8
1 149 213 -131804.0
1 170 185 -20374.8
1 189 195 -10117.2
1 190 250 -50023.7
1 192 197 -194896.0
1 202 228 -26276.5
1 210 253 -94145.8
1 217 236 -111008.0
1 245 324 -6604.26
1 247 330 -3091.35
1 270 480 -421.55
1 186 159 -1264.65
1 291 354 -4918.06
1 145 131 -106371.0
1 148 124 -140.52
1 153 116 -37517.8
1 171 128 -28805.8
1 188 197 -843.1
1 188 204 -77143.4
1 203 340 -755.3
1 206 169 -1405.16
1 206 281 -983.61
1 208 226 -117471.0
1 211 266 -52437.3
1 213 276 -68550.2
1 214 274 -41670.0
1 220 278 -139035.0
1 223 372 -26838.6
1 232 398 -9133.55
1 233 375 -2529.29
1 236 317 -83326.1
1 239 385 -2975.47
1 239 406 -206.67
1 239 416 -12.88
1 241 238 -42857.4
1 245 408 -8571.48
1 246 320 -15456.8
1 248 454 -281.03
1 259 351 -6085.79
1 265 360 -45885.9
1 267 407 -3372.39
1 269 360 -10974.3
1 272 360 -59438.3
1 273 340 -1124.13
1 273 521 -16721.4
1 274 327 -21217.9
1 275 465 -474.61
1 290 322 -92038.1
1 292 458 -1492.28
1 295 337 -64918.4
1 296 371 -214147.0
1 297 377 -28243.7
1 147 116 -103279.0
1 147 183 -21639.5
1 156 122 -9695.61
1 205 310 -3793.94
1 259 439 -281.03
1 268 484 -140.52
1 173 183 -34285.9
1 257 342 -23747.2
1 201 251 -106371.0
1 259 336 -421.55
1 264 441 -281.03
1 265 488 -281.03
1 294 356 -1826.71
1 144 132 -702.58
1 267 385 -20655.9
1 135 160 -11943.9
1 136 173 -8993.03
1 144 189 -18688.7
1 154 112 -42014.3
1 154 122 -146137.0
1 156 131 -562.06
1 164 169 -92740.6
1 167 247 -9133.55
1 183 124 -291290.0
1 183 205 -281.03
1 186 125 -216676.0
1 186 209 -27962.7
1 204 300 -39.38
1 215 269 -166652.0
1 218 239 -70187.8
1 225 242 -22482.6
1 226 375 -80969.4
1 238 302 -22482.6
1 242 355 -199.67
1 244 321 -146418.0
1 245 406 -1545.68
1 247 591 -702.58
1 248 593 -421.55
1 251 614 -1705.91
1 255 333 -37478.4
1 256 443 -548.38
1 258 339 -3119.5
1 258 416 -249.18
1 263 583 -163.79
1 266 470 -3245.92
1 269 482 -140.52
1 270 476 -2107.74
1 273 523 -21077.4
1 274 506 -2950.84
1 280 458 -827.7
1 291 374 -4637.03
1 293 458 -19812.8
1 297 388 -1444.09
1 298 384 -135.66
1 201 295 -140.52
1 204 299 -1686.19
1 221 300 -10538.7
1 153 134 -41311.7
1 159 157 -138970.0
1 160 117 -16159.3
1 176 181 -17986.1
1 184 305 -17.63
1 197 298 -50.39
1 211 290 -18407.6
1 225 289 -228339.0
1 237 406 -1563.87
1 241 343 -24590.3
1 244 430 -1686.19
1 247 342 -252.81
1 253 427 -3372.43
1 253 443 -589.27
1 254 398 -34.63
1 254 442 -2243.53
1 254 444 -552.48
1 254 445 -139.66
1 256 445 -1512.86
1 257 387 -87401.0
1 259 345 -3091.35
1 261 322 -20.88
1 261 369 -713.82
1 262 555 -140.52
1 265 559 -1453.97
1 271 364 -16159.3
1 271 471 -421.55
1 271 489 -3863.42
1 272 371 -187730.0
1 273 520 -843.1
1 273 522 -562.06
1 275 371 -1124.13
1 275 449 -35972.1
1 277 386 -140.52
1 262 394 -567332.0
1 271 492 -281.03
1 157 122 -702.58
1 160 136 -1545.68
1 169 201 -19953.3
1 199 297 -262.06
1 211 313 -41.88
1 212 315 -115.4
1 224 372 -2810.32
1 246 609 -1950.34
1 247 343 -88.02
1 247 590 -3653.42
1 250 395 -5339.61
1 255 446 -670.41
1 261 524 -2513.1
1 261 525 -589.64
1 270 482 -56.64
1 276 386 -2107.74
1 281 446 -983.61
1 284 406 -3091.35
1 297 384 -140.52
1 165 158 -78548.5
1 178 212 -23044.7
1 145 147 -140.52
1 240 619 -140.52
1 257 443 -1919.21
1 272 547 -1022.01
1 162 205 -30070.4
1 170 249 -1967.23
1 178 255 -2810.32
1 194 320 -843.1
1 196 299 -421.55
1 229 341 -13911.1
1 234 400 -140.52
1 237 378 -3.75
1 240 386 -5.0
1 241 353 -200.42
1 244 330 -47353.9
1 247 341 -126.41
1 248 343 -270.31
1 249 589 -140.52
1 252 457 -140.52
1 253 400 -281.03
1 254 370 -140.52
1 254 394 -48.01
1 254 400 -140.52
1 255 373 -281.03
1 261 362 -50585.8
1 262 441 -281.03
1 263 353 -9.13
1 274 527 -97.65
1 275 356 -56909.0
1 276 469 -140.52
1 276 484 -843.1
1 277 429 -202.92
1 282 451 -140.52
1 231 367 -140.52
1 279 477 -140.52
1 130 192 -140.52
1 262 339 -140.52
