1 204 346 -546.4490000000001
1 212 384 45000.0
1 212 385 45000.0
1 212 386 45000.0
1 212 387 45000.0
1 212 388 45000.0
1 212 389 45000.0
1 212 390 45000.0
1 212 391 45000.0
1 212 392 45000.0
1 212 393 45000.0
1 213 394 45000.0
1 213 395 45000.0
1 213 396 45000.0
1 213 397 45000.0
1 213 398 45000.0
1 213 399 45000.0
1 213 400 45000.0
1 213 401 45000.0
1 213 402 45000.0
1 214 403 45000.0
1 214 404 45000.0
1 214 405 45000.0
1 214 406 45000.0
1 214 407 45000.0
1 214 409 45000.0
1 214 410 45000.0
1 214 411 45000.0
1 214 412 45000.0
1 214 413 45000.0
1 214 414 45000.0
1 214 415 45000.0
1 215 416 45000.0
1 215 417 45000.0
1 227 417 45000.0
1 228 417 45000.0
1 229 417 45000.0
1 216 418 45000.0
1 226 418 45000.0
1 230 418 45000.0
1 217 419 45000.0
1 218 419 45000.0
1 219 419 45000.0
1 220 419 45000.0
1 221 419 45000.0
1 222 419 45000.0
1 223 419 45000.0
1 224 419 45000.0
1 225 419 45000.0
1 229 419 45000.0
1 229 420 45000.0
1 226 421 45000.0
1 227 421 45000.0
1 228 421 45000.0
1 224 422 45000.0
1 225 422 45000.0
1 224 423 45000.0
1 224 424 45000.0
1 225 424 45000.0
1 226 424 45000.0
1 227 424 45000.0
1 228 424 45000.0
1 229 425 45000.0
1 229 426 45000.0
1 229 427 45000.0
1 229 428 45000.0
1 229 429 45000.0
1 228 430 45000.0
1 228 431 45000.0
1 228 432 45000.0
1 228 433 45000.0
1 228 434 45000.0
1 228 435 45000.0
1 229 435 45000.0
1 230 436 45000.0
1 230 437 45000.0
1 230 438 45000.0
1 230 439 45000.0
1 230 440 45000.0
1 230 441 45000.0
1 230 442 45000.0
1 230 443 45000.0
1 230 444 45000.0
1 230 445 45000.0
1 230 446 45000.0
1 230 447 45000.0
1 230 448 45000.0
1 230 449 45000.0
1 230 450 45000.0
1 230 451 45000.0
1 230 452 45000.0
1 230 453 45000.0
1 230 454 45000.0
1 230 455 45000.0
1 230 456 45000.0
1 231 457 45000.0
1 231 458 45000.0
1 231 459 45000.0
1 231 460 45000.0
1 232 461 45000.0
1 232 462 45000.0
1 232 463 45000.0
1 232 464 45000.0
1 233 464 45000.0
1 234 464 45000.0
1 235 464 45000.0
1 236 464 45000.0
1 237 464 45000.0
1 238 464 45000.0
1 239 465 45000.0
1 239 466 45000.0
1 117 120 -546.4490000000001
1 121 113 -25.2929
1 125 116 -60.4219
1 130 122 -546.4490000000001
1 135 194 -1102.73
1 139 168 -705.0169999999999
1 143 172 -2261.93
1 143 190 -6072.92
1 144 166 -1187.42
1 144 172 -2379.43
1 144 182 -12298.0
1 145 161 -3955.29
1 146 117 -441.957
1 147 145 -546.4490000000001
1 148 167 -4259.48
1 148 176 -6526.82
1 148 196 -10246.4
1 150 124 -1281.9
1 150 198 -15480.7
1 151 195 -4375.67
1 152 123 -3025.26
1 152 125 -1289.27
1 152 132 -1854.9
1 153 133 -2.2942099999999996
1 153 142 -1053.18
1 153 192 -9091.39
1 154 125 -78.9912
1 154 171 -6258.2
1 155 129 -13764.3
1 155 141 -2251.68
1 156 129 -103591.0
1 157 135 -1092.9
1 157 140 -2255.02
1 158 133 -546.4490000000001
1 158 181 -8592.56
1 159 119 -40228.0
1 159 173 -9924.35
1 161 125 -33460.8
1 161 131 -9.75866
1 161 188 -51.99100000000001
1 162 128 -45975.4
1 162 169 -3852.16
1 163 138 -546.4490000000001
1 164 187 -1813.51
1 165 131 -43.9815
1 166 126 -276.161
1 167 259 -330.213
1 168 123 -458.785
1 168 208 -864.211
1 169 127 -5.907830000000001
1 170 131 -3938.67
1 170 163 -1438.89
1 174 123 -3077.25
1 174 135 -145.703
1 175 134 -5303.13
1 175 204 -1475.54
1 176 176 -1898.76
1 176 202 -1916.64
1 177 133 -4617.56
1 177 211 -136.744
1 178 164 -71.1773
1 179 210 -9223.97
1 180 208 -18137.5
1 184 246 -6268.42
1 188 198 -589.423
1 188 240 -2304.64
1 193 256 -4566.77
1 193 260 -17257.8
1 197 252 -368.166
1 198 298 -546.4490000000001
1 199 231 -111.008
1 199 298 -546.4490000000001
1 200 298 -559.386
1 201 234 -74.9008
1 203 275 -16972.9
1 203 280 -742.44
1 204 248 -14334.0
1 205 300 -546.4490000000001
1 206 286 -2810.32
1 206 300 -1113.6
1 213 264 -437.82599999999996
1 213 300 -34.5696
1 214 240 -10242.8
1 215 260 -12338.7
1 217 264 -51.99100000000001
1 218 179 -80751.1
1 221 223 -972.372
1 221 246 -28006.3
1 222 352 -9297.73
1 222 369 -1754.06
1 223 271 -341.098
1 224 374 -4916.43
1 226 365 -1273.72
1 227 270 -1209.94
1 228 225 -1494.27
1 231 401 -546.4490000000001
1 232 364 -88.3587
1 233 337 -765.39
1 233 394 -1099.69
1 234 304 -3125.36
1 234 393 -546.4490000000001
1 235 605 -3669.75
1 235 609 -4834.07
1 236 263 -1307.25
1 236 609 -62.8171
1 237 237 -7336.25
1 237 316 -37426.3
1 237 357 -7960.47
1 237 389 -549.052
1 238 221 -1018.74
1 238 605 -2774.4
1 238 609 -1092.9
1 239 250 -21480.7
1 239 338 -846.794
1 239 426 -307.73
1 239 605 -2732.24
1 239 606 -1639.35
1 239 619 -546.4490000000001
1 240 380 -687.8919999999999
1 240 426 -560.205
1 240 608 -2185.8
1 241 342 -559.613
1 241 604 -546.4490000000001
1 242 311 -6567.6
1 243 371 -546.4490000000001
1 243 389 -1082.21
1 243 422 -40.6217
1 243 431 -16262.0
1 243 605 -2732.24
1 244 431 -1.72491
1 244 605 -3278.69
1 244 621 -2796.25
1 245 322 -5535.24
1 245 337 -546.4490000000001
1 245 621 -546.4490000000001
1 246 321 -2362.27
1 246 618 -1674.84
1 247 344 -627.442
1 247 384 -2466160.0
1 248 251 -24040.9
1 248 436 -1157.85
1 248 442 -44.4165
1 248 589 -3696.98
1 249 373 -567.526
1 249 389 -1063.41
1 249 424 -546.4490000000001
1 249 430 -1155.69
1 249 436 -3222.35
1 249 606 -2732.24
1 250 326 -2291.98
1 250 424 -546.4490000000001
1 250 425 -214472.0
1 250 431 -1309.11
1 250 595 -1698.99
1 251 356 -109764.0
1 251 408 -990.5310000000001
1 251 456 -547.311
1 251 457 -29.5084
1 251 594 -565.509
1 251 595 -637.854
1 251 596 -1098.52
1 252 230 -8255.32
1 252 329 -22919.8
1 252 450 -467.236
1 252 595 -578.649
1 252 606 -546.4490000000001
1 253 331 -17538.0
1 253 332 -16654.0
1 253 416 -163.501
1 253 420 -5653.89
1 253 445 -4658.13
1 254 338 -829.045
1 254 367 -39712.4
1 254 407 -60290.0
1 254 597 -546.4490000000001
1 254 607 -546.4490000000001
1 255 383 -19482.9
1 255 388 -11949.5
1 255 395 -2045.91
1 255 420 -6157.94
1 255 439 -2897.85
1 255 443 -26582.2
1 255 595 -547.656
1 255 596 -546.4490000000001
1 255 606 -546.4490000000001
1 255 609 -1092.9
1 256 314 -5166.23
1 256 335 -50.5858
1 256 341 -39.4336
1 256 370 -7723.3
1 256 413 -555.422
1 256 586 -13103.5
1 256 593 -2185.8
1 257 238 -0.281032
1 257 324 -6395.98
1 257 413 -1125.51
1 257 576 -3168.83
1 257 599 -50348.5
1 257 600 -65102.5
1 258 325 -6037.63
1 258 336 -1250.13
1 258 442 -516935.0
1 258 585 -3278.69
1 258 595 -1190.92
1 258 601 -47501.5
1 258 602 -31899.3
1 259 340 -942.704
1 259 371 -34.4983
1 259 405 -51018.6
1 259 588 -32324.9
1 259 592 -546.4490000000001
1 259 593 -546.4490000000001
1 260 349 -703.9860000000001
1 260 407 -3383930.0
1 260 413 -128265.0
1 260 424 -290.67400000000004
1 260 461 -403.281
1 260 585 -3425.84
1 260 586 -42286.4
1 261 337 -3057.63
1 261 355 -15882.5
1 261 395 -5830.2
1 261 416 -1971.14
1 261 418 -607.2090000000001
1 261 492 -575.734
1 261 571 -508.849
1 261 576 -1098.49
1 262 345 -913.029
1 262 540 -155.911
1 262 564 -34002.3
1 262 567 -12337.4
1 262 568 -11522.4
1 262 570 -74382.2
1 262 571 -4492.97
1 263 471 -1146.68
1 263 477 -15732.2
1 263 520 -1092.9
1 263 582 -5463.15
1 264 265 -1565.35
1 264 355 -131.525
1 264 367 -546.4490000000001
1 264 383 -189098.0
1 264 407 -5405.44
1 264 428 -126041.0
1 264 468 -60.8032
1 264 471 -11950.2
1 264 476 -176.804
1 264 477 -31210.0
1 264 523 -1765.7
1 264 524 -522.26
1 264 549 -4466.66
1 265 364 -12466.8
1 265 374 -82153.3
1 265 422 -207440.0
1 265 523 -2089.47
1 266 337 -546.4490000000001
1 266 340 -240.283
1 266 462 -107.84700000000001
1 267 391 -11054.8
1 267 463 -90.5579
1 267 555 -546.4490000000001
1 267 556 -546.4490000000001
1 268 334 -91.3355
1 268 436 -1594060.0
1 268 455 -9.40077
1 268 479 -578.9259999999999
1 268 480 -250.285
1 268 489 -546.4490000000001
1 269 363 -546.4490000000001
1 269 397 -35783.2
1 269 483 -20.5142
1 269 541 -899.102
1 270 412 -53282.6
1 270 429 -1072.16
1 270 481 -556.669
1 270 483 -1616.27
1 270 484 -577.389
1 270 486 -14248.3
1 270 498 -32975.0
1 270 539 -162.57299999999998
1 271 319 -50238.1
1 271 371 -388.968
1 271 415 -136234.0
1 271 451 -17879.9
1 271 485 -247.352
1 271 493 -97703.4
1 271 498 -2797.81
1 271 537 -2159.73
1 272 336 -13312.5
1 272 368 -404482.0
1 272 388 -1263580.0
1 272 396 -16.2999
1 272 450 -4587.84
1 272 451 -351.986
1 272 462 -44754.3
1 272 491 -9.875119999999999
1 272 498 -47748.6
1 272 530 -69832.3
1 272 532 -126501.0
1 272 535 -103.98200000000001
1 273 363 -99.2044
1 273 392 -2262.22
1 273 410 -2735.85
1 273 480 -698.7710000000001
1 273 510 -546.4490000000001
1 273 516 -569.613
1 273 517 -70617.9
1 273 518 -1196.23
1 274 409 -178.455
1 274 523 -796.7260000000001
1 275 367 -38782.5
1 275 441 -46309.6
1 276 366 -89514.3
1 276 392 -337.17699999999996
1 276 446 -1094.03
1 276 474 -23601.1
1 277 294 -21570.0
1 277 390 -12256.9
1 277 407 -523014.0
1 277 431 -4454.59
1 277 454 -34.4983
1 277 468 -52.1369
1 277 472 -38176.8
1 277 480 -49345.4
1 277 482 -410.809
1 278 365 -28199.3
1 278 482 -112.177
1 279 310 -20328.8
1 279 336 -53.3961
1 279 433 -64373.7
1 279 438 -9883.75
1 279 475 -69617.5
1 279 485 -1906.94
1 280 433 -66452.3
1 280 442 -1376.98
1 280 469 -16100.2
1 280 471 -51947.5
1 281 458 -428348.0
1 282 409 -4437.34
1 282 424 -765.43
1 282 430 -84.5207
1 282 436 -35942.9
1 282 454 -1392.87
1 282 457 -4765.07
1 283 354 -178.438
1 283 429 -191790.0
1 283 449 -29293.3
1 283 452 -29815.1
1 283 455 -50764.2
1 283 468 -31460.1
1 284 339 -131256.0
1 284 457 -259.533
1 284 463 -171.19799999999998
1 284 481 -4213.1
1 285 306 -8.62456
1 285 374 -746.025
1 285 475 -81260.6
1 286 330 -48763.3
1 286 425 -402176.0
1 286 475 -1634.35
1 286 477 -54912.6
1 287 388 -79052.8
1 287 426 -546.4490000000001
1 287 477 -27952.2
1 288 372 -22.8551
1 288 419 -9820.06
1 288 423 -1101.36
1 288 426 -546.4490000000001
1 289 404 -196291.0
1 289 459 -103.495
1 290 382 -132253.0
1 290 402 -6343.37
1 290 411 -998.078
1 290 412 -20394.8
1 290 413 -507.556
1 290 420 -194.484
1 291 350 -1190.19
1 291 373 -1078.5
1 291 399 -5042.78
1 291 419 -274684.0
1 292 361 -1148.33
1 292 365 -10931.6
1 292 416 -525.2330000000001
1 293 355 -20.1379
1 293 440 -21.3431
1 294 435 -816.3989999999999
1 294 447 -49026.3
1 294 458 -104883.0
1 295 391 -8713.23
1 295 430 -378477.0
1 296 398 -98467.5
1 296 406 -271989.0
1 296 433 -68.4757
1 297 383 -715.8389999999999
1 297 395 -295025.0
1 297 401 -1121.19
1 297 413 -837156.0
1 297 415 -2036.65
1 297 442 -27827.2
1 299 354 -2.82887
1 299 387 -92.2828
1 102 110 -546.4490000000001
1 102 113 -546.4490000000001
1 103 100 -546.4490000000001
1 103 104 -546.4490000000001
1 104 115 -546.4490000000001
1 105 115 -546.4490000000001
1 105 139 -546.4490000000001
1 108 117 -546.4490000000001
1 109 112 -546.4490000000001
1 111 155 -546.4490000000001
1 111 208 -546.4490000000001
1 112 181 -546.4490000000001
1 113 111 -546.4490000000001
1 113 159 -546.4490000000001
1 113 211 -546.4490000000001
1 114 173 -546.4490000000001
1 114 212 -1092.9
1 115 212 -1092.9
1 116 121 -546.4490000000001
1 116 150 -546.4490000000001
1 116 166 -546.4490000000001
1 117 119 -546.4490000000001
1 117 168 -546.4490000000001
1 117 210 -546.4490000000001
1 119 194 -546.4490000000001
1 119 202 -546.4490000000001
1 119 96 -546.4490000000001
1 120 155 -546.4490000000001
1 120 94 -546.4490000000001
1 121 187 -546.4490000000001
1 123 110 -546.4490000000001
1 123 111 -546.4490000000001
1 123 158 -546.4490000000001
1 123 168 -546.4490000000001
1 123 193 -546.4490000000001
1 123 202 -1092.9
1 125 150 -546.4490000000001
1 125 151 -546.4490000000001
1 125 193 -546.4490000000001
1 125 194 -546.4490000000001
1 126 121 -546.4490000000001
1 126 191 -546.4490000000001
1 126 195 -546.4490000000001
1 127 150 -546.4490000000001
1 127 160 -546.4490000000001
1 127 169 -546.4490000000001
1 127 195 -546.4490000000001
1 127 199 -1092.9
1 128 122 -546.4490000000001
1 128 148 -546.4490000000001
1 128 149 -546.4490000000001
1 128 152 -546.4490000000001
1 128 153 -546.4490000000001
1 128 154 -546.4490000000001
1 128 157 -546.4490000000001
1 128 199 -546.4490000000001
1 129 117 -546.4490000000001
1 129 119 -546.4490000000001
1 129 122 -546.4490000000001
1 129 146 -546.4490000000001
1 129 154 -1092.9
1 129 162 -546.4490000000001
1 129 176 -546.4490000000001
1 130 120 -546.4490000000001
1 130 154 -546.4490000000001
1 130 155 -546.4490000000001
1 130 156 -1639.35
1 130 194 -546.4490000000001
1 131 112 -546.4490000000001
1 131 121 -546.4490000000001
1 131 122 -546.4490000000001
1 131 150 -546.4490000000001
1 131 156 -546.4490000000001
1 131 157 -546.4490000000001
1 131 158 -546.4490000000001
1 131 161 -1092.9
1 131 198 -546.4490000000001
1 132 112 -546.4490000000001
1 132 155 -546.4490000000001
1 132 156 -546.4490000000001
1 132 160 -546.4490000000001
1 132 161 -1092.9
1 133 155 -546.4490000000001
1 133 159 -546.4490000000001
1 133 160 -1092.9
1 133 192 -1092.9
1 133 193 -546.4490000000001
1 134 148 -546.4490000000001
1 134 150 -546.4490000000001
1 134 151 -546.4490000000001
1 134 156 -546.4490000000001
1 134 191 -546.4490000000001
1 134 193 -2185.8
1 135 148 -2732.24
1 135 149 -1092.9
1 135 156 -546.4490000000001
1 135 157 -546.4490000000001
1 135 193 -1639.35
1 136 147 -546.4490000000001
1 136 148 -546.4490000000001
1 136 149 -546.4490000000001
1 136 150 -1092.9
1 136 153 -546.4490000000001
1 136 155 -546.4490000000001
1 137 148 -546.4490000000001
1 137 150 -546.4490000000001
1 137 153 -1092.9
1 137 154 -546.4490000000001
1 137 157 -1639.35
1 137 175 -546.4490000000001
1 137 206 -546.4490000000001
1 138 151 -546.4490000000001
1 138 152 -546.4490000000001
1 138 153 -1639.35
1 138 168 -546.4490000000001
1 138 169 -546.4490000000001
1 139 151 -546.4490000000001
1 140 138 -546.4490000000001
1 140 155 -2185.8
1 140 156 -546.4490000000001
1 140 171 -546.4490000000001
1 140 180 -546.4490000000001
1 141 149 -546.4490000000001
1 141 154 -1092.9
1 141 157 -546.4490000000001
1 141 171 -546.4490000000001
1 141 199 -1092.9
1 142 155 -546.4490000000001
1 142 156 -546.4490000000001
1 142 157 -546.4490000000001
1 142 158 -546.4490000000001
1 142 174 -546.4490000000001
1 142 179 -546.4490000000001
1 142 201 -546.4490000000001
1 143 146 -546.4490000000001
1 143 157 -1639.35
1 144 142 -1092.9
1 144 173 -546.4490000000001
1 145 142 -546.4490000000001
1 145 143 -546.4490000000001
1 145 151 -546.4490000000001
1 145 187 -546.4490000000001
1 145 226 -546.4490000000001
1 146 140 -546.4490000000001
1 146 141 -1092.9
1 146 145 -546.4490000000001
1 146 208 -546.4490000000001
1 146 229 -546.4490000000001
1 146 230 -546.4490000000001
1 146 232 -546.4490000000001
1 147 139 -1639.35
1 147 140 -546.4490000000001
1 147 141 -546.4490000000001
1 147 142 -546.4490000000001
1 147 229 -546.4490000000001
1 147 230 -546.4490000000001
1 147 233 -546.4490000000001
1 147 239 -546.4490000000001
1 147 240 -546.4490000000001
1 148 217 -546.4490000000001
1 148 221 -546.4490000000001
1 149 127 -546.4490000000001
1 149 147 -546.4490000000001
1 149 154 -546.4490000000001
1 149 222 -546.4490000000001
1 149 253 -546.4490000000001
1 150 160 -546.4490000000001
1 150 164 -546.4490000000001
1 150 177 -546.4490000000001
1 150 227 -546.4490000000001
1 150 236 -546.4490000000001
1 151 128 -546.4490000000001
1 151 228 -546.4490000000001
1 152 153 -546.4490000000001
1 152 173 -546.4490000000001
1 152 176 -546.4490000000001
1 152 222 -546.4490000000001
1 152 228 -546.4490000000001
1 153 126 -546.4490000000001
1 153 136 -546.4490000000001
1 153 155 -546.4490000000001
1 153 232 -546.4490000000001
1 153 238 -546.4490000000001
1 153 253 -546.4490000000001
1 154 126 -546.4490000000001
1 154 133 -546.4490000000001
1 154 161 -546.4490000000001
1 154 172 -546.4490000000001
1 154 220 -546.4490000000001
1 154 244 -546.4490000000001
1 155 170 -1092.9
1 155 216 -546.4490000000001
1 155 262 -546.4490000000001
1 156 160 -546.4490000000001
1 156 211 -546.4490000000001
1 156 223 -546.4490000000001
1 157 132 -546.4490000000001
1 157 133 -546.4490000000001
1 157 134 -1639.35
1 157 136 -546.4490000000001
1 157 194 -546.4490000000001
1 157 207 -546.4490000000001
1 157 240 -546.4490000000001
1 158 135 -546.4490000000001
1 158 248 -546.4490000000001
1 159 152 -546.4490000000001
1 159 231 -546.4490000000001
1 159 240 -546.4490000000001
1 159 247 -546.4490000000001
1 159 248 -546.4490000000001
1 159 250 -546.4490000000001
1 159 251 -546.4490000000001
1 159 257 -546.4490000000001
1 160 133 -546.4490000000001
1 160 249 -1092.9
1 160 251 -1092.9
1 160 252 -546.4490000000001
1 160 253 -546.4490000000001
1 160 262 -546.4490000000001
1 161 144 -1092.9
1 161 251 -546.4490000000001
1 161 253 -546.4490000000001
1 162 137 -1092.9
1 162 252 -1092.9
1 162 253 -546.4490000000001
1 163 152 -546.4490000000001
1 163 190 -546.4490000000001
1 163 236 -546.4490000000001
1 164 278 -546.4490000000001
1 164 290 -546.4490000000001
1 164 299 -546.4490000000001
1 165 133 -1092.9
1 165 134 -1092.9
1 165 135 -546.4490000000001
1 165 290 -546.4490000000001
1 166 131 -546.4490000000001
1 166 132 -546.4490000000001
1 166 133 -1092.9
1 166 134 -546.4490000000001
1 166 135 -546.4490000000001
1 166 210 -546.4490000000001
1 166 254 -546.4490000000001
1 166 255 -546.4490000000001
1 167 127 -546.4490000000001
1 167 132 -1092.9
1 167 133 -1092.9
1 167 134 -1639.35
1 167 256 -546.4490000000001
1 167 288 -546.4490000000001
1 167 294 -546.4490000000001
1 168 130 -546.4490000000001
1 168 131 -546.4490000000001
1 168 132 -2185.8
1 168 133 -2185.8
1 168 286 -546.4490000000001
1 168 287 -1092.9
1 168 291 -1092.9
1 169 128 -1092.9
1 169 129 -2185.8
1 169 131 -546.4490000000001
1 169 132 -2732.24
1 169 133 -1639.35
1 169 134 -4918.04
1 169 135 -546.4490000000001
1 169 236 -1217.44
1 169 260 -546.4490000000001
1 169 271 -546.4490000000001
1 169 287 -546.4490000000001
1 169 290 -546.4490000000001
1 170 133 -1639.35
1 170 134 -6557.39
1 170 136 -546.4490000000001
1 170 187 -546.4490000000001
1 170 256 -546.4490000000001
1 170 287 -546.4490000000001
1 170 292 -546.4490000000001
1 171 133 -1092.9
1 171 134 -546.4490000000001
1 171 136 -2732.24
1 171 290 -546.4490000000001
1 172 257 -546.4490000000001
1 172 284 -546.4490000000001
1 172 295 -1092.9
1 172 311 -546.4490000000001
1 173 258 -546.4490000000001
1 173 278 -546.4490000000001
1 173 290 -546.4490000000001
1 173 292 -546.4490000000001
1 173 293 -1092.9
1 173 294 -546.4490000000001
1 174 124 -546.4490000000001
1 174 253 -546.4490000000001
1 174 261 -546.4490000000001
1 174 270 -546.4490000000001
1 174 283 -546.4490000000001
1 174 289 -546.4490000000001
1 174 293 -546.4490000000001
1 175 260 -546.4490000000001
1 175 288 -546.4490000000001
1 175 292 -1092.9
1 175 293 -546.4490000000001
1 175 296 -546.4490000000001
1 175 305 -546.4490000000001
1 176 274 -546.4490000000001
1 176 305 -546.4490000000001
1 177 289 -546.4490000000001
1 177 290 -546.4490000000001
1 178 243 -546.4490000000001
1 178 280 -546.4490000000001
1 178 285 -546.4490000000001
1 178 302 -546.4490000000001
1 178 305 -546.4490000000001
1 178 306 -546.4490000000001
1 178 311 -546.4490000000001
1 179 278 -546.4490000000001
1 179 285 -546.4490000000001
1 180 149 -546.4490000000001
1 180 286 -546.4490000000001
1 181 297 -546.4490000000001
1 181 307 -546.4490000000001
1 181 308 -546.4490000000001
1 183 242 -546.4490000000001
1 183 285 -546.4490000000001
1 183 295 -546.4490000000001
1 183 308 -546.4490000000001
1 183 309 -546.4490000000001
1 183 318 -546.4490000000001
1 184 263 -546.4490000000001
1 184 285 -546.4490000000001
1 184 313 -546.4490000000001
1 184 319 -546.4490000000001
1 185 257 -546.4490000000001
1 185 305 -546.4490000000001
1 185 306 -546.4490000000001
1 185 307 -546.4490000000001
1 185 315 -546.4490000000001
1 186 255 -546.4490000000001
1 186 265 -546.4490000000001
1 186 307 -1092.9
1 186 310 -546.4490000000001
1 188 262 -546.4490000000001
1 188 294 -546.4490000000001
1 188 295 -546.4490000000001
1 189 295 -546.4490000000001
1 189 309 -546.4490000000001
1 190 307 -546.4490000000001
1 190 308 -546.4490000000001
1 190 324 -546.4490000000001
1 191 292 -1092.9
1 191 304 -546.4490000000001
1 191 305 -546.4490000000001
1 192 258 -546.4490000000001
1 192 284 -546.4490000000001
1 192 304 -546.4490000000001
1 192 316 -546.4490000000001
1 192 319 -546.4490000000001
1 193 262 -546.4490000000001
1 193 301 -546.4490000000001
1 193 311 -546.4490000000001
1 193 313 -1092.9
1 194 284 -546.4490000000001
1 194 313 -546.4490000000001
1 195 269 -546.4490000000001
1 195 287 -546.4490000000001
1 195 289 -546.4490000000001
1 195 300 -546.4490000000001
1 195 311 -546.4490000000001
1 195 313 -546.4490000000001
1 196 269 -546.4490000000001
1 196 275 -546.4490000000001
1 196 303 -546.4490000000001
1 196 324 -546.4490000000001
1 196 333 -546.4490000000001
1 197 264 -546.4490000000001
1 197 283 -546.4490000000001
1 197 300 -546.4490000000001
1 197 322 -546.4490000000001
1 197 325 -546.4490000000001
1 198 242 -546.4490000000001
1 198 276 -1092.9
1 198 309 -546.4490000000001
1 198 311 -546.4490000000001
1 199 283 -546.4490000000001
1 199 311 -546.4490000000001
1 199 324 -546.4490000000001
1 200 280 -546.4490000000001
1 200 286 -546.4490000000001
1 200 296 -546.4490000000001
1 200 299 -546.4490000000001
1 200 306 -546.4490000000001
1 200 307 -546.4490000000001
1 200 312 -546.4490000000001
1 200 343 -546.4490000000001
1 200 345 -546.4490000000001
1 201 257 -546.4490000000001
1 202 280 -546.4490000000001
1 202 287 -546.4490000000001
1 202 297 -546.4490000000001
1 202 301 -546.4490000000001
1 202 302 -546.4490000000001
1 203 215 -546.4490000000001
1 203 304 -546.4490000000001
1 203 305 -546.4490000000001
1 203 309 -546.4490000000001
1 203 315 -546.4490000000001
1 205 263 -546.4490000000001
1 205 303 -546.4490000000001
1 205 304 -546.4490000000001
1 205 317 -546.4490000000001
1 205 318 -546.4490000000001
1 205 319 -546.4490000000001
1 206 264 -546.4490000000001
1 206 270 -546.4490000000001
1 206 301 -546.4490000000001
1 206 304 -546.4490000000001
1 206 315 -546.4490000000001
1 206 317 -1092.9
1 207 262 -546.4490000000001
1 207 300 -546.4490000000001
1 207 301 -1092.9
1 207 303 -546.4490000000001
1 207 304 -546.4490000000001
1 207 306 -1092.9
1 207 315 -546.4490000000001
1 207 317 -546.4490000000001
1 208 298 -1092.9
1 208 299 -1092.9
1 208 306 -546.4490000000001
1 208 317 -546.4490000000001
1 208 328 -546.4490000000001
1 209 284 -546.4490000000001
1 209 297 -546.4490000000001
1 209 302 -546.4490000000001
1 210 284 -546.4490000000001
1 210 301 -546.4490000000001
1 210 302 -546.4490000000001
1 210 342 -546.4490000000001
1 211 301 -546.4490000000001
1 211 321 -546.4490000000001
1 212 295 -546.4490000000001
1 212 347 -546.4490000000001
1 213 226 -546.4490000000001
1 213 287 -546.4490000000001
1 213 303 -546.4490000000001
1 213 329 -546.4490000000001
1 214 319 -546.4490000000001
1 215 289 -546.4490000000001
1 215 311 -546.4490000000001
1 215 353 -546.4490000000001
1 216 323 -546.4490000000001
1 216 341 -546.4490000000001
1 217 244 -546.4490000000001
1 217 249 -546.4490000000001
1 217 351 -546.4490000000001
1 218 209 -546.4490000000001
1 218 243 -546.4490000000001
1 218 292 -546.4490000000001
1 218 345 -1092.9
1 221 240 -546.4490000000001
1 221 611 -546.4490000000001
1 222 254 -546.4490000000001
1 222 362 -546.4490000000001
1 224 338 -546.4490000000001
1 224 359 -546.4490000000001
1 225 323 -546.4490000000001
1 225 329 -546.4490000000001
1 225 332 -546.4490000000001
1 225 368 -546.4490000000001
1 225 373 -546.4490000000001
1 225 378 -546.4490000000001
1 225 382 -1092.9
1 226 323 -546.4490000000001
1 226 388 -1092.9
1 226 618 -546.4490000000001
1 227 315 -546.4490000000001
1 228 606 -546.4490000000001
1 229 385 -1092.9
1 229 392 -546.4490000000001
1 229 393 -546.4490000000001
1 229 397 -2185.8
1 229 618 -2732.24
1 230 338 -546.4490000000001
1 230 373 -1092.9
1 230 384 -546.4490000000001
1 230 392 -1092.9
1 230 393 -2185.8
1 230 396 -546.4490000000001
1 230 605 -546.4490000000001
1 231 343 -546.4490000000001
1 231 383 -546.4490000000001
1 231 392 -2732.24
1 231 393 -6010.94
1 231 398 -546.4490000000001
1 231 603 -546.4490000000001
1 231 607 -1092.9
1 232 259 -546.4490000000001
1 232 300 -546.4490000000001
1 232 384 -546.4490000000001
1 232 389 -546.4490000000001
1 232 393 -3278.69
1 232 394 -2185.8
1 232 405 -546.4490000000001
1 232 604 -1092.9
1 232 606 -1092.9
1 232 607 -1639.35
1 232 608 -546.4490000000001
1 233 373 -546.4490000000001
1 233 393 -546.4490000000001
1 233 403 -546.4490000000001
1 233 406 -2185.8
1 233 601 -1092.9
1 233 602 -546.4490000000001
1 234 374 -546.4490000000001
1 234 388 -546.4490000000001
1 234 389 -546.4490000000001
1 234 406 -1639.35
1 234 407 -1092.9
1 234 601 -546.4490000000001
1 234 602 -1092.9
1 234 603 -1639.35
1 234 604 -546.4490000000001
1 234 605 -1092.9
1 234 606 -546.4490000000001
1 234 609 -546.4490000000001
1 234 620 -546.4490000000001
1 234 621 -546.4490000000001
1 235 342 -546.4490000000001
1 235 368 -546.4490000000001
1 235 389 -546.4490000000001
1 235 392 -546.4490000000001
1 235 404 -546.4490000000001
1 235 406 -546.4490000000001
1 235 599 -546.4490000000001
1 235 600 -1092.9
1 235 602 -1639.35
1 235 603 -546.4490000000001
1 235 606 -546.4490000000001
1 235 608 -546.4490000000001
1 236 256 -546.4490000000001
1 236 359 -546.4490000000001
1 236 377 -1092.9
1 236 378 -546.4490000000001
1 236 389 -1092.9
1 236 600 -546.4490000000001
1 236 601 -546.4490000000001
1 236 602 -1092.9
1 236 605 -546.4490000000001
1 236 606 -546.4490000000001
1 236 607 -546.4490000000001
1 236 620 -546.4490000000001
1 237 330 -546.4490000000001
1 237 377 -546.4490000000001
1 237 384 -546.4490000000001
1 237 388 -546.4490000000001
1 237 605 -1092.9
1 237 606 -1639.35
1 237 607 -1092.9
1 237 608 -2732.24
1 237 609 -1639.35
1 237 620 -546.4490000000001
1 238 346 -546.4490000000001
1 238 391 -546.4490000000001
1 238 410 -546.4490000000001
1 238 602 -546.4490000000001
1 238 603 -546.4490000000001
1 238 606 -2732.24
1 238 607 -3278.69
1 238 608 -2185.8
1 238 610 -546.4490000000001
1 239 297 -1647.15
1 239 323 -546.4490000000001
1 239 404 -546.4490000000001
1 239 601 -546.4490000000001
1 239 603 -546.4490000000001
1 239 607 -1092.9
1 239 608 -2185.8
1 239 609 -1639.35
1 239 610 -1092.9
1 239 615 -1092.9
1 240 267 -546.4490000000001
1 240 319 -546.4490000000001
1 240 327 -546.4490000000001
1 240 352 -546.4490000000001
1 240 374 -1092.9
1 240 392 -1092.9
1 240 396 -546.4490000000001
1 240 406 -546.4490000000001
1 240 603 -546.4490000000001
1 240 605 -1639.35
1 240 606 -2185.8
1 240 607 -1092.9
1 240 620 -1092.9
1 240 621 -546.4490000000001
1 241 339 -546.4490000000001
1 241 352 -546.4490000000001
1 241 370 -1092.9
1 241 375 -546.4490000000001
1 241 409 -546.4490000000001
1 241 577 -546.4490000000001
1 241 603 -1092.9
1 241 605 -1639.35
1 241 606 -1092.9
1 241 607 -1092.9
1 241 608 -1092.9
1 241 609 -2732.24
1 241 610 -546.4490000000001
1 241 611 -546.4490000000001
1 241 620 -546.4490000000001
1 241 621 -546.4490000000001
1 242 314 -546.4490000000001
1 242 318 -546.4490000000001
1 242 336 -546.4490000000001
1 242 338 -546.4490000000001
1 242 339 -546.4490000000001
1 242 373 -1639.35
1 242 374 -3278.69
1 242 406 -1092.9
1 242 603 -1092.9
1 242 604 -3825.14
1 242 605 -4918.04
1 242 606 -1639.35
1 242 607 -2732.24
1 242 608 -2732.24
1 242 609 -1639.35
1 242 610 -1639.35
1 242 616 -546.4490000000001
1 242 622 -546.4490000000001
1 242 623 -1639.35
1 243 366 -546.4490000000001
1 243 369 -546.4490000000001
1 243 372 -1092.9
1 243 373 -4371.59
1 243 374 -1639.35
1 243 386 -546.4490000000001
1 243 391 -546.4490000000001
1 243 405 -546.4490000000001
1 243 406 -546.4490000000001
1 243 407 -1092.9
1 243 409 -546.4490000000001
1 243 577 -546.4490000000001
1 243 606 -3825.14
1 243 607 -2732.24
1 243 608 -1092.9
1 243 609 -3278.69
1 243 620 -546.4490000000001
1 243 622 -1092.9
1 243 623 -4371.59
1 244 371 -546.4490000000001
1 244 372 -1092.9
1 244 373 -1639.35
1 244 415 -546.4490000000001
1 244 598 -546.4490000000001
1 244 606 -2185.8
1 244 607 -546.4490000000001
1 244 611 -546.4490000000001
1 244 616 -546.4490000000001
1 244 622 -546.4490000000001
1 244 623 -2185.8
1 244 624 -546.4490000000001
1 245 312 -546.4490000000001
1 245 315 -546.4490000000001
1 245 326 -546.4490000000001
1 245 335 -546.4490000000001
1 245 338 -546.4490000000001
1 245 356 -1092.9
1 245 371 -546.4490000000001
1 245 413 -546.4490000000001
1 245 586 -546.4490000000001
1 245 604 -546.4490000000001
1 245 605 -1639.35
1 245 606 -2732.24
1 245 607 -2185.8
1 245 609 -2732.24
1 245 610 -1092.9
1 245 612 -1092.9
1 245 616 -1092.9
1 245 619 -546.4490000000001
1 245 620 -1092.9
1 245 622 -546.4490000000001
1 246 214 -546.4490000000001
1 246 342 -546.4490000000001
1 246 356 -546.4490000000001
1 246 357 -546.4490000000001
1 246 374 -546.4490000000001
1 246 413 -546.4490000000001
1 246 590 -546.4490000000001
1 246 599 -546.4490000000001
1 246 600 -3278.69
1 246 605 -2185.8
1 246 606 -3825.14
1 246 607 -2185.8
1 246 610 -546.4490000000001
1 246 612 -1092.9
1 246 614 -546.4490000000001
1 246 615 -546.4490000000001
1 246 623 -546.4490000000001
1 247 314 -546.4490000000001
1 247 331 -546.4490000000001
1 247 367 -1092.9
1 247 368 -2732.24
1 247 387 -1092.9
1 247 413 -546.4490000000001
1 247 578 -546.4490000000001
1 247 597 -546.4490000000001
1 247 598 -3825.14
1 247 599 -3278.69
1 247 600 -5464.49
1 247 601 -5464.49
1 247 605 -1092.9
1 247 609 -1092.9
1 247 610 -1092.9
1 247 611 -2185.8
1 247 612 -2185.8
1 247 613 -1092.9
1 247 618 -1092.9
1 247 619 -546.4490000000001
1 247 623 -546.4490000000001
1 248 307 -546.4490000000001
1 248 367 -546.4490000000001
1 248 368 -2185.8
1 248 371 -1092.9
1 248 372 -2732.24
1 248 387 -1092.9
1 248 388 -3278.69
1 248 413 -546.4490000000001
1 248 416 -546.4490000000001
1 248 529 -546.4490000000001
1 248 567 -546.4490000000001
1 248 596 -3825.14
1 248 597 -2732.24
1 248 598 -5464.49
1 248 599 -3278.69
1 248 600 -2185.8
1 248 601 -3278.69
1 248 602 -1639.35
1 248 605 -546.4490000000001
1 248 608 -546.4490000000001
1 248 609 -1092.9
1 248 610 -1639.35
1 248 611 -3278.69
1 248 612 -3278.69
1 248 613 -3825.14
1 248 618 -546.4490000000001
1 248 619 -546.4490000000001
1 248 620 -546.4490000000001
1 248 623 -1092.9
1 249 333 -546.4490000000001
1 249 334 -546.4490000000001
1 249 365 -1092.9
1 249 366 -1639.35
1 249 367 -546.4490000000001
1 249 368 -1639.35
1 249 371 -546.4490000000001
1 249 387 -546.4490000000001
1 249 388 -546.4490000000001
1 249 400 -546.4490000000001
1 249 412 -546.4490000000001
1 249 567 -546.4490000000001
1 249 593 -1092.9
1 249 595 -3278.69
1 249 596 -3825.14
1 249 597 -6010.94
1 249 603 -1639.35
1 249 604 -4371.59
1 249 605 -2732.24
1 249 607 -2185.8
1 249 609 -546.4490000000001
1 249 610 -1092.9
1 249 611 -2732.24
1 249 612 -4918.04
1 249 613 -1092.9
1 249 618 -546.4490000000001
1 249 623 -546.4490000000001
1 250 331 -546.4490000000001
1 250 355 -546.4490000000001
1 250 365 -1092.9
1 250 366 -2732.24
1 250 367 -1639.35
1 250 368 -546.4490000000001
1 250 369 -1092.9
1 250 370 -1092.9
1 250 371 -3278.69
1 250 382 -546.4490000000001
1 250 406 -546.4490000000001
1 250 413 -546.4490000000001
1 250 414 -546.4490000000001
1 250 423 -546.4490000000001
1 250 436 -546.4490000000001
1 250 568 -546.4490000000001
1 250 579 -546.4490000000001
1 250 591 -546.4490000000001
1 250 594 -546.4490000000001
1 250 596 -4371.59
1 250 597 -1092.9
1 250 602 -546.4490000000001
1 250 603 -3825.14
1 250 604 -3278.69
1 250 605 -2185.8
1 250 607 -546.4490000000001
1 250 608 -1639.35
1 250 609 -546.4490000000001
1 250 610 -546.4490000000001
1 250 613 -546.4490000000001
1 251 276 -546.4490000000001
1 251 322 -546.4490000000001
1 251 365 -1639.35
1 251 366 -4918.04
1 251 367 -1092.9
1 251 368 -1092.9
1 251 371 -546.4490000000001
1 251 379 -546.4490000000001
1 251 407 -546.4490000000001
1 251 414 -546.4490000000001
1 251 424 -546.4490000000001
1 251 598 -546.4490000000001
1 251 604 -546.4490000000001
1 251 605 -546.4490000000001
1 251 607 -546.4490000000001
1 251 610 -546.4490000000001
1 252 236 -546.4490000000001
1 252 365 -1639.35
1 252 366 -3825.14
1 252 367 -3825.14
1 252 368 -1092.9
1 252 376 -546.4490000000001
1 252 412 -546.4490000000001
1 252 416 -546.4490000000001
1 252 428 -546.4490000000001
1 252 506 -546.4490000000001
1 252 507 -546.4490000000001
1 252 528 -546.4490000000001
1 252 534 -546.4490000000001
1 252 544 -546.4490000000001
1 252 576 -546.4490000000001
1 252 591 -1092.9
1 252 596 -1161.04
1 252 597 -1092.9
1 252 598 -546.4490000000001
1 252 599 -1092.9
1 252 608 -1092.9
1 252 609 -546.4490000000001
1 252 611 -546.4490000000001
1 252 620 -546.4490000000001
1 253 259 -546.4490000000001
1 253 342 -546.4490000000001
1 253 363 -546.4490000000001
1 253 365 -1092.9
1 253 366 -3278.69
1 253 367 -2185.8
1 253 370 -546.4490000000001
1 253 375 -1092.9
1 253 404 -546.4490000000001
1 253 433 -1092.9
1 253 506 -546.4490000000001
1 253 543 -546.4490000000001
1 253 546 -546.4490000000001
1 253 547 -546.4490000000001
1 253 566 -546.4490000000001
1 253 586 -1092.9
1 253 596 -546.4490000000001
1 253 597 -2185.8
1 253 601 -546.4490000000001
1 253 604 -546.4490000000001
1 253 605 -546.4490000000001
1 253 614 -1639.35
1 254 366 -1092.9
1 254 478 -546.4490000000001
1 254 581 -546.4490000000001
1 254 584 -546.4490000000001
1 254 585 -3278.69
1 254 586 -2732.24
1 254 587 -1639.35
1 254 588 -1639.35
1 254 589 -2185.8
1 254 598 -546.4490000000001
1 254 599 -546.4490000000001
1 254 601 -1092.9
1 254 604 -1092.9
1 254 605 -546.4490000000001
1 254 606 -546.4490000000001
1 254 611 -546.4490000000001
1 255 341 -546.4490000000001
1 255 346 -546.4490000000001
1 255 371 -546.4490000000001
1 255 402 -546.4490000000001
1 255 442 -546.4490000000001
1 255 445 -546.4490000000001
1 255 461 -546.4490000000001
1 255 479 -546.4490000000001
1 255 512 -546.4490000000001
1 255 513 -546.4490000000001
1 255 526 -546.4490000000001
1 255 547 -546.4490000000001
1 255 548 -546.4490000000001
1 255 565 -546.4490000000001
1 255 583 -1639.35
1 255 584 -2185.8
1 255 585 -2185.8
1 255 586 -2185.8
1 255 587 -1092.9
1 255 588 -546.4490000000001
1 255 591 -546.4490000000001
1 255 594 -546.4490000000001
1 255 597 -546.4490000000001
1 255 600 -1092.9
1 255 607 -546.4490000000001
1 256 346 -546.4490000000001
1 256 350 -546.4490000000001
1 256 367 -546.4490000000001
1 256 373 -546.4490000000001
1 256 374 -546.4490000000001
1 256 491 -546.4490000000001
1 256 526 -546.4490000000001
1 256 531 -1639.35
1 256 532 -546.4490000000001
1 256 547 -546.4490000000001
1 256 548 -1092.9
1 256 549 -546.4490000000001
1 256 575 -546.4490000000001
1 256 578 -1092.9
1 256 580 -546.4490000000001
1 256 584 -1639.35
1 256 585 -1092.9
1 256 592 -1092.9
1 256 594 -3864.61
1 256 595 -2185.8
1 256 607 -2185.8
1 256 608 -1092.9
1 256 609 -546.4490000000001
1 257 330 -546.4490000000001
1 257 461 -546.4490000000001
1 257 497 -546.4490000000001
1 257 503 -546.4490000000001
1 257 506 -546.4490000000001
1 257 512 -546.4490000000001
1 257 527 -1639.35
1 257 529 -546.4490000000001
1 257 532 -546.4490000000001
1 257 549 -546.4490000000001
1 257 574 -546.4490000000001
1 257 575 -1639.35
1 257 584 -1639.35
1 257 585 -1639.35
1 257 593 -1092.9
1 257 594 -4371.59
1 257 595 -2185.8
1 257 597 -1092.9
1 257 606 -3825.14
1 257 607 -546.4490000000001
1 258 307 -546.4490000000001
1 258 330 -546.4490000000001
1 258 366 -546.4490000000001
1 258 485 -1092.9
1 258 489 -1092.9
1 258 491 -546.4490000000001
1 258 493 -546.4490000000001
1 258 494 -546.4490000000001
1 258 496 -546.4490000000001
1 258 497 -546.4490000000001
1 258 498 -1639.35
1 258 499 -1092.9
1 258 502 -546.4490000000001
1 258 503 -546.4490000000001
1 258 529 -1092.9
1 258 531 -546.4490000000001
1 258 532 -546.4490000000001
1 258 533 -1092.9
1 258 535 -546.4490000000001
1 258 546 -546.4490000000001
1 258 550 -546.4490000000001
1 258 556 -1092.9
1 258 564 -546.4490000000001
1 258 576 -546.4490000000001
1 258 583 -546.4490000000001
1 258 584 -1639.35
1 258 586 -1639.35
1 258 594 -1639.35
1 258 606 -2732.24
1 258 607 -546.4490000000001
1 259 346 -546.4490000000001
1 259 369 -1092.9
1 259 402 -546.4490000000001
1 259 444 -546.4490000000001
1 259 456 -546.4490000000001
1 259 485 -546.4490000000001
1 259 486 -546.4490000000001
1 259 488 -546.4490000000001
1 259 489 -546.4490000000001
1 259 490 -1092.9
1 259 509 -1092.9
1 259 510 -546.4490000000001
1 259 522 -546.4490000000001
1 259 528 -546.4490000000001
1 259 529 -546.4490000000001
1 259 531 -546.4490000000001
1 259 532 -546.4490000000001
1 259 545 -546.4490000000001
1 259 549 -546.4490000000001
1 259 554 -1092.9
1 259 555 -1092.9
1 259 556 -1639.35
1 259 557 -1639.35
1 259 575 -2185.8
1 259 576 -546.4490000000001
1 259 579 -546.4490000000001
1 259 584 -546.4490000000001
1 259 585 -2185.8
1 259 586 -1092.9
1 260 369 -1092.9
1 260 404 -1092.9
1 260 443 -546.4490000000001
1 260 454 -546.4490000000001
1 260 485 -546.4490000000001
1 260 486 -1092.9
1 260 487 -546.4490000000001
1 260 492 -546.4490000000001
1 260 499 -546.4490000000001
1 260 502 -1092.9
1 260 517 -546.4490000000001
1 260 527 -546.4490000000001
1 260 545 -1639.35
1 260 548 -546.4490000000001
1 260 554 -546.4490000000001
1 260 556 -546.4490000000001
1 260 567 -546.4490000000001
1 260 576 -546.4490000000001
1 260 577 -546.4490000000001
1 261 397 -546.4490000000001
1 261 404 -546.4490000000001
1 261 444 -546.4490000000001
1 261 483 -546.4490000000001
1 261 487 -546.4490000000001
1 261 501 -546.4490000000001
1 261 502 -546.4490000000001
1 261 545 -546.4490000000001
1 261 551 -546.4490000000001
1 261 552 -546.4490000000001
1 261 565 -546.4490000000001
1 262 254 -546.4490000000001
1 262 353 -1092.9
1 262 369 -546.4490000000001
1 262 425 -546.4490000000001
1 262 443 -546.4490000000001
1 262 458 -546.4490000000001
1 262 483 -1092.9
1 262 493 -546.4490000000001
1 262 501 -546.4490000000001
1 262 502 -546.4490000000001
1 262 523 -546.4490000000001
1 262 524 -546.4490000000001
1 262 535 -546.4490000000001
1 262 536 -546.4490000000001
1 262 537 -546.4490000000001
1 262 542 -546.4490000000001
1 262 546 -546.4490000000001
1 262 584 -546.4490000000001
1 262 587 -546.4490000000001
1 263 355 -546.4490000000001
1 263 415 -546.4490000000001
1 263 484 -546.4490000000001
1 263 493 -546.4490000000001
1 263 509 -546.4490000000001
1 263 522 -546.4490000000001
1 263 523 -1092.9
1 263 524 -1092.9
1 263 541 -1092.9
1 263 542 -546.4490000000001
1 263 543 -546.4490000000001
1 263 546 -1092.9
1 263 576 -546.4490000000001
1 263 579 -546.4490000000001
1 263 581 -2185.8
1 264 369 -546.4490000000001
1 264 379 -571.8480000000001
1 264 481 -546.4490000000001
1 264 482 -546.4490000000001
1 264 493 -546.4490000000001
1 264 503 -546.4490000000001
1 264 504 -546.4490000000001
1 264 516 -546.4490000000001
1 264 521 -1639.35
1 264 527 -546.4490000000001
1 264 543 -2185.8
1 264 568 -546.4490000000001
1 264 575 -546.4490000000001
1 264 576 -1092.9
1 265 336 -546.4490000000001
1 265 367 -1141.37
1 265 457 -546.4490000000001
1 265 459 -546.4490000000001
1 265 511 -546.4490000000001
1 265 516 -546.4490000000001
1 265 520 -546.4490000000001
1 265 524 -798.545
1 265 568 -1092.9
1 266 314 -546.4490000000001
1 266 413 -546.4490000000001
1 266 456 -546.4490000000001
1 266 478 -546.4490000000001
1 266 481 -546.4490000000001
1 266 483 -546.4490000000001
1 266 484 -546.4490000000001
1 266 485 -546.4490000000001
1 266 492 -546.4490000000001
1 266 498 -546.4490000000001
1 266 505 -546.4490000000001
1 266 518 -546.4490000000001
1 266 523 -546.4490000000001
1 266 543 -546.4490000000001
1 266 545 -546.4490000000001
1 266 549 -546.4490000000001
1 266 555 -546.4490000000001
1 267 337 -546.4490000000001
1 267 365 -546.4490000000001
1 267 381 -546.4490000000001
1 267 459 -546.4490000000001
1 267 460 -1092.9
1 267 505 -546.4490000000001
1 267 507 -546.4490000000001
1 267 543 -546.4490000000001
1 267 544 -1092.9
1 267 549 -546.4490000000001
1 267 553 -1639.35
1 267 562 -546.4490000000001
1 268 507 -1092.9
1 268 540 -546.4490000000001
1 268 541 -546.4490000000001
1 268 542 -1092.9
1 268 543 -2185.8
1 268 544 -1092.9
1 268 549 -546.4490000000001
1 268 551 -546.4490000000001
1 268 552 -546.4490000000001
1 268 553 -546.4490000000001
1 269 362 -546.4490000000001
1 269 505 -1092.9
1 269 507 -546.4490000000001
1 269 528 -546.4490000000001
1 269 543 -546.4490000000001
1 269 547 -1092.9
1 270 474 -546.4490000000001
1 270 475 -1092.9
1 270 479 -546.4490000000001
1 270 491 -546.4490000000001
1 270 504 -546.4490000000001
1 270 507 -546.4490000000001
1 270 526 -546.4490000000001
1 271 375 -546.4490000000001
1 271 388 -546.4490000000001
1 271 479 -546.4490000000001
1 271 481 -546.4490000000001
1 271 487 -546.4490000000001
1 271 491 -546.4490000000001
1 271 526 -546.4490000000001
1 272 469 -546.4490000000001
1 272 493 -546.4490000000001
1 272 495 -1092.9
1 272 496 -546.4490000000001
1 272 502 -546.4490000000001
1 272 526 -1639.35
1 273 441 -546.4490000000001
1 273 462 -546.4490000000001
1 273 526 -546.4490000000001
1 275 463 -546.4490000000001
1 275 480 -546.4490000000001
1 275 502 -546.4490000000001
1 275 504 -546.4490000000001
1 276 502 -546.4490000000001
1 277 393 -546.4490000000001
1 279 459 -546.4490000000001
1 280 563 -546.4490000000001
1 282 434 -546.4490000000001
1 282 435 -1059.93
1 283 461 -546.4490000000001
1 283 482 -546.4490000000001
1 283 483 -546.4490000000001
1 285 437 -546.4490000000001
1 285 482 -546.4490000000001
1 285 483 -546.4490000000001
1 286 377 -546.4490000000001
1 286 464 -546.4490000000001
1 288 469 -546.4490000000001
1 289 362 -546.4490000000001
1 289 443 -546.4490000000001
1 292 358 -546.4490000000001
1 293 390 -1639.35
1 293 391 -546.4490000000001
1 296 390 -546.4490000000001
1 301 359 -546.4490000000001
1 301 378 -546.4490000000001
1 85 106 -546.4490000000001
1 92 112 -1092.9
1 93 117 -546.4490000000001
1 97 89 -546.4490000000001
1 98 101 -546.4490000000001
1 99 126 -546.4490000000001
1 99 136 -546.4490000000001
1 150 114 -34456.0
1 153 113 -27796.9
1 167 186 -15285.3
1 170 169 -5787.01
1 199 225 -84.3097
1 244 234 -12785.6
1 259 541 -11.2413
1 267 479 -214.679
1 271 361 -314.322
1 272 454 -35.1451
1 299 360 -3546.63
1 141 124 -9160.25
1 157 190 -6.885660000000001
1 169 164 -57576.5
1 203 296 -278.784
1 214 174 -8488.11
1 218 173 -8627.58
1 262 350 -77.2839
1 271 470 -903.248
1 274 431 -845220.0
1 285 357 -178.455
1 293 378 -932.442
1 299 335 -45940.3
1 144 130 -648.028
1 154 128 -125.059
1 175 178 -70.2581
1 188 287 -44.2952
1 189 206 -21.738000000000003
1 201 279 -21532.7
1 222 266 -1915.13
1 225 248 -10724.2
1 234 319 -1405.16
1 238 244 -2837.02
1 245 243 -7558.36
1 271 268 -108.197
1 274 278 -56.2065
1 295 392 -75.9403
1 296 391 -154.774
1 140 166 -2843.8
1 141 165 -10.164
1 146 180 -1712.72
1 149 181 -1556.94
1 149 202 -14.0516
1 150 172 -1275.89
1 150 183 -5121.48
1 150 186 -3127.22
1 151 211 -2606.03
1 152 180 -7111.21
1 158 173 -56.7534
1 164 124 -261.70799999999997
1 165 167 -6533.54
1 170 115 -1892.03
1 206 280 -8789.28
1 209 273 -801.9110000000001
1 213 270 -530.839
1 224 287 -0.0921856
1 230 352 -330.474
1 231 270 -4277.31
1 236 342 -1489.43
1 236 344 -0.0115232
1 240 337 -578.7869999999999
1 240 357 -646.2669999999999
1 244 333 -2281.75
1 263 344 -3.61829
1 265 517 -19.5346
1 267 428 -46.5726
1 271 355 -921.23
1 277 371 -1311.24
1 284 333 -0.955874
1 297 356 -553.244
1 146 146 -2350.06
1 155 116 -118.70700000000001
1 163 186 -1.40516
1 211 195 -1248.91
1 221 339 -2255.52
1 222 324 -777.056
1 263 345 -248.71400000000003
1 263 427 -55.3707
1 263 570 -258.564
1 265 414 -0.42039399999999993
1 293 357 -1528.82
1 295 362 -421.037
1 297 439 -208632.0
1 150 118 -813.5010000000001
1 150 121 -4045.77
1 150 127 -19.387999999999998
1 152 118 -3757.4
1 158 138 -111.745
1 160 139 -273.899
1 181 126 -9506.97
1 189 126 -10449.7
1 224 257 -310.4
1 281 445 -17.7616
1 189 195 -4107.84
1 190 250 -832.125
1 192 197 -10231.9
1 210 253 -67.4477
1 245 324 -56.2065
1 247 330 -1.72491
1 270 480 -76.0255
1 272 486 -0.288954
1 148 166 -2103.77
1 188 204 -5210.01
1 203 340 -484.355
1 206 281 -1294.15
1 208 226 -1900.44
1 211 266 -30125.6
1 213 276 -5044.94
1 214 274 -65901.1
1 220 278 -92578.6
1 223 372 -1047.39
1 239 385 -4162.86
1 239 406 -214.003
1 239 416 -4.22604
1 241 238 -1334.01
1 245 408 -451.05699999999996
1 246 320 -181.266
1 248 454 -1166.21
1 259 351 -2282.23
1 265 360 -17196.7
1 267 449 -719.003
1 269 360 -7287.76
1 273 521 -6308.01
1 274 327 -103.62799999999999
1 274 521 -6.88328
1 275 465 -110.82600000000001
1 290 322 -9933.0
1 292 458 -133.681
1 295 337 -3797.27
1 147 183 -28572.5
1 258 337 -4.9204099999999995
1 259 439 -216.477
1 268 484 -22.6829
1 257 342 -1.40516
1 201 251 -10451.6
1 261 570 -1441.34
1 264 441 -33.8945
1 144 132 -1.58629
1 136 173 -786.89
1 144 189 -2395.85
1 164 169 -14051.6
1 183 124 -5543.96
1 186 125 -1457.27
1 204 300 -28.2023
1 226 375 -12652.2
1 238 302 -12341.3
1 244 321 -3422.97
1 245 406 -4.74351
1 247 591 -151.757
1 248 593 -14.0516
1 256 443 -419.69199999999995
1 258 339 -1084.97
1 258 416 -156.105
1 259 414 -910.2330000000001
1 263 583 -587.548
1 266 470 -11.0394
1 269 482 -231.292
1 270 476 -1294.12
1 273 523 -174243.0
1 275 479 -5353.12
1 291 374 -0.710447
1 297 388 -1440.3
1 298 384 -0.300696
1 204 299 -98.3613
1 221 300 -10.6013
1 239 400 -13.2747
1 272 494 -50.5658
1 225 289 -943.174
1 226 330 -24291.0
1 237 406 -3295.88
1 244 430 -36.5342
1 247 342 -23.89
1 253 427 -89.2642
1 253 443 -442.88199999999995
1 254 442 -1144.07
1 254 444 -91.3355
1 254 445 -0.960556
1 256 445 -15.5242
1 261 346 -136.18200000000002
1 261 369 -204.833
1 263 448 -150.499
1 271 471 -265.443
1 271 489 -1043.57
1 272 371 -304.10200000000003
1 275 371 -813.09
1 262 394 -781614.0
1 167 168 -4638.74
1 157 122 -214.351
1 211 313 -44.244
1 212 315 -220.935
1 214 287 -129.8
1 224 372 -2264.81
1 246 609 -1646.86
1 247 590 -1004.69
1 255 446 -20.2677
1 270 482 -118.21
1 276 386 -300.566
1 281 446 -86.6769
1 284 406 -230.27599999999998
1 291 458 -83.6195
1 295 390 -2387.37
1 297 384 -113.902
1 297 387 -49.8247
1 145 147 -226.481
1 162 205 -8669.84
1 196 299 -0.640152
1 234 400 -28.1032
1 237 378 -98.665
1 240 386 -41.5704
1 241 353 -4.1996
1 244 330 -408.486
1 253 400 -95.5731
1 254 400 -35.1192
1 255 373 -181.11599999999999
1 262 441 -38.1163
1 263 353 -6.10188
1 274 527 -14.0516
1 276 469 -15.093
1 276 484 -75.6117
1 277 429 -676.064
1 282 451 -866.7689999999999
1 279 477 -12.0156
1 206 299 -18.4134
1 239 305 -586.47
1 261 461 -61.3206
1 289 412 -9.281
1 183 311 -884.018
1 220 175 -8924.04
1 244 355 -22825.4
1 245 261 -10379.9
1 290 355 -17824.5
1 264 474 -10.3495
1 164 240 -413.97900000000004
1 201 297 -34.2998
1 207 298 -17.2922
1 232 373 -413.332
1 233 392 -103.45700000000001
1 234 236 -21.1302
1 235 390 -222.709
1 236 398 -963.07
1 237 390 -62.8287
1 237 399 -55.6716
1 241 374 -55.0402
1 248 606 -121.818
1 249 411 -123.116
1 253 418 -74.8148
1 253 442 -234.588
1 258 597 -8.8833
1 259 428 -388.537
1 263 467 -5629.68
1 263 468 -5376.98
1 267 481 -456.671
1 281 429 -399.458
1 283 394 -54.0156
1 284 436 -34.4983
1 296 414 -19.6622
1 297 446 -26.7361
1 144 126 -236.739
1 147 130 -1272.73
1 223 371 -16.2142
1 257 456 -161.754
1 160 142 -4.44514
1 247 419 -191.465
1 257 602 -53.0411
1 176 219 -47.9059
1 256 590 -4.31228
1 261 581 -42.2117
1 241 405 -285.69
1 271 484 -73.9952
1 235 358 -381.77099999999996
1 240 422 -34.9295
1 254 368 -6.46842
1 269 477 -783.442
1 290 463 -99.1825
1 175 246 -0.640152
1 231 201 -46360.5
1 282 445 -2.0914599999999997
1 255 399 -645.549
1 267 483 -1767.17
1 273 513 -0.577907
1 243 350 -2007.37
1 244 406 -1.12119
1 288 370 -116.353
1 162 138 -1.16019
1 164 144 -33.0349
1 218 352 -3013.55
1 259 459 -590.168
1 251 431 -113.413
1 292 373 -10.1218
1 265 476 -25.8737
1 251 330 -126.805
1 235 401 -12.76
1 272 354 -5.62065
1 274 481 -344.249
1 271 480 -9.91825
1 286 460 -60.6337
1 259 438 -81.4994
1 272 492 -27.9607
1 243 423 -16.8619
1 271 535 -201.77200000000002
1 244 609 -27.038
1 160 144 -61.7605
1 271 517 -2433.42
1 249 326 -43.3472
1 212 180 -5156.94
1 271 536 -118.961
1 217 228 -56.0597
1 252 431 -639.943
1 174 184 -221.65099999999998
1 251 443 -747.83
1 250 444 -239.81799999999998
1 197 178 -421.042
1 226 368 -497.707
1 201 245 -6670.3
1 237 397 -2356.66
1 252 401 -1902.15
1 201 299 -3360.7
1 277 382 -43094.9
1 258 419 -466127.0
1 261 540 -581.737
