1 204 346 -806.7760000000001
1 212 384 45000.0
1 212 385 45000.0
1 212 386 45000.0
1 212 387 45000.0
1 212 388 45000.0
1 212 389 45000.0
1 212 390 45000.0
1 212 391 45000.0
1 212 392 45000.0
1 212 393 45000.0
1 213 394 45000.0
1 213 395 45000.0
1 213 396 45000.0
1 213 397 45000.0
1 213 398 45000.0
1 213 399 45000.0
1 213 400 45000.0
1 213 401 45000.0
1 213 402 45000.0
1 214 403 45000.0
1 214 404 45000.0
1 214 405 45000.0
1 214 406 45000.0
1 214 407 45000.0
1 214 409 45000.0
1 214 410 45000.0
1 214 411 45000.0
1 214 412 45000.0
1 214 413 45000.0
1 214 414 45000.0
1 214 415 45000.0
1 215 416 45000.0
1 215 417 45000.0
1 227 417 45000.0
1 228 417 45000.0
1 229 417 45000.0
1 216 418 45000.0
1 226 418 45000.0
1 230 418 45000.0
1 217 419 45000.0
1 218 419 45000.0
1 219 419 45000.0
1 220 419 45000.0
1 221 419 45000.0
1 222 419 45000.0
1 223 419 45000.0
1 224 419 45000.0
1 225 419 45000.0
1 229 419 45000.0
1 229 420 45000.0
1 226 421 45000.0
1 227 421 45000.0
1 228 421 45000.0
1 224 422 45000.0
1 225 422 45000.0
1 224 423 45000.0
1 224 424 45000.0
1 225 424 45000.0
1 226 424 45000.0
1 227 424 45000.0
1 228 424 45000.0
1 229 425 45000.0
1 229 426 45000.0
1 229 427 45000.0
1 229 428 45000.0
1 229 429 45000.0
1 228 430 45000.0
1 228 431 45000.0
1 228 432 45000.0
1 228 433 45000.0
1 228 434 45000.0
1 228 435 45000.0
1 229 435 45000.0
1 230 436 45000.0
1 230 437 45000.0
1 230 438 45000.0
1 230 439 45000.0
1 230 440 45000.0
1 230 441 45000.0
1 230 442 45000.0
1 230 443 45000.0
1 230 444 45000.0
1 230 445 45000.0
1 230 446 45000.0
1 230 447 45000.0
1 230 448 45000.0
1 230 449 45000.0
1 230 450 45000.0
1 230 451 45000.0
1 230 452 45000.0
1 230 453 45000.0
1 230 454 45000.0
1 230 455 45000.0
1 230 456 45000.0
1 231 457 45000.0
1 231 458 45000.0
1 231 459 45000.0
1 231 460 45000.0
1 232 461 45000.0
1 232 462 45000.0
1 232 463 45000.0
1 232 464 45000.0
1 233 464 45000.0
1 234 464 45000.0
1 235 464 45000.0
1 236 464 45000.0
1 237 464 45000.0
1 238 464 45000.0
1 239 465 45000.0
1 239 466 45000.0
1 117 120 -806.7760000000001
1 126 120 -33545.6
1 130 122 -806.7760000000001
1 135 194 -5004.35
1 139 168 -368.03
1 143 172 -1180.76
1 143 190 -3170.16
1 144 166 -619.854
1 144 172 -1242.1
1 144 182 -10011.5
1 145 161 -2064.72
1 146 117 -230.709
1 147 145 -806.7760000000001
1 148 167 -2223.51
1 148 176 -806.7760000000001
1 150 124 -669.17
1 150 141 -380.42400000000004
1 152 123 -1579.23
1 152 125 -1194.54
1 152 132 -1489.81
1 153 133 -6.84115
1 153 142 -549.775
1 153 192 -42398.4
1 154 125 -41.2346
1 154 171 -3788.4
1 155 129 -13775.4
1 155 141 -1175.41
1 156 129 -103675.0
1 157 135 -1613.55
1 157 140 -1177.16
1 158 133 -806.7760000000001
1 158 181 -21167.3
1 159 119 -40260.3
1 159 173 -10321.7
1 161 125 -33487.6
1 161 131 -9.7665
1 161 188 -63.888000000000005
1 162 128 -46012.3
1 162 169 -12827.1
1 163 138 -806.7760000000001
1 164 187 -946.679
1 165 131 -69.8412
1 166 126 -144.16
1 167 259 -760.8480000000001
1 168 123 -154.638
1 168 208 -2577.01
1 169 127 -3.9213
1 170 131 -3807.14
1 170 163 -1360.52
1 171 130 -2904.0
1 171 132 -5716.52
1 174 123 -1606.37
1 174 135 -76.0594
1 175 134 -2768.32
1 175 204 -770.255
1 176 176 -991.18
1 177 133 -2410.44
1 177 211 -71.3824
1 178 164 -37.1556
1 178 261 -24.684
1 179 210 -21830.1
1 180 208 -4692.19
1 187 281 -8712.0
1 188 198 -307.688
1 188 240 -1921.74
1 193 256 -1045.44
1 193 260 -18973.8
1 197 252 -306.999
1 198 298 -806.7760000000001
1 199 231 -65.34
1 199 298 -806.7760000000001
1 200 298 -824.6
1 201 234 -62.4567
1 203 280 -619.09
1 204 248 -13368.1
1 205 300 -806.7760000000001
1 206 286 -5808.0
1 206 300 -1629.95
1 212 258 -6301.68
1 213 264 -180.67
1 213 300 -28.8262
1 214 240 -12970.4
1 216 238 -2.904
1 217 264 -21207.9
1 218 179 -10758.8
1 219 310 -3126.16
1 221 223 -1171.76
1 221 246 -7699.96
1 222 352 -10177.0
1 222 369 -872.342
1 223 271 -284.428
1 224 374 -6456.78
1 226 311 -10.164
1 226 365 -1892.83
1 227 270 -1008.92
1 228 225 -1246.01
1 231 401 -806.7760000000001
1 232 364 -199.71900000000002
1 233 337 -989.342
1 233 394 -1623.58
1 234 304 -3055.83
1 234 393 -832.3
1 235 605 -1318.98
1 235 609 -7539.59
1 236 263 -1090.06
1 236 351 -1452.0
1 236 609 -93.0092
1 237 237 -3648.53
1 237 316 -38477.8
1 237 357 -10690.0
1 237 389 -809.883
1 238 221 -974.2919999999999
1 238 398 -1.7824099999999998
1 238 605 -4077.44
1 238 609 -1613.55
1 239 338 -706.107
1 239 426 -503.844
1 239 605 -4033.88
1 239 606 -2420.33
1 239 619 -806.7760000000001
1 240 380 -891.8860000000001
1 240 426 -824.5110000000001
1 240 608 -3227.1
1 241 342 -466.63800000000003
1 241 604 -806.7760000000001
1 242 311 -8535.96
1 243 371 -806.7760000000001
1 243 389 -1805.94
1 243 422 -58.3739
1 243 431 -15314.5
1 243 605 -4033.88
1 244 605 -4840.66
1 244 621 -4340.64
1 245 322 -6049.05
1 245 337 -806.7760000000001
1 245 621 -806.7760000000001
1 246 321 -2082.75
1 246 618 -2420.33
1 247 344 -815.55
1 247 384 -1499350.0
1 248 251 -25854.3
1 248 436 -2564.0
1 248 442 -370.741
1 248 589 -4017.68
1 249 373 -818.3919999999999
1 249 389 -1096.18
1 249 424 -806.7760000000001
1 249 430 -16572.0
1 249 436 -4158.36
1 249 606 -4033.88
1 250 326 -2131.32
1 250 424 -806.7760000000001
1 250 425 -255929.0
1 250 431 -9360.53
1 250 595 -2526.11
1 251 356 -119325.0
1 251 408 -927.299
1 251 456 -818.807
1 251 457 -17.424
1 251 594 -842.424
1 251 595 -957.043
1 251 596 -1628.07
1 252 230 -13319.2
1 252 329 -23055.5
1 252 450 -423.723
1 252 595 -854.453
1 252 606 -806.7760000000001
1 253 331 -13123.0
1 253 332 -17650.3
1 253 416 -195.106
1 253 420 -7898.65
1 253 445 -13612.7
1 254 338 -14.52
1 254 367 -21335.1
1 254 407 -85390.8
1 254 597 -806.7760000000001
1 254 607 -818.247
1 255 381 -22155.4
1 255 383 -25617.7
1 255 388 -29427.7
1 255 395 -2661.52
1 255 420 -8675.88
1 255 439 -6590.46
1 255 443 -43059.0
1 255 595 -866.799
1 255 596 -806.7760000000001
1 255 606 -818.247
1 255 609 -1613.55
1 255 610 -80.2084
1 256 314 -8871.18
1 256 335 -24.684
1 256 341 -32.882
1 256 370 -7579.7
1 256 413 -1321.21
1 256 586 -19394.5
1 256 593 -3227.1
1 257 324 -6188.08
1 257 413 -3885.65
1 257 576 -4687.24
1 257 599 -74547.8
1 257 600 -100920.0
1 258 325 -6957.19
1 258 336 -1124.26
1 258 442 -220568.0
1 258 585 -4840.66
1 258 595 -1767.94
1 258 601 -76744.0
1 258 602 -47231.3
1 259 340 -1057.97
1 259 405 -34944.1
1 259 588 -30528.2
1 259 592 -806.7760000000001
1 259 593 -806.7760000000001
1 260 349 -782.628
1 260 407 -4013330.0
1 260 413 -36343.3
1 260 424 -252.955
1 260 461 -1704.65
1 260 585 -16608.1
1 260 586 -50544.7
1 261 337 -6711.14
1 261 381 -211888.0
1 261 395 -1247.69
1 261 416 -15177.2
1 261 418 -943.081
1 261 429 -2987.32
1 261 492 -833.498
1 261 571 -227.257
1 261 576 -1621.83
1 262 345 -761.3380000000001
1 262 540 -281.57599999999996
1 262 564 -54519.5
1 262 567 -4938.61
1 262 568 -4972.92
1 262 570 -73494.4
1 262 571 -7596.18
1 263 471 -5060.17
1 263 477 -10897.3
1 263 520 -1613.55
1 263 582 -8088.93
1 264 265 -17065.4
1 264 355 -99.3693
1 264 367 -806.7760000000001
1 264 383 -5081.2
1 264 407 -8685.68
1 264 428 -137496.0
1 264 468 -46.6724
1 264 471 -12643.1
1 264 476 -14.1256
1 264 477 -20794.1
1 264 523 -2730.42
1 264 549 -7409.48
1 265 364 -18122.7
1 265 374 -1216.49
1 265 422 -327417.0
1 265 523 -2286.9
1 266 337 -806.7760000000001
1 266 340 -299.112
1 266 462 -128.694
1 267 391 -13191.7
1 267 555 -806.7760000000001
1 267 556 -806.7760000000001
1 268 334 -129.22799999999998
1 268 436 -1113980.0
1 268 455 -11.0064
1 268 479 -617.1
1 268 480 -481.384
1 268 489 -806.7760000000001
1 269 363 -806.7760000000001
1 269 397 -59898.3
1 269 456 -6974.12
1 269 483 -18.7186
1 269 541 -1044.1
1 270 412 -43557.6
1 270 429 -1582.94
1 270 481 -818.495
1 270 483 -1504.79
1 270 484 -905.2769999999999
1 270 486 -73507.5
1 270 498 -12305.6
1 270 539 -197.40200000000002
1 271 319 -19045.0
1 271 371 -1066.77
1 271 451 -25714.6
1 271 485 -357.50699999999995
1 271 493 -103816.0
1 271 498 -5698.81
1 271 537 -146020.0
1 272 336 -18845.5
1 272 337 -890.076
1 272 368 -389044.0
1 272 388 -1383280.0
1 272 396 -30.0564
1 272 450 -6591.35
1 272 451 -106.62799999999999
1 272 462 -277977.0
1 272 491 -10.0261
1 272 498 -48540.8
1 272 530 -35957.3
1 272 532 -200752.0
1 272 535 -47731.6
1 273 392 -588.641
1 273 410 -377.52
1 273 480 -2.16098
1 273 510 -806.7760000000001
1 273 516 -402.784
1 273 518 -1876.48
1 274 409 -724.548
1 274 523 -1762.73
1 275 367 -42942.9
1 275 441 -17.8241
1 276 366 -13751.3
1 276 392 -341.153
1 276 446 -938.439
1 276 474 -27596.2
1 277 294 -35371.9
1 277 390 -19732.5
1 277 407 -845299.0
1 277 431 -5757.18
1 277 468 -62.215
1 277 472 -45476.7
1 277 480 -27293.1
1 277 482 -1892.14
1 278 365 -39115.9
1 278 435 -32872.1
1 278 482 -516.672
1 279 310 -23752.9
1 279 336 -1961.65
1 279 433 -66636.2
1 279 438 -10360.3
1 279 475 -75935.1
1 279 485 -8783.15
1 280 365 -29.04
1 280 433 -42194.1
1 280 442 -1643.15
1 280 469 -15518.1
1 280 471 -51329.7
1 281 458 -3344750.0
1 282 409 -4955.1
1 282 424 -1602.83
1 282 430 -183.143
1 282 436 -43909.7
1 282 454 -913.485
1 282 457 -44.5602
1 283 354 -204.445
1 283 429 -191069.0
1 283 449 -99115.4
1 283 452 -44.5602
1 283 455 -91584.7
1 283 468 -33947.0
1 284 339 -37860.7
1 284 457 -2093.06
1 284 481 -5841.85
1 285 374 -343.11400000000003
1 286 330 -50246.1
1 286 425 -328004.0
1 286 475 -76755.0
1 286 477 -72642.1
1 287 388 -96270.1
1 287 426 -806.7760000000001
1 287 477 -38023.3
1 288 372 -53.4723
1 288 419 -11718.3
1 288 423 -1310.55
1 288 426 -806.7760000000001
1 289 351 -2737.02
1 289 404 -182042.0
1 289 459 -236637.0
1 290 382 -197464.0
1 290 402 -164.873
1 290 411 -990.1289999999999
1 290 412 -21544.1
1 290 413 -471.00199999999995
1 291 350 -2504.29
1 291 373 -866.2510000000001
1 291 399 -107036.0
1 291 419 -564864.0
1 292 361 -1315.69
1 292 365 -15533.7
1 292 416 -626.761
1 293 355 -23.0729
1 293 440 -25.4687
1 294 435 -569.184
1 294 447 -26295.0
1 294 458 -223826.0
1 295 391 -10397.5
1 295 430 -2263160.0
1 296 398 -124466.0
1 296 406 -267486.0
1 296 433 -81.7121
1 297 381 -2073.46
1 297 383 -485.707
1 297 395 -208154.0
1 297 401 -236913.0
1 297 402 -118900.0
1 297 413 -1335630.0
1 297 415 -2430.33
1 297 442 -57892.7
1 299 354 -3.24116
1 299 387 -220.128
1 102 110 -806.7760000000001
1 102 113 -806.7760000000001
1 103 100 -806.7760000000001
1 103 104 -806.7760000000001
1 104 115 -806.7760000000001
1 105 115 -806.7760000000001
1 105 139 -806.7760000000001
1 108 117 -806.7760000000001
1 109 112 -806.7760000000001
1 111 155 -806.7760000000001
1 111 208 -806.7760000000001
1 112 181 -806.7760000000001
1 113 111 -806.7760000000001
1 113 159 -806.7760000000001
1 113 211 -806.7760000000001
1 114 173 -806.7760000000001
1 114 212 -1613.55
1 115 212 -1613.55
1 116 121 -806.7760000000001
1 116 150 -806.7760000000001
1 116 166 -806.7760000000001
1 117 119 -806.7760000000001
1 117 168 -806.7760000000001
1 117 210 -806.7760000000001
1 119 194 -806.7760000000001
1 119 202 -806.7760000000001
1 119 96 -806.7760000000001
1 120 155 -806.7760000000001
1 120 94 -806.7760000000001
1 121 187 -806.7760000000001
1 123 110 -806.7760000000001
1 123 111 -806.7760000000001
1 123 158 -806.7760000000001
1 123 168 -806.7760000000001
1 123 193 -806.7760000000001
1 123 202 -1613.55
1 125 150 -806.7760000000001
1 125 151 -806.7760000000001
1 125 193 -806.7760000000001
1 125 194 -806.7760000000001
1 126 121 -806.7760000000001
1 126 191 -806.7760000000001
1 126 195 -806.7760000000001
1 127 150 -806.7760000000001
1 127 160 -806.7760000000001
1 127 169 -806.7760000000001
1 127 195 -806.7760000000001
1 127 199 -1613.55
1 128 122 -806.7760000000001
1 128 148 -806.7760000000001
1 128 149 -806.7760000000001
1 128 152 -806.7760000000001
1 128 153 -806.7760000000001
1 128 154 -806.7760000000001
1 128 157 -806.7760000000001
1 128 199 -806.7760000000001
1 129 117 -806.7760000000001
1 129 119 -806.7760000000001
1 129 122 -806.7760000000001
1 129 146 -806.7760000000001
1 129 154 -1613.55
1 129 162 -806.7760000000001
1 129 176 -806.7760000000001
1 130 120 -806.7760000000001
1 130 154 -806.7760000000001
1 130 155 -806.7760000000001
1 130 156 -2420.33
1 130 194 -806.7760000000001
1 131 112 -986.824
1 131 121 -806.7760000000001
1 131 122 -806.7760000000001
1 131 150 -806.7760000000001
1 131 156 -806.7760000000001
1 131 157 -806.7760000000001
1 131 158 -806.7760000000001
1 131 161 -1613.55
1 131 198 -806.7760000000001
1 132 112 -806.7760000000001
1 132 155 -806.7760000000001
1 132 156 -806.7760000000001
1 132 160 -806.7760000000001
1 132 161 -1613.55
1 133 155 -806.7760000000001
1 133 159 -806.7760000000001
1 133 160 -1613.55
1 133 192 -1613.55
1 133 193 -806.7760000000001
1 134 148 -806.7760000000001
1 134 150 -806.7760000000001
1 134 151 -806.7760000000001
1 134 156 -806.7760000000001
1 134 191 -806.7760000000001
1 134 193 -3227.1
1 135 148 -4033.88
1 135 149 -1613.55
1 135 156 -806.7760000000001
1 135 157 -806.7760000000001
1 135 193 -2420.33
1 136 147 -806.7760000000001
1 136 148 -806.7760000000001
1 136 149 -806.7760000000001
1 136 150 -1613.55
1 136 153 -806.7760000000001
1 136 155 -806.7760000000001
1 137 148 -806.7760000000001
1 137 150 -806.7760000000001
1 137 153 -1613.55
1 137 154 -806.7760000000001
1 137 157 -2420.33
1 137 175 -806.7760000000001
1 137 206 -806.7760000000001
1 138 151 -806.7760000000001
1 138 152 -806.7760000000001
1 138 153 -2420.33
1 138 168 -806.7760000000001
1 138 169 -806.7760000000001
1 139 151 -806.7760000000001
1 140 138 -806.7760000000001
1 140 155 -3227.1
1 140 156 -806.7760000000001
1 140 171 -806.7760000000001
1 140 180 -806.7760000000001
1 141 149 -806.7760000000001
1 141 154 -1613.55
1 141 157 -806.7760000000001
1 141 171 -806.7760000000001
1 141 199 -1613.55
1 142 155 -806.7760000000001
1 142 156 -806.7760000000001
1 142 157 -806.7760000000001
1 142 158 -806.7760000000001
1 142 174 -806.7760000000001
1 142 179 -806.7760000000001
1 142 201 -806.7760000000001
1 143 146 -806.7760000000001
1 143 157 -2420.33
1 144 142 -1613.55
1 144 173 -806.7760000000001
1 145 142 -806.7760000000001
1 145 143 -806.7760000000001
1 145 151 -806.7760000000001
1 145 187 -806.7760000000001
1 145 226 -806.7760000000001
1 146 140 -806.7760000000001
1 146 141 -1613.55
1 146 145 -806.7760000000001
1 146 208 -806.7760000000001
1 146 229 -806.7760000000001
1 146 230 -806.7760000000001
1 146 232 -806.7760000000001
1 147 139 -2420.33
1 147 140 -806.7760000000001
1 147 141 -806.7760000000001
1 147 142 -806.7760000000001
1 147 229 -806.7760000000001
1 147 230 -806.7760000000001
1 147 233 -806.7760000000001
1 147 239 -806.7760000000001
1 147 240 -806.7760000000001
1 148 217 -806.7760000000001
1 148 221 -806.7760000000001
1 149 127 -806.7760000000001
1 149 147 -806.7760000000001
1 149 154 -806.7760000000001
1 149 222 -806.7760000000001
1 149 253 -806.7760000000001
1 150 160 -806.7760000000001
1 150 164 -806.7760000000001
1 150 177 -806.7760000000001
1 150 227 -806.7760000000001
1 150 236 -806.7760000000001
1 151 128 -806.7760000000001
1 151 228 -806.7760000000001
1 152 153 -806.7760000000001
1 152 173 -806.7760000000001
1 152 176 -806.7760000000001
1 152 222 -806.7760000000001
1 152 228 -806.7760000000001
1 153 126 -806.7760000000001
1 153 136 -806.7760000000001
1 153 155 -806.7760000000001
1 153 232 -806.7760000000001
1 153 238 -806.7760000000001
1 153 253 -806.7760000000001
1 154 126 -806.7760000000001
1 154 133 -806.7760000000001
1 154 161 -806.7760000000001
1 154 172 -806.7760000000001
1 154 220 -806.7760000000001
1 154 244 -806.7760000000001
1 155 170 -1613.55
1 155 216 -806.7760000000001
1 155 262 -806.7760000000001
1 156 160 -806.7760000000001
1 156 211 -806.7760000000001
1 156 223 -806.7760000000001
1 157 132 -806.7760000000001
1 157 133 -806.7760000000001
1 157 134 -2420.33
1 157 136 -806.7760000000001
1 157 194 -806.7760000000001
1 157 207 -806.7760000000001
1 157 240 -806.7760000000001
1 158 135 -806.7760000000001
1 158 248 -806.7760000000001
1 159 152 -806.7760000000001
1 159 231 -806.7760000000001
1 159 240 -806.7760000000001
1 159 247 -806.7760000000001
1 159 248 -806.7760000000001
1 159 250 -806.7760000000001
1 159 251 -806.7760000000001
1 159 257 -806.7760000000001
1 160 133 -806.7760000000001
1 160 249 -1613.55
1 160 251 -1613.55
1 160 252 -806.7760000000001
1 160 253 -806.7760000000001
1 160 262 -806.7760000000001
1 161 144 -1613.55
1 161 251 -806.7760000000001
1 161 253 -806.7760000000001
1 162 137 -1613.55
1 162 252 -1613.55
1 162 253 -806.7760000000001
1 163 152 -806.7760000000001
1 163 190 -806.7760000000001
1 163 236 -806.7760000000001
1 164 278 -806.7760000000001
1 164 290 -806.7760000000001
1 164 299 -806.7760000000001
1 165 133 -1613.55
1 165 134 -1613.55
1 165 135 -806.7760000000001
1 165 290 -806.7760000000001
1 166 131 -806.7760000000001
1 166 132 -806.7760000000001
1 166 133 -1613.55
1 166 134 -806.7760000000001
1 166 135 -806.7760000000001
1 166 210 -806.7760000000001
1 166 254 -806.7760000000001
1 166 255 -806.7760000000001
1 167 127 -806.7760000000001
1 167 132 -1613.55
1 167 133 -1613.55
1 167 134 -2420.33
1 167 256 -806.7760000000001
1 167 288 -806.7760000000001
1 167 294 -806.7760000000001
1 168 130 -806.7760000000001
1 168 131 -806.7760000000001
1 168 132 -3227.1
1 168 133 -3227.1
1 168 286 -806.7760000000001
1 168 287 -1613.55
1 168 291 -1613.55
1 169 128 -1613.55
1 169 129 -3227.1
1 169 131 -806.7760000000001
1 169 132 -4033.88
1 169 133 -2420.33
1 169 134 -7260.99
1 169 135 -806.7760000000001
1 169 236 -806.7760000000001
1 169 260 -806.7760000000001
1 169 271 -806.7760000000001
1 169 287 -806.7760000000001
1 169 290 -806.7760000000001
1 170 133 -2420.33
1 170 134 -9681.31
1 170 136 -806.7760000000001
1 170 187 -806.7760000000001
1 170 256 -806.7760000000001
1 170 287 -806.7760000000001
1 170 292 -806.7760000000001
1 171 133 -1613.55
1 171 134 -806.7760000000001
1 171 136 -4033.88
1 171 290 -806.7760000000001
1 172 257 -806.7760000000001
1 172 284 -806.7760000000001
1 172 295 -1613.55
1 172 311 -806.7760000000001
1 173 258 -806.7760000000001
1 173 278 -806.7760000000001
1 173 290 -806.7760000000001
1 173 292 -806.7760000000001
1 173 293 -1613.55
1 173 294 -806.7760000000001
1 174 124 -806.7760000000001
1 174 253 -806.7760000000001
1 174 261 -806.7760000000001
1 174 270 -806.7760000000001
1 174 283 -806.7760000000001
1 174 289 -806.7760000000001
1 174 293 -806.7760000000001
1 175 260 -806.7760000000001
1 175 288 -806.7760000000001
1 175 292 -1613.55
1 175 293 -806.7760000000001
1 175 296 -806.7760000000001
1 175 305 -806.7760000000001
1 176 274 -806.7760000000001
1 176 305 -806.7760000000001
1 177 289 -806.7760000000001
1 177 290 -806.7760000000001
1 178 243 -806.7760000000001
1 178 280 -806.7760000000001
1 178 285 -806.7760000000001
1 178 302 -806.7760000000001
1 178 305 -806.7760000000001
1 178 306 -806.7760000000001
1 178 311 -806.7760000000001
1 179 278 -806.7760000000001
1 179 285 -806.7760000000001
1 180 149 -806.7760000000001
1 180 286 -806.7760000000001
1 181 297 -806.7760000000001
1 181 307 -806.7760000000001
1 181 308 -806.7760000000001
1 183 242 -806.7760000000001
1 183 285 -806.7760000000001
1 183 295 -806.7760000000001
1 183 308 -806.7760000000001
1 183 309 -806.7760000000001
1 183 318 -806.7760000000001
1 184 263 -806.7760000000001
1 184 285 -806.7760000000001
1 184 313 -806.7760000000001
1 184 319 -806.7760000000001
1 185 257 -806.7760000000001
1 185 305 -806.7760000000001
1 185 306 -806.7760000000001
1 185 307 -806.7760000000001
1 185 315 -806.7760000000001
1 186 255 -806.7760000000001
1 186 265 -806.7760000000001
1 186 307 -1613.55
1 186 310 -806.7760000000001
1 188 262 -806.7760000000001
1 188 294 -806.7760000000001
1 188 295 -806.7760000000001
1 189 295 -806.7760000000001
1 189 309 -806.7760000000001
1 190 307 -806.7760000000001
1 190 308 -806.7760000000001
1 190 324 -806.7760000000001
1 191 292 -1613.55
1 191 304 -806.7760000000001
1 191 305 -806.7760000000001
1 192 258 -806.7760000000001
1 192 284 -806.7760000000001
1 192 304 -806.7760000000001
1 192 316 -806.7760000000001
1 192 319 -806.7760000000001
1 193 262 -806.7760000000001
1 193 301 -806.7760000000001
1 193 311 -806.7760000000001
1 193 313 -1613.55
1 194 284 -806.7760000000001
1 194 313 -806.7760000000001
1 195 269 -806.7760000000001
1 195 287 -806.7760000000001
1 195 289 -806.7760000000001
1 195 300 -806.7760000000001
1 195 311 -806.7760000000001
1 195 313 -806.7760000000001
1 196 269 -806.7760000000001
1 196 275 -806.7760000000001
1 196 303 -806.7760000000001
1 196 324 -806.7760000000001
1 196 333 -806.7760000000001
1 197 264 -806.7760000000001
1 197 283 -806.7760000000001
1 197 300 -806.7760000000001
1 197 322 -806.7760000000001
1 197 325 -806.7760000000001
1 198 242 -806.7760000000001
1 198 276 -1613.55
1 198 309 -806.7760000000001
1 198 311 -806.7760000000001
1 199 283 -806.7760000000001
1 199 311 -806.7760000000001
1 199 324 -806.7760000000001
1 200 280 -806.7760000000001
1 200 286 -806.7760000000001
1 200 296 -806.7760000000001
1 200 299 -806.7760000000001
1 200 306 -806.7760000000001
1 200 307 -806.7760000000001
1 200 312 -806.7760000000001
1 200 343 -806.7760000000001
1 200 345 -806.7760000000001
1 201 257 -806.7760000000001
1 202 280 -806.7760000000001
1 202 287 -806.7760000000001
1 202 297 -806.7760000000001
1 202 301 -806.7760000000001
1 202 302 -806.7760000000001
1 203 215 -806.7760000000001
1 203 304 -806.7760000000001
1 203 305 -806.7760000000001
1 203 309 -806.7760000000001
1 203 315 -806.7760000000001
1 205 263 -806.7760000000001
1 205 303 -806.7760000000001
1 205 304 -806.7760000000001
1 205 317 -806.7760000000001
1 205 318 -806.7760000000001
1 205 319 -806.7760000000001
1 206 264 -806.7760000000001
1 206 270 -806.7760000000001
1 206 301 -806.7760000000001
1 206 304 -806.7760000000001
1 206 315 -806.7760000000001
1 206 317 -1613.55
1 207 262 -806.7760000000001
1 207 300 -806.7760000000001
1 207 301 -1613.55
1 207 303 -806.7760000000001
1 207 304 -806.7760000000001
1 207 306 -1613.55
1 207 315 -806.7760000000001
1 207 317 -806.7760000000001
1 208 298 -1613.55
1 208 299 -1613.55
1 208 306 -806.7760000000001
1 208 317 -806.7760000000001
1 208 328 -806.7760000000001
1 209 284 -806.7760000000001
1 209 297 -806.7760000000001
1 209 302 -806.7760000000001
1 210 284 -806.7760000000001
1 210 301 -806.7760000000001
1 210 302 -806.7760000000001
1 210 342 -806.7760000000001
1 211 301 -806.7760000000001
1 211 321 -806.7760000000001
1 212 295 -806.7760000000001
1 212 347 -806.7760000000001
1 213 226 -806.7760000000001
1 213 287 -806.7760000000001
1 213 303 -806.7760000000001
1 213 329 -806.7760000000001
1 214 319 -806.7760000000001
1 215 289 -806.7760000000001
1 215 311 -806.7760000000001
1 215 353 -806.7760000000001
1 216 323 -806.7760000000001
1 216 341 -806.7760000000001
1 217 244 -806.7760000000001
1 217 249 -806.7760000000001
1 217 351 -806.7760000000001
1 218 209 -806.7760000000001
1 218 243 -806.7760000000001
1 218 292 -806.7760000000001
1 218 345 -1613.55
1 221 240 -806.7760000000001
1 221 611 -806.7760000000001
1 222 254 -806.7760000000001
1 222 362 -806.7760000000001
1 224 338 -806.7760000000001
1 224 359 -806.7760000000001
1 225 323 -806.7760000000001
1 225 329 -806.7760000000001
1 225 332 -806.7760000000001
1 225 368 -806.7760000000001
1 225 373 -806.7760000000001
1 225 378 -806.7760000000001
1 225 382 -1613.55
1 226 323 -806.7760000000001
1 226 388 -1613.55
1 226 618 -806.7760000000001
1 227 315 -806.7760000000001
1 228 606 -806.7760000000001
1 229 385 -1613.55
1 229 392 -806.7760000000001
1 229 393 -806.7760000000001
1 229 397 -3227.1
1 229 618 -4033.88
1 230 338 -806.7760000000001
1 230 373 -1613.55
1 230 384 -806.7760000000001
1 230 392 -1613.55
1 230 393 -3227.1
1 230 396 -806.7760000000001
1 230 605 -806.7760000000001
1 231 343 -806.7760000000001
1 231 383 -806.7760000000001
1 231 392 -4033.88
1 231 393 -8874.54
1 231 398 -806.7760000000001
1 231 603 -806.7760000000001
1 231 607 -1613.55
1 232 259 -806.7760000000001
1 232 300 -806.7760000000001
1 232 384 -806.7760000000001
1 232 389 -806.7760000000001
1 232 393 -4840.66
1 232 394 -3227.1
1 232 405 -806.7760000000001
1 232 604 -1613.55
1 232 606 -1613.55
1 232 607 -2420.33
1 232 608 -806.7760000000001
1 233 373 -806.7760000000001
1 233 393 -806.7760000000001
1 233 403 -806.7760000000001
1 233 406 -3227.1
1 233 601 -1613.55
1 233 602 -806.7760000000001
1 234 374 -806.7760000000001
1 234 388 -806.7760000000001
1 234 389 -806.7760000000001
1 234 406 -2420.33
1 234 407 -1613.55
1 234 601 -806.7760000000001
1 234 602 -1613.55
1 234 603 -2420.33
1 234 604 -806.7760000000001
1 234 605 -1613.55
1 234 606 -806.7760000000001
1 234 609 -806.7760000000001
1 234 620 -806.7760000000001
1 234 621 -806.7760000000001
1 235 342 -806.7760000000001
1 235 368 -806.7760000000001
1 235 389 -806.7760000000001
1 235 392 -806.7760000000001
1 235 404 -806.7760000000001
1 235 406 -806.7760000000001
1 235 599 -806.7760000000001
1 235 600 -1613.55
1 235 602 -2420.33
1 235 603 -806.7760000000001
1 235 606 -806.7760000000001
1 235 608 -806.7760000000001
1 236 256 -806.7760000000001
1 236 359 -806.7760000000001
1 236 377 -1613.55
1 236 378 -806.7760000000001
1 236 389 -1613.55
1 236 600 -806.7760000000001
1 236 601 -806.7760000000001
1 236 602 -1613.55
1 236 605 -806.7760000000001
1 236 606 -806.7760000000001
1 236 607 -806.7760000000001
1 236 620 -806.7760000000001
1 237 330 -806.7760000000001
1 237 377 -806.7760000000001
1 237 384 -806.7760000000001
1 237 388 -806.7760000000001
1 237 605 -1613.55
1 237 606 -2420.33
1 237 607 -1613.55
1 237 608 -4033.88
1 237 609 -2420.33
1 237 620 -806.7760000000001
1 238 346 -806.7760000000001
1 238 391 -806.7760000000001
1 238 410 -806.7760000000001
1 238 602 -806.7760000000001
1 238 603 -806.7760000000001
1 238 606 -4033.88
1 238 607 -4840.66
1 238 608 -3227.1
1 238 610 -806.7760000000001
1 239 297 -1724.6
1 239 323 -806.7760000000001
1 239 404 -806.7760000000001
1 239 601 -806.7760000000001
1 239 603 -806.7760000000001
1 239 607 -1613.55
1 239 608 -3227.1
1 239 609 -2420.33
1 239 610 -1613.55
1 239 615 -1613.55
1 240 267 -806.7760000000001
1 240 319 -806.7760000000001
1 240 327 -806.7760000000001
1 240 352 -806.7760000000001
1 240 374 -1613.55
1 240 392 -1613.55
1 240 396 -806.7760000000001
1 240 406 -806.7760000000001
1 240 603 -806.7760000000001
1 240 605 -2420.33
1 240 606 -3227.1
1 240 607 -1613.55
1 240 620 -1613.55
1 240 621 -806.7760000000001
1 241 339 -806.7760000000001
1 241 352 -806.7760000000001
1 241 370 -1613.55
1 241 375 -806.7760000000001
1 241 409 -806.7760000000001
1 241 577 -806.7760000000001
1 241 603 -1613.55
1 241 605 -2420.33
1 241 606 -1613.55
1 241 607 -1613.55
1 241 608 -1613.55
1 241 609 -4033.88
1 241 610 -806.7760000000001
1 241 611 -806.7760000000001
1 241 620 -806.7760000000001
1 241 621 -806.7760000000001
1 242 314 -806.7760000000001
1 242 318 -806.7760000000001
1 242 336 -806.7760000000001
1 242 338 -806.7760000000001
1 242 339 -806.7760000000001
1 242 373 -2420.33
1 242 374 -4840.66
1 242 406 -1613.55
1 242 603 -1613.55
1 242 604 -5647.43
1 242 605 -7260.99
1 242 606 -2420.33
1 242 607 -4033.88
1 242 608 -4033.88
1 242 609 -2420.33
1 242 610 -2420.33
1 242 616 -806.7760000000001
1 242 622 -806.7760000000001
1 242 623 -2420.33
1 243 366 -806.7760000000001
1 243 369 -806.7760000000001
1 243 372 -1613.55
1 243 373 -6454.21
1 243 374 -2420.33
1 243 386 -806.7760000000001
1 243 391 -806.7760000000001
1 243 405 -806.7760000000001
1 243 406 -806.7760000000001
1 243 407 -1613.55
1 243 409 -806.7760000000001
1 243 577 -806.7760000000001
1 243 606 -5647.43
1 243 607 -4033.88
1 243 608 -1613.55
1 243 609 -4840.66
1 243 620 -806.7760000000001
1 243 622 -1613.55
1 243 623 -6454.21
1 244 371 -806.7760000000001
1 244 372 -1613.55
1 244 373 -2420.33
1 244 415 -806.7760000000001
1 244 598 -806.7760000000001
1 244 606 -3227.1
1 244 607 -806.7760000000001
1 244 611 -806.7760000000001
1 244 616 -806.7760000000001
1 244 622 -806.7760000000001
1 244 623 -3227.1
1 244 624 -806.7760000000001
1 245 312 -806.7760000000001
1 245 315 -806.7760000000001
1 245 326 -806.7760000000001
1 245 335 -806.7760000000001
1 245 338 -806.7760000000001
1 245 356 -1613.55
1 245 371 -806.7760000000001
1 245 413 -806.7760000000001
1 245 586 -806.7760000000001
1 245 604 -806.7760000000001
1 245 605 -2420.33
1 245 606 -4033.88
1 245 607 -3227.1
1 245 609 -4033.88
1 245 610 -1613.55
1 245 612 -1613.55
1 245 616 -1613.55
1 245 619 -806.7760000000001
1 245 620 -1613.55
1 245 622 -806.7760000000001
1 246 214 -806.7760000000001
1 246 342 -806.7760000000001
1 246 356 -806.7760000000001
1 246 357 -806.7760000000001
1 246 374 -806.7760000000001
1 246 413 -806.7760000000001
1 246 590 -806.7760000000001
1 246 599 -806.7760000000001
1 246 600 -4840.66
1 246 605 -3227.1
1 246 606 -5647.43
1 246 607 -3227.1
1 246 610 -806.7760000000001
1 246 612 -1613.55
1 246 614 -806.7760000000001
1 246 615 -806.7760000000001
1 246 623 -806.7760000000001
1 247 314 -806.7760000000001
1 247 331 -806.7760000000001
1 247 367 -1613.55
1 247 368 -4033.88
1 247 387 -1613.55
1 247 413 -806.7760000000001
1 247 578 -806.7760000000001
1 247 597 -806.7760000000001
1 247 598 -5647.43
1 247 599 -4840.66
1 247 600 -8067.76
1 247 601 -8067.76
1 247 605 -1613.55
1 247 609 -1613.55
1 247 610 -1613.55
1 247 611 -3227.1
1 247 612 -3227.1
1 247 613 -1613.55
1 247 618 -1613.55
1 247 619 -806.7760000000001
1 247 623 -806.7760000000001
1 248 307 -806.7760000000001
1 248 367 -806.7760000000001
1 248 368 -3227.1
1 248 371 -1613.55
1 248 372 -4033.88
1 248 387 -1613.55
1 248 388 -4840.66
1 248 413 -806.7760000000001
1 248 416 -806.7760000000001
1 248 529 -806.7760000000001
1 248 567 -806.7760000000001
1 248 596 -5647.43
1 248 597 -4033.88
1 248 598 -8067.76
1 248 599 -4840.66
1 248 600 -3227.1
1 248 601 -4840.66
1 248 602 -2420.33
1 248 605 -806.7760000000001
1 248 608 -806.7760000000001
1 248 609 -1613.55
1 248 610 -2420.33
1 248 611 -4840.66
1 248 612 -4840.66
1 248 613 -5647.43
1 248 618 -806.7760000000001
1 248 619 -806.7760000000001
1 248 620 -806.7760000000001
1 248 623 -1613.55
1 249 333 -806.7760000000001
1 249 334 -806.7760000000001
1 249 365 -1613.55
1 249 366 -2420.33
1 249 367 -806.7760000000001
1 249 368 -2420.33
1 249 371 -806.7760000000001
1 249 387 -806.7760000000001
1 249 388 -806.7760000000001
1 249 400 -806.7760000000001
1 249 412 -806.7760000000001
1 249 567 -806.7760000000001
1 249 593 -1613.55
1 249 595 -4840.66
1 249 596 -5647.43
1 249 597 -8874.54
1 249 603 -2420.33
1 249 604 -6454.21
1 249 605 -4033.88
1 249 607 -3227.1
1 249 609 -806.7760000000001
1 249 610 -1613.55
1 249 611 -4033.88
1 249 612 -7260.99
1 249 613 -1613.55
1 249 618 -806.7760000000001
1 249 623 -806.7760000000001
1 250 331 -806.7760000000001
1 250 355 -806.7760000000001
1 250 365 -1613.55
1 250 366 -4033.88
1 250 367 -2420.33
1 250 368 -806.7760000000001
1 250 369 -1613.55
1 250 370 -1613.55
1 250 371 -4840.66
1 250 382 -806.7760000000001
1 250 406 -806.7760000000001
1 250 413 -806.7760000000001
1 250 414 -806.7760000000001
1 250 423 -806.7760000000001
1 250 436 -806.7760000000001
1 250 568 -806.7760000000001
1 250 579 -806.7760000000001
1 250 591 -806.7760000000001
1 250 594 -806.7760000000001
1 250 596 -6454.21
1 250 597 -1613.55
1 250 602 -806.7760000000001
1 250 603 -5647.43
1 250 604 -4840.66
1 250 605 -3227.1
1 250 607 -806.7760000000001
1 250 608 -2420.33
1 250 609 -806.7760000000001
1 250 610 -806.7760000000001
1 250 613 -806.7760000000001
1 251 276 -806.7760000000001
1 251 322 -806.7760000000001
1 251 365 -2420.33
1 251 366 -7260.99
1 251 367 -1613.55
1 251 368 -1613.55
1 251 371 -806.7760000000001
1 251 379 -806.7760000000001
1 251 407 -806.7760000000001
1 251 414 -806.7760000000001
1 251 424 -806.7760000000001
1 251 598 -806.7760000000001
1 251 604 -806.7760000000001
1 251 605 -806.7760000000001
1 251 607 -806.7760000000001
1 251 610 -806.7760000000001
1 252 236 -806.7760000000001
1 252 365 -2420.33
1 252 366 -5647.43
1 252 367 -5647.43
1 252 368 -1613.55
1 252 376 -806.7760000000001
1 252 412 -806.7760000000001
1 252 416 -806.7760000000001
1 252 428 -806.7760000000001
1 252 506 -806.7760000000001
1 252 507 -806.7760000000001
1 252 528 -806.7760000000001
1 252 534 -806.7760000000001
1 252 544 -806.7760000000001
1 252 576 -806.7760000000001
1 252 591 -1613.55
1 252 596 -1692.81
1 252 597 -1613.55
1 252 598 -806.7760000000001
1 252 599 -1613.55
1 252 608 -1613.55
1 252 609 -806.7760000000001
1 252 611 -806.7760000000001
1 252 620 -806.7760000000001
1 253 259 -806.7760000000001
1 253 342 -806.7760000000001
1 253 363 -806.7760000000001
1 253 365 -1613.55
1 253 366 -4840.66
1 253 367 -3227.1
1 253 370 -806.7760000000001
1 253 375 -1613.55
1 253 404 -806.7760000000001
1 253 433 -1613.55
1 253 506 -806.7760000000001
1 253 543 -806.7760000000001
1 253 546 -806.7760000000001
1 253 547 -806.7760000000001
1 253 566 -806.7760000000001
1 253 586 -1613.55
1 253 596 -806.7760000000001
1 253 597 -3227.1
1 253 601 -806.7760000000001
1 253 604 -806.7760000000001
1 253 605 -806.7760000000001
1 253 614 -2420.33
1 254 366 -1613.55
1 254 478 -806.7760000000001
1 254 581 -806.7760000000001
1 254 584 -806.7760000000001
1 254 585 -4840.66
1 254 586 -4033.88
1 254 587 -2420.33
1 254 588 -2420.33
1 254 589 -3227.1
1 254 598 -806.7760000000001
1 254 599 -806.7760000000001
1 254 601 -1613.55
1 254 604 -1613.55
1 254 605 -806.7760000000001
1 254 606 -806.7760000000001
1 254 611 -806.7760000000001
1 255 341 -806.7760000000001
1 255 346 -806.7760000000001
1 255 371 -806.7760000000001
1 255 402 -806.7760000000001
1 255 442 -806.7760000000001
1 255 445 -806.7760000000001
1 255 461 -806.7760000000001
1 255 479 -806.7760000000001
1 255 512 -806.7760000000001
1 255 513 -806.7760000000001
1 255 526 -806.7760000000001
1 255 547 -806.7760000000001
1 255 548 -806.7760000000001
1 255 565 -806.7760000000001
1 255 583 -2420.33
1 255 584 -3227.1
1 255 585 -3227.1
1 255 586 -3227.1
1 255 587 -1613.55
1 255 588 -806.7760000000001
1 255 591 -806.7760000000001
1 255 594 -806.7760000000001
1 255 597 -806.7760000000001
1 255 600 -1613.55
1 255 607 -806.7760000000001
1 256 346 -806.7760000000001
1 256 350 -806.7760000000001
1 256 367 -806.7760000000001
1 256 373 -806.7760000000001
1 256 374 -806.7760000000001
1 256 491 -806.7760000000001
1 256 526 -806.7760000000001
1 256 531 -2420.33
1 256 532 -806.7760000000001
1 256 547 -806.7760000000001
1 256 548 -1613.55
1 256 549 -806.7760000000001
1 256 575 -806.7760000000001
1 256 578 -1613.55
1 256 580 -806.7760000000001
1 256 584 -2420.33
1 256 585 -1613.55
1 256 592 -1613.55
1 256 594 -5727.45
1 256 595 -3227.1
1 256 607 -3227.1
1 256 608 -1613.55
1 256 609 -806.7760000000001
1 257 330 -806.7760000000001
1 257 461 -806.7760000000001
1 257 497 -806.7760000000001
1 257 503 -806.7760000000001
1 257 506 -806.7760000000001
1 257 512 -806.7760000000001
1 257 527 -2420.33
1 257 529 -806.7760000000001
1 257 532 -806.7760000000001
1 257 549 -806.7760000000001
1 257 574 -806.7760000000001
1 257 575 -2420.33
1 257 584 -2420.33
1 257 585 -2420.33
1 257 593 -1613.55
1 257 594 -6454.21
1 257 595 -3227.1
1 257 597 -1613.55
1 257 606 -5647.43
1 257 607 -806.7760000000001
1 258 307 -806.7760000000001
1 258 330 -806.7760000000001
1 258 366 -806.7760000000001
1 258 485 -1613.55
1 258 489 -1613.55
1 258 491 -806.7760000000001
1 258 493 -806.7760000000001
1 258 494 -806.7760000000001
1 258 496 -806.7760000000001
1 258 497 -806.7760000000001
1 258 498 -2420.33
1 258 499 -1613.55
1 258 502 -806.7760000000001
1 258 503 -806.7760000000001
1 258 529 -1613.55
1 258 531 -806.7760000000001
1 258 532 -806.7760000000001
1 258 533 -1613.55
1 258 535 -806.7760000000001
1 258 546 -806.7760000000001
1 258 550 -806.7760000000001
1 258 556 -1613.55
1 258 564 -806.7760000000001
1 258 576 -806.7760000000001
1 258 583 -806.7760000000001
1 258 584 -2420.33
1 258 586 -2420.33
1 258 594 -2420.33
1 258 606 -4033.88
1 258 607 -806.7760000000001
1 259 346 -806.7760000000001
1 259 369 -1613.55
1 259 402 -806.7760000000001
1 259 444 -806.7760000000001
1 259 456 -806.7760000000001
1 259 485 -806.7760000000001
1 259 486 -806.7760000000001
1 259 488 -806.7760000000001
1 259 489 -806.7760000000001
1 259 490 -1613.55
1 259 509 -1613.55
1 259 510 -806.7760000000001
1 259 522 -806.7760000000001
1 259 528 -806.7760000000001
1 259 529 -806.7760000000001
1 259 531 -806.7760000000001
1 259 532 -806.7760000000001
1 259 545 -806.7760000000001
1 259 549 -806.7760000000001
1 259 554 -1613.55
1 259 555 -1613.55
1 259 556 -2420.33
1 259 557 -2420.33
1 259 575 -3227.1
1 259 576 -806.7760000000001
1 259 579 -806.7760000000001
1 259 584 -806.7760000000001
1 259 585 -3227.1
1 259 586 -1613.55
1 260 369 -1613.55
1 260 404 -1613.55
1 260 443 -806.7760000000001
1 260 454 -806.7760000000001
1 260 485 -806.7760000000001
1 260 486 -1613.55
1 260 487 -806.7760000000001
1 260 492 -806.7760000000001
1 260 499 -806.7760000000001
1 260 502 -1613.55
1 260 517 -806.7760000000001
1 260 527 -806.7760000000001
1 260 545 -2420.33
1 260 548 -806.7760000000001
1 260 554 -806.7760000000001
1 260 556 -806.7760000000001
1 260 567 -806.7760000000001
1 260 576 -806.7760000000001
1 260 577 -806.7760000000001
1 261 397 -806.7760000000001
1 261 404 -806.7760000000001
1 261 444 -806.7760000000001
1 261 483 -806.7760000000001
1 261 487 -806.7760000000001
1 261 501 -806.7760000000001
1 261 502 -806.7760000000001
1 261 545 -806.7760000000001
1 261 551 -806.7760000000001
1 261 552 -806.7760000000001
1 261 565 -806.7760000000001
1 262 254 -806.7760000000001
1 262 353 -1613.55
1 262 369 -806.7760000000001
1 262 425 -806.7760000000001
1 262 443 -806.7760000000001
1 262 458 -806.7760000000001
1 262 483 -1613.55
1 262 493 -806.7760000000001
1 262 501 -806.7760000000001
1 262 502 -806.7760000000001
1 262 523 -806.7760000000001
1 262 524 -806.7760000000001
1 262 535 -806.7760000000001
1 262 536 -806.7760000000001
1 262 537 -806.7760000000001
1 262 542 -806.7760000000001
1 262 546 -806.7760000000001
1 262 584 -806.7760000000001
1 262 587 -806.7760000000001
1 263 355 -806.7760000000001
1 263 415 -806.7760000000001
1 263 484 -806.7760000000001
1 263 493 -806.7760000000001
1 263 509 -806.7760000000001
1 263 522 -806.7760000000001
1 263 523 -1613.55
1 263 524 -1613.55
1 263 541 -1613.55
1 263 542 -806.7760000000001
1 263 543 -806.7760000000001
1 263 546 -1613.55
1 263 576 -806.7760000000001
1 263 579 -806.7760000000001
1 263 581 -3227.1
1 264 369 -806.7760000000001
1 264 379 -858.421
1 264 481 -806.7760000000001
1 264 482 -806.7760000000001
1 264 493 -806.7760000000001
1 264 503 -806.7760000000001
1 264 504 -806.7760000000001
1 264 516 -806.7760000000001
1 264 521 -2420.33
1 264 527 -806.7760000000001
1 264 543 -3227.1
1 264 568 -806.7760000000001
1 264 575 -806.7760000000001
1 264 576 -1613.55
1 265 336 -806.7760000000001
1 265 367 -1644.3
1 265 457 -806.7760000000001
1 265 459 -806.7760000000001
1 265 511 -806.7760000000001
1 265 516 -806.7760000000001
1 265 520 -806.7760000000001
1 265 524 -1077.44
1 265 568 -1613.55
1 266 314 -806.7760000000001
1 266 413 -806.7760000000001
1 266 456 -806.7760000000001
1 266 478 -806.7760000000001
1 266 481 -806.7760000000001
1 266 483 -806.7760000000001
1 266 484 -806.7760000000001
1 266 485 -806.7760000000001
1 266 492 -806.7760000000001
1 266 498 -806.7760000000001
1 266 505 -806.7760000000001
1 266 518 -806.7760000000001
1 266 523 -806.7760000000001
1 266 543 -806.7760000000001
1 266 545 -806.7760000000001
1 266 549 -806.7760000000001
1 266 555 -806.7760000000001
1 267 337 -806.7760000000001
1 267 365 -806.7760000000001
1 267 381 -806.7760000000001
1 267 459 -806.7760000000001
1 267 460 -1613.55
1 267 505 -806.7760000000001
1 267 507 -806.7760000000001
1 267 543 -806.7760000000001
1 267 544 -1613.55
1 267 549 -806.7760000000001
1 267 553 -2420.33
1 267 562 -806.7760000000001
1 268 507 -1613.55
1 268 540 -806.7760000000001
1 268 541 -806.7760000000001
1 268 542 -1613.55
1 268 543 -3227.1
1 268 544 -1613.55
1 268 549 -806.7760000000001
1 268 551 -806.7760000000001
1 268 552 -806.7760000000001
1 268 553 -806.7760000000001
1 269 362 -806.7760000000001
1 269 505 -1613.55
1 269 507 -806.7760000000001
1 269 528 -806.7760000000001
1 269 543 -806.7760000000001
1 269 547 -1613.55
1 270 474 -806.7760000000001
1 270 475 -1613.55
1 270 479 -806.7760000000001
1 270 491 -806.7760000000001
1 270 504 -806.7760000000001
1 270 507 -806.7760000000001
1 270 526 -806.7760000000001
1 271 375 -806.7760000000001
1 271 388 -806.7760000000001
1 271 479 -806.7760000000001
1 271 481 -806.7760000000001
1 271 487 -806.7760000000001
1 271 491 -806.7760000000001
1 271 526 -806.7760000000001
1 272 469 -806.7760000000001
1 272 493 -806.7760000000001
1 272 495 -1613.55
1 272 496 -806.7760000000001
1 272 502 -806.7760000000001
1 272 526 -2420.33
1 273 441 -806.7760000000001
1 273 462 -806.7760000000001
1 273 526 -806.7760000000001
1 275 463 -806.7760000000001
1 275 480 -806.7760000000001
1 275 502 -806.7760000000001
1 275 504 -806.7760000000001
1 276 502 -806.7760000000001
1 277 393 -806.7760000000001
1 279 459 -806.7760000000001
1 280 563 -806.7760000000001
1 282 434 -806.7760000000001
1 282 435 -1337.37
1 283 461 -806.7760000000001
1 283 482 -806.7760000000001
1 283 483 -806.7760000000001
1 285 437 -806.7760000000001
1 285 482 -806.7760000000001
1 285 483 -806.7760000000001
1 286 377 -806.7760000000001
1 286 464 -806.7760000000001
1 288 469 -806.7760000000001
1 289 362 -806.7760000000001
1 289 443 -806.7760000000001
1 292 358 -806.7760000000001
1 293 390 -2420.33
1 293 391 -806.7760000000001
1 296 390 -806.7760000000001
1 301 359 -806.7760000000001
1 301 378 -806.7760000000001
1 85 106 -806.7760000000001
1 92 112 -1613.55
1 93 117 -806.7760000000001
1 97 89 -806.7760000000001
1 98 101 -806.7760000000001
1 99 126 -806.7760000000001
1 99 136 -806.7760000000001
1 147 119 -3362.83
1 170 169 -3020.91
1 199 225 -101.64
1 259 541 -37.751999999999995
1 267 479 -488.031
1 271 361 -631.107
1 272 454 -50.3531
1 291 453 -127041.0
1 299 360 -7881.46
1 157 190 -3.5944199999999995
1 172 162 -3407.84
1 173 196 -88.6749
1 203 296 -3256.55
1 214 174 -4430.92
1 218 173 -4503.73
1 262 350 -33.396
1 271 470 -1077.85
1 274 431 -1893200.0
1 285 357 -190.21200000000002
1 289 374 -14.52
1 293 378 -1068.34
1 144 130 -338.28
1 149 118 -76.956
1 154 128 -85.66799999999999
1 162 171 -52.272
1 175 178 -437.05199999999996
1 188 287 -36.9359
1 189 206 -11.3476
1 222 266 -1596.95
1 225 248 -271.524
1 238 244 -196.02
1 245 243 -4530.24
1 248 238 -75.50399999999999
1 248 331 -243.93599999999998
1 271 268 -3436.88
1 274 278 -2532.29
1 295 392 -87.0081
1 296 391 -177.331
1 140 166 -1484.51
1 141 165 -5.30576
1 144 151 -5667.16
1 146 150 -17424.0
1 146 180 -894.066
1 147 148 -14520.0
1 149 181 -812.747
1 150 183 -2673.49
1 150 186 -1632.46
1 151 211 -1360.39
1 152 180 -3712.16
1 158 173 -169.234
1 164 124 -136.616
1 165 167 -3410.61
1 170 115 -987.669
1 209 273 -668.681
1 213 270 -442.645
1 224 287 -0.0768698
1 230 352 -275.569
1 236 342 -1241.98
1 236 344 -0.009609
1 240 337 -482.62699999999995
1 240 357 -538.896
1 244 333 -2497.52
1 246 337 -58.08
1 263 344 -3.01714
1 265 517 -23.6303
1 267 428 -55.7003
1 271 355 -1055.49
1 277 371 -1502.34
1 284 333 -1.0951899999999999
1 290 371 -2360.95
1 296 358 -42108.0
1 297 356 -633.876
1 297 391 -3267.0
1 146 146 -1226.77
1 155 116 -61.967
1 183 232 -908.952
1 201 310 -2526.48
1 211 195 -748.6510000000001
1 221 339 -1880.78
1 222 324 -647.955
1 263 345 -168.43200000000002
1 263 427 -66.0739
1 263 570 -88.8086
1 265 414 -0.501656
1 286 302 -5172.02
1 293 357 -7348.57
1 295 362 -482.4
1 297 439 -1502700.0
1 137 128 -9841.66
1 150 118 -424.66
1 150 121 -2111.95
1 150 127 -10.1208
1 158 138 -58.3327
1 160 139 -142.97899999999998
1 181 126 -4962.79
1 189 126 -5454.89
1 215 296 -10904.5
1 224 257 -307.098
1 281 445 -21.195
1 189 195 -2144.35
1 190 250 -693.875
1 192 197 -5341.23
1 210 253 -1758.37
1 217 236 -9356.69
1 245 324 -29.04
1 247 330 -0.44560200000000005
1 270 480 -80.2084
1 272 486 -0.194454
1 148 166 -1098.2
1 188 204 -2719.71
1 203 340 -518.325
1 208 226 -1584.7
1 211 266 -1269.97
1 213 276 -14056.5
1 214 274 -65365.9
1 220 278 -123416.0
1 223 372 -520.896
1 239 385 -2231.49
1 239 406 -315.954
1 239 416 -22.4584
1 241 238 -1112.37
1 245 408 -5196.71
1 248 454 -1391.64
1 259 351 -2976.36
1 262 585 -26.136
1 265 360 -25389.1
1 267 449 -857.9860000000001
1 269 360 -7717.83
1 273 521 -10818.8
1 274 327 -86.4112
1 274 521 -6.2807699999999995
1 275 465 -73.0788
1 290 322 -8282.72
1 292 458 -33130.5
1 147 116 -156.816
1 258 337 -4.10292
1 259 439 -257.113
1 268 484 -15.2646
1 251 286 -3113.09
1 261 570 -1315.17
1 264 441 -54.8537
1 294 356 -2256.98
1 144 132 -0.828067
1 136 173 -450.12
1 144 189 -1250.67
1 183 124 -2894.03
1 186 125 -760.717
1 204 300 -32.4844
1 226 375 -236860.0
1 238 302 -4493.01
1 244 321 -1862.92
1 247 591 -135.036
1 248 593 -62.43600000000001
1 256 443 -809.43
1 258 339 -708.062
1 258 416 -124.323
1 259 414 -1086.18
1 263 583 -311.209
1 266 470 -144.42
1 269 482 -224.585
1 270 476 -1574.31
1 273 523 -158991.0
1 275 479 -6387.88
1 291 374 -0.81399
1 297 388 -1330.12
1 298 384 -0.44394700000000004
1 204 299 -87.12
1 221 300 -8.840019999999999
1 239 400 -15.8408
1 272 494 -244.89
1 225 289 -786.4739999999999
1 226 330 -25987.9
1 244 430 -114.708
1 247 342 -54.6309
1 253 427 -10429.3
1 253 443 -467.404
1 254 442 -1642.66
1 254 444 -363.0
1 254 445 -1.41816
1 256 445 -73.97
1 261 346 -149.06
1 261 369 -184.03400000000002
1 270 319 -34320.3
1 271 471 -342.535
1 271 489 -7936.18
1 272 371 -216.47400000000002
1 275 371 -970.2610000000001
1 262 394 -1009070.0
1 167 168 -2421.5
1 157 122 -316.935
1 211 313 -37.385999999999996
1 212 315 -241.828
1 214 287 -0.8912049999999999
1 224 372 -2060.02
1 246 609 -1394.74
1 247 590 -3178.43
1 255 446 -186.707
1 270 482 -120.17299999999999
1 276 386 -352.472
1 281 446 -490.163
1 284 406 -731.679
1 291 458 -92.3689
1 295 390 -2038.61
1 297 384 -135.92
1 297 387 -59.4559
1 145 147 -94.0221
1 257 443 -276.27299999999997
1 194 320 -0.5808
1 196 299 -0.318366
1 234 400 -17.424
1 237 378 -26.7361
1 240 386 -164.543
1 241 353 -4.59673
1 244 330 -340.62
1 253 400 -253.09799999999998
1 254 400 -55.3973
1 255 373 -195.61900000000003
1 262 441 -3.25735
1 263 353 -7.47275
1 276 469 -34.757
1 276 484 -68.9933
1 277 429 -998.14
1 282 451 -1175.94
1 279 477 -13.7668
1 206 299 -17.2894
1 239 305 -1336.81
1 261 461 -83.6841
1 289 412 -11.075
1 183 311 -989.683
1 220 175 -4658.49
1 244 355 -23640.0
1 245 261 -12259.2
1 290 355 -73911.5
1 264 474 -2.22801
1 201 297 -37.5433
1 207 298 -13.4126
1 232 373 -38.0099
1 233 392 -123.456
1 235 390 -243.118
1 236 398 -336.025
1 237 390 -92.7602
1 237 399 -53.9179
1 241 374 -66.8766
1 248 606 -191.87
1 249 411 -107.70200000000001
1 253 418 -110.456
1 253 442 -891.205
1 258 597 -190.139
1 259 428 -382.327
1 263 468 -30271.1
1 267 481 -1046.72
1 281 429 -589.758
1 283 394 -29.04
1 284 436 -356.48199999999997
1 296 414 -29.0292
1 300 390 -2121.52
1 144 126 -123.581
1 147 130 -664.385
1 223 371 -412.851
1 160 142 -4.4487
1 247 419 -362.72
1 257 602 -57.5362
1 176 219 -25.0076
1 256 590 -11.5411
1 261 581 -66.4858
1 241 405 -340.914
1 271 484 -67.5183
1 235 358 -417.87199999999996
1 240 422 -35.7284
1 254 368 -2756.05
1 261 424 -890.076
1 269 477 -897.6239999999999
1 290 463 -4144.1
1 175 246 -0.318366
1 231 201 -17695.5
1 282 445 -0.552547
1 255 399 -653.253
1 267 483 -1181.29
1 273 513 -0.388908
1 243 350 -3065.74
1 244 406 -1.55961
1 288 370 -171.783
1 162 138 -3.45959
1 164 144 -98.5074
1 218 352 -13791.7
1 259 459 -174.24
1 251 431 -557.4490000000001
1 292 373 -12.0783
1 265 476 -42.3322
1 251 330 -63.0637
1 235 401 -11.0064
1 274 481 -86.6251
1 271 480 -18.3143
1 286 460 -72.3542
1 259 438 -29.04
1 272 492 -25.5133
1 243 423 -18.875999999999998
1 271 535 -215.003
1 244 609 -24.8646
1 160 144 -184.165
1 271 517 -1559.61
1 228 357 -22.2801
1 268 481 -31.1922
1 249 326 -47.4462
1 212 180 -1089.0
1 271 536 -186.34
1 217 228 -124.76899999999999
1 166 141 -65.3253
1 252 431 -1413.45
1 174 184 -143.93
1 251 443 -1104.1
1 250 444 -286.175
1 197 178 -219.79
1 226 368 -544.7719999999999
1 237 397 -2467.75
1 252 401 -5672.07
1 201 299 -2802.35
1 277 382 -64343.9
1 258 419 -406078.0
1 261 540 -75.50399999999999
