1 62 1 3798.3
1 61 2 3770.7
1 60 3 3749.7
1 59 4 3733.5
1 58 5 3721.5
1 57 6 3713.4
1 56 7 3709.2
1 55 8 3709.0
1 54 9 3713.4
1 53 10 3722.5
1 52 11 3736.7
1 51 12 3755.5
1 49 13 3767.8
1 50 13 3777.1
1 48 14 3789.3
1 47 15 3784.5
1 46 16 3776.7
1 45 17 3766.9
1 45 18 3767.6
1 45 19 3768.3
1 44 20 3756.4
1 44 21 3756.2
1 44 22 3755.5
1 44 23 3754.2
1 44 24 3752.2
1 44 25 3749.4
1 44 26 3745.6
1 44 27 3740.7
1 44 28 3734.5
1 44 29 3727.0
1 44 30 3717.9
1 44 31 3707.0
1 44 32 3694.2
1 44 33 3679.1
1 44 34 3661.5
1 44 35 3641.1
1 44 36 3617.4
1 44 37 3589.8
1 44 38 3557.8
1 44 39 3520.3
1 44 40 3476.1
1 44 41 3422.8
1 43 42 3304.0
1 43 43 3265.0
1 43 44 3203.3
1 42 45 3052.1
1 42 46 2997.6
1 40 47 2765.7
1 41 47 2812.0
1 40 48 2729.6
1 40 49 2663.5
1 40 50 2567.6
1 35 78 4859.7
1 35 79 4888.1
1 34 80 4945.1
1 33 81 5025.5
1 32 82 5089.1
1 31 83 5102.5
1 30 84 5114.2
1 29 85 5123.1
1 28 86 5145.4
1 27 87 5164.2
1 26 88 5190.3
1 25 89 5217.8
1 25 90 5254.2
1 24 91 5241.3
1 24 92 5256.5
1 24 93 5293.6
1 24 94 5330.6
1 23 95 5345.7
1 23 96 5386.0
1 23 97 5422.3
1 22 98 5430.3
1 22 99 5471.4
1 22 100 5508.4
1 22 101 5545.7
1 21 102 5566.0
1 21 103 5611.1
1 20 104 5633.2
1 20 105 5675.7
1 19 106 5707.7
1 19 107 5752.1
1 18 108 5788.7
1 18 109 5828.5
1 17 110 5747.7
1 17 111 5758.8
1 17 112 5868.1
1 65 109 6030.5
1 66 109 6027.0
1 67 109 5976.4
1 68 109 5941.6
1 69 109 5951.1
1 62 110 5964.5
1 63 110 6002.2
1 64 110 6023.1
1 70 110 6040.0
1 60 111 5859.4
1 61 111 5880.9
1 71 111 6106.0
1 37 112 5647.1
1 38 112 5707.3
1 39 112 5768.9
1 40 112 5814.4
1 41 112 5851.4
1 42 112 5873.4
1 43 112 5884.6
1 44 112 5893.7
1 45 112 5900.9
1 46 112 5910.4
1 47 112 5919.3
1 48 112 5936.9
1 55 112 5739.6
1 56 112 5761.3
1 57 112 5778.4
1 58 112 5795.2
1 59 112 5810.1
1 72 112 6143.0
1 16 113 5956.8
1 33 113 5631.7
1 34 113 5615.1
1 35 113 5599.2
1 36 113 5578.7
1 49 113 5930.6
1 50 113 5908.4
1 51 113 5855.3
1 52 113 5800.7
1 53 113 5744.1
1 54 113 5707.4
1 73 113 6175.3
1 16 114 6015.9
1 29 114 5721.3
1 30 114 5696.1
1 31 114 5668.3
1 32 114 5633.3
1 74 114 6198.4
1 75 114 6202.5
1 16 115 6072.6
1 25 115 5833.0
1 26 115 5810.2
1 27 115 5781.0
1 28 115 5741.0
1 76 115 6234.3
1 16 116 6127.9
1 21 116 5975.7
1 22 116 5990.6
1 23 116 5903.4
1 24 116 5863.2
1 77 116 6249.5
1 78 116 6247.6
1 79 116 6260.2
1 16 117 6182.1
1 20 117 6023.7
1 80 117 6281.1
1 81 117 6279.2
1 82 117 6258.6
1 83 117 6231.1
1 84 117 6202.0
1 16 118 6219.5
1 17 118 6185.7
1 18 118 6138.6
1 19 118 6085.1
1 85 118 6131.5
1 85 119 6089.7
1 86 120 6072.5
1 86 121 6095.2
1 86 122 6120.0
1 86 123 6137.3
1 86 124 6149.7
1 86 125 6159.3
1 86 126 6166.4
1 86 127 6170.1
1 86 128 6170.7
1 86 129 6169.0
1 86 130 6166.3
1 86 131 6162.1
1 86 132 6155.2
1 86 133 6146.5
1 86 134 6134.7
1 86 135 6118.8
1 86 136 6099.7
1 85 137 6050.6
1 85 138 6037.7
1 84 139 6032.8
1 83 140 6073.8
1 82 141 6157.7
1 82 142 6174.0
1 81 143 6226.7
1 80 144 6287.2
1 79 145 6356.2
1 78 146 6419.8
1 77 147 6487.1
1 76 148 6559.0
1 75 149 6636.4
1 75 150 6700.7
1 75 151 6761.3
1 75 152 6821.9
1 75 153 6868.8
1 76 154 6862.0
1 77 154 6849.2
1 78 154 6839.0
1 79 155 6827.7
1 80 155 6815.1
1 81 156 6797.5
1 82 157 6771.0
1 82 158 6748.6
1 83 158 6734.5
1 84 159 6704.6
1 84 160 6676.8
1 84 161 6652.4
1 84 162 6628.5
1 85 163 6603.4
1 86 164 6574.0
1 87 165 6537.0
1 88 166 6502.2
1 89 167 6468.6
1 90 168 6387.2
1 90 169 6337.2
1 91 170 6269.8
1 92 171 6198.4
1 93 172 6167.7
1 94 173 6141.2
1 94 174 6138.8
1 95 175 6123.4
1 95 176 6109.0
1 95 177 6113.7
1 95 178 6120.7
1 95 179 6126.0
1 96 180 5954.7
1 97 181 5971.7
1 98 182 5989.2
1 99 183 6006.7
1 100 184 6022.5
1 101 185 6037.9
1 102 185 6046.3
1 103 185 6061.9
1 104 186 6096.3
1 105 186 6097.4
1 106 187 6100.6
1 107 188 6096.4
1 108 189 5914.1
1 108 190 5916.1
1 108 191 5917.1
1 108 192 5916.7
1 108 193 5912.5
1 107 194 5707.4
1 107 195 5703.4
1 107 196 5695.6
1 107 197 5685.3
1 107 198 5673.3
1 106 199 5634.9
1 106 200 5622.0
1 105 201 5576.1
1 105 202 5562.9
1 104 203 5522.4
1 104 204 5513.7
1 104 205 5498.7
1 104 206 5477.3
1 104 207 5444.2
1 98 208 5460.6
1 99 208 5470.7
1 100 208 5483.1
1 101 208 5496.0
1 102 208 5513.7
1 103 208 5542.4
1 97 209 5451.3
1 97 210 5450.1
1 97 211 5446.0
1 97 212 5440.7
1 96 213 5424.1
1 95 214 5416.7
1 95 215 5415.4
1 94 216 5408.0
1 94 217 5407.1
1 94 218 5406.4
1 95 219 5410.6
1 96 220 5414.1
1 97 221 5418.0
1 97 222 5416.9
1 98 223 5420.2
1 98 224 5418.8
1 99 225 5422.9
1 99 226 5421.0
1 100 227 5242.1
1 128 227 5398.5
1 129 227 5461.6
1 101 228 5248.0
1 107 228 5142.9
1 108 228 5167.8
1 109 228 5196.4
1 110 228 5228.4
1 111 228 5263.1
1 125 228 5283.4
1 126 228 5309.8
1 127 228 5318.0
1 130 228 5187.6
1 131 228 5194.1
1 132 228 5188.2
1 133 228 5189.3
1 134 228 5195.5
1 135 228 5209.9
1 136 228 5226.9
1 137 228 5240.2
1 138 228 5267.0
1 102 229 5252.8
1 106 229 5280.7
1 112 229 5117.3
1 118 229 5143.6
1 119 229 5162.0
1 120 229 5177.9
1 121 229 5192.0
1 122 229 5203.3
1 123 229 5212.7
1 124 229 5215.2
1 139 229 5340.3
1 103 230 5256.3
1 104 230 5258.9
1 105 230 5261.9
1 113 230 5133.9
1 114 230 5125.4
1 115 230 5121.1
1 116 230 5118.6
1 117 230 5110.7
1 140 230 5307.1
1 139 231 5374.7
1 137 232 5411.3
1 138 232 5410.6
1 136 233 5414.6
1 135 234 5407.4
1 133 235 5374.7
1 134 235 5388.0
1 132 236 5357.8
1 130 237 5314.5
1 131 237 5329.7
1 129 238 5303.3
1 128 239 5287.2
1 127 240 5267.3
1 127 241 5257.5
1 127 242 5244.6
1 128 243 5252.9
1 129 244 5251.2
1 129 245 5238.5
1 130 246 5234.7
1 131 246 5233.6
1 132 246 5236.5
1 133 246 5245.8
1 134 246 5263.2
1 135 246 5289.6
1 136 246 5316.8
1 137 246 5336.8
1 138 246 5358.8
1 139 247 5409.5
1 140 247 5434.0
1 141 247 5471.5
1 142 247 5514.8
1 143 248 5577.8
1 144 249 5671.3
1 144 250 5698.1
1 145 251 5749.9
1 145 252 5775.5
1 145 253 5795.8
1 146 254 5829.1
1 146 255 5826.5
1 146 256 5820.5
1 146 257 5812.6
1 146 258 5802.4
1 146 259 5790.6
1 146 260 5777.2
1 146 261 5764.9
1 146 262 5751.7
1 146 263 5738.5
1 146 264 5728.4
1 146 265 0.0
1 147 266 5482.8
1 147 267 5453.7
1 147 268 5428.8
1 147 269 5389.1
1 147 270 5356.1
1 148 271 5306.0
1 148 272 5279.2
1 148 273 5252.1
1 148 274 5230.3
1 149 274 5215.4
1 149 275 5175.8
1 149 276 5143.6
1 149 277 5091.0
1 149 278 5036.4
1 150 279 5132.7
1 150 280 5087.7
1 150 281 5046.5
1 150 282 5016.2
1 151 283 4932.5
1 151 284 4888.7
1 151 285 4855.4
1 152 286 4761.4
1 152 287 4706.8
1 152 288 4662.5
1 152 289 4628.0
1 153 290 4722.8
1 153 291 4696.3
1 153 292 4704.2
1 154 293 4715.0
1 154 294 4726.6
1 154 295 4736.1
1 154 296 4742.2
1 155 297 4760.1
1 155 298 4763.9
1 156 299 4586.8
1 157 299 4593.1
1 158 299 4602.6
1 159 299 4615.1
1 160 299 4631.1
1 161 299 4650.5
1 162 300 4681.7
1 162 301 4684.5
1 162 302 4683.6
1 162 303 4681.0
1 162 304 4678.3
1 163 305 4857.4
1 163 306 4848.4
1 163 307 4838.6
1 163 308 4829.3
1 163 309 4823.2
1 164 310 5039.4
1 165 311 5081.0
1 166 312 5152.7
1 167 313 5211.3
1 168 314 5244.2
1 168 315 5076.7
1 168 316 5081.0
1 169 316 5088.5
1 169 317 5094.3
1 170 317 5104.1
1 171 318 5105.2
1 171 319 5081.8
1 172 320 5033.9
1 172 321 4986.4
1 172 322 4938.1
1 172 323 4887.1
1 172 324 4847.4
1 173 325 4845.9
1 173 326 4849.5
1 173 327 4851.3
1 174 328 4860.7
1 174 329 4862.3
1 174 330 4863.3
1 175 331 4867.8
1 176 331 4871.8
1 177 331 4877.7
1 178 332 4887.1
1 179 333 4889.7
1 179 334 4886.6
1 179 335 4883.5
1 180 336 4881.0
1 181 337 4872.5
1 181 338 4867.8
1 187 338 4741.0
1 188 338 4762.1
1 189 338 4779.7
1 190 338 4793.4
1 182 339 4858.5
1 186 339 4873.5
1 191 339 4797.0
1 192 339 5216.0
1 182 340 4852.5
1 186 340 4857.8
1 193 340 5215.3
1 182 341 4848.9
1 186 341 4847.8
1 194 341 5215.2
1 195 341 5216.8
1 183 342 4845.3
1 184 342 4845.1
1 185 342 4844.6
1 186 342 4843.5
1 196 342 5216.5
1 196 343 5214.4
1 197 344 5213.3
1 198 345 5210.9
1 199 346 5208.8
1 200 346 5210.4
1 201 346 5212.6
1 202 346 5214.7
1 203 346 5215.5
1 204 346 4384.17
1 205 347 5199.5
1 206 347 5193.3
1 207 348 5398.8
1 207 349 5496.1
1 207 350 5637.0
1 206 351 5696.9
1 205 352 5701.7
1 205 353 5706.2
1 205 354 5711.2
1 206 355 5734.1
1 206 356 5742.3
1 207 357 5767.0
1 208 357 5784.2
1 209 358 5465.4
1 210 359 5522.7
1 211 359 5550.7
1 212 360 5470.5
1 212 361 5507.7
1 208 362 5529.9
1 209 362 5534.6
1 210 362 5541.7
1 211 362 5547.4
1 207 363 5526.1
1 206 364 5520.7
1 206 365 5522.0
1 206 366 5522.2
1 206 367 5521.4
1 206 368 5520.4
1 206 369 5519.2
1 207 369 5525.6
1 208 369 5542.1
1 209 369 5563.8
1 210 369 5588.2
1 211 369 5618.5
1 212 369 5654.9
1 213 369 5699.1
1 214 370 5595.6
1 215 370 5629.4
1 216 372 5626.7
1 214 373 5263.1
1 215 373 5351.3
1 214 374 5220.0
1 213 375 5270.2
1 212 376 5247.8
1 211 377 5194.7
1 211 378 5183.6
1 211 379 5178.1
1 211 380 5180.2
1 211 381 5189.3
1 211 382 5243.7
1 211 383 5293.5
1 212 384 45000.0
1 212 385 45000.0
1 212 386 45000.0
1 212 387 45000.0
1 212 388 45000.0
1 212 389 45000.0
1 212 390 45000.0
1 212 391 45000.0
1 212 392 45000.0
1 212 393 45000.0
1 213 394 45000.0
1 213 395 45000.0
1 213 396 45000.0
1 213 397 45000.0
1 213 398 45000.0
1 213 399 45000.0
1 213 400 45000.0
1 213 401 45000.0
1 213 402 45000.0
1 214 403 45000.0
1 214 404 45000.0
1 214 405 45000.0
1 214 406 45000.0
1 214 407 45000.0
1 214 409 45000.0
1 214 410 45000.0
1 214 411 45000.0
1 214 412 45000.0
1 214 413 45000.0
1 214 414 45000.0
1 214 415 45000.0
1 215 416 45000.0
1 215 417 45000.0
1 227 417 45000.0
1 228 417 45000.0
1 229 417 45000.0
1 216 418 45000.0
1 226 418 45000.0
1 230 418 45000.0
1 217 419 45000.0
1 218 419 45000.0
1 219 419 45000.0
1 220 419 45000.0
1 221 419 45000.0
1 222 419 45000.0
1 223 419 45000.0
1 224 419 45000.0
1 225 419 45000.0
1 229 419 45000.0
1 229 420 45000.0
1 226 421 45000.0
1 227 421 45000.0
1 228 421 45000.0
1 224 422 45000.0
1 225 422 45000.0
1 224 423 45000.0
1 224 424 45000.0
1 225 424 45000.0
1 226 424 45000.0
1 227 424 45000.0
1 228 424 45000.0
1 229 425 45000.0
1 229 426 45000.0
1 229 427 45000.0
1 229 428 45000.0
1 229 429 45000.0
1 228 430 45000.0
1 228 431 45000.0
1 228 432 45000.0
1 228 433 45000.0
1 228 434 45000.0
1 228 435 45000.0
1 229 435 45000.0
1 230 436 45000.0
1 230 437 45000.0
1 230 438 45000.0
1 230 439 45000.0
1 230 440 45000.0
1 230 441 45000.0
1 230 442 45000.0
1 230 443 45000.0
1 230 444 45000.0
1 230 445 45000.0
1 230 446 45000.0
1 230 447 45000.0
1 230 448 45000.0
1 230 449 45000.0
1 230 450 45000.0
1 230 451 45000.0
1 230 452 45000.0
1 230 453 45000.0
1 230 454 45000.0
1 230 455 45000.0
1 230 456 45000.0
1 231 457 45000.0
1 231 458 45000.0
1 231 459 45000.0
1 231 460 45000.0
1 232 461 45000.0
1 232 462 45000.0
1 232 463 45000.0
1 232 464 45000.0
1 233 464 45000.0
1 234 464 45000.0
1 235 464 45000.0
1 236 464 45000.0
1 237 464 45000.0
1 238 464 45000.0
1 239 465 45000.0
1 239 466 45000.0
1 239 467 5337.1
1 238 468 5337.1
1 238 469 5337.1
1 238 470 5337.1
1 239 471 5337.1
1 240 471 5337.1
1 241 472 5337.1
1 242 472 5337.1
1 243 472 5337.1
1 244 473 5337.1
1 245 474 5337.1
1 246 475 5337.1
1 246 476 5337.1
1 246 477 5337.1
1 246 478 5337.1
1 246 479 5337.1
1 246 480 5337.1
1 245 481 5337.1
1 245 482 5337.1
1 244 483 5337.1
1 243 484 5337.1
1 243 485 5337.1
1 243 486 5337.1
1 243 487 5337.1
1 243 488 5337.1
1 243 489 5337.1
1 242 490 5337.1
1 242 491 5337.1
1 241 492 5337.1
1 241 493 5337.1
1 240 494 5337.1
1 239 495 5337.1
1 238 496 5337.1
1 235 497 5337.1
1 236 497 5337.1
1 237 497 5337.1
1 233 498 5337.1
1 234 498 5337.1
1 233 499 5337.1
1 232 500 5337.1
1 231 501 5337.1
1 231 502 5337.1
1 231 503 5337.1
1 231 504 5337.1
1 231 505 5337.1
1 231 506 5337.1
1 231 507 5337.1
1 231 508 5337.1
1 231 509 5337.1
1 231 510 5337.1
1 231 511 5337.1
1 231 512 5337.1
1 231 513 5337.1
1 231 514 5337.1
1 231 515 5337.1
1 232 516 5337.1
1 232 517 5337.1
1 232 518 5337.1
1 233 519 5337.1
1 233 520 5337.1
1 233 521 5337.1
1 234 522 5337.1
1 234 523 5337.1
1 235 524 5337.1
1 235 525 5337.1
1 236 525 5337.1
1 237 525 5337.1
1 238 525 5337.1
1 239 526 5337.1
1 239 527 5337.1
1 240 528 5437.9
1 240 529 5453.1
1 241 530 5519.7
1 241 531 5549.7
1 241 532 5566.6
1 241 533 5578.1
1 241 534 5586.4
1 242 535 5064.8
1 242 536 5076.1
1 243 536 5094.1
1 244 536 5126.6
1 245 536 5155.2
1 246 537 5210.6
1 246 538 5227.7
1 247 539 5267.6
1 248 540 5303.1
1 249 540 5315.2
1 250 540 5331.6
1 251 541 5365.2
1 250 544 5398.8
1 251 544 5401.1
1 245 545 5344.2
1 246 545 5355.4
1 247 545 5374.0
1 248 545 5387.7
1 249 545 5393.2
1 243 546 5317.7
1 244 546 5321.7
1 243 547 5318.4
1 242 548 5314.5
1 242 549 5314.8
1 241 550 5308.6
1 241 551 5306.9
1 240 552 5296.5
1 239 553 5285.5
1 238 554 0.0
1 237 555 5249.9
1 236 556 5248.8
1 236 557 5248.8
1 232 558 5189.1
1 233 558 5186.1
1 234 558 5193.8
1 235 558 5197.3
1 232 559 5201.2
1 231 560 5201.4
1 231 561 5209.8
1 231 562 5216.5
1 231 563 5221.6
1 231 564 5222.9
1 230 565 5389.7
1 230 566 5382.9
1 230 567 5372.0
1 230 568 5359.6
1 215 371 5678.1
1 39 51 6043.2
1 39 52 5967.8
1 38 53 5714.5
1 38 54 5641.8
1 37 55 5375.6
1 36 56 5152.8
1 35 57 4950.0
1 35 58 4889.0
1 35 59 4787.7
1 35 60 8397.7
1 35 61 8262.3
1 35 62 8125.5
1 35 63 7985.2
1 35 64 7841.2
1 35 65 7693.4
1 35 66 7542.6
1 35 67 7395.4
1 35 68 7276.3
1 36 69 10770.0
1 36 70 10502.6
1 36 71 10250.3
1 36 72 10007.1
1 36 73 9772.1
1 36 74 9559.1
1 36 75 9377.7
1 36 76 9287.9
1 36 77 9255.2
1 230 569 5347.0
1 230 570 5333.5
1 230 571 5317.4
1 230 572 5306.0
1 230 573 5316.9
1 230 574 5332.4
1 230 575 5342.6
1 230 576 5344.7
1 230 577 5179.6
1 230 578 5212.8
1 230 579 5245.9
1 230 580 5275.3
1 230 581 5278.4
1 230 582 5283.8
1 230 583 5286.3
1 230 584 5285.4
1 230 585 5282.0
1 230 586 5277.4
1 230 587 5271.3
1 230 588 5267.4
1 229 589 5251.5
1 229 590 5242.2
1 228 591 5219.5
1 228 592 5203.8
1 228 593 5186.5
1 228 594 5164.3
1 227 595 5120.1
1 227 596 5096.9
1 227 597 5068.8
1 227 598 5035.6
1 227 599 4786.4
1 226 600 4700.2
1 226 601 4698.2
1 226 602 4696.9
1 226 603 4697.6
1 225 604 4268.5
1 224 605 4268.5
1 223 606 4290.4
1 222 607 4310.8
1 223 605 4275.0
1 114 114 -10309.2
1 117 120 -782.331
1 121 111 -119209.0
1 121 113 -157542.0
1 124 115 -31798.8
1 125 116 -141860.0
1 126 120 -31363.2
1 129 121 -32379.6
1 130 122 -782.331
1 133 112 -58660.8
1 135 194 -1653.53
1 138 201 -15246.0
1 139 168 -16698.0
1 140 168 -16698.0
1 141 191 -58370.4
1 143 172 -16698.0
1 143 190 -28459.2
1 144 166 -20473.2
1 144 172 -16698.0
1 144 182 -93654.0
1 144 190 -28459.2
1 145 161 -38768.4
1 146 117 -62581.2
1 146 188 -10890.0
1 146 190 -10890.0
1 147 132 -20473.2
1 147 145 -782.331
1 148 167 -53724.0
1 148 176 -40712.3
1 148 196 -39494.4
1 149 145 -56047.2
1 149 146 -28023.6
1 150 124 -19166.4
1 150 141 -20618.4
1 150 198 -85958.4
1 151 142 -14955.6
1 151 195 -52998.0
1 152 123 -36735.6
1 152 125 -33887.9
1 152 132 -36791.9
1 153 142 -22941.6
1 153 192 -61564.8
1 154 125 -1161.6
1 154 171 -782.331
1 154 249 -37897.2
1 155 112 -44140.8
1 155 129 -22070.4
1 155 141 -46609.2
1 156 129 -191664.0
1 156 146 -39349.2
1 157 116 -290.4
1 157 135 -14051.9
1 157 140 -159575.0
1 157 251 -74052.0
1 158 133 -45649.1
1 158 181 -103382.0
1 159 119 -42543.6
1 159 173 -46318.8
1 161 125 -3920.4
1 161 129 -1306.8
1 161 131 -1016.4
1 161 188 -55176.0
1 162 119 -4356.0
1 162 121 -58951.2
1 162 128 -193987.0
1 162 132 -12196.8
1 162 169 -1742.4
1 163 137 -1887.6
1 163 138 -6735.53
1 163 171 -5227.2
1 165 130 -871.2
1 165 131 -1742.4
1 166 126 -5082.0
1 167 125 -19892.4
1 167 259 -12342.0
1 168 123 -31944.0
1 168 208 -51836.4
1 169 127 -145.2
1 169 163 -60258.0
1 170 131 -35864.4
1 170 132 -145.2
1 170 163 -96703.2
1 171 130 -13648.8
1 171 131 -1306.8
1 171 132 -14374.8
1 172 218 -108755.0
1 173 224 -28168.8
1 174 123 -10018.8
1 174 135 -3049.2
1 175 134 -65485.2
1 175 204 -13503.6
1 176 176 -23958.0
1 176 202 -10454.4
1 177 133 -70712.4
1 177 211 -27588.0
1 178 164 -1161.6
1 178 261 -62145.6
1 179 181 -152460.0
1 179 183 -27588.0
1 179 210 -17424.0
1 180 208 -18004.8
1 183 184 -97284.0
1 184 246 -12342.0
1 187 200 -69696.0
1 187 281 -5808.0
1 188 198 -59822.4
1 188 209 -38478.0
1 188 240 -43995.6
1 188 258 -75504.0
1 189 282 -15972.0
1 190 281 -68244.0
1 191 191 -47190.0
1 191 281 -75068.4
1 193 256 -14520.0
1 193 260 -43237.4
1 197 204 -18585.6
1 197 252 -7840.8
1 198 298 -782.331
1 199 211 -33831.6
1 199 231 -29040.0
1 199 298 -782.331
1 200 298 -843.431
1 201 234 -4356.0
1 203 275 -127486.0
1 203 280 -39349.2
1 204 248 -17739.4
1 205 300 -812.451
1 206 286 -8850.9
1 206 300 -1564.66
1 211 255 -91621.2
1 212 226 -12342.0
1 212 258 -267458.0
1 213 264 -435.6
1 213 300 -6824.4
1 214 240 -52998.0
1 216 238 -26281.2
1 216 267 -3339.6
1 217 264 -41091.6
1 217 365 -1161.6
1 218 179 -65485.2
1 219 310 -11616.0
1 221 223 -2323.2
1 221 246 -35428.8
1 221 284 -5617.99
1 222 369 -3775.2
1 223 271 -39204.0
1 224 301 -17714.4
1 224 374 -8466.45
1 226 311 -290.4
1 226 365 -2247.39
1 227 270 -145.2
1 228 225 -58806.0
1 230 361 -81457.2
1 231 401 -4847.93
1 232 364 -163.13
1 232 370 -6249.34
1 233 337 -782.331
1 233 376 -1997.64
1 233 394 -1564.66
1 234 304 -4733.51
1 234 393 -835.561
1 235 367 -10115.2
1 235 400 -1742.4
1 235 605 -54.32
1 235 609 -432.71
1 236 263 -75649.2
1 236 351 -39784.8
1 237 237 -37171.2
1 237 316 -17109.4
1 237 357 -6589.57
1 237 389 -782.331
1 238 221 -1597.2
1 238 398 -5.65
1 238 605 -4005.32
1 238 609 -1564.66
1 239 250 -16117.2
1 239 338 -37316.4
1 239 605 -3911.65
1 239 606 -2346.99
1 239 619 -5138.33
1 240 380 -782.331
1 240 426 -782.331
1 240 608 -3154.03
1 241 335 -42253.2
1 241 342 -54885.6
1 241 604 -782.331
1 242 311 -5694.32
1 243 371 -782.331
1 243 389 -1887.6
1 243 422 -145.2
1 243 431 -6.68
1 243 605 -3911.65
1 244 431 -5.79
1 244 605 -4693.99
1 244 621 -1699.34
1 245 238 -48642.0
1 245 337 -782.331
1 245 370 -2827.79
1 245 621 -782.331
1 246 321 -4173.32
1 246 618 -2346.99
1 247 344 -808.6410000000001
1 247 383 -11804.5
1 247 384 -2314090.0
1 248 251 -13996.4
1 248 424 -5227.2
1 248 436 -5227.2
1 248 444 -13651.4
1 248 589 -1887.6
1 249 373 -782.331
1 249 424 -782.331
1 249 430 -35706.1
1 249 436 -8183.89
1 249 443 -6825.68
1 249 606 -3911.65
1 250 239 -25990.8
1 250 326 -4047.44
1 250 424 -782.331
1 250 425 -669082.0
1 250 431 -35452.1
1 250 595 -2492.19
1 251 300 -79860.0
1 251 356 -87240.0
1 251 408 -684.47
1 251 456 -927.5310000000001
1 251 457 -36.63
1 251 594 -782.331
1 251 595 -799.051
1 251 596 -1564.66
1 252 230 -69260.4
1 252 285 -27733.2
1 252 329 -42474.8
1 252 450 -871.2
1 252 595 -782.331
1 252 606 -782.331
1 253 298 -19892.4
1 253 331 -10895.0
1 253 332 -15422.3
1 253 416 -580.8
1 253 420 -12590.4
1 253 445 -54403.1
1 254 338 -121532.0
1 254 367 -1161.6
1 254 407 -127527.0
1 254 597 -782.331
1 254 607 -13850.3
1 255 381 -22215.6
1 255 383 -27733.2
1 255 388 -54740.4
1 255 395 -3775.2
1 255 420 -13213.2
1 255 439 -34848.0
1 255 443 -104993.0
1 255 595 -782.331
1 255 596 -782.331
1 255 606 -13850.3
1 255 609 -1564.66
1 256 314 -36106.3
1 256 335 -39058.8
1 256 341 -1016.4
1 256 370 -5043.66
1 256 413 -2758.8
1 256 586 -64593.2
1 256 593 -3129.32
1 257 238 -3194.4
1 257 324 -7117.91
1 257 413 -2758.8
1 257 576 -5111.66
1 257 599 -35166.9
1 257 600 -116886.0
1 258 325 -7940.25
1 258 336 -1921.51
1 258 418 -394953.0
1 258 420 -27285.9
1 258 442 -632285.0
1 258 464 -5082.0
1 258 585 -4693.99
1 258 595 -1564.66
1 258 601 -59386.8
1 258 602 -13742.4
1 259 340 -118540.0
1 259 371 -5043.66
1 259 405 -20528.9
1 259 588 -30595.1
1 259 592 -790.0110000000001
1 259 593 -790.0110000000001
1 260 342 -43850.4
1 260 349 -1016.4
1 260 407 -3190330.0
1 260 413 -212531.0
1 260 424 -432.46
1 260 461 -3194.4
1 260 463 -32670.0
1 260 464 -43850.4
1 260 585 -8823.52
1 260 586 -17432.1
1 261 337 -6824.4
1 261 355 -75649.2
1 261 381 -337014.0
1 261 416 -21925.2
1 261 418 -782.331
1 261 429 -49051.9
1 261 464 -19021.2
1 261 492 -782.331
1 261 571 -28749.6
1 261 576 -13444.4
1 262 345 -56192.4
1 262 540 -300.81
1 262 564 -48771.2
1 262 568 -23522.4
1 262 570 -43124.4
1 262 571 -14374.8
1 263 471 -14520.0
1 263 477 -2323.2
1 263 520 -1564.66
1 263 582 -13506.2
1 264 265 -27733.2
1 264 344 -28168.8
1 264 345 -8276.4
1 264 355 -435.6
1 264 367 -782.331
1 264 383 -70931.0
1 264 407 -5953.2
1 264 468 -81.75
1 264 471 -14520.0
1 264 476 -145.2
1 264 477 -76084.8
1 264 523 -3072.99
1 264 524 -726.0
1 264 549 -5855.98
1 265 363 -5662.8
1 265 364 -26273.7
1 265 374 -38339.6
1 265 380 -15.61
1 265 422 -20169.8
1 265 557 -2323.2
1 266 337 -782.331
1 266 340 -10309.2
1 266 462 -145.2
1 267 391 -21344.4
1 267 463 -3339.6
1 267 555 -782.331
1 267 556 -782.331
1 268 333 -27588.0
1 268 334 -32670.0
1 268 436 -3799070.0
1 268 455 -15.24
1 268 479 -871.2
1 268 480 -726.0
1 268 489 -2146.86
1 269 363 -782.331
1 269 397 -52126.8
1 269 450 -3484.8
1 269 456 -18346.4
1 269 541 -1217.93
1 270 337 -2613.6
1 270 352 -11035.2
1 270 412 -38426.9
1 270 429 -1905.52
1 270 481 -927.5310000000001
1 270 483 -1587.64
1 270 484 -782.331
1 270 486 -20137.9
1 270 498 -63162.0
1 270 539 -290.4
1 271 319 -17109.4
1 271 371 -1742.4
1 271 415 -96035.6
1 271 485 -250.04
1 271 493 -147361.0
1 271 498 -13794.0
1 271 537 -53841.6
1 272 336 -20062.9
1 272 337 -25.28
1 272 351 -15826.8
1 272 366 -7260.0
1 272 368 -200004.0
1 272 388 -686382.0
1 272 396 -20182.8
1 272 450 -8712.0
1 272 451 -23958.0
1 272 453 -1597.2
1 272 462 -1837680.0
1 272 491 -18.81
1 272 497 -25501.8
1 272 498 -290.4
1 272 530 -175361.0
1 272 532 -241073.0
1 272 535 -35710.5
1 273 363 -435.6
1 273 392 -1038.14
1 273 410 -1452.0
1 273 480 -29330.4
1 273 510 -1217.93
1 273 516 -19814.6
1 273 517 -162970.0
1 273 518 -273.41
1 274 409 -1452.0
1 274 520 -44866.8
1 274 523 -3194.4
1 275 367 -148104.0
1 275 441 -271096.0
1 275 450 -11180.4
1 275 506 -3194.4
1 276 366 -77827.2
1 276 446 -6969.6
1 276 474 -29013.2
1 277 294 -61698.1
1 277 390 -14955.6
1 277 407 -1530460.0
1 277 431 -27569.4
1 277 468 -145.2
1 277 472 -26751.5
1 277 480 -87213.3
1 277 482 -2178.0
1 278 365 -18440.4
1 278 435 -1336.81
1 278 482 -2178.0
1 279 310 -28976.7
1 279 433 -187309.0
1 279 475 -119613.0
1 279 485 -26862.0
1 280 365 -29040.0
1 280 433 -25947.4
1 280 442 -11906.4
1 280 469 -48534.2
1 280 471 -40091.3
1 281 458 -2312400.0
1 282 409 -7986.0
1 282 424 -2613.6
1 282 430 -1016.4
1 282 436 -5489.82
1 282 454 -5044.22
1 282 457 -1777.95
1 283 335 -32234.4
1 283 354 -7405.2
1 283 429 -331927.0
1 283 449 -160262.0
1 283 452 -31646.7
1 283 455 -100189.0
1 283 468 -45802.8
1 284 339 -34042.3
1 284 457 -7695.6
1 284 463 -16175.4
1 284 481 -8601.05
1 285 336 -580.8
1 285 374 -3920.4
1 285 467 -235819.0
1 285 475 -74954.8
1 286 330 -62945.8
1 286 425 -180033.0
1 286 475 -29815.3
1 286 477 -64215.8
1 287 388 -4305.92
1 287 426 -782.331
1 287 477 -32618.1
1 288 419 -14229.6
1 288 423 -939.06
1 288 426 -782.331
1 289 351 -33831.6
1 289 404 -205797.0
1 289 459 -49.02
1 289 468 -14032.0
1 290 382 -115852.0
1 290 402 -6058.86
1 290 411 -1742.4
1 290 412 -26571.6
1 290 413 -1306.8
1 291 350 -4210.8
1 291 373 -1597.2
1 291 399 -162877.0
1 292 361 -39639.6
1 292 365 -23667.6
1 292 416 -1742.4
1 292 469 -16754.7
1 293 440 -290.4
1 294 435 -16262.4
1 294 447 -41347.4
1 294 458 -62286.3
1 295 356 -1857.64
1 295 391 -25410.0
1 295 430 -440790.0
1 296 388 -624.23
1 296 398 -7873.8
1 296 406 -8754.75
1 296 433 -9438.0
1 297 381 -15100.8
1 297 395 -3618.29
1 297 401 -10895.0
1 297 402 -2143.35
1 297 413 -1098480.0
1 297 442 -68261.8
1 299 354 -3630.0
1 299 355 -730.55
1 299 387 -83.59
1 102 110 -782.331
1 102 113 -782.331
1 103 100 -782.331
1 103 104 -782.331
1 104 115 -782.331
1 105 115 -782.331
1 105 139 -782.331
1 108 117 -782.331
1 109 112 -782.331
1 111 155 -782.331
1 111 208 -782.331
1 112 181 -782.331
1 113 111 -782.331
1 113 159 -782.331
1 113 211 -782.331
1 114 173 -782.331
1 114 212 -1564.66
1 115 212 -1564.66
1 116 121 -782.331
1 116 150 -782.331
1 116 166 -782.331
1 117 119 -782.331
1 117 168 -782.331
1 117 210 -782.331
1 119 194 -782.331
1 119 202 -782.331
1 119 96 -782.331
1 120 155 -782.331
1 120 94 -782.331
1 121 187 -782.331
1 123 110 -782.331
1 123 111 -782.331
1 123 158 -782.331
1 123 168 -782.331
1 123 193 -782.331
1 123 202 -1564.66
1 125 150 -782.331
1 125 151 -782.331
1 125 193 -782.331
1 125 194 -782.331
1 126 121 -782.331
1 126 191 -782.331
1 126 195 -782.331
1 127 150 -782.331
1 127 160 -782.331
1 127 169 -782.331
1 127 195 -782.331
1 127 199 -1564.66
1 128 122 -782.331
1 128 148 -782.331
1 128 149 -782.331
1 128 152 -782.331
1 128 153 -782.331
1 128 154 -782.331
1 128 157 -782.331
1 128 199 -782.331
1 129 117 -782.331
1 129 119 -782.331
1 129 122 -782.331
1 129 146 -782.331
1 129 154 -1564.66
1 129 162 -782.331
1 129 176 -782.331
1 130 120 -782.331
1 130 154 -782.331
1 130 155 -782.331
1 130 156 -2346.99
1 130 194 -782.331
1 131 112 -782.331
1 131 121 -782.331
1 131 122 -782.331
1 131 150 -782.331
1 131 156 -782.331
1 131 157 -782.331
1 131 158 -782.331
1 131 161 -1564.66
1 131 198 -782.331
1 132 112 -782.331
1 132 155 -782.331
1 132 156 -782.331
1 132 160 -782.331
1 132 161 -1564.66
1 133 155 -782.331
1 133 159 -782.331
1 133 160 -1564.66
1 133 192 -1564.66
1 133 193 -782.331
1 134 148 -782.331
1 134 150 -782.331
1 134 151 -782.331
1 134 156 -782.331
1 134 191 -782.331
1 134 193 -3129.32
1 135 148 -3911.65
1 135 149 -1564.66
1 135 156 -782.331
1 135 157 -782.331
1 135 193 -2346.99
1 136 147 -782.331
1 136 148 -782.331
1 136 149 -782.331
1 136 150 -1564.66
1 136 153 -782.331
1 136 155 -782.331
1 137 148 -782.331
1 137 150 -782.331
1 137 153 -1564.66
1 137 154 -782.331
1 137 157 -2346.99
1 137 175 -782.331
1 137 206 -782.331
1 138 151 -782.331
1 138 152 -782.331
1 138 153 -2346.99
1 138 168 -782.331
1 138 169 -782.331
1 139 151 -782.331
1 140 138 -782.331
1 140 155 -3129.32
1 140 156 -782.331
1 140 171 -782.331
1 140 180 -782.331
1 141 149 -782.331
1 141 154 -1564.66
1 141 157 -782.331
1 141 171 -782.331
1 141 199 -1564.66
1 142 155 -782.331
1 142 156 -782.331
1 142 157 -782.331
1 142 158 -782.331
1 142 174 -782.331
1 142 179 -782.331
1 142 201 -782.331
1 143 146 -782.331
1 143 157 -2346.99
1 144 142 -1564.66
1 144 173 -782.331
1 145 142 -782.331
1 145 143 -782.331
1 145 151 -782.331
1 145 187 -782.331
1 145 226 -782.331
1 146 140 -782.331
1 146 141 -1564.66
1 146 145 -782.331
1 146 208 -782.331
1 146 229 -782.331
1 146 230 -782.331
1 146 232 -782.331
1 147 139 -2346.99
1 147 140 -782.331
1 147 141 -782.331
1 147 142 -782.331
1 147 229 -782.331
1 147 230 -782.331
1 147 233 -782.331
1 147 239 -782.331
1 147 240 -782.331
1 148 217 -782.331
1 148 221 -782.331
1 149 127 -782.331
1 149 147 -782.331
1 149 154 -782.331
1 149 222 -782.331
1 149 253 -782.331
1 150 160 -782.331
1 150 164 -782.331
1 150 177 -782.331
1 150 227 -782.331
1 150 236 -782.331
1 151 128 -782.331
1 151 228 -782.331
1 152 153 -782.331
1 152 173 -782.331
1 152 176 -782.331
1 152 222 -782.331
1 152 228 -782.331
1 153 126 -782.331
1 153 136 -782.331
1 153 155 -782.331
1 153 232 -782.331
1 153 238 -782.331
1 153 253 -782.331
1 154 126 -782.331
1 154 133 -782.331
1 154 161 -782.331
1 154 172 -782.331
1 154 220 -782.331
1 154 244 -782.331
1 155 170 -1564.66
1 155 216 -782.331
1 155 262 -782.331
1 156 160 -782.331
1 156 211 -782.331
1 156 223 -782.331
1 157 132 -782.331
1 157 133 -782.331
1 157 134 -2346.99
1 157 136 -782.331
1 157 194 -782.331
1 157 207 -782.331
1 157 240 -782.331
1 158 135 -782.331
1 158 248 -782.331
1 159 152 -782.331
1 159 231 -782.331
1 159 240 -782.331
1 159 247 -782.331
1 159 248 -782.331
1 159 250 -782.331
1 159 251 -782.331
1 159 257 -782.331
1 160 133 -782.331
1 160 249 -1564.66
1 160 251 -1564.66
1 160 252 -782.331
1 160 253 -782.331
1 160 262 -782.331
1 161 144 -1564.66
1 161 251 -782.331
1 161 253 -782.331
1 162 137 -1564.66
1 162 252 -1564.66
1 162 253 -782.331
1 163 152 -782.331
1 163 190 -782.331
1 163 236 -782.331
1 164 278 -782.331
1 164 290 -782.331
1 164 299 -782.331
1 165 133 -1564.66
1 165 134 -1564.66
1 165 135 -782.331
1 165 290 -782.331
1 166 131 -782.331
1 166 132 -782.331
1 166 133 -1564.66
1 166 134 -782.331
1 166 135 -782.331
1 166 210 -782.331
1 166 254 -782.331
1 166 255 -782.331
1 167 127 -782.331
1 167 132 -1564.66
1 167 133 -1564.66
1 167 134 -2346.99
1 167 256 -782.331
1 167 288 -782.331
1 167 294 -782.331
1 168 130 -782.331
1 168 131 -782.331
1 168 132 -3129.32
1 168 133 -3129.32
1 168 286 -782.331
1 168 287 -1564.66
1 168 291 -1564.66
1 169 128 -1564.66
1 169 129 -3129.32
1 169 131 -782.331
1 169 132 -3911.65
1 169 133 -2346.99
1 169 134 -7040.98
1 169 135 -782.331
1 169 236 -782.331
1 169 260 -782.331
1 169 271 -782.331
1 169 287 -782.331
1 169 290 -782.331
1 170 133 -2346.99
1 170 134 -9387.97
1 170 136 -782.331
1 170 187 -782.331
1 170 256 -782.331
1 170 287 -782.331
1 170 292 -782.331
1 171 133 -1564.66
1 171 134 -782.331
1 171 136 -3911.65
1 171 290 -782.331
1 172 257 -782.331
1 172 284 -782.331
1 172 295 -1564.66
1 172 311 -782.331
1 173 258 -782.331
1 173 278 -782.331
1 173 290 -782.331
1 173 292 -782.331
1 173 293 -1564.66
1 173 294 -782.331
1 174 124 -782.331
1 174 253 -782.331
1 174 261 -782.331
1 174 270 -782.331
1 174 283 -782.331
1 174 289 -782.331
1 174 293 -782.331
1 175 260 -782.331
1 175 288 -782.331
1 175 292 -1564.66
1 175 293 -782.331
1 175 296 -782.331
1 175 305 -782.331
1 176 274 -782.331
1 176 305 -782.331
1 177 289 -782.331
1 177 290 -782.331
1 178 243 -782.331
1 178 280 -782.331
1 178 285 -782.331
1 178 302 -782.331
1 178 305 -782.331
1 178 306 -782.331
1 178 311 -782.331
1 179 278 -782.331
1 179 285 -782.331
1 180 149 -782.331
1 180 286 -782.331
1 181 297 -782.331
1 181 307 -782.331
1 181 308 -782.331
1 183 242 -782.331
1 183 285 -782.331
1 183 295 -782.331
1 183 308 -782.331
1 183 309 -782.331
1 183 318 -782.331
1 184 263 -782.331
1 184 285 -782.331
1 184 313 -782.331
1 184 319 -782.331
1 185 257 -782.331
1 185 305 -782.331
1 185 306 -782.331
1 185 307 -782.331
1 185 315 -782.331
1 186 255 -782.331
1 186 265 -782.331
1 186 307 -1564.66
1 186 310 -782.331
1 188 262 -782.331
1 188 294 -782.331
1 188 295 -782.331
1 189 295 -782.331
1 189 309 -782.331
1 190 307 -782.331
1 190 308 -782.331
1 190 324 -782.331
1 191 292 -1564.66
1 191 304 -782.331
1 191 305 -782.331
1 192 258 -782.331
1 192 284 -782.331
1 192 304 -782.331
1 192 316 -782.331
1 192 319 -782.331
1 193 262 -782.331
1 193 301 -782.331
1 193 311 -782.331
1 193 313 -1564.66
1 194 284 -782.331
1 194 313 -782.331
1 195 269 -782.331
1 195 287 -782.331
1 195 289 -782.331
1 195 300 -782.331
1 195 311 -782.331
1 195 313 -782.331
1 196 269 -782.331
1 196 275 -782.331
1 196 303 -782.331
1 196 324 -782.331
1 196 333 -782.331
1 197 264 -782.331
1 197 283 -782.331
1 197 300 -782.331
1 197 322 -782.331
1 197 325 -782.331
1 198 242 -782.331
1 198 276 -1564.66
1 198 309 -782.331
1 198 311 -782.331
1 199 283 -782.331
1 199 311 -782.331
1 199 324 -782.331
1 200 280 -782.331
1 200 286 -782.331
1 200 296 -782.331
1 200 299 -782.331
1 200 306 -782.331
1 200 307 -782.331
1 200 312 -782.331
1 200 343 -782.331
1 200 345 -782.331
1 201 257 -782.331
1 202 280 -782.331
1 202 287 -782.331
1 202 297 -782.331
1 202 301 -782.331
1 202 302 -782.331
1 203 215 -782.331
1 203 304 -782.331
1 203 305 -782.331
1 203 309 -782.331
1 203 315 -782.331
1 205 263 -782.331
1 205 303 -782.331
1 205 304 -782.331
1 205 317 -782.331
1 205 318 -782.331
1 205 319 -782.331
1 206 264 -782.331
1 206 270 -782.331
1 206 301 -782.331
1 206 304 -782.331
1 206 315 -782.331
1 206 317 -1564.66
1 207 262 -782.331
1 207 300 -782.331
1 207 301 -1564.66
1 207 303 -782.331
1 207 304 -782.331
1 207 306 -1564.66
1 207 315 -782.331
1 207 317 -782.331
1 208 298 -1564.66
1 208 299 -1564.66
1 208 306 -782.331
1 208 317 -782.331
1 208 328 -782.331
1 209 284 -782.331
1 209 297 -782.331
1 209 302 -782.331
1 210 284 -782.331
1 210 301 -782.331
1 210 302 -782.331
1 210 342 -782.331
1 211 301 -782.331
1 211 321 -782.331
1 212 295 -782.331
1 212 347 -782.331
1 213 226 -782.331
1 213 287 -782.331
1 213 303 -782.331
1 213 329 -782.331
1 214 319 -782.331
1 215 289 -782.331
1 215 311 -782.331
1 215 353 -782.331
1 216 323 -782.331
1 216 341 -782.331
1 217 244 -782.331
1 217 249 -782.331
1 217 351 -782.331
1 218 209 -782.331
1 218 243 -782.331
1 218 292 -782.331
1 218 345 -1564.66
1 221 240 -782.331
1 221 611 -782.331
1 222 254 -782.331
1 222 362 -782.331
1 224 338 -782.331
1 224 359 -782.331
1 225 323 -782.331
1 225 329 -782.331
1 225 332 -782.331
1 225 368 -782.331
1 225 373 -782.331
1 225 378 -782.331
1 225 382 -1564.66
1 226 323 -782.331
1 226 388 -1564.66
1 226 618 -782.331
1 227 315 -782.331
1 228 606 -782.331
1 229 385 -1564.66
1 229 392 -782.331
1 229 393 -782.331
1 229 397 -3129.32
1 229 618 -3911.65
1 230 338 -782.331
1 230 373 -1564.66
1 230 384 -782.331
1 230 392 -1564.66
1 230 393 -3129.32
1 230 396 -782.331
1 230 605 -782.331
1 231 343 -782.331
1 231 383 -782.331
1 231 392 -3911.65
1 231 393 -8605.64
1 231 398 -782.331
1 231 603 -782.331
1 231 607 -1564.66
1 232 259 -782.331
1 232 300 -782.331
1 232 384 -782.331
1 232 389 -782.331
1 232 393 -4693.99
1 232 394 -3129.32
1 232 405 -782.331
1 232 604 -1564.66
1 232 606 -1564.66
1 232 607 -2346.99
1 232 608 -782.331
1 233 373 -782.331
1 233 393 -782.331
1 233 403 -782.331
1 233 406 -3129.32
1 233 601 -1564.66
1 233 602 -782.331
1 234 374 -782.331
1 234 388 -782.331
1 234 389 -782.331
1 234 406 -2346.99
1 234 407 -1564.66
1 234 601 -782.331
1 234 602 -1564.66
1 234 603 -2346.99
1 234 604 -782.331
1 234 605 -1564.66
1 234 606 -782.331
1 234 609 -782.331
1 234 620 -782.331
1 234 621 -782.331
1 235 342 -782.331
1 235 368 -782.331
1 235 389 -782.331
1 235 392 -782.331
1 235 404 -782.331
1 235 406 -782.331
1 235 599 -782.331
1 235 600 -1564.66
1 235 602 -2346.99
1 235 603 -782.331
1 235 606 -782.331
1 235 608 -782.331
1 236 256 -782.331
1 236 359 -782.331
1 236 377 -1564.66
1 236 378 -782.331
1 236 389 -1564.66
1 236 600 -782.331
1 236 601 -782.331
1 236 602 -1564.66
1 236 605 -782.331
1 236 606 -782.331
1 236 607 -782.331
1 236 620 -782.331
1 237 330 -782.331
1 237 377 -782.331
1 237 384 -782.331
1 237 388 -782.331
1 237 605 -1564.66
1 237 606 -2346.99
1 237 607 -1564.66
1 237 608 -3911.65
1 237 609 -2346.99
1 237 620 -782.331
1 238 346 -782.331
1 238 391 -782.331
1 238 410 -782.331
1 238 602 -782.331
1 238 603 -782.331
1 238 606 -3911.65
1 238 607 -4693.99
1 238 608 -3129.32
1 238 610 -782.331
1 239 297 -782.331
1 239 323 -782.331
1 239 404 -782.331
1 239 601 -782.331
1 239 603 -782.331
1 239 607 -1564.66
1 239 608 -3129.32
1 239 609 -2346.99
1 239 610 -1564.66
1 239 615 -1564.66
1 240 267 -782.331
1 240 319 -782.331
1 240 327 -782.331
1 240 352 -782.331
1 240 374 -1564.66
1 240 392 -1564.66
1 240 396 -782.331
1 240 406 -782.331
1 240 603 -782.331
1 240 605 -2346.99
1 240 606 -3129.32
1 240 607 -1564.66
1 240 620 -1564.66
1 240 621 -782.331
1 241 339 -782.331
1 241 352 -782.331
1 241 370 -1564.66
1 241 375 -782.331
1 241 409 -782.331
1 241 577 -782.331
1 241 603 -1564.66
1 241 605 -2346.99
1 241 606 -1564.66
1 241 607 -1564.66
1 241 608 -1564.66
1 241 609 -3911.65
1 241 610 -782.331
1 241 611 -782.331
1 241 620 -782.331
1 241 621 -782.331
1 242 314 -782.331
1 242 318 -782.331
1 242 336 -782.331
1 242 338 -782.331
1 242 339 -782.331
1 242 373 -2346.99
1 242 374 -4693.99
1 242 406 -1564.66
1 242 603 -1564.66
1 242 604 -5476.32
1 242 605 -7040.98
1 242 606 -2346.99
1 242 607 -3911.65
1 242 608 -3911.65
1 242 609 -2346.99
1 242 610 -2346.99
1 242 616 -782.331
1 242 622 -782.331
1 242 623 -2346.99
1 243 366 -782.331
1 243 369 -782.331
1 243 372 -1564.66
1 243 373 -6258.65
1 243 374 -2346.99
1 243 386 -782.331
1 243 391 -782.331
1 243 405 -782.331
1 243 406 -782.331
1 243 407 -1564.66
1 243 409 -782.331
1 243 577 -782.331
1 243 606 -5476.32
1 243 607 -3911.65
1 243 608 -1564.66
1 243 609 -4693.99
1 243 620 -782.331
1 243 622 -1564.66
1 243 623 -6258.65
1 244 371 -782.331
1 244 372 -1564.66
1 244 373 -2346.99
1 244 415 -782.331
1 244 598 -782.331
1 244 606 -3129.32
1 244 607 -782.331
1 244 611 -782.331
1 244 616 -782.331
1 244 622 -782.331
1 244 623 -3129.32
1 244 624 -782.331
1 245 312 -782.331
1 245 315 -782.331
1 245 326 -782.331
1 245 335 -782.331
1 245 338 -782.331
1 245 356 -1564.66
1 245 371 -782.331
1 245 413 -782.331
1 245 586 -782.331
1 245 604 -782.331
1 245 605 -2346.99
1 245 606 -3911.65
1 245 607 -3129.32
1 245 609 -3911.65
1 245 610 -1564.66
1 245 612 -1564.66
1 245 616 -1564.66
1 245 619 -782.331
1 245 620 -1564.66
1 245 622 -782.331
1 246 214 -782.331
1 246 342 -782.331
1 246 356 -782.331
1 246 357 -782.331
1 246 374 -782.331
1 246 413 -782.331
1 246 590 -782.331
1 246 599 -782.331
1 246 600 -4693.99
1 246 605 -3129.32
1 246 606 -5476.32
1 246 607 -3129.32
1 246 610 -782.331
1 246 612 -1564.66
1 246 614 -782.331
1 246 615 -782.331
1 246 623 -782.331
1 247 314 -782.331
1 247 331 -782.331
1 247 367 -1564.66
1 247 368 -3911.65
1 247 387 -1564.66
1 247 413 -782.331
1 247 578 -782.331
1 247 597 -782.331
1 247 598 -5476.32
1 247 599 -4693.99
1 247 600 -7823.31
1 247 601 -7823.31
1 247 605 -1564.66
1 247 609 -1564.66
1 247 610 -1564.66
1 247 611 -3129.32
1 247 612 -3129.32
1 247 613 -1564.66
1 247 618 -1564.66
1 247 619 -782.331
1 247 623 -782.331
1 248 307 -782.331
1 248 367 -782.331
1 248 368 -3129.32
1 248 371 -1564.66
1 248 372 -3911.65
1 248 387 -1564.66
1 248 388 -4693.99
1 248 413 -782.331
1 248 416 -782.331
1 248 529 -782.331
1 248 567 -782.331
1 248 596 -5476.32
1 248 597 -3911.65
1 248 598 -7823.31
1 248 599 -4693.99
1 248 600 -3129.32
1 248 601 -4693.99
1 248 602 -2346.99
1 248 605 -782.331
1 248 608 -782.331
1 248 609 -1564.66
1 248 610 -2346.99
1 248 611 -4693.99
1 248 612 -4693.99
1 248 613 -5476.32
1 248 618 -782.331
1 248 619 -782.331
1 248 620 -782.331
1 248 623 -1564.66
1 249 333 -782.331
1 249 334 -782.331
1 249 365 -1564.66
1 249 366 -2346.99
1 249 367 -782.331
1 249 368 -2346.99
1 249 371 -782.331
1 249 387 -782.331
1 249 388 -782.331
1 249 400 -782.331
1 249 412 -782.331
1 249 567 -782.331
1 249 593 -1564.66
1 249 595 -4693.99
1 249 596 -5476.32
1 249 597 -8605.64
1 249 603 -2346.99
1 249 604 -6258.65
1 249 605 -3911.65
1 249 607 -3129.32
1 249 609 -782.331
1 249 610 -1564.66
1 249 611 -3911.65
1 249 612 -7040.98
1 249 613 -1564.66
1 249 618 -782.331
1 249 623 -782.331
1 250 331 -782.331
1 250 355 -782.331
1 250 365 -1564.66
1 250 366 -3911.65
1 250 367 -2346.99
1 250 368 -782.331
1 250 369 -1564.66
1 250 370 -1564.66
1 250 371 -4693.99
1 250 382 -782.331
1 250 406 -782.331
1 250 413 -782.331
1 250 414 -782.331
1 250 423 -782.331
1 250 436 -782.331
1 250 568 -782.331
1 250 579 -782.331
1 250 591 -782.331
1 250 594 -782.331
1 250 596 -6258.65
1 250 597 -1564.66
1 250 602 -782.331
1 250 603 -5476.32
1 250 604 -4693.99
1 250 605 -3129.32
1 250 607 -782.331
1 250 608 -2346.99
1 250 609 -782.331
1 250 610 -782.331
1 250 613 -782.331
1 251 276 -782.331
1 251 322 -782.331
1 251 365 -2346.99
1 251 366 -7040.98
1 251 367 -1564.66
1 251 368 -1564.66
1 251 371 -782.331
1 251 379 -782.331
1 251 407 -782.331
1 251 414 -782.331
1 251 424 -782.331
1 251 598 -782.331
1 251 604 -782.331
1 251 605 -782.331
1 251 607 -782.331
1 251 610 -782.331
1 252 236 -782.331
1 252 365 -2346.99
1 252 366 -5476.32
1 252 367 -5476.32
1 252 368 -1564.66
1 252 376 -782.331
1 252 412 -782.331
1 252 416 -782.331
1 252 428 -782.331
1 252 506 -782.331
1 252 507 -782.331
1 252 528 -782.331
1 252 534 -782.331
1 252 544 -782.331
1 252 576 -782.331
1 252 591 -1564.66
1 252 596 -1564.66
1 252 597 -1564.66
1 252 598 -782.331
1 252 599 -1564.66
1 252 608 -1564.66
1 252 609 -782.331
1 252 611 -782.331
1 252 620 -782.331
1 253 259 -782.331
1 253 342 -782.331
1 253 363 -782.331
1 253 365 -1564.66
1 253 366 -4693.99
1 253 367 -3129.32
1 253 370 -782.331
1 253 375 -1564.66
1 253 404 -782.331
1 253 433 -1564.66
1 253 506 -782.331
1 253 543 -782.331
1 253 546 -782.331
1 253 547 -782.331
1 253 566 -782.331
1 253 586 -1564.66
1 253 596 -782.331
1 253 597 -3129.32
1 253 601 -782.331
1 253 604 -782.331
1 253 605 -782.331
1 253 614 -2346.99
1 254 366 -1564.66
1 254 478 -782.331
1 254 581 -782.331
1 254 584 -782.331
1 254 585 -4693.99
1 254 586 -3911.65
1 254 587 -2346.99
1 254 588 -2346.99
1 254 589 -3129.32
1 254 598 -782.331
1 254 599 -782.331
1 254 601 -1564.66
1 254 604 -1564.66
1 254 605 -782.331
1 254 606 -782.331
1 254 611 -782.331
1 255 341 -782.331
1 255 346 -782.331
1 255 371 -782.331
1 255 402 -782.331
1 255 442 -782.331
1 255 445 -782.331
1 255 461 -782.331
1 255 479 -782.331
1 255 512 -782.331
1 255 513 -782.331
1 255 526 -782.331
1 255 547 -782.331
1 255 548 -782.331
1 255 565 -782.331
1 255 583 -2346.99
1 255 584 -3129.32
1 255 585 -3129.32
1 255 586 -3129.32
1 255 587 -1564.66
1 255 588 -782.331
1 255 591 -782.331
1 255 594 -782.331
1 255 597 -782.331
1 255 600 -1564.66
1 255 607 -782.331
1 256 346 -782.331
1 256 350 -782.331
1 256 367 -782.331
1 256 373 -782.331
1 256 374 -782.331
1 256 491 -782.331
1 256 526 -782.331
1 256 531 -2346.99
1 256 532 -782.331
1 256 547 -782.331
1 256 548 -1564.66
1 256 549 -782.331
1 256 575 -782.331
1 256 578 -1564.66
1 256 580 -782.331
1 256 584 -2346.99
1 256 585 -1564.66
1 256 592 -1564.66
1 256 594 -5476.32
1 256 595 -3129.32
1 256 607 -3129.32
1 256 608 -1564.66
1 256 609 -782.331
1 257 330 -782.331
1 257 461 -782.331
1 257 497 -782.331
1 257 503 -782.331
1 257 506 -782.331
1 257 512 -782.331
1 257 527 -2346.99
1 257 529 -782.331
1 257 532 -782.331
1 257 549 -782.331
1 257 574 -782.331
1 257 575 -2346.99
1 257 584 -2346.99
1 257 585 -2346.99
1 257 593 -1564.66
1 257 594 -6258.65
1 257 595 -3129.32
1 257 597 -1564.66
1 257 606 -5476.32
1 257 607 -782.331
1 258 307 -782.331
1 258 330 -782.331
1 258 366 -782.331
1 258 485 -1564.66
1 258 489 -1564.66
1 258 491 -782.331
1 258 493 -782.331
1 258 494 -782.331
1 258 496 -782.331
1 258 497 -782.331
1 258 498 -2346.99
1 258 499 -1564.66
1 258 502 -782.331
1 258 503 -782.331
1 258 529 -1564.66
1 258 531 -782.331
1 258 532 -782.331
1 258 533 -1564.66
1 258 535 -782.331
1 258 546 -782.331
1 258 550 -782.331
1 258 556 -1564.66
1 258 564 -782.331
1 258 576 -782.331
1 258 583 -782.331
1 258 584 -2346.99
1 258 586 -2346.99
1 258 594 -2346.99
1 258 606 -3911.65
1 258 607 -782.331
1 259 346 -782.331
1 259 369 -1564.66
1 259 402 -782.331
1 259 444 -782.331
1 259 456 -782.331
1 259 485 -782.331
1 259 486 -782.331
1 259 488 -782.331
1 259 489 -782.331
1 259 490 -1564.66
1 259 509 -1564.66
1 259 510 -782.331
1 259 522 -782.331
1 259 528 -782.331
1 259 529 -782.331
1 259 531 -782.331
1 259 532 -782.331
1 259 545 -782.331
1 259 549 -782.331
1 259 554 -1564.66
1 259 555 -1564.66
1 259 556 -2346.99
1 259 557 -2346.99
1 259 575 -3129.32
1 259 576 -782.331
1 259 579 -782.331
1 259 584 -782.331
1 259 585 -3129.32
1 259 586 -1564.66
1 260 369 -1564.66
1 260 404 -1564.66
1 260 443 -782.331
1 260 454 -782.331
1 260 485 -782.331
1 260 486 -1564.66
1 260 487 -782.331
1 260 492 -782.331
1 260 499 -782.331
1 260 502 -1564.66
1 260 517 -782.331
1 260 527 -782.331
1 260 545 -2346.99
1 260 548 -782.331
1 260 554 -782.331
1 260 556 -782.331
1 260 567 -782.331
1 260 576 -782.331
1 260 577 -782.331
1 261 397 -782.331
1 261 404 -782.331
1 261 444 -782.331
1 261 483 -782.331
1 261 487 -782.331
1 261 501 -782.331
1 261 502 -782.331
1 261 545 -782.331
1 261 551 -782.331
1 261 552 -782.331
1 261 565 -782.331
1 262 254 -782.331
1 262 353 -1564.66
1 262 369 -782.331
1 262 425 -782.331
1 262 443 -782.331
1 262 458 -782.331
1 262 483 -1564.66
1 262 493 -782.331
1 262 501 -782.331
1 262 502 -782.331
1 262 523 -782.331
1 262 524 -782.331
1 262 535 -782.331
1 262 536 -782.331
1 262 537 -782.331
1 262 542 -782.331
1 262 546 -782.331
1 262 584 -782.331
1 262 587 -782.331
1 263 355 -782.331
1 263 415 -782.331
1 263 484 -782.331
1 263 493 -782.331
1 263 509 -782.331
1 263 522 -782.331
1 263 523 -1564.66
1 263 524 -1564.66
1 263 541 -1564.66
1 263 542 -782.331
1 263 543 -782.331
1 263 546 -1564.66
1 263 576 -782.331
1 263 579 -782.331
1 263 581 -3129.32
1 264 369 -782.331
1 264 379 -782.331
1 264 481 -782.331
1 264 482 -782.331
1 264 493 -782.331
1 264 503 -782.331
1 264 504 -782.331
1 264 516 -782.331
1 264 521 -2346.99
1 264 527 -782.331
1 264 543 -3129.32
1 264 568 -782.331
1 264 575 -782.331
1 264 576 -1564.66
1 265 336 -782.331
1 265 367 -1564.66
1 265 457 -782.331
1 265 459 -782.331
1 265 511 -782.331
1 265 516 -782.331
1 265 520 -782.331
1 265 524 -782.331
1 265 568 -1564.66
1 266 314 -782.331
1 266 413 -782.331
1 266 456 -782.331
1 266 478 -782.331
1 266 481 -782.331
1 266 483 -782.331
1 266 484 -782.331
1 266 485 -782.331
1 266 492 -782.331
1 266 498 -782.331
1 266 505 -782.331
1 266 518 -782.331
1 266 523 -782.331
1 266 543 -782.331
1 266 545 -782.331
1 266 549 -782.331
1 266 555 -782.331
1 267 337 -782.331
1 267 365 -782.331
1 267 381 -782.331
1 267 459 -782.331
1 267 460 -1564.66
1 267 505 -782.331
1 267 507 -782.331
1 267 543 -782.331
1 267 544 -1564.66
1 267 549 -782.331
1 267 553 -2346.99
1 267 562 -782.331
1 268 507 -1564.66
1 268 540 -782.331
1 268 541 -782.331
1 268 542 -1564.66
1 268 543 -3129.32
1 268 544 -1564.66
1 268 549 -782.331
1 268 551 -782.331
1 268 552 -782.331
1 268 553 -782.331
1 269 362 -782.331
1 269 505 -1564.66
1 269 507 -782.331
1 269 528 -782.331
1 269 543 -782.331
1 269 547 -1564.66
1 270 474 -782.331
1 270 475 -1564.66
1 270 479 -782.331
1 270 491 -782.331
1 270 504 -782.331
1 270 507 -782.331
1 270 526 -782.331
1 271 375 -782.331
1 271 388 -782.331
1 271 479 -782.331
1 271 481 -782.331
1 271 487 -782.331
1 271 491 -782.331
1 271 526 -782.331
1 272 469 -782.331
1 272 493 -782.331
1 272 495 -1564.66
1 272 496 -782.331
1 272 502 -782.331
1 272 526 -2346.99
1 273 441 -782.331
1 273 462 -782.331
1 273 526 -782.331
1 275 463 -782.331
1 275 480 -782.331
1 275 502 -782.331
1 275 504 -782.331
1 276 502 -782.331
1 277 393 -782.331
1 279 459 -782.331
1 280 563 -782.331
1 282 434 -782.331
1 282 435 -782.331
1 283 461 -782.331
1 283 482 -782.331
1 283 483 -782.331
1 285 437 -782.331
1 285 482 -782.331
1 285 483 -782.331
1 286 377 -782.331
1 286 464 -782.331
1 288 469 -782.331
1 289 362 -782.331
1 289 443 -782.331
1 292 358 -782.331
1 293 390 -2346.99
1 293 391 -782.331
1 296 390 -782.331
1 301 359 -782.331
1 301 378 -782.331
1 85 106 -782.331
1 92 112 -1564.66
1 93 117 -782.331
1 97 89 -782.331
1 98 101 -782.331
1 99 126 -782.331
1 99 136 -782.331
1 147 119 -19747.2
1 148 187 -69550.8
1 150 114 -21344.4
1 153 113 -56773.2
1 156 158 -61855.2
1 157 160 -50965.2
1 167 186 -42979.2
1 170 169 -72600.0
1 197 280 -83925.6
1 199 225 -63597.6
1 234 285 -48932.4
1 244 234 -107738.0
1 259 541 -290.4
1 265 469 -290.4
1 267 479 -3630.0
1 271 361 -4184.51
1 272 454 -44.99
1 285 433 -3339.6
1 291 453 -40.1
1 299 360 -31944.0
1 109 116 -17133.6
1 131 118 -5517.6
1 132 183 -34848.0
1 140 173 -73326.0
1 141 124 -42543.6
1 142 121 -65194.8
1 155 192 -59677.2
1 157 117 -18585.6
1 157 190 -290.4
1 158 205 -86394.0
1 164 258 -71438.4
1 169 164 -122549.0
1 172 162 -28604.4
1 172 163 -28604.4
1 172 164 -28604.4
1 173 196 -1016.4
1 175 213 -73616.4
1 195 280 -77101.2
1 202 295 -29911.2
1 203 296 -134165.0
1 218 173 -161898.0
1 226 358 -6637.44
1 247 335 -65340.0
1 256 333 -16698.0
1 262 350 -65340.0
1 265 349 -35719.2
1 267 346 -73035.6
1 269 347 -119064.0
1 271 470 -2323.2
1 274 431 -3049450.0
1 280 367 -53143.2
1 285 357 -49368.0
1 289 374 -3339.6
1 293 378 -39058.8
1 299 335 -227964.0
1 143 152 -69550.8
1 144 130 -16843.2
1 148 113 -227674.0
1 149 118 -151008.0
1 151 143 -28459.2
1 152 177 -47916.0
1 153 212 -81602.4
1 154 128 -1306.8
1 159 188 -13503.6
1 161 161 -47625.6
1 162 171 -95541.6
1 167 163 -74052.0
1 170 217 -79860.0
1 174 182 -16552.8
1 175 178 -7986.0
1 176 128 -11035.2
1 188 287 -5082.0
1 189 206 -75504.0
1 201 279 -124001.0
1 221 294 -80731.2
1 221 361 -3339.6
1 222 252 -30782.4
1 222 266 -80440.8
1 224 273 -97284.0
1 225 248 -16262.4
1 226 361 -66066.0
1 234 319 -84651.6
1 235 317 -84651.6
1 237 292 -110070.0
1 238 244 -42253.2
1 248 238 -122839.0
1 248 331 -32379.6
1 256 342 -24393.6
1 266 345 -66646.8
1 271 268 -136343.0
1 274 278 -39204.0
1 289 355 -14520.0
1 295 392 -13503.6
1 296 391 -25700.4
1 296 393 -33250.8
1 140 166 -290.4
1 141 116 -104980.0
1 141 165 -11906.4
1 142 185 -37752.0
1 143 114 -169013.0
1 143 184 -110207.0
1 144 151 -87120.0
1 144 186 -21780.0
1 145 114 -31218.0
1 146 150 -101640.0
1 146 180 -41527.2
1 147 148 -111804.0
1 147 171 -36300.0
1 149 124 -580.8
1 149 181 -31944.0
1 149 202 -60258.0
1 150 183 -31653.6
1 150 186 -24684.0
1 151 178 -51836.4
1 151 181 -7695.6
1 151 211 -22360.8
1 152 180 -5372.4
1 153 188 -23958.0
1 158 173 -3775.2
1 164 124 -2323.2
1 165 167 -33686.4
1 170 115 -53724.0
1 171 125 -726.0
1 176 222 -20037.6
1 184 210 -71148.0
1 188 207 -70131.6
1 189 288 -10599.6
1 206 280 -27297.6
1 209 273 -126905.0
1 209 281 -48945.2
1 210 249 -47480.4
1 211 263 -63162.0
1 211 296 -36880.8
1 213 270 -56773.2
1 219 272 -17714.4
1 221 302 -3920.4
1 221 317 -81892.8
1 224 287 -56773.2
1 230 352 -101059.0
1 231 270 -23522.4
1 231 347 -19456.8
1 235 295 -42543.6
1 236 342 -62000.4
1 236 344 -26281.2
1 240 330 -50965.2
1 240 337 -59096.4
1 240 357 -61855.2
1 244 333 -5323.94
1 246 332 -23232.0
1 246 337 -21489.6
1 251 334 -77682.0
1 258 343 -3194.4
1 258 345 -15972.0
1 260 345 -17569.2
1 261 340 -21780.0
1 262 286 -14520.0
1 262 361 -77246.4
1 263 344 -34557.6
1 263 350 -6388.8
1 267 321 -37026.0
1 267 428 -162288.0
1 269 365 -5082.0
1 270 361 -62581.2
1 271 267 -112966.0
1 271 355 -41382.0
1 271 363 -70276.8
1 281 331 -12051.6
1 284 333 -14374.8
1 289 371 -41527.2
1 290 371 -38332.8
1 291 365 -21489.6
1 296 358 -179903.0
1 297 356 -22215.6
1 297 391 -39930.0
1 299 347 -8857.2
1 125 93 -49948.8
1 131 125 -45012.0
1 134 123 -52417.2
1 135 126 -25119.6
1 138 125 -12487.2
1 142 117 -100043.0
1 142 169 -23812.8
1 145 116 -32234.4
1 146 146 -23958.0
1 152 213 -35574.0
1 155 116 -25990.8
1 161 185 -131406.0
1 163 186 -9873.6
1 166 203 -3775.2
1 168 216 -54595.2
1 183 232 -60984.0
1 192 232 -225496.0
1 193 235 -80731.2
1 201 310 -3484.8
1 211 195 -1742.4
1 215 261 -58660.8
1 221 339 -66356.4
1 222 324 -32379.6
1 223 263 -96848.4
1 226 354 -44576.4
1 230 358 -19311.6
1 232 347 -26571.6
1 233 341 -32524.8
1 242 618 -18876.0
1 248 344 -57063.6
1 263 345 -77972.4
1 263 427 -145.2
1 263 570 -14374.8
1 264 348 -19747.2
1 265 414 -145.2
1 268 366 -5082.0
1 286 302 -3630.0
1 292 360 -18876.0
1 293 357 -31508.4
1 297 439 -785323.0
1 132 120 -80295.6
1 134 124 -93363.6
1 134 126 -41091.6
1 135 122 -39639.6
1 137 128 -62290.8
1 145 166 -17569.2
1 148 119 -69986.4
1 150 118 -50529.6
1 150 121 -206039.0
1 150 127 -13068.0
1 152 118 -76230.0
1 153 123 -41527.2
1 155 125 -54304.8
1 158 138 -137359.0
1 158 140 -112530.0
1 181 126 -260053.0
1 185 168 -30056.4
1 189 126 -495132.0
1 224 257 -6824.4
1 230 223 -35138.4
1 260 332 -6098.4
1 260 337 -4065.6
1 276 358 -39349.2
1 281 445 -580.8
1 282 357 -580.8
1 137 168 -58806.0
1 149 213 -86974.8
1 189 195 -36735.6
1 192 197 -117902.0
1 202 228 -17424.0
1 210 253 -46899.6
1 217 236 -43414.8
1 245 324 -4065.6
1 270 480 -145.2
1 291 354 -3484.8
1 145 131 -41236.8
1 148 166 -48351.6
1 151 118 -22796.4
1 153 116 -12922.8
1 158 114 -10164.0
1 188 197 -40946.4
1 188 204 -44431.2
1 206 169 -6534.0
1 206 281 -1306.8
1 211 266 -42269.9
1 213 276 -10964.0
1 214 274 -23975.2
1 220 278 -163698.0
1 232 398 -4065.6
1 233 375 -2032.8
1 239 385 -3228.82
1 239 406 -292.69
1 239 416 -6.88
1 241 238 -23667.6
1 245 408 -7114.8
1 246 320 -10164.0
1 248 454 -871.2
1 259 351 -4129.56
1 265 360 -24161.7
1 269 360 -7976.28
1 272 360 -55030.8
1 273 521 -15391.2
1 274 327 -14229.6
1 274 521 -2032.8
1 275 465 -185.62
1 280 371 -5953.2
1 290 322 -83780.4
1 294 354 -119094.0
1 147 116 -176128.0
1 147 183 -30346.8
1 156 122 -22360.8
1 205 310 -2613.6
1 268 484 -145.2
1 173 183 -16843.2
1 257 342 -14084.4
1 201 251 -48496.8
1 201 301 -10599.6
1 251 286 -8712.0
1 259 336 -290.4
1 261 570 -14374.8
1 264 441 -145.2
1 144 132 -435.6
1 135 160 -21634.8
1 136 173 -10164.0
1 144 189 -28459.2
1 154 122 -225641.0
1 156 131 -2323.2
1 161 179 -142877.0
1 164 169 -12922.8
1 183 124 -328588.0
1 183 205 -145.2
1 186 125 -109771.0
1 186 209 -132858.0
1 204 300 -44.25
1 225 242 -41236.8
1 226 375 -161812.0
1 235 420 -10164.0
1 238 302 -21925.2
1 242 355 -185.62
1 245 406 -1452.0
1 247 591 -1887.6
1 248 590 -1887.6
1 248 593 -1887.6
1 251 614 -2152.75
1 255 333 -24538.8
1 256 443 -200.87
1 258 339 -2274.8
1 258 416 -398.04
1 267 354 -1016.4
1 267 554 -1161.6
1 269 482 -290.4
1 270 476 -1742.4
1 273 477 -6388.8
1 273 523 -146071.0
1 274 506 -3194.4
1 275 479 -19021.2
1 280 458 -1002.61
1 297 388 -1238.51
1 298 384 -136.33
1 204 299 -2178.0
1 221 300 -8421.6
1 140 116 -10744.8
1 134 167 -48061.2
1 160 117 -22941.6
1 197 298 -28.03
1 211 290 -11180.4
1 221 351 -145.2
1 226 330 -20025.4
1 237 406 -2637.08
1 244 430 -1597.2
1 247 342 -129.81
1 253 427 -1482.16
1 253 443 -588.58
1 254 398 -241.68
1 254 442 -2734.93
1 254 444 -456.8
1 254 445 -50.52
1 256 445 -1272.81
1 259 345 -2032.8
1 261 369 -2130.87
1 262 555 -145.2
1 263 448 -145.2
1 270 319 -17109.4
1 271 364 -37316.4
1 271 471 -435.6
1 271 489 -20448.8
1 275 371 -290.4
1 277 386 -580.8
1 289 321 -41962.8
1 262 394 -391544.0
1 271 492 -145.2
1 167 168 -33686.4
1 157 122 -580.8
1 169 201 -41091.6
1 199 297 -162.39
1 212 315 -207.5
1 214 287 -358.83
1 224 372 -2904.0
1 247 343 -58.02
1 247 590 -1887.6
1 255 446 -624.48
1 261 524 -44664.5
1 261 525 -44664.5
1 268 567 -14374.8
1 276 386 -580.8
1 278 371 -4356.0
1 281 446 -1597.2
1 284 406 -2323.2
1 291 458 -166.2
1 295 390 -13213.2
1 297 387 -1016.4
1 257 443 -1696.55
1 162 205 -34702.8
1 244 330 -13503.6
1 248 343 -193.37
1 249 589 -1887.6
1 254 394 -28.52
1 261 362 -23958.0
1 276 469 -145.2
1 282 451 -1161.6
1 134 173 -10164.0
1 145 139 -1597.2
1 150 115 -27878.4
1 206 299 -13.15
1 239 305 -1293.21
1 261 461 -290.4
1 233 400 -69260.4
1 117 117 -10309.2
1 178 182 -4646.4
1 183 311 -2847.16
1 185 196 -45592.8
1 201 309 -3484.8
1 220 175 -42543.6
1 244 355 -19686.7
1 245 261 -21749.9
1 259 512 -435.6
1 260 541 -290.4
1 262 563 -14374.8
1 269 319 -17109.4
1 269 429 -1905.52
1 271 512 -435.6
1 273 506 -1597.2
1 290 355 -17021.1
1 264 474 -145.2
1 264 351 -580.8
1 275 383 -30492.0
1 157 131 -145.2
