1 62 1 3798.3
1 61 2 3770.7
1 60 3 3749.7
1 59 4 3733.5
1 58 5 3721.5
1 57 6 3713.4
1 56 7 3709.2
1 55 8 3709.0
1 54 9 3713.4
1 53 10 3722.5
1 52 11 3736.7
1 51 12 3755.5
1 49 13 3767.8
1 50 13 3777.1
1 48 14 3789.3
1 47 15 3784.5
1 46 16 3776.7
1 45 17 3766.9
1 45 18 3767.6
1 45 19 3768.3
1 44 20 3756.4
1 44 21 3756.2
1 44 22 3755.5
1 44 23 3754.2
1 44 24 3752.2
1 44 25 3749.4
1 44 26 3745.6
1 44 27 3740.7
1 44 28 3734.5
1 44 29 3727.0
1 44 30 3717.9
1 44 31 3707.0
1 44 32 3694.2
1 44 33 3679.1
1 44 34 3661.5
1 44 35 3641.1
1 44 36 3617.4
1 44 37 3589.8
1 44 38 3557.8
1 44 39 3520.3
1 44 40 3476.1
1 44 41 3422.8
1 43 42 3304.0
1 43 43 3265.0
1 43 44 3203.3
1 42 45 3052.1
1 42 46 2997.6
1 40 47 2765.7
1 41 47 2812.0
1 40 48 2729.6
1 40 49 2663.5
1 40 50 2567.6
1 35 78 4859.7
1 35 79 4888.1
1 34 80 4945.1
1 33 81 5025.5
1 32 82 5089.1
1 31 83 5102.5
1 30 84 5114.2
1 29 85 5123.1
1 28 86 5145.4
1 27 87 5164.2
1 26 88 5190.3
1 25 89 5217.8
1 25 90 5254.2
1 24 91 5241.3
1 24 92 5256.5
1 24 93 5293.6
1 24 94 5330.6
1 23 95 5345.7
1 23 96 5386.0
1 23 97 5422.3
1 22 98 5430.3
1 22 99 5471.4
1 22 100 5508.4
1 22 101 5545.7
1 21 102 5566.0
1 21 103 5611.1
1 20 104 5633.2
1 20 105 5675.7
1 19 106 5707.7
1 19 107 5752.1
1 18 108 5788.7
1 18 109 5828.5
1 17 110 5747.7
1 17 111 5758.8
1 17 112 5868.1
1 65 109 6030.5
1 66 109 6027.0
1 67 109 5976.4
1 68 109 5941.6
1 69 109 5951.1
1 62 110 5964.5
1 63 110 6002.2
1 64 110 6023.1
1 70 110 6040.0
1 60 111 5859.4
1 61 111 5880.9
1 71 111 6106.0
1 37 112 5647.1
1 38 112 5707.3
1 39 112 5768.9
1 40 112 5814.4
1 41 112 5851.4
1 42 112 5873.4
1 43 112 5884.6
1 44 112 5893.7
1 45 112 5900.9
1 46 112 5910.4
1 47 112 5919.3
1 48 112 5936.9
1 55 112 5739.6
1 56 112 5761.3
1 57 112 5778.4
1 58 112 5795.2
1 59 112 5810.1
1 72 112 6143.0
1 16 113 5956.8
1 33 113 5631.7
1 34 113 5615.1
1 35 113 5599.2
1 36 113 5578.7
1 49 113 5930.6
1 50 113 5908.4
1 51 113 5855.3
1 52 113 5800.7
1 53 113 5744.1
1 54 113 5707.4
1 73 113 6175.3
1 16 114 6015.9
1 29 114 5721.3
1 30 114 5696.1
1 31 114 5668.3
1 32 114 5633.3
1 74 114 6198.4
1 75 114 6202.5
1 16 115 6072.6
1 25 115 5833.0
1 26 115 5810.2
1 27 115 5781.0
1 28 115 5741.0
1 76 115 6234.3
1 16 116 6127.9
1 21 116 5975.7
1 22 116 5990.6
1 23 116 5903.4
1 24 116 5863.2
1 77 116 6249.5
1 78 116 6247.6
1 79 116 6260.2
1 16 117 6182.1
1 20 117 6023.7
1 80 117 6281.1
1 81 117 6279.2
1 82 117 6258.6
1 83 117 6231.1
1 84 117 6202.0
1 16 118 6219.5
1 17 118 6185.7
1 18 118 6138.6
1 19 118 6085.1
1 85 118 6131.5
1 85 119 6089.7
1 86 120 6072.5
1 86 121 6095.2
1 86 122 6120.0
1 86 123 6137.3
1 86 124 6149.7
1 86 125 6159.3
1 86 126 6166.4
1 86 127 6170.1
1 86 128 6170.7
1 86 129 6169.0
1 86 130 6166.3
1 86 131 6162.1
1 86 132 6155.2
1 86 133 6146.5
1 86 134 6134.7
1 86 135 6118.8
1 86 136 6099.7
1 85 137 6050.6
1 85 138 6037.7
1 84 139 6032.8
1 83 140 6073.8
1 82 141 6157.7
1 82 142 6174.0
1 81 143 6226.7
1 80 144 6287.2
1 79 145 6356.2
1 78 146 6419.8
1 77 147 6487.1
1 76 148 6559.0
1 75 149 6636.4
1 75 150 6700.7
1 75 151 6761.3
1 75 152 6821.9
1 75 153 6868.8
1 76 154 6862.0
1 77 154 6849.2
1 78 154 6839.0
1 79 155 6827.7
1 80 155 6815.1
1 81 156 6797.5
1 82 157 6771.0
1 82 158 6748.6
1 83 158 6734.5
1 84 159 6704.6
1 84 160 6676.8
1 84 161 6652.4
1 84 162 6628.5
1 85 163 6603.4
1 86 164 6574.0
1 87 165 6537.0
1 88 166 6502.2
1 89 167 6468.6
1 90 168 6387.2
1 90 169 6337.2
1 91 170 6269.8
1 92 171 6198.4
1 93 172 6167.7
1 94 173 6141.2
1 94 174 6138.8
1 95 175 6123.4
1 95 176 6109.0
1 95 177 6113.7
1 95 178 6120.7
1 95 179 6126.0
1 96 180 5954.7
1 97 181 5971.7
1 98 182 5989.2
1 99 183 6006.7
1 100 184 6022.5
1 101 185 6037.9
1 102 185 6046.3
1 103 185 6061.9
1 104 186 6096.3
1 105 186 6097.4
1 106 187 6100.6
1 107 188 6096.4
1 108 189 5914.1
1 108 190 5916.1
1 108 191 5917.1
1 108 192 5916.7
1 108 193 5912.5
1 107 194 5707.4
1 107 195 5703.4
1 107 196 5695.6
1 107 197 5685.3
1 107 198 5673.3
1 106 199 5634.9
1 106 200 5622.0
1 105 201 5576.1
1 105 202 5562.9
1 104 203 5522.4
1 104 204 5513.7
1 104 205 5498.7
1 104 206 5477.3
1 104 207 5444.2
1 98 208 5460.6
1 99 208 5470.7
1 100 208 5483.1
1 101 208 5496.0
1 102 208 5513.7
1 103 208 5542.4
1 97 209 5451.3
1 97 210 5450.1
1 97 211 5446.0
1 97 212 5440.7
1 96 213 5424.1
1 95 214 5416.7
1 95 215 5415.4
1 94 216 5408.0
1 94 217 5407.1
1 94 218 5406.4
1 95 219 5410.6
1 96 220 5414.1
1 97 221 5418.0
1 97 222 5416.9
1 98 223 5420.2
1 98 224 5418.8
1 99 225 5422.9
1 99 226 5421.0
1 100 227 5242.1
1 128 227 5398.5
1 129 227 5461.6
1 101 228 5248.0
1 107 228 5142.9
1 108 228 5167.8
1 109 228 5196.4
1 110 228 5228.4
1 111 228 5263.1
1 125 228 5283.4
1 126 228 5309.8
1 127 228 5318.0
1 130 228 5187.6
1 131 228 5194.1
1 132 228 5188.2
1 133 228 5189.3
1 134 228 5195.5
1 135 228 5209.9
1 136 228 5226.9
1 137 228 5240.2
1 138 228 5267.0
1 102 229 5252.8
1 106 229 5280.7
1 112 229 5117.3
1 118 229 5143.6
1 119 229 5162.0
1 120 229 5177.9
1 121 229 5192.0
1 122 229 5203.3
1 123 229 5212.7
1 124 229 5215.2
1 139 229 5340.3
1 103 230 5256.3
1 104 230 5258.9
1 105 230 5261.9
1 113 230 5133.9
1 114 230 5125.4
1 115 230 5121.1
1 116 230 5118.6
1 117 230 5110.7
1 140 230 5307.1
1 139 231 5374.7
1 137 232 5411.3
1 138 232 5410.6
1 136 233 5414.6
1 135 234 5407.4
1 133 235 5374.7
1 134 235 5388.0
1 132 236 5357.8
1 130 237 5314.5
1 131 237 5329.7
1 129 238 5303.3
1 128 239 5287.2
1 127 240 5267.3
1 127 241 5257.5
1 127 242 5244.6
1 128 243 5252.9
1 129 244 5251.2
1 129 245 5238.5
1 130 246 5234.7
1 131 246 5233.6
1 132 246 5236.5
1 133 246 5245.8
1 134 246 5263.2
1 135 246 5289.6
1 136 246 5316.8
1 137 246 5336.8
1 138 246 5358.8
1 139 247 5409.5
1 140 247 5434.0
1 141 247 5471.5
1 142 247 5514.8
1 143 248 5577.8
1 144 249 5671.3
1 144 250 5698.1
1 145 251 5749.9
1 145 252 5775.5
1 145 253 5795.8
1 146 254 5829.1
1 146 255 5826.5
1 146 256 5820.5
1 146 257 5812.6
1 146 258 5802.4
1 146 259 5790.6
1 146 260 5777.2
1 146 261 5764.9
1 146 262 5751.7
1 146 263 5738.5
1 146 264 5728.4
1 146 265 0.0
1 147 266 5482.8
1 147 267 5453.7
1 147 268 5428.8
1 147 269 5389.1
1 147 270 5356.1
1 148 271 5306.0
1 148 272 5279.2
1 148 273 5252.1
1 148 274 5230.3
1 149 274 5215.4
1 149 275 5175.8
1 149 276 5143.6
1 149 277 5091.0
1 149 278 5036.4
1 150 279 5132.7
1 150 280 5087.7
1 150 281 5046.5
1 150 282 5016.2
1 151 283 4932.5
1 151 284 4888.7
1 151 285 4855.4
1 152 286 4761.4
1 152 287 4706.8
1 152 288 4662.5
1 152 289 4628.0
1 153 290 4722.8
1 153 291 4696.3
1 153 292 4704.2
1 154 293 4715.0
1 154 294 4726.6
1 154 295 4736.1
1 154 296 4742.2
1 155 297 4760.1
1 155 298 4763.9
1 156 299 4586.8
1 157 299 4593.1
1 158 299 4602.6
1 159 299 4615.1
1 160 299 4631.1
1 161 299 4650.5
1 162 300 4681.7
1 162 301 4684.5
1 162 302 4683.6
1 162 303 4681.0
1 162 304 4678.3
1 163 305 4857.4
1 163 306 4848.4
1 163 307 4838.6
1 163 308 4829.3
1 163 309 4823.2
1 164 310 5039.4
1 165 311 5081.0
1 166 312 5152.7
1 167 313 5211.3
1 168 314 5244.2
1 168 315 5076.7
1 168 316 5081.0
1 169 316 5088.5
1 169 317 5094.3
1 170 317 5104.1
1 171 318 5105.2
1 171 319 5081.8
1 172 320 5033.9
1 172 321 4986.4
1 172 322 4938.1
1 172 323 4887.1
1 172 324 4847.4
1 173 325 4845.9
1 173 326 4849.5
1 173 327 4851.3
1 174 328 4860.7
1 174 329 4862.3
1 174 330 4863.3
1 175 331 4867.8
1 176 331 4871.8
1 177 331 4877.7
1 178 332 4887.1
1 179 333 4889.7
1 179 334 4886.6
1 179 335 4883.5
1 180 336 4881.0
1 181 337 4872.5
1 181 338 4867.8
1 187 338 4741.0
1 188 338 4762.1
1 189 338 4779.7
1 190 338 4793.4
1 182 339 4858.5
1 186 339 4873.5
1 191 339 4797.0
1 192 339 5216.0
1 182 340 4852.5
1 186 340 4857.8
1 193 340 5215.3
1 182 341 4848.9
1 186 341 4847.8
1 194 341 5215.2
1 195 341 5216.8
1 183 342 4845.3
1 184 342 4845.1
1 185 342 4844.6
1 186 342 4843.5
1 196 342 5216.5
1 196 343 5214.4
1 197 344 5213.3
1 198 345 5210.9
1 199 346 5208.8
1 200 346 5210.4
1 201 346 5212.6
1 202 346 5214.7
1 203 346 5215.5
1 204 346 4376.18
1 205 347 5199.5
1 206 347 5193.3
1 207 348 5398.8
1 207 349 5496.1
1 207 350 5637.0
1 206 351 5696.9
1 205 352 5701.7
1 205 353 5706.2
1 205 354 5711.2
1 206 355 5734.1
1 206 356 5742.3
1 207 357 5767.0
1 208 357 5784.2
1 209 358 5465.4
1 210 359 5522.7
1 211 359 5550.7
1 212 360 5470.5
1 212 361 5507.7
1 208 362 5529.9
1 209 362 5534.6
1 210 362 5541.7
1 211 362 5547.4
1 207 363 5526.1
1 206 364 5520.7
1 206 365 5522.0
1 206 366 5522.2
1 206 367 5521.4
1 206 368 5520.4
1 206 369 5519.2
1 207 369 5525.6
1 208 369 5542.1
1 209 369 5563.8
1 210 369 5588.2
1 211 369 5618.5
1 212 369 5654.9
1 213 369 5699.1
1 214 370 5595.6
1 215 370 5629.4
1 216 372 5626.7
1 214 373 5263.1
1 215 373 5351.3
1 214 374 5220.0
1 213 375 5270.2
1 212 376 5247.8
1 211 377 5194.7
1 211 378 5183.6
1 211 379 5178.1
1 211 380 5180.2
1 211 381 5189.3
1 211 382 5243.7
1 211 383 5293.5
1 212 384 45000.0
1 212 385 45000.0
1 212 386 45000.0
1 212 387 45000.0
1 212 388 45000.0
1 212 389 45000.0
1 212 390 45000.0
1 212 391 45000.0
1 212 392 45000.0
1 212 393 45000.0
1 213 394 45000.0
1 213 395 45000.0
1 213 396 45000.0
1 213 397 45000.0
1 213 398 45000.0
1 213 399 45000.0
1 213 400 45000.0
1 213 401 45000.0
1 213 402 45000.0
1 214 403 45000.0
1 214 404 45000.0
1 214 405 45000.0
1 214 406 45000.0
1 214 407 45000.0
1 214 409 45000.0
1 214 410 45000.0
1 214 411 45000.0
1 214 412 45000.0
1 214 413 45000.0
1 214 414 45000.0
1 214 415 45000.0
1 215 416 45000.0
1 215 417 45000.0
1 227 417 45000.0
1 228 417 45000.0
1 229 417 45000.0
1 216 418 45000.0
1 226 418 45000.0
1 230 418 45000.0
1 217 419 45000.0
1 218 419 45000.0
1 219 419 45000.0
1 220 419 45000.0
1 221 419 45000.0
1 222 419 45000.0
1 223 419 45000.0
1 224 419 45000.0
1 225 419 45000.0
1 229 419 45000.0
1 229 420 45000.0
1 226 421 45000.0
1 227 421 45000.0
1 228 421 45000.0
1 224 422 45000.0
1 225 422 45000.0
1 224 423 45000.0
1 224 424 45000.0
1 225 424 45000.0
1 226 424 45000.0
1 227 424 45000.0
1 228 424 45000.0
1 229 425 45000.0
1 229 426 45000.0
1 229 427 45000.0
1 229 428 45000.0
1 229 429 45000.0
1 228 430 45000.0
1 228 431 45000.0
1 228 432 45000.0
1 228 433 45000.0
1 228 434 45000.0
1 228 435 45000.0
1 229 435 45000.0
1 230 436 45000.0
1 230 437 45000.0
1 230 438 45000.0
1 230 439 45000.0
1 230 440 45000.0
1 230 441 45000.0
1 230 442 45000.0
1 230 443 45000.0
1 230 444 45000.0
1 230 445 45000.0
1 230 446 45000.0
1 230 447 45000.0
1 230 448 45000.0
1 230 449 45000.0
1 230 450 45000.0
1 230 451 45000.0
1 230 452 45000.0
1 230 453 45000.0
1 230 454 45000.0
1 230 455 45000.0
1 230 456 45000.0
1 231 457 45000.0
1 231 458 45000.0
1 231 459 45000.0
1 231 460 45000.0
1 232 461 45000.0
1 232 462 45000.0
1 232 463 45000.0
1 232 464 45000.0
1 233 464 45000.0
1 234 464 45000.0
1 235 464 45000.0
1 236 464 45000.0
1 237 464 45000.0
1 238 464 45000.0
1 239 465 45000.0
1 239 466 45000.0
1 239 467 5337.1
1 238 468 5337.1
1 238 469 5337.1
1 238 470 5337.1
1 239 471 5337.1
1 240 471 5337.1
1 241 472 5337.1
1 242 472 5337.1
1 243 472 5337.1
1 244 473 5337.1
1 245 474 5337.1
1 246 475 5337.1
1 246 476 5337.1
1 246 477 5337.1
1 246 478 5337.1
1 246 479 5337.1
1 246 480 5337.1
1 245 481 5337.1
1 245 482 5337.1
1 244 483 5337.1
1 243 484 5337.1
1 243 485 5337.1
1 243 486 5337.1
1 243 487 5337.1
1 243 488 5337.1
1 243 489 5337.1
1 242 490 5337.1
1 242 491 5337.1
1 241 492 5337.1
1 241 493 5337.1
1 240 494 5337.1
1 239 495 5337.1
1 238 496 5337.1
1 235 497 5337.1
1 236 497 5337.1
1 237 497 5337.1
1 233 498 5337.1
1 234 498 5337.1
1 233 499 5337.1
1 232 500 5337.1
1 231 501 5337.1
1 231 502 5337.1
1 231 503 5337.1
1 231 504 5337.1
1 231 505 5337.1
1 231 506 5337.1
1 231 507 5337.1
1 231 508 5337.1
1 231 509 5337.1
1 231 510 5337.1
1 231 511 5337.1
1 231 512 5337.1
1 231 513 5337.1
1 231 514 5337.1
1 231 515 5337.1
1 232 516 5337.1
1 232 517 5337.1
1 232 518 5337.1
1 233 519 5337.1
1 233 520 5337.1
1 233 521 5337.1
1 234 522 5337.1
1 234 523 5337.1
1 235 524 5337.1
1 235 525 5337.1
1 236 525 5337.1
1 237 525 5337.1
1 238 525 5337.1
1 239 526 5337.1
1 239 527 5337.1
1 240 528 5437.9
1 240 529 5453.1
1 241 530 5519.7
1 241 531 5549.7
1 241 532 5566.6
1 241 533 5578.1
1 241 534 5586.4
1 242 535 5064.8
1 242 536 5076.1
1 243 536 5094.1
1 244 536 5126.6
1 245 536 5155.2
1 246 537 5210.6
1 246 538 5227.7
1 247 539 5267.6
1 248 540 5303.1
1 249 540 5315.2
1 250 540 5331.6
1 251 541 5365.2
1 250 544 5398.8
1 251 544 5401.1
1 245 545 5344.2
1 246 545 5355.4
1 247 545 5374.0
1 248 545 5387.7
1 249 545 5393.2
1 243 546 5317.7
1 244 546 5321.7
1 243 547 5318.4
1 242 548 5314.5
1 242 549 5314.8
1 241 550 5308.6
1 241 551 5306.9
1 240 552 5296.5
1 239 553 5285.5
1 238 554 0.0
1 237 555 5249.9
1 236 556 5248.8
1 236 557 5248.8
1 232 558 5189.1
1 233 558 5186.1
1 234 558 5193.8
1 235 558 5197.3
1 232 559 5201.2
1 231 560 5201.4
1 231 561 5209.8
1 231 562 5216.5
1 231 563 5221.6
1 231 564 5222.9
1 230 565 5389.7
1 230 566 5382.9
1 230 567 5372.0
1 230 568 5359.6
1 215 371 5678.1
1 39 51 6043.2
1 39 52 5967.8
1 38 53 5714.5
1 38 54 5641.8
1 37 55 5375.6
1 36 56 5152.8
1 35 57 4950.0
1 35 58 4889.0
1 35 59 4787.7
1 35 60 8397.7
1 35 61 8262.3
1 35 62 8125.5
1 35 63 7985.2
1 35 64 7841.2
1 35 65 7693.4
1 35 66 7542.6
1 35 67 7395.4
1 35 68 7276.3
1 36 69 10770.0
1 36 70 10502.6
1 36 71 10250.3
1 36 72 10007.1
1 36 73 9772.1
1 36 74 9559.1
1 36 75 9377.7
1 36 76 9287.9
1 36 77 9255.2
1 230 569 5347.0
1 230 570 5333.5
1 230 571 5317.4
1 230 572 5306.0
1 230 573 5316.9
1 230 574 5332.4
1 230 575 5342.6
1 230 576 5344.7
1 230 577 5179.6
1 230 578 5212.8
1 230 579 5245.9
1 230 580 5275.3
1 230 581 5278.4
1 230 582 5283.8
1 230 583 5286.3
1 230 584 5285.4
1 230 585 5282.0
1 230 586 5277.4
1 230 587 5271.3
1 230 588 5267.4
1 229 589 5251.5
1 229 590 5242.2
1 228 591 5219.5
1 228 592 5203.8
1 228 593 5186.5
1 228 594 5164.3
1 227 595 5120.1
1 227 596 5096.9
1 227 597 5068.8
1 227 598 5035.6
1 227 599 4786.4
1 226 600 4700.2
1 226 601 4698.2
1 226 602 4696.9
1 226 603 4697.6
1 225 604 4268.5
1 224 605 4268.5
1 223 606 4290.4
1 222 607 4310.8
1 223 605 4275.0
1 114 114 -34702.8
1 117 120 -790.318
1 129 121 -19021.2
1 130 122 -790.318
1 133 112 -56773.2
1 135 194 -1371.12
1 141 191 -75213.6
1 143 126 -68389.2
1 143 172 -24684.0
1 143 190 -61129.2
1 144 166 -26571.6
1 144 172 -12196.8
1 144 182 -3630.0
1 144 190 -46028.4
1 145 161 -123856.0
1 146 117 -48351.6
1 146 188 -32670.0
1 147 132 -14955.6
1 147 145 -2968.32
1 148 167 -43124.4
1 148 176 -82973.5
1 148 196 -25410.0
1 149 145 -58806.0
1 149 146 -12342.0
1 150 141 -11035.2
1 150 198 -38478.0
1 151 142 -65194.8
1 151 195 -35574.0
1 152 125 -790.318
1 152 132 -790.318
1 153 142 -90314.4
1 153 192 -58951.2
1 154 125 -1161.6
1 154 171 -8340.72
1 154 249 -94670.4
1 155 112 -56773.2
1 155 141 -121968.0
1 156 129 -240887.0
1 156 146 -82328.4
1 157 135 -1580.64
1 157 140 -185130.0
1 157 251 -145200.0
1 158 133 -790.318
1 158 137 -37461.6
1 158 181 -91476.0
1 159 119 -49368.0
1 159 173 -47190.0
1 160 119 -15391.2
1 161 125 -1161.6
1 161 129 -580.8
1 161 188 -81021.6
1 162 119 -3484.8
1 162 121 -80440.8
1 162 128 -275880.0
1 162 132 -4210.8
1 162 167 -1597.2
1 162 169 -435.6
1 163 138 -3403.92
1 164 135 -22215.6
1 165 131 -1742.4
1 167 125 -13939.2
1 167 259 -3484.8
1 168 123 -11180.4
1 168 208 -2032.8
1 169 127 -145.2
1 169 163 -58225.2
1 170 131 -38332.8
1 171 130 -7550.4
1 172 218 -149120.0
1 173 224 -18440.4
1 174 123 -580.8
1 174 135 -12777.6
1 175 134 -44140.8
1 175 204 -30927.6
1 176 176 -7695.6
1 176 202 -1016.4
1 177 133 -71728.8
1 177 211 -11761.2
1 178 164 -25700.4
1 178 261 -27007.2
1 179 181 -30492.0
1 179 183 -72600.0
1 179 210 -11180.4
1 180 208 -41527.2
1 183 184 -11616.0
1 184 246 -32815.2
1 187 200 -68244.0
1 187 281 -14955.6
1 188 198 -28023.6
1 188 209 -42688.8
1 188 240 -147523.0
1 188 258 -143748.0
1 190 281 -112530.0
1 191 191 -10890.0
1 191 281 -180048.0
1 193 256 -1452.0
1 193 260 -31094.1
1 197 204 -25845.6
1 197 252 -15826.8
1 198 297 -2613.6
1 198 298 -926.418
1 199 211 -24538.8
1 199 298 -790.318
1 200 298 -834.878
1 201 234 -5953.2
1 203 275 -207636.0
1 203 280 -38623.2
1 204 248 -18385.6
1 205 300 -844.438
1 206 286 -5808.0
1 206 300 -1596.37
1 210 264 -1161.6
1 211 255 -211411.0
1 212 258 -372002.0
1 213 264 -145.2
1 214 240 -35428.8
1 215 260 -69405.6
1 216 238 -60112.8
1 217 264 -130680.0
1 217 365 -580.8
1 218 179 -152024.0
1 219 310 -21780.0
1 221 223 -871.2
1 221 246 -68098.8
1 221 284 -26133.9
1 222 352 -40605.7
1 222 369 -2904.0
1 223 271 -69986.4
1 224 374 -8073.87
1 226 350 -248.06
1 226 365 -2979.74
1 231 401 -790.318
1 232 364 -139.52
1 232 370 -29.67
1 233 337 -790.318
1 233 394 -1603.1
1 234 304 -5839.62
1 234 393 -842.278
1 235 367 -25844.9
1 235 400 -580.8
1 235 605 -1056.26
1 235 609 -6853.67
1 236 263 -117757.0
1 236 351 -27588.0
1 237 316 -36824.6
1 237 357 -5904.68
1 237 389 -790.318
1 238 221 -2323.2
1 238 605 -3962.55
1 238 609 -1580.64
1 239 338 -13068.0
1 239 426 -871.2
1 239 605 -3951.59
1 239 606 -2427.82
1 239 619 -6017.52
1 240 380 -1009.11
1 240 426 -1019.81
1 240 608 -3188.56
1 241 335 -99897.6
1 241 604 -924.798
1 242 311 -11022.3
1 243 371 -10185.0
1 243 389 -1161.6
1 243 422 -145.2
1 243 605 -3951.59
1 244 431 -2001.2
1 244 605 -4802.58
1 244 621 -3996.33
1 245 238 -16262.4
1 245 322 -8278.4
1 245 337 -790.318
1 245 370 -33.42
1 245 621 -790.318
1 246 321 -4142.32
1 246 618 -2431.02
1 247 344 -840.5980000000001
1 247 383 -10545.2
1 247 384 -2686500.0
1 248 251 -12454.6
1 248 424 -3194.4
1 248 436 -2178.0
1 248 442 -290.4
1 248 444 -2060.02
1 248 589 -2032.8
1 249 373 -802.018
1 249 424 -790.318
1 249 430 -47594.8
1 249 436 -8074.63
1 249 443 -2626.38
1 249 606 -4003.77
1 250 239 -41527.2
1 250 326 -8580.52
1 250 424 -790.318
1 250 425 -939154.0
1 250 431 -48214.2
1 250 595 -2688.13
1 251 300 -316536.0
1 251 356 -111690.0
1 251 408 -1116.68
1 251 456 -935.518
1 251 457 -24.3
1 251 594 -790.318
1 251 595 -1243.48
1 251 596 -1780.89
1 252 230 -27588.0
1 252 285 -24829.2
1 252 329 -32858.7
1 252 450 -435.6
1 252 595 -804.798
1 252 606 -818.618
1 253 298 -23086.8
1 253 331 -19490.7
1 253 332 -27417.9
1 253 416 -435.6
1 253 420 -16495.3
1 253 445 -64964.4
1 254 338 -30201.6
1 254 367 -14526.3
1 254 407 -139211.0
1 254 597 -790.318
1 254 607 -7179.12
1 255 381 -10744.8
1 255 383 -33396.0
1 255 388 -78262.8
1 255 395 -3339.6
1 255 420 -16262.4
1 255 439 -35138.4
1 255 443 -113905.0
1 255 595 -1041.6
1 255 596 -852.658
1 255 606 -7324.32
1 255 609 -1580.64
1 256 314 -7717.83
1 256 335 -120516.0
1 256 341 -435.6
1 256 370 -11492.1
1 256 413 -4936.8
1 256 586 -46663.8
1 256 593 -3306.47
1 257 238 -2032.8
1 257 324 -7081.51
1 257 413 -290.4
1 257 576 -5787.13
1 257 599 -53753.0
1 257 600 -96412.8
1 258 325 -74437.9
1 258 336 -1972.68
1 258 418 -224786.0
1 258 420 -263857.0
1 258 442 -1058000.0
1 258 464 -2468.4
1 258 585 -4869.35
1 258 595 -1725.84
1 258 601 -26136.0
1 258 602 -51658.7
1 259 340 -184033.0
1 259 371 -476.79
1 259 405 -21812.2
1 259 588 -31807.1
1 259 592 -790.318
1 259 593 -790.318
1 260 342 -93073.2
1 260 349 -726.0
1 260 407 -3797760.0
1 260 424 -274.25
1 260 461 -4210.8
1 260 463 -31508.4
1 260 585 -7083.83
1 260 586 -12594.1
1 261 337 -8276.4
1 261 355 -102511.0
1 261 381 -358215.0
1 261 395 -17908.5
1 261 416 -106141.0
1 261 418 -790.318
1 261 429 -76977.8
1 261 464 -13794.0
1 261 492 -790.318
1 261 571 -145.2
1 261 576 -12689.5
1 262 345 -43269.6
1 262 540 -514.0
1 262 564 -50388.7
1 262 568 -20182.8
1 262 570 -109771.0
1 262 571 -2758.8
1 263 340 -31798.8
1 263 471 -12487.2
1 263 477 -17714.4
1 263 520 -1664.87
1 263 574 -4501.2
1 263 582 -10979.6
1 264 344 -27878.4
1 264 355 -435.6
1 264 367 -790.318
1 264 383 -98411.3
1 264 407 -5082.0
1 264 428 -49212.3
1 264 468 -41.44
1 264 471 -2468.4
1 264 476 -290.4
1 264 477 -62000.4
1 264 523 -2806.56
1 264 549 -4425.81
1 265 363 -3630.0
1 265 364 -29596.9
1 265 374 -5881.95
1 265 380 -153.29
1 265 422 -323820.0
1 265 523 -3293.89
1 265 557 -1161.6
1 266 337 -790.318
1 266 340 -34412.4
1 266 462 -4065.6
1 267 391 -17714.4
1 267 463 -1161.6
1 267 555 -790.318
1 267 556 -790.318
1 268 333 -63888.0
1 268 334 -87846.0
1 268 436 -3779880.0
1 268 455 -6.55
1 268 479 -580.8
1 268 480 -580.8
1 268 489 -1289.39
1 269 363 -796.1080000000001
1 269 397 -47625.6
1 269 450 -2613.6
1 269 456 -23399.9
1 269 541 -790.318
1 270 429 -2704.81
1 270 481 -935.518
1 270 483 -1252.86
1 270 484 -935.518
1 270 486 -14486.5
1 270 498 -104834.0
1 270 539 -145.2
1 271 319 -72749.0
1 271 335 -44431.2
1 271 371 -580.8
1 271 485 -363.57
1 271 493 -88670.4
1 271 498 -8712.0
1 271 537 -121278.0
1 272 336 -4701.11
1 272 337 -15934.7
1 272 351 -38478.0
1 272 366 -4065.6
1 272 368 -279237.0
1 272 388 -557053.0
1 272 396 -2613.6
1 272 450 -7695.6
1 272 451 -19166.4
1 272 453 -1306.8
1 272 462 -1547180.0
1 272 490 -435.6
1 272 491 -31.19
1 272 497 -68801.0
1 272 530 -151418.0
1 272 532 -219404.0
1 272 535 -162550.0
1 273 363 -726.0
1 273 392 -502.19
1 273 480 -1161.6
1 273 510 -790.318
1 273 516 -23808.5
1 273 517 -284036.0
1 273 518 -500.59
1 274 409 -3484.8
1 274 520 -31363.2
1 274 523 -1887.6
1 275 367 -128647.0
1 275 450 -580.8
1 275 506 -871.2
1 276 366 -92347.2
1 276 392 -726.0
1 276 446 -2323.2
1 276 474 -36762.2
1 277 294 -69433.8
1 277 390 -13648.8
1 277 407 -2725570.0
1 277 431 -11719.3
1 277 472 -34539.7
1 277 480 -79014.2
1 278 365 -251777.0
1 278 435 -79339.5
1 278 482 -5227.2
1 279 310 -27440.2
1 279 433 -113767.0
1 279 438 -104657.0
1 279 475 -107818.0
1 279 485 -29185.2
1 280 433 -61617.9
1 280 469 -40102.5
1 280 471 -17164.0
1 281 458 -2049820.0
1 282 409 -6679.2
1 282 424 -4065.6
1 282 430 -726.0
1 282 436 -2183.45
1 282 454 -3676.22
1 282 457 -5160.08
1 283 335 -8421.6
1 283 354 -4356.0
1 283 429 -206474.0
1 283 449 -98391.7
1 283 452 -123338.0
1 283 455 -9375.48
1 283 468 -75653.2
1 284 339 -100801.0
1 284 457 -6534.0
1 284 463 -524938.0
1 284 481 -15270.8
1 285 374 -1161.6
1 285 467 -246418.0
1 285 475 -83078.1
1 286 330 -64460.9
1 286 425 -442534.0
1 286 475 -32800.8
1 286 477 -71403.3
1 287 426 -790.318
1 287 477 -35425.4
1 288 419 -14084.4
1 288 423 -1380.48
1 288 426 -790.318
1 289 351 -42398.4
1 289 404 -175993.0
1 289 459 -25809.3
1 289 468 -2067.6
1 290 382 -185715.0
1 290 411 -1887.6
1 290 412 -21780.0
1 290 413 -1306.8
1 290 420 -117.19
1 291 350 -2468.4
1 291 373 -1306.8
1 291 399 -138442.0
1 291 419 -1447220.0
1 292 361 -14520.0
1 292 365 -18004.8
1 292 416 -1176.53
1 292 469 -27569.4
1 293 440 -145.2
1 294 435 -39930.0
1 294 447 -31553.1
1 294 458 -109723.0
1 295 391 -21344.4
1 295 430 -915667.0
1 296 388 -1177.73
1 296 398 -240483.0
1 296 406 -49155.7
1 296 433 -35283.6
1 297 381 -37316.4
1 297 395 -9.22
1 297 401 -43459.6
1 297 415 -83054.4
1 297 442 -76567.9
1 298 390 -33976.8
1 299 354 -2613.6
1 299 355 -8887.32
1 299 387 -265.13
1 102 110 -790.318
1 102 113 -790.318
1 103 100 -790.318
1 103 104 -790.318
1 104 115 -790.318
1 105 115 -790.318
1 105 139 -790.318
1 108 117 -790.318
1 109 112 -790.318
1 111 155 -790.318
1 111 208 -790.318
1 112 181 -790.318
1 113 111 -790.318
1 113 159 -790.318
1 113 211 -790.318
1 114 173 -790.318
1 114 212 -1580.64
1 115 212 -1580.64
1 116 121 -790.318
1 116 150 -790.318
1 116 166 -790.318
1 117 119 -790.318
1 117 168 -790.318
1 117 210 -790.318
1 119 194 -790.318
1 119 202 -790.318
1 119 96 -790.318
1 120 155 -790.318
1 120 94 -790.318
1 121 187 -790.318
1 123 110 -790.318
1 123 111 -790.318
1 123 158 -790.318
1 123 168 -790.318
1 123 193 -790.318
1 123 202 -1580.64
1 125 150 -790.318
1 125 151 -790.318
1 125 193 -790.318
1 125 194 -790.318
1 126 121 -790.318
1 126 191 -790.318
1 126 195 -790.318
1 127 150 -790.318
1 127 160 -790.318
1 127 169 -790.318
1 127 195 -790.318
1 127 199 -1580.64
1 128 122 -790.318
1 128 148 -790.318
1 128 149 -790.318
1 128 152 -790.318
1 128 153 -790.318
1 128 154 -790.318
1 128 157 -790.318
1 128 199 -790.318
1 129 117 -790.318
1 129 119 -790.318
1 129 122 -790.318
1 129 146 -790.318
1 129 154 -1580.64
1 129 162 -790.318
1 129 176 -790.318
1 130 120 -790.318
1 130 154 -790.318
1 130 155 -790.318
1 130 156 -2370.96
1 130 194 -790.318
1 131 112 -790.318
1 131 121 -790.318
1 131 122 -790.318
1 131 150 -790.318
1 131 156 -790.318
1 131 157 -790.318
1 131 158 -790.318
1 131 161 -1580.64
1 131 198 -790.318
1 132 112 -790.318
1 132 155 -790.318
1 132 156 -790.318
1 132 160 -790.318
1 132 161 -1580.64
1 133 155 -790.318
1 133 159 -790.318
1 133 160 -1580.64
1 133 192 -1580.64
1 133 193 -790.318
1 134 148 -790.318
1 134 150 -790.318
1 134 151 -790.318
1 134 156 -790.318
1 134 191 -790.318
1 134 193 -3161.27
1 135 148 -3951.59
1 135 149 -1580.64
1 135 156 -790.318
1 135 157 -790.318
1 135 193 -2370.96
1 136 147 -790.318
1 136 148 -790.318
1 136 149 -790.318
1 136 150 -1580.64
1 136 153 -790.318
1 136 155 -790.318
1 137 148 -790.318
1 137 150 -790.318
1 137 153 -1580.64
1 137 154 -790.318
1 137 157 -2370.96
1 137 175 -790.318
1 137 206 -790.318
1 138 151 -790.318
1 138 152 -790.318
1 138 153 -2370.96
1 138 168 -790.318
1 138 169 -790.318
1 139 151 -790.318
1 140 138 -790.318
1 140 155 -3161.27
1 140 156 -790.318
1 140 171 -790.318
1 140 180 -790.318
1 141 149 -790.318
1 141 154 -1580.64
1 141 157 -790.318
1 141 171 -790.318
1 141 199 -1580.64
1 142 155 -790.318
1 142 156 -790.318
1 142 157 -790.318
1 142 158 -790.318
1 142 174 -790.318
1 142 179 -790.318
1 142 201 -790.318
1 143 146 -790.318
1 143 157 -2370.96
1 144 142 -1580.64
1 144 173 -790.318
1 145 142 -790.318
1 145 143 -790.318
1 145 151 -790.318
1 145 187 -790.318
1 145 226 -790.318
1 146 140 -790.318
1 146 141 -1580.64
1 146 145 -790.318
1 146 208 -790.318
1 146 229 -790.318
1 146 230 -790.318
1 146 232 -790.318
1 147 139 -2370.96
1 147 140 -790.318
1 147 141 -790.318
1 147 142 -790.318
1 147 229 -790.318
1 147 230 -790.318
1 147 233 -790.318
1 147 239 -790.318
1 147 240 -790.318
1 148 217 -790.318
1 148 221 -790.318
1 149 127 -790.318
1 149 147 -790.318
1 149 154 -790.318
1 149 222 -790.318
1 149 253 -790.318
1 150 160 -790.318
1 150 164 -790.318
1 150 177 -790.318
1 150 227 -790.318
1 150 236 -790.318
1 151 128 -790.318
1 151 228 -790.318
1 152 153 -790.318
1 152 173 -790.318
1 152 176 -790.318
1 152 222 -790.318
1 152 228 -790.318
1 153 126 -790.318
1 153 136 -790.318
1 153 155 -790.318
1 153 232 -790.318
1 153 238 -790.318
1 153 253 -790.318
1 154 126 -790.318
1 154 133 -790.318
1 154 161 -790.318
1 154 172 -790.318
1 154 220 -790.318
1 154 244 -790.318
1 155 170 -1580.64
1 155 216 -790.318
1 155 262 -790.318
1 156 160 -790.318
1 156 211 -790.318
1 156 223 -790.318
1 157 132 -790.318
1 157 133 -790.318
1 157 134 -2370.96
1 157 136 -790.318
1 157 194 -790.318
1 157 207 -790.318
1 157 240 -790.318
1 158 135 -790.318
1 158 248 -790.318
1 159 152 -790.318
1 159 231 -790.318
1 159 240 -790.318
1 159 247 -790.318
1 159 248 -790.318
1 159 250 -790.318
1 159 251 -790.318
1 159 257 -790.318
1 160 133 -790.318
1 160 249 -1580.64
1 160 251 -1580.64
1 160 252 -790.318
1 160 253 -790.318
1 160 262 -790.318
1 161 144 -1580.64
1 161 251 -790.318
1 161 253 -790.318
1 162 137 -1580.64
1 162 252 -1580.64
1 162 253 -790.318
1 163 152 -790.318
1 163 190 -790.318
1 163 236 -790.318
1 164 278 -790.318
1 164 290 -790.318
1 164 299 -790.318
1 165 133 -1580.64
1 165 134 -1580.64
1 165 135 -790.318
1 165 290 -790.318
1 166 131 -790.318
1 166 132 -790.318
1 166 133 -1580.64
1 166 134 -790.318
1 166 135 -790.318
1 166 210 -790.318
1 166 254 -790.318
1 166 255 -790.318
1 167 127 -790.318
1 167 132 -1580.64
1 167 133 -1580.64
1 167 134 -2370.96
1 167 256 -790.318
1 167 288 -790.318
1 167 294 -790.318
1 168 130 -790.318
1 168 131 -790.318
1 168 132 -3161.27
1 168 133 -3161.27
1 168 286 -790.318
1 168 287 -1580.64
1 168 291 -1580.64
1 169 128 -1580.64
1 169 129 -3161.27
1 169 131 -790.318
1 169 132 -3951.59
1 169 133 -2370.96
1 169 134 -7112.87
1 169 135 -790.318
1 169 236 -790.318
1 169 260 -790.318
1 169 271 -790.318
1 169 287 -790.318
1 169 290 -790.318
1 170 133 -2370.96
1 170 134 -9483.82
1 170 136 -790.318
1 170 187 -790.318
1 170 256 -790.318
1 170 287 -790.318
1 170 292 -790.318
1 171 133 -1580.64
1 171 134 -790.318
1 171 136 -3951.59
1 171 290 -790.318
1 172 257 -790.318
1 172 284 -790.318
1 172 295 -1580.64
1 172 311 -790.318
1 173 258 -790.318
1 173 278 -790.318
1 173 290 -790.318
1 173 292 -790.318
1 173 293 -1580.64
1 173 294 -790.318
1 174 124 -790.318
1 174 253 -790.318
1 174 261 -790.318
1 174 270 -790.318
1 174 283 -790.318
1 174 289 -790.318
1 174 293 -790.318
1 175 260 -790.318
1 175 288 -790.318
1 175 292 -1580.64
1 175 293 -790.318
1 175 296 -790.318
1 175 305 -790.318
1 176 274 -790.318
1 176 305 -790.318
1 177 289 -790.318
1 177 290 -790.318
1 178 243 -790.318
1 178 280 -790.318
1 178 285 -790.318
1 178 302 -790.318
1 178 305 -790.318
1 178 306 -790.318
1 178 311 -790.318
1 179 278 -790.318
1 179 285 -790.318
1 180 149 -790.318
1 180 286 -790.318
1 181 297 -790.318
1 181 307 -790.318
1 181 308 -790.318
1 183 242 -790.318
1 183 285 -790.318
1 183 295 -790.318
1 183 308 -790.318
1 183 309 -790.318
1 183 318 -790.318
1 184 263 -790.318
1 184 285 -790.318
1 184 313 -790.318
1 184 319 -790.318
1 185 257 -790.318
1 185 305 -790.318
1 185 306 -790.318
1 185 307 -790.318
1 185 315 -790.318
1 186 255 -790.318
1 186 265 -790.318
1 186 307 -1580.64
1 186 310 -790.318
1 188 262 -790.318
1 188 294 -790.318
1 188 295 -790.318
1 189 295 -790.318
1 189 309 -790.318
1 190 307 -790.318
1 190 308 -790.318
1 190 324 -790.318
1 191 292 -1580.64
1 191 304 -790.318
1 191 305 -790.318
1 192 258 -790.318
1 192 284 -790.318
1 192 304 -790.318
1 192 316 -790.318
1 192 319 -790.318
1 193 262 -790.318
1 193 301 -790.318
1 193 311 -790.318
1 193 313 -1580.64
1 194 284 -790.318
1 194 313 -790.318
1 195 269 -790.318
1 195 287 -790.318
1 195 289 -790.318
1 195 300 -790.318
1 195 311 -790.318
1 195 313 -790.318
1 196 269 -790.318
1 196 275 -790.318
1 196 303 -790.318
1 196 324 -790.318
1 196 333 -790.318
1 197 264 -790.318
1 197 283 -790.318
1 197 300 -790.318
1 197 322 -790.318
1 197 325 -790.318
1 198 242 -790.318
1 198 276 -1580.64
1 198 309 -790.318
1 198 311 -790.318
1 199 283 -790.318
1 199 311 -790.318
1 199 324 -790.318
1 200 280 -790.318
1 200 286 -790.318
1 200 296 -790.318
1 200 299 -790.318
1 200 306 -790.318
1 200 307 -790.318
1 200 312 -790.318
1 200 343 -790.318
1 200 345 -790.318
1 201 257 -790.318
1 202 280 -790.318
1 202 287 -790.318
1 202 297 -790.318
1 202 301 -790.318
1 202 302 -790.318
1 203 215 -790.318
1 203 304 -790.318
1 203 305 -790.318
1 203 309 -790.318
1 203 315 -790.318
1 205 263 -790.318
1 205 303 -790.318
1 205 304 -790.318
1 205 317 -790.318
1 205 318 -790.318
1 205 319 -790.318
1 206 264 -790.318
1 206 270 -790.318
1 206 301 -790.318
1 206 304 -790.318
1 206 315 -790.318
1 206 317 -1580.64
1 207 262 -790.318
1 207 300 -790.318
1 207 301 -1580.64
1 207 303 -790.318
1 207 304 -790.318
1 207 306 -1580.64
1 207 315 -790.318
1 207 317 -790.318
1 208 298 -1580.64
1 208 299 -1580.64
1 208 306 -790.318
1 208 317 -790.318
1 208 328 -790.318
1 209 284 -790.318
1 209 297 -790.318
1 209 302 -790.318
1 210 284 -790.318
1 210 301 -790.318
1 210 302 -790.318
1 210 342 -790.318
1 211 301 -790.318
1 211 321 -790.318
1 212 295 -790.318
1 212 347 -790.318
1 213 226 -790.318
1 213 287 -790.318
1 213 303 -790.318
1 213 329 -790.318
1 214 319 -790.318
1 215 289 -790.318
1 215 311 -790.318
1 215 353 -790.318
1 216 323 -790.318
1 216 341 -790.318
1 217 244 -790.318
1 217 249 -790.318
1 217 351 -790.318
1 218 209 -790.318
1 218 243 -790.318
1 218 292 -790.318
1 218 345 -1580.64
1 221 240 -790.318
1 221 611 -790.318
1 222 254 -790.318
1 222 362 -790.318
1 224 338 -790.318
1 224 359 -790.318
1 225 323 -790.318
1 225 329 -790.318
1 225 332 -790.318
1 225 368 -790.318
1 225 373 -790.318
1 225 378 -790.318
1 225 382 -1580.64
1 226 323 -790.318
1 226 388 -1580.64
1 226 618 -790.318
1 227 315 -790.318
1 228 606 -790.318
1 229 385 -1580.64
1 229 392 -790.318
1 229 393 -790.318
1 229 397 -3161.27
1 229 618 -3951.59
1 230 338 -790.318
1 230 373 -1580.64
1 230 384 -790.318
1 230 392 -1580.64
1 230 393 -3161.27
1 230 396 -790.318
1 230 605 -790.318
1 231 343 -790.318
1 231 383 -790.318
1 231 392 -3951.59
1 231 393 -8693.5
1 231 398 -790.318
1 231 603 -790.318
1 231 607 -1580.64
1 232 259 -790.318
1 232 300 -790.318
1 232 384 -790.318
1 232 389 -790.318
1 232 393 -4741.91
1 232 394 -3161.27
1 232 405 -790.318
1 232 604 -1580.64
1 232 606 -1580.64
1 232 607 -2370.96
1 232 608 -790.318
1 233 373 -790.318
1 233 393 -790.318
1 233 403 -790.318
1 233 406 -3161.27
1 233 601 -1580.64
1 233 602 -790.318
1 234 374 -790.318
1 234 388 -790.318
1 234 389 -790.318
1 234 406 -2370.96
1 234 407 -1580.64
1 234 601 -790.318
1 234 602 -1580.64
1 234 603 -2370.96
1 234 604 -790.318
1 234 605 -1580.64
1 234 606 -790.318
1 234 609 -790.318
1 234 620 -790.318
1 234 621 -790.318
1 235 342 -790.318
1 235 368 -790.318
1 235 389 -790.318
1 235 392 -790.318
1 235 404 -790.318
1 235 406 -790.318
1 235 599 -790.318
1 235 600 -1580.64
1 235 602 -2370.96
1 235 603 -790.318
1 235 606 -790.318
1 235 608 -790.318
1 236 256 -790.318
1 236 359 -790.318
1 236 377 -1580.64
1 236 378 -790.318
1 236 389 -1580.64
1 236 600 -790.318
1 236 601 -790.318
1 236 602 -1580.64
1 236 605 -790.318
1 236 606 -790.318
1 236 607 -790.318
1 236 620 -790.318
1 237 330 -790.318
1 237 377 -790.318
1 237 384 -790.318
1 237 388 -790.318
1 237 605 -1580.64
1 237 606 -2370.96
1 237 607 -1580.64
1 237 608 -3951.59
1 237 609 -2370.96
1 237 620 -790.318
1 238 346 -790.318
1 238 391 -790.318
1 238 410 -790.318
1 238 602 -790.318
1 238 603 -790.318
1 238 606 -3951.59
1 238 607 -4741.91
1 238 608 -3161.27
1 238 610 -790.318
1 239 297 -790.318
1 239 323 -790.318
1 239 404 -790.318
1 239 601 -790.318
1 239 603 -790.318
1 239 607 -1580.64
1 239 608 -3161.27
1 239 609 -2370.96
1 239 610 -1580.64
1 239 615 -1580.64
1 240 267 -790.318
1 240 319 -790.318
1 240 327 -790.318
1 240 352 -790.318
1 240 374 -1580.64
1 240 392 -1580.64
1 240 396 -790.318
1 240 406 -790.318
1 240 603 -790.318
1 240 605 -2370.96
1 240 606 -3161.27
1 240 607 -1580.64
1 240 620 -1580.64
1 240 621 -790.318
1 241 339 -790.318
1 241 352 -790.318
1 241 370 -1580.64
1 241 375 -790.318
1 241 409 -790.318
1 241 577 -790.318
1 241 603 -1580.64
1 241 605 -2370.96
1 241 606 -1580.64
1 241 607 -1580.64
1 241 608 -1580.64
1 241 609 -3951.59
1 241 610 -790.318
1 241 611 -790.318
1 241 620 -790.318
1 241 621 -790.318
1 242 314 -790.318
1 242 318 -790.318
1 242 336 -790.318
1 242 338 -790.318
1 242 339 -790.318
1 242 373 -2370.96
1 242 374 -4741.91
1 242 406 -1580.64
1 242 603 -1580.64
1 242 604 -5532.23
1 242 605 -7112.87
1 242 606 -2370.96
1 242 607 -3951.59
1 242 608 -3951.59
1 242 609 -2370.96
1 242 610 -2370.96
1 242 616 -790.318
1 242 622 -790.318
1 242 623 -2370.96
1 243 366 -790.318
1 243 369 -790.318
1 243 372 -1580.64
1 243 373 -6322.55
1 243 374 -2370.96
1 243 386 -790.318
1 243 391 -790.318
1 243 405 -790.318
1 243 406 -790.318
1 243 407 -1580.64
1 243 409 -790.318
1 243 577 -790.318
1 243 606 -5532.23
1 243 607 -3951.59
1 243 608 -1580.64
1 243 609 -4741.91
1 243 620 -790.318
1 243 622 -1580.64
1 243 623 -6322.55
1 244 371 -790.318
1 244 372 -1580.64
1 244 373 -2370.96
1 244 415 -790.318
1 244 598 -790.318
1 244 606 -3161.27
1 244 607 -790.318
1 244 611 -790.318
1 244 616 -790.318
1 244 622 -790.318
1 244 623 -3161.27
1 244 624 -790.318
1 245 312 -790.318
1 245 315 -790.318
1 245 326 -790.318
1 245 335 -790.318
1 245 338 -790.318
1 245 356 -1580.64
1 245 371 -790.318
1 245 413 -790.318
1 245 586 -790.318
1 245 604 -790.318
1 245 605 -2370.96
1 245 606 -3951.59
1 245 607 -3161.27
1 245 609 -3951.59
1 245 610 -1580.64
1 245 612 -1580.64
1 245 616 -1580.64
1 245 619 -790.318
1 245 620 -1580.64
1 245 622 -790.318
1 246 214 -790.318
1 246 342 -790.318
1 246 356 -790.318
1 246 357 -790.318
1 246 374 -790.318
1 246 413 -790.318
1 246 590 -790.318
1 246 599 -790.318
1 246 600 -4741.91
1 246 605 -3161.27
1 246 606 -5532.23
1 246 607 -3161.27
1 246 610 -790.318
1 246 612 -1580.64
1 246 614 -790.318
1 246 615 -790.318
1 246 623 -790.318
1 247 314 -790.318
1 247 331 -790.318
1 247 367 -1580.64
1 247 368 -3951.59
1 247 387 -1580.64
1 247 413 -790.318
1 247 578 -790.318
1 247 597 -790.318
1 247 598 -5532.23
1 247 599 -4741.91
1 247 600 -7903.18
1 247 601 -7903.18
1 247 605 -1580.64
1 247 609 -1580.64
1 247 610 -1580.64
1 247 611 -3161.27
1 247 612 -3161.27
1 247 613 -1580.64
1 247 618 -1580.64
1 247 619 -790.318
1 247 623 -790.318
1 248 307 -790.318
1 248 367 -790.318
1 248 368 -3161.27
1 248 371 -1580.64
1 248 372 -3951.59
1 248 387 -1580.64
1 248 388 -4741.91
1 248 413 -790.318
1 248 416 -790.318
1 248 529 -790.318
1 248 567 -790.318
1 248 596 -5532.23
1 248 597 -3951.59
1 248 598 -7903.18
1 248 599 -4741.91
1 248 600 -3161.27
1 248 601 -4741.91
1 248 602 -2370.96
1 248 605 -790.318
1 248 608 -790.318
1 248 609 -1580.64
1 248 610 -2370.96
1 248 611 -4741.91
1 248 612 -4741.91
1 248 613 -5532.23
1 248 618 -790.318
1 248 619 -790.318
1 248 620 -790.318
1 248 623 -1580.64
1 249 333 -790.318
1 249 334 -790.318
1 249 365 -1580.64
1 249 366 -2370.96
1 249 367 -790.318
1 249 368 -2370.96
1 249 371 -790.318
1 249 387 -790.318
1 249 388 -790.318
1 249 400 -790.318
1 249 412 -790.318
1 249 567 -790.318
1 249 593 -1580.64
1 249 595 -4741.91
1 249 596 -5532.23
1 249 597 -8693.5
1 249 603 -2370.96
1 249 604 -6322.55
1 249 605 -3951.59
1 249 607 -3161.27
1 249 609 -790.318
1 249 610 -1580.64
1 249 611 -3951.59
1 249 612 -7112.87
1 249 613 -1580.64
1 249 618 -790.318
1 249 623 -790.318
1 250 331 -790.318
1 250 355 -790.318
1 250 365 -1580.64
1 250 366 -3951.59
1 250 367 -2370.96
1 250 368 -790.318
1 250 369 -1580.64
1 250 370 -1580.64
1 250 371 -4741.91
1 250 382 -790.318
1 250 406 -790.318
1 250 413 -790.318
1 250 414 -790.318
1 250 423 -790.318
1 250 436 -790.318
1 250 568 -790.318
1 250 579 -790.318
1 250 591 -790.318
1 250 594 -790.318
1 250 596 -6322.55
1 250 597 -1580.64
1 250 602 -790.318
1 250 603 -5532.23
1 250 604 -4741.91
1 250 605 -3161.27
1 250 607 -790.318
1 250 608 -2370.96
1 250 609 -790.318
1 250 610 -790.318
1 250 613 -790.318
1 251 276 -790.318
1 251 322 -790.318
1 251 365 -2370.96
1 251 366 -7112.87
1 251 367 -1580.64
1 251 368 -1580.64
1 251 371 -790.318
1 251 379 -790.318
1 251 407 -790.318
1 251 414 -790.318
1 251 424 -790.318
1 251 598 -790.318
1 251 604 -790.318
1 251 605 -790.318
1 251 607 -790.318
1 251 610 -790.318
1 252 236 -790.318
1 252 365 -2370.96
1 252 366 -5532.23
1 252 367 -5532.23
1 252 368 -1580.64
1 252 376 -790.318
1 252 412 -790.318
1 252 416 -790.318
1 252 428 -790.318
1 252 506 -790.318
1 252 507 -790.318
1 252 528 -790.318
1 252 534 -790.318
1 252 544 -790.318
1 252 576 -790.318
1 252 591 -1580.64
1 252 596 -1580.64
1 252 597 -1580.64
1 252 598 -790.318
1 252 599 -1580.64
1 252 608 -1580.64
1 252 609 -790.318
1 252 611 -790.318
1 252 620 -790.318
1 253 259 -790.318
1 253 342 -790.318
1 253 363 -790.318
1 253 365 -1580.64
1 253 366 -4741.91
1 253 367 -3161.27
1 253 370 -790.318
1 253 375 -1580.64
1 253 404 -790.318
1 253 433 -1580.64
1 253 506 -790.318
1 253 543 -790.318
1 253 546 -790.318
1 253 547 -790.318
1 253 566 -790.318
1 253 586 -1580.64
1 253 596 -790.318
1 253 597 -3161.27
1 253 601 -790.318
1 253 604 -790.318
1 253 605 -790.318
1 253 614 -2370.96
1 254 366 -1580.64
1 254 478 -790.318
1 254 581 -790.318
1 254 584 -790.318
1 254 585 -4741.91
1 254 586 -3951.59
1 254 587 -2370.96
1 254 588 -2370.96
1 254 589 -3161.27
1 254 598 -790.318
1 254 599 -790.318
1 254 601 -1580.64
1 254 604 -1580.64
1 254 605 -790.318
1 254 606 -790.318
1 254 611 -790.318
1 255 341 -790.318
1 255 346 -790.318
1 255 371 -790.318
1 255 402 -790.318
1 255 442 -790.318
1 255 445 -790.318
1 255 461 -790.318
1 255 479 -790.318
1 255 512 -790.318
1 255 513 -790.318
1 255 526 -790.318
1 255 547 -790.318
1 255 548 -790.318
1 255 565 -790.318
1 255 583 -2370.96
1 255 584 -3161.27
1 255 585 -3161.27
1 255 586 -3161.27
1 255 587 -1580.64
1 255 588 -790.318
1 255 591 -790.318
1 255 594 -790.318
1 255 597 -790.318
1 255 600 -1580.64
1 255 607 -790.318
1 256 346 -790.318
1 256 350 -790.318
1 256 367 -790.318
1 256 373 -790.318
1 256 374 -790.318
1 256 491 -790.318
1 256 526 -790.318
1 256 531 -2370.96
1 256 532 -790.318
1 256 547 -790.318
1 256 548 -1580.64
1 256 549 -790.318
1 256 575 -790.318
1 256 578 -1580.64
1 256 580 -790.318
1 256 584 -2370.96
1 256 585 -1580.64
1 256 592 -1580.64
1 256 594 -5532.23
1 256 595 -3161.27
1 256 607 -3161.27
1 256 608 -1580.64
1 256 609 -790.318
1 257 330 -790.318
1 257 461 -790.318
1 257 497 -790.318
1 257 503 -790.318
1 257 506 -790.318
1 257 512 -790.318
1 257 527 -2370.96
1 257 529 -790.318
1 257 532 -790.318
1 257 549 -790.318
1 257 574 -790.318
1 257 575 -2370.96
1 257 584 -2370.96
1 257 585 -2370.96
1 257 593 -1580.64
1 257 594 -6322.55
1 257 595 -3161.27
1 257 597 -1580.64
1 257 606 -5532.23
1 257 607 -790.318
1 258 307 -790.318
1 258 330 -790.318
1 258 366 -790.318
1 258 485 -1580.64
1 258 489 -1580.64
1 258 491 -790.318
1 258 493 -790.318
1 258 494 -790.318
1 258 496 -790.318
1 258 497 -790.318
1 258 498 -2370.96
1 258 499 -1580.64
1 258 502 -790.318
1 258 503 -790.318
1 258 529 -1580.64
1 258 531 -790.318
1 258 532 -790.318
1 258 533 -1580.64
1 258 535 -790.318
1 258 546 -790.318
1 258 550 -790.318
1 258 556 -1580.64
1 258 564 -790.318
1 258 576 -790.318
1 258 583 -790.318
1 258 584 -2370.96
1 258 586 -2370.96
1 258 594 -2370.96
1 258 606 -3951.59
1 258 607 -790.318
1 259 346 -790.318
1 259 369 -1580.64
1 259 402 -790.318
1 259 444 -790.318
1 259 456 -790.318
1 259 485 -790.318
1 259 486 -790.318
1 259 488 -790.318
1 259 489 -790.318
1 259 490 -1580.64
1 259 509 -1580.64
1 259 510 -790.318
1 259 522 -790.318
1 259 528 -790.318
1 259 529 -790.318
1 259 531 -790.318
1 259 532 -790.318
1 259 545 -790.318
1 259 549 -790.318
1 259 554 -1580.64
1 259 555 -1580.64
1 259 556 -2370.96
1 259 557 -2370.96
1 259 575 -3161.27
1 259 576 -790.318
1 259 579 -790.318
1 259 584 -790.318
1 259 585 -3161.27
1 259 586 -1580.64
1 260 369 -1580.64
1 260 404 -1580.64
1 260 443 -790.318
1 260 454 -790.318
1 260 485 -790.318
1 260 486 -1580.64
1 260 487 -790.318
1 260 492 -790.318
1 260 499 -790.318
1 260 502 -1580.64
1 260 517 -790.318
1 260 527 -790.318
1 260 545 -2370.96
1 260 548 -790.318
1 260 554 -790.318
1 260 556 -790.318
1 260 567 -790.318
1 260 576 -790.318
1 260 577 -790.318
1 261 397 -790.318
1 261 404 -790.318
1 261 444 -790.318
1 261 483 -790.318
1 261 487 -790.318
1 261 501 -790.318
1 261 502 -790.318
1 261 545 -790.318
1 261 551 -790.318
1 261 552 -790.318
1 261 565 -790.318
1 262 254 -790.318
1 262 353 -1580.64
1 262 369 -790.318
1 262 425 -790.318
1 262 443 -790.318
1 262 458 -790.318
1 262 483 -1580.64
1 262 493 -790.318
1 262 501 -790.318
1 262 502 -790.318
1 262 523 -790.318
1 262 524 -790.318
1 262 535 -790.318
1 262 536 -790.318
1 262 537 -790.318
1 262 542 -790.318
1 262 546 -790.318
1 262 584 -790.318
1 262 587 -790.318
1 263 355 -790.318
1 263 415 -790.318
1 263 484 -790.318
1 263 493 -790.318
1 263 509 -790.318
1 263 522 -790.318
1 263 523 -1580.64
1 263 524 -1580.64
1 263 541 -1580.64
1 263 542 -790.318
1 263 543 -790.318
1 263 546 -1580.64
1 263 576 -790.318
1 263 579 -790.318
1 263 581 -3161.27
1 264 369 -790.318
1 264 379 -790.318
1 264 481 -790.318
1 264 482 -790.318
1 264 493 -790.318
1 264 503 -790.318
1 264 504 -790.318
1 264 516 -790.318
1 264 521 -2370.96
1 264 527 -790.318
1 264 543 -3161.27
1 264 568 -790.318
1 264 575 -790.318
1 264 576 -1580.64
1 265 336 -790.318
1 265 367 -1580.64
1 265 457 -790.318
1 265 459 -790.318
1 265 511 -790.318
1 265 516 -790.318
1 265 520 -790.318
1 265 524 -790.318
1 265 568 -1580.64
1 266 314 -790.318
1 266 413 -790.318
1 266 456 -790.318
1 266 478 -790.318
1 266 481 -790.318
1 266 483 -790.318
1 266 484 -790.318
1 266 485 -790.318
1 266 492 -790.318
1 266 498 -790.318
1 266 505 -790.318
1 266 518 -790.318
1 266 523 -790.318
1 266 543 -790.318
1 266 545 -790.318
1 266 549 -790.318
1 266 555 -790.318
1 267 337 -790.318
1 267 365 -790.318
1 267 381 -790.318
1 267 459 -790.318
1 267 460 -1580.64
1 267 505 -790.318
1 267 507 -790.318
1 267 543 -790.318
1 267 544 -1580.64
1 267 549 -790.318
1 267 553 -2370.96
1 267 562 -790.318
1 268 507 -1580.64
1 268 540 -790.318
1 268 541 -790.318
1 268 542 -1580.64
1 268 543 -3161.27
1 268 544 -1580.64
1 268 549 -790.318
1 268 551 -790.318
1 268 552 -790.318
1 268 553 -790.318
1 269 362 -790.318
1 269 505 -1580.64
1 269 507 -790.318
1 269 528 -790.318
1 269 543 -790.318
1 269 547 -1580.64
1 270 474 -790.318
1 270 475 -1580.64
1 270 479 -790.318
1 270 491 -790.318
1 270 504 -790.318
1 270 507 -790.318
1 270 526 -790.318
1 271 375 -790.318
1 271 388 -790.318
1 271 479 -790.318
1 271 481 -790.318
1 271 487 -790.318
1 271 491 -790.318
1 271 526 -790.318
1 272 469 -790.318
1 272 493 -790.318
1 272 495 -1580.64
1 272 496 -790.318
1 272 502 -790.318
1 272 526 -2370.96
1 273 441 -790.318
1 273 462 -790.318
1 273 526 -790.318
1 275 463 -790.318
1 275 480 -790.318
1 275 502 -790.318
1 275 504 -790.318
1 276 502 -790.318
1 277 393 -790.318
1 279 459 -790.318
1 280 563 -790.318
1 282 434 -790.318
1 282 435 -790.318
1 283 461 -790.318
1 283 482 -790.318
1 283 483 -790.318
1 285 437 -790.318
1 285 482 -790.318
1 285 483 -790.318
1 286 377 -790.318
1 286 464 -790.318
1 288 469 -790.318
1 289 362 -790.318
1 289 443 -790.318
1 292 358 -790.318
1 293 390 -2370.96
1 293 391 -790.318
1 296 390 -790.318
1 301 359 -790.318
1 301 378 -790.318
1 85 106 -790.318
1 92 112 -1580.64
1 93 117 -790.318
1 97 89 -790.318
1 98 101 -790.318
1 99 126 -790.318
1 99 136 -790.318
1 147 119 -3194.4
1 148 187 -152460.0
1 150 114 -35864.4
1 153 113 -22796.4
1 156 158 -37316.4
1 157 160 -36445.2
1 170 169 -201828.0
1 197 280 -257004.0
1 199 225 -78262.8
1 210 300 -59822.4
1 234 285 -11180.4
1 244 234 -27878.4
1 259 541 -580.8
1 267 479 -1016.4
1 271 361 -2786.08
1 291 453 -25194.4
1 109 116 -50529.6
1 131 118 -580.8
1 132 183 -20037.6
1 137 123 -51691.2
1 140 173 -30201.6
1 141 124 -50965.2
1 152 130 -14229.6
1 155 192 -76520.4
1 157 117 -17133.6
1 157 190 -435.6
1 164 258 -181210.0
1 169 164 -261070.0
1 172 162 -57354.0
1 172 163 -41091.6
1 173 196 -871.2
1 175 213 -86248.8
1 195 280 -149556.0
1 202 295 -80150.4
1 203 296 -136924.0
1 218 173 -96412.8
1 226 358 -4965.84
1 247 335 -71874.0
1 256 333 -65340.0
1 262 350 -65340.0
1 265 349 -43414.8
1 267 346 -104544.0
1 269 347 -123420.0
1 271 470 -1742.4
1 274 431 -2748730.0
1 280 367 -69115.2
1 285 357 -145.2
1 289 374 -435.6
1 299 335 -85668.0
1 143 152 -15246.0
1 144 130 -4936.8
1 148 113 -65630.4
1 149 118 -63888.0
1 151 143 -290.4
1 152 177 -97138.8
1 152 183 -90750.0
1 153 185 -111368.0
1 153 212 -81457.2
1 155 180 -47190.0
1 159 188 -94380.0
1 161 161 -43705.2
1 162 171 -230868.0
1 164 159 -95251.2
1 170 217 -126324.0
1 175 178 -4356.0
1 176 128 -20328.0
1 188 287 -9147.6
1 189 206 -47044.8
1 201 279 -224915.0
1 221 294 -180484.0
1 221 361 -3484.8
1 222 266 -94380.0
1 224 273 -76520.4
1 226 361 -45738.0
1 234 319 -58080.0
1 235 317 -21780.0
1 237 292 -193758.0
1 245 243 -13939.2
1 248 238 -172643.0
1 248 331 -55902.0
1 256 342 -14520.0
1 266 345 -93944.4
1 271 268 -165528.0
1 274 278 -23232.0
1 289 355 -6679.2
1 296 391 -145.2
1 296 393 -36880.8
1 140 166 -17859.6
1 141 116 -153186.0
1 141 165 -1452.0
1 142 185 -165528.0
1 143 114 -215912.0
1 143 184 -137940.0
1 144 151 -60838.8
1 144 186 -61710.0
1 145 114 -72600.0
1 146 150 -18730.8
1 146 180 -101059.0
1 147 148 -68098.8
1 149 124 -1306.8
1 149 181 -58080.0
1 149 202 -88136.4
1 150 172 -37752.0
1 150 183 -27297.6
1 150 186 -33831.6
1 151 181 -123130.0
1 151 189 -148104.0
1 151 211 -9873.6
1 152 180 -103237.0
1 153 188 -176418.0
1 154 113 -1742.4
1 158 173 -5662.8
1 164 124 -10018.8
1 165 167 -140699.0
1 168 164 -37752.0
1 168 166 -44286.0
1 170 115 -2904.0
1 176 222 -8566.8
1 184 210 -104544.0
1 188 207 -83199.6
1 189 288 -4065.6
1 193 280 -26281.2
1 206 280 -70857.6
1 209 273 -61564.8
1 209 281 -100943.0
1 210 249 -98736.0
1 211 263 -161027.0
1 211 296 -37897.2
1 213 270 -46899.6
1 221 302 -5808.0
1 221 317 -111078.0
1 224 287 -34848.0
1 228 354 -91911.6
1 230 352 -145200.0
1 231 270 -27588.0
1 231 347 -21199.2
1 235 295 -106432.0
1 236 320 -216348.0
1 236 342 -42108.0
1 236 344 -29185.2
1 240 337 -76810.8
1 240 357 -84070.8
1 244 333 -16336.5
1 246 332 -65340.0
1 246 337 -21780.0
1 251 334 -131842.0
1 258 345 -30637.2
1 260 345 -46318.8
1 261 340 -19602.0
1 262 286 -11180.4
1 263 344 -55756.8
1 267 321 -47770.8
1 267 428 -25934.1
1 269 365 -1452.0
1 270 361 -92202.0
1 271 267 -107448.0
1 271 355 -72600.0
1 271 363 -61129.2
1 275 399 -1135.0
1 281 331 -2323.2
1 284 333 -6969.6
1 289 371 -47770.8
1 296 358 -38623.2
1 297 356 -14374.8
1 297 391 -63307.2
1 299 347 -10599.6
1 131 125 -73616.4
1 134 123 -103963.0
1 135 126 -5227.2
1 138 125 -45592.8
1 142 169 -7114.8
1 146 146 -14955.6
1 152 213 -34267.2
1 155 116 -11470.8
1 156 214 -58370.4
1 161 185 -9292.8
1 163 186 -13358.4
1 166 203 -4501.2
1 168 216 -101204.0
1 183 232 -43269.6
1 192 232 -359806.0
1 193 235 -111804.0
1 201 310 -1887.6
1 211 195 -1161.6
1 215 261 -116015.0
1 221 339 -97284.0
1 222 324 -8421.6
1 223 263 -122404.0
1 226 354 -18876.0
1 230 358 -21054.0
1 232 347 -580.8
1 233 341 -50820.0
1 242 618 -6243.6
1 248 344 -88747.2
1 263 345 -29040.0
1 263 570 -145.2
1 268 366 -2613.6
1 286 302 -8712.0
1 293 357 -20328.0
1 297 439 -1338320.0
1 132 120 -57208.8
1 134 124 -59677.2
1 134 126 -32670.0
1 135 122 -36590.4
1 137 128 -80586.0
1 148 119 -23377.2
1 150 118 -69696.0
1 150 121 -68244.0
1 150 127 -4210.8
1 152 118 -30492.0
1 153 122 -28459.2
1 153 123 -34412.4
1 155 125 -42398.4
1 156 124 -22941.6
1 158 138 -28604.4
1 158 140 -59822.4
1 160 139 -52562.4
1 185 168 -78262.8
1 189 126 -128938.0
1 230 223 -9292.8
1 260 337 -2613.6
1 276 358 -726.0
1 276 359 -24974.4
1 281 445 -145.2
1 149 213 -101785.0
1 189 195 -86103.6
1 190 250 -3194.4
1 192 197 -135472.0
1 202 228 -8421.6
1 210 253 -18150.0
1 217 236 -77101.2
1 245 324 -1452.0
1 270 480 -290.4
1 144 124 -9728.4
1 145 131 -36009.6
1 148 124 -290.4
1 148 166 -27442.8
1 151 118 -53578.8
1 158 114 -26862.0
1 187 263 -290.4
1 188 204 -29185.2
1 203 340 -1478.95
1 208 226 -3630.0
1 211 266 -45478.2
1 213 276 -4712.25
1 214 274 -24978.2
1 220 278 -158576.0
1 233 375 -1597.2
1 236 317 -44721.6
1 239 385 -5170.27
1 239 406 -416.57
1 241 238 -32815.2
1 245 408 -12777.6
1 246 320 -7840.8
1 248 454 -871.2
1 259 351 -4698.16
1 262 585 -145.2
1 263 492 -3.03
1 265 360 -80199.5
1 269 360 -8760.54
1 272 360 -38768.4
1 273 521 -8421.6
1 274 327 -21634.8
1 274 521 -435.6
1 275 465 -118.53
1 294 354 -1452.0
1 297 377 -10454.4
1 147 116 -42543.6
1 147 183 -70422.0
1 156 122 -13503.6
1 205 310 -726.0
1 257 342 -13939.2
1 201 251 -120806.0
1 201 301 -23812.8
1 251 286 -21489.6
1 264 441 -290.4
1 265 488 -290.4
1 135 160 -14955.6
1 136 173 -1887.6
1 144 189 -16988.4
1 154 112 -11325.6
1 154 122 -49368.0
1 156 131 -1161.6
1 161 179 -178306.0
1 164 169 -5082.0
1 167 128 -3049.2
1 167 247 -5808.0
1 183 124 -70857.6
1 183 205 -145.2
1 186 125 -79714.8
1 186 209 -103528.0
1 204 300 -79.32
1 215 269 -65340.0
1 225 242 -21780.0
1 226 375 -155531.0
1 238 302 -12051.6
1 242 355 -196.87
1 244 321 -33250.8
1 245 406 -1887.6
1 247 591 -580.8
1 248 590 -145.2
1 251 614 -1458.5
1 255 333 -77682.0
1 256 443 -248.59
1 258 335 -27569.4
1 258 339 -1576.99
1 258 416 -88.67
1 263 583 -342.67
1 266 470 -530.6
1 267 354 -145.2
1 270 476 -1887.6
1 273 523 -125598.0
1 274 506 -1887.6
1 280 458 -690.68
1 297 388 -1315.42
1 298 384 -272.13
1 204 299 -871.2
1 221 300 -290.4
1 140 116 -34702.8
1 272 494 -290.4
1 134 167 -60548.4
1 159 157 -121968.0
1 184 305 -58.27
1 197 298 -15.81
1 211 290 -15972.0
1 226 330 -21585.0
1 244 430 -1306.8
1 247 342 -536.24
1 253 427 -1226.3
1 253 443 -1115.75
1 254 398 -163.76
1 254 444 -251.25
1 254 445 -50.18
1 256 445 -1389.39
1 261 346 -18554.4
1 261 369 -1793.1
1 263 448 -145.2
1 265 559 -1742.31
1 271 364 -29040.0
1 271 471 -290.4
1 271 489 -37853.9
1 272 371 -145.2
1 262 394 -462940.0
1 167 168 -57789.6
1 157 122 -726.0
1 160 136 -871.2
1 169 201 -41382.0
1 211 313 -50.62
1 212 315 -259.85
1 214 287 -130.12
1 224 372 -1597.2
1 246 609 -2479.33
1 247 343 -45.21
1 247 590 -1742.4
1 255 446 -567.95
1 261 525 -33.77
1 270 482 -84.66
1 276 386 -2323.2
1 281 446 -435.6
1 291 458 -15.36
1 295 390 -1597.2
1 297 384 -290.4
1 297 387 -1306.8
1 165 158 -37461.6
1 178 212 -5517.6
1 257 443 -1425.93
1 162 205 -56047.2
1 170 249 -6969.6
1 196 299 -8421.6
1 237 378 -7.13
1 240 386 -48.02
1 241 353 -202.86
1 244 330 -3630.0
1 247 341 -126.61
1 248 343 -208.1
1 253 400 -145.2
1 254 394 -22.06
1 254 400 -290.4
1 255 373 -145.2
1 261 362 -71874.0
1 262 441 -145.2
1 263 353 -8.83
1 274 527 -343.56
1 277 429 -5.21
1 282 451 -3339.6
1 207 193 -33831.6
1 145 139 -580.8
1 150 115 -65630.4
1 206 299 -151.44
1 261 461 -145.2
1 233 400 -34267.2
1 268 360 -1161.6
1 117 117 -12487.2
1 244 355 -24463.6
1 245 261 -28937.4
1 290 355 -68606.5
1 294 370 -33396.0
1 264 351 -1742.4
1 164 240 -580.8
1 173 170 -435.6
1 181 179 -24829.2
1 201 297 -88.86
1 207 298 -37.56
1 232 373 -1169.49
1 233 392 -245.46
1 234 236 -871.2
1 235 390 -99.84
1 236 398 -580.8
1 237 390 -1024.32
1 237 399 -145.2
1 237 400 -290.4
1 241 374 -38.34
1 248 342 -17.5
1 248 606 -182.81
1 249 343 -52.58
1 249 344 -123.92
1 249 411 -660.74
1 253 418 -265.53
1 253 442 -928.46
1 254 600 -170.87
1 256 442 -40.61
1 258 597 -160.86
1 259 335 -2067.6
1 259 428 -1016.4
1 263 467 -76230.0
1 263 468 -61564.8
1 267 481 -202.75
1 268 457 -145.2
1 278 465 -145.2
1 278 469 -290.09
1 281 429 -490.16
1 283 394 -44.35
1 284 436 -4791.6
1 292 376 -145.2
1 296 414 -4.09
1 297 446 -145.2
1 300 390 -7210.74
1 162 179 -42398.4
1 237 382 -145.2
1 240 379 -726.0
1 147 130 -19602.0
1 148 141 -58515.6
1 223 371 -580.8
1 257 456 -145.2
1 240 384 -33831.6
1 247 419 -2032.8
1 290 441 -145.2
1 176 219 -145.2
1 209 228 -13358.4
1 256 590 -17.47
