1 62 1 3798.3
1 61 2 3770.7
1 60 3 3749.7
1 59 4 3733.5
1 58 5 3721.5
1 57 6 3713.4
1 56 7 3709.2
1 55 8 3709.0
1 54 9 3713.4
1 53 10 3722.5
1 52 11 3736.7
1 51 12 3755.5
1 49 13 3767.8
1 50 13 3777.1
1 48 14 3789.3
1 47 15 3784.5
1 46 16 3776.7
1 45 17 3766.9
1 45 18 3767.6
1 45 19 3768.3
1 44 20 3756.4
1 44 21 3756.2
1 44 22 3755.5
1 44 23 3754.2
1 44 24 3752.2
1 44 25 3749.4
1 44 26 3745.6
1 44 27 3740.7
1 44 28 3734.5
1 44 29 3727.0
1 44 30 3717.9
1 44 31 3707.0
1 44 32 3694.2
1 44 33 3679.1
1 44 34 3661.5
1 44 35 3641.1
1 44 36 3617.4
1 44 37 3589.8
1 44 38 3557.8
1 44 39 3520.3
1 44 40 3476.1
1 44 41 3422.8
1 43 42 3304.0
1 43 43 3265.0
1 43 44 3203.3
1 42 45 3052.1
1 42 46 2997.6
1 40 47 2765.7
1 41 47 2812.0
1 40 48 2729.6
1 40 49 2663.5
1 40 50 2567.6
1 35 78 4859.7
1 35 79 4888.1
1 34 80 4945.1
1 33 81 5025.5
1 32 82 5089.1
1 31 83 5102.5
1 30 84 5114.2
1 29 85 5123.1
1 28 86 5145.4
1 27 87 5164.2
1 26 88 5190.3
1 25 89 5217.8
1 25 90 5254.2
1 24 91 5241.3
1 24 92 5256.5
1 24 93 5293.6
1 24 94 5330.6
1 23 95 5345.7
1 23 96 5386.0
1 23 97 5422.3
1 22 98 5430.3
1 22 99 5471.4
1 22 100 5508.4
1 22 101 5545.7
1 21 102 5566.0
1 21 103 5611.1
1 20 104 5633.2
1 20 105 5675.7
1 19 106 5707.7
1 19 107 5752.1
1 18 108 5788.7
1 18 109 5828.5
1 17 110 5747.7
1 17 111 5758.8
1 17 112 5868.1
1 65 109 6030.5
1 66 109 6027.0
1 67 109 5976.4
1 68 109 5941.6
1 69 109 5951.1
1 62 110 5964.5
1 63 110 6002.2
1 64 110 6023.1
1 70 110 6040.0
1 60 111 5859.4
1 61 111 5880.9
1 71 111 6106.0
1 37 112 5647.1
1 38 112 5707.3
1 39 112 5768.9
1 40 112 5814.4
1 41 112 5851.4
1 42 112 5873.4
1 43 112 5884.6
1 44 112 5893.7
1 45 112 5900.9
1 46 112 5910.4
1 47 112 5919.3
1 48 112 5936.9
1 55 112 5739.6
1 56 112 5761.3
1 57 112 5778.4
1 58 112 5795.2
1 59 112 5810.1
1 72 112 6143.0
1 16 113 5956.8
1 33 113 5631.7
1 34 113 5615.1
1 35 113 5599.2
1 36 113 5578.7
1 49 113 5930.6
1 50 113 5908.4
1 51 113 5855.3
1 52 113 5800.7
1 53 113 5744.1
1 54 113 5707.4
1 73 113 6175.3
1 16 114 6015.9
1 29 114 5721.3
1 30 114 5696.1
1 31 114 5668.3
1 32 114 5633.3
1 74 114 6198.4
1 75 114 6202.5
1 16 115 6072.6
1 25 115 5833.0
1 26 115 5810.2
1 27 115 5781.0
1 28 115 5741.0
1 76 115 6234.3
1 16 116 6127.9
1 21 116 5975.7
1 22 116 5990.6
1 23 116 5903.4
1 24 116 5863.2
1 77 116 6249.5
1 78 116 6247.6
1 79 116 6260.2
1 16 117 6182.1
1 20 117 6023.7
1 80 117 6281.1
1 81 117 6279.2
1 82 117 6258.6
1 83 117 6231.1
1 84 117 6202.0
1 16 118 6219.5
1 17 118 6185.7
1 18 118 6138.6
1 19 118 6085.1
1 85 118 6131.5
1 85 119 6089.7
1 86 120 6072.5
1 86 121 6095.2
1 86 122 6120.0
1 86 123 6137.3
1 86 124 6149.7
1 86 125 6159.3
1 86 126 6166.4
1 86 127 6170.1
1 86 128 6170.7
1 86 129 6169.0
1 86 130 6166.3
1 86 131 6162.1
1 86 132 6155.2
1 86 133 6146.5
1 86 134 6134.7
1 86 135 6118.8
1 86 136 6099.7
1 85 137 6050.6
1 85 138 6037.7
1 84 139 6032.8
1 83 140 6073.8
1 82 141 6157.7
1 82 142 6174.0
1 81 143 6226.7
1 80 144 6287.2
1 79 145 6356.2
1 78 146 6419.8
1 77 147 6487.1
1 76 148 6559.0
1 75 149 6636.4
1 75 150 6700.7
1 75 151 6761.3
1 75 152 6821.9
1 75 153 6868.8
1 76 154 6862.0
1 77 154 6849.2
1 78 154 6839.0
1 79 155 6827.7
1 80 155 6815.1
1 81 156 6797.5
1 82 157 6771.0
1 82 158 6748.6
1 83 158 6734.5
1 84 159 6704.6
1 84 160 6676.8
1 84 161 6652.4
1 84 162 6628.5
1 85 163 6603.4
1 86 164 6574.0
1 87 165 6537.0
1 88 166 6502.2
1 89 167 6468.6
1 90 168 6387.2
1 90 169 6337.2
1 91 170 6269.8
1 92 171 6198.4
1 93 172 6167.7
1 94 173 6141.2
1 94 174 6138.8
1 95 175 6123.4
1 95 176 6109.0
1 95 177 6113.7
1 95 178 6120.7
1 95 179 6126.0
1 96 180 5954.7
1 97 181 5971.7
1 98 182 5989.2
1 99 183 6006.7
1 100 184 6022.5
1 101 185 6037.9
1 102 185 6046.3
1 103 185 6061.9
1 104 186 6096.3
1 105 186 6097.4
1 106 187 6100.6
1 107 188 6096.4
1 108 189 5914.1
1 108 190 5916.1
1 108 191 5917.1
1 108 192 5916.7
1 108 193 5912.5
1 107 194 5707.4
1 107 195 5703.4
1 107 196 5695.6
1 107 197 5685.3
1 107 198 5673.3
1 106 199 5634.9
1 106 200 5622.0
1 105 201 5576.1
1 105 202 5562.9
1 104 203 5522.4
1 104 204 5513.7
1 104 205 5498.7
1 104 206 5477.3
1 104 207 5444.2
1 98 208 5460.6
1 99 208 5470.7
1 100 208 5483.1
1 101 208 5496.0
1 102 208 5513.7
1 103 208 5542.4
1 97 209 5451.3
1 97 210 5450.1
1 97 211 5446.0
1 97 212 5440.7
1 96 213 5424.1
1 95 214 5416.7
1 95 215 5415.4
1 94 216 5408.0
1 94 217 5407.1
1 94 218 5406.4
1 95 219 5410.6
1 96 220 5414.1
1 97 221 5418.0
1 97 222 5416.9
1 98 223 5420.2
1 98 224 5418.8
1 99 225 5422.9
1 99 226 5421.0
1 100 227 5242.1
1 128 227 5398.5
1 129 227 5461.6
1 101 228 5248.0
1 107 228 5142.9
1 108 228 5167.8
1 109 228 5196.4
1 110 228 5228.4
1 111 228 5263.1
1 125 228 5283.4
1 126 228 5309.8
1 127 228 5318.0
1 130 228 5187.6
1 131 228 5194.1
1 132 228 5188.2
1 133 228 5189.3
1 134 228 5195.5
1 135 228 5209.9
1 136 228 5226.9
1 137 228 5240.2
1 138 228 5267.0
1 102 229 5252.8
1 106 229 5280.7
1 112 229 5117.3
1 118 229 5143.6
1 119 229 5162.0
1 120 229 5177.9
1 121 229 5192.0
1 122 229 5203.3
1 123 229 5212.7
1 124 229 5215.2
1 139 229 5340.3
1 103 230 5256.3
1 104 230 5258.9
1 105 230 5261.9
1 113 230 5133.9
1 114 230 5125.4
1 115 230 5121.1
1 116 230 5118.6
1 117 230 5110.7
1 140 230 5307.1
1 139 231 5374.7
1 137 232 5411.3
1 138 232 5410.6
1 136 233 5414.6
1 135 234 5407.4
1 133 235 5374.7
1 134 235 5388.0
1 132 236 5357.8
1 130 237 5314.5
1 131 237 5329.7
1 129 238 5303.3
1 128 239 5287.2
1 127 240 5267.3
1 127 241 5257.5
1 127 242 5244.6
1 128 243 5252.9
1 129 244 5251.2
1 129 245 5238.5
1 130 246 5234.7
1 131 246 5233.6
1 132 246 5236.5
1 133 246 5245.8
1 134 246 5263.2
1 135 246 5289.6
1 136 246 5316.8
1 137 246 5336.8
1 138 246 5358.8
1 139 247 5409.5
1 140 247 5434.0
1 141 247 5471.5
1 142 247 5514.8
1 143 248 5577.8
1 144 249 5671.3
1 144 250 5698.1
1 145 251 5749.9
1 145 252 5775.5
1 145 253 5795.8
1 146 254 5829.1
1 146 255 5826.5
1 146 256 5820.5
1 146 257 5812.6
1 146 258 5802.4
1 146 259 5790.6
1 146 260 5777.2
1 146 261 5764.9
1 146 262 5751.7
1 146 263 5738.5
1 146 264 5728.4
1 146 265 0.0
1 147 266 5482.8
1 147 267 5453.7
1 147 268 5428.8
1 147 269 5389.1
1 147 270 5356.1
1 148 271 5306.0
1 148 272 5279.2
1 148 273 5252.1
1 148 274 5230.3
1 149 274 5215.4
1 149 275 5175.8
1 149 276 5143.6
1 149 277 5091.0
1 149 278 5036.4
1 150 279 5132.7
1 150 280 5087.7
1 150 281 5046.5
1 150 282 5016.2
1 151 283 4932.5
1 151 284 4888.7
1 151 285 4855.4
1 152 286 4761.4
1 152 287 4706.8
1 152 288 4662.5
1 152 289 4628.0
1 153 290 4722.8
1 153 291 4696.3
1 153 292 4704.2
1 154 293 4715.0
1 154 294 4726.6
1 154 295 4736.1
1 154 296 4742.2
1 155 297 4760.1
1 155 298 4763.9
1 156 299 4586.8
1 157 299 4593.1
1 158 299 4602.6
1 159 299 4615.1
1 160 299 4631.1
1 161 299 4650.5
1 162 300 4681.7
1 162 301 4684.5
1 162 302 4683.6
1 162 303 4681.0
1 162 304 4678.3
1 163 305 4857.4
1 163 306 4848.4
1 163 307 4838.6
1 163 308 4829.3
1 163 309 4823.2
1 164 310 5039.4
1 165 311 5081.0
1 166 312 5152.7
1 167 313 5211.3
1 168 314 5244.2
1 168 315 5076.7
1 168 316 5081.0
1 169 316 5088.5
1 169 317 5094.3
1 170 317 5104.1
1 171 318 5105.2
1 171 319 5081.8
1 172 320 5033.9
1 172 321 4986.4
1 172 322 4938.1
1 172 323 4887.1
1 172 324 4847.4
1 173 325 4845.9
1 173 326 4849.5
1 173 327 4851.3
1 174 328 4860.7
1 174 329 4862.3
1 174 330 4863.3
1 175 331 4867.8
1 176 331 4871.8
1 177 331 4877.7
1 178 332 4887.1
1 179 333 4889.7
1 179 334 4886.6
1 179 335 4883.5
1 180 336 4881.0
1 181 337 4872.5
1 181 338 4867.8
1 187 338 4741.0
1 188 338 4762.1
1 189 338 4779.7
1 190 338 4793.4
1 182 339 4858.5
1 186 339 4873.5
1 191 339 4797.0
1 192 339 5216.0
1 182 340 4852.5
1 186 340 4857.8
1 193 340 5215.3
1 182 341 4848.9
1 186 341 4847.8
1 194 341 5215.2
1 195 341 5216.8
1 183 342 4845.3
1 184 342 4845.1
1 185 342 4844.6
1 186 342 4843.5
1 196 342 5216.5
1 196 343 5214.4
1 197 344 5213.3
1 198 345 5210.9
1 199 346 5208.8
1 200 346 5210.4
1 201 346 5212.6
1 202 346 5214.7
1 203 346 5215.5
1 204 346 4443.84
1 205 347 5199.5
1 206 347 5193.3
1 207 348 5398.8
1 207 349 5496.1
1 207 350 5637.0
1 206 351 5696.9
1 205 352 5701.7
1 205 353 5706.2
1 205 354 5711.2
1 206 355 5734.1
1 206 356 5742.3
1 207 357 5767.0
1 208 357 5784.2
1 209 358 5465.4
1 210 359 5522.7
1 211 359 5550.7
1 212 360 5470.5
1 212 361 5507.7
1 208 362 5529.9
1 209 362 5534.6
1 210 362 5541.7
1 211 362 5547.4
1 207 363 5526.1
1 206 364 5520.7
1 206 365 5522.0
1 206 366 5522.2
1 206 367 5521.4
1 206 368 5520.4
1 206 369 5519.2
1 207 369 5525.6
1 208 369 5542.1
1 209 369 5563.8
1 210 369 5588.2
1 211 369 5618.5
1 212 369 5654.9
1 213 369 5699.1
1 214 370 5595.6
1 215 370 5629.4
1 216 372 5626.7
1 214 373 5263.1
1 215 373 5351.3
1 214 374 5220.0
1 213 375 5270.2
1 212 376 5247.8
1 211 377 5194.7
1 211 378 5183.6
1 211 379 5178.1
1 211 380 5180.2
1 211 381 5189.3
1 211 382 5243.7
1 211 383 5293.5
1 212 384 45000.0
1 212 385 45000.0
1 212 386 45000.0
1 212 387 45000.0
1 212 388 45000.0
1 212 389 45000.0
1 212 390 45000.0
1 212 391 45000.0
1 212 392 45000.0
1 212 393 45000.0
1 213 394 45000.0
1 213 395 45000.0
1 213 396 45000.0
1 213 397 45000.0
1 213 398 45000.0
1 213 399 45000.0
1 213 400 45000.0
1 213 401 45000.0
1 213 402 45000.0
1 214 403 45000.0
1 214 404 45000.0
1 214 405 45000.0
1 214 406 45000.0
1 214 407 45000.0
1 214 409 45000.0
1 214 410 45000.0
1 214 411 45000.0
1 214 412 45000.0
1 214 413 45000.0
1 214 414 45000.0
1 214 415 45000.0
1 215 416 45000.0
1 215 417 45000.0
1 227 417 45000.0
1 228 417 45000.0
1 229 417 45000.0
1 216 418 45000.0
1 226 418 45000.0
1 230 418 45000.0
1 217 419 45000.0
1 218 419 45000.0
1 219 419 45000.0
1 220 419 45000.0
1 221 419 45000.0
1 222 419 45000.0
1 223 419 45000.0
1 224 419 45000.0
1 225 419 45000.0
1 229 419 45000.0
1 229 420 45000.0
1 226 421 45000.0
1 227 421 45000.0
1 228 421 45000.0
1 224 422 45000.0
1 225 422 45000.0
1 224 423 45000.0
1 224 424 45000.0
1 225 424 45000.0
1 226 424 45000.0
1 227 424 45000.0
1 228 424 45000.0
1 229 425 45000.0
1 229 426 45000.0
1 229 427 45000.0
1 229 428 45000.0
1 229 429 45000.0
1 228 430 45000.0
1 228 431 45000.0
1 228 432 45000.0
1 228 433 45000.0
1 228 434 45000.0
1 228 435 45000.0
1 229 435 45000.0
1 230 436 45000.0
1 230 437 45000.0
1 230 438 45000.0
1 230 439 45000.0
1 230 440 45000.0
1 230 441 45000.0
1 230 442 45000.0
1 230 443 45000.0
1 230 444 45000.0
1 230 445 45000.0
1 230 446 45000.0
1 230 447 45000.0
1 230 448 45000.0
1 230 449 45000.0
1 230 450 45000.0
1 230 451 45000.0
1 230 452 45000.0
1 230 453 45000.0
1 230 454 45000.0
1 230 455 45000.0
1 230 456 45000.0
1 231 457 45000.0
1 231 458 45000.0
1 231 459 45000.0
1 231 460 45000.0
1 232 461 45000.0
1 232 462 45000.0
1 232 463 45000.0
1 232 464 45000.0
1 233 464 45000.0
1 234 464 45000.0
1 235 464 45000.0
1 236 464 45000.0
1 237 464 45000.0
1 238 464 45000.0
1 239 465 45000.0
1 239 466 45000.0
1 239 467 5337.1
1 238 468 5337.1
1 238 469 5337.1
1 238 470 5337.1
1 239 471 5337.1
1 240 471 5337.1
1 241 472 5337.1
1 242 472 5337.1
1 243 472 5337.1
1 244 473 5337.1
1 245 474 5337.1
1 246 475 5337.1
1 246 476 5337.1
1 246 477 5337.1
1 246 478 5337.1
1 246 479 5337.1
1 246 480 5337.1
1 245 481 5337.1
1 245 482 5337.1
1 244 483 5337.1
1 243 484 5337.1
1 243 485 5337.1
1 243 486 5337.1
1 243 487 5337.1
1 243 488 5337.1
1 243 489 5337.1
1 242 490 5337.1
1 242 491 5337.1
1 241 492 5337.1
1 241 493 5337.1
1 240 494 5337.1
1 239 495 5337.1
1 238 496 5337.1
1 235 497 5337.1
1 236 497 5337.1
1 237 497 5337.1
1 233 498 5337.1
1 234 498 5337.1
1 233 499 5337.1
1 232 500 5337.1
1 231 501 5337.1
1 231 502 5337.1
1 231 503 5337.1
1 231 504 5337.1
1 231 505 5337.1
1 231 506 5337.1
1 231 507 5337.1
1 231 508 5337.1
1 231 509 5337.1
1 231 510 5337.1
1 231 511 5337.1
1 231 512 5337.1
1 231 513 5337.1
1 231 514 5337.1
1 231 515 5337.1
1 232 516 5337.1
1 232 517 5337.1
1 232 518 5337.1
1 233 519 5337.1
1 233 520 5337.1
1 233 521 5337.1
1 234 522 5337.1
1 234 523 5337.1
1 235 524 5337.1
1 235 525 5337.1
1 236 525 5337.1
1 237 525 5337.1
1 238 525 5337.1
1 239 526 5337.1
1 239 527 5337.1
1 240 528 5437.9
1 240 529 5453.1
1 241 530 5519.7
1 241 531 5549.7
1 241 532 5566.6
1 241 533 5578.1
1 241 534 5586.4
1 242 535 5064.8
1 242 536 5076.1
1 243 536 5094.1
1 244 536 5126.6
1 245 536 5155.2
1 246 537 5210.6
1 246 538 5227.7
1 247 539 5267.6
1 248 540 5303.1
1 249 540 5315.2
1 250 540 5331.6
1 251 541 5365.2
1 250 544 5398.8
1 251 544 5401.1
1 245 545 5344.2
1 246 545 5355.4
1 247 545 5374.0
1 248 545 5387.7
1 249 545 5393.2
1 243 546 5317.7
1 244 546 5321.7
1 243 547 5318.4
1 242 548 5314.5
1 242 549 5314.8
1 241 550 5308.6
1 241 551 5306.9
1 240 552 5296.5
1 239 553 5285.5
1 238 554 0.0
1 237 555 5249.9
1 236 556 5248.8
1 236 557 5248.8
1 232 558 5189.1
1 233 558 5186.1
1 234 558 5193.8
1 235 558 5197.3
1 232 559 5201.2
1 231 560 5201.4
1 231 561 5209.8
1 231 562 5216.5
1 231 563 5221.6
1 231 564 5222.9
1 230 565 5389.7
1 230 566 5382.9
1 230 567 5372.0
1 230 568 5359.6
1 215 371 5678.1
1 39 51 6043.2
1 39 52 5967.8
1 38 53 5714.5
1 38 54 5641.8
1 37 55 5375.6
1 36 56 5152.8
1 35 57 4950.0
1 35 58 4889.0
1 35 59 4787.7
1 35 60 8397.7
1 35 61 8262.3
1 35 62 8125.5
1 35 63 7985.2
1 35 64 7841.2
1 35 65 7693.4
1 35 66 7542.6
1 35 67 7395.4
1 35 68 7276.3
1 36 69 10770.0
1 36 70 10502.6
1 36 71 10250.3
1 36 72 10007.1
1 36 73 9772.1
1 36 74 9559.1
1 36 75 9377.7
1 36 76 9287.9
1 36 77 9255.2
1 230 569 5347.0
1 230 570 5333.5
1 230 571 5317.4
1 230 572 5306.0
1 230 573 5316.9
1 230 574 5332.4
1 230 575 5342.6
1 230 576 5344.7
1 230 577 5179.6
1 230 578 5212.8
1 230 579 5245.9
1 230 580 5275.3
1 230 581 5278.4
1 230 582 5283.8
1 230 583 5286.3
1 230 584 5285.4
1 230 585 5282.0
1 230 586 5277.4
1 230 587 5271.3
1 230 588 5267.4
1 229 589 5251.5
1 229 590 5242.2
1 228 591 5219.5
1 228 592 5203.8
1 228 593 5186.5
1 228 594 5164.3
1 227 595 5120.1
1 227 596 5096.9
1 227 597 5068.8
1 227 598 5035.6
1 227 599 4786.4
1 226 600 4700.2
1 226 601 4698.2
1 226 602 4696.9
1 226 603 4697.6
1 225 604 4268.5
1 224 605 4268.5
1 223 606 4290.4
1 222 607 4310.8
1 223 605 4275.0
1 114 114 -11241.3
1 117 120 -722.659
1 121 111 -211055.0
1 121 113 -174381.0
1 124 115 -67026.2
1 125 116 -231992.0
1 126 120 -138830.0
1 129 121 -17002.4
1 130 122 -722.659
1 133 112 -16861.9
1 135 194 -722.659
1 138 201 -9414.58
1 139 168 -1405.16
1 140 168 -13349.0
1 141 191 -40890.2
1 143 126 -70258.1
1 143 172 -24449.8
1 143 190 -44543.6
1 144 166 -18969.7
1 144 172 -22623.1
1 145 161 -115083.0
1 145 164 -843.1
1 146 117 -11241.3
1 146 188 -4074.97
1 146 190 -19250.7
1 147 145 -722.659
1 148 167 -85293.3
1 148 176 -22643.2
1 148 196 -51709.9
1 149 145 -50304.8
1 149 146 -47213.4
1 150 124 -29648.9
1 150 141 -4356.0
1 150 198 -23606.7
1 151 142 -36674.7
1 151 195 -23044.7
1 152 123 -33583.4
1 152 125 -5078.66
1 152 132 -3532.98
1 153 111 -36955.7
1 153 142 -117753.0
1 153 192 -48478.1
1 154 125 -281.03
1 154 171 -8310.53
1 154 249 -123654.0
1 155 112 -105387.0
1 155 129 -562.06
1 155 141 -214428.0
1 156 129 -86979.5
1 156 146 -69274.5
1 157 116 -31054.1
1 157 135 -22803.8
1 157 140 -73630.5
1 158 133 -10980.3
1 158 137 -28103.2
1 158 181 -95269.9
1 159 119 -19812.8
1 159 173 -65480.5
1 160 116 -36112.6
1 160 119 -7868.9
1 161 125 -9414.58
1 161 129 -5480.13
1 161 131 -6604.26
1 161 140 -421.55
1 161 188 -17143.0
1 162 121 -76581.3
1 162 128 -350588.0
1 162 132 -53677.2
1 162 140 -843.1
1 162 167 -140.52
1 162 169 -8571.48
1 163 138 -3814.01
1 163 139 -983.61
1 164 135 -20796.4
1 164 187 -12084.4
1 165 130 -39204.0
1 165 131 -562.06
1 166 126 -281.03
1 167 259 -5620.65
1 168 123 -3653.42
1 168 208 -8852.52
1 169 163 -53396.1
1 170 131 -17002.4
1 170 132 -18126.6
1 171 130 -11100.8
1 171 131 -18267.1
1 171 132 -49602.2
1 172 130 -112413.0
1 172 218 -98361.3
1 173 224 -2669.81
1 175 134 -45386.7
1 175 204 -421.55
1 176 176 -19531.7
1 176 202 -4215.48
1 177 211 -33723.9
1 178 164 -168619.0
1 178 261 -5620.65
1 179 181 -105387.0
1 179 210 -61405.6
1 183 184 -103982.0
1 184 246 -2107.74
1 187 200 -51428.9
1 187 281 -3653.42
1 188 198 -28243.7
1 188 209 -22623.1
1 188 240 -51147.9
1 188 258 -36955.7
1 189 282 -13911.1
1 190 281 -31616.1
1 191 191 -70258.1
1 191 281 -34004.9
1 193 256 -843.1
1 193 260 -18435.7
1 195 276 -140.52
1 197 204 -13068.0
1 197 252 -3934.45
1 198 297 -12505.9
1 198 298 -722.659
1 199 211 -3653.42
1 199 231 -18548.1
1 199 298 -722.659
1 200 298 -722.659
1 201 234 -140.52
1 203 275 -41592.8
1 203 280 -2810.32
1 204 248 -16440.4
1 205 300 -734.279
1 206 196 -74473.5
1 206 286 -9836.13
1 206 300 -1445.32
1 210 264 -1124.13
1 211 255 -44824.6
1 211 332 -5339.61
1 212 226 -7166.32
1 212 258 -34145.4
1 213 264 -140.52
1 213 300 -77424.4
1 214 240 -47213.4
1 215 260 -73489.9
1 216 238 -36674.7
1 216 267 -27822.2
1 217 264 -28384.3
1 217 365 -421.55
1 218 179 -203327.0
1 219 310 -2669.81
1 221 223 -562.06
1 221 246 -5761.16
1 221 284 -12537.6
1 222 352 -18731.4
1 222 358 -7025.81
1 222 369 -7306.84
1 223 271 -28103.2
1 224 301 -17424.0
1 224 374 -4761.19
1 226 311 -2950.84
1 226 331 -26466.8
1 226 350 -163.86
1 226 365 -2584.09
1 226 382 -12531.9
1 227 270 -53536.6
1 230 255 -51569.4
1 230 361 -40609.2
1 231 401 -3251.95
1 232 256 -9274.06
1 232 370 -14378.0
1 233 337 -722.659
1 233 394 -1445.32
1 233 399 -67447.7
1 234 304 -4089.02
1 234 393 -722.659
1 235 338 -16721.4
1 235 367 -3932.8
1 235 400 -1686.19
1 235 609 -1171.28
1 236 263 -6604.26
1 236 351 -9836.13
1 236 609 -13.88
1 237 237 -2810.32
1 237 316 -43435.3
1 237 357 -3655.31
1 237 389 -722.659
1 238 221 -6744.77
1 238 398 -21.56
1 238 605 -3613.29
1 238 609 -1445.32
1 239 338 -14894.7
1 239 361 -8290.45
1 239 426 -281.03
1 239 605 -3613.29
1 239 606 -2167.98
1 239 619 -722.659
1 240 380 -722.659
1 240 426 -722.659
1 240 608 -2890.64
1 241 342 -32740.3
1 241 358 -1124.13
1 241 604 -722.659
1 242 311 -5339.61
1 243 357 -12646.5
1 243 371 -722.659
1 243 389 -1686.19
1 243 422 -140.52
1 243 431 -55.42
1 243 605 -3613.29
1 244 431 -3062.95
1 244 605 -4335.95
1 244 621 -1445.32
1 245 322 -14348.5
1 245 337 -1144.21
1 245 370 -7138.22
1 245 621 -722.659
1 246 321 -3639.37
1 246 618 -2167.98
1 247 344 -722.659
1 247 383 -9768.61
1 247 384 -2098950.0
1 247 424 -40749.7
1 248 251 -46608.6
1 248 424 -40749.7
1 248 436 -13349.0
1 248 444 -29742.1
1 248 589 -6323.23
1 249 373 -722.659
1 249 389 -4777.55
1 249 424 -41472.3
1 249 430 -36539.6
1 249 436 -5170.99
1 249 606 -3613.29
1 250 239 -20234.3
1 250 326 -2931.17
1 250 424 -41472.3
1 250 425 -556444.0
1 250 431 -31819.7
1 250 595 -2167.98
1 251 300 -4215.48
1 251 333 -435.6
1 251 356 -23782.2
1 251 456 -863.179
1 251 457 -30.29
1 251 594 -722.659
1 251 595 -764.809
1 251 596 -1445.32
1 252 230 -13349.0
1 252 285 -15175.7
1 252 450 -1124.13
1 252 595 -722.659
1 252 606 -722.659
1 253 298 -8314.23
1 253 416 -140.52
1 253 420 -6705.59
1 253 445 -543.35
1 254 338 -1405.16
1 254 367 -1124.13
1 254 407 -23.69
1 254 597 -722.659
1 254 607 -6343.31
1 255 381 -29508.4
1 255 383 -44965.2
1 255 388 -27260.1
1 255 395 -1826.71
1 255 420 -505.05
1 255 439 -27962.7
1 255 443 -153332.0
1 255 595 -722.659
1 255 596 -722.659
1 255 606 -722.659
1 255 609 -1445.32
1 255 610 -49595.2
1 256 314 -8037.52
1 256 335 -64777.9
1 256 341 -3512.9
1 256 370 -8964.93
1 256 413 -3231.87
1 256 586 -104368.0
1 256 593 -2890.64
1 257 238 -4215.48
1 257 324 -2403.49
1 257 576 -4817.71
1 257 599 -5997.08
1 257 600 -69133.9
1 258 325 -12773.5
1 258 336 -2248.26
1 258 418 -61569.1
1 258 420 -1291.66
1 258 442 -523244.0
1 258 464 -1124.13
1 258 585 -4335.95
1 258 595 -1445.32
1 258 601 -112834.0
1 258 602 -83412.2
1 259 340 -2689.89
1 259 405 -127890.0
1 259 588 -35420.2
1 259 592 -722.659
1 259 593 -1428.05
1 260 349 -983.61
1 260 358 -562.06
1 260 407 -2625940.0
1 260 413 -419789.0
1 260 424 -669.14
1 260 463 -33021.3
1 260 464 -43138.4
1 260 585 -16287.8
1 260 586 -30672.2
1 261 337 -4074.97
1 261 355 -24871.3
1 261 381 -224282.0
1 261 395 -30569.3
1 261 416 -24449.8
1 261 418 -722.659
1 261 429 -6474.89
1 261 464 -70258.1
1 261 492 -722.659
1 261 571 -7447.35
1 261 576 -44626.1
1 262 345 -2810.32
1 262 449 -140.52
1 262 540 -141.92
1 262 564 -3468.38
1 262 567 -39145.9
1 262 568 -20374.8
1 262 570 -136301.0
1 262 571 -2529.29
1 263 340 -4215.48
1 263 434 -85249.5
1 263 471 -7025.81
1 263 477 -8852.52
1 263 520 -1445.32
1 263 574 -1545.68
1 263 582 -20107.4
1 264 265 -11662.8
1 264 345 -14192.1
1 264 355 -140.52
1 264 367 -863.179
1 264 383 -56732.4
1 264 407 -4215.48
1 264 428 -213764.0
1 264 468 -42.15
1 264 471 -6885.29
1 264 476 -187308.0
1 264 477 -3372.39
1 264 523 -2167.98
1 264 549 -3313.37
1 265 364 -15549.3
1 265 374 -110291.0
1 265 380 -76.39
1 265 421 -33583.1
1 265 422 -31860.9
1 265 557 -1826.71
1 266 337 -722.659
1 266 340 -421.55
1 266 425 -45638.6
1 266 462 -281.03
1 267 391 -15597.3
1 267 396 -140.52
1 267 463 -2529.29
1 267 555 -722.659
1 267 556 -722.659
1 268 333 -21077.4
1 268 334 -18829.2
1 268 436 -949369.0
1 268 455 -31.48
1 268 479 -421.55
1 268 489 -24051.5
1 268 545 -225.68
1 269 349 -1686.19
1 269 363 -722.659
1 269 397 -140.52
1 269 456 -13306.9
1 269 483 -281.03
1 269 541 -722.659
1 269 545 -380.99
1 270 337 -6885.29
1 270 352 -7025.81
1 270 397 -52412.5
1 270 412 -259623.0
1 270 417 -70610.7
1 270 429 -5039.65
1 270 481 -722.659
1 270 483 -765.799
1 270 484 -722.659
1 270 486 -50967.7
1 270 498 -100329.0
1 270 539 -281.03
1 271 319 -61208.4
1 271 371 -140.52
1 271 415 -112374.0
1 271 451 -2388.77
1 271 485 -30.13
1 271 493 -56875.3
1 271 498 -88384.6
1 271 537 -67981.8
1 272 336 -22.57
1 272 337 -17535.3
1 272 351 -15597.3
1 272 368 -34350.2
1 272 388 -858092.0
1 272 450 -5620.65
1 272 451 -30773.0
1 272 453 -702.58
1 272 462 -2185920.0
1 272 490 -562.06
1 272 491 -3.05
1 272 497 -91978.9
1 272 498 -702.58
1 272 530 -13443.4
1 272 532 -67963.2
1 272 535 -22310.0
1 273 363 -6604.26
1 273 392 -496.38
1 273 410 -3231.87
1 273 417 -204082.0
1 273 426 -374581.0
1 273 480 -30070.4
1 273 510 -722.659
1 273 516 -19672.3
1 273 517 -543572.0
1 273 518 -225.6
1 274 520 -23185.2
1 274 523 -3231.87
1 275 367 -1686.19
1 275 441 -361234.0
1 275 450 -13911.1
1 275 506 -421.55
1 276 364 -3372.39
1 276 366 -33442.8
1 276 446 -4215.48
1 276 474 -23449.5
1 277 294 -67589.1
1 277 431 -13601.1
1 277 454 -140.52
1 277 468 -140.52
1 277 472 -4819.94
1 277 480 -24786.4
1 278 365 -154146.0
1 278 435 -20.87
1 278 482 -7025.81
1 279 433 -183957.0
1 279 438 -492122.0
1 279 449 -2388.77
1 279 475 -129867.0
1 279 485 -14192.1
1 280 365 -7025.81
1 280 433 -36826.9
1 280 442 -8852.52
1 280 469 -4510.76
1 280 471 -31487.6
1 281 388 -359738.0
1 281 458 -2534240.0
1 282 409 -5901.68
1 282 424 -3091.35
1 282 430 -281.03
1 282 436 -3794.14
1 282 454 -744.22
1 282 457 -479.57
1 283 429 -384452.0
1 283 449 -31860.9
1 283 452 -3762.86
1 283 455 -124282.0
1 283 468 -43535.3
1 284 339 -18291.4
1 284 457 -4637.03
1 284 463 -519199.0
1 284 481 -3936.76
1 285 306 -28103.2
1 285 336 -983.61
1 285 374 -1405.16
1 285 467 -133696.0
1 285 475 -442.32
1 286 330 -52895.3
1 286 425 -384484.0
1 286 475 -52028.3
1 286 477 -370008.0
1 287 329 -6725.67
1 287 388 -106347.0
1 287 424 -3231.87
1 287 426 -223542.0
1 287 477 -68892.0
1 288 419 -12505.9
1 288 423 -674.48
1 288 426 -722.659
1 289 351 -12084.4
1 289 404 -35729.0
1 289 459 -33834.2
1 289 468 -4342.25
1 290 374 -110446.0
1 290 382 -195471.0
1 290 402 -70.72
1 290 411 -5199.1
1 290 412 -16808.5
1 290 413 -15316.3
1 290 420 -871.2
1 291 350 -421.55
1 291 355 -62898.8
1 291 399 -109159.0
1 291 419 -1420390.0
1 292 361 -10398.2
1 292 365 -19812.8
1 292 416 -2669.81
1 292 469 -34427.1
1 293 355 -4215.48
1 294 435 -7166.32
1 294 447 -35045.6
1 294 458 -4305.53
1 295 356 -6319.03
1 295 391 -1545.68
1 295 430 -610094.0
1 296 388 -1221.72
1 296 398 -34490.5
1 296 406 -11138.6
1 296 433 -9274.06
1 297 381 -3372.39
1 297 383 -702.58
1 297 395 -10271.8
1 297 401 -148036.0
1 297 402 -13118.0
1 297 413 -1103510.0
1 297 415 -65059.0
1 297 442 -67840.3
1 298 389 -3512.9
1 298 390 -13630.1
1 299 354 -3091.35
1 299 355 -2810.32
1 299 387 -674.48
1 334 405 -24028.3
1 102 110 -722.659
1 102 113 -722.659
1 103 100 -722.659
1 103 104 -722.659
1 104 115 -722.659
1 105 115 -722.659
1 105 139 -722.659
1 108 117 -722.659
1 109 112 -722.659
1 111 155 -722.659
1 111 208 -722.659
1 112 181 -722.659
1 113 111 -722.659
1 113 159 -722.659
1 113 211 -722.659
1 114 173 -722.659
1 114 212 -1445.32
1 115 212 -1445.32
1 116 121 -722.659
1 116 150 -722.659
1 116 166 -722.659
1 117 119 -722.659
1 117 168 -722.659
1 117 210 -722.659
1 119 194 -722.659
1 119 202 -722.659
1 119 96 -722.659
1 120 155 -722.659
1 120 94 -722.659
1 121 187 -722.659
1 123 110 -722.659
1 123 111 -722.659
1 123 158 -722.659
1 123 168 -722.659
1 123 193 -722.659
1 123 202 -1445.32
1 125 150 -722.659
1 125 151 -722.659
1 125 193 -722.659
1 125 194 -722.659
1 126 121 -722.659
1 126 191 -722.659
1 126 195 -722.659
1 127 150 -722.659
1 127 160 -722.659
1 127 169 -722.659
1 127 195 -722.659
1 127 199 -1445.32
1 128 122 -722.659
1 128 148 -722.659
1 128 149 -722.659
1 128 152 -722.659
1 128 153 -722.659
1 128 154 -722.659
1 128 157 -722.659
1 128 199 -722.659
1 129 117 -722.659
1 129 119 -722.659
1 129 122 -722.659
1 129 146 -722.659
1 129 154 -1445.32
1 129 162 -722.659
1 129 176 -722.659
1 130 120 -722.659
1 130 154 -722.659
1 130 155 -722.659
1 130 156 -2167.98
1 130 194 -722.659
1 131 112 -722.659
1 131 121 -722.659
1 131 122 -722.659
1 131 150 -722.659
1 131 156 -722.659
1 131 157 -722.659
1 131 158 -722.659
1 131 161 -1445.32
1 131 198 -722.659
1 132 112 -722.659
1 132 155 -722.659
1 132 156 -722.659
1 132 160 -722.659
1 132 161 -1445.32
1 133 155 -722.659
1 133 159 -722.659
1 133 160 -1445.32
1 133 192 -1445.32
1 133 193 -722.659
1 134 148 -722.659
1 134 150 -722.659
1 134 151 -722.659
1 134 156 -722.659
1 134 191 -722.659
1 134 193 -2890.64
1 135 148 -3613.29
1 135 149 -1445.32
1 135 156 -722.659
1 135 157 -722.659
1 135 193 -2167.98
1 136 147 -722.659
1 136 148 -722.659
1 136 149 -722.659
1 136 150 -1445.32
1 136 153 -722.659
1 136 155 -722.659
1 137 148 -722.659
1 137 150 -722.659
1 137 153 -1445.32
1 137 154 -722.659
1 137 157 -2167.98
1 137 175 -722.659
1 137 206 -722.659
1 138 151 -722.659
1 138 152 -722.659
1 138 153 -2167.98
1 138 168 -722.659
1 138 169 -722.659
1 139 151 -722.659
1 140 138 -722.659
1 140 155 -2890.64
1 140 156 -722.659
1 140 171 -722.659
1 140 180 -722.659
1 141 149 -722.659
1 141 154 -1445.32
1 141 157 -722.659
1 141 171 -722.659
1 141 199 -1445.32
1 142 155 -722.659
1 142 156 -722.659
1 142 157 -722.659
1 142 158 -722.659
1 142 174 -722.659
1 142 179 -722.659
1 142 201 -722.659
1 143 146 -722.659
1 143 157 -2167.98
1 144 142 -1445.32
1 144 173 -722.659
1 145 142 -722.659
1 145 143 -722.659
1 145 151 -722.659
1 145 187 -722.659
1 145 226 -722.659
1 146 140 -722.659
1 146 141 -1445.32
1 146 145 -722.659
1 146 208 -722.659
1 146 229 -722.659
1 146 230 -722.659
1 146 232 -722.659
1 147 139 -2167.98
1 147 140 -722.659
1 147 141 -722.659
1 147 142 -722.659
1 147 229 -722.659
1 147 230 -722.659
1 147 233 -722.659
1 147 239 -722.659
1 147 240 -722.659
1 148 217 -722.659
1 148 221 -722.659
1 149 127 -722.659
1 149 147 -722.659
1 149 154 -722.659
1 149 222 -722.659
1 149 253 -722.659
1 150 160 -722.659
1 150 164 -722.659
1 150 177 -722.659
1 150 227 -722.659
1 150 236 -722.659
1 151 128 -722.659
1 151 228 -722.659
1 152 153 -722.659
1 152 173 -722.659
1 152 176 -722.659
1 152 222 -722.659
1 152 228 -722.659
1 153 126 -722.659
1 153 136 -722.659
1 153 155 -722.659
1 153 232 -722.659
1 153 238 -722.659
1 153 253 -722.659
1 154 126 -722.659
1 154 133 -722.659
1 154 161 -722.659
1 154 172 -722.659
1 154 220 -722.659
1 154 244 -722.659
1 155 170 -1445.32
1 155 216 -722.659
1 155 262 -722.659
1 156 160 -722.659
1 156 211 -722.659
1 156 223 -722.659
1 157 132 -722.659
1 157 133 -722.659
1 157 134 -2167.98
1 157 136 -722.659
1 157 194 -722.659
1 157 207 -722.659
1 157 240 -722.659
1 158 135 -722.659
1 158 248 -722.659
1 159 152 -722.659
1 159 231 -722.659
1 159 240 -722.659
1 159 247 -722.659
1 159 248 -722.659
1 159 250 -722.659
1 159 251 -722.659
1 159 257 -722.659
1 160 133 -722.659
1 160 249 -1445.32
1 160 251 -1445.32
1 160 252 -722.659
1 160 253 -722.659
1 160 262 -722.659
1 161 144 -1445.32
1 161 251 -722.659
1 161 253 -722.659
1 162 137 -1445.32
1 162 252 -1445.32
1 162 253 -722.659
1 163 152 -722.659
1 163 190 -722.659
1 163 236 -722.659
1 164 278 -722.659
1 164 290 -722.659
1 164 299 -722.659
1 165 133 -1445.32
1 165 134 -1445.32
1 165 135 -722.659
1 165 290 -722.659
1 166 131 -722.659
1 166 132 -722.659
1 166 133 -1445.32
1 166 134 -722.659
1 166 135 -722.659
1 166 210 -722.659
1 166 254 -722.659
1 166 255 -722.659
1 167 127 -722.659
1 167 132 -1445.32
1 167 133 -1445.32
1 167 134 -2167.98
1 167 256 -722.659
1 167 288 -722.659
1 167 294 -722.659
1 168 130 -722.659
1 168 131 -722.659
1 168 132 -2890.64
1 168 133 -2890.64
1 168 286 -722.659
1 168 287 -1445.32
1 168 291 -1445.32
1 169 128 -1445.32
1 169 129 -2890.64
1 169 131 -722.659
1 169 132 -3613.29
1 169 133 -2167.98
1 169 134 -6503.93
1 169 135 -722.659
1 169 236 -722.659
1 169 260 -722.659
1 169 271 -722.659
1 169 287 -722.659
1 169 290 -722.659
1 170 133 -2167.98
1 170 134 -8671.9
1 170 136 -722.659
1 170 187 -722.659
1 170 256 -722.659
1 170 287 -722.659
1 170 292 -722.659
1 171 133 -1445.32
1 171 134 -722.659
1 171 136 -3613.29
1 171 290 -722.659
1 172 257 -722.659
1 172 284 -722.659
1 172 295 -1445.32
1 172 311 -722.659
1 173 258 -722.659
1 173 278 -722.659
1 173 290 -722.659
1 173 292 -722.659
1 173 293 -1445.32
1 173 294 -722.659
1 174 124 -722.659
1 174 253 -722.659
1 174 261 -722.659
1 174 270 -722.659
1 174 283 -722.659
1 174 289 -722.659
1 174 293 -722.659
1 175 260 -722.659
1 175 288 -722.659
1 175 292 -1445.32
1 175 293 -722.659
1 175 296 -722.659
1 175 305 -722.659
1 176 274 -722.659
1 176 305 -722.659
1 177 289 -722.659
1 177 290 -722.659
1 178 243 -722.659
1 178 280 -722.659
1 178 285 -722.659
1 178 302 -722.659
1 178 305 -722.659
1 178 306 -722.659
1 178 311 -722.659
1 179 278 -722.659
1 179 285 -722.659
1 180 149 -722.659
1 180 286 -722.659
1 181 297 -722.659
1 181 307 -722.659
1 181 308 -722.659
1 183 242 -722.659
1 183 285 -722.659
1 183 295 -722.659
1 183 308 -722.659
1 183 309 -722.659
1 183 318 -722.659
1 184 263 -722.659
1 184 285 -722.659
1 184 313 -722.659
1 184 319 -722.659
1 185 257 -722.659
1 185 305 -722.659
1 185 306 -722.659
1 185 307 -722.659
1 185 315 -722.659
1 186 255 -722.659
1 186 265 -722.659
1 186 307 -1445.32
1 186 310 -722.659
1 188 262 -722.659
1 188 294 -722.659
1 188 295 -722.659
1 189 295 -722.659
1 189 309 -722.659
1 190 307 -722.659
1 190 308 -722.659
1 190 324 -722.659
1 191 292 -1445.32
1 191 304 -722.659
1 191 305 -722.659
1 192 258 -722.659
1 192 284 -722.659
1 192 304 -722.659
1 192 316 -722.659
1 192 319 -722.659
1 193 262 -722.659
1 193 301 -722.659
1 193 311 -722.659
1 193 313 -1445.32
1 194 284 -722.659
1 194 313 -722.659
1 195 269 -722.659
1 195 287 -722.659
1 195 289 -722.659
1 195 300 -722.659
1 195 311 -722.659
1 195 313 -722.659
1 196 269 -722.659
1 196 275 -722.659
1 196 303 -722.659
1 196 324 -722.659
1 196 333 -722.659
1 197 264 -722.659
1 197 283 -722.659
1 197 300 -722.659
1 197 322 -722.659
1 197 325 -722.659
1 198 242 -722.659
1 198 276 -1445.32
1 198 309 -722.659
1 198 311 -722.659
1 199 283 -722.659
1 199 311 -722.659
1 199 324 -722.659
1 200 280 -722.659
1 200 286 -722.659
1 200 296 -722.659
1 200 299 -722.659
1 200 306 -722.659
1 200 307 -722.659
1 200 312 -722.659
1 200 343 -722.659
1 200 345 -722.659
1 201 257 -722.659
1 202 280 -722.659
1 202 287 -722.659
1 202 297 -722.659
1 202 301 -722.659
1 202 302 -722.659
1 203 215 -722.659
1 203 304 -722.659
1 203 305 -722.659
1 203 309 -722.659
1 203 315 -722.659
1 205 263 -722.659
1 205 303 -722.659
1 205 304 -722.659
1 205 317 -722.659
1 205 318 -722.659
1 205 319 -722.659
1 206 264 -722.659
1 206 270 -722.659
1 206 301 -722.659
1 206 304 -722.659
1 206 315 -722.659
1 206 317 -1445.32
1 207 262 -722.659
1 207 300 -722.659
1 207 301 -1445.32
1 207 303 -722.659
1 207 304 -722.659
1 207 306 -1445.32
1 207 315 -722.659
1 207 317 -722.659
1 208 298 -1445.32
1 208 299 -1445.32
1 208 306 -722.659
1 208 317 -722.659
1 208 328 -722.659
1 209 284 -722.659
1 209 297 -722.659
1 209 302 -722.659
1 210 284 -722.659
1 210 301 -722.659
1 210 302 -722.659
1 210 342 -722.659
1 211 301 -722.659
1 211 321 -722.659
1 212 295 -722.659
1 212 347 -722.659
1 213 226 -722.659
1 213 287 -722.659
1 213 303 -722.659
1 213 329 -722.659
1 214 319 -722.659
1 215 289 -722.659
1 215 311 -722.659
1 215 353 -722.659
1 216 323 -722.659
1 216 341 -722.659
1 217 244 -722.659
1 217 249 -722.659
1 217 351 -722.659
1 218 209 -722.659
1 218 243 -722.659
1 218 292 -722.659
1 218 345 -1445.32
1 221 240 -722.659
1 221 611 -722.659
1 222 254 -722.659
1 222 362 -722.659
1 224 338 -722.659
1 224 359 -722.659
1 225 323 -722.659
1 225 329 -722.659
1 225 332 -722.659
1 225 368 -722.659
1 225 373 -722.659
1 225 378 -722.659
1 225 382 -1445.32
1 226 323 -722.659
1 226 388 -1445.32
1 226 618 -722.659
1 227 315 -722.659
1 228 606 -722.659
1 229 385 -1445.32
1 229 392 -722.659
1 229 393 -722.659
1 229 397 -2890.64
1 229 618 -3613.29
1 230 338 -722.659
1 230 373 -1445.32
1 230 384 -722.659
1 230 392 -1445.32
1 230 393 -2890.64
1 230 396 -722.659
1 230 605 -722.659
1 231 343 -722.659
1 231 383 -722.659
1 231 392 -3613.29
1 231 393 -7949.25
1 231 398 -722.659
1 231 603 -722.659
1 231 607 -1445.32
1 232 259 -722.659
1 232 300 -722.659
1 232 384 -722.659
1 232 389 -722.659
1 232 393 -4335.95
1 232 394 -2890.64
1 232 405 -722.659
1 232 604 -1445.32
1 232 606 -1445.32
1 232 607 -2167.98
1 232 608 -722.659
1 233 373 -722.659
1 233 393 -722.659
1 233 403 -722.659
1 233 406 -2890.64
1 233 601 -1445.32
1 233 602 -722.659
1 234 374 -722.659
1 234 388 -722.659
1 234 389 -722.659
1 234 406 -2167.98
1 234 407 -1445.32
1 234 601 -722.659
1 234 602 -1445.32
1 234 603 -2167.98
1 234 604 -722.659
1 234 605 -1445.32
1 234 606 -722.659
1 234 609 -722.659
1 234 620 -722.659
1 234 621 -722.659
1 235 342 -722.659
1 235 368 -722.659
1 235 389 -722.659
1 235 392 -722.659
1 235 404 -722.659
1 235 406 -722.659
1 235 599 -722.659
1 235 600 -1445.32
1 235 602 -2167.98
1 235 603 -722.659
1 235 606 -722.659
1 235 608 -722.659
1 236 256 -722.659
1 236 359 -722.659
1 236 377 -1445.32
1 236 378 -722.659
1 236 389 -1445.32
1 236 600 -722.659
1 236 601 -722.659
1 236 602 -1445.32
1 236 605 -722.659
1 236 606 -722.659
1 236 607 -722.659
1 236 620 -722.659
1 237 330 -722.659
1 237 377 -722.659
1 237 384 -722.659
1 237 388 -722.659
1 237 605 -1445.32
1 237 606 -2167.98
1 237 607 -1445.32
1 237 608 -3613.29
1 237 609 -2167.98
1 237 620 -722.659
1 238 346 -722.659
1 238 391 -722.659
1 238 410 -722.659
1 238 602 -722.659
1 238 603 -722.659
1 238 606 -3613.29
1 238 607 -4335.95
1 238 608 -2890.64
1 238 610 -722.659
1 239 297 -722.659
1 239 323 -722.659
1 239 404 -722.659
1 239 601 -722.659
1 239 603 -722.659
1 239 607 -1445.32
1 239 608 -2890.64
1 239 609 -2167.98
1 239 610 -1445.32
1 239 615 -1445.32
1 240 267 -722.659
1 240 319 -722.659
1 240 327 -722.659
1 240 352 -722.659
1 240 374 -1445.32
1 240 392 -1445.32
1 240 396 -722.659
1 240 406 -722.659
1 240 603 -722.659
1 240 605 -2167.98
1 240 606 -2890.64
1 240 607 -1445.32
1 240 620 -1445.32
1 240 621 -722.659
1 241 339 -722.659
1 241 352 -722.659
1 241 370 -1445.32
1 241 375 -722.659
1 241 409 -722.659
1 241 577 -722.659
1 241 603 -1445.32
1 241 605 -2167.98
1 241 606 -1445.32
1 241 607 -1445.32
1 241 608 -1445.32
1 241 609 -3613.29
1 241 610 -722.659
1 241 611 -722.659
1 241 620 -722.659
1 241 621 -722.659
1 242 314 -722.659
1 242 318 -722.659
1 242 336 -722.659
1 242 338 -722.659
1 242 339 -722.659
1 242 373 -2167.98
1 242 374 -4335.95
1 242 406 -1445.32
1 242 603 -1445.32
1 242 604 -5058.61
1 242 605 -6503.93
1 242 606 -2167.98
1 242 607 -3613.29
1 242 608 -3613.29
1 242 609 -2167.98
1 242 610 -2167.98
1 242 616 -722.659
1 242 622 -722.659
1 242 623 -2167.98
1 243 366 -722.659
1 243 369 -722.659
1 243 372 -1445.32
1 243 373 -5781.27
1 243 374 -2167.98
1 243 386 -722.659
1 243 391 -722.659
1 243 405 -722.659
1 243 406 -722.659
1 243 407 -1445.32
1 243 409 -722.659
1 243 577 -722.659
1 243 606 -5058.61
1 243 607 -3613.29
1 243 608 -1445.32
1 243 609 -4335.95
1 243 620 -722.659
1 243 622 -1445.32
1 243 623 -5781.27
1 244 371 -722.659
1 244 372 -1445.32
1 244 373 -2167.98
1 244 415 -722.659
1 244 598 -722.659
1 244 606 -2890.64
1 244 607 -722.659
1 244 611 -722.659
1 244 616 -722.659
1 244 622 -722.659
1 244 623 -2890.64
1 244 624 -722.659
1 245 312 -722.659
1 245 315 -722.659
1 245 326 -722.659
1 245 335 -722.659
1 245 338 -722.659
1 245 356 -1445.32
1 245 371 -722.659
1 245 413 -722.659
1 245 586 -722.659
1 245 604 -722.659
1 245 605 -2167.98
1 245 606 -3613.29
1 245 607 -2890.64
1 245 609 -3613.29
1 245 610 -1445.32
1 245 612 -1445.32
1 245 616 -1445.32
1 245 619 -722.659
1 245 620 -1445.32
1 245 622 -722.659
1 246 214 -722.659
1 246 342 -722.659
1 246 356 -722.659
1 246 357 -722.659
1 246 374 -722.659
1 246 413 -722.659
1 246 590 -722.659
1 246 599 -722.659
1 246 600 -4335.95
1 246 605 -2890.64
1 246 606 -5058.61
1 246 607 -2890.64
1 246 610 -722.659
1 246 612 -1445.32
1 246 614 -722.659
1 246 615 -722.659
1 246 623 -722.659
1 247 314 -722.659
1 247 331 -722.659
1 247 367 -1445.32
1 247 368 -3613.29
1 247 387 -1445.32
1 247 413 -722.659
1 247 578 -722.659
1 247 597 -722.659
1 247 598 -5058.61
1 247 599 -4335.95
1 247 600 -7226.59
1 247 601 -7226.59
1 247 605 -1445.32
1 247 609 -1445.32
1 247 610 -1445.32
1 247 611 -2890.64
1 247 612 -2890.64
1 247 613 -1445.32
1 247 618 -1445.32
1 247 619 -722.659
1 247 623 -722.659
1 248 307 -722.659
1 248 367 -722.659
1 248 368 -2890.64
1 248 371 -1445.32
1 248 372 -3613.29
1 248 387 -1445.32
1 248 388 -4335.95
1 248 413 -722.659
1 248 416 -722.659
1 248 529 -722.659
1 248 567 -722.659
1 248 596 -5058.61
1 248 597 -3613.29
1 248 598 -7226.59
1 248 599 -4335.95
1 248 600 -2890.64
1 248 601 -4335.95
1 248 602 -2167.98
1 248 605 -722.659
1 248 608 -722.659
1 248 609 -1445.32
1 248 610 -2167.98
1 248 611 -4335.95
1 248 612 -4335.95
1 248 613 -5058.61
1 248 618 -722.659
1 248 619 -722.659
1 248 620 -722.659
1 248 623 -1445.32
1 249 333 -722.659
1 249 334 -722.659
1 249 365 -1445.32
1 249 366 -2167.98
1 249 367 -722.659
1 249 368 -2167.98
1 249 371 -722.659
1 249 387 -722.659
1 249 388 -722.659
1 249 400 -722.659
1 249 412 -722.659
1 249 567 -722.659
1 249 593 -1445.32
1 249 595 -4335.95
1 249 596 -5058.61
1 249 597 -7949.25
1 249 603 -2167.98
1 249 604 -5781.27
1 249 605 -3613.29
1 249 607 -2890.64
1 249 609 -722.659
1 249 610 -1445.32
1 249 611 -3613.29
1 249 612 -6503.93
1 249 613 -1445.32
1 249 618 -722.659
1 249 623 -722.659
1 250 331 -722.659
1 250 355 -722.659
1 250 365 -1445.32
1 250 366 -3613.29
1 250 367 -2167.98
1 250 368 -722.659
1 250 369 -1445.32
1 250 370 -1445.32
1 250 371 -4335.95
1 250 382 -722.659
1 250 406 -722.659
1 250 413 -722.659
1 250 414 -722.659
1 250 423 -722.659
1 250 436 -722.659
1 250 568 -722.659
1 250 579 -722.659
1 250 591 -722.659
1 250 594 -722.659
1 250 596 -5781.27
1 250 597 -1445.32
1 250 602 -722.659
1 250 603 -5058.61
1 250 604 -4335.95
1 250 605 -2890.64
1 250 607 -722.659
1 250 608 -2167.98
1 250 609 -722.659
1 250 610 -722.659
1 250 613 -722.659
1 251 276 -722.659
1 251 322 -722.659
1 251 365 -2167.98
1 251 366 -6503.93
1 251 367 -1445.32
1 251 368 -1445.32
1 251 371 -722.659
1 251 379 -722.659
1 251 407 -722.659
1 251 414 -722.659
1 251 424 -722.659
1 251 598 -722.659
1 251 604 -722.659
1 251 605 -722.659
1 251 607 -722.659
1 251 610 -722.659
1 252 236 -722.659
1 252 365 -2167.98
1 252 366 -5058.61
1 252 367 -5058.61
1 252 368 -1445.32
1 252 376 -722.659
1 252 412 -722.659
1 252 416 -722.659
1 252 428 -722.659
1 252 506 -722.659
1 252 507 -722.659
1 252 528 -722.659
1 252 534 -722.659
1 252 544 -722.659
1 252 576 -722.659
1 252 591 -1445.32
1 252 596 -1445.32
1 252 597 -1445.32
1 252 598 -722.659
1 252 599 -1445.32
1 252 608 -1445.32
1 252 609 -722.659
1 252 611 -722.659
1 252 620 -722.659
1 253 259 -722.659
1 253 342 -722.659
1 253 363 -722.659
1 253 365 -1445.32
1 253 366 -4335.95
1 253 367 -2890.64
1 253 370 -722.659
1 253 375 -1445.32
1 253 404 -722.659
1 253 433 -1445.32
1 253 506 -722.659
1 253 543 -722.659
1 253 546 -722.659
1 253 547 -722.659
1 253 566 -722.659
1 253 586 -1445.32
1 253 596 -722.659
1 253 597 -2890.64
1 253 601 -722.659
1 253 604 -722.659
1 253 605 -722.659
1 253 614 -2167.98
1 254 366 -1445.32
1 254 478 -722.659
1 254 581 -722.659
1 254 584 -722.659
1 254 585 -4335.95
1 254 586 -3613.29
1 254 587 -2167.98
1 254 588 -2167.98
1 254 589 -2890.64
1 254 598 -722.659
1 254 599 -722.659
1 254 601 -1445.32
1 254 604 -1445.32
1 254 605 -722.659
1 254 606 -722.659
1 254 611 -722.659
1 255 341 -722.659
1 255 346 -722.659
1 255 371 -722.659
1 255 402 -722.659
1 255 442 -722.659
1 255 445 -722.659
1 255 461 -722.659
1 255 479 -722.659
1 255 512 -722.659
1 255 513 -722.659
1 255 526 -722.659
1 255 547 -722.659
1 255 548 -722.659
1 255 565 -722.659
1 255 583 -2167.98
1 255 584 -2890.64
1 255 585 -2890.64
1 255 586 -2890.64
1 255 587 -1445.32
1 255 588 -722.659
1 255 591 -722.659
1 255 594 -722.659
1 255 597 -722.659
1 255 600 -1445.32
1 255 607 -722.659
1 256 346 -722.659
1 256 350 -722.659
1 256 367 -722.659
1 256 373 -722.659
1 256 374 -722.659
1 256 491 -722.659
1 256 526 -722.659
1 256 531 -2167.98
1 256 532 -722.659
1 256 547 -722.659
1 256 548 -1445.32
1 256 549 -722.659
1 256 575 -722.659
1 256 578 -1445.32
1 256 580 -722.659
1 256 584 -2167.98
1 256 585 -1445.32
1 256 592 -1445.32
1 256 594 -5058.61
1 256 595 -2890.64
1 256 607 -2890.64
1 256 608 -1445.32
1 256 609 -722.659
1 257 330 -722.659
1 257 461 -722.659
1 257 497 -722.659
1 257 503 -722.659
1 257 506 -722.659
1 257 512 -722.659
1 257 527 -2167.98
1 257 529 -722.659
1 257 532 -722.659
1 257 549 -722.659
1 257 574 -722.659
1 257 575 -2167.98
1 257 584 -2167.98
1 257 585 -2167.98
1 257 593 -1445.32
1 257 594 -5781.27
1 257 595 -2890.64
1 257 597 -1445.32
1 257 606 -5058.61
1 257 607 -722.659
1 258 307 -722.659
1 258 330 -722.659
1 258 366 -722.659
1 258 485 -1445.32
1 258 489 -1445.32
1 258 491 -722.659
1 258 493 -722.659
1 258 494 -722.659
1 258 496 -722.659
1 258 497 -722.659
1 258 498 -2167.98
1 258 499 -1445.32
1 258 502 -722.659
1 258 503 -722.659
1 258 529 -1445.32
1 258 531 -722.659
1 258 532 -722.659
1 258 533 -1445.32
1 258 535 -722.659
1 258 546 -722.659
1 258 550 -722.659
1 258 556 -1445.32
1 258 564 -722.659
1 258 576 -722.659
1 258 583 -722.659
1 258 584 -2167.98
1 258 586 -2167.98
1 258 594 -2167.98
1 258 606 -3613.29
1 258 607 -722.659
1 259 346 -722.659
1 259 369 -1445.32
1 259 402 -722.659
1 259 444 -722.659
1 259 456 -722.659
1 259 485 -722.659
1 259 486 -722.659
1 259 488 -722.659
1 259 489 -722.659
1 259 490 -1445.32
1 259 509 -1445.32
1 259 510 -722.659
1 259 522 -722.659
1 259 528 -722.659
1 259 529 -722.659
1 259 531 -722.659
1 259 532 -722.659
1 259 545 -722.659
1 259 549 -722.659
1 259 554 -1445.32
1 259 555 -1445.32
1 259 556 -2167.98
1 259 557 -2167.98
1 259 575 -2890.64
1 259 576 -722.659
1 259 579 -722.659
1 259 584 -722.659
1 259 585 -2890.64
1 259 586 -1445.32
1 260 369 -1445.32
1 260 404 -1445.32
1 260 443 -722.659
1 260 454 -722.659
1 260 485 -722.659
1 260 486 -1445.32
1 260 487 -722.659
1 260 492 -722.659
1 260 499 -722.659
1 260 502 -1445.32
1 260 517 -722.659
1 260 527 -722.659
1 260 545 -2167.98
1 260 548 -722.659
1 260 554 -722.659
1 260 556 -722.659
1 260 567 -722.659
1 260 576 -722.659
1 260 577 -722.659
1 261 397 -722.659
1 261 404 -722.659
1 261 444 -722.659
1 261 483 -722.659
1 261 487 -722.659
1 261 501 -722.659
1 261 502 -722.659
1 261 545 -722.659
1 261 551 -722.659
1 261 552 -722.659
1 261 565 -722.659
1 262 254 -722.659
1 262 353 -1445.32
1 262 369 -722.659
1 262 425 -722.659
1 262 443 -722.659
1 262 458 -722.659
1 262 483 -1445.32
1 262 493 -722.659
1 262 501 -722.659
1 262 502 -722.659
1 262 523 -722.659
1 262 524 -722.659
1 262 535 -722.659
1 262 536 -722.659
1 262 537 -722.659
1 262 542 -722.659
1 262 546 -722.659
1 262 584 -722.659
1 262 587 -722.659
1 263 355 -722.659
1 263 415 -722.659
1 263 484 -722.659
1 263 493 -722.659
1 263 509 -722.659
1 263 522 -722.659
1 263 523 -1445.32
1 263 524 -1445.32
1 263 541 -1445.32
1 263 542 -722.659
1 263 543 -722.659
1 263 546 -1445.32
1 263 576 -722.659
1 263 579 -722.659
1 263 581 -2890.64
1 264 369 -722.659
1 264 379 -722.659
1 264 481 -722.659
1 264 482 -722.659
1 264 493 -722.659
1 264 503 -722.659
1 264 504 -722.659
1 264 516 -722.659
1 264 521 -2167.98
1 264 527 -722.659
1 264 543 -2890.64
1 264 568 -722.659
1 264 575 -722.659
1 264 576 -1445.32
1 265 336 -722.659
1 265 367 -1445.32
1 265 457 -722.659
1 265 459 -722.659
1 265 511 -722.659
1 265 516 -722.659
1 265 520 -722.659
1 265 524 -722.659
1 265 568 -1445.32
1 266 314 -722.659
1 266 413 -722.659
1 266 456 -722.659
1 266 478 -722.659
1 266 481 -722.659
1 266 483 -722.659
1 266 484 -722.659
1 266 485 -722.659
1 266 492 -722.659
1 266 498 -722.659
1 266 505 -722.659
1 266 518 -722.659
1 266 523 -722.659
1 266 543 -722.659
1 266 545 -722.659
1 266 549 -722.659
1 266 555 -722.659
1 267 337 -722.659
1 267 365 -722.659
1 267 381 -722.659
1 267 459 -722.659
1 267 460 -1445.32
1 267 505 -722.659
1 267 507 -722.659
1 267 543 -722.659
1 267 544 -1445.32
1 267 549 -722.659
1 267 553 -2167.98
1 267 562 -722.659
1 268 507 -1445.32
1 268 540 -722.659
1 268 541 -722.659
1 268 542 -1445.32
1 268 543 -2890.64
1 268 544 -1445.32
1 268 549 -722.659
1 268 551 -722.659
1 268 552 -722.659
1 268 553 -722.659
1 269 362 -722.659
1 269 505 -1445.32
1 269 507 -722.659
1 269 528 -722.659
1 269 543 -722.659
1 269 547 -1445.32
1 270 474 -722.659
1 270 475 -1445.32
1 270 479 -722.659
1 270 491 -722.659
1 270 504 -722.659
1 270 507 -722.659
1 270 526 -722.659
1 271 375 -722.659
1 271 388 -722.659
1 271 479 -722.659
1 271 481 -722.659
1 271 487 -722.659
1 271 491 -722.659
1 271 526 -722.659
1 272 469 -722.659
1 272 493 -722.659
1 272 495 -1445.32
1 272 496 -722.659
1 272 502 -722.659
1 272 526 -2167.98
1 273 441 -722.659
1 273 462 -722.659
1 273 526 -722.659
1 275 463 -722.659
1 275 480 -722.659
1 275 502 -722.659
1 275 504 -722.659
1 276 502 -722.659
1 277 393 -722.659
1 279 459 -722.659
1 280 563 -722.659
1 282 434 -722.659
1 282 435 -722.659
1 283 461 -722.659
1 283 482 -722.659
1 283 483 -722.659
1 285 437 -722.659
1 285 482 -722.659
1 285 483 -722.659
1 286 377 -722.659
1 286 464 -722.659
1 288 469 -722.659
1 289 362 -722.659
1 289 443 -722.659
1 292 358 -722.659
1 293 390 -2167.98
1 293 391 -722.659
1 296 390 -722.659
1 301 359 -722.659
1 301 378 -722.659
1 85 106 -722.659
1 92 112 -1445.32
1 93 117 -722.659
1 97 89 -722.659
1 98 101 -722.659
1 99 126 -722.659
1 99 136 -722.659
1 147 119 -8430.97
1 150 114 -21077.4
1 153 113 -28103.2
1 156 158 -21920.5
1 157 160 -48337.6
1 167 186 -22482.6
1 168 169 -73068.4
1 197 280 -32318.7
1 199 225 -25292.9
1 210 300 -6042.19
1 211 298 -17143.0
1 234 285 -13630.1
1 244 234 -69696.0
1 259 541 -140.52
1 265 469 -140.52
1 267 479 -2669.81
1 271 361 -3156.88
1 272 454 -6.09
1 285 433 -562.06
1 291 453 -31302.8
1 293 380 -843.1
1 299 360 -14894.7
1 109 116 -70258.1
1 131 118 -140.52
1 132 183 -20093.8
1 137 123 -35129.0
1 140 173 -70258.1
1 141 124 -31616.1
1 142 121 -38923.0
1 152 130 -14051.6
1 155 192 -63232.3
1 157 190 -281.03
1 164 258 -48197.0
1 172 162 -84309.7
1 172 163 -40468.6
1 172 164 -3231.87
1 173 196 -122671.0
1 175 213 -70539.1
1 195 280 -33723.9
1 202 295 -15035.2
1 203 296 -21077.4
1 214 174 -230727.0
1 247 335 -12927.5
1 256 333 -17705.0
1 262 350 -36815.2
1 267 346 -128713.0
1 269 347 -39906.6
1 274 431 -685871.0
1 285 357 -21358.4
1 292 370 -32318.7
1 293 370 -39063.5
1 299 335 -98361.3
1 143 152 -23466.2
1 143 154 -21358.4
1 144 130 -7166.32
1 148 113 -87260.5
1 149 118 -53536.6
1 151 143 -20796.4
1 152 177 -17424.0
1 152 183 -18688.7
1 153 185 -7025.81
1 153 212 -28103.2
1 154 128 -1405.16
1 155 180 -16721.4
1 155 187 -7728.39
1 159 188 -11943.9
1 162 171 -42857.4
1 164 159 -46791.9
1 170 217 -98361.3
1 174 182 -13349.0
1 175 178 -11241.3
1 176 128 -51991.0
1 188 287 -13349.0
1 189 206 -111008.0
1 201 279 -42154.8
1 221 294 -70258.1
1 221 361 -1405.16
1 222 252 -2810.32
1 224 273 -64496.9
1 225 248 -46651.4
1 234 319 -140516.0
1 237 292 -62682.8
1 245 243 -14332.7
1 248 238 -21920.5
1 248 331 -12646.5
1 256 342 -21077.4
1 266 345 -82904.5
1 271 268 -140516.0
1 274 278 -14051.6
1 280 443 -1686.19
1 289 355 -12505.9
1 296 393 -28103.2
1 297 378 -12646.5
1 140 166 -54660.8
1 141 116 -48478.1
1 141 165 -29648.9
1 143 114 -52693.6
1 145 114 -45386.7
1 147 171 -10398.2
1 150 172 -13630.1
1 150 186 -64637.4
1 151 178 -37517.8
1 151 181 -30070.4
1 151 189 -41592.8
1 151 211 -36815.2
1 152 180 -43419.5
1 153 188 -60140.9
1 154 113 -7025.81
1 158 173 -281.03
1 176 222 -1405.16
1 184 210 -73068.4
1 188 205 -30913.6
1 188 207 -67166.7
1 193 280 -30913.6
1 206 280 -1545.68
1 209 273 -9836.13
1 209 281 -46554.4
1 211 263 -35129.0
1 211 296 -11381.8
1 213 270 -8571.48
1 221 302 -562.06
1 221 317 -24028.3
1 224 287 -34707.5
1 227 245 -4637.03
1 228 354 -35129.0
1 231 270 -35129.0
1 235 295 -31054.1
1 236 342 -22763.6
1 236 344 -28805.8
1 240 337 -57611.6
1 240 357 -3091.35
1 246 332 -16861.9
1 251 334 -32880.8
1 258 343 -4215.48
1 261 351 -3793.94
1 262 286 -140.52
1 262 361 -59157.3
1 263 350 -5199.1
1 265 517 -421.55
1 269 364 -3653.42
1 270 267 -10117.2
1 270 361 -38220.4
1 271 267 -8009.42
1 271 355 -13630.1
1 271 363 -16861.9
1 275 399 -11263.8
1 278 502 -8852.52
1 291 365 -17845.6
1 296 358 -56206.4
1 297 356 -1686.19
1 300 335 -13770.6
1 131 125 -23606.7
1 134 123 -12224.9
1 134 125 -2248.26
1 135 126 -10257.7
1 138 125 -11803.3
1 142 169 -28103.2
1 146 146 -16861.9
1 156 214 -15737.8
1 166 203 -8993.03
1 168 216 -79813.2
1 183 232 -129134.0
1 192 232 -62670.2
1 193 235 -74473.5
1 201 310 -281.03
1 211 195 -2529.29
1 215 261 -25152.4
1 223 263 -16299.9
1 226 354 -14051.6
1 232 274 -28103.2
1 232 347 -21358.4
1 233 341 -28103.2
1 242 618 -843.1
1 263 570 -140.52
1 264 348 -3231.87
1 265 414 -140.52
1 286 302 -5620.65
1 292 360 -10398.2
1 293 357 -8009.42
1 295 362 -2950.84
1 297 439 -541636.0
1 132 120 -171992.0
1 134 124 -138127.0
1 134 126 -51428.9
1 135 122 -70539.1
1 150 127 -13770.6
1 152 118 -20374.8
1 181 126 -101874.0
1 185 168 -139111.0
1 189 126 -41311.7
1 224 257 -8009.42
1 230 223 -14613.7
1 260 337 -140.52
1 274 361 -6463.74
1 276 358 -983.61
1 276 359 -3653.42
1 137 168 -281.03
1 149 213 -46089.3
1 170 185 -281.03
1 190 250 -16580.9
1 210 253 -47213.4
1 217 236 -34567.0
1 245 324 -562.06
1 247 330 -421.55
1 144 124 -5058.58
1 143 166 -25011.9
1 145 131 -45386.7
1 148 166 -19812.8
1 151 118 -1264.65
1 158 114 -14332.7
1 160 170 -2950.84
1 165 138 -16159.3
1 171 128 -421.55
1 187 160 -15737.8
1 187 263 -281.03
1 188 197 -1967.23
1 188 204 -22904.1
1 202 298 -5.19
1 203 340 -644.69
1 206 169 -1124.13
1 206 281 -140.52
1 208 226 -29227.3
1 211 266 -31309.9
1 213 265 -281.03
1 213 276 -38203.4
1 214 274 -62120.0
1 220 278 -82287.4
1 223 372 -8712.0
1 229 314 -421.55
1 232 398 -1686.19
1 233 375 -1124.13
1 236 317 -34848.0
1 239 385 -1291.73
1 239 406 -172.64
1 239 416 -2.14
1 241 238 -1967.23
1 244 244 -1405.16
1 245 408 -5480.13
1 246 320 -1545.68
1 248 454 -702.58
1 251 425 -140.52
1 258 471 -421.55
1 259 351 -3344.28
1 262 363 -26698.1
1 262 585 -24590.3
1 263 492 -60.26
1 265 360 -32389.0
1 265 489 -26.7
1 267 407 -281.03
1 267 449 -2950.84
1 268 351 -7166.32
1 269 360 -2029.28
1 272 360 -33302.3
1 273 340 -562.06
1 273 367 -8290.45
1 273 521 -34567.0
1 274 327 -1405.16
1 274 432 -21358.4
1 274 521 -28524.8
1 274 522 -3990.66
1 275 357 -4074.97
1 275 465 -139.92
1 278 405 -199.73
1 279 378 -9554.94
1 280 371 -4777.55
1 290 322 -14613.7
1 290 379 -20058.4
1 290 398 -34808.7
1 290 475 -134080.0
1 291 408 -109159.0
1 292 458 -22074.6
1 295 337 -13770.6
1 296 371 -57190.1
1 297 377 -16018.8
1 147 116 -69836.5
1 157 186 -140.52
1 160 134 -81499.4
1 205 310 -140.52
1 258 337 -140.52
1 259 439 -140.52
1 268 484 -140.52
1 281 328 -140.52
1 173 183 -12927.5
