1 62 1 3798.3
1 61 2 3770.7
1 60 3 3749.7
1 59 4 3733.5
1 58 5 3721.5
1 57 6 3713.4
1 56 7 3709.2
1 55 8 3709.0
1 54 9 3713.4
1 53 10 3722.5
1 52 11 3736.7
1 51 12 3755.5
1 49 13 3767.8
1 50 13 3777.1
1 48 14 3789.3
1 47 15 3784.5
1 46 16 3776.7
1 45 17 3766.9
1 45 18 3767.6
1 45 19 3768.3
1 44 20 3756.4
1 44 21 3756.2
1 44 22 3755.5
1 44 23 3754.2
1 44 24 3752.2
1 44 25 3749.4
1 44 26 3745.6
1 44 27 3740.7
1 44 28 3734.5
1 44 29 3727.0
1 44 30 3717.9
1 44 31 3707.0
1 44 32 3694.2
1 44 33 3679.1
1 44 34 3661.5
1 44 35 3641.1
1 44 36 3617.4
1 44 37 3589.8
1 44 38 3557.8
1 44 39 3520.3
1 44 40 3476.1
1 44 41 3422.8
1 43 42 3304.0
1 43 43 3265.0
1 43 44 3203.3
1 42 45 3052.1
1 42 46 2997.6
1 40 47 2765.7
1 41 47 2812.0
1 40 48 2729.6
1 40 49 2663.5
1 40 50 2567.6
1 35 78 4859.7
1 35 79 4888.1
1 34 80 4945.1
1 33 81 5025.5
1 32 82 5089.1
1 31 83 5102.5
1 30 84 5114.2
1 29 85 5123.1
1 28 86 5145.4
1 27 87 5164.2
1 26 88 5190.3
1 25 89 5217.8
1 25 90 5254.2
1 24 91 5241.3
1 24 92 5256.5
1 24 93 5293.6
1 24 94 5330.6
1 23 95 5345.7
1 23 96 5386.0
1 23 97 5422.3
1 22 98 5430.3
1 22 99 5471.4
1 22 100 5508.4
1 22 101 5545.7
1 21 102 5566.0
1 21 103 5611.1
1 20 104 5633.2
1 20 105 5675.7
1 19 106 5707.7
1 19 107 5752.1
1 18 108 5788.7
1 18 109 5828.5
1 17 110 5747.7
1 17 111 5758.8
1 17 112 5868.1
1 65 109 6030.5
1 66 109 6027.0
1 67 109 5976.4
1 68 109 5941.6
1 69 109 5951.1
1 62 110 5964.5
1 63 110 6002.2
1 64 110 6023.1
1 70 110 6040.0
1 60 111 5859.4
1 61 111 5880.9
1 71 111 6106.0
1 37 112 5647.1
1 38 112 5707.3
1 39 112 5768.9
1 40 112 5814.4
1 41 112 5851.4
1 42 112 5873.4
1 43 112 5884.6
1 44 112 5893.7
1 45 112 5900.9
1 46 112 5910.4
1 47 112 5919.3
1 48 112 5936.9
1 55 112 5739.6
1 56 112 5761.3
1 57 112 5778.4
1 58 112 5795.2
1 59 112 5810.1
1 72 112 6143.0
1 16 113 5956.8
1 33 113 5631.7
1 34 113 5615.1
1 35 113 5599.2
1 36 113 5578.7
1 49 113 5930.6
1 50 113 5908.4
1 51 113 5855.3
1 52 113 5800.7
1 53 113 5744.1
1 54 113 5707.4
1 73 113 6175.3
1 16 114 6015.9
1 29 114 5721.3
1 30 114 5696.1
1 31 114 5668.3
1 32 114 5633.3
1 74 114 6198.4
1 75 114 6202.5
1 16 115 6072.6
1 25 115 5833.0
1 26 115 5810.2
1 27 115 5781.0
1 28 115 5741.0
1 76 115 6234.3
1 16 116 6127.9
1 21 116 5975.7
1 22 116 5990.6
1 23 116 5903.4
1 24 116 5863.2
1 77 116 6249.5
1 78 116 6247.6
1 79 116 6260.2
1 16 117 6182.1
1 20 117 6023.7
1 80 117 6281.1
1 81 117 6279.2
1 82 117 6258.6
1 83 117 6231.1
1 84 117 6202.0
1 16 118 6219.5
1 17 118 6185.7
1 18 118 6138.6
1 19 118 6085.1
1 85 118 6131.5
1 85 119 6089.7
1 86 120 6072.5
1 86 121 6095.2
1 86 122 6120.0
1 86 123 6137.3
1 86 124 6149.7
1 86 125 6159.3
1 86 126 6166.4
1 86 127 6170.1
1 86 128 6170.7
1 86 129 6169.0
1 86 130 6166.3
1 86 131 6162.1
1 86 132 6155.2
1 86 133 6146.5
1 86 134 6134.7
1 86 135 6118.8
1 86 136 6099.7
1 85 137 6050.6
1 85 138 6037.7
1 84 139 6032.8
1 83 140 6073.8
1 82 141 6157.7
1 82 142 6174.0
1 81 143 6226.7
1 80 144 6287.2
1 79 145 6356.2
1 78 146 6419.8
1 77 147 6487.1
1 76 148 6559.0
1 75 149 6636.4
1 75 150 6700.7
1 75 151 6761.3
1 75 152 6821.9
1 75 153 6868.8
1 76 154 6862.0
1 77 154 6849.2
1 78 154 6839.0
1 79 155 6827.7
1 80 155 6815.1
1 81 156 6797.5
1 82 157 6771.0
1 82 158 6748.6
1 83 158 6734.5
1 84 159 6704.6
1 84 160 6676.8
1 84 161 6652.4
1 84 162 6628.5
1 85 163 6603.4
1 86 164 6574.0
1 87 165 6537.0
1 88 166 6502.2
1 89 167 6468.6
1 90 168 6387.2
1 90 169 6337.2
1 91 170 6269.8
1 92 171 6198.4
1 93 172 6167.7
1 94 173 6141.2
1 94 174 6138.8
1 95 175 6123.4
1 95 176 6109.0
1 95 177 6113.7
1 95 178 6120.7
1 95 179 6126.0
1 96 180 5954.7
1 97 181 5971.7
1 98 182 5989.2
1 99 183 6006.7
1 100 184 6022.5
1 101 185 6037.9
1 102 185 6046.3
1 103 185 6061.9
1 104 186 6096.3
1 105 186 6097.4
1 106 187 6100.6
1 107 188 6096.4
1 108 189 5914.1
1 108 190 5916.1
1 108 191 5917.1
1 108 192 5916.7
1 108 193 5912.5
1 107 194 5707.4
1 107 195 5703.4
1 107 196 5695.6
1 107 197 5685.3
1 107 198 5673.3
1 106 199 5634.9
1 106 200 5622.0
1 105 201 5576.1
1 105 202 5562.9
1 104 203 5522.4
1 104 204 5513.7
1 104 205 5498.7
1 104 206 5477.3
1 104 207 5444.2
1 98 208 5460.6
1 99 208 5470.7
1 100 208 5483.1
1 101 208 5496.0
1 102 208 5513.7
1 103 208 5542.4
1 97 209 5451.3
1 97 210 5450.1
1 97 211 5446.0
1 97 212 5440.7
1 96 213 5424.1
1 95 214 5416.7
1 95 215 5415.4
1 94 216 5408.0
1 94 217 5407.1
1 94 218 5406.4
1 95 219 5410.6
1 96 220 5414.1
1 97 221 5418.0
1 97 222 5416.9
1 98 223 5420.2
1 98 224 5418.8
1 99 225 5422.9
1 99 226 5421.0
1 100 227 5242.1
1 128 227 5398.5
1 129 227 5461.6
1 101 228 5248.0
1 107 228 5142.9
1 108 228 5167.8
1 109 228 5196.4
1 110 228 5228.4
1 111 228 5263.1
1 125 228 5283.4
1 126 228 5309.8
1 127 228 5318.0
1 130 228 5187.6
1 131 228 5194.1
1 132 228 5188.2
1 133 228 5189.3
1 134 228 5195.5
1 135 228 5209.9
1 136 228 5226.9
1 137 228 5240.2
1 138 228 5267.0
1 102 229 5252.8
1 106 229 5280.7
1 112 229 5117.3
1 118 229 5143.6
1 119 229 5162.0
1 120 229 5177.9
1 121 229 5192.0
1 122 229 5203.3
1 123 229 5212.7
1 124 229 5215.2
1 139 229 5340.3
1 103 230 5256.3
1 104 230 5258.9
1 105 230 5261.9
1 113 230 5133.9
1 114 230 5125.4
1 115 230 5121.1
1 116 230 5118.6
1 117 230 5110.7
1 140 230 5307.1
1 139 231 5374.7
1 137 232 5411.3
1 138 232 5410.6
1 136 233 5414.6
1 135 234 5407.4
1 133 235 5374.7
1 134 235 5388.0
1 132 236 5357.8
1 130 237 5314.5
1 131 237 5329.7
1 129 238 5303.3
1 128 239 5287.2
1 127 240 5267.3
1 127 241 5257.5
1 127 242 5244.6
1 128 243 5252.9
1 129 244 5251.2
1 129 245 5238.5
1 130 246 5234.7
1 131 246 5233.6
1 132 246 5236.5
1 133 246 5245.8
1 134 246 5263.2
1 135 246 5289.6
1 136 246 5316.8
1 137 246 5336.8
1 138 246 5358.8
1 139 247 5409.5
1 140 247 5434.0
1 141 247 5471.5
1 142 247 5514.8
1 143 248 5577.8
1 144 249 5671.3
1 144 250 5698.1
1 145 251 5749.9
1 145 252 5775.5
1 145 253 5795.8
1 146 254 5829.1
1 146 255 5826.5
1 146 256 5820.5
1 146 257 5812.6
1 146 258 5802.4
1 146 259 5790.6
1 146 260 5777.2
1 146 261 5764.9
1 146 262 5751.7
1 146 263 5738.5
1 146 264 5728.4
1 146 265 0.0
1 147 266 5482.8
1 147 267 5453.7
1 147 268 5428.8
1 147 269 5389.1
1 147 270 5356.1
1 148 271 5306.0
1 148 272 5279.2
1 148 273 5252.1
1 148 274 5230.3
1 149 274 5215.4
1 149 275 5175.8
1 149 276 5143.6
1 149 277 5091.0
1 149 278 5036.4
1 150 279 5132.7
1 150 280 5087.7
1 150 281 5046.5
1 150 282 5016.2
1 151 283 4932.5
1 151 284 4888.7
1 151 285 4855.4
1 152 286 4761.4
1 152 287 4706.8
1 152 288 4662.5
1 152 289 4628.0
1 153 290 4722.8
1 153 291 4696.3
1 153 292 4704.2
1 154 293 4715.0
1 154 294 4726.6
1 154 295 4736.1
1 154 296 4742.2
1 155 297 4760.1
1 155 298 4763.9
1 156 299 4586.8
1 157 299 4593.1
1 158 299 4602.6
1 159 299 4615.1
1 160 299 4631.1
1 161 299 4650.5
1 162 300 4681.7
1 162 301 4684.5
1 162 302 4683.6
1 162 303 4681.0
1 162 304 4678.3
1 163 305 4857.4
1 163 306 4848.4
1 163 307 4838.6
1 163 308 4829.3
1 163 309 4823.2
1 164 310 5039.4
1 165 311 5081.0
1 166 312 5152.7
1 167 313 5211.3
1 168 314 5244.2
1 168 315 5076.7
1 168 316 5081.0
1 169 316 5088.5
1 169 317 5094.3
1 170 317 5104.1
1 171 318 5105.2
1 171 319 5081.8
1 172 320 5033.9
1 172 321 4986.4
1 172 322 4938.1
1 172 323 4887.1
1 172 324 4847.4
1 173 325 4845.9
1 173 326 4849.5
1 173 327 4851.3
1 174 328 4860.7
1 174 329 4862.3
1 174 330 4863.3
1 175 331 4867.8
1 176 331 4871.8
1 177 331 4877.7
1 178 332 4887.1
1 179 333 4889.7
1 179 334 4886.6
1 179 335 4883.5
1 180 336 4881.0
1 181 337 4872.5
1 181 338 4867.8
1 187 338 4741.0
1 188 338 4762.1
1 189 338 4779.7
1 190 338 4793.4
1 182 339 4858.5
1 186 339 4873.5
1 191 339 4797.0
1 192 339 5216.0
1 182 340 4852.5
1 186 340 4857.8
1 193 340 5215.3
1 182 341 4848.9
1 186 341 4847.8
1 194 341 5215.2
1 195 341 5216.8
1 183 342 4845.3
1 184 342 4845.1
1 185 342 4844.6
1 186 342 4843.5
1 196 342 5216.5
1 196 343 5214.4
1 197 344 5213.3
1 198 345 5210.9
1 199 346 5208.8
1 200 346 5210.4
1 201 346 5212.6
1 202 346 5214.7
1 203 346 5215.5
1 204 346 4511.57
1 205 347 5199.5
1 206 347 5193.3
1 207 348 5398.8
1 207 349 5496.1
1 207 350 5637.0
1 206 351 5696.9
1 205 352 5701.7
1 205 353 5706.2
1 205 354 5711.2
1 206 355 5734.1
1 206 356 5742.3
1 207 357 5767.0
1 208 357 5784.2
1 209 358 5465.4
1 210 359 5522.7
1 211 359 5550.7
1 212 360 5470.5
1 212 361 5507.7
1 208 362 5529.9
1 209 362 5534.6
1 210 362 5541.7
1 211 362 5547.4
1 207 363 5526.1
1 206 364 5520.7
1 206 365 5522.0
1 206 366 5522.2
1 206 367 5521.4
1 206 368 5520.4
1 206 369 5519.2
1 207 369 5525.6
1 208 369 5542.1
1 209 369 5563.8
1 210 369 5588.2
1 211 369 5618.5
1 212 369 5654.9
1 213 369 5699.1
1 214 370 5595.6
1 215 370 5629.4
1 216 372 5626.7
1 214 373 5263.1
1 215 373 5351.3
1 214 374 5220.0
1 213 375 5270.2
1 212 376 5247.8
1 211 377 5194.7
1 211 378 5183.6
1 211 379 5178.1
1 211 380 5180.2
1 211 381 5189.3
1 211 382 5243.7
1 211 383 5293.5
1 212 384 45000.0
1 212 385 45000.0
1 212 386 45000.0
1 212 387 45000.0
1 212 388 45000.0
1 212 389 45000.0
1 212 390 45000.0
1 212 391 45000.0
1 212 392 45000.0
1 212 393 45000.0
1 213 394 45000.0
1 213 395 45000.0
1 213 396 45000.0
1 213 397 45000.0
1 213 398 45000.0
1 213 399 45000.0
1 213 400 45000.0
1 213 401 45000.0
1 213 402 45000.0
1 214 403 45000.0
1 214 404 45000.0
1 214 405 45000.0
1 214 406 45000.0
1 214 407 45000.0
1 214 409 45000.0
1 214 410 45000.0
1 214 411 45000.0
1 214 412 45000.0
1 214 413 45000.0
1 214 414 45000.0
1 214 415 45000.0
1 215 416 45000.0
1 215 417 45000.0
1 227 417 45000.0
1 228 417 45000.0
1 229 417 45000.0
1 216 418 45000.0
1 226 418 45000.0
1 230 418 45000.0
1 217 419 45000.0
1 218 419 45000.0
1 219 419 45000.0
1 220 419 45000.0
1 221 419 45000.0
1 222 419 45000.0
1 223 419 45000.0
1 224 419 45000.0
1 225 419 45000.0
1 229 419 45000.0
1 229 420 45000.0
1 226 421 45000.0
1 227 421 45000.0
1 228 421 45000.0
1 224 422 45000.0
1 225 422 45000.0
1 224 423 45000.0
1 224 424 45000.0
1 225 424 45000.0
1 226 424 45000.0
1 227 424 45000.0
1 228 424 45000.0
1 229 425 45000.0
1 229 426 45000.0
1 229 427 45000.0
1 229 428 45000.0
1 229 429 45000.0
1 228 430 45000.0
1 228 431 45000.0
1 228 432 45000.0
1 228 433 45000.0
1 228 434 45000.0
1 228 435 45000.0
1 229 435 45000.0
1 230 436 45000.0
1 230 437 45000.0
1 230 438 45000.0
1 230 439 45000.0
1 230 440 45000.0
1 230 441 45000.0
1 230 442 45000.0
1 230 443 45000.0
1 230 444 45000.0
1 230 445 45000.0
1 230 446 45000.0
1 230 447 45000.0
1 230 448 45000.0
1 230 449 45000.0
1 230 450 45000.0
1 230 451 45000.0
1 230 452 45000.0
1 230 453 45000.0
1 230 454 45000.0
1 230 455 45000.0
1 230 456 45000.0
1 231 457 45000.0
1 231 458 45000.0
1 231 459 45000.0
1 231 460 45000.0
1 232 461 45000.0
1 232 462 45000.0
1 232 463 45000.0
1 232 464 45000.0
1 233 464 45000.0
1 234 464 45000.0
1 235 464 45000.0
1 236 464 45000.0
1 237 464 45000.0
1 238 464 45000.0
1 239 465 45000.0
1 239 466 45000.0
1 239 467 5337.1
1 238 468 5337.1
1 238 469 5337.1
1 238 470 5337.1
1 239 471 5337.1
1 240 471 5337.1
1 241 472 5337.1
1 242 472 5337.1
1 243 472 5337.1
1 244 473 5337.1
1 245 474 5337.1
1 246 475 5337.1
1 246 476 5337.1
1 246 477 5337.1
1 246 478 5337.1
1 246 479 5337.1
1 246 480 5337.1
1 245 481 5337.1
1 245 482 5337.1
1 244 483 5337.1
1 243 484 5337.1
1 243 485 5337.1
1 243 486 5337.1
1 243 487 5337.1
1 243 488 5337.1
1 243 489 5337.1
1 242 490 5337.1
1 242 491 5337.1
1 241 492 5337.1
1 241 493 5337.1
1 240 494 5337.1
1 239 495 5337.1
1 238 496 5337.1
1 235 497 5337.1
1 236 497 5337.1
1 237 497 5337.1
1 233 498 5337.1
1 234 498 5337.1
1 233 499 5337.1
1 232 500 5337.1
1 231 501 5337.1
1 231 502 5337.1
1 231 503 5337.1
1 231 504 5337.1
1 231 505 5337.1
1 231 506 5337.1
1 231 507 5337.1
1 231 508 5337.1
1 231 509 5337.1
1 231 510 5337.1
1 231 511 5337.1
1 231 512 5337.1
1 231 513 5337.1
1 231 514 5337.1
1 231 515 5337.1
1 232 516 5337.1
1 232 517 5337.1
1 232 518 5337.1
1 233 519 5337.1
1 233 520 5337.1
1 233 521 5337.1
1 234 522 5337.1
1 234 523 5337.1
1 235 524 5337.1
1 235 525 5337.1
1 236 525 5337.1
1 237 525 5337.1
1 238 525 5337.1
1 239 526 5337.1
1 239 527 5337.1
1 240 528 5437.9
1 240 529 5453.1
1 241 530 5519.7
1 241 531 5549.7
1 241 532 5566.6
1 241 533 5578.1
1 241 534 5586.4
1 242 535 5064.8
1 242 536 5076.1
1 243 536 5094.1
1 244 536 5126.6
1 245 536 5155.2
1 246 537 5210.6
1 246 538 5227.7
1 247 539 5267.6
1 248 540 5303.1
1 249 540 5315.2
1 250 540 5331.6
1 251 541 5365.2
1 250 544 5398.8
1 251 544 5401.1
1 245 545 5344.2
1 246 545 5355.4
1 247 545 5374.0
1 248 545 5387.7
1 249 545 5393.2
1 243 546 5317.7
1 244 546 5321.7
1 243 547 5318.4
1 242 548 5314.5
1 242 549 5314.8
1 241 550 5308.6
1 241 551 5306.9
1 240 552 5296.5
1 239 553 5285.5
1 238 554 0.0
1 237 555 5249.9
1 236 556 5248.8
1 236 557 5248.8
1 232 558 5189.1
1 233 558 5186.1
1 234 558 5193.8
1 235 558 5197.3
1 232 559 5201.2
1 231 560 5201.4
1 231 561 5209.8
1 231 562 5216.5
1 231 563 5221.6
1 231 564 5222.9
1 230 565 5389.7
1 230 566 5382.9
1 230 567 5372.0
1 230 568 5359.6
1 215 371 5678.1
1 39 51 6043.2
1 39 52 5967.8
1 38 53 5714.5
1 38 54 5641.8
1 37 55 5375.6
1 36 56 5152.8
1 35 57 4950.0
1 35 58 4889.0
1 35 59 4787.7
1 35 60 8397.7
1 35 61 8262.3
1 35 62 8125.5
1 35 63 7985.2
1 35 64 7841.2
1 35 65 7693.4
1 35 66 7542.6
1 35 67 7395.4
1 35 68 7276.3
1 36 69 10770.0
1 36 70 10502.6
1 36 71 10250.3
1 36 72 10007.1
1 36 73 9772.1
1 36 74 9559.1
1 36 75 9377.7
1 36 76 9287.9
1 36 77 9255.2
1 230 569 5347.0
1 230 570 5333.5
1 230 571 5317.4
1 230 572 5306.0
1 230 573 5316.9
1 230 574 5332.4
1 230 575 5342.6
1 230 576 5344.7
1 230 577 5179.6
1 230 578 5212.8
1 230 579 5245.9
1 230 580 5275.3
1 230 581 5278.4
1 230 582 5283.8
1 230 583 5286.3
1 230 584 5285.4
1 230 585 5282.0
1 230 586 5277.4
1 230 587 5271.3
1 230 588 5267.4
1 229 589 5251.5
1 229 590 5242.2
1 228 591 5219.5
1 228 592 5203.8
1 228 593 5186.5
1 228 594 5164.3
1 227 595 5120.1
1 227 596 5096.9
1 227 597 5068.8
1 227 598 5035.6
1 227 599 4786.4
1 226 600 4700.2
1 226 601 4698.2
1 226 602 4696.9
1 226 603 4697.6
1 225 604 4268.5
1 224 605 4268.5
1 223 606 4290.4
1 222 607 4310.8
1 223 605 4275.0
1 114 114 -6222.86
1 117 120 -654.93
1 129 121 -19757.6
1 130 122 -654.93
1 133 112 -35937.0
1 135 194 -1277.22
1 138 201 -9334.29
1 139 168 -10112.1
1 140 168 -10112.1
1 141 191 -35625.9
1 143 172 -10112.1
1 143 190 -17424.0
1 144 166 -12445.7
1 144 172 -10112.1
1 144 182 -57250.3
1 144 190 -17424.0
1 145 161 -109367.0
1 146 117 -38270.6
1 146 188 -6689.57
1 146 190 -6689.57
1 147 132 -12445.7
1 147 145 -654.93
1 148 167 -32825.6
1 148 176 -53238.1
1 148 196 -24113.6
1 149 145 -34225.7
1 149 146 -17112.9
1 150 124 -11667.9
1 150 141 -12601.3
1 150 198 -52583.1
1 151 142 -9023.14
1 151 195 -32358.9
1 152 123 -22402.3
1 152 125 -20879.2
1 152 132 -22590.5
1 153 142 -128346.0
1 153 192 -37492.7
1 154 125 -622.29
1 154 171 -654.93
1 154 249 -29558.6
1 155 112 -26913.9
1 155 129 -5756.14
1 155 141 -131613.0
1 156 129 -212977.0
1 156 146 -91942.7
1 157 116 -155.57
1 157 135 -8932.86
1 157 140 -187152.0
1 157 251 -57717.0
1 158 133 -28035.5
1 158 181 -63162.0
1 159 119 -50094.0
1 159 173 -36559.3
1 161 125 -311.14
1 161 129 -155.57
1 161 131 -933.43
1 161 188 -33759.0
1 162 119 -2644.71
1 162 121 -35937.0
1 162 128 -195087.0
1 162 132 -3889.29
1 162 169 -1400.14
1 163 137 -1089.0
1 163 138 -4388.64
1 163 171 -5289.43
1 165 130 -466.71
1 165 131 -1089.0
1 166 126 -3111.43
1 167 125 -12134.6
1 167 259 -9645.43
1 168 123 -19602.0
1 168 208 -31736.6
1 169 163 -40759.7
1 170 131 -21935.6
1 170 132 -155.57
1 171 130 -8400.86
1 171 131 -777.86
1 171 132 -8712.0
1 172 218 -112323.0
1 173 224 -17268.4
1 174 123 -6067.29
1 174 135 -1866.86
1 175 134 -62695.3
1 175 204 -8245.29
1 176 176 -14623.7
1 176 202 -6378.43
1 177 133 -43248.9
1 177 211 -16801.7
1 178 164 -777.86
1 178 261 -88675.7
1 179 181 -93031.7
1 179 183 -16957.3
1 179 210 -17424.0
1 180 208 -18046.3
1 183 184 -59428.3
1 184 246 -9489.86
1 187 200 -42471.0
1 188 198 -36559.3
1 188 209 -23491.3
1 188 240 -34225.7
1 188 258 -42937.7
1 189 282 -23335.7
1 190 281 -49782.9
1 191 191 -98321.1
1 191 281 -80741.6
1 193 256 -11356.7
1 193 260 -35922.9
1 197 204 -11356.7
1 197 252 -6067.29
1 198 298 -654.93
1 199 211 -20691.0
1 199 231 -22557.9
1 199 298 -654.93
1 200 298 -705.69
1 201 234 -3422.57
1 203 275 -99410.1
1 203 280 -30647.6
1 204 248 -14738.4
1 205 300 -679.95
1 206 286 -7353.59
1 206 300 -1309.86
1 211 255 -63006.4
1 212 226 -9645.43
1 212 258 -10112.1
1 213 264 -311.14
1 213 300 -5289.43
1 214 240 -41070.9
1 216 238 -20535.4
1 216 267 -2644.71
1 217 264 -31581.0
1 217 365 -777.86
1 218 179 -66429.0
1 219 310 -9023.14
1 221 223 -1866.86
1 221 246 -26913.9
1 221 284 -4667.59
1 222 369 -2800.29
1 223 271 -30492.0
1 224 301 -13845.9
1 224 374 -7465.59
1 226 311 -155.57
1 226 365 -1867.2
1 227 270 -155.57
1 228 225 -45738.0
1 230 361 -63473.1
1 231 401 -3766.36
1 232 364 -135.53
1 232 370 -5857.51
1 233 337 -654.93
1 233 376 -1894.92
1 233 394 -1309.86
1 234 304 -3932.74
1 234 393 -699.15
1 235 367 -28263.9
1 235 400 -622.29
1 235 605 -45.13
1 235 609 -359.51
1 236 263 -57405.9
1 236 351 -31114.3
1 237 237 -28314.0
1 237 316 -14215.0
1 237 357 -5561.12
1 237 389 -654.93
1 238 221 -1244.57
1 238 398 -4.7
1 238 605 -3352.48
1 238 609 -1309.86
1 239 250 -12601.3
1 239 338 -29091.9
1 239 605 -3274.65
1 239 606 -1964.79
1 239 619 -4077.5
1 240 380 -654.93
1 240 426 -654.93
1 240 608 -2640.25
1 241 335 -32825.6
1 241 342 -42782.1
1 241 604 -654.93
1 242 311 -4731.01
1 243 371 -654.93
1 243 389 -1400.14
1 243 422 -155.57
1 243 605 -3274.65
1 244 605 -3929.58
1 244 621 -1421.76
1 245 238 -37492.7
1 245 337 -654.93
1 245 370 -202.43
1 245 621 -654.93
1 246 321 -3467.32
1 246 618 -1964.79
1 247 344 -676.79
1 247 383 -11914.3
1 247 384 -1876020.0
1 248 251 -22926.2
1 248 424 -3733.71
1 248 436 -4044.86
1 248 444 -11342.0
1 248 589 -1400.14
1 249 373 -654.93
1 249 424 -654.93
1 249 430 -61765.3
1 249 436 -6799.42
1 249 443 -5670.98
1 249 606 -3274.65
1 250 239 -12601.3
1 250 326 -3362.74
1 250 424 -654.93
1 250 425 -632242.0
1 250 431 -14203.6
1 250 595 -2120.36
1 251 300 -62228.6
1 251 356 -80619.0
1 251 408 -568.68
1 251 456 -810.5
1 251 457 -30.44
1 251 594 -654.93
1 251 595 -668.82
1 251 596 -1309.86
1 252 230 -36403.7
1 252 285 -21624.4
1 252 329 -33601.6
1 252 450 -777.86
1 252 595 -654.93
1 252 606 -654.93
1 253 298 -15401.6
1 253 331 -13582.9
1 253 332 -17980.1
1 253 416 -466.71
1 253 420 -10460.5
1 253 445 -73911.7
1 254 338 -94743.0
1 254 367 -777.86
1 254 407 -116441.0
1 254 597 -654.93
1 254 607 -10767.1
1 255 381 -25047.0
1 255 383 -51027.4
1 255 388 -41693.1
1 255 395 -2955.86
1 255 420 -9956.57
1 255 439 -26447.1
1 255 443 -81559.6
1 255 595 -654.93
1 255 596 -654.93
1 255 606 -10767.1
1 255 609 -1309.86
1 256 314 -29985.7
1 256 335 -30492.0
1 256 341 -777.86
1 256 370 -4190.42
1 256 413 -2022.43
1 256 586 -75188.4
1 256 593 -2619.72
1 257 238 -2489.14
1 257 324 -5913.77
1 257 413 -2022.43
1 257 576 -4470.45
1 257 599 -97419.8
1 257 600 -109211.0
1 258 325 -6597.0
1 258 336 -1596.44
1 258 418 -591904.0
1 258 420 -27653.2
1 258 442 -632195.0
1 258 464 -4978.29
1 258 585 -3929.58
1 258 595 -1309.86
1 258 601 -45115.7
1 258 602 -33873.7
1 259 340 -92442.1
1 259 371 -4190.42
1 259 405 -7519.54
1 259 588 -27686.2
1 259 592 -661.31
1 259 593 -661.31
1 260 342 -34225.7
1 260 349 -777.86
1 260 407 -2852250.0
1 260 413 -47027.7
1 260 424 -359.3
1 260 461 -2489.14
1 260 463 -22091.1
1 260 464 -29869.7
1 260 585 -8495.2
1 260 586 -16007.6
1 261 337 -5133.86
1 261 355 -58961.6
1 261 381 -351738.0
1 261 416 -16646.1
1 261 418 -654.93
1 261 429 -33787.8
1 261 464 -14934.9
1 261 492 -654.93
1 261 571 -21780.0
1 261 576 -13675.3
1 262 345 -43715.6
1 262 540 -249.92
1 262 564 -48884.2
1 262 568 -17890.7
1 262 570 -32670.0
1 262 571 -10890.0
1 263 434 -1513.48
1 263 471 -10890.0
1 263 477 -12756.9
1 263 520 -1309.86
1 263 582 -18944.5
1 264 265 -21624.4
1 264 344 -21935.6
1 264 345 -6378.43
1 264 355 -311.14
1 264 367 -654.93
1 264 383 -31467.5
1 264 407 -4511.57
1 264 428 -155872.0
1 264 468 -67.92
1 264 471 -11045.6
1 264 476 -155.57
1 264 477 -58806.0
1 264 523 -2431.5
1 264 524 -466.71
1 264 549 -4865.32
1 265 363 -4511.57
1 265 364 -21828.9
1 265 374 -11916.7
1 265 380 -12.97
1 265 422 -17044.6
1 265 557 -1555.71
1 266 337 -654.93
1 266 340 -8089.71
1 266 462 -155.57
1 267 391 -16335.0
1 267 463 -2489.14
1 267 555 -654.93
1 267 556 -654.93
1 268 333 -21468.9
1 268 334 -25513.7
1 268 436 -3406770.0
1 268 455 -12.66
1 268 479 -622.29
1 268 480 -622.29
1 268 489 -1788.63
1 269 363 -654.93
1 269 397 -39670.7
1 269 450 -2644.71
1 269 456 -15242.8
1 269 541 -966.07
1 270 337 -2022.43
1 270 352 -24269.1
1 270 412 -35168.1
1 270 417 -55163.2
1 270 429 -1583.17
1 270 481 -810.5
1 270 483 -1324.0
1 270 484 -654.93
1 270 486 -16731.2
1 270 539 -311.14
1 271 319 -14215.0
1 271 371 -1244.57
1 271 415 -111477.0
1 271 485 -207.74
1 271 493 -123784.0
1 271 498 -9178.71
1 271 537 -51760.2
1 272 336 -16668.9
1 272 337 -21.0
1 272 351 -11667.9
1 272 366 -5600.57
1 272 368 -236887.0
1 272 388 -619438.0
1 272 396 -15712.7
1 272 450 -6534.0
1 272 451 -18201.9
1 272 453 -1089.0
1 272 462 -1658760.0
1 272 491 -15.63
1 272 497 -24907.6
1 272 498 -9801.0
1 272 530 -113320.0
1 272 532 -343525.0
1 272 535 -8368.19
1 273 363 -311.14
1 273 392 -862.51
1 273 410 -1089.0
1 273 480 -22869.0
1 273 510 -966.07
1 273 516 -16462.6
1 273 517 -191770.0
1 273 518 -273.39
1 274 409 -1089.0
1 274 520 -34070.1
1 274 523 -2489.14
1 275 367 -7467.43
1 275 441 -292641.0
1 275 450 -12601.3
1 275 506 -2489.14
1 276 366 -2333.57
1 276 446 -5289.43
1 276 474 -27514.4
1 277 294 -53634.6
1 277 390 -11356.7
1 277 407 -1244800.0
1 277 431 -4836.38
1 277 472 -26518.5
1 277 480 -41713.2
1 277 482 -1711.29
1 278 365 -18513.0
1 278 435 -1078.99
1 278 482 -1711.29
1 279 310 -24074.7
1 279 433 -202106.0
1 279 475 -98088.2
1 279 485 -20379.9
1 280 365 -22402.3
1 280 433 -23322.5
1 280 442 -9023.14
1 280 469 -53651.0
1 280 471 -43984.6
1 281 458 -174657.0
1 282 409 -6067.29
1 282 424 -2022.43
1 282 430 -777.86
1 282 436 -119.36
1 283 335 -25047.0
1 283 354 -5756.14
1 283 429 -252181.0
1 283 449 -30030.9
1 283 452 -118537.0
1 283 455 -1341.58
1 283 468 -43234.2
1 284 339 -28283.3
1 284 457 -5911.71
1 284 463 -253.04
1 284 481 -7146.01
1 285 336 -466.71
1 285 374 -2955.86
1 285 467 -237929.0
1 285 475 -75123.8
1 286 330 -58671.5
1 286 425 -238099.0
1 286 475 -29624.6
1 286 477 -63116.4
1 287 426 -654.93
1 287 477 -33382.0
1 288 419 -10890.0
1 288 423 -780.2
1 288 426 -654.93
1 289 351 -18357.4
1 289 404 -185203.0
1 289 459 -109.81
1 290 382 -113774.0
1 290 402 -21532.2
1 290 411 -1244.57
1 290 412 -20224.3
1 290 413 -933.43
1 291 350 -3267.0
1 291 373 -1244.57
1 291 399 -97731.6
1 292 361 -30803.1
1 292 365 -17890.7
1 292 416 -1244.57
1 292 469 -6559.9
1 293 440 -155.57
1 294 435 -12445.7
1 294 447 -31677.6
1 294 458 -9763.62
1 295 356 -1543.39
1 295 391 -21935.6
1 295 430 -367532.0
1 296 388 -518.63
1 296 406 -10136.3
1 296 433 -7156.29
1 297 381 -11823.4
1 297 395 -3447.05
1 297 401 -25112.9
1 297 402 -11663.6
1 297 413 -1039170.0
1 297 442 -66453.6
1 299 354 -2800.29
1 299 355 -626.06
1 299 387 -69.45
1 102 110 -654.93
1 102 113 -654.93
1 103 100 -654.93
1 103 104 -654.93
1 104 115 -654.93
1 105 115 -654.93
1 105 139 -654.93
1 108 117 -654.93
1 109 112 -654.93
1 111 155 -654.93
1 111 208 -654.93
1 112 181 -654.93
1 113 111 -654.93
1 113 159 -654.93
1 113 211 -654.93
1 114 173 -654.93
1 114 212 -1309.86
1 115 212 -1309.86
1 116 121 -654.93
1 116 150 -654.93
1 116 166 -654.93
1 117 119 -654.93
1 117 168 -654.93
1 117 210 -654.93
1 119 194 -654.93
1 119 202 -654.93
1 119 96 -654.93
1 120 155 -654.93
1 120 94 -654.93
1 121 187 -654.93
1 123 110 -654.93
1 123 111 -654.93
1 123 158 -654.93
1 123 168 -654.93
1 123 193 -654.93
1 123 202 -1309.86
1 125 150 -654.93
1 125 151 -654.93
1 125 193 -654.93
1 125 194 -654.93
1 126 121 -654.93
1 126 191 -654.93
1 126 195 -654.93
1 127 150 -654.93
1 127 160 -654.93
1 127 169 -654.93
1 127 195 -654.93
1 127 199 -1309.86
1 128 122 -654.93
1 128 148 -654.93
1 128 149 -654.93
1 128 152 -654.93
1 128 153 -654.93
1 128 154 -654.93
1 128 157 -654.93
1 128 199 -654.93
1 129 117 -654.93
1 129 119 -654.93
1 129 122 -654.93
1 129 146 -654.93
1 129 154 -1309.86
1 129 162 -654.93
1 129 176 -654.93
1 130 120 -654.93
1 130 154 -654.93
1 130 155 -654.93
1 130 156 -1964.79
1 130 194 -654.93
1 131 112 -654.93
1 131 121 -654.93
1 131 122 -654.93
1 131 150 -654.93
1 131 156 -654.93
1 131 157 -654.93
1 131 158 -654.93
1 131 161 -1309.86
1 131 198 -654.93
1 132 112 -654.93
1 132 155 -654.93
1 132 156 -654.93
1 132 160 -654.93
1 132 161 -1309.86
1 133 155 -654.93
1 133 159 -654.93
1 133 160 -1309.86
1 133 192 -1309.86
1 133 193 -654.93
1 134 148 -654.93
1 134 150 -654.93
1 134 151 -654.93
1 134 156 -654.93
1 134 191 -654.93
1 134 193 -2619.72
1 135 148 -3274.65
1 135 149 -1309.86
1 135 156 -654.93
1 135 157 -654.93
1 135 193 -1964.79
1 136 147 -654.93
1 136 148 -654.93
1 136 149 -654.93
1 136 150 -1309.86
1 136 153 -654.93
1 136 155 -654.93
1 137 148 -654.93
1 137 150 -654.93
1 137 153 -1309.86
1 137 154 -654.93
1 137 157 -1964.79
1 137 175 -654.93
1 137 206 -654.93
1 138 151 -654.93
1 138 152 -654.93
1 138 153 -1964.79
1 138 168 -654.93
1 138 169 -654.93
1 139 151 -654.93
1 140 138 -654.93
1 140 155 -2619.72
1 140 156 -654.93
1 140 171 -654.93
1 140 180 -654.93
1 141 149 -654.93
1 141 154 -1309.86
1 141 157 -654.93
1 141 171 -654.93
1 141 199 -1309.86
1 142 155 -654.93
1 142 156 -654.93
1 142 157 -654.93
1 142 158 -654.93
1 142 174 -654.93
1 142 179 -654.93
1 142 201 -654.93
1 143 146 -654.93
1 143 157 -1964.79
1 144 142 -1309.86
1 144 173 -654.93
1 145 142 -654.93
1 145 143 -654.93
1 145 151 -654.93
1 145 187 -654.93
1 145 226 -654.93
1 146 140 -654.93
1 146 141 -1309.86
1 146 145 -654.93
1 146 208 -654.93
1 146 229 -654.93
1 146 230 -654.93
1 146 232 -654.93
1 147 139 -1964.79
1 147 140 -654.93
1 147 141 -654.93
1 147 142 -654.93
1 147 229 -654.93
1 147 230 -654.93
1 147 233 -654.93
1 147 239 -654.93
1 147 240 -654.93
1 148 217 -654.93
1 148 221 -654.93
1 149 127 -654.93
1 149 147 -654.93
1 149 154 -654.93
1 149 222 -654.93
1 149 253 -654.93
1 150 160 -654.93
1 150 164 -654.93
1 150 177 -654.93
1 150 227 -654.93
1 150 236 -654.93
1 151 128 -654.93
1 151 228 -654.93
1 152 153 -654.93
1 152 173 -654.93
1 152 176 -654.93
1 152 222 -654.93
1 152 228 -654.93
1 153 126 -654.93
1 153 136 -654.93
1 153 155 -654.93
1 153 232 -654.93
1 153 238 -654.93
1 153 253 -654.93
1 154 126 -654.93
1 154 133 -654.93
1 154 161 -654.93
1 154 172 -654.93
1 154 220 -654.93
1 154 244 -654.93
1 155 170 -1309.86
1 155 216 -654.93
1 155 262 -654.93
1 156 160 -654.93
1 156 211 -654.93
1 156 223 -654.93
1 157 132 -654.93
1 157 133 -654.93
1 157 134 -1964.79
1 157 136 -654.93
1 157 194 -654.93
1 157 207 -654.93
1 157 240 -654.93
1 158 135 -654.93
1 158 248 -654.93
1 159 152 -654.93
1 159 231 -654.93
1 159 240 -654.93
1 159 247 -654.93
1 159 248 -654.93
1 159 250 -654.93
1 159 251 -654.93
1 159 257 -654.93
1 160 133 -654.93
1 160 249 -1309.86
1 160 251 -1309.86
1 160 252 -654.93
1 160 253 -654.93
1 160 262 -654.93
1 161 144 -1309.86
1 161 251 -654.93
1 161 253 -654.93
1 162 137 -1309.86
1 162 252 -1309.86
1 162 253 -654.93
1 163 152 -654.93
1 163 190 -654.93
1 163 236 -654.93
1 164 278 -654.93
1 164 290 -654.93
1 164 299 -654.93
1 165 133 -1309.86
1 165 134 -1309.86
1 165 135 -654.93
1 165 290 -654.93
1 166 131 -654.93
1 166 132 -654.93
1 166 133 -1309.86
1 166 134 -654.93
1 166 135 -654.93
1 166 210 -654.93
1 166 254 -654.93
1 166 255 -654.93
1 167 127 -654.93
1 167 132 -1309.86
1 167 133 -1309.86
1 167 134 -1964.79
1 167 256 -654.93
1 167 288 -654.93
1 167 294 -654.93
1 168 130 -654.93
1 168 131 -654.93
1 168 132 -2619.72
1 168 133 -2619.72
1 168 286 -654.93
1 168 287 -1309.86
1 168 291 -1309.86
1 169 128 -1309.86
1 169 129 -2619.72
1 169 131 -654.93
1 169 132 -3274.65
1 169 133 -1964.79
1 169 134 -5894.37
1 169 135 -654.93
1 169 236 -654.93
1 169 260 -654.93
1 169 271 -654.93
1 169 287 -654.93
1 169 290 -654.93
1 170 133 -1964.79
1 170 134 -7859.16
1 170 136 -654.93
1 170 187 -654.93
1 170 256 -654.93
1 170 287 -654.93
1 170 292 -654.93
1 171 133 -1309.86
1 171 134 -654.93
1 171 136 -3274.65
1 171 290 -654.93
1 172 257 -654.93
1 172 284 -654.93
1 172 295 -1309.86
1 172 311 -654.93
1 173 258 -654.93
1 173 278 -654.93
1 173 290 -654.93
1 173 292 -654.93
1 173 293 -1309.86
1 173 294 -654.93
1 174 124 -654.93
1 174 253 -654.93
1 174 261 -654.93
1 174 270 -654.93
1 174 283 -654.93
1 174 289 -654.93
1 174 293 -654.93
1 175 260 -654.93
1 175 288 -654.93
1 175 292 -1309.86
1 175 293 -654.93
1 175 296 -654.93
1 175 305 -654.93
1 176 274 -654.93
1 176 305 -654.93
1 177 289 -654.93
1 177 290 -654.93
1 178 243 -654.93
1 178 280 -654.93
1 178 285 -654.93
1 178 302 -654.93
1 178 305 -654.93
1 178 306 -654.93
1 178 311 -654.93
1 179 278 -654.93
1 179 285 -654.93
1 180 149 -654.93
1 180 286 -654.93
1 181 297 -654.93
1 181 307 -654.93
1 181 308 -654.93
1 183 242 -654.93
1 183 285 -654.93
1 183 295 -654.93
1 183 308 -654.93
1 183 309 -654.93
1 183 318 -654.93
1 184 263 -654.93
1 184 285 -654.93
1 184 313 -654.93
1 184 319 -654.93
1 185 257 -654.93
1 185 305 -654.93
1 185 306 -654.93
1 185 307 -654.93
1 185 315 -654.93
1 186 255 -654.93
1 186 265 -654.93
1 186 307 -1309.86
1 186 310 -654.93
1 188 262 -654.93
1 188 294 -654.93
1 188 295 -654.93
1 189 295 -654.93
1 189 309 -654.93
1 190 307 -654.93
1 190 308 -654.93
1 190 324 -654.93
1 191 292 -1309.86
1 191 304 -654.93
1 191 305 -654.93
1 192 258 -654.93
1 192 284 -654.93
1 192 304 -654.93
1 192 316 -654.93
1 192 319 -654.93
1 193 262 -654.93
1 193 301 -654.93
1 193 311 -654.93
1 193 313 -1309.86
1 194 284 -654.93
1 194 313 -654.93
1 195 269 -654.93
1 195 287 -654.93
1 195 289 -654.93
1 195 300 -654.93
1 195 311 -654.93
1 195 313 -654.93
1 196 269 -654.93
1 196 275 -654.93
1 196 303 -654.93
1 196 324 -654.93
1 196 333 -654.93
1 197 264 -654.93
1 197 283 -654.93
1 197 300 -654.93
1 197 322 -654.93
1 197 325 -654.93
1 198 242 -654.93
1 198 276 -1309.86
1 198 309 -654.93
1 198 311 -654.93
1 199 283 -654.93
1 199 311 -654.93
1 199 324 -654.93
1 200 280 -654.93
1 200 286 -654.93
1 200 296 -654.93
1 200 299 -654.93
1 200 306 -654.93
1 200 307 -654.93
1 200 312 -654.93
1 200 343 -654.93
1 200 345 -654.93
1 201 257 -654.93
1 202 280 -654.93
1 202 287 -654.93
1 202 297 -654.93
1 202 301 -654.93
1 202 302 -654.93
1 203 215 -654.93
1 203 304 -654.93
1 203 305 -654.93
1 203 309 -654.93
1 203 315 -654.93
1 205 263 -654.93
1 205 303 -654.93
1 205 304 -654.93
1 205 317 -654.93
1 205 318 -654.93
1 205 319 -654.93
1 206 264 -654.93
1 206 270 -654.93
1 206 301 -654.93
1 206 304 -654.93
1 206 315 -654.93
1 206 317 -1309.86
1 207 262 -654.93
1 207 300 -654.93
1 207 301 -1309.86
1 207 303 -654.93
1 207 304 -654.93
1 207 306 -1309.86
1 207 315 -654.93
1 207 317 -654.93
1 208 298 -1309.86
1 208 299 -1309.86
1 208 306 -654.93
1 208 317 -654.93
1 208 328 -654.93
1 209 284 -654.93
1 209 297 -654.93
1 209 302 -654.93
1 210 284 -654.93
1 210 301 -654.93
1 210 302 -654.93
1 210 342 -654.93
1 211 301 -654.93
1 211 321 -654.93
1 212 295 -654.93
1 212 347 -654.93
1 213 226 -654.93
1 213 287 -654.93
1 213 303 -654.93
1 213 329 -654.93
1 214 319 -654.93
1 215 289 -654.93
1 215 311 -654.93
1 215 353 -654.93
1 216 323 -654.93
1 216 341 -654.93
1 217 244 -654.93
1 217 249 -654.93
1 217 351 -654.93
1 218 209 -654.93
1 218 243 -654.93
1 218 292 -654.93
1 218 345 -1309.86
1 221 240 -654.93
1 221 611 -654.93
1 222 254 -654.93
1 222 362 -654.93
1 224 338 -654.93
1 224 359 -654.93
1 225 323 -654.93
1 225 329 -654.93
1 225 332 -654.93
1 225 368 -654.93
1 225 373 -654.93
1 225 378 -654.93
1 225 382 -1309.86
1 226 323 -654.93
1 226 388 -1309.86
1 226 618 -654.93
1 227 315 -654.93
1 228 606 -654.93
1 229 385 -1309.86
1 229 392 -654.93
1 229 393 -654.93
1 229 397 -2619.72
1 229 618 -3274.65
1 230 338 -654.93
1 230 373 -1309.86
1 230 384 -654.93
1 230 392 -1309.86
1 230 393 -2619.72
1 230 396 -654.93
1 230 605 -654.93
1 231 343 -654.93
1 231 383 -654.93
1 231 392 -3274.65
1 231 393 -7204.23
1 231 398 -654.93
1 231 603 -654.93
1 231 607 -1309.86
1 232 259 -654.93
1 232 300 -654.93
1 232 384 -654.93
1 232 389 -654.93
1 232 393 -3929.58
1 232 394 -2619.72
1 232 405 -654.93
1 232 604 -1309.86
1 232 606 -1309.86
1 232 607 -1964.79
1 232 608 -654.93
1 233 373 -654.93
1 233 393 -654.93
1 233 403 -654.93
1 233 406 -2619.72
1 233 601 -1309.86
1 233 602 -654.93
1 234 374 -654.93
1 234 388 -654.93
1 234 389 -654.93
1 234 406 -1964.79
1 234 407 -1309.86
1 234 601 -654.93
1 234 602 -1309.86
1 234 603 -1964.79
1 234 604 -654.93
1 234 605 -1309.86
1 234 606 -654.93
1 234 609 -654.93
1 234 620 -654.93
1 234 621 -654.93
1 235 342 -654.93
1 235 368 -654.93
1 235 389 -654.93
1 235 392 -654.93
1 235 404 -654.93
1 235 406 -654.93
1 235 599 -654.93
1 235 600 -1309.86
1 235 602 -1964.79
1 235 603 -654.93
1 235 606 -654.93
1 235 608 -654.93
1 236 256 -654.93
1 236 359 -654.93
1 236 377 -1309.86
1 236 378 -654.93
1 236 389 -1309.86
1 236 600 -654.93
1 236 601 -654.93
1 236 602 -1309.86
1 236 605 -654.93
1 236 606 -654.93
1 236 607 -654.93
1 236 620 -654.93
1 237 330 -654.93
1 237 377 -654.93
1 237 384 -654.93
1 237 388 -654.93
1 237 605 -1309.86
1 237 606 -1964.79
1 237 607 -1309.86
1 237 608 -3274.65
1 237 609 -1964.79
1 237 620 -654.93
1 238 346 -654.93
1 238 391 -654.93
1 238 410 -654.93
1 238 602 -654.93
1 238 603 -654.93
1 238 606 -3274.65
1 238 607 -3929.58
1 238 608 -2619.72
1 238 610 -654.93
1 239 297 -654.93
1 239 323 -654.93
1 239 404 -654.93
1 239 601 -654.93
1 239 603 -654.93
1 239 607 -1309.86
1 239 608 -2619.72
1 239 609 -1964.79
1 239 610 -1309.86
1 239 615 -1309.86
1 240 267 -654.93
1 240 319 -654.93
1 240 327 -654.93
1 240 352 -654.93
1 240 374 -1309.86
1 240 392 -1309.86
1 240 396 -654.93
1 240 406 -654.93
1 240 603 -654.93
1 240 605 -1964.79
1 240 606 -2619.72
1 240 607 -1309.86
1 240 620 -1309.86
1 240 621 -654.93
1 241 339 -654.93
1 241 352 -654.93
1 241 370 -1309.86
1 241 375 -654.93
1 241 409 -654.93
1 241 577 -654.93
1 241 603 -1309.86
1 241 605 -1964.79
1 241 606 -1309.86
1 241 607 -1309.86
1 241 608 -1309.86
1 241 609 -3274.65
1 241 610 -654.93
1 241 611 -654.93
1 241 620 -654.93
1 241 621 -654.93
1 242 314 -654.93
1 242 318 -654.93
1 242 336 -654.93
1 242 338 -654.93
1 242 339 -654.93
1 242 373 -1964.79
1 242 374 -3929.58
1 242 406 -1309.86
1 242 603 -1309.86
1 242 604 -4584.51
1 242 605 -5894.37
1 242 606 -1964.79
1 242 607 -3274.65
1 242 608 -3274.65
1 242 609 -1964.79
1 242 610 -1964.79
1 242 616 -654.93
1 242 622 -654.93
1 242 623 -1964.79
1 243 366 -654.93
1 243 369 -654.93
1 243 372 -1309.86
1 243 373 -5239.44
1 243 374 -1964.79
1 243 386 -654.93
1 243 391 -654.93
1 243 405 -654.93
1 243 406 -654.93
1 243 407 -1309.86
1 243 409 -654.93
1 243 577 -654.93
1 243 606 -4584.51
1 243 607 -3274.65
1 243 608 -1309.86
1 243 609 -3929.58
1 243 620 -654.93
1 243 622 -1309.86
1 243 623 -5239.44
1 244 371 -654.93
1 244 372 -1309.86
1 244 373 -1964.79
1 244 415 -654.93
1 244 598 -654.93
1 244 606 -2619.72
1 244 607 -654.93
1 244 611 -654.93
1 244 616 -654.93
1 244 622 -654.93
1 244 623 -2619.72
1 244 624 -654.93
1 245 312 -654.93
1 245 315 -654.93
1 245 326 -654.93
1 245 335 -654.93
1 245 338 -654.93
1 245 356 -1309.86
1 245 371 -654.93
1 245 413 -654.93
1 245 586 -654.93
1 245 604 -654.93
1 245 605 -1964.79
1 245 606 -3274.65
1 245 607 -2619.72
1 245 609 -3274.65
1 245 610 -1309.86
1 245 612 -1309.86
1 245 616 -1309.86
1 245 619 -654.93
1 245 620 -1309.86
1 245 622 -654.93
1 246 214 -654.93
1 246 342 -654.93
1 246 356 -654.93
1 246 357 -654.93
1 246 374 -654.93
1 246 413 -654.93
1 246 590 -654.93
1 246 599 -654.93
1 246 600 -3929.58
1 246 605 -2619.72
1 246 606 -4584.51
1 246 607 -2619.72
1 246 610 -654.93
1 246 612 -1309.86
1 246 614 -654.93
1 246 615 -654.93
1 246 623 -654.93
1 247 314 -654.93
1 247 331 -654.93
1 247 367 -1309.86
1 247 368 -3274.65
1 247 387 -1309.86
1 247 413 -654.93
1 247 578 -654.93
1 247 597 -654.93
1 247 598 -4584.51
1 247 599 -3929.58
1 247 600 -6549.3
1 247 601 -6549.3
1 247 605 -1309.86
1 247 609 -1309.86
1 247 610 -1309.86
1 247 611 -2619.72
1 247 612 -2619.72
1 247 613 -1309.86
1 247 618 -1309.86
1 247 619 -654.93
1 247 623 -654.93
1 248 307 -654.93
1 248 367 -654.93
1 248 368 -2619.72
1 248 371 -1309.86
1 248 372 -3274.65
1 248 387 -1309.86
1 248 388 -3929.58
1 248 413 -654.93
1 248 416 -654.93
1 248 529 -654.93
1 248 567 -654.93
1 248 596 -4584.51
1 248 597 -3274.65
1 248 598 -6549.3
1 248 599 -3929.58
1 248 600 -2619.72
1 248 601 -3929.58
1 248 602 -1964.79
1 248 605 -654.93
1 248 608 -654.93
1 248 609 -1309.86
1 248 610 -1964.79
1 248 611 -3929.58
1 248 612 -3929.58
1 248 613 -4584.51
1 248 618 -654.93
1 248 619 -654.93
1 248 620 -654.93
1 248 623 -1309.86
1 249 333 -654.93
1 249 334 -654.93
1 249 365 -1309.86
1 249 366 -1964.79
1 249 367 -654.93
1 249 368 -1964.79
1 249 371 -654.93
1 249 387 -654.93
1 249 388 -654.93
1 249 400 -654.93
1 249 412 -654.93
1 249 567 -654.93
1 249 593 -1309.86
1 249 595 -3929.58
1 249 596 -4584.51
1 249 597 -7204.23
1 249 603 -1964.79
1 249 604 -5239.44
1 249 605 -3274.65
1 249 607 -2619.72
1 249 609 -654.93
1 249 610 -1309.86
1 249 611 -3274.65
1 249 612 -5894.37
1 249 613 -1309.86
1 249 618 -654.93
1 249 623 -654.93
1 250 331 -654.93
1 250 355 -654.93
1 250 365 -1309.86
1 250 366 -3274.65
1 250 367 -1964.79
1 250 368 -654.93
1 250 369 -1309.86
1 250 370 -1309.86
1 250 371 -3929.58
1 250 382 -654.93
1 250 406 -654.93
1 250 413 -654.93
1 250 414 -654.93
1 250 423 -654.93
1 250 436 -654.93
1 250 568 -654.93
1 250 579 -654.93
1 250 591 -654.93
1 250 594 -654.93
1 250 596 -5239.44
1 250 597 -1309.86
1 250 602 -654.93
1 250 603 -4584.51
1 250 604 -3929.58
1 250 605 -2619.72
1 250 607 -654.93
1 250 608 -1964.79
1 250 609 -654.93
1 250 610 -654.93
1 250 613 -654.93
1 251 276 -654.93
1 251 322 -654.93
1 251 365 -1964.79
1 251 366 -5894.37
1 251 367 -1309.86
1 251 368 -1309.86
1 251 371 -654.93
1 251 379 -654.93
1 251 407 -654.93
1 251 414 -654.93
1 251 424 -654.93
1 251 598 -654.93
1 251 604 -654.93
1 251 605 -654.93
1 251 607 -654.93
1 251 610 -654.93
1 252 236 -654.93
1 252 365 -1964.79
1 252 366 -4584.51
1 252 367 -4584.51
1 252 368 -1309.86
1 252 376 -654.93
1 252 412 -654.93
1 252 416 -654.93
1 252 428 -654.93
1 252 506 -654.93
1 252 507 -654.93
1 252 528 -654.93
1 252 534 -654.93
1 252 544 -654.93
1 252 576 -654.93
1 252 591 -1309.86
1 252 596 -1309.86
1 252 597 -1309.86
1 252 598 -654.93
1 252 599 -1309.86
1 252 608 -1309.86
1 252 609 -654.93
1 252 611 -654.93
1 252 620 -654.93
1 253 259 -654.93
1 253 342 -654.93
1 253 363 -654.93
1 253 365 -1309.86
1 253 366 -3929.58
1 253 367 -2619.72
1 253 370 -654.93
1 253 375 -1309.86
1 253 404 -654.93
1 253 433 -1309.86
1 253 506 -654.93
1 253 543 -654.93
1 253 546 -654.93
1 253 547 -654.93
1 253 566 -654.93
1 253 586 -1309.86
1 253 596 -654.93
1 253 597 -2619.72
1 253 601 -654.93
1 253 604 -654.93
1 253 605 -654.93
1 253 614 -1964.79
1 254 366 -1309.86
1 254 478 -654.93
1 254 581 -654.93
1 254 584 -654.93
1 254 585 -3929.58
1 254 586 -3274.65
1 254 587 -1964.79
1 254 588 -1964.79
1 254 589 -2619.72
1 254 598 -654.93
1 254 599 -654.93
1 254 601 -1309.86
1 254 604 -1309.86
1 254 605 -654.93
1 254 606 -654.93
1 254 611 -654.93
1 255 341 -654.93
1 255 346 -654.93
1 255 371 -654.93
1 255 402 -654.93
1 255 442 -654.93
1 255 445 -654.93
1 255 461 -654.93
1 255 479 -654.93
1 255 512 -654.93
1 255 513 -654.93
1 255 526 -654.93
1 255 547 -654.93
1 255 548 -654.93
1 255 565 -654.93
1 255 583 -1964.79
1 255 584 -2619.72
1 255 585 -2619.72
1 255 586 -2619.72
1 255 587 -1309.86
1 255 588 -654.93
1 255 591 -654.93
1 255 594 -654.93
1 255 597 -654.93
1 255 600 -1309.86
1 255 607 -654.93
1 256 346 -654.93
1 256 350 -654.93
1 256 367 -654.93
1 256 373 -654.93
1 256 374 -654.93
1 256 491 -654.93
1 256 526 -654.93
1 256 531 -1964.79
1 256 532 -654.93
1 256 547 -654.93
1 256 548 -1309.86
1 256 549 -654.93
1 256 575 -654.93
1 256 578 -1309.86
1 256 580 -654.93
1 256 584 -1964.79
1 256 585 -1309.86
1 256 592 -1309.86
1 256 594 -4584.51
1 256 595 -2619.72
1 256 607 -2619.72
1 256 608 -1309.86
1 256 609 -654.93
1 257 330 -654.93
1 257 461 -654.93
1 257 497 -654.93
1 257 503 -654.93
1 257 506 -654.93
1 257 512 -654.93
1 257 527 -1964.79
1 257 529 -654.93
1 257 532 -654.93
1 257 549 -654.93
1 257 574 -654.93
1 257 575 -1964.79
1 257 584 -1964.79
1 257 585 -1964.79
1 257 593 -1309.86
1 257 594 -5239.44
1 257 595 -2619.72
1 257 597 -1309.86
1 257 606 -4584.51
1 257 607 -654.93
1 258 307 -654.93
1 258 330 -654.93
1 258 366 -654.93
1 258 485 -1309.86
1 258 489 -1309.86
1 258 491 -654.93
1 258 493 -654.93
1 258 494 -654.93
1 258 496 -654.93
1 258 497 -654.93
1 258 498 -1964.79
1 258 499 -1309.86
1 258 502 -654.93
1 258 503 -654.93
1 258 529 -1309.86
1 258 531 -654.93
1 258 532 -654.93
1 258 533 -1309.86
1 258 535 -654.93
1 258 546 -654.93
1 258 550 -654.93
1 258 556 -1309.86
1 258 564 -654.93
1 258 576 -654.93
1 258 583 -654.93
1 258 584 -1964.79
1 258 586 -1964.79
1 258 594 -1964.79
1 258 606 -3274.65
1 258 607 -654.93
1 259 346 -654.93
1 259 369 -1309.86
1 259 402 -654.93
1 259 444 -654.93
1 259 456 -654.93
1 259 485 -654.93
1 259 486 -654.93
1 259 488 -654.93
1 259 489 -654.93
1 259 490 -1309.86
1 259 509 -1309.86
1 259 510 -654.93
1 259 522 -654.93
1 259 528 -654.93
1 259 529 -654.93
1 259 531 -654.93
1 259 532 -654.93
1 259 545 -654.93
1 259 549 -654.93
1 259 554 -1309.86
1 259 555 -1309.86
1 259 556 -1964.79
1 259 557 -1964.79
1 259 575 -2619.72
1 259 576 -654.93
1 259 579 -654.93
1 259 584 -654.93
1 259 585 -2619.72
1 259 586 -1309.86
1 260 369 -1309.86
1 260 404 -1309.86
1 260 443 -654.93
1 260 454 -654.93
1 260 485 -654.93
1 260 486 -1309.86
1 260 487 -654.93
1 260 492 -654.93
1 260 499 -654.93
1 260 502 -1309.86
1 260 517 -654.93
1 260 527 -654.93
1 260 545 -1964.79
1 260 548 -654.93
1 260 554 -654.93
1 260 556 -654.93
1 260 567 -654.93
1 260 576 -654.93
1 260 577 -654.93
1 261 397 -654.93
1 261 404 -654.93
1 261 444 -654.93
1 261 483 -654.93
1 261 487 -654.93
1 261 501 -654.93
1 261 502 -654.93
1 261 545 -654.93
1 261 551 -654.93
1 261 552 -654.93
1 261 565 -654.93
1 262 254 -654.93
1 262 353 -1309.86
1 262 369 -654.93
1 262 425 -654.93
1 262 443 -654.93
1 262 458 -654.93
1 262 483 -1309.86
1 262 493 -654.93
1 262 501 -654.93
1 262 502 -654.93
1 262 523 -654.93
1 262 524 -654.93
1 262 535 -654.93
1 262 536 -654.93
1 262 537 -654.93
1 262 542 -654.93
1 262 546 -654.93
1 262 584 -654.93
1 262 587 -654.93
1 263 355 -654.93
1 263 415 -654.93
1 263 484 -654.93
1 263 493 -654.93
1 263 509 -654.93
1 263 522 -654.93
1 263 523 -1309.86
1 263 524 -1309.86
1 263 541 -1309.86
1 263 542 -654.93
1 263 543 -654.93
1 263 546 -1309.86
1 263 576 -654.93
1 263 579 -654.93
1 263 581 -2619.72
1 264 369 -654.93
1 264 379 -654.93
1 264 481 -654.93
1 264 482 -654.93
1 264 493 -654.93
1 264 503 -654.93
1 264 504 -654.93
1 264 516 -654.93
1 264 521 -1964.79
1 264 527 -654.93
1 264 543 -2619.72
1 264 568 -654.93
1 264 575 -654.93
1 264 576 -1309.86
1 265 336 -654.93
1 265 367 -1309.86
1 265 457 -654.93
1 265 459 -654.93
1 265 511 -654.93
1 265 516 -654.93
1 265 520 -654.93
1 265 524 -654.93
1 265 568 -1309.86
1 266 314 -654.93
1 266 413 -654.93
1 266 456 -654.93
1 266 478 -654.93
1 266 481 -654.93
1 266 483 -654.93
1 266 484 -654.93
1 266 485 -654.93
1 266 492 -654.93
1 266 498 -654.93
1 266 505 -654.93
1 266 518 -654.93
1 266 523 -654.93
1 266 543 -654.93
1 266 545 -654.93
1 266 549 -654.93
1 266 555 -654.93
1 267 337 -654.93
1 267 365 -654.93
1 267 381 -654.93
1 267 459 -654.93
1 267 460 -1309.86
1 267 505 -654.93
1 267 507 -654.93
1 267 543 -654.93
1 267 544 -1309.86
1 267 549 -654.93
1 267 553 -1964.79
1 267 562 -654.93
1 268 507 -1309.86
1 268 540 -654.93
1 268 541 -654.93
1 268 542 -1309.86
1 268 543 -2619.72
1 268 544 -1309.86
1 268 549 -654.93
1 268 551 -654.93
1 268 552 -654.93
1 268 553 -654.93
1 269 362 -654.93
1 269 505 -1309.86
1 269 507 -654.93
1 269 528 -654.93
1 269 543 -654.93
1 269 547 -1309.86
1 270 474 -654.93
1 270 475 -1309.86
1 270 479 -654.93
1 270 491 -654.93
1 270 504 -654.93
1 270 507 -654.93
1 270 526 -654.93
1 271 375 -654.93
1 271 388 -654.93
1 271 479 -654.93
1 271 481 -654.93
1 271 487 -654.93
1 271 491 -654.93
1 271 526 -654.93
1 272 469 -654.93
1 272 493 -654.93
1 272 495 -1309.86
1 272 496 -654.93
1 272 502 -654.93
1 272 526 -1964.79
1 273 441 -654.93
1 273 462 -654.93
1 273 526 -654.93
1 275 463 -654.93
1 275 480 -654.93
1 275 502 -654.93
1 275 504 -654.93
1 276 502 -654.93
1 277 393 -654.93
1 279 459 -654.93
1 280 563 -654.93
1 282 434 -654.93
1 282 435 -654.93
1 283 461 -654.93
1 283 482 -654.93
1 283 483 -654.93
1 285 437 -654.93
1 285 482 -654.93
1 285 483 -654.93
1 286 377 -654.93
1 286 464 -654.93
1 288 469 -654.93
1 289 362 -654.93
1 289 443 -654.93
1 292 358 -654.93
1 293 390 -1964.79
1 293 391 -654.93
1 296 390 -654.93
1 301 359 -654.93
1 301 378 -654.93
1 85 106 -654.93
1 92 112 -1309.86
1 93 117 -654.93
1 97 89 -654.93
1 98 101 -654.93
1 99 126 -654.93
1 99 136 -654.93
1 147 119 -11979.0
1 148 187 -42471.0
1 150 114 -13068.0
1 153 113 -34692.4
1 156 158 -37803.9
1 157 160 -31114.3
1 167 186 -26291.6
1 170 169 -68451.4
1 197 280 -65495.6
1 199 225 -49627.3
1 234 285 -38115.0
1 244 234 -83386.3
1 259 541 -155.57
1 265 469 -311.14
1 267 479 -2800.29
1 271 361 -3476.61
1 272 454 -37.38
1 285 433 -2489.14
1 291 453 -128.91
1 299 360 -24891.4
1 109 116 -10423.3
1 131 118 -3422.57
1 132 183 -21313.3
1 140 173 -44804.6
1 141 124 -25980.4
1 142 121 -39826.3
1 155 192 -36403.7
1 157 117 -11356.7
1 157 190 -155.57
1 158 205 -52738.7
1 169 164 -74829.9
1 172 162 -17424.0
1 172 163 -17424.0
1 172 164 -17424.0
1 173 196 -622.29
1 175 213 -146704.0
1 195 280 -60050.6
1 202 295 -13068.0
1 203 296 -96921.0
1 218 173 -34070.1
1 226 358 -5514.58
1 247 335 -50871.9
1 256 333 -13068.0
1 262 350 -38892.9
1 265 349 -27847.3
1 267 346 -85253.1
1 269 347 -85564.3
1 271 470 -1711.29
1 274 431 -2917770.0
1 280 367 -41382.0
1 285 357 -38426.1
1 289 374 -2644.71
1 293 378 -30492.0
1 299 335 -118234.0
1 143 152 -42471.0
1 144 130 -10267.7
1 151 143 -17424.0
1 152 177 -45271.3
1 153 212 -49782.9
1 154 128 -777.86
1 159 188 -51805.3
1 161 161 -29091.9
1 162 171 -76696.7
1 167 163 -45115.7
1 170 217 -154638.0
1 174 182 -5911.71
1 175 178 -4978.29
1 176 128 -6689.57
1 188 287 -3889.29
1 189 206 -108900.0
1 201 279 -96609.9
1 221 294 -63006.4
1 221 361 -2644.71
1 222 252 -23958.0
1 222 266 -40759.7
1 224 273 -75763.3
1 225 248 -12756.9
1 226 361 -51494.1
1 234 319 -65962.3
1 235 317 -65962.3
1 237 292 -129414.0
1 238 244 -32825.6
1 248 238 -95676.4
1 248 331 -25202.6
1 256 342 -18979.7
1 266 345 -51960.9
1 271 268 -106255.0
1 274 278 -34225.7
1 289 355 -11356.7
1 295 392 -10578.9
1 296 391 -20068.7
1 296 393 -25980.4
1 141 116 -68607.0
1 143 114 -9023.14
1 143 184 -117612.0
1 144 151 -154016.0
1 144 186 -13379.1
1 145 114 -89920.3
1 146 150 -82452.9
1 147 148 -93342.9
1 147 171 -164906.0
1 149 124 -311.14
1 149 202 -36870.4
1 151 178 -108122.0
1 151 211 -13690.3
1 158 173 -2800.29
1 164 124 -1400.14
1 165 167 -20535.4
1 170 115 -32825.6
1 171 125 -466.71
1 176 222 -12290.1
1 184 210 -43404.4
1 188 207 -105477.0
1 189 288 -8245.29
1 206 280 -21313.3
1 209 273 -155105.0
1 209 281 -40665.1
1 210 249 -37026.0
1 211 263 -49316.1
1 211 296 -28780.7
1 213 270 -40915.3
1 219 272 -13845.9
1 221 302 -3111.43
1 221 317 -63784.3
1 224 287 -44182.3
1 230 352 -78719.1
1 231 270 -18357.4
1 231 347 -15090.4
1 235 295 -33136.7
1 236 320 -144681.0
1 236 342 -48227.1
1 236 344 -20535.4
1 240 330 -39670.7
1 240 337 -46049.1
1 240 357 -48227.1
1 244 333 -4423.29
1 246 332 -18046.3
1 246 337 -16335.0
1 251 334 -60517.3
1 258 343 -2489.14
1 258 345 -12445.7
1 260 345 -13690.3
1 261 340 -16957.3
1 262 286 -11356.7
1 262 361 -58806.0
1 263 344 -26913.9
1 263 350 -4978.29
1 267 321 -28936.3
1 267 428 -286.46
1 269 365 -4044.86
1 270 361 -48849.4
1 271 267 -73118.6
1 271 355 -32358.9
1 271 363 -54761.1
1 281 331 -9489.86
1 284 333 -11201.1
1 289 371 -32358.9
1 290 371 -29869.7
1 291 365 -16801.7
1 296 358 -136747.0
1 297 356 -17268.4
1 297 391 -31114.3
1 299 347 -6845.14
1 125 93 -30492.0
1 131 125 -86653.3
1 134 123 -54761.1
1 135 126 -35470.3
1 138 125 -35781.4
1 142 117 -61139.6
1 142 169 -14468.1
1 145 116 -19757.6
1 146 146 -14623.7
1 152 213 -21624.4
1 155 116 -15868.3
1 156 214 -81519.4
1 161 185 -80274.9
1 163 186 -6067.29
1 166 203 -2333.57
1 168 216 -173307.0
1 183 232 -100966.0
1 192 232 -168328.0
1 193 235 -62850.9
1 201 310 -2644.71
1 211 195 -1244.57
1 215 261 -45738.0
1 221 339 -51805.3
1 222 324 -25202.6
1 223 263 -44649.0
1 226 354 -34692.4
1 230 358 -15090.4
1 232 347 -20691.0
1 233 341 -25358.1
1 242 618 -14779.3
1 248 344 -44493.4
1 263 345 -60828.4
1 263 427 -155.57
1 263 570 -10890.0
1 264 348 -15401.6
1 265 414 -155.57
1 268 366 -4044.86
1 286 302 -2800.29
1 292 360 -14779.3
1 293 357 -24580.3
1 297 439 -564370.0
1 145 166 -10734.4
1 148 119 -40759.7
1 150 118 -32981.1
1 150 121 -27536.1
1 150 127 -8089.71
1 152 118 -46671.4
1 155 125 -77007.9
1 158 138 -82764.0
1 160 139 -86031.0
1 185 168 -18357.4
1 224 257 -5133.86
1 230 223 -26602.7
1 260 332 -4667.14
1 260 337 -3111.43
1 276 358 -30647.6
1 281 445 -466.71
1 282 357 -466.71
1 137 168 -35937.0
1 149 213 -53049.9
1 189 195 -13690.3
1 192 197 -72029.6
1 202 228 -13534.7
1 210 253 -36559.3
1 217 236 -33759.0
1 245 324 -3111.43
1 270 480 -155.57
1 291 354 -2800.29
1 145 131 -25202.6
1 148 166 -29558.6
1 151 118 -13845.9
1 153 116 -7934.14
1 158 114 -6222.86
1 188 197 -25047.0
1 188 204 -27069.4
1 206 169 -3889.29
1 206 281 -933.43
1 211 266 -47852.9
1 213 276 -18001.5
1 214 274 -17741.3
1 220 278 -154577.0
1 232 398 -3111.43
1 233 375 -1555.71
1 236 317 -101588.0
1 239 385 -2517.74
1 239 406 -243.18
1 239 416 -5.72
1 241 238 -18357.4
1 245 408 -5445.0
1 246 320 -7934.14
1 248 454 -622.29
1 259 351 -3430.96
1 265 360 -20074.3
1 269 360 -7233.08
1 272 360 -42937.7
1 273 521 -11667.9
1 274 327 -11045.6
1 274 521 -1555.71
1 275 465 -154.22
1 280 371 -4667.14
1 290 322 -65340.0
1 294 354 -98946.6
1 147 183 -18513.0
1 205 310 -2022.43
1 173 183 -6067.29
1 257 342 -11045.6
1 201 251 -37803.9
1 201 301 -8245.29
1 251 286 -6845.14
1 259 336 -155.57
1 261 570 -10890.0
1 264 441 -155.57
1 144 132 -311.14
1 135 160 -13223.6
1 136 173 -6222.86
1 144 189 -17424.0
1 156 131 -1089.0
1 161 179 -87275.6
1 164 169 -7934.14
1 186 209 -81363.9
1 204 300 -36.77
1 225 242 -32047.7
1 226 375 -27500.5
1 235 420 -7778.57
1 238 302 -17112.9
1 242 355 -154.22
1 245 406 -1089.0
1 247 591 -1400.14
1 248 590 -1400.14
1 248 593 -1400.14
1 251 614 -1851.81
1 255 333 -19135.3
1 256 443 -166.89
1 258 339 -1897.79
1 258 416 -330.71
1 267 354 -777.86
1 267 554 -777.86
1 270 476 -1400.14
1 273 477 -4822.71
1 273 523 -111078.0
1 274 506 -2489.14
1 275 479 -14468.1
1 280 458 -833.0
1 297 388 -1028.99
1 298 384 -113.27
1 204 299 -1711.29
1 221 300 -6534.0
1 140 116 -6534.0
1 134 167 -29403.0
1 160 117 -14001.4
1 197 298 -23.29
1 211 290 -14001.4
1 226 330 -23866.8
1 237 406 -2190.96
1 244 430 -1244.57
1 247 342 -107.85
1 253 427 -1231.42
1 253 443 -489.01
1 254 398 -200.79
1 254 442 -2272.26
1 254 444 -379.53
1 254 445 -41.98
1 256 445 -1057.49
1 259 345 -1555.71
1 261 369 -1989.46
1 262 555 -155.57
1 263 448 -155.57
1 270 319 -14215.0
1 271 364 -29091.9
1 271 471 -311.14
1 271 489 -16989.4
1 275 371 -311.14
1 277 386 -466.71
1 289 321 -32670.0
1 296 415 -1089.0
1 262 394 -129849.0
1 167 168 -20535.4
1 157 122 -466.71
1 169 201 -25047.0
1 199 297 -134.92
1 212 315 -172.4
1 214 287 -298.13
1 224 372 -2178.0
1 247 343 -48.21
1 247 590 -1400.14
1 255 446 -518.84
1 261 524 -37108.6
1 261 525 -37108.6
1 268 567 -10890.0
1 276 386 -466.71
1 278 371 -3422.57
1 281 446 -1244.57
1 284 406 -1866.86
1 291 458 -138.08
1 295 390 -10423.3
1 297 387 -777.86
1 178 212 -20068.7
1 257 443 -1409.54
1 162 205 -21157.7
1 244 330 -10578.9
1 248 343 -160.66
1 249 589 -1400.14
1 254 394 -23.69
1 261 362 -18201.9
1 276 469 -155.57
1 282 451 -933.43
1 134 173 -6222.86
1 145 139 -933.43
1 150 115 -16957.3
1 206 299 -10.93
1 239 305 -1074.44
1 261 461 -155.57
1 233 400 -65028.9
1 117 117 -6222.86
1 178 182 -2800.29
1 183 311 -2365.51
1 185 196 -27847.3
1 201 309 -2644.71
1 220 175 -25980.4
1 244 355 -18758.3
1 245 261 -9061.64
1 259 512 -311.14
1 260 541 -155.57
1 262 563 -10890.0
1 269 319 -14215.0
1 269 429 -1583.17
1 271 512 -311.14
1 273 506 -1244.57
1 290 355 -14141.7
1 264 474 -155.57
1 264 351 -466.71
1 275 383 -23802.4
