1 62 1 3798.3
1 61 2 3770.7
1 60 3 3749.7
1 59 4 3733.5
1 58 5 3721.5
1 57 6 3713.4
1 56 7 3709.2
1 55 8 3709.0
1 54 9 3713.4
1 53 10 3722.5
1 52 11 3736.7
1 51 12 3755.5
1 49 13 3767.8
1 50 13 3777.1
1 48 14 3789.3
1 47 15 3784.5
1 46 16 3776.7
1 45 17 3766.9
1 45 18 3767.6
1 45 19 3768.3
1 44 20 3756.4
1 44 21 3756.2
1 44 22 3755.5
1 44 23 3754.2
1 44 24 3752.2
1 44 25 3749.4
1 44 26 3745.6
1 44 27 3740.7
1 44 28 3734.5
1 44 29 3727.0
1 44 30 3717.9
1 44 31 3707.0
1 44 32 3694.2
1 44 33 3679.1
1 44 34 3661.5
1 44 35 3641.1
1 44 36 3617.4
1 44 37 3589.8
1 44 38 3557.8
1 44 39 3520.3
1 44 40 3476.1
1 44 41 3422.8
1 43 42 3304.0
1 43 43 3265.0
1 43 44 3203.3
1 42 45 3052.1
1 42 46 2997.6
1 40 47 2765.7
1 41 47 2812.0
1 40 48 2729.6
1 40 49 2663.5
1 40 50 2567.6
1 35 78 4859.7
1 35 79 4888.1
1 34 80 4945.1
1 33 81 5025.5
1 32 82 5089.1
1 31 83 5102.5
1 30 84 5114.2
1 29 85 5123.1
1 28 86 5145.4
1 27 87 5164.2
1 26 88 5190.3
1 25 89 5217.8
1 25 90 5254.2
1 24 91 5241.3
1 24 92 5256.5
1 24 93 5293.6
1 24 94 5330.6
1 23 95 5345.7
1 23 96 5386.0
1 23 97 5422.3
1 22 98 5430.3
1 22 99 5471.4
1 22 100 5508.4
1 22 101 5545.7
1 21 102 5566.0
1 21 103 5611.1
1 20 104 5633.2
1 20 105 5675.7
1 19 106 5707.7
1 19 107 5752.1
1 18 108 5788.7
1 18 109 5828.5
1 17 110 5747.7
1 17 111 5758.8
1 17 112 5868.1
1 65 109 6030.5
1 66 109 6027.0
1 67 109 5976.4
1 68 109 5941.6
1 69 109 5951.1
1 62 110 5964.5
1 63 110 6002.2
1 64 110 6023.1
1 70 110 6040.0
1 60 111 5859.4
1 61 111 5880.9
1 71 111 6106.0
1 37 112 5647.1
1 38 112 5707.3
1 39 112 5768.9
1 40 112 5814.4
1 41 112 5851.4
1 42 112 5873.4
1 43 112 5884.6
1 44 112 5893.7
1 45 112 5900.9
1 46 112 5910.4
1 47 112 5919.3
1 48 112 5936.9
1 55 112 5739.6
1 56 112 5761.3
1 57 112 5778.4
1 58 112 5795.2
1 59 112 5810.1
1 72 112 6143.0
1 16 113 5956.8
1 33 113 5631.7
1 34 113 5615.1
1 35 113 5599.2
1 36 113 5578.7
1 49 113 5930.6
1 50 113 5908.4
1 51 113 5855.3
1 52 113 5800.7
1 53 113 5744.1
1 54 113 5707.4
1 73 113 6175.3
1 16 114 6015.9
1 29 114 5721.3
1 30 114 5696.1
1 31 114 5668.3
1 32 114 5633.3
1 74 114 6198.4
1 75 114 6202.5
1 16 115 6072.6
1 25 115 5833.0
1 26 115 5810.2
1 27 115 5781.0
1 28 115 5741.0
1 76 115 6234.3
1 16 116 6127.9
1 21 116 5975.7
1 22 116 5990.6
1 23 116 5903.4
1 24 116 5863.2
1 77 116 6249.5
1 78 116 6247.6
1 79 116 6260.2
1 16 117 6182.1
1 20 117 6023.7
1 80 117 6281.1
1 81 117 6279.2
1 82 117 6258.6
1 83 117 6231.1
1 84 117 6202.0
1 16 118 6219.5
1 17 118 6185.7
1 18 118 6138.6
1 19 118 6085.1
1 85 118 6131.5
1 85 119 6089.7
1 86 120 6072.5
1 86 121 6095.2
1 86 122 6120.0
1 86 123 6137.3
1 86 124 6149.7
1 86 125 6159.3
1 86 126 6166.4
1 86 127 6170.1
1 86 128 6170.7
1 86 129 6169.0
1 86 130 6166.3
1 86 131 6162.1
1 86 132 6155.2
1 86 133 6146.5
1 86 134 6134.7
1 86 135 6118.8
1 86 136 6099.7
1 85 137 6050.6
1 85 138 6037.7
1 84 139 6032.8
1 83 140 6073.8
1 82 141 6157.7
1 82 142 6174.0
1 81 143 6226.7
1 80 144 6287.2
1 79 145 6356.2
1 78 146 6419.8
1 77 147 6487.1
1 76 148 6559.0
1 75 149 6636.4
1 75 150 6700.7
1 75 151 6761.3
1 75 152 6821.9
1 75 153 6868.8
1 76 154 6862.0
1 77 154 6849.2
1 78 154 6839.0
1 79 155 6827.7
1 80 155 6815.1
1 81 156 6797.5
1 82 157 6771.0
1 82 158 6748.6
1 83 158 6734.5
1 84 159 6704.6
1 84 160 6676.8
1 84 161 6652.4
1 84 162 6628.5
1 85 163 6603.4
1 86 164 6574.0
1 87 165 6537.0
1 88 166 6502.2
1 89 167 6468.6
1 90 168 6387.2
1 90 169 6337.2
1 91 170 6269.8
1 92 171 6198.4
1 93 172 6167.7
1 94 173 6141.2
1 94 174 6138.8
1 95 175 6123.4
1 95 176 6109.0
1 95 177 6113.7
1 95 178 6120.7
1 95 179 6126.0
1 96 180 5954.7
1 97 181 5971.7
1 98 182 5989.2
1 99 183 6006.7
1 100 184 6022.5
1 101 185 6037.9
1 102 185 6046.3
1 103 185 6061.9
1 104 186 6096.3
1 105 186 6097.4
1 106 187 6100.6
1 107 188 6096.4
1 108 189 5914.1
1 108 190 5916.1
1 108 191 5917.1
1 108 192 5916.7
1 108 193 5912.5
1 107 194 5707.4
1 107 195 5703.4
1 107 196 5695.6
1 107 197 5685.3
1 107 198 5673.3
1 106 199 5634.9
1 106 200 5622.0
1 105 201 5576.1
1 105 202 5562.9
1 104 203 5522.4
1 104 204 5513.7
1 104 205 5498.7
1 104 206 5477.3
1 104 207 5444.2
1 98 208 5460.6
1 99 208 5470.7
1 100 208 5483.1
1 101 208 5496.0
1 102 208 5513.7
1 103 208 5542.4
1 97 209 5451.3
1 97 210 5450.1
1 97 211 5446.0
1 97 212 5440.7
1 96 213 5424.1
1 95 214 5416.7
1 95 215 5415.4
1 94 216 5408.0
1 94 217 5407.1
1 94 218 5406.4
1 95 219 5410.6
1 96 220 5414.1
1 97 221 5418.0
1 97 222 5416.9
1 98 223 5420.2
1 98 224 5418.8
1 99 225 5422.9
1 99 226 5421.0
1 100 227 5242.1
1 128 227 5398.5
1 129 227 5461.6
1 101 228 5248.0
1 107 228 5142.9
1 108 228 5167.8
1 109 228 5196.4
1 110 228 5228.4
1 111 228 5263.1
1 125 228 5283.4
1 126 228 5309.8
1 127 228 5318.0
1 130 228 5187.6
1 131 228 5194.1
1 132 228 5188.2
1 133 228 5189.3
1 134 228 5195.5
1 135 228 5209.9
1 136 228 5226.9
1 137 228 5240.2
1 138 228 5267.0
1 102 229 5252.8
1 106 229 5280.7
1 112 229 5117.3
1 118 229 5143.6
1 119 229 5162.0
1 120 229 5177.9
1 121 229 5192.0
1 122 229 5203.3
1 123 229 5212.7
1 124 229 5215.2
1 139 229 5340.3
1 103 230 5256.3
1 104 230 5258.9
1 105 230 5261.9
1 113 230 5133.9
1 114 230 5125.4
1 115 230 5121.1
1 116 230 5118.6
1 117 230 5110.7
1 140 230 5307.1
1 139 231 5374.7
1 137 232 5411.3
1 138 232 5410.6
1 136 233 5414.6
1 135 234 5407.4
1 133 235 5374.7
1 134 235 5388.0
1 132 236 5357.8
1 130 237 5314.5
1 131 237 5329.7
1 129 238 5303.3
1 128 239 5287.2
1 127 240 5267.3
1 127 241 5257.5
1 127 242 5244.6
1 128 243 5252.9
1 129 244 5251.2
1 129 245 5238.5
1 130 246 5234.7
1 131 246 5233.6
1 132 246 5236.5
1 133 246 5245.8
1 134 246 5263.2
1 135 246 5289.6
1 136 246 5316.8
1 137 246 5336.8
1 138 246 5358.8
1 139 247 5409.5
1 140 247 5434.0
1 141 247 5471.5
1 142 247 5514.8
1 143 248 5577.8
1 144 249 5671.3
1 144 250 5698.1
1 145 251 5749.9
1 145 252 5775.5
1 145 253 5795.8
1 146 254 5829.1
1 146 255 5826.5
1 146 256 5820.5
1 146 257 5812.6
1 146 258 5802.4
1 146 259 5790.6
1 146 260 5777.2
1 146 261 5764.9
1 146 262 5751.7
1 146 263 5738.5
1 146 264 5728.4
1 146 265 0.0
1 147 266 5482.8
1 147 267 5453.7
1 147 268 5428.8
1 147 269 5389.1
1 147 270 5356.1
1 148 271 5306.0
1 148 272 5279.2
1 148 273 5252.1
1 148 274 5230.3
1 149 274 5215.4
1 149 275 5175.8
1 149 276 5143.6
1 149 277 5091.0
1 149 278 5036.4
1 150 279 5132.7
1 150 280 5087.7
1 150 281 5046.5
1 150 282 5016.2
1 151 283 4932.5
1 151 284 4888.7
1 151 285 4855.4
1 152 286 4761.4
1 152 287 4706.8
1 152 288 4662.5
1 152 289 4628.0
1 153 290 4722.8
1 153 291 4696.3
1 153 292 4704.2
1 154 293 4715.0
1 154 294 4726.6
1 154 295 4736.1
1 154 296 4742.2
1 155 297 4760.1
1 155 298 4763.9
1 156 299 4586.8
1 157 299 4593.1
1 158 299 4602.6
1 159 299 4615.1
1 160 299 4631.1
1 161 299 4650.5
1 162 300 4681.7
1 162 301 4684.5
1 162 302 4683.6
1 162 303 4681.0
1 162 304 4678.3
1 163 305 4857.4
1 163 306 4848.4
1 163 307 4838.6
1 163 308 4829.3
1 163 309 4823.2
1 164 310 5039.4
1 165 311 5081.0
1 166 312 5152.7
1 167 313 5211.3
1 168 314 5244.2
1 168 315 5076.7
1 168 316 5081.0
1 169 316 5088.5
1 169 317 5094.3
1 170 317 5104.1
1 171 318 5105.2
1 171 319 5081.8
1 172 320 5033.9
1 172 321 4986.4
1 172 322 4938.1
1 172 323 4887.1
1 172 324 4847.4
1 173 325 4845.9
1 173 326 4849.5
1 173 327 4851.3
1 174 328 4860.7
1 174 329 4862.3
1 174 330 4863.3
1 175 331 4867.8
1 176 331 4871.8
1 177 331 4877.7
1 178 332 4887.1
1 179 333 4889.7
1 179 334 4886.6
1 179 335 4883.5
1 180 336 4881.0
1 181 337 4872.5
1 181 338 4867.8
1 187 338 4741.0
1 188 338 4762.1
1 189 338 4779.7
1 190 338 4793.4
1 182 339 4858.5
1 186 339 4873.5
1 191 339 4797.0
1 192 339 5216.0
1 182 340 4852.5
1 186 340 4857.8
1 193 340 5215.3
1 182 341 4848.9
1 186 341 4847.8
1 194 341 5215.2
1 195 341 5216.8
1 183 342 4845.3
1 184 342 4845.1
1 185 342 4844.6
1 186 342 4843.5
1 196 342 5216.5
1 196 343 5214.4
1 197 344 5213.3
1 198 345 5210.9
1 199 346 5208.8
1 200 346 5210.4
1 201 346 5212.6
1 202 346 5214.7
1 203 346 5215.5
1 204 346 4392.38
1 205 347 5199.5
1 206 347 5193.3
1 207 348 5398.8
1 207 349 5496.1
1 207 350 5637.0
1 206 351 5696.9
1 205 352 5701.7
1 205 353 5706.2
1 205 354 5711.2
1 206 355 5734.1
1 206 356 5742.3
1 207 357 5767.0
1 208 357 5784.2
1 209 358 5465.4
1 210 359 5522.7
1 211 359 5550.7
1 212 360 5470.5
1 212 361 5507.7
1 208 362 5529.9
1 209 362 5534.6
1 210 362 5541.7
1 211 362 5547.4
1 207 363 5526.1
1 206 364 5520.7
1 206 365 5522.0
1 206 366 5522.2
1 206 367 5521.4
1 206 368 5520.4
1 206 369 5519.2
1 207 369 5525.6
1 208 369 5542.1
1 209 369 5563.8
1 210 369 5588.2
1 211 369 5618.5
1 212 369 5654.9
1 213 369 5699.1
1 214 370 5595.6
1 215 370 5629.4
1 216 372 5626.7
1 214 373 5263.1
1 215 373 5351.3
1 214 374 5220.0
1 213 375 5270.2
1 212 376 5247.8
1 211 377 5194.7
1 211 378 5183.6
1 211 379 5178.1
1 211 380 5180.2
1 211 381 5189.3
1 211 382 5243.7
1 211 383 5293.5
1 212 384 45000.0
1 212 385 45000.0
1 212 386 45000.0
1 212 387 45000.0
1 212 388 45000.0
1 212 389 45000.0
1 212 390 45000.0
1 212 391 45000.0
1 212 392 45000.0
1 212 393 45000.0
1 213 394 45000.0
1 213 395 45000.0
1 213 396 45000.0
1 213 397 45000.0
1 213 398 45000.0
1 213 399 45000.0
1 213 400 45000.0
1 213 401 45000.0
1 213 402 45000.0
1 214 403 45000.0
1 214 404 45000.0
1 214 405 45000.0
1 214 406 45000.0
1 214 407 45000.0
1 214 409 45000.0
1 214 410 45000.0
1 214 411 45000.0
1 214 412 45000.0
1 214 413 45000.0
1 214 414 45000.0
1 214 415 45000.0
1 215 416 45000.0
1 215 417 45000.0
1 227 417 45000.0
1 228 417 45000.0
1 229 417 45000.0
1 216 418 45000.0
1 226 418 45000.0
1 230 418 45000.0
1 217 419 45000.0
1 218 419 45000.0
1 219 419 45000.0
1 220 419 45000.0
1 221 419 45000.0
1 222 419 45000.0
1 223 419 45000.0
1 224 419 45000.0
1 225 419 45000.0
1 229 419 45000.0
1 229 420 45000.0
1 226 421 45000.0
1 227 421 45000.0
1 228 421 45000.0
1 224 422 45000.0
1 225 422 45000.0
1 224 423 45000.0
1 224 424 45000.0
1 225 424 45000.0
1 226 424 45000.0
1 227 424 45000.0
1 228 424 45000.0
1 229 425 45000.0
1 229 426 45000.0
1 229 427 45000.0
1 229 428 45000.0
1 229 429 45000.0
1 228 430 45000.0
1 228 431 45000.0
1 228 432 45000.0
1 228 433 45000.0
1 228 434 45000.0
1 228 435 45000.0
1 229 435 45000.0
1 230 436 45000.0
1 230 437 45000.0
1 230 438 45000.0
1 230 439 45000.0
1 230 440 45000.0
1 230 441 45000.0
1 230 442 45000.0
1 230 443 45000.0
1 230 444 45000.0
1 230 445 45000.0
1 230 446 45000.0
1 230 447 45000.0
1 230 448 45000.0
1 230 449 45000.0
1 230 450 45000.0
1 230 451 45000.0
1 230 452 45000.0
1 230 453 45000.0
1 230 454 45000.0
1 230 455 45000.0
1 230 456 45000.0
1 231 457 45000.0
1 231 458 45000.0
1 231 459 45000.0
1 231 460 45000.0
1 232 461 45000.0
1 232 462 45000.0
1 232 463 45000.0
1 232 464 45000.0
1 233 464 45000.0
1 234 464 45000.0
1 235 464 45000.0
1 236 464 45000.0
1 237 464 45000.0
1 238 464 45000.0
1 239 465 45000.0
1 239 466 45000.0
1 239 467 5337.1
1 238 468 5337.1
1 238 469 5337.1
1 238 470 5337.1
1 239 471 5337.1
1 240 471 5337.1
1 241 472 5337.1
1 242 472 5337.1
1 243 472 5337.1
1 244 473 5337.1
1 245 474 5337.1
1 246 475 5337.1
1 246 476 5337.1
1 246 477 5337.1
1 246 478 5337.1
1 246 479 5337.1
1 246 480 5337.1
1 245 481 5337.1
1 245 482 5337.1
1 244 483 5337.1
1 243 484 5337.1
1 243 485 5337.1
1 243 486 5337.1
1 243 487 5337.1
1 243 488 5337.1
1 243 489 5337.1
1 242 490 5337.1
1 242 491 5337.1
1 241 492 5337.1
1 241 493 5337.1
1 240 494 5337.1
1 239 495 5337.1
1 238 496 5337.1
1 235 497 5337.1
1 236 497 5337.1
1 237 497 5337.1
1 233 498 5337.1
1 234 498 5337.1
1 233 499 5337.1
1 232 500 5337.1
1 231 501 5337.1
1 231 502 5337.1
1 231 503 5337.1
1 231 504 5337.1
1 231 505 5337.1
1 231 506 5337.1
1 231 507 5337.1
1 231 508 5337.1
1 231 509 5337.1
1 231 510 5337.1
1 231 511 5337.1
1 231 512 5337.1
1 231 513 5337.1
1 231 514 5337.1
1 231 515 5337.1
1 232 516 5337.1
1 232 517 5337.1
1 232 518 5337.1
1 233 519 5337.1
1 233 520 5337.1
1 233 521 5337.1
1 234 522 5337.1
1 234 523 5337.1
1 235 524 5337.1
1 235 525 5337.1
1 236 525 5337.1
1 237 525 5337.1
1 238 525 5337.1
1 239 526 5337.1
1 239 527 5337.1
1 240 528 5437.9
1 240 529 5453.1
1 241 530 5519.7
1 241 531 5549.7
1 241 532 5566.6
1 241 533 5578.1
1 241 534 5586.4
1 242 535 5064.8
1 242 536 5076.1
1 243 536 5094.1
1 244 536 5126.6
1 245 536 5155.2
1 246 537 5210.6
1 246 538 5227.7
1 247 539 5267.6
1 248 540 5303.1
1 249 540 5315.2
1 250 540 5331.6
1 251 541 5365.2
1 250 544 5398.8
1 251 544 5401.1
1 245 545 5344.2
1 246 545 5355.4
1 247 545 5374.0
1 248 545 5387.7
1 249 545 5393.2
1 243 546 5317.7
1 244 546 5321.7
1 243 547 5318.4
1 242 548 5314.5
1 242 549 5314.8
1 241 550 5308.6
1 241 551 5306.9
1 240 552 5296.5
1 239 553 5285.5
1 238 554 0.0
1 237 555 5249.9
1 236 556 5248.8
1 236 557 5248.8
1 232 558 5189.1
1 233 558 5186.1
1 234 558 5193.8
1 235 558 5197.3
1 232 559 5201.2
1 231 560 5201.4
1 231 561 5209.8
1 231 562 5216.5
1 231 563 5221.6
1 231 564 5222.9
1 230 565 5389.7
1 230 566 5382.9
1 230 567 5372.0
1 230 568 5359.6
1 215 371 5678.1
1 39 51 6043.2
1 39 52 5967.8
1 38 53 5714.5
1 38 54 5641.8
1 37 55 5375.6
1 36 56 5152.8
1 35 57 4950.0
1 35 58 4889.0
1 35 59 4787.7
1 35 60 8397.7
1 35 61 8262.3
1 35 62 8125.5
1 35 63 7985.2
1 35 64 7841.2
1 35 65 7693.4
1 35 66 7542.6
1 35 67 7395.4
1 35 68 7276.3
1 36 69 10770.0
1 36 70 10502.6
1 36 71 10250.3
1 36 72 10007.1
1 36 73 9772.1
1 36 74 9559.1
1 36 75 9377.7
1 36 76 9287.9
1 36 77 9255.2
1 230 569 5347.0
1 230 570 5333.5
1 230 571 5317.4
1 230 572 5306.0
1 230 573 5316.9
1 230 574 5332.4
1 230 575 5342.6
1 230 576 5344.7
1 230 577 5179.6
1 230 578 5212.8
1 230 579 5245.9
1 230 580 5275.3
1 230 581 5278.4
1 230 582 5283.8
1 230 583 5286.3
1 230 584 5285.4
1 230 585 5282.0
1 230 586 5277.4
1 230 587 5271.3
1 230 588 5267.4
1 229 589 5251.5
1 229 590 5242.2
1 228 591 5219.5
1 228 592 5203.8
1 228 593 5186.5
1 228 594 5164.3
1 227 595 5120.1
1 227 596 5096.9
1 227 597 5068.8
1 227 598 5035.6
1 227 599 4786.4
1 226 600 4700.2
1 226 601 4698.2
1 226 602 4696.9
1 226 603 4697.6
1 225 604 4268.5
1 224 605 4268.5
1 223 606 4290.4
1 222 607 4310.8
1 223 605 4275.0
1 114 114 -11662.8
1 117 120 -774.12
1 121 111 -120141.0
1 121 113 -132928.0
1 124 115 -77564.9
1 125 116 -157659.0
1 126 120 -33583.4
1 129 121 -36955.7
1 130 122 -774.12
1 133 112 -67026.2
1 135 194 -1476.7
1 138 201 -17424.0
1 139 168 -18969.7
1 140 168 -18969.7
1 141 191 -66604.6
1 143 172 -18969.7
1 143 190 -32459.2
1 144 166 -23325.7
1 144 172 -18969.7
1 144 182 -106933.0
1 144 190 -32459.2
1 145 161 -96956.1
1 146 117 -71382.2
1 146 188 -12365.4
1 146 190 -12365.4
1 147 132 -23325.7
1 147 145 -774.12
1 148 167 -61265.0
1 148 176 -774.12
1 148 196 -45105.7
1 149 145 -63934.8
1 149 146 -32037.7
1 150 124 -21920.5
1 150 141 -23606.7
1 150 198 -98080.3
1 151 142 -17002.4
1 151 195 -60421.9
1 152 123 -42014.3
1 152 125 -38573.0
1 152 132 -41804.8
1 153 142 -68852.9
1 153 192 -70258.1
1 154 125 -1264.65
1 154 171 -774.12
1 154 249 -57049.6
1 155 112 -50445.3
1 155 129 -29929.9
1 155 141 -103701.0
1 156 129 -222156.0
1 156 146 -74333.0
1 157 116 -281.03
1 157 135 -15740.4
1 157 140 -298878.0
1 157 251 -111148.0
1 158 133 -51922.0
1 158 181 -118034.0
1 159 119 -32459.2
1 159 173 -54941.8
1 161 125 -9695.61
1 161 129 -5058.58
1 161 131 -1264.65
1 161 188 -62951.2
1 162 119 -4918.06
1 162 121 -67307.2
1 162 128 -216395.0
1 162 132 -57611.6
1 162 169 -1405.16
1 163 137 -2107.74
1 163 138 -7659.41
1 163 171 -6463.74
1 165 130 -843.1
1 165 131 -1967.23
1 166 126 -5761.16
1 167 125 -22623.1
1 167 259 -18548.1
1 168 123 -36534.2
1 168 208 -58595.2
1 169 127 -140.52
1 169 163 -50304.8
1 170 131 -41030.7
1 170 132 -140.52
1 170 163 -55784.9
1 171 130 -15597.3
1 171 131 -1405.16
1 171 132 -16440.4
1 172 218 -200798.0
1 173 224 -32178.2
1 174 123 -11381.8
1 174 135 -3512.9
1 175 134 -68290.8
1 175 204 -15316.3
1 176 176 -27400.7
1 176 202 -11943.9
1 177 133 -80796.8
1 177 211 -31475.6
1 178 164 -1264.65
1 178 261 -71663.2
1 179 181 -173959.0
1 179 183 -31616.1
1 179 210 -21217.9
1 180 208 -22061.0
1 183 184 -111148.0
1 184 246 -9976.65
1 187 200 -79532.1
1 187 281 -2810.32
1 188 198 -68150.3
1 188 209 -43841.0
1 188 240 -66042.6
1 188 258 -136582.0
1 189 282 -60421.9
1 190 281 -174240.0
1 191 191 -40609.2
1 191 281 -130680.0
1 193 256 -21780.0
1 193 260 -42357.0
1 197 204 -21217.9
1 197 252 -11803.3
1 198 298 -774.12
1 199 211 -38641.9
1 199 231 -43560.0
1 199 298 -774.12
1 200 298 -833.97
1 201 234 -6463.74
1 203 275 -191523.0
1 203 280 -59016.8
1 204 248 -17378.2
1 205 300 -803.62
1 206 286 -8670.66
1 206 300 -1548.24
1 211 255 -136582.0
1 212 226 -18548.1
1 212 258 -205997.0
1 213 264 -281.03
1 213 300 -10257.7
1 214 240 -74895.1
1 216 238 -39485.0
1 216 267 -5058.58
1 217 264 -178596.0
1 217 365 -843.1
1 218 179 -388387.0
1 219 310 -17424.0
1 221 223 -3512.9
1 221 246 -28384.3
1 221 284 -5503.58
1 222 369 -3091.35
1 223 271 -58876.3
1 224 301 -26557.6
1 224 374 -9806.56
1 226 311 -421.55
1 226 365 -2201.63
1 227 270 -281.03
1 228 225 -88244.1
1 230 361 -122390.0
1 231 401 -6816.31
1 232 364 -159.81
1 232 370 -4853.88
1 233 337 -774.12
1 233 376 -1952.6
1 233 394 -1548.24
1 234 304 -4637.12
1 234 393 -826.26
1 235 367 -10047.6
1 235 400 -843.1
1 235 605 -53.22
1 235 609 -423.9
1 236 263 -116488.0
1 236 351 -59859.9
1 237 237 -29789.4
1 237 316 -16761.0
1 237 357 -7283.01
1 237 389 -774.12
1 238 221 -2529.29
1 238 398 -5.54
1 238 605 -3962.36
1 238 609 -1548.24
1 239 250 -24168.8
1 239 338 -56206.4
1 239 605 -3870.6
1 239 606 -2322.36
1 239 619 -7378.38
1 240 380 -774.12
1 240 426 -774.12
1 240 608 -3120.69
1 241 335 -63372.8
1 241 342 -82342.5
1 241 604 -774.12
1 242 311 -5578.37
1 243 371 -774.12
1 243 389 -1545.68
1 243 422 -140.52
1 243 431 -17.25
1 243 605 -3870.6
1 244 431 -7.33
1 244 605 -4644.72
1 244 621 -1680.18
1 245 238 -57752.1
1 245 337 -774.12
1 245 370 -4526.17
1 245 621 -774.12
1 246 321 -4088.34
1 246 618 -2322.36
1 247 344 -799.89
1 247 383 -13709.2
1 247 384 -2333540.0
1 248 251 -19625.2
1 248 424 -5058.58
1 248 436 -4215.48
1 248 444 -13373.4
1 248 589 -1545.68
1 249 373 -774.12
1 249 424 -774.12
1 249 430 -34062.7
1 249 436 -8017.23
1 249 443 -6686.69
1 249 606 -3870.6
1 250 239 -19672.3
1 250 326 -3965.02
1 250 424 -774.12
1 250 425 -616163.0
1 250 431 -48202.7
1 250 595 -2462.88
1 251 300 -269791.0
1 251 356 -86927.0
1 251 408 -670.53
1 251 456 -914.64
1 251 457 -35.89
1 251 594 -774.12
1 251 595 -790.5
1 251 596 -1548.24
1 252 230 -66604.6
1 252 285 -41592.8
1 252 329 -43109.9
1 252 450 -702.58
1 252 595 -774.12
1 252 606 -774.12
1 253 298 -29789.4
1 253 331 -12156.3
1 253 332 -17874.4
1 253 416 -421.55
1 253 420 -12334.0
1 253 445 -56819.0
1 254 338 -182671.0
1 254 367 -843.1
1 254 407 -132189.0
1 254 597 -774.12
1 254 607 -20446.4
1 255 381 -26698.1
1 255 383 -23887.7
1 255 388 -43841.0
1 255 395 -3091.35
1 255 420 -10538.7
1 255 439 -27962.7
1 255 443 -111097.0
1 255 595 -774.12
1 255 596 -774.12
1 255 606 -20446.4
1 255 609 -1548.24
1 256 314 -36472.8
1 256 335 -58735.7
1 256 341 -1545.68
1 256 370 -4940.95
1 256 413 -2107.74
1 256 586 -64488.2
1 256 593 -3096.48
1 257 238 -4777.55
1 257 324 -6972.96
1 257 413 -2107.74
1 257 576 -5610.41
1 257 599 -21501.0
1 257 600 -95832.0
1 258 325 -7778.56
1 258 336 -1882.38
1 258 418 -207186.0
1 258 420 -166691.0
1 258 442 -599705.0
1 258 464 -4215.48
1 258 585 -4644.72
1 258 595 -1548.24
1 258 601 -47635.0
1 258 602 -13316.3
1 259 340 -177543.0
1 259 371 -4940.95
1 259 405 -17883.0
1 259 588 -32027.3
1 259 592 -781.65
1 259 593 -781.65
1 260 342 -66042.6
1 260 349 -843.1
1 260 407 -3211790.0
1 260 413 -291834.0
1 260 424 -423.66
1 260 461 -2529.29
1 260 463 -24309.3
1 260 464 -31616.1
1 260 585 -17991.0
1 260 586 -17844.3
1 261 337 -5480.13
1 261 355 -113537.0
1 261 381 -347208.0
1 261 395 -64466.3
1 261 416 -17564.5
1 261 418 -774.12
1 261 429 -46094.0
1 261 464 -12646.5
1 261 492 -774.12
1 261 571 -23044.7
1 261 576 -14424.7
1 262 345 -84309.7
1 262 540 -294.68
1 262 564 -50371.8
1 262 568 -18969.7
1 262 570 -34567.0
1 262 571 -11522.3
1 263 471 -11662.8
1 263 477 -3231.87
1 263 520 -1548.24
1 263 582 -14347.0
1 264 265 -41592.8
1 264 344 -42154.8
1 264 345 -12365.4
1 264 355 -281.03
1 264 367 -774.12
1 264 383 -96465.7
1 264 407 -4777.55
1 264 468 -80.08
1 264 471 -11522.3
1 264 476 -140.52
1 264 477 -63934.8
1 264 523 -2884.42
1 264 524 -562.06
1 264 549 -5736.73
1 265 363 -8571.48
1 265 364 -25738.6
1 265 374 -15666.5
1 265 380 -15.29
1 265 422 -32629.1
1 265 557 -3372.39
1 266 337 -774.12
1 266 340 -15456.8
1 266 462 -140.52
1 267 391 -17143.0
1 267 463 -2669.81
1 267 555 -774.12
1 267 556 -774.12
1 268 333 -41452.3
1 268 334 -49180.6
1 268 436 -3585200.0
1 268 455 -14.93
1 268 479 -702.58
1 268 480 -562.06
1 268 489 -2110.87
1 269 363 -774.12
1 269 397 -41733.3
1 269 450 -2810.32
1 269 456 -17972.8
1 269 541 -1336.18
1 270 337 -3934.45
1 270 352 -43981.6
1 270 412 -38123.8
1 270 429 -1866.72
1 270 481 -914.64
1 270 483 -1563.03
1 270 484 -774.12
1 270 486 -19727.8
1 270 498 -49883.2
1 270 539 -281.03
1 271 319 -16761.0
1 271 371 -1405.16
1 271 415 -132048.0
1 271 485 -244.95
1 271 493 -151685.0
1 271 498 -12787.0
1 271 537 -57587.7
1 272 336 -19654.4
1 272 337 -24.76
1 272 351 -22482.6
1 272 366 -10819.7
1 272 368 -239370.0
1 272 388 -679063.0
1 272 396 -30211.0
1 272 450 -6885.29
1 272 451 -19110.2
1 272 453 -1264.65
1 272 462 -1965380.0
1 272 491 -18.43
1 272 497 -32833.7
1 272 498 -281.03
1 272 530 -167084.0
1 272 532 -233868.0
1 272 535 -48920.7
1 273 363 -421.55
1 273 392 -1017.0
1 273 410 -1264.65
1 273 480 -42576.4
1 273 510 -1195.67
1 273 516 -19411.1
1 273 517 -228305.0
1 273 518 -183.66
1 274 409 -1264.65
1 274 520 -35972.1
1 274 523 -2529.29
1 275 367 -71522.7
1 275 441 -207216.0
1 275 450 -10679.2
1 275 506 -4777.55
1 276 366 -17564.5
1 276 446 -5620.65
1 276 474 -21263.9
1 277 294 -70324.7
1 277 390 -12084.4
1 277 407 -1476310.0
1 277 431 -14260.7
1 277 468 -140.52
1 277 472 -21813.3
1 277 480 -89984.4
1 277 482 -1686.19
1 278 365 -29086.8
1 278 435 -1039.26
1 278 482 -1686.19
1 279 310 -28386.6
1 279 433 -195446.0
1 279 475 -119925.0
1 279 485 -21499.0
1 280 365 -15035.2
1 280 433 -32255.9
1 280 442 -9555.1
1 280 469 -45406.3
1 280 471 -44515.3
1 281 458 -1875680.0
1 282 409 -6323.23
1 282 424 -2107.74
1 282 430 -702.58
1 282 436 -1604.17
1 282 454 -8068.28
1 282 457 -1224.69
1 283 335 -48478.1
1 283 354 -11241.3
1 283 429 -265997.0
1 283 449 -103847.0
1 283 452 -117548.0
1 283 455 -8128.65
1 283 468 -41300.0
1 284 339 -33349.1
1 284 457 -6182.71
1 284 463 -2087.14
1 284 481 -8425.9
1 285 336 -983.61
1 285 374 -3231.87
1 285 467 -230122.0
1 285 475 -73416.6
1 286 330 -75999.6
1 286 425 -285700.0
1 286 475 -29189.8
1 286 477 -64606.6
1 287 388 -6003.75
1 287 426 -774.12
1 287 477 -31087.2
1 288 419 -11381.8
1 288 423 -919.93
1 288 426 -774.12
1 289 351 -16580.9
1 289 404 -221816.0
1 289 459 -983.2
1 289 468 -14679.0
1 290 382 -168932.0
1 290 402 -197.5
1 290 411 -1405.16
1 290 412 -21217.9
1 290 413 -1124.13
1 291 350 -3372.39
1 291 355 -36604.8
1 291 373 -1264.65
1 291 399 -191659.0
1 292 361 -59438.3
1 292 365 -18829.2
1 292 416 -1405.16
1 292 469 -18413.4
1 293 440 -140.52
1 294 435 -13068.0
1 294 447 -38189.6
1 294 458 -72297.3
1 295 356 -1819.82
1 295 391 -35972.1
1 295 430 -495048.0
1 296 388 -611.52
1 296 398 -4928.94
1 296 406 -27916.4
1 296 433 -7587.87
1 297 381 -22763.6
1 297 395 -3764.62
1 297 401 -41635.1
1 297 402 -2945.29
1 297 413 -1152050.0
1 297 442 -78164.4
1 299 354 -5620.65
1 299 355 -1128.58
1 299 387 -81.89
1 102 110 -774.12
1 102 113 -774.12
1 103 100 -774.12
1 103 104 -774.12
1 104 115 -774.12
1 105 115 -774.12
1 105 139 -774.12
1 108 117 -774.12
1 109 112 -774.12
1 111 155 -774.12
1 111 208 -774.12
1 112 181 -774.12
1 113 111 -774.12
1 113 159 -774.12
1 113 211 -774.12
1 114 173 -774.12
1 114 212 -1548.24
1 115 212 -1548.24
1 116 121 -774.12
1 116 150 -774.12
1 116 166 -774.12
1 117 119 -774.12
1 117 168 -774.12
1 117 210 -774.12
1 119 194 -774.12
1 119 202 -774.12
1 119 96 -774.12
1 120 155 -774.12
1 120 94 -774.12
1 121 187 -774.12
1 123 110 -774.12
1 123 111 -774.12
1 123 158 -774.12
1 123 168 -774.12
1 123 193 -774.12
1 123 202 -1548.24
1 125 150 -774.12
1 125 151 -774.12
1 125 193 -774.12
1 125 194 -774.12
1 126 121 -774.12
1 126 191 -774.12
1 126 195 -774.12
1 127 150 -774.12
1 127 160 -774.12
1 127 169 -774.12
1 127 195 -774.12
1 127 199 -1548.24
1 128 122 -774.12
1 128 148 -774.12
1 128 149 -774.12
1 128 152 -774.12
1 128 153 -774.12
1 128 154 -774.12
1 128 157 -774.12
1 128 199 -774.12
1 129 117 -774.12
1 129 119 -774.12
1 129 122 -774.12
1 129 146 -774.12
1 129 154 -1548.24
1 129 162 -774.12
1 129 176 -774.12
1 130 120 -774.12
1 130 154 -774.12
1 130 155 -774.12
1 130 156 -2322.36
1 130 194 -774.12
1 131 112 -774.12
1 131 121 -774.12
1 131 122 -774.12
1 131 150 -774.12
1 131 156 -774.12
1 131 157 -774.12
1 131 158 -774.12
1 131 161 -1548.24
1 131 198 -774.12
1 132 112 -774.12
1 132 155 -774.12
1 132 156 -774.12
1 132 160 -774.12
1 132 161 -1548.24
1 133 155 -774.12
1 133 159 -774.12
1 133 160 -1548.24
1 133 192 -1548.24
1 133 193 -774.12
1 134 148 -774.12
1 134 150 -774.12
1 134 151 -774.12
1 134 156 -774.12
1 134 191 -774.12
1 134 193 -3096.48
1 135 148 -3870.6
1 135 149 -1548.24
1 135 156 -774.12
1 135 157 -774.12
1 135 193 -2322.36
1 136 147 -774.12
1 136 148 -774.12
1 136 149 -774.12
1 136 150 -1548.24
1 136 153 -774.12
1 136 155 -774.12
1 137 148 -774.12
1 137 150 -774.12
1 137 153 -1548.24
1 137 154 -774.12
1 137 157 -2322.36
1 137 175 -774.12
1 137 206 -774.12
1 138 151 -774.12
1 138 152 -774.12
1 138 153 -2322.36
1 138 168 -774.12
1 138 169 -774.12
1 139 151 -774.12
1 140 138 -774.12
1 140 155 -3096.48
1 140 156 -774.12
1 140 171 -774.12
1 140 180 -774.12
1 141 149 -774.12
1 141 154 -1548.24
1 141 157 -774.12
1 141 171 -774.12
1 141 199 -1548.24
1 142 155 -774.12
1 142 156 -774.12
1 142 157 -774.12
1 142 158 -774.12
1 142 174 -774.12
1 142 179 -774.12
1 142 201 -774.12
1 143 146 -774.12
1 143 157 -2322.36
1 144 142 -1548.24
1 144 173 -774.12
1 145 142 -774.12
1 145 143 -774.12
1 145 151 -774.12
1 145 187 -774.12
1 145 226 -774.12
1 146 140 -774.12
1 146 141 -1548.24
1 146 145 -774.12
1 146 208 -774.12
1 146 229 -774.12
1 146 230 -774.12
1 146 232 -774.12
1 147 139 -2322.36
1 147 140 -774.12
1 147 141 -774.12
1 147 142 -774.12
1 147 229 -774.12
1 147 230 -774.12
1 147 233 -774.12
1 147 239 -774.12
1 147 240 -774.12
1 148 217 -774.12
1 148 221 -774.12
1 149 127 -774.12
1 149 147 -774.12
1 149 154 -774.12
1 149 222 -774.12
1 149 253 -774.12
1 150 160 -774.12
1 150 164 -774.12
1 150 177 -774.12
1 150 227 -774.12
1 150 236 -774.12
1 151 128 -774.12
1 151 228 -774.12
1 152 153 -774.12
1 152 173 -774.12
1 152 176 -774.12
1 152 222 -774.12
1 152 228 -774.12
1 153 126 -774.12
1 153 136 -774.12
1 153 155 -774.12
1 153 232 -774.12
1 153 238 -774.12
1 153 253 -774.12
1 154 126 -774.12
1 154 133 -774.12
1 154 161 -774.12
1 154 172 -774.12
1 154 220 -774.12
1 154 244 -774.12
1 155 170 -1548.24
1 155 216 -774.12
1 155 262 -774.12
1 156 160 -774.12
1 156 211 -774.12
1 156 223 -774.12
1 157 132 -774.12
1 157 133 -774.12
1 157 134 -2322.36
1 157 136 -774.12
1 157 194 -774.12
1 157 207 -774.12
1 157 240 -774.12
1 158 135 -774.12
1 158 248 -774.12
1 159 152 -774.12
1 159 231 -774.12
1 159 240 -774.12
1 159 247 -774.12
1 159 248 -774.12
1 159 250 -774.12
1 159 251 -774.12
1 159 257 -774.12
1 160 133 -774.12
1 160 249 -1548.24
1 160 251 -1548.24
1 160 252 -774.12
1 160 253 -774.12
1 160 262 -774.12
1 161 144 -1548.24
1 161 251 -774.12
1 161 253 -774.12
1 162 137 -1548.24
1 162 252 -1548.24
1 162 253 -774.12
1 163 152 -774.12
1 163 190 -774.12
1 163 236 -774.12
1 164 278 -774.12
1 164 290 -774.12
1 164 299 -774.12
1 165 133 -1548.24
1 165 134 -1548.24
1 165 135 -774.12
1 165 290 -774.12
1 166 131 -774.12
1 166 132 -774.12
1 166 133 -1548.24
1 166 134 -774.12
1 166 135 -774.12
1 166 210 -774.12
1 166 254 -774.12
1 166 255 -774.12
1 167 127 -774.12
1 167 132 -1548.24
1 167 133 -1548.24
1 167 134 -2322.36
1 167 256 -774.12
1 167 288 -774.12
1 167 294 -774.12
1 168 130 -774.12
1 168 131 -774.12
1 168 132 -3096.48
1 168 133 -3096.48
1 168 286 -774.12
1 168 287 -1548.24
1 168 291 -1548.24
1 169 128 -1548.24
1 169 129 -3096.48
1 169 131 -774.12
1 169 132 -3870.6
1 169 133 -2322.36
1 169 134 -6967.08
1 169 135 -774.12
1 169 236 -774.12
1 169 260 -774.12
1 169 271 -774.12
1 169 287 -774.12
1 169 290 -774.12
1 170 133 -2322.36
1 170 134 -9289.44
1 170 136 -774.12
1 170 187 -774.12
1 170 256 -774.12
1 170 287 -774.12
1 170 292 -774.12
1 171 133 -1548.24
1 171 134 -774.12
1 171 136 -3870.6
1 171 290 -774.12
1 172 257 -774.12
1 172 284 -774.12
1 172 295 -1548.24
1 172 311 -774.12
1 173 258 -774.12
1 173 278 -774.12
1 173 290 -774.12
1 173 292 -774.12
1 173 293 -1548.24
1 173 294 -774.12
1 174 124 -774.12
1 174 253 -774.12
1 174 261 -774.12
1 174 270 -774.12
1 174 283 -774.12
1 174 289 -774.12
1 174 293 -774.12
1 175 260 -774.12
1 175 288 -774.12
1 175 292 -1548.24
1 175 293 -774.12
1 175 296 -774.12
1 175 305 -774.12
1 176 274 -774.12
1 176 305 -774.12
1 177 289 -774.12
1 177 290 -774.12
1 178 243 -774.12
1 178 280 -774.12
1 178 285 -774.12
1 178 302 -774.12
1 178 305 -774.12
1 178 306 -774.12
1 178 311 -774.12
1 179 278 -774.12
1 179 285 -774.12
1 180 149 -774.12
1 180 286 -774.12
1 181 297 -774.12
1 181 307 -774.12
1 181 308 -774.12
1 183 242 -774.12
1 183 285 -774.12
1 183 295 -774.12
1 183 308 -774.12
1 183 309 -774.12
1 183 318 -774.12
1 184 263 -774.12
1 184 285 -774.12
1 184 313 -774.12
1 184 319 -774.12
1 185 257 -774.12
1 185 305 -774.12
1 185 306 -774.12
1 185 307 -774.12
1 185 315 -774.12
1 186 255 -774.12
1 186 265 -774.12
1 186 307 -1548.24
1 186 310 -774.12
1 188 262 -774.12
1 188 294 -774.12
1 188 295 -774.12
1 189 295 -774.12
1 189 309 -774.12
1 190 307 -774.12
1 190 308 -774.12
1 190 324 -774.12
1 191 292 -1548.24
1 191 304 -774.12
1 191 305 -774.12
1 192 258 -774.12
1 192 284 -774.12
1 192 304 -774.12
1 192 316 -774.12
1 192 319 -774.12
1 193 262 -774.12
1 193 301 -774.12
1 193 311 -774.12
1 193 313 -1548.24
1 194 284 -774.12
1 194 313 -774.12
1 195 269 -774.12
1 195 287 -774.12
1 195 289 -774.12
1 195 300 -774.12
1 195 311 -774.12
1 195 313 -774.12
1 196 269 -774.12
1 196 275 -774.12
1 196 303 -774.12
1 196 324 -774.12
1 196 333 -774.12
1 197 264 -774.12
1 197 283 -774.12
1 197 300 -774.12
1 197 322 -774.12
1 197 325 -774.12
1 198 242 -774.12
1 198 276 -1548.24
1 198 309 -774.12
1 198 311 -774.12
1 199 283 -774.12
1 199 311 -774.12
1 199 324 -774.12
1 200 280 -774.12
1 200 286 -774.12
1 200 296 -774.12
1 200 299 -774.12
1 200 306 -774.12
1 200 307 -774.12
1 200 312 -774.12
1 200 343 -774.12
1 200 345 -774.12
1 201 257 -774.12
1 202 280 -774.12
1 202 287 -774.12
1 202 297 -774.12
1 202 301 -774.12
1 202 302 -774.12
1 203 215 -774.12
1 203 304 -774.12
1 203 305 -774.12
1 203 309 -774.12
1 203 315 -774.12
1 205 263 -774.12
1 205 303 -774.12
1 205 304 -774.12
1 205 317 -774.12
1 205 318 -774.12
1 205 319 -774.12
1 206 264 -774.12
1 206 270 -774.12
1 206 301 -774.12
1 206 304 -774.12
1 206 315 -774.12
1 206 317 -1548.24
1 207 262 -774.12
1 207 300 -774.12
1 207 301 -1548.24
1 207 303 -774.12
1 207 304 -774.12
1 207 306 -1548.24
1 207 315 -774.12
1 207 317 -774.12
1 208 298 -1548.24
1 208 299 -1548.24
1 208 306 -774.12
1 208 317 -774.12
1 208 328 -774.12
1 209 284 -774.12
1 209 297 -774.12
1 209 302 -774.12
1 210 284 -774.12
1 210 301 -774.12
1 210 302 -774.12
1 210 342 -774.12
1 211 301 -774.12
1 211 321 -774.12
1 212 295 -774.12
1 212 347 -774.12
1 213 226 -774.12
1 213 287 -774.12
1 213 303 -774.12
1 213 329 -774.12
1 214 319 -774.12
1 215 289 -774.12
1 215 311 -774.12
1 215 353 -774.12
1 216 323 -774.12
1 216 341 -774.12
1 217 244 -774.12
1 217 249 -774.12
1 217 351 -774.12
1 218 209 -774.12
1 218 243 -774.12
1 218 292 -774.12
1 218 345 -1548.24
1 221 240 -774.12
1 221 611 -774.12
1 222 254 -774.12
1 222 362 -774.12
1 224 338 -774.12
1 224 359 -774.12
1 225 323 -774.12
1 225 329 -774.12
1 225 332 -774.12
1 225 368 -774.12
1 225 373 -774.12
1 225 378 -774.12
1 225 382 -1548.24
1 226 323 -774.12
1 226 388 -1548.24
1 226 618 -774.12
1 227 315 -774.12
1 228 606 -774.12
1 229 385 -1548.24
1 229 392 -774.12
1 229 393 -774.12
1 229 397 -3096.48
1 229 618 -3870.6
1 230 338 -774.12
1 230 373 -1548.24
1 230 384 -774.12
1 230 392 -1548.24
1 230 393 -3096.48
1 230 396 -774.12
1 230 605 -774.12
1 231 343 -774.12
1 231 383 -774.12
1 231 392 -3870.6
1 231 393 -8515.32
1 231 398 -774.12
1 231 603 -774.12
1 231 607 -1548.24
1 232 259 -774.12
1 232 300 -774.12
1 232 384 -774.12
1 232 389 -774.12
1 232 393 -4644.72
1 232 394 -3096.48
1 232 405 -774.12
1 232 604 -1548.24
1 232 606 -1548.24
1 232 607 -2322.36
1 232 608 -774.12
1 233 373 -774.12
1 233 393 -774.12
1 233 403 -774.12
1 233 406 -3096.48
1 233 601 -1548.24
1 233 602 -774.12
1 234 374 -774.12
1 234 388 -774.12
1 234 389 -774.12
1 234 406 -2322.36
1 234 407 -1548.24
1 234 601 -774.12
1 234 602 -1548.24
1 234 603 -2322.36
1 234 604 -774.12
1 234 605 -1548.24
1 234 606 -774.12
1 234 609 -774.12
1 234 620 -774.12
1 234 621 -774.12
1 235 342 -774.12
1 235 368 -774.12
1 235 389 -774.12
1 235 392 -774.12
1 235 404 -774.12
1 235 406 -774.12
1 235 599 -774.12
1 235 600 -1548.24
1 235 602 -2322.36
1 235 603 -774.12
1 235 606 -774.12
1 235 608 -774.12
1 236 256 -774.12
1 236 359 -774.12
1 236 377 -1548.24
1 236 378 -774.12
1 236 389 -1548.24
1 236 600 -774.12
1 236 601 -774.12
1 236 602 -1548.24
1 236 605 -774.12
1 236 606 -774.12
1 236 607 -774.12
1 236 620 -774.12
1 237 330 -774.12
1 237 377 -774.12
1 237 384 -774.12
1 237 388 -774.12
1 237 605 -1548.24
1 237 606 -2322.36
1 237 607 -1548.24
1 237 608 -3870.6
1 237 609 -2322.36
1 237 620 -774.12
1 238 346 -774.12
1 238 391 -774.12
1 238 410 -774.12
1 238 602 -774.12
1 238 603 -774.12
1 238 606 -3870.6
1 238 607 -4644.72
1 238 608 -3096.48
1 238 610 -774.12
1 239 297 -774.12
1 239 323 -774.12
1 239 404 -774.12
1 239 601 -774.12
1 239 603 -774.12
1 239 607 -1548.24
1 239 608 -3096.48
1 239 609 -2322.36
1 239 610 -1548.24
1 239 615 -1548.24
1 240 267 -774.12
1 240 319 -774.12
1 240 327 -774.12
1 240 352 -774.12
1 240 374 -1548.24
1 240 392 -1548.24
1 240 396 -774.12
1 240 406 -774.12
1 240 603 -774.12
1 240 605 -2322.36
1 240 606 -3096.48
1 240 607 -1548.24
1 240 620 -1548.24
1 240 621 -774.12
1 241 339 -774.12
1 241 352 -774.12
1 241 370 -1548.24
1 241 375 -774.12
1 241 409 -774.12
1 241 577 -774.12
1 241 603 -1548.24
1 241 605 -2322.36
1 241 606 -1548.24
1 241 607 -1548.24
1 241 608 -1548.24
1 241 609 -3870.6
1 241 610 -774.12
1 241 611 -774.12
1 241 620 -774.12
1 241 621 -774.12
1 242 314 -774.12
1 242 318 -774.12
1 242 336 -774.12
1 242 338 -774.12
1 242 339 -774.12
1 242 373 -2322.36
1 242 374 -4644.72
1 242 406 -1548.24
1 242 603 -1548.24
1 242 604 -5418.84
1 242 605 -6967.08
1 242 606 -2322.36
1 242 607 -3870.6
1 242 608 -3870.6
1 242 609 -2322.36
1 242 610 -2322.36
1 242 616 -774.12
1 242 622 -774.12
1 242 623 -2322.36
1 243 366 -774.12
1 243 369 -774.12
1 243 372 -1548.24
1 243 373 -6192.96
1 243 374 -2322.36
1 243 386 -774.12
1 243 391 -774.12
1 243 405 -774.12
1 243 406 -774.12
1 243 407 -1548.24
1 243 409 -774.12
1 243 577 -774.12
1 243 606 -5418.84
1 243 607 -3870.6
1 243 608 -1548.24
1 243 609 -4644.72
1 243 620 -774.12
1 243 622 -1548.24
1 243 623 -6192.96
1 244 371 -774.12
1 244 372 -1548.24
1 244 373 -2322.36
1 244 415 -774.12
1 244 598 -774.12
1 244 606 -3096.48
1 244 607 -774.12
1 244 611 -774.12
1 244 616 -774.12
1 244 622 -774.12
1 244 623 -3096.48
1 244 624 -774.12
1 245 312 -774.12
1 245 315 -774.12
1 245 326 -774.12
1 245 335 -774.12
1 245 338 -774.12
1 245 356 -1548.24
1 245 371 -774.12
1 245 413 -774.12
1 245 586 -774.12
1 245 604 -774.12
1 245 605 -2322.36
1 245 606 -3870.6
1 245 607 -3096.48
1 245 609 -3870.6
1 245 610 -1548.24
1 245 612 -1548.24
1 245 616 -1548.24
1 245 619 -774.12
1 245 620 -1548.24
1 245 622 -774.12
1 246 214 -774.12
1 246 342 -774.12
1 246 356 -774.12
1 246 357 -774.12
1 246 374 -774.12
1 246 413 -774.12
1 246 590 -774.12
1 246 599 -774.12
1 246 600 -4644.72
1 246 605 -3096.48
1 246 606 -5418.84
1 246 607 -3096.48
1 246 610 -774.12
1 246 612 -1548.24
1 246 614 -774.12
1 246 615 -774.12
1 246 623 -774.12
1 247 314 -774.12
1 247 331 -774.12
1 247 367 -1548.24
1 247 368 -3870.6
1 247 387 -1548.24
1 247 413 -774.12
1 247 578 -774.12
1 247 597 -774.12
1 247 598 -5418.84
1 247 599 -4644.72
1 247 600 -7741.2
1 247 601 -7741.2
1 247 605 -1548.24
1 247 609 -1548.24
1 247 610 -1548.24
1 247 611 -3096.48
1 247 612 -3096.48
1 247 613 -1548.24
1 247 618 -1548.24
1 247 619 -774.12
1 247 623 -774.12
1 248 307 -774.12
1 248 367 -774.12
1 248 368 -3096.48
1 248 371 -1548.24
1 248 372 -3870.6
1 248 387 -1548.24
1 248 388 -4644.72
1 248 413 -774.12
1 248 416 -774.12
1 248 529 -774.12
1 248 567 -774.12
1 248 596 -5418.84
1 248 597 -3870.6
1 248 598 -7741.2
1 248 599 -4644.72
1 248 600 -3096.48
1 248 601 -4644.72
1 248 602 -2322.36
1 248 605 -774.12
1 248 608 -774.12
1 248 609 -1548.24
1 248 610 -2322.36
1 248 611 -4644.72
1 248 612 -4644.72
1 248 613 -5418.84
1 248 618 -774.12
1 248 619 -774.12
1 248 620 -774.12
1 248 623 -1548.24
1 249 333 -774.12
1 249 334 -774.12
1 249 365 -1548.24
1 249 366 -2322.36
1 249 367 -774.12
1 249 368 -2322.36
1 249 371 -774.12
1 249 387 -774.12
1 249 388 -774.12
1 249 400 -774.12
1 249 412 -774.12
1 249 567 -774.12
1 249 593 -1548.24
1 249 595 -4644.72
1 249 596 -5418.84
1 249 597 -8515.32
1 249 603 -2322.36
1 249 604 -6192.96
1 249 605 -3870.6
1 249 607 -3096.48
1 249 609 -774.12
1 249 610 -1548.24
1 249 611 -3870.6
1 249 612 -6967.08
1 249 613 -1548.24
1 249 618 -774.12
1 249 623 -774.12
1 250 331 -774.12
1 250 355 -774.12
1 250 365 -1548.24
1 250 366 -3870.6
1 250 367 -2322.36
1 250 368 -774.12
1 250 369 -1548.24
1 250 370 -1548.24
1 250 371 -4644.72
1 250 382 -774.12
1 250 406 -774.12
1 250 413 -774.12
1 250 414 -774.12
1 250 423 -774.12
1 250 436 -774.12
1 250 568 -774.12
1 250 579 -774.12
1 250 591 -774.12
1 250 594 -774.12
1 250 596 -6192.96
1 250 597 -1548.24
1 250 602 -774.12
1 250 603 -5418.84
1 250 604 -4644.72
1 250 605 -3096.48
1 250 607 -774.12
1 250 608 -2322.36
1 250 609 -774.12
1 250 610 -774.12
1 250 613 -774.12
1 251 276 -774.12
1 251 322 -774.12
1 251 365 -2322.36
1 251 366 -6967.08
1 251 367 -1548.24
1 251 368 -1548.24
1 251 371 -774.12
1 251 379 -774.12
1 251 407 -774.12
1 251 414 -774.12
1 251 424 -774.12
1 251 598 -774.12
1 251 604 -774.12
1 251 605 -774.12
1 251 607 -774.12
1 251 610 -774.12
1 252 236 -774.12
1 252 365 -2322.36
1 252 366 -5418.84
1 252 367 -5418.84
1 252 368 -1548.24
1 252 376 -774.12
1 252 412 -774.12
1 252 416 -774.12
1 252 428 -774.12
1 252 506 -774.12
1 252 507 -774.12
1 252 528 -774.12
1 252 534 -774.12
1 252 544 -774.12
1 252 576 -774.12
1 252 591 -1548.24
1 252 596 -1548.24
1 252 597 -1548.24
1 252 598 -774.12
1 252 599 -1548.24
1 252 608 -1548.24
1 252 609 -774.12
1 252 611 -774.12
1 252 620 -774.12
1 253 259 -774.12
1 253 342 -774.12
1 253 363 -774.12
1 253 365 -1548.24
1 253 366 -4644.72
1 253 367 -3096.48
1 253 370 -774.12
1 253 375 -1548.24
1 253 404 -774.12
1 253 433 -1548.24
1 253 506 -774.12
1 253 543 -774.12
1 253 546 -774.12
1 253 547 -774.12
1 253 566 -774.12
1 253 586 -1548.24
1 253 596 -774.12
1 253 597 -3096.48
1 253 601 -774.12
1 253 604 -774.12
1 253 605 -774.12
1 253 614 -2322.36
1 254 366 -1548.24
1 254 478 -774.12
1 254 581 -774.12
1 254 584 -774.12
1 254 585 -4644.72
1 254 586 -3870.6
1 254 587 -2322.36
1 254 588 -2322.36
1 254 589 -3096.48
1 254 598 -774.12
1 254 599 -774.12
1 254 601 -1548.24
1 254 604 -1548.24
1 254 605 -774.12
1 254 606 -774.12
1 254 611 -774.12
1 255 341 -774.12
1 255 346 -774.12
1 255 371 -774.12
1 255 402 -774.12
1 255 442 -774.12
1 255 445 -774.12
1 255 461 -774.12
1 255 479 -774.12
1 255 512 -774.12
1 255 513 -774.12
1 255 526 -774.12
1 255 547 -774.12
1 255 548 -774.12
1 255 565 -774.12
1 255 583 -2322.36
1 255 584 -3096.48
1 255 585 -3096.48
1 255 586 -3096.48
1 255 587 -1548.24
1 255 588 -774.12
1 255 591 -774.12
1 255 594 -774.12
1 255 597 -774.12
1 255 600 -1548.24
1 255 607 -774.12
1 256 346 -774.12
1 256 350 -774.12
1 256 367 -774.12
1 256 373 -774.12
1 256 374 -774.12
1 256 491 -774.12
1 256 526 -774.12
1 256 531 -2322.36
1 256 532 -774.12
1 256 547 -774.12
1 256 548 -1548.24
1 256 549 -774.12
1 256 575 -774.12
1 256 578 -1548.24
1 256 580 -774.12
1 256 584 -2322.36
1 256 585 -1548.24
1 256 592 -1548.24
1 256 594 -5418.84
1 256 595 -3096.48
1 256 607 -3096.48
1 256 608 -1548.24
1 256 609 -774.12
1 257 330 -774.12
1 257 461 -774.12
1 257 497 -774.12
1 257 503 -774.12
1 257 506 -774.12
1 257 512 -774.12
1 257 527 -2322.36
1 257 529 -774.12
1 257 532 -774.12
1 257 549 -774.12
1 257 574 -774.12
1 257 575 -2322.36
1 257 584 -2322.36
1 257 585 -2322.36
1 257 593 -1548.24
1 257 594 -6192.96
1 257 595 -3096.48
1 257 597 -1548.24
1 257 606 -5418.84
1 257 607 -774.12
1 258 307 -774.12
1 258 330 -774.12
1 258 366 -774.12
1 258 485 -1548.24
1 258 489 -1548.24
1 258 491 -774.12
1 258 493 -774.12
1 258 494 -774.12
1 258 496 -774.12
1 258 497 -774.12
1 258 498 -2322.36
1 258 499 -1548.24
1 258 502 -774.12
1 258 503 -774.12
1 258 529 -1548.24
1 258 531 -774.12
1 258 532 -774.12
1 258 533 -1548.24
1 258 535 -774.12
1 258 546 -774.12
1 258 550 -774.12
1 258 556 -1548.24
1 258 564 -774.12
1 258 576 -774.12
1 258 583 -774.12
1 258 584 -2322.36
1 258 586 -2322.36
1 258 594 -2322.36
1 258 606 -3870.6
1 258 607 -774.12
1 259 346 -774.12
1 259 369 -1548.24
1 259 402 -774.12
1 259 444 -774.12
1 259 456 -774.12
1 259 485 -774.12
1 259 486 -774.12
1 259 488 -774.12
1 259 489 -774.12
1 259 490 -1548.24
1 259 509 -1548.24
1 259 510 -774.12
1 259 522 -774.12
1 259 528 -774.12
1 259 529 -774.12
1 259 531 -774.12
1 259 532 -774.12
1 259 545 -774.12
1 259 549 -774.12
1 259 554 -1548.24
1 259 555 -1548.24
1 259 556 -2322.36
1 259 557 -2322.36
1 259 575 -3096.48
1 259 576 -774.12
1 259 579 -774.12
1 259 584 -774.12
1 259 585 -3096.48
1 259 586 -1548.24
1 260 369 -1548.24
1 260 404 -1548.24
1 260 443 -774.12
1 260 454 -774.12
1 260 485 -774.12
1 260 486 -1548.24
1 260 487 -774.12
1 260 492 -774.12
1 260 499 -774.12
1 260 502 -1548.24
1 260 517 -774.12
1 260 527 -774.12
1 260 545 -2322.36
1 260 548 -774.12
1 260 554 -774.12
1 260 556 -774.12
1 260 567 -774.12
1 260 576 -774.12
1 260 577 -774.12
1 261 397 -774.12
1 261 404 -774.12
1 261 444 -774.12
1 261 483 -774.12
1 261 487 -774.12
1 261 501 -774.12
1 261 502 -774.12
1 261 545 -774.12
1 261 551 -774.12
1 261 552 -774.12
1 261 565 -774.12
1 262 254 -774.12
1 262 353 -1548.24
1 262 369 -774.12
1 262 425 -774.12
1 262 443 -774.12
1 262 458 -774.12
1 262 483 -1548.24
1 262 493 -774.12
1 262 501 -774.12
1 262 502 -774.12
1 262 523 -774.12
1 262 524 -774.12
1 262 535 -774.12
1 262 536 -774.12
1 262 537 -774.12
1 262 542 -774.12
1 262 546 -774.12
1 262 584 -774.12
1 262 587 -774.12
1 263 355 -774.12
1 263 415 -774.12
1 263 484 -774.12
1 263 493 -774.12
1 263 509 -774.12
1 263 522 -774.12
1 263 523 -1548.24
1 263 524 -1548.24
1 263 541 -1548.24
1 263 542 -774.12
1 263 543 -774.12
1 263 546 -1548.24
1 263 576 -774.12
1 263 579 -774.12
1 263 581 -3096.48
1 264 369 -774.12
1 264 379 -774.12
1 264 481 -774.12
1 264 482 -774.12
1 264 493 -774.12
1 264 503 -774.12
1 264 504 -774.12
1 264 516 -774.12
1 264 521 -2322.36
1 264 527 -774.12
1 264 543 -3096.48
1 264 568 -774.12
1 264 575 -774.12
1 264 576 -1548.24
1 265 336 -774.12
1 265 367 -1548.24
1 265 457 -774.12
1 265 459 -774.12
1 265 511 -774.12
1 265 516 -774.12
1 265 520 -774.12
1 265 524 -774.12
1 265 568 -1548.24
1 266 314 -774.12
1 266 413 -774.12
1 266 456 -774.12
1 266 478 -774.12
1 266 481 -774.12
1 266 483 -774.12
1 266 484 -774.12
1 266 485 -774.12
1 266 492 -774.12
1 266 498 -774.12
1 266 505 -774.12
1 266 518 -774.12
1 266 523 -774.12
1 266 543 -774.12
1 266 545 -774.12
1 266 549 -774.12
1 266 555 -774.12
1 267 337 -774.12
1 267 365 -774.12
1 267 381 -774.12
1 267 459 -774.12
1 267 460 -1548.24
1 267 505 -774.12
1 267 507 -774.12
1 267 543 -774.12
1 267 544 -1548.24
1 267 549 -774.12
1 267 553 -2322.36
1 267 562 -774.12
1 268 507 -1548.24
1 268 540 -774.12
1 268 541 -774.12
1 268 542 -1548.24
1 268 543 -3096.48
1 268 544 -1548.24
1 268 549 -774.12
1 268 551 -774.12
1 268 552 -774.12
1 268 553 -774.12
1 269 362 -774.12
1 269 505 -1548.24
1 269 507 -774.12
1 269 528 -774.12
1 269 543 -774.12
1 269 547 -1548.24
1 270 474 -774.12
1 270 475 -1548.24
1 270 479 -774.12
1 270 491 -774.12
1 270 504 -774.12
1 270 507 -774.12
1 270 526 -774.12
1 271 375 -774.12
1 271 388 -774.12
1 271 479 -774.12
1 271 481 -774.12
1 271 487 -774.12
1 271 491 -774.12
1 271 526 -774.12
1 272 469 -774.12
1 272 493 -774.12
1 272 495 -1548.24
1 272 496 -774.12
1 272 502 -774.12
1 272 526 -2322.36
1 273 441 -774.12
1 273 462 -774.12
1 273 526 -774.12
1 275 463 -774.12
1 275 480 -774.12
1 275 502 -774.12
1 275 504 -774.12
1 276 502 -774.12
1 277 393 -774.12
1 279 459 -774.12
1 280 563 -774.12
1 282 434 -774.12
1 282 435 -774.12
1 283 461 -774.12
1 283 482 -774.12
1 283 483 -774.12
1 285 437 -774.12
1 285 482 -774.12
1 285 483 -774.12
1 286 377 -774.12
1 286 464 -774.12
1 288 469 -774.12
1 289 362 -774.12
1 289 443 -774.12
1 292 358 -774.12
1 293 390 -2322.36
1 293 391 -774.12
1 296 390 -774.12
1 301 359 -774.12
1 301 378 -774.12
1 85 106 -774.12
1 92 112 -1548.24
1 93 117 -774.12
1 97 89 -774.12
1 98 101 -774.12
1 99 126 -774.12
1 99 136 -774.12
1 147 119 -22482.6
1 148 187 -79391.6
1 150 114 -24449.8
1 153 113 -64777.9
1 156 158 -70539.1
1 157 160 -58173.7
1 167 186 -49040.1
1 170 169 -177050.0
1 197 280 -126183.0
1 199 225 -95551.0
1 234 285 -73489.9
1 244 234 -142764.0
1 259 541 -281.03
1 265 469 -281.03
1 267 479 -2810.32
1 271 361 -4099.3
1 272 454 -44.08
1 285 433 -2669.81
1 291 453 -823.65
1 299 360 -48056.5
1 109 116 -19531.7
1 131 118 -6323.23
1 132 183 -39766.1
1 140 173 -83747.6
1 141 124 -48478.1
1 142 121 -74333.0
1 155 192 -68150.3
1 157 117 -21217.9
1 157 190 -421.55
1 158 205 -98642.3
1 164 258 -98782.8
1 169 164 -139954.0
1 172 162 -32599.7
1 172 163 -32599.7
1 172 164 -32599.7
1 173 196 -1124.13
1 175 213 -228198.0
1 195 280 -115926.0
1 202 295 -63232.3
1 203 296 -211477.0
1 218 173 -415928.0
1 226 358 -6502.27
1 247 335 -98080.3
1 256 333 -25152.4
1 262 350 -63232.3
1 265 349 -53817.7
1 267 346 -156675.0
1 269 347 -115223.0
1 271 470 -1826.71
1 274 431 -2757420.0
1 280 367 -79813.2
1 285 357 -74192.5
1 289 374 -5058.58
1 293 378 -58735.7
1 299 335 -153163.0
1 143 152 -79391.6
1 144 130 -19250.7
1 151 143 -32599.7
1 152 177 -97658.7
1 153 212 -93162.2
1 154 128 -1405.16
1 159 188 -31897.2
1 161 161 -54239.2
1 162 171 -170727.0
1 167 163 -84450.2
1 170 217 -204732.0
1 174 182 -32178.2
1 175 178 -9133.55
1 176 128 -12505.9
1 188 287 -7587.87
1 189 206 -87120.0
1 201 279 -186324.0
1 221 294 -121406.0
1 221 361 -4918.06
1 222 252 -46229.8
1 222 266 -44965.2
1 224 273 -146137.0
1 225 248 -24449.8
1 226 361 -99344.9
1 234 319 -127167.0
1 235 317 -127167.0
1 237 292 -150376.0
1 238 244 -63372.8
1 248 238 -87541.5
1 248 331 -48618.6
1 256 342 -36534.2
1 266 345 -100188.0
1 271 268 -204873.0
1 274 278 -137706.0
1 289 355 -21780.0
1 295 392 -20234.3
1 296 391 -38641.9
1 296 393 -49883.2
1 140 166 -184498.0
1 141 116 -113115.0
1 141 165 -55363.4
1 142 185 -81499.4
1 143 114 -136441.0
1 143 184 -45667.7
1 144 151 -108197.0
1 144 186 -24871.3
1 145 114 -50445.3
1 146 150 -61827.1
1 146 180 -191945.0
1 147 148 -82904.5
1 147 171 -51991.0
1 149 124 -421.55
1 149 181 -160188.0
1 149 202 -68712.4
1 150 172 -42154.8
1 150 183 -211336.0
1 150 186 -109743.0
1 151 178 -189135.0
1 151 181 -38360.9
1 151 189 -181968.0
1 151 211 -25433.4
1 152 180 -181406.0
1 153 188 -12646.5
1 158 173 -2950.84
1 164 124 -2669.81
1 165 167 -38360.9
1 170 115 -61265.0
1 171 125 -843.1
1 176 222 -22904.1
1 184 210 -81218.3
1 188 207 -84590.7
1 189 288 -16018.8
1 206 280 -41171.2
1 209 273 -180844.0
1 209 281 -47948.5
1 210 249 -71382.2
1 211 263 -94988.9
1 211 296 -55363.4
1 213 270 -77845.9
1 219 272 -26557.6
1 221 302 -5901.68
1 221 317 -123092.0
1 224 287 -85152.8
1 230 352 -151898.0
1 231 270 -35269.6
1 231 347 -29227.3
1 235 295 -63934.8
1 236 320 -175645.0
1 236 342 -93021.7
1 236 344 -39485.0
1 240 330 -76581.3
1 240 337 -88806.2
1 240 357 -92881.2
1 244 333 -5215.52
1 246 332 -34848.0
1 246 337 -17283.5
1 251 334 -116769.0
1 258 343 -4918.06
1 258 345 -24028.3
1 260 345 -26417.0
1 261 340 -32599.7
1 262 286 -21780.0
1 262 361 -61967.6
1 263 344 -51850.4
1 263 350 -9555.1
1 267 321 -55644.4
1 267 428 -181763.0
1 269 365 -7728.39
1 270 361 -94145.8
1 271 267 -99204.4
1 271 355 -62248.6
1 271 363 -105528.0
1 281 331 -18267.1
1 284 333 -21499.0
1 289 371 -62389.2
1 290 371 -57752.1
1 291 365 -32318.7
1 296 358 -144170.0
1 297 356 -33442.8
1 297 391 -59859.9
1 299 347 -13349.0
1 125 93 -57049.6
1 131 125 -90211.4
1 134 123 -72927.9
1 135 126 -44543.6
1 138 125 -58314.2
1 142 117 -114099.0
1 142 169 -27119.6
1 145 116 -36815.2
1 146 146 -27400.7
1 152 213 -40609.2
1 155 116 -29648.9
1 156 214 -36253.2
1 161 185 -150071.0
1 163 186 -11241.3
1 166 203 -4356.0
1 168 216 -159626.0
1 183 232 -228339.0
1 192 232 -215271.0
1 193 235 -121265.0
1 201 310 -5199.1
1 211 195 -1405.16
1 215 261 -88103.6
1 221 339 -99766.5
1 222 324 -48618.6
1 223 263 -67307.2
1 226 354 -66885.7
1 230 358 -28946.3
1 232 347 -40047.1
1 233 341 -48759.1
1 242 618 -28384.3
1 248 344 -85855.4
1 263 345 -117331.0
1 263 427 -140.52
1 263 570 -11522.3
1 264 348 -29648.9
1 265 414 -140.52
1 268 366 -7728.39
1 286 302 -5480.13
1 292 360 -28384.3
1 293 357 -47353.9
1 297 439 -513447.0
1 132 120 -106511.0
1 134 124 -118455.0
1 134 126 -65199.5
1 135 122 -62248.6
1 137 128 -96253.5
1 145 166 -20093.8
1 150 121 -186886.0
1 150 127 -15035.2
1 152 118 -86979.5
1 153 122 -30773.0
1 160 139 -24730.8
1 185 168 -34426.4
1 224 257 -5480.13
1 230 223 -28103.2
1 260 332 -9133.55
1 260 337 -6182.71
1 276 358 -59157.3
1 281 445 -421.55
1 282 357 -843.1
1 137 168 -67166.7
1 149 213 -99204.4
1 189 195 -84309.7
1 192 197 -134614.0
1 202 228 -26136.0
1 210 253 -70539.1
1 217 236 -65199.5
1 245 324 -6042.19
1 270 480 -140.52
1 291 354 -5339.61
1 145 131 -47072.9
1 148 166 -55222.8
1 151 118 -25995.5
1 153 116 -14754.2
1 158 114 -11662.8
1 188 197 -46791.9
1 188 204 -50726.3
1 206 169 -7447.35
1 206 281 -1124.13
1 211 266 -20681.7
1 213 276 -12656.5
1 214 274 -92876.2
1 220 278 -133934.0
1 232 398 -6042.19
1 233 375 -1686.19
1 236 317 -29367.9
1 239 385 -2563.01
1 239 406 -286.73
1 239 416 -6.74
1 241 238 -35550.6
1 245 408 -5761.16
1 246 320 -15316.3
1 248 454 -702.58
1 259 351 -4045.47
1 265 360 -23669.7
1 269 360 -9305.9
1 272 360 -82623.5
1 273 521 -12224.9
1 274 327 -21358.4
1 274 521 -1686.19
1 275 465 -181.84
1 280 371 -8993.03
1 290 322 -125902.0
1 294 354 -116669.0
1 147 183 -34567.0
1 156 122 -56487.5
1 205 310 -3934.45
1 268 484 -140.52
1 173 183 -29648.9
1 257 342 -21217.9
1 201 251 -72927.9
1 201 301 -16018.8
1 251 286 -13068.0
1 259 336 -421.55
1 261 570 -11522.3
1 264 441 -140.52
1 144 132 -421.55
1 135 160 -24730.8
1 136 173 -11522.3
1 144 189 -32459.2
1 156 131 -1967.23
1 161 179 -162999.0
1 164 169 -14754.2
1 183 205 -140.52
1 186 209 -92881.2
1 204 300 -43.35
1 225 242 -61967.6
1 226 375 -93884.7
1 235 420 -8149.94
1 238 302 -32880.8
1 242 355 -181.84
1 245 406 -1124.13
1 247 591 -1545.68
1 248 590 -1545.68
1 248 593 -1545.68
1 251 614 -3250.99
1 255 333 -36815.2
1 256 443 -196.78
1 258 339 -2419.62
1 258 416 -389.94
1 267 354 -1405.16
1 267 554 -1686.19
1 269 482 -140.52
1 270 476 -1405.16
1 273 477 -5058.58
1 273 523 -117050.0
1 274 506 -4777.55
1 275 479 -15175.7
1 280 458 -982.19
1 297 388 -1213.29
1 298 384 -133.55
1 204 299 -3231.87
1 221 300 -12787.0
1 140 116 -12224.9
1 134 167 -54801.3
1 160 117 -26276.5
1 197 298 -27.46
1 211 290 -29508.4
1 226 330 -22945.7
1 237 406 -2583.38
1 244 430 -1264.65
1 247 342 -127.17
1 253 427 -1451.97
1 253 443 -576.6
1 254 398 -236.76
1 254 442 -2679.23
1 254 444 -447.5
1 254 445 -49.5
1 256 445 -1246.89
1 259 345 -2950.84
1 261 369 -2307.5
1 262 555 -140.52
1 263 448 -140.52
1 270 319 -16761.0
1 271 364 -56065.9
1 271 471 -281.03
1 271 489 -20032.4
1 275 371 -281.03
1 277 386 -421.55
1 289 321 -62951.2
1 262 394 -345916.0
1 167 168 -38360.9
1 157 122 -421.55
1 169 201 -46932.4
1 199 297 -159.08
1 212 315 -203.28
1 214 287 -351.52
1 224 372 -2388.77
1 247 343 -56.84
1 247 590 -1545.68
1 255 446 -611.76
1 261 524 -43755.0
1 261 525 -43755.0
1 268 567 -11522.3
1 276 386 -421.55
1 278 371 -6463.74
1 281 446 -1264.65
1 284 406 -1967.23
1 291 458 -162.82
1 295 390 -5199.1
1 297 387 -843.1
1 178 212 -17564.5
1 257 443 -1662.0
1 162 205 -39625.6
1 244 330 -20374.8
1 248 343 -189.43
1 249 589 -1545.68
1 254 394 -27.94
1 261 362 -19250.7
1 276 469 -140.52
1 282 451 -983.61
1 279 477 -140.52
1 134 173 -11522.3
1 145 139 -1686.19
1 150 115 -31756.7
1 206 299 -12.89
1 239 305 -1266.88
1 261 461 -140.52
1 233 400 -52974.6
1 117 117 -11662.8
1 178 182 -5339.61
1 183 311 -2789.18
1 185 196 -51991.0
1 201 309 -5199.1
1 220 175 -48618.6
1 244 355 -22260.0
1 245 261 -19758.9
1 259 512 -421.55
1 260 541 -281.03
1 262 563 -11522.3
1 269 319 -16761.0
1 269 429 -1866.72
1 271 512 -421.55
1 273 506 -2388.77
1 290 355 -16674.5
1 264 474 -140.52
1 264 351 -843.1
1 275 383 -45948.8
1 157 131 -140.52
