1 204 346 -679.8610000000001
1 212 384 45000.0
1 212 385 45000.0
1 212 386 45000.0
1 212 387 45000.0
1 212 388 45000.0
1 212 389 45000.0
1 212 390 45000.0
1 212 391 45000.0
1 212 392 45000.0
1 212 393 45000.0
1 213 394 45000.0
1 213 395 45000.0
1 213 396 45000.0
1 213 397 45000.0
1 213 398 45000.0
1 213 399 45000.0
1 213 400 45000.0
1 213 401 45000.0
1 213 402 45000.0
1 214 403 45000.0
1 214 404 45000.0
1 214 405 45000.0
1 214 406 45000.0
1 214 407 45000.0
1 214 409 45000.0
1 214 410 45000.0
1 214 411 45000.0
1 214 412 45000.0
1 214 413 45000.0
1 214 414 45000.0
1 214 415 45000.0
1 215 416 45000.0
1 215 417 45000.0
1 227 417 45000.0
1 228 417 45000.0
1 229 417 45000.0
1 216 418 45000.0
1 226 418 45000.0
1 230 418 45000.0
1 217 419 45000.0
1 218 419 45000.0
1 219 419 45000.0
1 220 419 45000.0
1 221 419 45000.0
1 222 419 45000.0
1 223 419 45000.0
1 224 419 45000.0
1 225 419 45000.0
1 229 419 45000.0
1 229 420 45000.0
1 226 421 45000.0
1 227 421 45000.0
1 228 421 45000.0
1 224 422 45000.0
1 225 422 45000.0
1 224 423 45000.0
1 224 424 45000.0
1 225 424 45000.0
1 226 424 45000.0
1 227 424 45000.0
1 228 424 45000.0
1 229 425 45000.0
1 229 426 45000.0
1 229 427 45000.0
1 229 428 45000.0
1 229 429 45000.0
1 228 430 45000.0
1 228 431 45000.0
1 228 432 45000.0
1 228 433 45000.0
1 228 434 45000.0
1 228 435 45000.0
1 229 435 45000.0
1 230 436 45000.0
1 230 437 45000.0
1 230 438 45000.0
1 230 439 45000.0
1 230 440 45000.0
1 230 441 45000.0
1 230 442 45000.0
1 230 443 45000.0
1 230 444 45000.0
1 230 445 45000.0
1 230 446 45000.0
1 230 447 45000.0
1 230 448 45000.0
1 230 449 45000.0
1 230 450 45000.0
1 230 451 45000.0
1 230 452 45000.0
1 230 453 45000.0
1 230 454 45000.0
1 230 455 45000.0
1 230 456 45000.0
1 231 457 45000.0
1 231 458 45000.0
1 231 459 45000.0
1 231 460 45000.0
1 232 461 45000.0
1 232 462 45000.0
1 232 463 45000.0
1 232 464 45000.0
1 233 464 45000.0
1 234 464 45000.0
1 235 464 45000.0
1 236 464 45000.0
1 237 464 45000.0
1 238 464 45000.0
1 239 465 45000.0
1 239 466 45000.0
1 114 114 -83.5508
1 117 120 -679.8610000000001
1 129 121 -8921.37
1 130 122 -679.8610000000001
1 135 194 -1310.78
1 139 168 -2448.8
1 141 191 -26086.8
1 143 172 -5422.35
1 143 190 -19240.6
1 144 172 -5655.57
1 144 182 -12608.5
1 144 190 -227.505
1 146 117 -3243.11
1 147 145 -2318.69
1 148 123 -96.7935
1 148 167 -9853.51
1 148 176 -679.8610000000001
1 149 145 -6799.97
1 149 146 -5056.48
1 150 124 -4821.4
1 150 141 -3490.42
1 150 198 -111.008
1 151 142 -9767.28
1 151 195 -13535.9
1 152 123 -2819.27
1 152 125 -3597.08
1 152 132 -10595.5
1 153 133 -2.81513
1 154 125 -81.9333
1 154 171 -2806.94
1 155 129 -112719.0
1 156 129 -22385.1
1 157 135 -1359.72
1 157 140 -20488.1
1 158 133 -679.8610000000001
1 158 181 -13975.7
1 159 119 -32782.0
1 159 173 -10652.5
1 160 119 -8568.67
1 161 125 -24135.8
1 161 131 -18435.0
1 161 188 -14.0516
1 162 119 -1699.26
1 162 128 -150318.0
1 162 167 -905.579
1 162 169 -1982.36
1 163 137 -6549.46
1 163 138 -679.8610000000001
1 164 135 -2936.79
1 164 187 -5492.31
1 165 130 -8470.31
1 165 131 -80.8984
1 166 126 -382.18800000000005
1 168 123 -973.178
1 168 208 -5550.11
1 169 127 -0.172491
1 169 163 -406.092
1 170 131 -22070.9
1 170 163 -18355.6
1 172 130 -5946.64
1 174 123 -3219.22
1 175 134 -12037.1
1 176 176 -4166.64
1 176 202 -3054.82
1 177 133 -11071.6
1 178 164 -140.516
1 178 261 -11256.7
1 179 181 -35550.6
1 179 183 -57330.6
1 179 210 -802.084
1 180 208 -24925.0
1 188 198 -23405.8
1 188 240 -8053.69
1 191 191 -61163.9
1 193 260 -23519.2
1 197 204 -7722.53
1 197 252 -1079.95
1 198 297 -643.564
1 198 298 -679.8610000000001
1 199 211 -7018.44
1 199 231 -9636.6
1 199 298 -679.8610000000001
1 200 298 -701.423
1 203 275 -46161.0
1 203 280 -1524.69
1 205 300 -711.4960000000001
1 206 196 -61293.1
1 206 286 -3775.7
1 206 300 -1382.49
1 211 255 -3701.19
1 212 226 -5388.79
1 212 258 -5336.8
1 213 264 -217.283
1 214 240 -9794.82
1 215 260 -23432.5
1 217 264 -448.246
1 217 365 -291.079
1 218 179 -132362.0
1 221 223 -886.6569999999999
1 221 246 -65085.7
1 222 352 -27541.2
1 222 369 -5822.99
1 224 374 -6019.95
1 226 311 -522.72
1 226 365 -1934.79
1 227 270 -3814.91
1 228 225 -6233.42
1 231 401 -679.8610000000001
1 232 364 -134.19799999999998
1 233 337 -679.8610000000001
1 233 394 -1455.58
1 234 304 -4488.65
1 234 393 -695.925
1 235 400 -3801.2
1 235 605 -1957.78
1 235 609 -6990.21
1 236 263 -14567.3
1 236 351 -2810.32
1 236 609 -100.979
1 237 237 -31650.2
1 237 316 -38784.7
1 237 357 -6886.71
1 237 389 -679.882
1 238 221 -743.33
1 238 398 -12.9368
1 238 605 -3429.5
1 238 609 -1728.22
1 239 250 -7204.26
1 239 338 -4542.89
1 239 426 -410.098
1 239 605 -3399.31
1 239 606 -2039.58
1 239 619 -679.8610000000001
1 240 380 -770.85
1 240 426 -835.1030000000001
1 240 608 -2788.46
1 241 604 -679.8610000000001
1 242 311 -8584.46
1 243 371 -679.8610000000001
1 243 389 -953.057
1 243 422 -32.3852
1 243 431 -12333.1
1 243 605 -3399.31
1 244 431 -806.3969999999999
1 244 605 -4079.17
1 244 621 -3106.2
1 245 322 -5648.66
1 245 337 -679.8610000000001
1 245 621 -679.8610000000001
1 246 321 -2628.34
1 246 618 -2080.46
1 247 344 -765.013
1 247 384 -2113070.0
1 248 251 -28245.4
1 248 424 -2576.07
1 248 436 -2086.28
1 248 442 -43.9853
1 248 444 -3057.84
1 248 589 -4237.25
1 249 373 -694.6089999999999
1 249 389 -1078.5
1 249 424 -679.8610000000001
1 249 430 -20090.9
1 249 436 -5151.88
1 249 443 -2857.32
1 249 606 -3399.31
1 250 239 -21833.4
1 250 326 -2091.46
1 250 424 -679.8610000000001
1 250 425 -255016.0
1 250 431 -5885.52
1 250 595 -2081.83
1 251 356 -105897.0
1 251 408 -1045.3
1 251 456 -694.523
1 251 457 -2.7339900000000004
1 251 594 -693.4019999999999
1 251 595 -817.073
1 251 596 -1574.56
1 252 230 -8131.67
1 252 329 -25252.7
1 252 450 -357.05699999999996
1 252 595 -679.8610000000001
1 252 606 -750.3910000000001
1 253 298 -12577.6
1 253 331 -11949.3
1 253 332 -20341.0
1 253 416 -31.9176
1 253 420 -3730.09
1 253 445 -198.796
1 254 338 -9245.96
1 254 367 -34009.1
1 254 407 -67383.7
1 254 597 -681.085
1 254 607 -1835.12
1 255 381 -17296.6
1 255 383 -49466.2
1 255 388 -22117.7
1 255 395 -3791.36
1 255 420 -6787.53
1 255 439 -4118.23
1 255 443 -120563.0
1 255 595 -700.998
1 255 596 -679.8610000000001
1 255 606 -4392.3
1 255 609 -1359.72
1 256 314 -6387.45
1 256 335 -7083.42
1 256 341 -78.2691
1 256 370 -3773.25
1 256 413 -791.304
1 256 586 -9080.85
1 256 593 -2719.45
1 257 238 -0.421548
1 257 324 -5855.22
1 257 576 -4394.87
1 257 599 -323.187
1 258 325 -6132.93
1 258 336 -1332.06
1 258 442 -427472.0
1 258 464 -1889.99
1 258 585 -4079.17
1 258 595 -1464.09
1 258 602 -22859.2
1 259 340 -679.8610000000001
1 259 371 -4571.02
1 259 405 -43705.0
1 259 588 -31979.9
1 259 592 -679.8610000000001
1 259 593 -679.8610000000001
1 260 349 -934.432
1 260 407 -4155700.0
1 260 424 -330.32099999999997
1 260 461 -1241.94
1 260 463 -44906.8
1 260 464 -33257.2
1 260 585 -6321.36
1 260 586 -30801.6
1 261 337 -5485.22
1 261 355 -18035.2
1 261 381 -204325.0
1 261 395 -24946.5
1 261 418 -744.2439999999999
1 261 429 -884.018
1 261 464 -5464.09
1 261 492 -703.4060000000001
1 261 571 -129.368
1 261 576 -1377.99
1 262 345 -3193.88
1 262 449 -14.2018
1 262 540 -178.83
1 262 564 -35799.8
1 262 567 -20662.7
1 262 568 -11682.0
1 262 570 -103914.0
1 262 571 -2354.07
1 263 471 -8386.53
1 263 477 -27458.3
1 263 520 -1359.72
1 263 574 -282.437
1 263 582 -13817.0
1 264 265 -5629.08
1 264 344 -46.3703
1 264 345 -6976.63
1 264 355 -186.722
1 264 367 -679.8610000000001
1 264 383 -123646.0
1 264 407 -5579.67
1 264 428 -132706.0
1 264 468 -37.9395
1 264 471 -16755.2
1 264 476 -169.47299999999998
1 264 477 -27607.2
1 264 523 -2178.02
1 264 549 -7848.78
1 265 364 -15420.7
1 265 374 -2958.23
1 265 422 -177607.0
1 265 523 -2941.0
1 266 337 -679.883
1 266 340 -240.283
1 266 462 -150.47
1 267 391 -21562.4
1 267 463 -418.291
1 267 555 -679.8610000000001
1 267 556 -679.8610000000001
1 268 333 -51.99100000000001
1 268 334 -212.179
1 268 436 -2414270.0
1 268 455 -51.8336
1 268 479 -646.003
1 268 480 -350.589
1 268 489 -679.8610000000001
1 269 349 -4.21548
1 269 363 -693.2360000000001
1 269 397 -50796.2
1 269 456 -4523.58
1 269 541 -679.8610000000001
1 270 337 -1967.23
1 270 352 -6390.67
1 270 412 -62920.5
1 270 429 -2029.79
1 270 481 -730.7460000000001
1 270 483 -1655.08
1 270 484 -875.38
1 270 498 -32917.8
1 270 539 -154.38
1 271 319 -59462.1
1 271 371 -779.2289999999999
1 271 415 -76655.1
1 271 451 -19272.9
1 271 485 -203.497
1 271 493 -131576.0
1 271 498 -5871.17
1 271 537 -234.553
1 272 336 -13536.3
1 272 368 -357268.0
1 272 388 -1388180.0
1 272 396 -16808.5
1 272 450 -32170.9
1 272 451 -1111.82
1 272 453 -1.4661799999999998
1 272 462 -711436.0
1 272 491 -0.733088
1 272 497 -22583.4
1 272 498 -96251.4
1 272 530 -46862.1
1 272 532 -162389.0
1 272 535 -9479.22
1 273 363 -76.8623
1 273 392 -665.385
1 273 410 -309.622
1 273 480 -869.795
1 273 510 -679.8610000000001
1 273 517 -386355.0
1 273 518 -1652.9
1 274 520 -32811.9
1 274 523 -1859.03
1 275 367 -64442.1
1 275 441 -243338.0
1 275 450 -0.431228
1 275 506 -1723.43
1 276 366 -75072.5
1 276 392 -1009.03
1 276 446 -975.007
1 276 474 -19228.5
1 277 294 -28004.0
1 277 390 -9633.76
1 277 407 -855695.0
1 277 431 -7598.24
1 277 454 -43.1228
1 277 468 -80.4698
1 277 472 -35701.5
1 277 480 -44425.1
1 278 365 -38186.5
1 278 435 -13717.4
1 278 482 -11545.3
1 279 336 -144.732
1 279 433 -83481.5
1 279 438 -62334.0
1 279 475 -64498.3
1 279 485 -9830.09
1 280 365 -9882.5
1 280 433 -73753.0
1 280 442 -2886.86
1 280 469 -20661.4
1 280 471 -51244.1
1 281 458 -195325.0
1 282 409 -4730.57
1 282 424 -791.304
1 282 430 -479.094
1 282 436 -46025.0
1 282 454 -10987.7
1 282 457 -2022.46
1 283 354 -15366.8
1 283 429 -192985.0
1 283 449 -96884.0
1 283 452 -93671.4
1 283 455 -62855.8
1 283 468 -34043.2
1 284 339 -65616.6
1 284 457 -2774.52
1 284 463 -3044.47
1 284 481 -970.263
1 285 336 -73.0684
1 285 374 -5480.91
1 285 467 -88626.0
1 285 475 -64787.8
1 286 330 -45652.1
1 286 425 -559963.0
1 286 475 -28878.9
1 286 477 -63235.1
1 287 388 -57083.7
1 287 426 -679.8610000000001
1 287 477 -31385.7
1 288 372 -37.0856
1 288 419 -16779.5
1 288 423 -871.943
1 288 426 -679.8610000000001
1 289 404 -150723.0
1 289 459 -133.681
1 289 468 -8801.37
1 290 382 -162581.0
1 290 402 -29647.4
1 290 411 -1108.26
1 290 412 -22354.8
1 290 413 -2213.93
1 290 420 -308.328
1 291 350 -1354.06
1 291 373 -928.865
1 291 399 -1776.66
1 291 419 -242898.0
1 292 365 -11181.7
1 292 416 -547.66
1 292 469 -40479.4
1 293 440 -48.6425
1 294 435 -350.157
1 294 447 -56922.1
1 294 458 -143207.0
1 295 356 -11373.4
1 295 391 -2536.05
1 295 430 -80411.1
1 296 398 -367406.0
1 296 433 -386.41900000000004
1 297 381 -5189.26
1 297 383 -615.363
1 297 395 -254856.0
1 297 401 -360451.0
1 297 402 -135966.0
1 297 413 -1051890.0
1 297 415 -75109.2
1 297 442 -22298.8
1 299 354 -214.979
1 299 387 -150.93
1 102 110 -679.8610000000001
1 102 113 -679.8610000000001
1 103 100 -679.8610000000001
1 103 104 -679.8610000000001
1 104 115 -679.8610000000001
1 105 115 -679.8610000000001
1 105 139 -679.8610000000001
1 108 117 -679.8610000000001
1 109 112 -679.8610000000001
1 111 155 -679.8610000000001
1 111 208 -679.8610000000001
1 112 181 -679.8610000000001
1 113 111 -679.8610000000001
1 113 159 -679.8610000000001
1 113 211 -679.8610000000001
1 114 173 -679.8610000000001
1 114 212 -1359.72
1 115 212 -1359.72
1 116 121 -679.8610000000001
1 116 150 -679.8610000000001
1 116 166 -679.8610000000001
1 117 119 -679.8610000000001
1 117 168 -679.8610000000001
1 117 210 -679.8610000000001
1 119 194 -679.8610000000001
1 119 202 -679.8610000000001
1 119 96 -679.8610000000001
1 120 155 -679.8610000000001
1 120 94 -679.8610000000001
1 121 187 -679.8610000000001
1 123 110 -679.8610000000001
1 123 111 -679.8610000000001
1 123 158 -679.8610000000001
1 123 168 -679.8610000000001
1 123 193 -679.8610000000001
1 123 202 -1359.72
1 125 150 -679.8610000000001
1 125 151 -679.8610000000001
1 125 193 -679.8610000000001
1 125 194 -679.8610000000001
1 126 121 -679.8610000000001
1 126 191 -679.8610000000001
1 126 195 -679.8610000000001
1 127 150 -679.8610000000001
1 127 160 -679.8610000000001
1 127 169 -679.8610000000001
1 127 195 -679.8610000000001
1 127 199 -1359.72
1 128 122 -679.8610000000001
1 128 148 -679.8610000000001
1 128 149 -679.8610000000001
1 128 152 -679.8610000000001
1 128 153 -679.8610000000001
1 128 154 -679.8610000000001
1 128 157 -679.8610000000001
1 128 199 -679.8610000000001
1 129 117 -679.8610000000001
1 129 119 -679.8610000000001
1 129 122 -679.8610000000001
1 129 146 -679.8610000000001
1 129 154 -1359.72
1 129 162 -679.8610000000001
1 129 176 -679.8610000000001
1 130 120 -679.8610000000001
1 130 154 -679.8610000000001
1 130 155 -679.8610000000001
1 130 156 -2039.58
1 130 194 -679.8610000000001
1 131 112 -679.8610000000001
1 131 121 -679.8610000000001
1 131 122 -679.8610000000001
1 131 150 -679.8610000000001
1 131 156 -679.8610000000001
1 131 157 -679.8610000000001
1 131 158 -679.8610000000001
1 131 161 -1359.72
1 131 198 -679.8610000000001
1 132 112 -679.8610000000001
1 132 155 -679.8610000000001
1 132 156 -679.8610000000001
1 132 160 -679.8610000000001
1 132 161 -1359.72
1 133 155 -679.8610000000001
1 133 159 -679.8610000000001
1 133 160 -1359.72
1 133 192 -1359.72
1 133 193 -679.8610000000001
1 134 148 -679.8610000000001
1 134 150 -679.8610000000001
1 134 151 -679.8610000000001
1 134 156 -679.8610000000001
1 134 191 -679.8610000000001
1 134 193 -2719.45
1 135 148 -3399.31
1 135 149 -1359.72
1 135 156 -679.8610000000001
1 135 157 -679.8610000000001
1 135 193 -2039.58
1 136 147 -679.8610000000001
1 136 148 -679.8610000000001
1 136 149 -679.8610000000001
1 136 150 -1359.72
1 136 153 -679.8610000000001
1 136 155 -679.8610000000001
1 137 148 -679.8610000000001
1 137 150 -679.8610000000001
1 137 153 -1359.72
1 137 154 -679.8610000000001
1 137 157 -2039.58
1 137 175 -679.8610000000001
1 137 206 -679.8610000000001
1 138 151 -679.8610000000001
1 138 152 -679.8610000000001
1 138 153 -2039.58
1 138 168 -679.8610000000001
1 138 169 -679.8610000000001
1 139 151 -679.8610000000001
1 140 138 -679.8610000000001
1 140 155 -2719.45
1 140 156 -679.8610000000001
1 140 171 -679.8610000000001
1 140 180 -679.8610000000001
1 141 149 -679.8610000000001
1 141 154 -1359.72
1 141 157 -679.8610000000001
1 141 171 -679.8610000000001
1 141 199 -1359.72
1 142 155 -679.8610000000001
1 142 156 -679.8610000000001
1 142 157 -679.8610000000001
1 142 158 -679.8610000000001
1 142 174 -679.8610000000001
1 142 179 -679.8610000000001
1 142 201 -679.8610000000001
1 143 146 -679.8610000000001
1 143 157 -2039.58
1 144 142 -1359.72
1 144 173 -679.8610000000001
1 145 142 -679.8610000000001
1 145 143 -679.8610000000001
1 145 151 -679.8610000000001
1 145 187 -679.8610000000001
1 145 226 -679.8610000000001
1 146 140 -679.8610000000001
1 146 141 -1359.72
1 146 145 -679.8610000000001
1 146 208 -679.8610000000001
1 146 229 -679.8610000000001
1 146 230 -679.8610000000001
1 146 232 -679.8610000000001
1 147 139 -2039.58
1 147 140 -679.8610000000001
1 147 141 -679.8610000000001
1 147 142 -679.8610000000001
1 147 229 -679.8610000000001
1 147 230 -679.8610000000001
1 147 233 -679.8610000000001
1 147 239 -679.8610000000001
1 147 240 -679.8610000000001
1 148 217 -679.8610000000001
1 148 221 -679.8610000000001
1 149 127 -679.8610000000001
1 149 147 -679.8610000000001
1 149 154 -679.8610000000001
1 149 222 -679.8610000000001
1 149 253 -679.8610000000001
1 150 160 -679.8610000000001
1 150 164 -679.8610000000001
1 150 177 -679.8610000000001
1 150 227 -679.8610000000001
1 150 236 -679.8610000000001
1 151 128 -679.8610000000001
1 151 228 -679.8610000000001
1 152 153 -679.8610000000001
1 152 173 -679.8610000000001
1 152 176 -679.8610000000001
1 152 222 -679.8610000000001
1 152 228 -679.8610000000001
1 153 126 -679.8610000000001
1 153 136 -679.8610000000001
1 153 155 -679.8610000000001
1 153 232 -679.8610000000001
1 153 238 -679.8610000000001
1 153 253 -679.8610000000001
1 154 126 -679.8610000000001
1 154 133 -679.8610000000001
1 154 161 -679.8610000000001
1 154 172 -679.8610000000001
1 154 220 -679.8610000000001
1 154 244 -679.8610000000001
1 155 170 -1359.72
1 155 216 -679.8610000000001
1 155 262 -679.8610000000001
1 156 160 -679.8610000000001
1 156 211 -679.8610000000001
1 156 223 -679.8610000000001
1 157 132 -679.8610000000001
1 157 133 -679.8610000000001
1 157 134 -2039.58
1 157 136 -679.8610000000001
1 157 194 -679.8610000000001
1 157 207 -679.8610000000001
1 157 240 -679.8610000000001
1 158 135 -679.8610000000001
1 158 248 -679.8610000000001
1 159 152 -679.8610000000001
1 159 231 -679.8610000000001
1 159 240 -679.8610000000001
1 159 247 -679.8610000000001
1 159 248 -679.8610000000001
1 159 250 -679.8610000000001
1 159 251 -679.8610000000001
1 159 257 -679.8610000000001
1 160 133 -679.8610000000001
1 160 249 -1359.72
1 160 251 -1359.72
1 160 252 -679.8610000000001
1 160 253 -679.8610000000001
1 160 262 -679.8610000000001
1 161 144 -1359.72
1 161 251 -679.8610000000001
1 161 253 -679.8610000000001
1 162 137 -1359.72
1 162 252 -1359.72
1 162 253 -679.8610000000001
1 163 152 -679.8610000000001
1 163 190 -679.8610000000001
1 163 236 -679.8610000000001
1 164 278 -679.8610000000001
1 164 290 -679.8610000000001
1 164 299 -679.8610000000001
1 165 133 -1359.72
1 165 134 -1359.72
1 165 135 -679.8610000000001
1 165 290 -679.8610000000001
1 166 131 -679.8610000000001
1 166 132 -679.8610000000001
1 166 133 -1359.72
1 166 134 -679.8610000000001
1 166 135 -679.8610000000001
1 166 210 -679.8610000000001
1 166 254 -679.8610000000001
1 166 255 -679.8610000000001
1 167 127 -679.8610000000001
1 167 132 -1359.72
1 167 133 -1359.72
1 167 134 -2039.58
1 167 256 -679.8610000000001
1 167 288 -679.8610000000001
1 167 294 -679.8610000000001
1 168 130 -679.8610000000001
1 168 131 -679.8610000000001
1 168 132 -2719.45
1 168 133 -2719.45
1 168 286 -679.8610000000001
1 168 287 -1359.72
1 168 291 -1359.72
1 169 128 -1359.72
1 169 129 -2719.45
1 169 131 -679.8610000000001
1 169 132 -3399.31
1 169 133 -2039.58
1 169 134 -6118.75
1 169 135 -679.8610000000001
1 169 236 -679.8610000000001
1 169 260 -679.8610000000001
1 169 271 -679.8610000000001
1 169 287 -679.8610000000001
1 169 290 -679.8610000000001
1 170 133 -2039.58
1 170 134 -8158.34
1 170 136 -679.8610000000001
1 170 187 -679.8610000000001
1 170 256 -679.8610000000001
1 170 287 -679.8610000000001
1 170 292 -679.8610000000001
1 171 133 -1359.72
1 171 134 -679.8610000000001
1 171 136 -3399.31
1 171 290 -679.8610000000001
1 172 257 -679.8610000000001
1 172 284 -679.8610000000001
1 172 295 -1359.72
1 172 311 -679.8610000000001
1 173 258 -679.8610000000001
1 173 278 -679.8610000000001
1 173 290 -679.8610000000001
1 173 292 -679.8610000000001
1 173 293 -1359.72
1 173 294 -679.8610000000001
1 174 124 -679.8610000000001
1 174 253 -679.8610000000001
1 174 261 -679.8610000000001
1 174 270 -679.8610000000001
1 174 283 -679.8610000000001
1 174 289 -679.8610000000001
1 174 293 -679.8610000000001
1 175 260 -679.8610000000001
1 175 288 -679.8610000000001
1 175 292 -1359.72
1 175 293 -679.8610000000001
1 175 296 -679.8610000000001
1 175 305 -679.8610000000001
1 176 274 -679.8610000000001
1 176 305 -679.8610000000001
1 177 289 -679.8610000000001
1 177 290 -679.8610000000001
1 178 243 -679.8610000000001
1 178 280 -679.8610000000001
1 178 285 -679.8610000000001
1 178 302 -679.8610000000001
1 178 305 -679.8610000000001
1 178 306 -679.8610000000001
1 178 311 -679.8610000000001
1 179 278 -679.8610000000001
1 179 285 -679.8610000000001
1 180 149 -679.8610000000001
1 180 286 -679.8610000000001
1 181 297 -679.8610000000001
1 181 307 -679.8610000000001
1 181 308 -679.8610000000001
1 183 242 -679.8610000000001
1 183 285 -679.8610000000001
1 183 295 -679.8610000000001
1 183 308 -679.8610000000001
1 183 309 -679.8610000000001
1 183 318 -679.8610000000001
1 184 263 -679.8610000000001
1 184 285 -679.8610000000001
1 184 313 -679.8610000000001
1 184 319 -679.8610000000001
1 185 257 -679.8610000000001
1 185 305 -679.8610000000001
1 185 306 -679.8610000000001
1 185 307 -679.8610000000001
1 185 315 -679.8610000000001
1 186 255 -679.8610000000001
1 186 265 -679.8610000000001
1 186 307 -1359.72
1 186 310 -679.8610000000001
1 188 262 -679.8610000000001
1 188 294 -679.8610000000001
1 188 295 -679.8610000000001
1 189 295 -679.8610000000001
1 189 309 -679.8610000000001
1 190 307 -679.8610000000001
1 190 308 -679.8610000000001
1 190 324 -679.8610000000001
1 191 292 -1359.72
1 191 304 -679.8610000000001
1 191 305 -679.8610000000001
1 192 258 -679.8610000000001
1 192 284 -679.8610000000001
1 192 304 -679.8610000000001
1 192 316 -679.8610000000001
1 192 319 -679.8610000000001
1 193 262 -679.8610000000001
1 193 301 -679.8610000000001
1 193 311 -679.8610000000001
1 193 313 -1359.72
1 194 284 -679.8610000000001
1 194 313 -679.8610000000001
1 195 269 -679.8610000000001
1 195 287 -679.8610000000001
1 195 289 -679.8610000000001
1 195 300 -679.8610000000001
1 195 311 -679.8610000000001
1 195 313 -679.8610000000001
1 196 269 -679.8610000000001
1 196 275 -679.8610000000001
1 196 303 -679.8610000000001
1 196 324 -679.8610000000001
1 196 333 -679.8610000000001
1 197 264 -679.8610000000001
1 197 283 -679.8610000000001
1 197 300 -679.8610000000001
1 197 322 -679.8610000000001
1 197 325 -679.8610000000001
1 198 242 -679.8610000000001
1 198 276 -1359.72
1 198 309 -679.8610000000001
1 198 311 -679.8610000000001
1 199 283 -679.8610000000001
1 199 311 -679.8610000000001
1 199 324 -679.8610000000001
1 200 280 -679.8610000000001
1 200 286 -679.8610000000001
1 200 296 -679.8610000000001
1 200 299 -679.8610000000001
1 200 306 -679.8610000000001
1 200 307 -679.8610000000001
1 200 312 -679.8610000000001
1 200 343 -679.8610000000001
1 200 345 -679.8610000000001
1 201 257 -679.8610000000001
1 202 280 -679.8610000000001
1 202 287 -679.8610000000001
1 202 297 -679.8610000000001
1 202 301 -679.8610000000001
1 202 302 -679.8610000000001
1 203 215 -679.8610000000001
1 203 304 -679.8610000000001
1 203 305 -679.8610000000001
1 203 309 -679.8610000000001
1 203 315 -679.8610000000001
1 205 263 -679.8610000000001
1 205 303 -679.8610000000001
1 205 304 -679.8610000000001
1 205 317 -679.8610000000001
1 205 318 -679.8610000000001
1 205 319 -679.8610000000001
1 206 264 -679.8610000000001
1 206 270 -679.8610000000001
1 206 301 -679.8610000000001
1 206 304 -679.8610000000001
1 206 315 -679.8610000000001
1 206 317 -1359.72
1 207 262 -679.8610000000001
1 207 300 -679.8610000000001
1 207 301 -1359.72
1 207 303 -679.8610000000001
1 207 304 -679.8610000000001
1 207 306 -1359.72
1 207 315 -679.8610000000001
1 207 317 -679.8610000000001
1 208 298 -1359.72
1 208 299 -1359.72
1 208 306 -679.8610000000001
1 208 317 -679.8610000000001
1 208 328 -679.8610000000001
1 209 284 -679.8610000000001
1 209 297 -679.8610000000001
1 209 302 -679.8610000000001
1 210 284 -679.8610000000001
1 210 301 -679.8610000000001
1 210 302 -679.8610000000001
1 210 342 -679.8610000000001
1 211 301 -679.8610000000001
1 211 321 -679.8610000000001
1 212 295 -679.8610000000001
1 212 347 -679.8610000000001
1 213 226 -679.8610000000001
1 213 287 -679.8610000000001
1 213 303 -679.8610000000001
1 213 329 -679.8610000000001
1 214 319 -679.8610000000001
1 215 289 -679.8610000000001
1 215 311 -679.8610000000001
1 215 353 -679.8610000000001
1 216 323 -679.8610000000001
1 216 341 -679.8610000000001
1 217 244 -679.8610000000001
1 217 249 -679.8610000000001
1 217 351 -679.8610000000001
1 218 209 -679.8610000000001
1 218 243 -679.8610000000001
1 218 292 -679.8610000000001
1 218 345 -1359.72
1 221 240 -679.8610000000001
1 221 611 -679.8610000000001
1 222 254 -679.8610000000001
1 222 362 -679.8610000000001
1 224 338 -679.8610000000001
1 224 359 -679.8610000000001
1 225 323 -679.8610000000001
1 225 329 -679.8610000000001
1 225 332 -679.8610000000001
1 225 368 -679.8610000000001
1 225 373 -679.8610000000001
1 225 378 -679.8610000000001
1 225 382 -1359.72
1 226 323 -679.8610000000001
1 226 388 -1359.72
1 226 618 -679.8610000000001
1 227 315 -679.8610000000001
1 228 606 -679.8610000000001
1 229 385 -1359.72
1 229 392 -679.8610000000001
1 229 393 -679.8610000000001
1 229 397 -2719.45
1 229 618 -3399.31
1 230 338 -679.8610000000001
1 230 373 -1359.72
1 230 384 -679.8610000000001
1 230 392 -1359.72
1 230 393 -2719.45
1 230 396 -679.8610000000001
1 230 605 -679.8610000000001
1 231 343 -679.8610000000001
1 231 383 -679.8610000000001
1 231 392 -3399.31
1 231 393 -7478.47
1 231 398 -679.8610000000001
1 231 603 -679.8610000000001
1 231 607 -1359.72
1 232 259 -679.8610000000001
1 232 300 -679.8610000000001
1 232 384 -679.8610000000001
1 232 389 -679.8610000000001
1 232 393 -4079.17
1 232 394 -2719.45
1 232 405 -679.8610000000001
1 232 604 -1359.72
1 232 606 -1359.72
1 232 607 -2039.58
1 232 608 -679.8610000000001
1 233 373 -679.8610000000001
1 233 393 -679.8610000000001
1 233 403 -679.8610000000001
1 233 406 -2719.45
1 233 601 -1359.72
1 233 602 -679.8610000000001
1 234 374 -679.8610000000001
1 234 388 -679.8610000000001
1 234 389 -679.8610000000001
1 234 406 -2039.58
1 234 407 -1359.72
1 234 601 -679.8610000000001
1 234 602 -1359.72
1 234 603 -2039.58
1 234 604 -679.8610000000001
1 234 605 -1359.72
1 234 606 -679.8610000000001
1 234 609 -679.8610000000001
1 234 620 -679.8610000000001
1 234 621 -679.8610000000001
1 235 342 -679.8610000000001
1 235 368 -679.8610000000001
1 235 389 -679.8610000000001
1 235 392 -679.8610000000001
1 235 404 -679.8610000000001
1 235 406 -679.8610000000001
1 235 599 -679.8610000000001
1 235 600 -1359.72
1 235 602 -2039.58
1 235 603 -679.8610000000001
1 235 606 -679.8610000000001
1 235 608 -679.8610000000001
1 236 256 -679.8610000000001
1 236 359 -679.8610000000001
1 236 377 -1359.72
1 236 378 -679.8610000000001
1 236 389 -1359.72
1 236 600 -679.8610000000001
1 236 601 -679.8610000000001
1 236 602 -1359.72
1 236 605 -679.8610000000001
1 236 606 -679.8610000000001
1 236 607 -679.8610000000001
1 236 620 -679.8610000000001
1 237 330 -679.8610000000001
1 237 377 -679.8610000000001
1 237 384 -679.8610000000001
1 237 388 -679.8610000000001
1 237 605 -1359.72
1 237 606 -2039.58
1 237 607 -1359.72
1 237 608 -3399.31
1 237 609 -2039.58
1 237 620 -679.8610000000001
1 238 346 -679.8610000000001
1 238 391 -679.8610000000001
1 238 410 -679.8610000000001
1 238 602 -679.8610000000001
1 238 603 -679.8610000000001
1 238 606 -3399.31
1 238 607 -4079.17
1 238 608 -2719.45
1 238 610 -679.8610000000001
1 239 297 -19846.3
1 239 323 -679.8610000000001
1 239 404 -679.8610000000001
1 239 601 -679.8610000000001
1 239 603 -679.8610000000001
1 239 607 -1359.72
1 239 608 -2719.45
1 239 609 -2039.58
1 239 610 -1359.72
1 239 615 -1359.72
1 240 267 -679.8610000000001
1 240 319 -679.8610000000001
1 240 327 -679.8610000000001
1 240 352 -679.8610000000001
1 240 374 -1359.72
1 240 392 -1359.72
1 240 396 -679.8610000000001
1 240 406 -679.8610000000001
1 240 603 -679.8610000000001
1 240 605 -2039.58
1 240 606 -2719.45
1 240 607 -1359.72
1 240 620 -1359.72
1 240 621 -679.8610000000001
1 241 339 -679.8610000000001
1 241 352 -679.8610000000001
1 241 370 -1359.72
1 241 375 -679.8610000000001
1 241 409 -679.8610000000001
1 241 577 -679.8610000000001
1 241 603 -1359.72
1 241 605 -2039.58
1 241 606 -1359.72
1 241 607 -1359.72
1 241 608 -1359.72
1 241 609 -3399.31
1 241 610 -679.8610000000001
1 241 611 -679.8610000000001
1 241 620 -679.8610000000001
1 241 621 -679.8610000000001
1 242 314 -679.8610000000001
1 242 318 -679.8610000000001
1 242 336 -679.8610000000001
1 242 338 -679.8610000000001
1 242 339 -679.8610000000001
1 242 373 -2039.58
1 242 374 -4079.17
1 242 406 -1359.72
1 242 603 -1359.72
1 242 604 -4759.03
1 242 605 -6118.75
1 242 606 -2039.58
1 242 607 -3399.31
1 242 608 -3399.31
1 242 609 -2039.58
1 242 610 -2039.58
1 242 616 -679.8610000000001
1 242 622 -679.8610000000001
1 242 623 -2039.58
1 243 366 -679.8610000000001
1 243 369 -679.8610000000001
1 243 372 -1359.72
1 243 373 -5438.89
1 243 374 -2039.58
1 243 386 -679.8610000000001
1 243 391 -679.8610000000001
1 243 405 -679.8610000000001
1 243 406 -679.8610000000001
1 243 407 -1359.72
1 243 409 -679.8610000000001
1 243 577 -679.8610000000001
1 243 606 -4759.03
1 243 607 -3399.31
1 243 608 -1359.72
1 243 609 -4079.17
1 243 620 -679.8610000000001
1 243 622 -1359.72
1 243 623 -5438.89
1 244 371 -679.8610000000001
1 244 372 -1359.72
1 244 373 -2039.58
1 244 415 -679.8610000000001
1 244 598 -679.8610000000001
1 244 606 -2719.45
1 244 607 -679.8610000000001
1 244 611 -679.8610000000001
1 244 616 -679.8610000000001
1 244 622 -679.8610000000001
1 244 623 -2719.45
1 244 624 -679.8610000000001
1 245 312 -679.8610000000001
1 245 315 -679.8610000000001
1 245 326 -679.8610000000001
1 245 335 -679.8610000000001
1 245 338 -679.8610000000001
1 245 356 -1359.72
1 245 371 -679.8610000000001
1 245 413 -679.8610000000001
1 245 586 -679.8610000000001
1 245 604 -679.8610000000001
1 245 605 -2039.58
1 245 606 -3399.31
1 245 607 -2719.45
1 245 609 -3399.31
1 245 610 -1359.72
1 245 612 -1359.72
1 245 616 -1359.72
1 245 619 -679.8610000000001
1 245 620 -1359.72
1 245 622 -679.8610000000001
1 246 214 -679.8610000000001
1 246 342 -679.8610000000001
1 246 356 -679.8610000000001
1 246 357 -679.8610000000001
1 246 374 -679.8610000000001
1 246 413 -679.8610000000001
1 246 590 -679.8610000000001
1 246 599 -679.8610000000001
1 246 600 -4079.17
1 246 605 -2719.45
1 246 606 -4759.03
1 246 607 -2719.45
1 246 610 -679.8610000000001
1 246 612 -1359.72
1 246 614 -679.8610000000001
1 246 615 -679.8610000000001
1 246 623 -679.8610000000001
1 247 314 -679.8610000000001
1 247 331 -679.8610000000001
1 247 367 -1359.72
1 247 368 -3399.31
1 247 387 -1359.72
1 247 413 -679.8610000000001
1 247 578 -679.8610000000001
1 247 597 -679.8610000000001
1 247 598 -4759.03
1 247 599 -4079.17
1 247 600 -6798.61
1 247 601 -6798.61
1 247 605 -1359.72
1 247 609 -1359.72
1 247 610 -1359.72
1 247 611 -2719.45
1 247 612 -2719.45
1 247 613 -1359.72
1 247 618 -1359.72
1 247 619 -679.8610000000001
1 247 623 -679.8610000000001
1 248 307 -679.8610000000001
1 248 367 -679.8610000000001
1 248 368 -2719.45
1 248 371 -1359.72
1 248 372 -3399.31
1 248 387 -1359.72
1 248 388 -4079.17
1 248 413 -679.8610000000001
1 248 416 -679.8610000000001
1 248 529 -679.8610000000001
1 248 567 -679.8610000000001
1 248 596 -4759.03
1 248 597 -3399.31
1 248 598 -6798.61
1 248 599 -4079.17
1 248 600 -2719.45
1 248 601 -4079.17
1 248 602 -2039.58
1 248 605 -679.8610000000001
1 248 608 -679.8610000000001
1 248 609 -1359.72
1 248 610 -2039.58
1 248 611 -4079.17
1 248 612 -4079.17
1 248 613 -4759.03
1 248 618 -679.8610000000001
1 248 619 -679.8610000000001
1 248 620 -679.8610000000001
1 248 623 -1359.72
1 249 333 -679.8610000000001
1 249 334 -679.8610000000001
1 249 365 -1359.72
1 249 366 -2039.58
1 249 367 -679.8610000000001
1 249 368 -2039.58
1 249 371 -679.8610000000001
1 249 387 -679.8610000000001
1 249 388 -679.8610000000001
1 249 400 -679.8610000000001
1 249 412 -679.8610000000001
1 249 567 -679.8610000000001
1 249 593 -1359.72
1 249 595 -4079.17
1 249 596 -4759.03
1 249 597 -7478.47
1 249 603 -2039.58
1 249 604 -5438.89
1 249 605 -3399.31
1 249 607 -2719.45
1 249 609 -679.8610000000001
1 249 610 -1359.72
1 249 611 -3399.31
1 249 612 -6118.75
1 249 613 -1359.72
1 249 618 -679.8610000000001
1 249 623 -679.8610000000001
1 250 331 -679.8610000000001
1 250 355 -679.8610000000001
1 250 365 -1359.72
1 250 366 -3399.31
1 250 367 -2039.58
1 250 368 -679.8610000000001
1 250 369 -1359.72
1 250 370 -1359.72
1 250 371 -4079.17
1 250 382 -679.8610000000001
1 250 406 -679.8610000000001
1 250 413 -679.8610000000001
1 250 414 -679.8610000000001
1 250 423 -679.8610000000001
1 250 436 -679.8610000000001
1 250 568 -679.8610000000001
1 250 579 -679.8610000000001
1 250 591 -679.8610000000001
1 250 594 -679.8610000000001
1 250 596 -5438.89
1 250 597 -1359.72
1 250 602 -679.8610000000001
1 250 603 -4759.03
1 250 604 -4079.17
1 250 605 -2719.45
1 250 607 -679.8610000000001
1 250 608 -2039.58
1 250 609 -679.8610000000001
1 250 610 -679.8610000000001
1 250 613 -679.8610000000001
1 251 276 -679.8610000000001
1 251 322 -679.8610000000001
1 251 365 -2039.58
1 251 366 -6118.75
1 251 367 -1359.72
1 251 368 -1359.72
1 251 371 -679.8610000000001
1 251 379 -679.8610000000001
1 251 407 -679.8610000000001
1 251 414 -679.8610000000001
1 251 424 -679.8610000000001
1 251 598 -679.8610000000001
1 251 604 -679.8610000000001
1 251 605 -679.8610000000001
1 251 607 -679.8610000000001
1 251 610 -679.8610000000001
1 252 236 -679.8610000000001
1 252 365 -2039.58
1 252 366 -4759.03
1 252 367 -4759.03
1 252 368 -1359.72
1 252 376 -679.8610000000001
1 252 412 -679.8610000000001
1 252 416 -679.8610000000001
1 252 428 -679.8610000000001
1 252 506 -679.8610000000001
1 252 507 -679.8610000000001
1 252 528 -679.8610000000001
1 252 534 -679.8610000000001
1 252 544 -679.8610000000001
1 252 576 -679.8610000000001
1 252 591 -1359.72
1 252 596 -1418.46
1 252 597 -1359.72
1 252 598 -679.8610000000001
1 252 599 -1359.72
1 252 608 -1359.72
1 252 609 -679.8610000000001
1 252 611 -679.8610000000001
1 252 620 -679.8610000000001
1 253 259 -679.8610000000001
1 253 342 -679.8610000000001
1 253 363 -679.8610000000001
1 253 365 -1359.72
1 253 366 -4079.17
1 253 367 -2719.45
1 253 370 -679.8610000000001
1 253 375 -1359.72
1 253 404 -679.8610000000001
1 253 433 -1359.72
1 253 506 -679.8610000000001
1 253 543 -679.8610000000001
1 253 546 -679.8610000000001
1 253 547 -679.8610000000001
1 253 566 -679.8610000000001
1 253 586 -1359.72
1 253 596 -679.8610000000001
1 253 597 -2719.45
1 253 601 -679.8610000000001
1 253 604 -679.8610000000001
1 253 605 -679.8610000000001
1 253 614 -2039.58
1 254 366 -1359.72
1 254 478 -679.8610000000001
1 254 581 -679.8610000000001
1 254 584 -679.8610000000001
1 254 585 -4079.17
1 254 586 -3399.31
1 254 587 -2039.58
1 254 588 -2039.58
1 254 589 -2719.45
1 254 598 -679.8610000000001
1 254 599 -679.8610000000001
1 254 601 -1359.72
1 254 604 -1359.72
1 254 605 -679.8610000000001
1 254 606 -679.8610000000001
1 254 611 -679.8610000000001
1 255 341 -679.8610000000001
1 255 346 -679.8610000000001
1 255 371 -679.8610000000001
1 255 402 -679.8610000000001
1 255 442 -679.8610000000001
1 255 445 -679.8610000000001
1 255 461 -679.8610000000001
1 255 479 -679.8610000000001
1 255 512 -679.8610000000001
1 255 513 -679.8610000000001
1 255 526 -679.8610000000001
1 255 547 -679.8610000000001
1 255 548 -679.8610000000001
1 255 565 -679.8610000000001
1 255 583 -2039.58
1 255 584 -2719.45
1 255 585 -2719.45
1 255 586 -2719.45
1 255 587 -1359.72
1 255 588 -679.8610000000001
1 255 591 -679.8610000000001
1 255 594 -679.8610000000001
1 255 597 -679.8610000000001
1 255 600 -1359.72
1 255 607 -679.8610000000001
1 256 346 -679.8610000000001
1 256 350 -679.8610000000001
1 256 367 -679.8610000000001
1 256 373 -679.8610000000001
1 256 374 -679.8610000000001
1 256 491 -679.8610000000001
1 256 526 -679.8610000000001
1 256 531 -2039.58
1 256 532 -679.8610000000001
1 256 547 -679.8610000000001
1 256 548 -1359.72
1 256 549 -679.8610000000001
1 256 575 -679.8610000000001
1 256 578 -1359.72
1 256 580 -679.8610000000001
1 256 584 -2039.58
1 256 585 -1359.72
1 256 592 -1359.72
1 256 594 -4760.75
1 256 595 -2719.45
1 256 607 -2719.45
1 256 608 -1359.72
1 256 609 -679.8610000000001
1 257 330 -679.8610000000001
1 257 461 -679.8610000000001
1 257 497 -679.8610000000001
1 257 503 -679.8610000000001
1 257 506 -679.8610000000001
1 257 512 -679.8610000000001
1 257 527 -2039.58
1 257 529 -679.8610000000001
1 257 532 -679.8610000000001
1 257 549 -679.8610000000001
1 257 574 -679.8610000000001
1 257 575 -2039.58
1 257 584 -2039.58
1 257 585 -2039.58
1 257 593 -1359.72
1 257 594 -5438.89
1 257 595 -2719.45
1 257 597 -1359.72
1 257 606 -4759.03
1 257 607 -679.8610000000001
1 258 307 -679.8610000000001
1 258 330 -679.8610000000001
1 258 366 -679.8610000000001
1 258 485 -1359.72
1 258 489 -1359.72
1 258 491 -679.8610000000001
1 258 493 -679.8610000000001
1 258 494 -679.8610000000001
1 258 496 -679.8610000000001
1 258 497 -679.8610000000001
1 258 498 -2039.58
1 258 499 -1359.72
1 258 502 -679.8610000000001
1 258 503 -679.8610000000001
1 258 529 -1359.72
1 258 531 -679.8610000000001
1 258 532 -679.8610000000001
1 258 533 -1359.72
1 258 535 -679.8610000000001
1 258 546 -679.8610000000001
1 258 550 -679.8610000000001
1 258 556 -1359.72
1 258 564 -679.8610000000001
1 258 576 -679.8610000000001
1 258 583 -679.8610000000001
1 258 584 -2039.58
1 258 586 -2039.58
1 258 594 -2039.58
1 258 606 -3399.31
1 258 607 -679.8610000000001
1 259 346 -679.8610000000001
1 259 369 -1359.72
1 259 402 -679.8610000000001
1 259 444 -679.8610000000001
1 259 456 -679.8610000000001
1 259 485 -679.8610000000001
1 259 486 -679.8610000000001
1 259 488 -679.8610000000001
1 259 489 -679.8610000000001
1 259 490 -1359.72
1 259 509 -1359.72
1 259 510 -679.8610000000001
1 259 522 -679.8610000000001
1 259 528 -679.8610000000001
1 259 529 -679.8610000000001
1 259 531 -679.8610000000001
1 259 532 -679.8610000000001
1 259 545 -679.8610000000001
1 259 549 -679.8610000000001
1 259 554 -1359.72
1 259 555 -1359.72
1 259 556 -2039.58
1 259 557 -2039.58
1 259 575 -2719.45
1 259 576 -679.8610000000001
1 259 579 -679.8610000000001
1 259 584 -679.8610000000001
1 259 585 -2719.45
1 259 586 -1359.72
1 260 369 -1359.72
1 260 404 -1359.72
1 260 443 -679.8610000000001
1 260 454 -679.8610000000001
1 260 485 -679.8610000000001
1 260 486 -1359.72
1 260 487 -679.8610000000001
1 260 492 -679.8610000000001
1 260 499 -679.8610000000001
1 260 502 -1359.72
1 260 517 -679.8610000000001
1 260 527 -679.8610000000001
1 260 545 -2039.58
1 260 548 -679.8610000000001
1 260 554 -679.8610000000001
1 260 556 -679.8610000000001
1 260 567 -679.8610000000001
1 260 576 -679.8610000000001
1 260 577 -679.8610000000001
1 261 397 -679.8610000000001
1 261 404 -679.8610000000001
1 261 444 -679.8610000000001
1 261 483 -679.8610000000001
1 261 487 -679.8610000000001
1 261 501 -679.8610000000001
1 261 502 -679.8610000000001
1 261 545 -679.8610000000001
1 261 551 -679.8610000000001
1 261 552 -679.8610000000001
1 261 565 -679.8610000000001
1 262 254 -679.8610000000001
1 262 353 -1359.72
1 262 369 -679.8610000000001
1 262 425 -679.8610000000001
1 262 443 -679.8610000000001
1 262 458 -679.8610000000001
1 262 483 -1359.72
1 262 493 -679.8610000000001
1 262 501 -679.8610000000001
1 262 502 -679.8610000000001
1 262 523 -679.8610000000001
1 262 524 -679.8610000000001
1 262 535 -679.8610000000001
1 262 536 -679.8610000000001
1 262 537 -679.8610000000001
1 262 542 -679.8610000000001
1 262 546 -679.8610000000001
1 262 584 -679.8610000000001
1 262 587 -679.8610000000001
1 263 355 -679.8610000000001
1 263 415 -679.8610000000001
1 263 484 -679.8610000000001
1 263 493 -679.8610000000001
1 263 509 -679.8610000000001
1 263 522 -679.8610000000001
1 263 523 -1359.72
1 263 524 -1359.72
1 263 541 -1359.72
1 263 542 -679.8610000000001
1 263 543 -679.8610000000001
1 263 546 -1359.72
1 263 576 -679.8610000000001
1 263 579 -679.8610000000001
1 263 581 -2719.45
1 264 369 -679.8610000000001
1 264 379 -704.7
1 264 481 -679.8610000000001
1 264 482 -679.8610000000001
1 264 493 -679.8610000000001
1 264 503 -679.8610000000001
1 264 504 -679.8610000000001
1 264 516 -679.8610000000001
1 264 521 -2039.58
1 264 527 -679.8610000000001
1 264 543 -2719.45
1 264 568 -679.8610000000001
1 264 575 -679.8610000000001
1 264 576 -1359.72
1 265 336 -679.8610000000001
1 265 367 -1584.13
1 265 457 -679.8610000000001
1 265 459 -679.8610000000001
1 265 511 -679.8610000000001
1 265 516 -679.8610000000001
1 265 520 -679.8610000000001
1 265 524 -714.316
1 265 568 -1359.72
1 266 314 -679.8610000000001
1 266 413 -679.8610000000001
1 266 456 -679.8610000000001
1 266 478 -679.8610000000001
1 266 481 -679.8610000000001
1 266 483 -679.8610000000001
1 266 484 -679.8610000000001
1 266 485 -679.8610000000001
1 266 492 -679.8610000000001
1 266 498 -679.8610000000001
1 266 505 -679.8610000000001
1 266 518 -679.8610000000001
1 266 523 -679.8610000000001
1 266 543 -679.8610000000001
1 266 545 -679.8610000000001
1 266 549 -679.8610000000001
1 266 555 -679.8610000000001
1 267 337 -679.8610000000001
1 267 365 -679.8610000000001
1 267 381 -679.8610000000001
1 267 459 -679.8610000000001
1 267 460 -1359.72
1 267 505 -679.8610000000001
1 267 507 -679.8610000000001
1 267 543 -679.8610000000001
1 267 544 -1359.72
1 267 549 -679.8610000000001
1 267 553 -2039.58
1 267 562 -679.8610000000001
1 268 507 -1359.72
1 268 540 -679.8610000000001
1 268 541 -679.8610000000001
1 268 542 -1359.72
1 268 543 -2719.45
1 268 544 -1359.72
1 268 549 -679.8610000000001
1 268 551 -679.8610000000001
1 268 552 -679.8610000000001
1 268 553 -679.8610000000001
1 269 362 -679.8610000000001
1 269 505 -1359.72
1 269 507 -679.8610000000001
1 269 528 -679.8610000000001
1 269 543 -679.8610000000001
1 269 547 -1359.72
1 270 474 -679.8610000000001
1 270 475 -1359.72
1 270 479 -679.8610000000001
1 270 491 -679.8610000000001
1 270 504 -679.8610000000001
1 270 507 -679.8610000000001
1 270 526 -679.8610000000001
1 271 375 -679.8610000000001
1 271 388 -679.8610000000001
1 271 479 -679.8610000000001
1 271 481 -679.8610000000001
1 271 487 -679.8610000000001
1 271 491 -679.8610000000001
1 271 526 -679.8610000000001
1 272 469 -679.8610000000001
1 272 493 -679.8610000000001
1 272 495 -1359.72
1 272 496 -679.8610000000001
1 272 502 -679.8610000000001
1 272 526 -2039.58
1 273 441 -679.8610000000001
1 273 462 -679.8610000000001
1 273 526 -679.8610000000001
1 275 463 -679.8610000000001
1 275 480 -679.8610000000001
1 275 502 -679.8610000000001
1 275 504 -679.8610000000001
1 276 502 -679.8610000000001
1 277 393 -679.8610000000001
1 279 459 -679.8610000000001
1 280 563 -679.8610000000001
1 282 434 -679.8610000000001
1 282 435 -679.8610000000001
1 283 461 -679.8610000000001
1 283 482 -679.8610000000001
1 283 483 -679.8610000000001
1 285 437 -679.8610000000001
1 285 482 -679.8610000000001
1 285 483 -679.8610000000001
1 286 377 -679.8610000000001
1 286 464 -679.8610000000001
1 288 469 -679.8610000000001
1 289 362 -679.8610000000001
1 289 443 -679.8610000000001
1 292 358 -679.8610000000001
1 293 390 -2039.58
1 293 391 -679.8610000000001
1 296 390 -679.8610000000001
1 301 359 -679.8610000000001
1 301 378 -679.8610000000001
1 85 106 -679.8610000000001
1 92 112 -1359.72
1 93 117 -679.8610000000001
1 97 89 -679.8610000000001
1 98 101 -679.8610000000001
1 99 126 -679.8610000000001
1 99 136 -679.8610000000001
1 156 158 -19240.6
1 157 160 -7463.02
1 167 186 -6983.65
1 170 169 -23380.2
1 197 280 -6727.91
1 199 225 -4159.28
1 234 285 -16908.3
1 244 234 -25280.6
1 259 541 -128.032
1 265 469 -166.195
1 267 479 -1338.8
1 272 454 -36.6544
1 285 433 -9.91825
1 299 360 -4035.62
1 131 118 -107.77600000000001
1 132 183 -4360.22
1 140 173 -12127.4
1 141 124 -22.4826
1 155 192 -6841.72
1 157 117 -3278.24
1 157 190 -21.188000000000002
1 158 205 -20318.6
1 164 258 -6852.97
1 169 164 -21690.1
1 172 162 -8912.18
1 172 163 -307.791
1 173 196 -263.91200000000003
1 175 213 -86666.1
1 202 295 -10155.1
1 203 296 -1330.69
1 214 174 -12072.0
1 218 173 -6336.8
1 226 358 -2337.34
1 267 346 -5387.39
1 274 431 -560795.0
1 280 367 -13267.5
1 285 357 -266.981
1 289 374 -1415.0
1 293 378 -1781.93
1 299 335 -19270.4
1 144 130 -3953.47
1 153 212 -20891.9
1 154 128 -63.1626
1 159 188 -15.4568
1 162 171 -70.2581
1 164 159 -13066.6
1 167 163 -9836.13
1 174 182 -56466.4
1 175 178 -1793.81
1 188 287 -274.612
1 201 279 -304.92
1 222 266 -113.79899999999999
1 225 248 -212.179
1 234 319 -18267.1
1 237 292 -6774.28
1 238 244 -0.0164988
1 248 238 -3178.47
1 259 347 -18569.2
1 266 345 -9241.75
1 271 268 -63.2323
1 274 278 -875.415
1 289 355 -1110.08
1 140 166 -12972.4
1 141 116 -2517.08
1 143 184 -30492.0
1 144 151 -20727.5
1 144 186 -1545.68
1 145 114 -10385.5
1 146 150 -21418.9
1 146 180 -22044.9
1 147 148 -21722.4
1 147 171 -8430.97
1 149 181 -20621.9
1 150 183 -14245.7
1 150 186 -16037.9
1 151 181 -1250.59
1 151 211 -6168.12
1 153 188 -10538.7
1 158 173 -2815.92
1 164 124 -1284.32
1 165 167 -16739.3
1 168 164 -19826.8
1 170 115 -6774.67
1 176 222 -2149.9
1 184 210 -20230.1
1 188 207 -54.8013
1 189 288 -1164.88
1 210 249 -2524.3
1 221 317 -9338.7
1 224 287 -406.711
1 227 344 -12264.3
1 230 352 -12602.6
1 231 270 -3470.33
1 231 347 -2353.71
1 236 320 -18267.1
1 236 342 -6077.55
1 236 344 -3215.29
1 240 337 -7526.04
1 240 357 -2751.22
1 244 333 -2445.93
1 246 337 -206.55900000000003
1 261 340 -1550.59
1 261 351 -4.30927
1 262 286 -1759.26
1 263 344 -2520.66
1 263 350 -2.10975
1 265 517 -35.9213
1 267 321 -9498.89
1 267 428 -129.368
1 277 371 -21917.7
1 278 502 -1143.31
1 284 333 -1730.89
1 296 358 -8286.24
1 297 356 -6626.74
1 299 347 -0.044888199999999996
1 125 93 -4475.44
1 131 125 -10918.1
1 134 123 -20918.6
1 142 169 -5418.03
1 146 146 -3498.31
1 156 214 -36182.9
1 163 186 -119.439
1 166 203 -255.433
1 168 216 -43995.6
1 183 232 -13893.1
1 192 232 -22256.3
1 193 235 -8579.92
1 201 310 -186.99400000000003
1 211 195 -1241.32
1 221 339 -6470.97
1 222 324 -2453.11
1 223 263 -31937.9
1 226 354 -526.935
1 242 618 -7658.13
1 248 344 -11267.4
1 263 345 -2748.96
1 263 427 -4.31228
1 263 570 -118.67399999999999
1 286 302 -8960.71
1 293 357 -7312.46
1 297 439 -57939.8
1 132 120 -32.3187
1 145 166 -23369.2
1 150 118 -14592.2
1 150 121 -22880.5
1 150 127 -412.50699999999995
1 153 122 -3615.07
1 158 138 -7679.97
1 158 140 -12941.0
1 160 139 -11900.5
1 181 126 -5953.67
1 185 168 -31981.5
1 224 257 -2285.78
1 230 223 -21592.1
1 260 337 -419.64
1 276 359 -4194.56
1 281 445 -304.621
1 137 168 -5093.71
1 189 195 -12463.8
1 190 250 -1757.89
1 192 197 -30888.8
1 202 228 -4912.44
1 245 324 -84.3097
1 247 330 -1.72491
1 270 480 -96.1208
1 148 166 -1804.23
1 153 116 -2509.62
1 188 197 -52787.7
1 188 204 -7385.3
1 203 340 -438.559
1 206 281 -1659.5
1 208 226 -33566.5
1 211 266 -28124.7
1 213 276 -18404.8
1 214 274 -102307.0
1 220 278 -37359.5
1 223 372 -4422.04
1 233 375 -644.969
1 239 385 -5215.03
1 239 406 -182.41
1 241 238 -4998.59
1 245 408 -1037.53
1 246 320 -1961.61
1 248 454 -1289.94
1 259 351 -3095.14
1 263 492 -8.25713
1 267 449 -1519.65
1 268 351 -2768.17
1 269 360 -8270.96
1 273 340 -213.488
1 273 521 -6972.17
1 274 327 -1540.35
1 274 521 -124.53200000000001
1 275 465 -125.919
1 290 322 -13258.1
1 292 458 -25.8737
1 294 354 -9425.82
1 147 183 -22009.0
1 258 337 -15.3783
1 259 439 -263.48
1 268 484 -21.6612
1 173 183 -47612.5
1 257 342 -1110.05
1 201 251 -6862.81
1 264 441 -61.5794
1 144 132 -112.70299999999999
1 257 404 -214217.0
1 136 173 -1545.68
1 144 189 -8681.59
1 161 179 -9795.09
1 167 128 -26386.4
1 183 205 -27.4033
1 186 209 -29429.7
1 204 300 -36.18
1 225 242 -11241.3
1 226 375 -242730.0
1 238 302 -15351.7
1 244 321 -6434.23
1 247 591 -839.6010000000001
1 248 590 -19.4053
1 251 614 -1005.11
1 256 443 -751.697
1 258 339 -1411.84
1 258 416 -408.37300000000005
1 263 583 -481.035
1 266 470 -501.691
1 269 482 -231.188
1 270 476 -1707.66
1 273 523 -196713.0
1 274 506 -4097.31
1 280 458 -612.344
1 297 388 -814.59
1 221 300 -101.436
1 272 494 -772.86
1 134 167 -9469.38
1 158 122 -648.175
1 225 289 -3356.27
1 226 330 -25813.3
1 237 406 -546.121
1 244 430 -793.023
1 247 342 -38.8537
1 253 427 -303.585
1 253 443 -1317.23
1 254 398 -19.4053
1 254 442 -1077.7
1 254 444 -96.5951
1 254 445 -13.0404
1 256 445 -318.246
1 261 369 -1546.38
1 262 555 -46.3613
1 263 448 -81.0709
1 271 471 -540.674
1 271 489 -1444.61
1 272 371 -620.882
1 273 520 -0.240642
1 275 371 -1323.66
1 289 321 -2997.07
1 262 394 -517931.0
1 271 492 -20.1815
1 167 168 -9142.19
1 157 122 -436.82599999999996
1 160 136 -20.6877
1 169 201 -11100.1
1 211 313 -41.3979
1 212 315 -157.518
1 214 287 -230.27599999999998
1 224 372 -2585.64
1 246 609 -1470.49
1 247 590 -889.193
1 255 446 -493.325
1 270 482 -112.555
1 276 386 -173.785
1 278 371 -2950.84
1 281 446 -1400.2
1 291 458 -12.2943
1 295 390 -26363.9
1 297 384 -177.75099999999998
1 297 387 -54.4783
1 165 158 -5563.03
1 178 212 -8723.24
1 145 147 -288.405
1 257 443 -278.142
1 258 456 -2.07932
1 234 400 -20.8283
1 237 378 -33.6358
1 240 386 -60.027
1 241 353 -22.0159
1 248 343 -68.6515
1 249 589 -3.0186
1 252 457 -20.8283
1 253 400 -139.576
1 254 370 -14.2538
1 254 400 -33.0536
1 255 373 -310.48400000000004
1 261 362 -2449.38
1 262 441 -26.0289
1 263 353 -12.8075
1 274 527 -136.869
1 276 469 -15.093
1 276 484 -144.024
1 277 429 -1291.21
1 282 451 -1693.86
1 279 477 -47.9675
1 206 299 -28.2325
1 239 305 -515.906
1 261 461 -65.7623
1 289 412 -3.4412800000000003
1 233 400 -25971.6
1 268 360 -1254.87
1 117 117 -40.2886
1 183 311 -814.159
1 220 175 -7152.83
1 244 355 -20862.8
1 245 261 -9275.72
1 290 355 -67018.1
1 264 474 -15.9123
1 201 297 -66.7219
1 207 298 -15.437999999999999
1 232 373 -339.851
1 233 392 -103.20700000000001
1 234 236 -2354.07
1 234 401 -15.5673
1 235 390 -159.892
1 236 398 -1988.39
1 237 390 -84.95200000000001
1 237 399 -60.7557
1 241 374 -37.271
1 248 606 -100.912
1 249 411 -252.503
1 253 418 -267.361
1 253 442 -94.8702
1 254 600 -102.09200000000001
1 258 597 -52.3942
1 259 428 -606.738
1 263 467 -7022.12
1 263 468 -39387.9
1 267 481 -575.177
1 268 457 -11.1036
1 281 429 -824.507
1 283 394 -47.2109
1 284 436 -1535.17
1 300 390 -1230.92
1 237 382 -634.337
1 240 379 -551.972
1 148 141 -15775.7
1 223 371 -17.206
1 257 456 -167.963
1 160 142 -9.49981
1 247 419 -428.64099999999996
1 290 441 -90.6873
1 257 602 -30.6646
1 176 219 -29.8987
1 256 590 -82.1902
1 290 403 -107.51100000000001
1 261 581 -1.7551
1 241 405 -513.5930000000001
1 251 362 -17.6804
1 271 484 -116.40100000000001
1 235 358 -379.17900000000003
1 254 368 -1180.77
1 290 463 -4894.44
1 279 465 -43.4506
1 175 246 -1.7395
1 195 301 -14.0516
1 231 201 -97682.6
1 240 393 -13.5837
1 282 445 -0.0474351
1 255 399 -220.358
1 267 483 -659.934
1 243 350 -1879.38
1 244 406 -2.28551
1 288 370 -65.5467
1 162 138 -2.1992599999999998
1 218 352 -1020.11
1 259 459 -6.640910000000001
1 251 431 -854.263
1 292 373 -8.39007
1 227 282 -4.0904300000000005
1 265 476 -17.551
1 251 330 -134.974
1 185 272 -9.16066
1 235 401 -9.99587
1 272 354 -5.62065
1 271 480 -16.8179
1 259 438 -13.4112
1 272 492 -27.6979
1 243 423 -19.7934
1 259 448 -78.1385
1 271 535 -286.157
1 244 609 -26.4343
1 160 144 -60.3171
1 271 517 -513.2909999999999
1 212 180 -457.86800000000005
1 271 536 -105.641
1 217 228 -1569.67
1 252 431 -1101.79
1 186 275 -796.7260000000001
1 190 304 -386.398
1 250 444 -251.19299999999998
1 201 245 -6682.95
1 237 397 -1495.93
1 252 401 -2746.49
1 201 299 -6721.18
1 185 278 -24458.2
1 258 419 -441362.0
1 261 540 -384.656
