1 62 1 3798.3
1 61 2 3770.7
1 60 3 3749.7
1 59 4 3733.5
1 58 5 3721.5
1 57 6 3713.4
1 56 7 3709.2
1 55 8 3709.0
1 54 9 3713.4
1 53 10 3722.5
1 52 11 3736.7
1 51 12 3755.5
1 49 13 3767.8
1 50 13 3777.1
1 48 14 3789.3
1 47 15 3784.5
1 46 16 3776.7
1 45 17 3766.9
1 45 18 3767.6
1 45 19 3768.3
1 44 20 3756.4
1 44 21 3756.2
1 44 22 3755.5
1 44 23 3754.2
1 44 24 3752.2
1 44 25 3749.4
1 44 26 3745.6
1 44 27 3740.7
1 44 28 3734.5
1 44 29 3727.0
1 44 30 3717.9
1 44 31 3707.0
1 44 32 3694.2
1 44 33 3679.1
1 44 34 3661.5
1 44 35 3641.1
1 44 36 3617.4
1 44 37 3589.8
1 44 38 3557.8
1 44 39 3520.3
1 44 40 3476.1
1 44 41 3422.8
1 43 42 3304.0
1 43 43 3265.0
1 43 44 3203.3
1 42 45 3052.1
1 42 46 2997.6
1 40 47 2765.7
1 41 47 2812.0
1 40 48 2729.6
1 40 49 2663.5
1 40 50 2567.6
1 35 78 4859.7
1 35 79 4888.1
1 34 80 4945.1
1 33 81 5025.5
1 32 82 5089.1
1 31 83 5102.5
1 30 84 5114.2
1 29 85 5123.1
1 28 86 5145.4
1 27 87 5164.2
1 26 88 5190.3
1 25 89 5217.8
1 25 90 5254.2
1 24 91 5241.3
1 24 92 5256.5
1 24 93 5293.6
1 24 94 5330.6
1 23 95 5345.7
1 23 96 5386.0
1 23 97 5422.3
1 22 98 5430.3
1 22 99 5471.4
1 22 100 5508.4
1 22 101 5545.7
1 21 102 5566.0
1 21 103 5611.1
1 20 104 5633.2
1 20 105 5675.7
1 19 106 5707.7
1 19 107 5752.1
1 18 108 5788.7
1 18 109 5828.5
1 17 110 5747.7
1 17 111 5758.8
1 17 112 5868.1
1 65 109 6030.5
1 66 109 6027.0
1 67 109 5976.4
1 68 109 5941.6
1 69 109 5951.1
1 62 110 5964.5
1 63 110 6002.2
1 64 110 6023.1
1 70 110 6040.0
1 60 111 5859.4
1 61 111 5880.9
1 71 111 6106.0
1 37 112 5647.1
1 38 112 5707.3
1 39 112 5768.9
1 40 112 5814.4
1 41 112 5851.4
1 42 112 5873.4
1 43 112 5884.6
1 44 112 5893.7
1 45 112 5900.9
1 46 112 5910.4
1 47 112 5919.3
1 48 112 5936.9
1 55 112 5739.6
1 56 112 5761.3
1 57 112 5778.4
1 58 112 5795.2
1 59 112 5810.1
1 72 112 6143.0
1 16 113 5956.8
1 33 113 5631.7
1 34 113 5615.1
1 35 113 5599.2
1 36 113 5578.7
1 49 113 5930.6
1 50 113 5908.4
1 51 113 5855.3
1 52 113 5800.7
1 53 113 5744.1
1 54 113 5707.4
1 73 113 6175.3
1 16 114 6015.9
1 29 114 5721.3
1 30 114 5696.1
1 31 114 5668.3
1 32 114 5633.3
1 74 114 6198.4
1 75 114 6202.5
1 16 115 6072.6
1 25 115 5833.0
1 26 115 5810.2
1 27 115 5781.0
1 28 115 5741.0
1 76 115 6234.3
1 16 116 6127.9
1 21 116 5975.7
1 22 116 5990.6
1 23 116 5903.4
1 24 116 5863.2
1 77 116 6249.5
1 78 116 6247.6
1 79 116 6260.2
1 16 117 6182.1
1 20 117 6023.7
1 80 117 6281.1
1 81 117 6279.2
1 82 117 6258.6
1 83 117 6231.1
1 84 117 6202.0
1 16 118 6219.5
1 17 118 6185.7
1 18 118 6138.6
1 19 118 6085.1
1 85 118 6131.5
1 85 119 6089.7
1 86 120 6072.5
1 86 121 6095.2
1 86 122 6120.0
1 86 123 6137.3
1 86 124 6149.7
1 86 125 6159.3
1 86 126 6166.4
1 86 127 6170.1
1 86 128 6170.7
1 86 129 6169.0
1 86 130 6166.3
1 86 131 6162.1
1 86 132 6155.2
1 86 133 6146.5
1 86 134 6134.7
1 86 135 6118.8
1 86 136 6099.7
1 85 137 6050.6
1 85 138 6037.7
1 84 139 6032.8
1 83 140 6073.8
1 82 141 6157.7
1 82 142 6174.0
1 81 143 6226.7
1 80 144 6287.2
1 79 145 6356.2
1 78 146 6419.8
1 77 147 6487.1
1 76 148 6559.0
1 75 149 6636.4
1 75 150 6700.7
1 75 151 6761.3
1 75 152 6821.9
1 75 153 6868.8
1 76 154 6862.0
1 77 154 6849.2
1 78 154 6839.0
1 79 155 6827.7
1 80 155 6815.1
1 81 156 6797.5
1 82 157 6771.0
1 82 158 6748.6
1 83 158 6734.5
1 84 159 6704.6
1 84 160 6676.8
1 84 161 6652.4
1 84 162 6628.5
1 85 163 6603.4
1 86 164 6574.0
1 87 165 6537.0
1 88 166 6502.2
1 89 167 6468.6
1 90 168 6387.2
1 90 169 6337.2
1 91 170 6269.8
1 92 171 6198.4
1 93 172 6167.7
1 94 173 6141.2
1 94 174 6138.8
1 95 175 6123.4
1 95 176 6109.0
1 95 177 6113.7
1 95 178 6120.7
1 95 179 6126.0
1 96 180 5954.7
1 97 181 5971.7
1 98 182 5989.2
1 99 183 6006.7
1 100 184 6022.5
1 101 185 6037.9
1 102 185 6046.3
1 103 185 6061.9
1 104 186 6096.3
1 105 186 6097.4
1 106 187 6100.6
1 107 188 6096.4
1 108 189 5914.1
1 108 190 5916.1
1 108 191 5917.1
1 108 192 5916.7
1 108 193 5912.5
1 107 194 5707.4
1 107 195 5703.4
1 107 196 5695.6
1 107 197 5685.3
1 107 198 5673.3
1 106 199 5634.9
1 106 200 5622.0
1 105 201 5576.1
1 105 202 5562.9
1 104 203 5522.4
1 104 204 5513.7
1 104 205 5498.7
1 104 206 5477.3
1 104 207 5444.2
1 98 208 5460.6
1 99 208 5470.7
1 100 208 5483.1
1 101 208 5496.0
1 102 208 5513.7
1 103 208 5542.4
1 97 209 5451.3
1 97 210 5450.1
1 97 211 5446.0
1 97 212 5440.7
1 96 213 5424.1
1 95 214 5416.7
1 95 215 5415.4
1 94 216 5408.0
1 94 217 5407.1
1 94 218 5406.4
1 95 219 5410.6
1 96 220 5414.1
1 97 221 5418.0
1 97 222 5416.9
1 98 223 5420.2
1 98 224 5418.8
1 99 225 5422.9
1 99 226 5421.0
1 100 227 5242.1
1 128 227 5398.5
1 129 227 5461.6
1 101 228 5248.0
1 107 228 5142.9
1 108 228 5167.8
1 109 228 5196.4
1 110 228 5228.4
1 111 228 5263.1
1 125 228 5283.4
1 126 228 5309.8
1 127 228 5318.0
1 130 228 5187.6
1 131 228 5194.1
1 132 228 5188.2
1 133 228 5189.3
1 134 228 5195.5
1 135 228 5209.9
1 136 228 5226.9
1 137 228 5240.2
1 138 228 5267.0
1 102 229 5252.8
1 106 229 5280.7
1 112 229 5117.3
1 118 229 5143.6
1 119 229 5162.0
1 120 229 5177.9
1 121 229 5192.0
1 122 229 5203.3
1 123 229 5212.7
1 124 229 5215.2
1 139 229 5340.3
1 103 230 5256.3
1 104 230 5258.9
1 105 230 5261.9
1 113 230 5133.9
1 114 230 5125.4
1 115 230 5121.1
1 116 230 5118.6
1 117 230 5110.7
1 140 230 5307.1
1 139 231 5374.7
1 137 232 5411.3
1 138 232 5410.6
1 136 233 5414.6
1 135 234 5407.4
1 133 235 5374.7
1 134 235 5388.0
1 132 236 5357.8
1 130 237 5314.5
1 131 237 5329.7
1 129 238 5303.3
1 128 239 5287.2
1 127 240 5267.3
1 127 241 5257.5
1 127 242 5244.6
1 128 243 5252.9
1 129 244 5251.2
1 129 245 5238.5
1 130 246 5234.7
1 131 246 5233.6
1 132 246 5236.5
1 133 246 5245.8
1 134 246 5263.2
1 135 246 5289.6
1 136 246 5316.8
1 137 246 5336.8
1 138 246 5358.8
1 139 247 5409.5
1 140 247 5434.0
1 141 247 5471.5
1 142 247 5514.8
1 143 248 5577.8
1 144 249 5671.3
1 144 250 5698.1
1 145 251 5749.9
1 145 252 5775.5
1 145 253 5795.8
1 146 254 5829.1
1 146 255 5826.5
1 146 256 5820.5
1 146 257 5812.6
1 146 258 5802.4
1 146 259 5790.6
1 146 260 5777.2
1 146 261 5764.9
1 146 262 5751.7
1 146 263 5738.5
1 146 264 5728.4
1 146 265 0.0
1 147 266 5482.8
1 147 267 5453.7
1 147 268 5428.8
1 147 269 5389.1
1 147 270 5356.1
1 148 271 5306.0
1 148 272 5279.2
1 148 273 5252.1
1 148 274 5230.3
1 149 274 5215.4
1 149 275 5175.8
1 149 276 5143.6
1 149 277 5091.0
1 149 278 5036.4
1 150 279 5132.7
1 150 280 5087.7
1 150 281 5046.5
1 150 282 5016.2
1 151 283 4932.5
1 151 284 4888.7
1 151 285 4855.4
1 152 286 4761.4
1 152 287 4706.8
1 152 288 4662.5
1 152 289 4628.0
1 153 290 4722.8
1 153 291 4696.3
1 153 292 4704.2
1 154 293 4715.0
1 154 294 4726.6
1 154 295 4736.1
1 154 296 4742.2
1 155 297 4760.1
1 155 298 4763.9
1 156 299 4586.8
1 157 299 4593.1
1 158 299 4602.6
1 159 299 4615.1
1 160 299 4631.1
1 161 299 4650.5
1 162 300 4681.7
1 162 301 4684.5
1 162 302 4683.6
1 162 303 4681.0
1 162 304 4678.3
1 163 305 4857.4
1 163 306 4848.4
1 163 307 4838.6
1 163 308 4829.3
1 163 309 4823.2
1 164 310 5039.4
1 165 311 5081.0
1 166 312 5152.7
1 167 313 5211.3
1 168 314 5244.2
1 168 315 5076.7
1 168 316 5081.0
1 169 316 5088.5
1 169 317 5094.3
1 170 317 5104.1
1 171 318 5105.2
1 171 319 5081.8
1 172 320 5033.9
1 172 321 4986.4
1 172 322 4938.1
1 172 323 4887.1
1 172 324 4847.4
1 173 325 4845.9
1 173 326 4849.5
1 173 327 4851.3
1 174 328 4860.7
1 174 329 4862.3
1 174 330 4863.3
1 175 331 4867.8
1 176 331 4871.8
1 177 331 4877.7
1 178 332 4887.1
1 179 333 4889.7
1 179 334 4886.6
1 179 335 4883.5
1 180 336 4881.0
1 181 337 4872.5
1 181 338 4867.8
1 187 338 4741.0
1 188 338 4762.1
1 189 338 4779.7
1 190 338 4793.4
1 182 339 4858.5
1 186 339 4873.5
1 191 339 4797.0
1 192 339 5216.0
1 182 340 4852.5
1 186 340 4857.8
1 193 340 5215.3
1 182 341 4848.9
1 186 341 4847.8
1 194 341 5215.2
1 195 341 5216.8
1 183 342 4845.3
1 184 342 4845.1
1 185 342 4844.6
1 186 342 4843.5
1 196 342 5216.5
1 196 343 5214.4
1 197 344 5213.3
1 198 345 5210.9
1 199 346 5208.8
1 200 346 5210.4
1 201 346 5212.6
1 202 346 5214.7
1 203 346 5215.5
1 204 346 4246.08
1 205 347 5199.5
1 206 347 5193.3
1 207 348 5398.8
1 207 349 5496.1
1 207 350 5637.0
1 206 351 5696.9
1 205 352 5701.7
1 205 353 5706.2
1 205 354 5711.2
1 206 355 5734.1
1 206 356 5742.3
1 207 357 5767.0
1 208 357 5784.2
1 209 358 5465.4
1 210 359 5522.7
1 211 359 5550.7
1 212 360 5470.5
1 212 361 5507.7
1 208 362 5529.9
1 209 362 5534.6
1 210 362 5541.7
1 211 362 5547.4
1 207 363 5526.1
1 206 364 5520.7
1 206 365 5522.0
1 206 366 5522.2
1 206 367 5521.4
1 206 368 5520.4
1 206 369 5519.2
1 207 369 5525.6
1 208 369 5542.1
1 209 369 5563.8
1 210 369 5588.2
1 211 369 5618.5
1 212 369 5654.9
1 213 369 5699.1
1 214 370 5595.6
1 215 370 5629.4
1 216 372 5626.7
1 214 373 5263.1
1 215 373 5351.3
1 214 374 5220.0
1 213 375 5270.2
1 212 376 5247.8
1 211 377 5194.7
1 211 378 5183.6
1 211 379 5178.1
1 211 380 5180.2
1 211 381 5189.3
1 211 382 5243.7
1 211 383 5293.5
1 212 384 45000.0
1 212 385 45000.0
1 212 386 45000.0
1 212 387 45000.0
1 212 388 45000.0
1 212 389 45000.0
1 212 390 45000.0
1 212 391 45000.0
1 212 392 45000.0
1 212 393 45000.0
1 213 394 45000.0
1 213 395 45000.0
1 213 396 45000.0
1 213 397 45000.0
1 213 398 45000.0
1 213 399 45000.0
1 213 400 45000.0
1 213 401 45000.0
1 213 402 45000.0
1 214 403 45000.0
1 214 404 45000.0
1 214 405 45000.0
1 214 406 45000.0
1 214 407 45000.0
1 214 409 45000.0
1 214 410 45000.0
1 214 411 45000.0
1 214 412 45000.0
1 214 413 45000.0
1 214 414 45000.0
1 214 415 45000.0
1 215 416 45000.0
1 215 417 45000.0
1 227 417 45000.0
1 228 417 45000.0
1 229 417 45000.0
1 216 418 45000.0
1 226 418 45000.0
1 230 418 45000.0
1 217 419 45000.0
1 218 419 45000.0
1 219 419 45000.0
1 220 419 45000.0
1 221 419 45000.0
1 222 419 45000.0
1 223 419 45000.0
1 224 419 45000.0
1 225 419 45000.0
1 229 419 45000.0
1 229 420 45000.0
1 226 421 45000.0
1 227 421 45000.0
1 228 421 45000.0
1 224 422 45000.0
1 225 422 45000.0
1 224 423 45000.0
1 224 424 45000.0
1 225 424 45000.0
1 226 424 45000.0
1 227 424 45000.0
1 228 424 45000.0
1 229 425 45000.0
1 229 426 45000.0
1 229 427 45000.0
1 229 428 45000.0
1 229 429 45000.0
1 228 430 45000.0
1 228 431 45000.0
1 228 432 45000.0
1 228 433 45000.0
1 228 434 45000.0
1 228 435 45000.0
1 229 435 45000.0
1 230 436 45000.0
1 230 437 45000.0
1 230 438 45000.0
1 230 439 45000.0
1 230 440 45000.0
1 230 441 45000.0
1 230 442 45000.0
1 230 443 45000.0
1 230 444 45000.0
1 230 445 45000.0
1 230 446 45000.0
1 230 447 45000.0
1 230 448 45000.0
1 230 449 45000.0
1 230 450 45000.0
1 230 451 45000.0
1 230 452 45000.0
1 230 453 45000.0
1 230 454 45000.0
1 230 455 45000.0
1 230 456 45000.0
1 231 457 45000.0
1 231 458 45000.0
1 231 459 45000.0
1 231 460 45000.0
1 232 461 45000.0
1 232 462 45000.0
1 232 463 45000.0
1 232 464 45000.0
1 233 464 45000.0
1 234 464 45000.0
1 235 464 45000.0
1 236 464 45000.0
1 237 464 45000.0
1 238 464 45000.0
1 239 465 45000.0
1 239 466 45000.0
1 239 467 5337.1
1 238 468 5337.1
1 238 469 5337.1
1 238 470 5337.1
1 239 471 5337.1
1 240 471 5337.1
1 241 472 5337.1
1 242 472 5337.1
1 243 472 5337.1
1 244 473 5337.1
1 245 474 5337.1
1 246 475 5337.1
1 246 476 5337.1
1 246 477 5337.1
1 246 478 5337.1
1 246 479 5337.1
1 246 480 5337.1
1 245 481 5337.1
1 245 482 5337.1
1 244 483 5337.1
1 243 484 5337.1
1 243 485 5337.1
1 243 486 5337.1
1 243 487 5337.1
1 243 488 5337.1
1 243 489 5337.1
1 242 490 5337.1
1 242 491 5337.1
1 241 492 5337.1
1 241 493 5337.1
1 240 494 5337.1
1 239 495 5337.1
1 238 496 5337.1
1 235 497 5337.1
1 236 497 5337.1
1 237 497 5337.1
1 233 498 5337.1
1 234 498 5337.1
1 233 499 5337.1
1 232 500 5337.1
1 231 501 5337.1
1 231 502 5337.1
1 231 503 5337.1
1 231 504 5337.1
1 231 505 5337.1
1 231 506 5337.1
1 231 507 5337.1
1 231 508 5337.1
1 231 509 5337.1
1 231 510 5337.1
1 231 511 5337.1
1 231 512 5337.1
1 231 513 5337.1
1 231 514 5337.1
1 231 515 5337.1
1 232 516 5337.1
1 232 517 5337.1
1 232 518 5337.1
1 233 519 5337.1
1 233 520 5337.1
1 233 521 5337.1
1 234 522 5337.1
1 234 523 5337.1
1 235 524 5337.1
1 235 525 5337.1
1 236 525 5337.1
1 237 525 5337.1
1 238 525 5337.1
1 239 526 5337.1
1 239 527 5337.1
1 240 528 5437.9
1 240 529 5453.1
1 241 530 5519.7
1 241 531 5549.7
1 241 532 5566.6
1 241 533 5578.1
1 241 534 5586.4
1 242 535 5064.8
1 242 536 5076.1
1 243 536 5094.1
1 244 536 5126.6
1 245 536 5155.2
1 246 537 5210.6
1 246 538 5227.7
1 247 539 5267.6
1 248 540 5303.1
1 249 540 5315.2
1 250 540 5331.6
1 251 541 5365.2
1 250 544 5398.8
1 251 544 5401.1
1 245 545 5344.2
1 246 545 5355.4
1 247 545 5374.0
1 248 545 5387.7
1 249 545 5393.2
1 243 546 5317.7
1 244 546 5321.7
1 243 547 5318.4
1 242 548 5314.5
1 242 549 5314.8
1 241 550 5308.6
1 241 551 5306.9
1 240 552 5296.5
1 239 553 5285.5
1 238 554 0.0
1 237 555 5249.9
1 236 556 5248.8
1 236 557 5248.8
1 232 558 5189.1
1 233 558 5186.1
1 234 558 5193.8
1 235 558 5197.3
1 232 559 5201.2
1 231 560 5201.4
1 231 561 5209.8
1 231 562 5216.5
1 231 563 5221.6
1 231 564 5222.9
1 230 565 5389.7
1 230 566 5382.9
1 230 567 5372.0
1 230 568 5359.6
1 215 371 5678.1
1 39 51 6043.2
1 39 52 5967.8
1 38 53 5714.5
1 38 54 5641.8
1 37 55 5375.6
1 36 56 5152.8
1 35 57 4950.0
1 35 58 4889.0
1 35 59 4787.7
1 35 60 8397.7
1 35 61 8262.3
1 35 62 8125.5
1 35 63 7985.2
1 35 64 7841.2
1 35 65 7693.4
1 35 66 7542.6
1 35 67 7395.4
1 35 68 7276.3
1 36 69 10770.0
1 36 70 10502.6
1 36 71 10250.3
1 36 72 10007.1
1 36 73 9772.1
1 36 74 9559.1
1 36 75 9377.7
1 36 76 9287.9
1 36 77 9255.2
1 230 569 5347.0
1 230 570 5333.5
1 230 571 5317.4
1 230 572 5306.0
1 230 573 5316.9
1 230 574 5332.4
1 230 575 5342.6
1 230 576 5344.7
1 230 577 5179.6
1 230 578 5212.8
1 230 579 5245.9
1 230 580 5275.3
1 230 581 5278.4
1 230 582 5283.8
1 230 583 5286.3
1 230 584 5285.4
1 230 585 5282.0
1 230 586 5277.4
1 230 587 5271.3
1 230 588 5267.4
1 229 589 5251.5
1 229 590 5242.2
1 228 591 5219.5
1 228 592 5203.8
1 228 593 5186.5
1 228 594 5164.3
1 227 595 5120.1
1 227 596 5096.9
1 227 597 5068.8
1 227 598 5035.6
1 227 599 4786.4
1 226 600 4700.2
1 226 601 4698.2
1 226 602 4696.9
1 226 603 4697.6
1 225 604 4268.5
1 224 605 4268.5
1 223 606 4290.4
1 222 607 4310.8
1 223 605 4275.0
1 114 114 -1124.13
1 117 120 -920.4169999999999
1 129 121 -2529.29
1 130 122 -920.4169999999999
1 133 112 -28243.7
1 135 194 -1482.48
1 140 168 -16299.9
1 141 191 -2107.74
1 143 126 -27962.7
1 143 190 -140.52
1 144 166 -13911.1
1 144 182 -13911.1
1 145 161 -49180.6
1 146 117 -5339.61
1 146 188 -7447.35
1 146 190 -7025.81
1 147 132 -1264.65
1 147 145 -920.4169999999999
1 148 167 -5058.58
1 148 176 -920.4169999999999
1 148 196 -3934.45
1 149 145 -4215.48
1 150 198 -5339.61
1 151 142 -3512.9
1 151 195 -38501.4
1 152 123 -6604.26
1 152 125 -920.4169999999999
1 152 132 -3168.68
1 153 111 -6042.19
1 153 192 -5901.68
1 154 125 -281.03
1 154 171 -10335.0
1 155 112 -9414.58
1 155 129 -281.03
1 155 141 -4356.0
1 156 129 -173537.0
1 157 116 -843.1
1 157 135 -6618.38
1 157 140 -49040.1
1 157 251 -6885.29
1 158 133 -11178.1
1 158 137 -13630.1
1 158 181 -16580.9
1 159 119 -79391.6
1 159 173 -20374.8
1 161 125 -3512.9
1 161 129 -702.58
1 162 119 -1405.16
1 162 121 -42154.8
1 162 128 -172694.0
1 162 132 -50164.3
1 162 140 -1405.16
1 162 167 -1826.71
1 162 169 -421.55
1 163 137 -281.03
1 163 138 -2606.61
1 164 135 -5901.68
1 165 130 -4496.52
1 165 131 -421.55
1 166 126 -140.52
1 167 259 -843.1
1 168 123 -4637.03
1 168 208 -14192.1
1 169 163 -41873.8
1 170 131 -6182.71
1 170 132 -1405.16
1 171 130 -1124.13
1 171 131 -3653.42
1 171 132 -10679.2
1 172 130 -1545.68
1 174 123 -4356.0
1 174 135 -4637.03
1 175 134 -5199.1
1 175 204 -3091.35
1 176 176 -1967.23
1 176 202 -1967.23
1 178 164 -421.55
1 179 181 -12505.9
1 179 183 -9133.55
1 179 210 -32880.8
1 180 208 -9836.13
1 183 184 -19953.3
1 188 198 -6323.23
1 188 209 -4777.55
1 188 240 -11241.3
1 188 258 -13911.1
1 191 191 -104685.0
1 191 281 -51428.9
1 193 256 -140.52
1 193 260 -14353.9
1 197 204 -6885.29
1 197 252 -1686.19
1 198 298 -945.617
1 199 211 -3091.35
1 199 231 -1686.19
1 199 298 -920.4169999999999
1 200 298 -920.4169999999999
1 201 234 -1264.65
1 203 280 -6042.19
1 204 248 -18023.6
1 205 300 -954.067
1 206 196 -25292.9
1 206 286 -5243.78
1 206 300 -1840.83
1 212 258 -22061.0
1 213 264 -140.52
1 214 240 -21217.9
1 216 267 -843.1
1 217 264 -9555.1
1 217 365 -702.58
1 218 179 -159205.0
1 219 310 -6323.23
1 221 223 -702.58
1 221 246 -5761.16
1 221 284 -531.66
1 222 352 -2286.87
1 222 369 -5901.68
1 223 271 -1967.23
1 224 301 -11803.3
1 224 374 -11408.6
1 226 331 -19340.6
1 226 350 -35.1
1 226 365 -45097.8
1 226 382 -29475.3
1 228 225 -48056.5
1 230 255 -3091.35
1 231 401 -1201.45
1 232 256 -1405.16
1 232 364 -145.22
1 232 370 -9245.1
1 233 337 -920.4169999999999
1 233 376 -2269.55
1 233 394 -1840.83
1 234 304 -4746.68
1 234 393 -988.007
1 235 367 -11.06
1 235 400 -1826.71
1 235 605 -1237.62
1 235 609 -5571.47
1 236 263 -9836.13
1 236 351 -3934.45
1 237 237 -19672.3
1 237 316 -35761.8
1 237 357 -5863.41
1 237 389 -920.4169999999999
1 238 221 -1826.71
1 238 398 -15.15
1 238 605 -4731.43
1 238 609 -1840.83
1 239 250 -562.06
1 239 338 -421.55
1 239 426 -702.58
1 239 605 -4602.08
1 239 606 -2761.25
1 239 619 -920.4169999999999
1 240 380 -920.4169999999999
1 240 426 -920.4169999999999
1 240 608 -3681.67
1 241 335 -4637.03
1 241 342 -1686.19
1 241 604 -920.4169999999999
1 242 311 -7596.2
1 243 371 -24894.1
1 243 389 -3091.35
1 243 422 -140.52
1 243 431 -43.12
1 243 605 -4602.08
1 244 431 -422.6
1 244 605 -5522.5
1 244 621 -6010.81
1 245 238 -14754.2
1 245 322 -25011.9
1 245 337 -920.4169999999999
1 245 370 -1663.68
1 245 621 -920.4169999999999
1 246 321 -4528.15
1 246 618 -2761.25
1 247 344 -920.4169999999999
1 247 383 -12318.9
1 247 384 -1384400.0
1 248 251 -53049.7
1 248 424 -5761.16
1 248 436 -6323.23
1 248 442 -562.06
1 248 444 -43275.8
1 248 589 -6323.23
1 249 373 -920.4169999999999
1 249 424 -920.4169999999999
1 249 430 -63006.8
1 249 436 -5778.64
1 249 606 -4602.08
1 250 326 -3204.09
1 250 424 -920.4169999999999
1 250 425 -666468.0
1 250 431 -29776.3
1 250 595 -3042.28
1 251 356 -71696.0
1 251 408 -1060.85
1 251 456 -1201.45
1 251 457 -47.05
1 251 594 -920.4169999999999
1 251 595 -948.817
1 251 596 -1840.83
1 252 230 -16721.4
1 252 285 -1264.65
1 252 329 -35227.0
1 252 450 -843.1
1 252 595 -920.4169999999999
1 252 606 -920.4169999999999
1 253 298 -2810.32
1 253 331 -16477.2
1 253 332 -18969.7
1 253 416 -140.52
1 253 445 -95411.5
1 254 338 -4356.0
1 254 367 -702.58
1 254 407 -144651.0
1 254 597 -920.4169999999999
1 254 607 -920.4169999999999
1 255 381 -39344.5
1 255 383 -39063.5
1 255 388 -35550.6
1 255 395 -1405.16
1 255 420 -11100.8
1 255 439 -19110.2
1 255 443 -106013.0
1 255 595 -920.4169999999999
1 255 596 -920.4169999999999
1 255 606 -920.4169999999999
1 255 609 -1840.83
1 255 610 -1251.66
1 256 314 -6165.51
1 256 335 -5480.13
1 256 341 -281.03
1 256 413 -2669.81
1 256 586 -78730.7
1 256 593 -3681.67
1 257 238 -421.55
1 257 324 -2184.91
1 257 576 -5668.21
1 257 599 -32730.2
1 257 600 -91476.0
1 258 325 -14.57
1 258 336 -3058.0
1 258 418 -323169.0
1 258 420 -25629.0
1 258 442 -989237.0
1 258 585 -5522.5
1 258 595 -1840.83
1 258 601 -4997.77
1 258 602 -26373.9
1 259 340 -4573.84
1 259 405 -4019.05
1 259 588 -33795.4
1 259 592 -1341.01
1 259 593 -1341.01
1 260 342 -7728.39
1 260 349 -983.61
1 260 358 -10257.7
1 260 407 -3002140.0
1 260 413 -32136.8
1 260 424 -327.74
1 260 461 -2529.29
1 260 463 -99625.9
1 260 585 -7347.61
1 260 586 -37567.2
1 261 337 -4777.55
1 261 355 -16721.4
1 261 381 -328889.0
1 261 395 -57719.6
1 261 416 -31054.1
1 261 418 -920.4169999999999
1 261 429 -57577.6
1 261 464 -15035.2
1 261 492 -920.4169999999999
1 261 571 -13770.6
1 261 576 -15799.7
1 262 345 -3231.87
1 262 540 -344.49
1 262 564 -44731.3
1 262 568 -27962.7
1 262 570 -154708.0
1 262 571 -1826.71
1 263 471 -25292.9
1 263 520 -1840.83
1 263 582 -22842.2
1 264 265 -11381.8
1 264 345 -10960.3
1 264 355 -281.03
1 264 367 -920.4169999999999
1 264 383 -17270.7
1 264 407 -3934.45
1 264 428 -171085.0
1 264 468 -74.58
1 264 471 -5761.16
1 264 476 -421.55
1 264 477 -159064.0
1 264 523 -3323.31
1 264 524 -562.06
1 264 549 -3836.12
1 265 364 -24131.5
1 265 374 -6740.1
1 265 380 -27.09
1 265 422 -214062.0
1 266 337 -920.4169999999999
1 266 340 -281.03
1 266 462 -140.52
1 267 391 -562.06
1 267 396 -50866.8
1 267 463 -1967.23
1 267 555 -920.4169999999999
1 267 556 -920.4169999999999
1 268 333 -421.55
1 268 334 -140.52
1 268 436 -3679080.0
1 268 455 -13.4
1 268 479 -843.1
1 268 480 -562.06
1 268 489 -3352.95
1 269 363 -920.4169999999999
1 269 397 -97237.2
1 269 450 -1405.16
1 269 456 -12252.4
1 269 541 -920.4169999999999
1 270 337 -2950.84
1 270 352 -140.52
1 270 417 -372681.0
1 270 429 -1358.14
1 270 481 -920.4169999999999
1 270 483 -1799.34
1 270 484 -920.4169999999999
1 270 486 -6015.78
1 270 498 -142343.0
1 271 319 -61005.9
1 271 371 -843.1
1 271 415 -123430.0
1 271 485 -346.82
1 271 493 -131990.0
1 271 498 -14192.1
1 271 537 -127722.0
1 272 336 -16576.2
1 272 337 -801.13
1 272 366 -9274.06
1 272 368 -273429.0
1 272 388 -776099.0
1 272 396 -3653.42
1 272 450 -7025.81
1 272 451 -21358.4
1 272 453 -702.58
1 272 462 -1843310.0
1 272 491 -16.02
1 272 497 -34062.7
1 272 498 -140.52
1 272 530 -148506.0
1 272 532 -227421.0
1 272 535 -24291.9
1 273 363 -5199.1
1 273 392 -564.14
1 273 480 -3231.87
1 273 510 -2325.58
1 273 516 -22344.3
1 273 517 -345358.0
1 273 518 -484.2
1 274 409 -2107.74
1 274 520 -27119.6
1 274 523 -140.52
1 275 367 -126465.0
1 275 441 -138663.0
1 275 450 -562.06
1 275 506 -421.55
1 276 366 -118315.0
1 276 392 -1826.71
1 276 446 -2388.77
1 276 474 -26306.9
1 277 294 -54502.9
1 277 390 -11522.3
1 277 407 -917731.0
1 277 431 -4243.29
1 277 468 -140.52
1 277 472 -25655.5
1 277 480 -80549.1
1 277 482 -281.03
1 278 365 -20374.8
1 278 435 -1548.11
1 278 482 -4215.48
1 279 310 -37012.3
1 279 336 -281.03
1 279 433 -179615.0
1 279 438 -261773.0
1 279 475 -93050.4
1 279 485 -7587.87
1 280 365 -5761.16
1 280 433 -70863.7
1 280 442 -23887.7
1 280 469 -52453.1
1 280 471 -42717.9
1 281 458 -3246010.0
1 282 409 -7868.9
1 282 424 -1686.19
1 282 430 -281.03
1 282 436 -2595.99
1 283 354 -843.1
1 283 429 -364358.0
1 283 452 -144121.0
1 283 468 -47633.5
1 284 339 -31564.8
1 284 457 -6182.71
1 284 463 -73.31
1 284 481 -4697.55
1 285 336 -1264.65
1 285 374 -1264.65
1 285 467 -215058.0
1 285 475 -84977.8
1 286 330 -62196.0
1 286 425 -1385.6
1 286 475 -30841.4
1 286 477 -72649.0
1 287 388 -18479.3
1 287 426 -920.4169999999999
1 287 477 -37672.1
1 288 419 -13911.1
1 288 423 -1639.7
1 288 426 -920.4169999999999
1 289 351 -10538.7
1 289 404 -181601.0
1 289 459 -181.12
1 290 382 -158093.0
1 290 402 -156.54
1 290 411 -5620.65
1 290 412 -8993.03
1 290 413 -1264.65
1 291 355 -68199.4
1 291 373 -983.61
1 292 365 -16861.9
1 292 416 -1264.65
1 292 469 -15748.5
1 294 435 -32459.2
1 294 447 -23178.5
1 294 458 -157889.0
1 295 356 -64.38
1 295 391 -421.55
1 295 430 -855675.0
1 296 388 -2855.82
1 296 398 -6886.71
1 296 406 -245.37
1 296 433 -2529.29
1 297 381 -3934.45
1 297 395 -459797.0
1 297 401 -308199.0
1 297 402 -189.74
1 297 413 -1338650.0
1 297 415 -73068.4
1 297 442 -77586.6
1 298 390 -4074.97
1 299 354 -281.03
1 299 355 -871.69
1 299 387 -53.02
1 102 110 -920.4169999999999
1 102 113 -920.4169999999999
1 103 100 -920.4169999999999
1 103 104 -920.4169999999999
1 104 115 -920.4169999999999
1 105 115 -920.4169999999999
1 105 139 -920.4169999999999
1 108 117 -920.4169999999999
1 109 112 -920.4169999999999
1 111 155 -920.4169999999999
1 111 208 -920.4169999999999
1 112 181 -920.4169999999999
1 113 111 -920.4169999999999
1 113 159 -920.4169999999999
1 113 211 -920.4169999999999
1 114 173 -920.4169999999999
1 114 212 -1840.83
1 115 212 -1840.83
1 116 121 -920.4169999999999
1 116 150 -920.4169999999999
1 116 166 -920.4169999999999
1 117 119 -920.4169999999999
1 117 168 -920.4169999999999
1 117 210 -920.4169999999999
1 119 194 -920.4169999999999
1 119 202 -920.4169999999999
1 119 96 -920.4169999999999
1 120 155 -920.4169999999999
1 120 94 -920.4169999999999
1 121 187 -920.4169999999999
1 123 110 -920.4169999999999
1 123 111 -920.4169999999999
1 123 158 -920.4169999999999
1 123 168 -920.4169999999999
1 123 193 -920.4169999999999
1 123 202 -1840.83
1 125 150 -920.4169999999999
1 125 151 -920.4169999999999
1 125 193 -920.4169999999999
1 125 194 -920.4169999999999
1 126 121 -920.4169999999999
1 126 191 -920.4169999999999
1 126 195 -920.4169999999999
1 127 150 -920.4169999999999
1 127 160 -920.4169999999999
1 127 169 -920.4169999999999
1 127 195 -920.4169999999999
1 127 199 -1840.83
1 128 122 -920.4169999999999
1 128 148 -920.4169999999999
1 128 149 -920.4169999999999
1 128 152 -920.4169999999999
1 128 153 -920.4169999999999
1 128 154 -920.4169999999999
1 128 157 -920.4169999999999
1 128 199 -920.4169999999999
1 129 117 -920.4169999999999
1 129 119 -920.4169999999999
1 129 122 -920.4169999999999
1 129 146 -920.4169999999999
1 129 154 -1840.83
1 129 162 -920.4169999999999
1 129 176 -920.4169999999999
1 130 120 -920.4169999999999
1 130 154 -920.4169999999999
1 130 155 -920.4169999999999
1 130 156 -2761.25
1 130 194 -920.4169999999999
1 131 112 -920.4169999999999
1 131 121 -920.4169999999999
1 131 122 -920.4169999999999
1 131 150 -920.4169999999999
1 131 156 -920.4169999999999
1 131 157 -920.4169999999999
1 131 158 -920.4169999999999
1 131 161 -1840.83
1 131 198 -920.4169999999999
1 132 112 -920.4169999999999
1 132 155 -920.4169999999999
1 132 156 -920.4169999999999
1 132 160 -920.4169999999999
1 132 161 -1840.83
1 133 155 -920.4169999999999
1 133 159 -920.4169999999999
1 133 160 -1840.83
1 133 192 -1840.83
1 133 193 -920.4169999999999
1 134 148 -920.4169999999999
1 134 150 -920.4169999999999
1 134 151 -920.4169999999999
1 134 156 -920.4169999999999
1 134 191 -920.4169999999999
1 134 193 -3681.67
1 135 148 -4602.08
1 135 149 -1840.83
1 135 156 -920.4169999999999
1 135 157 -920.4169999999999
1 135 193 -2761.25
1 136 147 -920.4169999999999
1 136 148 -920.4169999999999
1 136 149 -920.4169999999999
1 136 150 -1840.83
1 136 153 -920.4169999999999
1 136 155 -920.4169999999999
1 137 148 -920.4169999999999
1 137 150 -920.4169999999999
1 137 153 -1840.83
1 137 154 -920.4169999999999
1 137 157 -2761.25
1 137 175 -920.4169999999999
1 137 206 -920.4169999999999
1 138 151 -920.4169999999999
1 138 152 -920.4169999999999
1 138 153 -2761.25
1 138 168 -920.4169999999999
1 138 169 -920.4169999999999
1 139 151 -920.4169999999999
1 140 138 -920.4169999999999
1 140 155 -3681.67
1 140 156 -920.4169999999999
1 140 171 -920.4169999999999
1 140 180 -920.4169999999999
1 141 149 -920.4169999999999
1 141 154 -1840.83
1 141 157 -920.4169999999999
1 141 171 -920.4169999999999
1 141 199 -1840.83
1 142 155 -920.4169999999999
1 142 156 -920.4169999999999
1 142 157 -920.4169999999999
1 142 158 -920.4169999999999
1 142 174 -920.4169999999999
1 142 179 -920.4169999999999
1 142 201 -920.4169999999999
1 143 146 -920.4169999999999
1 143 157 -2761.25
1 144 142 -1840.83
1 144 173 -920.4169999999999
1 145 142 -920.4169999999999
1 145 143 -920.4169999999999
1 145 151 -920.4169999999999
1 145 187 -920.4169999999999
1 145 226 -920.4169999999999
1 146 140 -920.4169999999999
1 146 141 -1840.83
1 146 145 -920.4169999999999
1 146 208 -920.4169999999999
1 146 229 -920.4169999999999
1 146 230 -920.4169999999999
1 146 232 -920.4169999999999
1 147 139 -2761.25
1 147 140 -920.4169999999999
1 147 141 -920.4169999999999
1 147 142 -920.4169999999999
1 147 229 -920.4169999999999
1 147 230 -920.4169999999999
1 147 233 -920.4169999999999
1 147 239 -920.4169999999999
1 147 240 -920.4169999999999
1 148 217 -920.4169999999999
1 148 221 -920.4169999999999
1 149 127 -920.4169999999999
1 149 147 -920.4169999999999
1 149 154 -920.4169999999999
1 149 222 -920.4169999999999
1 149 253 -920.4169999999999
1 150 160 -920.4169999999999
1 150 164 -920.4169999999999
1 150 177 -920.4169999999999
1 150 227 -920.4169999999999
1 150 236 -920.4169999999999
1 151 128 -920.4169999999999
1 151 228 -920.4169999999999
1 152 153 -920.4169999999999
1 152 173 -920.4169999999999
1 152 176 -920.4169999999999
1 152 222 -920.4169999999999
1 152 228 -920.4169999999999
1 153 126 -920.4169999999999
1 153 136 -920.4169999999999
1 153 155 -920.4169999999999
1 153 232 -920.4169999999999
1 153 238 -920.4169999999999
1 153 253 -920.4169999999999
1 154 126 -920.4169999999999
1 154 133 -920.4169999999999
1 154 161 -920.4169999999999
1 154 172 -920.4169999999999
1 154 220 -920.4169999999999
1 154 244 -920.4169999999999
1 155 170 -1840.83
1 155 216 -920.4169999999999
1 155 262 -920.4169999999999
1 156 160 -920.4169999999999
1 156 211 -920.4169999999999
1 156 223 -920.4169999999999
1 157 132 -920.4169999999999
1 157 133 -920.4169999999999
1 157 134 -2761.25
1 157 136 -920.4169999999999
1 157 194 -920.4169999999999
1 157 207 -920.4169999999999
1 157 240 -920.4169999999999
1 158 135 -920.4169999999999
1 158 248 -920.4169999999999
1 159 152 -920.4169999999999
1 159 231 -920.4169999999999
1 159 240 -920.4169999999999
1 159 247 -920.4169999999999
1 159 248 -920.4169999999999
1 159 250 -920.4169999999999
1 159 251 -920.4169999999999
1 159 257 -920.4169999999999
1 160 133 -920.4169999999999
1 160 249 -1840.83
1 160 251 -1840.83
1 160 252 -920.4169999999999
1 160 253 -920.4169999999999
1 160 262 -920.4169999999999
1 161 144 -1840.83
1 161 251 -920.4169999999999
1 161 253 -920.4169999999999
1 162 137 -1840.83
1 162 252 -1840.83
1 162 253 -920.4169999999999
1 163 152 -920.4169999999999
1 163 190 -920.4169999999999
1 163 236 -920.4169999999999
1 164 278 -920.4169999999999
1 164 290 -920.4169999999999
1 164 299 -920.4169999999999
1 165 133 -1840.83
1 165 134 -1840.83
1 165 135 -920.4169999999999
1 165 290 -920.4169999999999
1 166 131 -920.4169999999999
1 166 132 -920.4169999999999
1 166 133 -1840.83
1 166 134 -920.4169999999999
1 166 135 -920.4169999999999
1 166 210 -920.4169999999999
1 166 254 -920.4169999999999
1 166 255 -920.4169999999999
1 167 127 -920.4169999999999
1 167 132 -1840.83
1 167 133 -1840.83
1 167 134 -2761.25
1 167 256 -920.4169999999999
1 167 288 -920.4169999999999
1 167 294 -920.4169999999999
1 168 130 -920.4169999999999
1 168 131 -920.4169999999999
1 168 132 -3681.67
1 168 133 -3681.67
1 168 286 -920.4169999999999
1 168 287 -1840.83
1 168 291 -1840.83
1 169 128 -1840.83
1 169 129 -3681.67
1 169 131 -920.4169999999999
1 169 132 -4602.08
1 169 133 -2761.25
1 169 134 -8283.75
1 169 135 -920.4169999999999
1 169 236 -920.4169999999999
1 169 260 -920.4169999999999
1 169 271 -920.4169999999999
1 169 287 -920.4169999999999
1 169 290 -920.4169999999999
1 170 133 -2761.25
1 170 134 -11045.0
1 170 136 -920.4169999999999
1 170 187 -920.4169999999999
1 170 256 -920.4169999999999
1 170 287 -920.4169999999999
1 170 292 -920.4169999999999
1 171 133 -1840.83
1 171 134 -920.4169999999999
1 171 136 -4602.08
1 171 290 -920.4169999999999
1 172 257 -920.4169999999999
1 172 284 -920.4169999999999
1 172 295 -1840.83
1 172 311 -920.4169999999999
1 173 258 -920.4169999999999
1 173 278 -920.4169999999999
1 173 290 -920.4169999999999
1 173 292 -920.4169999999999
1 173 293 -1840.83
1 173 294 -920.4169999999999
1 174 124 -920.4169999999999
1 174 253 -920.4169999999999
1 174 261 -920.4169999999999
1 174 270 -920.4169999999999
1 174 283 -920.4169999999999
1 174 289 -920.4169999999999
1 174 293 -920.4169999999999
1 175 260 -920.4169999999999
1 175 288 -920.4169999999999
1 175 292 -1840.83
1 175 293 -920.4169999999999
1 175 296 -920.4169999999999
1 175 305 -920.4169999999999
1 176 274 -920.4169999999999
1 176 305 -920.4169999999999
1 177 289 -920.4169999999999
1 177 290 -920.4169999999999
1 178 243 -920.4169999999999
1 178 280 -920.4169999999999
1 178 285 -920.4169999999999
1 178 302 -920.4169999999999
1 178 305 -920.4169999999999
1 178 306 -920.4169999999999
1 178 311 -920.4169999999999
1 179 278 -920.4169999999999
1 179 285 -920.4169999999999
1 180 149 -920.4169999999999
1 180 286 -920.4169999999999
1 181 297 -920.4169999999999
1 181 307 -920.4169999999999
1 181 308 -920.4169999999999
1 183 242 -920.4169999999999
1 183 285 -920.4169999999999
1 183 295 -920.4169999999999
1 183 308 -920.4169999999999
1 183 309 -920.4169999999999
1 183 318 -920.4169999999999
1 184 263 -920.4169999999999
1 184 285 -920.4169999999999
1 184 313 -920.4169999999999
1 184 319 -920.4169999999999
1 185 257 -920.4169999999999
1 185 305 -920.4169999999999
1 185 306 -920.4169999999999
1 185 307 -920.4169999999999
1 185 315 -920.4169999999999
1 186 255 -920.4169999999999
1 186 265 -920.4169999999999
1 186 307 -1840.83
1 186 310 -920.4169999999999
1 188 262 -920.4169999999999
1 188 294 -920.4169999999999
1 188 295 -920.4169999999999
1 189 295 -920.4169999999999
1 189 309 -920.4169999999999
1 190 307 -920.4169999999999
1 190 308 -920.4169999999999
1 190 324 -920.4169999999999
1 191 292 -1840.83
1 191 304 -920.4169999999999
1 191 305 -920.4169999999999
1 192 258 -920.4169999999999
1 192 284 -920.4169999999999
1 192 304 -920.4169999999999
1 192 316 -920.4169999999999
1 192 319 -920.4169999999999
1 193 262 -920.4169999999999
1 193 301 -920.4169999999999
1 193 311 -920.4169999999999
1 193 313 -1840.83
1 194 284 -920.4169999999999
1 194 313 -920.4169999999999
1 195 269 -920.4169999999999
1 195 287 -920.4169999999999
1 195 289 -920.4169999999999
1 195 300 -920.4169999999999
1 195 311 -920.4169999999999
1 195 313 -920.4169999999999
1 196 269 -920.4169999999999
1 196 275 -920.4169999999999
1 196 303 -920.4169999999999
1 196 324 -920.4169999999999
1 196 333 -920.4169999999999
1 197 264 -920.4169999999999
1 197 283 -920.4169999999999
1 197 300 -920.4169999999999
1 197 322 -920.4169999999999
1 197 325 -920.4169999999999
1 198 242 -920.4169999999999
1 198 276 -1840.83
1 198 309 -920.4169999999999
1 198 311 -920.4169999999999
1 199 283 -920.4169999999999
1 199 311 -920.4169999999999
1 199 324 -920.4169999999999
1 200 280 -920.4169999999999
1 200 286 -920.4169999999999
1 200 296 -920.4169999999999
1 200 299 -920.4169999999999
1 200 306 -920.4169999999999
1 200 307 -920.4169999999999
1 200 312 -920.4169999999999
1 200 343 -920.4169999999999
1 200 345 -920.4169999999999
1 201 257 -920.4169999999999
1 202 280 -920.4169999999999
1 202 287 -920.4169999999999
1 202 297 -920.4169999999999
1 202 301 -920.4169999999999
1 202 302 -920.4169999999999
1 203 215 -920.4169999999999
1 203 304 -920.4169999999999
1 203 305 -920.4169999999999
1 203 309 -920.4169999999999
1 203 315 -920.4169999999999
1 205 263 -920.4169999999999
1 205 303 -920.4169999999999
1 205 304 -920.4169999999999
1 205 317 -920.4169999999999
1 205 318 -920.4169999999999
1 205 319 -920.4169999999999
1 206 264 -920.4169999999999
1 206 270 -920.4169999999999
1 206 301 -920.4169999999999
1 206 304 -920.4169999999999
1 206 315 -920.4169999999999
1 206 317 -1840.83
1 207 262 -920.4169999999999
1 207 300 -920.4169999999999
1 207 301 -1840.83
1 207 303 -920.4169999999999
1 207 304 -920.4169999999999
1 207 306 -1840.83
1 207 315 -920.4169999999999
1 207 317 -920.4169999999999
1 208 298 -1840.83
1 208 299 -1840.83
1 208 306 -920.4169999999999
1 208 317 -920.4169999999999
1 208 328 -920.4169999999999
1 209 284 -920.4169999999999
1 209 297 -920.4169999999999
1 209 302 -920.4169999999999
1 210 284 -920.4169999999999
1 210 301 -920.4169999999999
1 210 302 -920.4169999999999
1 210 342 -920.4169999999999
1 211 301 -920.4169999999999
1 211 321 -920.4169999999999
1 212 295 -920.4169999999999
1 212 347 -920.4169999999999
1 213 226 -920.4169999999999
1 213 287 -920.4169999999999
1 213 303 -920.4169999999999
1 213 329 -920.4169999999999
1 214 319 -920.4169999999999
1 215 289 -920.4169999999999
1 215 311 -920.4169999999999
1 215 353 -920.4169999999999
1 216 323 -920.4169999999999
1 216 341 -920.4169999999999
1 217 244 -920.4169999999999
1 217 249 -920.4169999999999
1 217 351 -920.4169999999999
1 218 209 -920.4169999999999
1 218 243 -920.4169999999999
1 218 292 -920.4169999999999
1 218 345 -1840.83
1 221 240 -920.4169999999999
1 221 611 -920.4169999999999
1 222 254 -920.4169999999999
1 222 362 -920.4169999999999
1 224 338 -920.4169999999999
1 224 359 -920.4169999999999
1 225 323 -920.4169999999999
1 225 329 -920.4169999999999
1 225 332 -920.4169999999999
1 225 368 -920.4169999999999
1 225 373 -920.4169999999999
1 225 378 -920.4169999999999
1 225 382 -1840.83
1 226 323 -920.4169999999999
1 226 388 -1840.83
1 226 618 -920.4169999999999
1 227 315 -920.4169999999999
1 228 606 -920.4169999999999
1 229 385 -1840.83
1 229 392 -920.4169999999999
1 229 393 -920.4169999999999
1 229 397 -3681.67
1 229 618 -4602.08
1 230 338 -920.4169999999999
1 230 373 -1840.83
1 230 384 -920.4169999999999
1 230 392 -1840.83
1 230 393 -3681.67
1 230 396 -920.4169999999999
1 230 605 -920.4169999999999
1 231 343 -920.4169999999999
1 231 383 -920.4169999999999
1 231 392 -4602.08
1 231 393 -10124.6
1 231 398 -920.4169999999999
1 231 603 -920.4169999999999
1 231 607 -1840.83
1 232 259 -920.4169999999999
1 232 300 -920.4169999999999
1 232 384 -920.4169999999999
1 232 389 -920.4169999999999
1 232 393 -5522.5
1 232 394 -3681.67
1 232 405 -920.4169999999999
1 232 604 -1840.83
1 232 606 -1840.83
1 232 607 -2761.25
1 232 608 -920.4169999999999
1 233 373 -920.4169999999999
1 233 393 -920.4169999999999
1 233 403 -920.4169999999999
1 233 406 -3681.67
1 233 601 -1840.83
1 233 602 -920.4169999999999
1 234 374 -920.4169999999999
1 234 388 -920.4169999999999
1 234 389 -920.4169999999999
1 234 406 -2761.25
1 234 407 -1840.83
1 234 601 -920.4169999999999
1 234 602 -1840.83
1 234 603 -2761.25
1 234 604 -920.4169999999999
1 234 605 -1840.83
1 234 606 -920.4169999999999
1 234 609 -920.4169999999999
1 234 620 -920.4169999999999
1 234 621 -920.4169999999999
1 235 342 -920.4169999999999
1 235 368 -920.4169999999999
1 235 389 -920.4169999999999
1 235 392 -920.4169999999999
1 235 404 -920.4169999999999
1 235 406 -920.4169999999999
1 235 599 -920.4169999999999
1 235 600 -1840.83
1 235 602 -2761.25
1 235 603 -920.4169999999999
1 235 606 -920.4169999999999
1 235 608 -920.4169999999999
1 236 256 -920.4169999999999
1 236 359 -920.4169999999999
1 236 377 -1840.83
1 236 378 -920.4169999999999
1 236 389 -1840.83
1 236 600 -920.4169999999999
1 236 601 -920.4169999999999
1 236 602 -1840.83
1 236 605 -920.4169999999999
1 236 606 -920.4169999999999
1 236 607 -920.4169999999999
1 236 620 -920.4169999999999
1 237 330 -920.4169999999999
1 237 377 -920.4169999999999
1 237 384 -920.4169999999999
1 237 388 -920.4169999999999
1 237 605 -1840.83
1 237 606 -2761.25
1 237 607 -1840.83
1 237 608 -4602.08
1 237 609 -2761.25
1 237 620 -920.4169999999999
1 238 346 -920.4169999999999
1 238 391 -920.4169999999999
1 238 410 -920.4169999999999
1 238 602 -920.4169999999999
1 238 603 -920.4169999999999
1 238 606 -4602.08
1 238 607 -5522.5
1 238 608 -3681.67
1 238 610 -920.4169999999999
1 239 297 -920.4169999999999
1 239 323 -920.4169999999999
1 239 404 -920.4169999999999
1 239 601 -920.4169999999999
1 239 603 -920.4169999999999
1 239 607 -1840.83
1 239 608 -3681.67
1 239 609 -2761.25
1 239 610 -1840.83
1 239 615 -1840.83
1 240 267 -920.4169999999999
1 240 319 -920.4169999999999
1 240 327 -920.4169999999999
1 240 352 -920.4169999999999
1 240 374 -1840.83
1 240 392 -1840.83
1 240 396 -920.4169999999999
1 240 406 -920.4169999999999
1 240 603 -920.4169999999999
1 240 605 -2761.25
1 240 606 -3681.67
1 240 607 -1840.83
1 240 620 -1840.83
1 240 621 -920.4169999999999
1 241 339 -920.4169999999999
1 241 352 -920.4169999999999
1 241 370 -1840.83
1 241 375 -920.4169999999999
1 241 409 -920.4169999999999
1 241 577 -920.4169999999999
1 241 603 -1840.83
1 241 605 -2761.25
1 241 606 -1840.83
1 241 607 -1840.83
1 241 608 -1840.83
1 241 609 -4602.08
1 241 610 -920.4169999999999
1 241 611 -920.4169999999999
1 241 620 -920.4169999999999
1 241 621 -920.4169999999999
1 242 314 -920.4169999999999
1 242 318 -920.4169999999999
1 242 336 -920.4169999999999
1 242 338 -920.4169999999999
1 242 339 -920.4169999999999
1 242 373 -2761.25
1 242 374 -5522.5
1 242 406 -1840.83
1 242 603 -1840.83
1 242 604 -6442.92
1 242 605 -8283.75
1 242 606 -2761.25
1 242 607 -4602.08
1 242 608 -4602.08
1 242 609 -2761.25
1 242 610 -2761.25
1 242 616 -920.4169999999999
1 242 622 -920.4169999999999
1 242 623 -2761.25
1 243 366 -920.4169999999999
1 243 369 -920.4169999999999
1 243 372 -1840.83
1 243 373 -7363.33
1 243 374 -2761.25
1 243 386 -920.4169999999999
1 243 391 -920.4169999999999
1 243 405 -920.4169999999999
1 243 406 -920.4169999999999
1 243 407 -1840.83
1 243 409 -920.4169999999999
1 243 577 -920.4169999999999
1 243 606 -6442.92
1 243 607 -4602.08
1 243 608 -1840.83
1 243 609 -5522.5
1 243 620 -920.4169999999999
1 243 622 -1840.83
1 243 623 -7363.33
1 244 371 -920.4169999999999
1 244 372 -1840.83
1 244 373 -2761.25
1 244 415 -920.4169999999999
1 244 598 -920.4169999999999
1 244 606 -3681.67
1 244 607 -920.4169999999999
1 244 611 -920.4169999999999
1 244 616 -920.4169999999999
1 244 622 -920.4169999999999
1 244 623 -3681.67
1 244 624 -920.4169999999999
1 245 312 -920.4169999999999
1 245 315 -920.4169999999999
1 245 326 -920.4169999999999
1 245 335 -920.4169999999999
1 245 338 -920.4169999999999
1 245 356 -1840.83
1 245 371 -920.4169999999999
1 245 413 -920.4169999999999
1 245 586 -920.4169999999999
1 245 604 -920.4169999999999
1 245 605 -2761.25
1 245 606 -4602.08
1 245 607 -3681.67
1 245 609 -4602.08
1 245 610 -1840.83
1 245 612 -1840.83
1 245 616 -1840.83
1 245 619 -920.4169999999999
1 245 620 -1840.83
1 245 622 -920.4169999999999
1 246 214 -920.4169999999999
1 246 342 -920.4169999999999
1 246 356 -920.4169999999999
1 246 357 -920.4169999999999
1 246 374 -920.4169999999999
1 246 413 -920.4169999999999
1 246 590 -920.4169999999999
1 246 599 -920.4169999999999
1 246 600 -5522.5
1 246 605 -3681.67
1 246 606 -6442.92
1 246 607 -3681.67
1 246 610 -920.4169999999999
1 246 612 -1840.83
1 246 614 -920.4169999999999
1 246 615 -920.4169999999999
1 246 623 -920.4169999999999
1 247 314 -920.4169999999999
1 247 331 -920.4169999999999
1 247 367 -1840.83
1 247 368 -4602.08
1 247 387 -1840.83
1 247 413 -920.4169999999999
1 247 578 -920.4169999999999
1 247 597 -920.4169999999999
1 247 598 -6442.92
1 247 599 -5522.5
1 247 600 -9204.17
1 247 601 -9204.17
1 247 605 -1840.83
1 247 609 -1840.83
1 247 610 -1840.83
1 247 611 -3681.67
1 247 612 -3681.67
1 247 613 -1840.83
1 247 618 -1840.83
1 247 619 -920.4169999999999
1 247 623 -920.4169999999999
1 248 307 -920.4169999999999
1 248 367 -920.4169999999999
1 248 368 -3681.67
1 248 371 -1840.83
1 248 372 -4602.08
1 248 387 -1840.83
1 248 388 -5522.5
1 248 413 -920.4169999999999
1 248 416 -920.4169999999999
1 248 529 -920.4169999999999
1 248 567 -920.4169999999999
1 248 596 -6442.92
1 248 597 -4602.08
1 248 598 -9204.17
1 248 599 -5522.5
1 248 600 -3681.67
1 248 601 -5522.5
1 248 602 -2761.25
1 248 605 -920.4169999999999
1 248 608 -920.4169999999999
1 248 609 -1840.83
1 248 610 -2761.25
1 248 611 -5522.5
1 248 612 -5522.5
1 248 613 -6442.92
1 248 618 -920.4169999999999
1 248 619 -920.4169999999999
1 248 620 -920.4169999999999
1 248 623 -1840.83
1 249 333 -920.4169999999999
1 249 334 -920.4169999999999
1 249 365 -1840.83
1 249 366 -2761.25
1 249 367 -920.4169999999999
1 249 368 -2761.25
1 249 371 -920.4169999999999
1 249 387 -920.4169999999999
1 249 388 -920.4169999999999
1 249 400 -920.4169999999999
1 249 412 -920.4169999999999
1 249 567 -920.4169999999999
1 249 593 -1840.83
1 249 595 -5522.5
1 249 596 -6442.92
1 249 597 -10124.6
1 249 603 -2761.25
1 249 604 -7363.33
1 249 605 -4602.08
1 249 607 -3681.67
1 249 609 -920.4169999999999
1 249 610 -1840.83
1 249 611 -4602.08
1 249 612 -8283.75
1 249 613 -1840.83
1 249 618 -920.4169999999999
1 249 623 -920.4169999999999
1 250 331 -920.4169999999999
1 250 355 -920.4169999999999
1 250 365 -1840.83
1 250 366 -4602.08
1 250 367 -2761.25
1 250 368 -920.4169999999999
1 250 369 -1840.83
1 250 370 -1840.83
1 250 371 -5522.5
1 250 382 -920.4169999999999
1 250 406 -920.4169999999999
1 250 413 -920.4169999999999
1 250 414 -920.4169999999999
1 250 423 -920.4169999999999
1 250 436 -920.4169999999999
1 250 568 -920.4169999999999
1 250 579 -920.4169999999999
1 250 591 -920.4169999999999
1 250 594 -920.4169999999999
1 250 596 -7363.33
1 250 597 -1840.83
1 250 602 -920.4169999999999
1 250 603 -6442.92
1 250 604 -5522.5
1 250 605 -3681.67
1 250 607 -920.4169999999999
1 250 608 -2761.25
1 250 609 -920.4169999999999
1 250 610 -920.4169999999999
1 250 613 -920.4169999999999
1 251 276 -920.4169999999999
1 251 322 -920.4169999999999
1 251 365 -2761.25
1 251 366 -8283.75
1 251 367 -1840.83
1 251 368 -1840.83
1 251 371 -920.4169999999999
1 251 379 -920.4169999999999
1 251 407 -920.4169999999999
1 251 414 -920.4169999999999
1 251 424 -920.4169999999999
1 251 598 -920.4169999999999
1 251 604 -920.4169999999999
1 251 605 -920.4169999999999
1 251 607 -920.4169999999999
1 251 610 -920.4169999999999
1 252 236 -920.4169999999999
1 252 365 -2761.25
1 252 366 -6442.92
1 252 367 -6442.92
1 252 368 -1840.83
1 252 376 -920.4169999999999
1 252 412 -920.4169999999999
1 252 416 -920.4169999999999
1 252 428 -920.4169999999999
1 252 506 -920.4169999999999
1 252 507 -920.4169999999999
1 252 528 -920.4169999999999
1 252 534 -920.4169999999999
1 252 544 -920.4169999999999
1 252 576 -920.4169999999999
1 252 591 -1840.83
1 252 596 -1840.83
1 252 597 -1840.83
1 252 598 -920.4169999999999
1 252 599 -1840.83
1 252 608 -1840.83
1 252 609 -920.4169999999999
1 252 611 -920.4169999999999
1 252 620 -920.4169999999999
1 253 259 -920.4169999999999
1 253 342 -920.4169999999999
1 253 363 -920.4169999999999
1 253 365 -1840.83
1 253 366 -5522.5
1 253 367 -3681.67
1 253 370 -920.4169999999999
1 253 375 -1840.83
1 253 404 -920.4169999999999
1 253 433 -1840.83
1 253 506 -920.4169999999999
1 253 543 -920.4169999999999
1 253 546 -920.4169999999999
1 253 547 -920.4169999999999
1 253 566 -920.4169999999999
1 253 586 -1840.83
1 253 596 -920.4169999999999
1 253 597 -3681.67
1 253 601 -920.4169999999999
1 253 604 -920.4169999999999
1 253 605 -920.4169999999999
1 253 614 -2761.25
1 254 366 -1840.83
1 254 478 -920.4169999999999
1 254 581 -920.4169999999999
1 254 584 -920.4169999999999
1 254 585 -5522.5
1 254 586 -4602.08
1 254 587 -2761.25
1 254 588 -2761.25
1 254 589 -3681.67
1 254 598 -920.4169999999999
1 254 599 -920.4169999999999
1 254 601 -1840.83
1 254 604 -1840.83
1 254 605 -920.4169999999999
1 254 606 -920.4169999999999
1 254 611 -920.4169999999999
1 255 341 -920.4169999999999
1 255 346 -920.4169999999999
1 255 371 -920.4169999999999
1 255 402 -920.4169999999999
1 255 442 -920.4169999999999
1 255 445 -920.4169999999999
1 255 461 -920.4169999999999
1 255 479 -920.4169999999999
1 255 512 -920.4169999999999
1 255 513 -920.4169999999999
1 255 526 -920.4169999999999
1 255 547 -920.4169999999999
1 255 548 -920.4169999999999
1 255 565 -920.4169999999999
1 255 583 -2761.25
1 255 584 -3681.67
1 255 585 -3681.67
1 255 586 -3681.67
1 255 587 -1840.83
1 255 588 -920.4169999999999
1 255 591 -920.4169999999999
1 255 594 -920.4169999999999
1 255 597 -920.4169999999999
1 255 600 -1840.83
1 255 607 -920.4169999999999
1 256 346 -920.4169999999999
1 256 350 -920.4169999999999
1 256 367 -920.4169999999999
1 256 373 -920.4169999999999
1 256 374 -920.4169999999999
1 256 491 -920.4169999999999
1 256 526 -920.4169999999999
1 256 531 -2761.25
1 256 532 -920.4169999999999
1 256 547 -920.4169999999999
1 256 548 -1840.83
1 256 549 -920.4169999999999
1 256 575 -920.4169999999999
1 256 578 -1840.83
1 256 580 -920.4169999999999
1 256 584 -2761.25
1 256 585 -1840.83
1 256 592 -1840.83
1 256 594 -6442.92
1 256 595 -3681.67
1 256 607 -3681.67
1 256 608 -1840.83
1 256 609 -920.4169999999999
1 257 330 -920.4169999999999
1 257 461 -920.4169999999999
1 257 497 -920.4169999999999
1 257 503 -920.4169999999999
1 257 506 -920.4169999999999
1 257 512 -920.4169999999999
1 257 527 -2761.25
1 257 529 -920.4169999999999
1 257 532 -920.4169999999999
1 257 549 -920.4169999999999
1 257 574 -920.4169999999999
1 257 575 -2761.25
1 257 584 -2761.25
1 257 585 -2761.25
1 257 593 -1840.83
1 257 594 -7363.33
1 257 595 -3681.67
1 257 597 -1840.83
1 257 606 -6442.92
1 257 607 -920.4169999999999
1 258 307 -920.4169999999999
1 258 330 -920.4169999999999
1 258 366 -920.4169999999999
1 258 485 -1840.83
1 258 489 -1840.83
1 258 491 -920.4169999999999
1 258 493 -920.4169999999999
1 258 494 -920.4169999999999
1 258 496 -920.4169999999999
1 258 497 -920.4169999999999
1 258 498 -2761.25
1 258 499 -1840.83
1 258 502 -920.4169999999999
1 258 503 -920.4169999999999
1 258 529 -1840.83
1 258 531 -920.4169999999999
1 258 532 -920.4169999999999
1 258 533 -1840.83
1 258 535 -920.4169999999999
1 258 546 -920.4169999999999
1 258 550 -920.4169999999999
1 258 556 -1840.83
1 258 564 -920.4169999999999
1 258 576 -920.4169999999999
1 258 583 -920.4169999999999
1 258 584 -2761.25
1 258 586 -2761.25
1 258 594 -2761.25
1 258 606 -4602.08
1 258 607 -920.4169999999999
1 259 346 -920.4169999999999
1 259 369 -1840.83
1 259 402 -920.4169999999999
1 259 444 -920.4169999999999
1 259 456 -920.4169999999999
1 259 485 -920.4169999999999
1 259 486 -920.4169999999999
1 259 488 -920.4169999999999
1 259 489 -920.4169999999999
1 259 490 -1840.83
1 259 509 -1840.83
1 259 510 -920.4169999999999
1 259 522 -920.4169999999999
1 259 528 -920.4169999999999
1 259 529 -920.4169999999999
1 259 531 -920.4169999999999
1 259 532 -920.4169999999999
1 259 545 -920.4169999999999
1 259 549 -920.4169999999999
1 259 554 -1840.83
1 259 555 -1840.83
1 259 556 -2761.25
1 259 557 -2761.25
1 259 575 -3681.67
1 259 576 -920.4169999999999
1 259 579 -920.4169999999999
1 259 584 -920.4169999999999
1 259 585 -3681.67
1 259 586 -1840.83
1 260 369 -1840.83
1 260 404 -1840.83
1 260 443 -920.4169999999999
1 260 454 -920.4169999999999
1 260 485 -920.4169999999999
1 260 486 -1840.83
1 260 487 -920.4169999999999
1 260 492 -920.4169999999999
1 260 499 -920.4169999999999
1 260 502 -1840.83
1 260 517 -920.4169999999999
1 260 527 -920.4169999999999
1 260 545 -2761.25
1 260 548 -920.4169999999999
1 260 554 -920.4169999999999
1 260 556 -920.4169999999999
1 260 567 -920.4169999999999
1 260 576 -920.4169999999999
1 260 577 -920.4169999999999
1 261 397 -920.4169999999999
1 261 404 -920.4169999999999
1 261 444 -920.4169999999999
1 261 483 -920.4169999999999
1 261 487 -920.4169999999999
1 261 501 -920.4169999999999
1 261 502 -920.4169999999999
1 261 545 -920.4169999999999
1 261 551 -920.4169999999999
1 261 552 -920.4169999999999
1 261 565 -920.4169999999999
1 262 254 -920.4169999999999
1 262 353 -1840.83
1 262 369 -920.4169999999999
1 262 425 -920.4169999999999
1 262 443 -920.4169999999999
1 262 458 -920.4169999999999
1 262 483 -1840.83
1 262 493 -920.4169999999999
1 262 501 -920.4169999999999
1 262 502 -920.4169999999999
1 262 523 -920.4169999999999
1 262 524 -920.4169999999999
1 262 535 -920.4169999999999
1 262 536 -920.4169999999999
1 262 537 -920.4169999999999
1 262 542 -920.4169999999999
1 262 546 -920.4169999999999
1 262 584 -920.4169999999999
1 262 587 -920.4169999999999
1 263 355 -920.4169999999999
1 263 415 -920.4169999999999
1 263 484 -920.4169999999999
1 263 493 -920.4169999999999
1 263 509 -920.4169999999999
1 263 522 -920.4169999999999
1 263 523 -1840.83
1 263 524 -1840.83
1 263 541 -1840.83
1 263 542 -920.4169999999999
1 263 543 -920.4169999999999
1 263 546 -1840.83
1 263 576 -920.4169999999999
1 263 579 -920.4169999999999
1 263 581 -3681.67
1 264 369 -920.4169999999999
1 264 379 -920.4169999999999
1 264 481 -920.4169999999999
1 264 482 -920.4169999999999
1 264 493 -920.4169999999999
1 264 503 -920.4169999999999
1 264 504 -920.4169999999999
1 264 516 -920.4169999999999
1 264 521 -2761.25
1 264 527 -920.4169999999999
1 264 543 -3681.67
1 264 568 -920.4169999999999
1 264 575 -920.4169999999999
1 264 576 -1840.83
1 265 336 -920.4169999999999
1 265 367 -1840.83
1 265 457 -920.4169999999999
1 265 459 -920.4169999999999
1 265 511 -920.4169999999999
1 265 516 -920.4169999999999
1 265 520 -920.4169999999999
1 265 524 -920.4169999999999
1 265 568 -1840.83
1 266 314 -920.4169999999999
1 266 413 -920.4169999999999
1 266 456 -920.4169999999999
1 266 478 -920.4169999999999
1 266 481 -920.4169999999999
1 266 483 -920.4169999999999
1 266 484 -920.4169999999999
1 266 485 -920.4169999999999
1 266 492 -920.4169999999999
1 266 498 -920.4169999999999
1 266 505 -920.4169999999999
1 266 518 -920.4169999999999
1 266 523 -920.4169999999999
1 266 543 -920.4169999999999
1 266 545 -920.4169999999999
1 266 549 -920.4169999999999
1 266 555 -920.4169999999999
1 267 337 -920.4169999999999
1 267 365 -920.4169999999999
1 267 381 -920.4169999999999
1 267 459 -920.4169999999999
1 267 460 -1840.83
1 267 505 -920.4169999999999
1 267 507 -920.4169999999999
1 267 543 -920.4169999999999
1 267 544 -1840.83
1 267 549 -920.4169999999999
1 267 553 -2761.25
1 267 562 -920.4169999999999
1 268 507 -1840.83
1 268 540 -920.4169999999999
1 268 541 -920.4169999999999
1 268 542 -1840.83
1 268 543 -3681.67
1 268 544 -1840.83
1 268 549 -920.4169999999999
1 268 551 -920.4169999999999
1 268 552 -920.4169999999999
1 268 553 -920.4169999999999
1 269 362 -920.4169999999999
1 269 505 -1840.83
1 269 507 -920.4169999999999
1 269 528 -920.4169999999999
1 269 543 -920.4169999999999
1 269 547 -1840.83
1 270 474 -920.4169999999999
1 270 475 -1840.83
1 270 479 -920.4169999999999
1 270 491 -920.4169999999999
1 270 504 -920.4169999999999
1 270 507 -920.4169999999999
1 270 526 -920.4169999999999
1 271 375 -920.4169999999999
1 271 388 -920.4169999999999
1 271 479 -920.4169999999999
1 271 481 -920.4169999999999
1 271 487 -920.4169999999999
1 271 491 -920.4169999999999
1 271 526 -920.4169999999999
1 272 469 -920.4169999999999
1 272 493 -920.4169999999999
1 272 495 -1840.83
1 272 496 -920.4169999999999
1 272 502 -920.4169999999999
1 272 526 -2761.25
1 273 441 -920.4169999999999
1 273 462 -920.4169999999999
1 273 526 -920.4169999999999
1 275 463 -920.4169999999999
1 275 480 -920.4169999999999
1 275 502 -920.4169999999999
1 275 504 -920.4169999999999
1 276 502 -920.4169999999999
1 277 393 -920.4169999999999
1 279 459 -920.4169999999999
1 280 563 -920.4169999999999
1 282 434 -920.4169999999999
1 282 435 -920.4169999999999
1 283 461 -920.4169999999999
1 283 482 -920.4169999999999
1 283 483 -920.4169999999999
1 285 437 -920.4169999999999
1 285 482 -920.4169999999999
1 285 483 -920.4169999999999
1 286 377 -920.4169999999999
1 286 464 -920.4169999999999
1 288 469 -920.4169999999999
1 289 362 -920.4169999999999
1 289 443 -920.4169999999999
1 292 358 -920.4169999999999
1 293 390 -2761.25
1 293 391 -920.4169999999999
1 296 390 -920.4169999999999
1 301 359 -920.4169999999999
1 301 378 -920.4169999999999
1 85 106 -920.4169999999999
1 92 112 -1840.83
1 93 117 -920.4169999999999
1 97 89 -920.4169999999999
1 98 101 -920.4169999999999
1 99 126 -920.4169999999999
1 99 136 -920.4169999999999
1 147 119 -4356.0
1 150 114 -9976.65
1 153 113 -11241.3
1 156 158 -3372.39
1 157 160 -2529.29
1 170 169 -119439.0
1 197 280 -8149.94
1 199 225 -2669.81
1 210 300 -6604.26
1 211 298 -39485.0
1 234 285 -4215.48
1 244 234 -19953.3
1 259 541 -562.06
1 265 469 -140.52
1 267 479 -1967.23
1 272 454 -102.25
1 285 433 -8993.03
1 291 453 -155.24
1 299 360 -4074.97
1 109 116 -16861.9
1 131 118 -1124.13
1 132 183 -9555.1
1 137 123 -12505.9
1 140 173 -5058.58
1 152 130 -3793.94
1 155 192 -19953.3
1 157 117 -6323.23
1 158 205 -1826.71
1 172 162 -11522.3
1 173 196 -702.58
1 175 213 -36393.7
1 202 295 -9836.13
1 203 296 -88665.7
1 218 173 -188713.0
1 226 358 -553.51
1 256 333 -14754.2
1 265 349 -7025.81
1 269 347 -4496.52
1 271 470 -1967.23
1 274 431 -3320420.0
1 280 367 -1545.68
1 285 357 -7587.87
1 292 370 -9555.1
1 293 370 -3512.9
1 293 378 -2950.84
1 299 335 -95551.0
1 143 152 -9414.58
1 144 130 -1967.23
1 148 113 -18407.6
1 149 118 -11381.8
1 151 143 -7868.9
1 153 212 -8430.97
1 154 128 -140.52
1 155 180 -10117.2
1 161 161 -1405.16
1 164 159 -23044.7
1 167 163 -20936.9
1 174 182 -5901.68
1 175 178 -1405.16
1 176 128 -5339.61
1 201 279 -6744.77
1 221 294 -3512.9
1 221 361 -421.55
1 222 252 -843.1
1 226 361 -2107.74
1 234 319 -25855.0
1 235 317 -16580.9
1 237 292 -43138.4
1 238 244 -843.1
1 245 243 -51991.0
1 248 238 -7166.32
1 248 331 -2107.74
1 256 342 -6885.29
1 259 347 -2950.84
1 266 345 -4496.52
1 271 268 -32037.7
1 274 278 -6885.29
1 289 355 -281.03
1 295 392 -2529.29
1 296 391 -4496.52
1 296 393 -7728.39
1 140 166 -1124.13
1 143 114 -8712.0
1 146 180 -421.55
1 149 124 -843.1
1 149 202 -33021.3
1 151 189 -5058.58
1 151 211 -281.03
1 152 180 -140.52
1 153 188 -6604.26
1 154 113 -421.55
1 165 167 -35691.1
1 170 115 -5620.65
1 171 125 -140.52
1 176 222 -8993.03
1 184 210 -16861.9
1 189 288 -562.06
1 193 280 -14473.2
1 206 280 -7447.35
1 209 281 -2853.49
1 210 249 -421.55
1 211 263 -1686.19
1 211 296 -1686.19
1 221 302 -140.52
1 221 317 -10398.2
1 224 287 -8290.45
1 228 354 -2529.29
1 230 352 -14473.2
1 231 270 -2950.84
1 235 295 -3091.35
1 236 342 -5339.61
1 240 330 -6323.23
1 240 337 -15456.8
1 240 357 -2810.32
1 244 333 -1346.63
1 246 332 -5199.1
1 246 337 -1826.71
1 251 334 -8571.48
1 258 345 -1264.65
1 260 345 -1967.23
1 262 286 -1826.71
1 263 344 -2810.32
1 263 350 -983.61
1 265 517 -281.03
1 267 321 -5480.13
1 267 428 -44.85
1 269 365 -1264.65
1 270 361 -8009.42
1 271 267 -17845.6
1 271 363 -7447.35
1 275 399 -108.23
1 284 333 -562.06
1 289 371 -4215.48
1 290 371 -5480.13
1 291 365 -1405.16
1 296 358 -77119.1
1 297 356 -562.06
1 297 391 -6604.26
1 299 347 -281.03
1 125 93 -140.52
1 142 169 -2248.26
1 145 116 -16018.8
1 146 146 -4074.97
1 152 213 -2810.32
1 155 116 -14332.7
1 156 214 -3653.42
1 161 185 -9695.61
1 163 186 -843.1
1 166 203 -421.55
1 168 216 -35410.1
1 183 232 -140.52
1 192 232 -2950.84
1 201 310 -281.03
1 215 261 -2388.77
1 221 339 -5761.16
1 222 324 -6323.23
1 230 358 -1967.23
1 233 341 -421.55
1 242 618 -8009.42
1 248 344 -3934.45
1 263 345 -5480.13
1 263 570 -281.03
1 286 302 -1967.23
1 292 360 -562.06
1 293 357 -28524.8
1 295 362 -9274.06
1 297 439 -1060600.0
1 132 120 -12505.9
1 134 124 -6042.19
1 134 126 -6604.26
1 145 166 -5761.16
1 150 121 -17143.0
1 150 127 -9836.13
1 152 118 -12224.9
1 215 296 -11100.8
1 224 257 -5339.61
1 276 358 -1405.16
1 281 445 -140.52
1 137 168 -5480.13
1 149 213 -9695.61
1 170 185 -281.03
1 189 195 -5058.58
1 210 253 -8430.97
1 217 236 -2950.84
1 245 324 -421.55
1 270 480 -562.06
1 145 131 -10257.7
1 148 124 -281.03
1 153 116 -9695.61
1 158 114 -1967.23
1 171 128 -562.06
1 188 204 -12224.9
1 206 281 -421.55
1 208 226 -8290.45
1 211 266 -31505.5
1 213 276 -18133.1
1 214 274 -41059.0
1 220 278 -127871.0
1 223 372 -25855.0
1 239 385 -51.13
1 239 416 -20.25
1 241 238 -8290.45
1 245 408 -5339.61
1 246 320 -1264.65
1 248 454 -1545.68
1 259 351 -4068.44
1 265 360 -13112.4
1 269 360 -8102.78
1 272 360 -3091.35
1 273 340 -1264.65
1 273 521 -16018.8
1 274 327 -281.03
1 275 465 -387.46
1 290 322 -5058.58
1 294 354 -64.38
1 297 377 -4496.52
1 147 183 -5761.16
1 205 310 -281.03
1 173 183 -4074.97
1 201 251 -562.06
1 201 301 -2248.26
1 251 286 -421.55
1 259 336 -421.55
1 265 488 -281.03
1 135 160 -6463.74
1 144 189 -5901.68
1 154 112 -3653.42
1 156 131 -562.06
1 161 179 -281.03
1 164 169 -8571.48
1 167 247 -1405.16
1 186 209 -12927.5
1 204 300 -40.49
1 215 269 -20374.8
1 218 239 -4634.26
1 226 375 -42348.6
1 235 420 -15035.2
1 238 302 -4777.55
1 242 355 -165.62
1 245 406 -140.52
1 248 590 -983.61
1 248 593 -421.55
1 255 333 -453.15
1 256 443 -576.67
1 258 339 -2162.18
1 258 416 -328.9
1 266 470 -1580.42
1 269 482 -140.52
1 270 476 -983.61
1 273 523 -154849.0
1 274 506 -562.06
1 275 479 -11522.3
1 280 458 -1501.47
1 293 458 -14473.2
1 298 384 -159.79
1 298 391 -1545.68
1 221 300 -702.58
1 134 167 -10398.2
1 159 157 -23044.7
1 197 298 -35.25
1 211 290 -4918.06
1 237 406 -2162.33
1 244 430 -843.1
1 247 342 -107.35
1 253 427 -3653.75
1 253 443 -173.77
1 254 398 -126.43
1 254 442 -2768.13
1 254 444 -405.66
1 254 445 -69.92
1 256 445 -792.54
1 261 369 -1112.14
1 263 448 -421.55
1 271 471 -140.52
1 271 489 -18382.4
1 273 520 -1124.13
1 275 371 -983.61
1 275 449 -42435.9
1 262 394 -1678890.0
1 157 122 -6463.74
1 160 136 -562.06
1 169 201 -17424.0
1 199 297 -150.9
1 212 315 -264.96
1 214 287 -81.57
1 224 372 -3231.87
1 246 609 -2223.51
1 247 343 -39.91
1 247 590 -140.52
1 255 446 -5282.67
1 276 386 -1264.65
1 281 446 -1264.65
1 284 406 -702.58
1 291 458 -2.77
1 295 390 -14332.7
1 297 384 -843.1
1 165 158 -23044.7
1 178 212 -5199.1
1 145 147 -140.52
1 257 443 -1163.39
1 162 205 -5761.16
1 244 330 -1826.71
1 248 343 -114.05
1 249 589 -281.03
1 254 394 -29.57
1 276 469 -140.52
1 276 484 -140.52
1 282 451 -421.55
1 134 173 -2950.84
1 145 139 -281.03
1 150 115 -13349.0
1 152 115 -1545.68
1 206 299 -5.39
1 239 305 -374.64
1 261 461 -140.52
1 289 412 -140.52
1 233 400 -137003.0
1 268 360 -983.61
