1 62 1 3798.3
1 61 2 3770.7
1 60 3 3749.7
1 59 4 3733.5
1 58 5 3721.5
1 57 6 3713.4
1 56 7 3709.2
1 55 8 3709.0
1 54 9 3713.4
1 53 10 3722.5
1 52 11 3736.7
1 51 12 3755.5
1 49 13 3767.8
1 50 13 3777.1
1 48 14 3789.3
1 47 15 3784.5
1 46 16 3776.7
1 45 17 3766.9
1 45 18 3767.6
1 45 19 3768.3
1 44 20 3756.4
1 44 21 3756.2
1 44 22 3755.5
1 44 23 3754.2
1 44 24 3752.2
1 44 25 3749.4
1 44 26 3745.6
1 44 27 3740.7
1 44 28 3734.5
1 44 29 3727.0
1 44 30 3717.9
1 44 31 3707.0
1 44 32 3694.2
1 44 33 3679.1
1 44 34 3661.5
1 44 35 3641.1
1 44 36 3617.4
1 44 37 3589.8
1 44 38 3557.8
1 44 39 3520.3
1 44 40 3476.1
1 44 41 3422.8
1 43 42 3304.0
1 43 43 3265.0
1 43 44 3203.3
1 42 45 3052.1
1 42 46 2997.6
1 40 47 2765.7
1 41 47 2812.0
1 40 48 2729.6
1 40 49 2663.5
1 40 50 2567.6
1 35 78 4859.7
1 35 79 4888.1
1 34 80 4945.1
1 33 81 5025.5
1 32 82 5089.1
1 31 83 5102.5
1 30 84 5114.2
1 29 85 5123.1
1 28 86 5145.4
1 27 87 5164.2
1 26 88 5190.3
1 25 89 5217.8
1 25 90 5254.2
1 24 91 5241.3
1 24 92 5256.5
1 24 93 5293.6
1 24 94 5330.6
1 23 95 5345.7
1 23 96 5386.0
1 23 97 5422.3
1 22 98 5430.3
1 22 99 5471.4
1 22 100 5508.4
1 22 101 5545.7
1 21 102 5566.0
1 21 103 5611.1
1 20 104 5633.2
1 20 105 5675.7
1 19 106 5707.7
1 19 107 5752.1
1 18 108 5788.7
1 18 109 5828.5
1 17 110 5747.7
1 17 111 5758.8
1 17 112 5868.1
1 65 109 6030.5
1 66 109 6027.0
1 67 109 5976.4
1 68 109 5941.6
1 69 109 5951.1
1 62 110 5964.5
1 63 110 6002.2
1 64 110 6023.1
1 70 110 6040.0
1 60 111 5859.4
1 61 111 5880.9
1 71 111 6106.0
1 37 112 5647.1
1 38 112 5707.3
1 39 112 5768.9
1 40 112 5814.4
1 41 112 5851.4
1 42 112 5873.4
1 43 112 5884.6
1 44 112 5893.7
1 45 112 5900.9
1 46 112 5910.4
1 47 112 5919.3
1 48 112 5936.9
1 55 112 5739.6
1 56 112 5761.3
1 57 112 5778.4
1 58 112 5795.2
1 59 112 5810.1
1 72 112 6143.0
1 16 113 5956.8
1 33 113 5631.7
1 34 113 5615.1
1 35 113 5599.2
1 36 113 5578.7
1 49 113 5930.6
1 50 113 5908.4
1 51 113 5855.3
1 52 113 5800.7
1 53 113 5744.1
1 54 113 5707.4
1 73 113 6175.3
1 16 114 6015.9
1 29 114 5721.3
1 30 114 5696.1
1 31 114 5668.3
1 32 114 5633.3
1 74 114 6198.4
1 75 114 6202.5
1 16 115 6072.6
1 25 115 5833.0
1 26 115 5810.2
1 27 115 5781.0
1 28 115 5741.0
1 76 115 6234.3
1 16 116 6127.9
1 21 116 5975.7
1 22 116 5990.6
1 23 116 5903.4
1 24 116 5863.2
1 77 116 6249.5
1 78 116 6247.6
1 79 116 6260.2
1 16 117 6182.1
1 20 117 6023.7
1 80 117 6281.1
1 81 117 6279.2
1 82 117 6258.6
1 83 117 6231.1
1 84 117 6202.0
1 16 118 6219.5
1 17 118 6185.7
1 18 118 6138.6
1 19 118 6085.1
1 85 118 6131.5
1 85 119 6089.7
1 86 120 6072.5
1 86 121 6095.2
1 86 122 6120.0
1 86 123 6137.3
1 86 124 6149.7
1 86 125 6159.3
1 86 126 6166.4
1 86 127 6170.1
1 86 128 6170.7
1 86 129 6169.0
1 86 130 6166.3
1 86 131 6162.1
1 86 132 6155.2
1 86 133 6146.5
1 86 134 6134.7
1 86 135 6118.8
1 86 136 6099.7
1 85 137 6050.6
1 85 138 6037.7
1 84 139 6032.8
1 83 140 6073.8
1 82 141 6157.7
1 82 142 6174.0
1 81 143 6226.7
1 80 144 6287.2
1 79 145 6356.2
1 78 146 6419.8
1 77 147 6487.1
1 76 148 6559.0
1 75 149 6636.4
1 75 150 6700.7
1 75 151 6761.3
1 75 152 6821.9
1 75 153 6868.8
1 76 154 6862.0
1 77 154 6849.2
1 78 154 6839.0
1 79 155 6827.7
1 80 155 6815.1
1 81 156 6797.5
1 82 157 6771.0
1 82 158 6748.6
1 83 158 6734.5
1 84 159 6704.6
1 84 160 6676.8
1 84 161 6652.4
1 84 162 6628.5
1 85 163 6603.4
1 86 164 6574.0
1 87 165 6537.0
1 88 166 6502.2
1 89 167 6468.6
1 90 168 6387.2
1 90 169 6337.2
1 91 170 6269.8
1 92 171 6198.4
1 93 172 6167.7
1 94 173 6141.2
1 94 174 6138.8
1 95 175 6123.4
1 95 176 6109.0
1 95 177 6113.7
1 95 178 6120.7
1 95 179 6126.0
1 96 180 5954.7
1 97 181 5971.7
1 98 182 5989.2
1 99 183 6006.7
1 100 184 6022.5
1 101 185 6037.9
1 102 185 6046.3
1 103 185 6061.9
1 104 186 6096.3
1 105 186 6097.4
1 106 187 6100.6
1 107 188 6096.4
1 108 189 5914.1
1 108 190 5916.1
1 108 191 5917.1
1 108 192 5916.7
1 108 193 5912.5
1 107 194 5707.4
1 107 195 5703.4
1 107 196 5695.6
1 107 197 5685.3
1 107 198 5673.3
1 106 199 5634.9
1 106 200 5622.0
1 105 201 5576.1
1 105 202 5562.9
1 104 203 5522.4
1 104 204 5513.7
1 104 205 5498.7
1 104 206 5477.3
1 104 207 5444.2
1 98 208 5460.6
1 99 208 5470.7
1 100 208 5483.1
1 101 208 5496.0
1 102 208 5513.7
1 103 208 5542.4
1 97 209 5451.3
1 97 210 5450.1
1 97 211 5446.0
1 97 212 5440.7
1 96 213 5424.1
1 95 214 5416.7
1 95 215 5415.4
1 94 216 5408.0
1 94 217 5407.1
1 94 218 5406.4
1 95 219 5410.6
1 96 220 5414.1
1 97 221 5418.0
1 97 222 5416.9
1 98 223 5420.2
1 98 224 5418.8
1 99 225 5422.9
1 99 226 5421.0
1 100 227 5242.1
1 128 227 5398.5
1 129 227 5461.6
1 101 228 5248.0
1 107 228 5142.9
1 108 228 5167.8
1 109 228 5196.4
1 110 228 5228.4
1 111 228 5263.1
1 125 228 5283.4
1 126 228 5309.8
1 127 228 5318.0
1 130 228 5187.6
1 131 228 5194.1
1 132 228 5188.2
1 133 228 5189.3
1 134 228 5195.5
1 135 228 5209.9
1 136 228 5226.9
1 137 228 5240.2
1 138 228 5267.0
1 102 229 5252.8
1 106 229 5280.7
1 112 229 5117.3
1 118 229 5143.6
1 119 229 5162.0
1 120 229 5177.9
1 121 229 5192.0
1 122 229 5203.3
1 123 229 5212.7
1 124 229 5215.2
1 139 229 5340.3
1 103 230 5256.3
1 104 230 5258.9
1 105 230 5261.9
1 113 230 5133.9
1 114 230 5125.4
1 115 230 5121.1
1 116 230 5118.6
1 117 230 5110.7
1 140 230 5307.1
1 139 231 5374.7
1 137 232 5411.3
1 138 232 5410.6
1 136 233 5414.6
1 135 234 5407.4
1 133 235 5374.7
1 134 235 5388.0
1 132 236 5357.8
1 130 237 5314.5
1 131 237 5329.7
1 129 238 5303.3
1 128 239 5287.2
1 127 240 5267.3
1 127 241 5257.5
1 127 242 5244.6
1 128 243 5252.9
1 129 244 5251.2
1 129 245 5238.5
1 130 246 5234.7
1 131 246 5233.6
1 132 246 5236.5
1 133 246 5245.8
1 134 246 5263.2
1 135 246 5289.6
1 136 246 5316.8
1 137 246 5336.8
1 138 246 5358.8
1 139 247 5409.5
1 140 247 5434.0
1 141 247 5471.5
1 142 247 5514.8
1 143 248 5577.8
1 144 249 5671.3
1 144 250 5698.1
1 145 251 5749.9
1 145 252 5775.5
1 145 253 5795.8
1 146 254 5829.1
1 146 255 5826.5
1 146 256 5820.5
1 146 257 5812.6
1 146 258 5802.4
1 146 259 5790.6
1 146 260 5777.2
1 146 261 5764.9
1 146 262 5751.7
1 146 263 5738.5
1 146 264 5728.4
1 146 265 0.0
1 147 266 5482.8
1 147 267 5453.7
1 147 268 5428.8
1 147 269 5389.1
1 147 270 5356.1
1 148 271 5306.0
1 148 272 5279.2
1 148 273 5252.1
1 148 274 5230.3
1 149 274 5215.4
1 149 275 5175.8
1 149 276 5143.6
1 149 277 5091.0
1 149 278 5036.4
1 150 279 5132.7
1 150 280 5087.7
1 150 281 5046.5
1 150 282 5016.2
1 151 283 4932.5
1 151 284 4888.7
1 151 285 4855.4
1 152 286 4761.4
1 152 287 4706.8
1 152 288 4662.5
1 152 289 4628.0
1 153 290 4722.8
1 153 291 4696.3
1 153 292 4704.2
1 154 293 4715.0
1 154 294 4726.6
1 154 295 4736.1
1 154 296 4742.2
1 155 297 4760.1
1 155 298 4763.9
1 156 299 4586.8
1 157 299 4593.1
1 158 299 4602.6
1 159 299 4615.1
1 160 299 4631.1
1 161 299 4650.5
1 162 300 4681.7
1 162 301 4684.5
1 162 302 4683.6
1 162 303 4681.0
1 162 304 4678.3
1 163 305 4857.4
1 163 306 4848.4
1 163 307 4838.6
1 163 308 4829.3
1 163 309 4823.2
1 164 310 5039.4
1 165 311 5081.0
1 166 312 5152.7
1 167 313 5211.3
1 168 314 5244.2
1 168 315 5076.7
1 168 316 5081.0
1 169 316 5088.5
1 169 317 5094.3
1 170 317 5104.1
1 171 318 5105.2
1 171 319 5081.8
1 172 320 5033.9
1 172 321 4986.4
1 172 322 4938.1
1 172 323 4887.1
1 172 324 4847.4
1 173 325 4845.9
1 173 326 4849.5
1 173 327 4851.3
1 174 328 4860.7
1 174 329 4862.3
1 174 330 4863.3
1 175 331 4867.8
1 176 331 4871.8
1 177 331 4877.7
1 178 332 4887.1
1 179 333 4889.7
1 179 334 4886.6
1 179 335 4883.5
1 180 336 4881.0
1 181 337 4872.5
1 181 338 4867.8
1 187 338 4741.0
1 188 338 4762.1
1 189 338 4779.7
1 190 338 4793.4
1 182 339 4858.5
1 186 339 4873.5
1 191 339 4797.0
1 192 339 5216.0
1 182 340 4852.5
1 186 340 4857.8
1 193 340 5215.3
1 182 341 4848.9
1 186 341 4847.8
1 194 341 5215.2
1 195 341 5216.8
1 183 342 4845.3
1 184 342 4845.1
1 185 342 4844.6
1 186 342 4843.5
1 196 342 5216.5
1 196 343 5214.4
1 197 344 5213.3
1 198 345 5210.9
1 199 346 5208.8
1 200 346 5210.4
1 201 346 5212.6
1 202 346 5214.7
1 203 346 5215.5
1 204 346 4392.53
1 205 347 5199.5
1 206 347 5193.3
1 207 348 5398.8
1 207 349 5496.1
1 207 350 5637.0
1 206 351 5696.9
1 205 352 5701.7
1 205 353 5706.2
1 205 354 5711.2
1 206 355 5734.1
1 206 356 5742.3
1 207 357 5767.0
1 208 357 5784.2
1 209 358 5465.4
1 210 359 5522.7
1 211 359 5550.7
1 212 360 5470.5
1 212 361 5507.7
1 208 362 5529.9
1 209 362 5534.6
1 210 362 5541.7
1 211 362 5547.4
1 207 363 5526.1
1 206 364 5520.7
1 206 365 5522.0
1 206 366 5522.2
1 206 367 5521.4
1 206 368 5520.4
1 206 369 5519.2
1 207 369 5525.6
1 208 369 5542.1
1 209 369 5563.8
1 210 369 5588.2
1 211 369 5618.5
1 212 369 5654.9
1 213 369 5699.1
1 214 370 5595.6
1 215 370 5629.4
1 216 372 5626.7
1 214 373 5263.1
1 215 373 5351.3
1 214 374 5220.0
1 213 375 5270.2
1 212 376 5247.8
1 211 377 5194.7
1 211 378 5183.6
1 211 379 5178.1
1 211 380 5180.2
1 211 381 5189.3
1 211 382 5243.7
1 211 383 5293.5
1 212 384 45000.0
1 212 385 45000.0
1 212 386 45000.0
1 212 387 45000.0
1 212 388 45000.0
1 212 389 45000.0
1 212 390 45000.0
1 212 391 45000.0
1 212 392 45000.0
1 212 393 45000.0
1 213 394 45000.0
1 213 395 45000.0
1 213 396 45000.0
1 213 397 45000.0
1 213 398 45000.0
1 213 399 45000.0
1 213 400 45000.0
1 213 401 45000.0
1 213 402 45000.0
1 214 403 45000.0
1 214 404 45000.0
1 214 405 45000.0
1 214 406 45000.0
1 214 407 45000.0
1 214 409 45000.0
1 214 410 45000.0
1 214 411 45000.0
1 214 412 45000.0
1 214 413 45000.0
1 214 414 45000.0
1 214 415 45000.0
1 215 416 45000.0
1 215 417 45000.0
1 227 417 45000.0
1 228 417 45000.0
1 229 417 45000.0
1 216 418 45000.0
1 226 418 45000.0
1 230 418 45000.0
1 217 419 45000.0
1 218 419 45000.0
1 219 419 45000.0
1 220 419 45000.0
1 221 419 45000.0
1 222 419 45000.0
1 223 419 45000.0
1 224 419 45000.0
1 225 419 45000.0
1 229 419 45000.0
1 229 420 45000.0
1 226 421 45000.0
1 227 421 45000.0
1 228 421 45000.0
1 224 422 45000.0
1 225 422 45000.0
1 224 423 45000.0
1 224 424 45000.0
1 225 424 45000.0
1 226 424 45000.0
1 227 424 45000.0
1 228 424 45000.0
1 229 425 45000.0
1 229 426 45000.0
1 229 427 45000.0
1 229 428 45000.0
1 229 429 45000.0
1 228 430 45000.0
1 228 431 45000.0
1 228 432 45000.0
1 228 433 45000.0
1 228 434 45000.0
1 228 435 45000.0
1 229 435 45000.0
1 230 436 45000.0
1 230 437 45000.0
1 230 438 45000.0
1 230 439 45000.0
1 230 440 45000.0
1 230 441 45000.0
1 230 442 45000.0
1 230 443 45000.0
1 230 444 45000.0
1 230 445 45000.0
1 230 446 45000.0
1 230 447 45000.0
1 230 448 45000.0
1 230 449 45000.0
1 230 450 45000.0
1 230 451 45000.0
1 230 452 45000.0
1 230 453 45000.0
1 230 454 45000.0
1 230 455 45000.0
1 230 456 45000.0
1 231 457 45000.0
1 231 458 45000.0
1 231 459 45000.0
1 231 460 45000.0
1 232 461 45000.0
1 232 462 45000.0
1 232 463 45000.0
1 232 464 45000.0
1 233 464 45000.0
1 234 464 45000.0
1 235 464 45000.0
1 236 464 45000.0
1 237 464 45000.0
1 238 464 45000.0
1 239 465 45000.0
1 239 466 45000.0
1 239 467 5337.1
1 238 468 5337.1
1 238 469 5337.1
1 238 470 5337.1
1 239 471 5337.1
1 240 471 5337.1
1 241 472 5337.1
1 242 472 5337.1
1 243 472 5337.1
1 244 473 5337.1
1 245 474 5337.1
1 246 475 5337.1
1 246 476 5337.1
1 246 477 5337.1
1 246 478 5337.1
1 246 479 5337.1
1 246 480 5337.1
1 245 481 5337.1
1 245 482 5337.1
1 244 483 5337.1
1 243 484 5337.1
1 243 485 5337.1
1 243 486 5337.1
1 243 487 5337.1
1 243 488 5337.1
1 243 489 5337.1
1 242 490 5337.1
1 242 491 5337.1
1 241 492 5337.1
1 241 493 5337.1
1 240 494 5337.1
1 239 495 5337.1
1 238 496 5337.1
1 235 497 5337.1
1 236 497 5337.1
1 237 497 5337.1
1 233 498 5337.1
1 234 498 5337.1
1 233 499 5337.1
1 232 500 5337.1
1 231 501 5337.1
1 231 502 5337.1
1 231 503 5337.1
1 231 504 5337.1
1 231 505 5337.1
1 231 506 5337.1
1 231 507 5337.1
1 231 508 5337.1
1 231 509 5337.1
1 231 510 5337.1
1 231 511 5337.1
1 231 512 5337.1
1 231 513 5337.1
1 231 514 5337.1
1 231 515 5337.1
1 232 516 5337.1
1 232 517 5337.1
1 232 518 5337.1
1 233 519 5337.1
1 233 520 5337.1
1 233 521 5337.1
1 234 522 5337.1
1 234 523 5337.1
1 235 524 5337.1
1 235 525 5337.1
1 236 525 5337.1
1 237 525 5337.1
1 238 525 5337.1
1 239 526 5337.1
1 239 527 5337.1
1 240 528 5437.9
1 240 529 5453.1
1 241 530 5519.7
1 241 531 5549.7
1 241 532 5566.6
1 241 533 5578.1
1 241 534 5586.4
1 242 535 5064.8
1 242 536 5076.1
1 243 536 5094.1
1 244 536 5126.6
1 245 536 5155.2
1 246 537 5210.6
1 246 538 5227.7
1 247 539 5267.6
1 248 540 5303.1
1 249 540 5315.2
1 250 540 5331.6
1 251 541 5365.2
1 250 544 5398.8
1 251 544 5401.1
1 245 545 5344.2
1 246 545 5355.4
1 247 545 5374.0
1 248 545 5387.7
1 249 545 5393.2
1 243 546 5317.7
1 244 546 5321.7
1 243 547 5318.4
1 242 548 5314.5
1 242 549 5314.8
1 241 550 5308.6
1 241 551 5306.9
1 240 552 5296.5
1 239 553 5285.5
1 238 554 0.0
1 237 555 5249.9
1 236 556 5248.8
1 236 557 5248.8
1 232 558 5189.1
1 233 558 5186.1
1 234 558 5193.8
1 235 558 5197.3
1 232 559 5201.2
1 231 560 5201.4
1 231 561 5209.8
1 231 562 5216.5
1 231 563 5221.6
1 231 564 5222.9
1 230 565 5389.7
1 230 566 5382.9
1 230 567 5372.0
1 230 568 5359.6
1 215 371 5678.1
1 39 51 6043.2
1 39 52 5967.8
1 38 53 5714.5
1 38 54 5641.8
1 37 55 5375.6
1 36 56 5152.8
1 35 57 4950.0
1 35 58 4889.0
1 35 59 4787.7
1 35 60 8397.7
1 35 61 8262.3
1 35 62 8125.5
1 35 63 7985.2
1 35 64 7841.2
1 35 65 7693.4
1 35 66 7542.6
1 35 67 7395.4
1 35 68 7276.3
1 36 69 10770.0
1 36 70 10502.6
1 36 71 10250.3
1 36 72 10007.1
1 36 73 9772.1
1 36 74 9559.1
1 36 75 9377.7
1 36 76 9287.9
1 36 77 9255.2
1 230 569 5347.0
1 230 570 5333.5
1 230 571 5317.4
1 230 572 5306.0
1 230 573 5316.9
1 230 574 5332.4
1 230 575 5342.6
1 230 576 5344.7
1 230 577 5179.6
1 230 578 5212.8
1 230 579 5245.9
1 230 580 5275.3
1 230 581 5278.4
1 230 582 5283.8
1 230 583 5286.3
1 230 584 5285.4
1 230 585 5282.0
1 230 586 5277.4
1 230 587 5271.3
1 230 588 5267.4
1 229 589 5251.5
1 229 590 5242.2
1 228 591 5219.5
1 228 592 5203.8
1 228 593 5186.5
1 228 594 5164.3
1 227 595 5120.1
1 227 596 5096.9
1 227 597 5068.8
1 227 598 5035.6
1 227 599 4786.4
1 226 600 4700.2
1 226 601 4698.2
1 226 602 4696.9
1 226 603 4697.6
1 225 604 4268.5
1 224 605 4268.5
1 223 606 4290.4
1 222 607 4310.8
1 223 605 4275.0
1 114 114 -3091.35
1 117 120 -1195.52
1 129 121 -7025.81
1 130 122 -773.97
1 133 112 -15175.7
1 135 194 -1336.03
1 138 201 -2810.32
1 139 168 -843.1
1 140 168 -2388.77
1 141 191 -4637.03
1 143 126 -9133.55
1 143 172 -3091.35
1 143 190 -2248.26
1 144 166 -5339.61
1 144 172 -3512.9
1 144 182 -5620.65
1 144 190 -1264.65
1 145 161 -8009.42
1 145 164 -140.52
1 146 117 -5199.1
1 146 190 -1686.19
1 147 132 -2107.74
1 147 145 -773.97
1 148 167 -6323.23
1 148 176 -773.97
1 148 196 -2950.84
1 149 145 -7447.35
1 149 146 -5339.61
1 150 124 -4215.48
1 150 128 -140.52
1 150 141 -2388.77
1 150 198 -8430.97
1 151 142 -6182.71
1 151 195 -4777.55
1 152 123 -8430.97
1 152 125 -1195.52
1 152 132 -1476.55
1 153 142 -18829.2
1 153 192 -6463.74
1 154 125 -140.52
1 154 171 -1757.58
1 154 249 -702.58
1 155 112 -5761.16
1 155 129 -281.03
1 155 141 -26979.1
1 156 129 -143045.0
1 156 146 -11522.3
1 157 116 -5480.13
1 157 135 -2953.1
1 157 140 -37517.8
1 157 251 -983.61
1 158 133 -5129.97
1 158 137 -5199.1
1 158 181 -17002.4
1 159 119 -51709.9
1 159 173 -14051.6
1 161 125 -281.03
1 161 188 -9976.65
1 162 119 -1124.13
1 162 121 -15035.2
1 162 128 -164263.0
1 162 132 -13208.5
1 162 140 -562.06
1 162 167 -1264.65
1 162 169 -1686.19
1 163 138 -1757.58
1 164 135 -2669.81
1 164 187 -6604.26
1 165 130 -5901.68
1 165 131 -281.03
1 166 126 -702.58
1 167 259 -140.52
1 168 123 -281.03
1 168 208 -3793.94
1 169 163 -6885.29
1 170 131 -4356.0
1 170 132 -843.1
1 170 163 -2950.84
1 171 131 -3793.94
1 171 132 -3512.9
1 172 130 -4496.52
1 172 218 -9414.58
1 173 224 -3512.9
1 174 123 -281.03
1 175 204 -562.06
1 176 176 -1826.71
1 177 133 -10538.7
1 177 211 -2529.29
1 178 164 -5199.1
1 179 181 -4215.48
1 179 183 -5620.65
1 179 210 -13349.0
1 180 208 -18548.1
1 183 184 -7166.32
1 184 246 -2388.77
1 187 200 -6042.19
1 188 198 -5761.16
1 188 240 -2248.26
1 188 258 -2529.29
1 191 281 -1967.23
1 193 256 -1826.71
1 193 260 -20044.7
1 197 204 -1545.68
1 197 252 -421.55
1 198 297 -140.52
1 198 298 -773.97
1 199 211 -2529.29
1 199 231 -702.58
1 199 298 -773.97
1 200 298 -773.97
1 201 234 -140.52
1 203 275 -3231.87
1 203 280 -562.06
1 204 248 -18883.2
1 205 300 -813.36
1 206 196 -106933.0
1 206 286 -1796.12
1 206 300 -1547.94
1 210 264 -281.03
1 211 255 -3091.35
1 212 226 -281.03
1 213 264 -140.52
1 213 300 -281.03
1 214 240 -10257.7
1 215 260 -1405.16
1 216 238 -2107.74
1 216 267 -562.06
1 217 264 -983.61
1 217 365 -562.06
1 218 179 -41311.7
1 219 310 -702.58
1 221 284 -11803.5
1 222 352 -8860.86
1 222 358 -140.52
1 222 369 -13208.5
1 223 271 -1124.13
1 224 301 -1124.13
1 224 374 -7379.5
1 226 311 -1405.16
1 226 350 -164.05
1 226 365 -1872.76
1 226 382 -4505.9
1 228 225 -1264.65
1 230 255 -1826.71
1 230 361 -1124.13
1 231 401 -773.97
1 232 256 -702.58
1 232 364 -323.54
1 232 370 -14043.8
1 233 337 -773.97
1 233 376 -2143.2
1 233 394 -1547.94
1 233 399 -61686.6
1 234 304 -4062.35
1 234 393 -773.97
1 235 400 -1264.65
1 236 263 -421.55
1 236 351 -983.61
1 237 237 -2248.26
1 237 316 -27931.8
1 237 357 -1898.4
1 237 389 -773.97
1 238 221 -281.03
1 238 398 -38.2
1 238 605 -3912.48
1 238 609 -1547.94
1 239 250 -140.52
1 239 338 -562.06
1 239 426 -702.58
1 239 605 -3869.85
1 239 606 -2321.91
1 239 619 -773.97
1 240 380 -773.97
1 240 426 -773.97
1 240 608 -3095.88
1 241 335 -702.58
1 241 342 -1264.65
1 241 604 -773.97
1 242 311 -6324.26
1 243 357 -1405.16
1 243 371 -11543.9
1 243 389 -1967.23
1 243 422 -140.52
1 243 431 -190.28
1 243 605 -3869.85
1 244 431 -104.69
1 244 605 -4643.82
1 244 621 -1547.94
1 245 238 -9274.06
1 245 322 -28332.0
1 245 337 -773.97
1 245 370 -790.01
1 245 621 -773.97
1 246 321 -3977.57
1 246 618 -2321.91
1 247 344 -773.97
1 247 383 -11310.7
1 247 384 -2301420.0
1 248 251 -25238.4
1 248 424 -2669.81
1 248 436 -2107.74
1 248 444 -22164.1
1 248 589 -3372.39
1 249 373 -773.97
1 249 389 -7166.32
1 249 424 -5692.03
1 249 430 -29341.8
1 249 436 -5969.11
1 249 443 -4789.66
1 249 606 -3869.85
1 250 239 -14473.2
1 250 326 -2775.61
1 250 424 -773.97
1 250 425 -435038.0
1 250 431 -39849.4
1 250 595 -2462.43
1 251 300 -2248.26
1 251 333 -453.82
1 251 356 -37792.8
1 251 408 -457.89
1 251 456 -914.49
1 251 457 -19.16
1 251 594 -773.97
1 251 595 -801.87
1 251 596 -1547.94
1 252 230 -1405.16
1 252 285 -702.58
1 252 329 -28200.7
1 252 450 -843.1
1 252 595 -773.97
1 252 606 -773.97
1 253 298 -281.03
1 253 331 -12209.3
1 253 332 -15240.1
1 253 416 -140.52
1 253 420 -9980.45
1 253 445 -92205.2
1 254 338 -1545.68
1 254 367 -562.06
1 254 407 -842.12
1 254 597 -773.97
1 254 607 -1195.52
1 255 381 -44403.1
1 255 383 -71241.7
1 255 388 -39906.6
1 255 395 -2107.74
1 255 420 -5761.16
1 255 439 -12787.0
1 255 443 -40608.8
1 255 595 -773.97
1 255 596 -773.97
1 255 606 -773.97
1 255 609 -1547.94
1 255 610 -40103.8
1 256 314 -7013.07
1 256 335 -983.61
1 256 370 -4581.31
1 256 413 -2950.84
1 256 586 -34413.7
1 256 593 -3095.88
1 257 238 -281.03
1 257 324 -5124.93
1 257 413 -2529.29
1 257 576 -5115.04
1 257 599 -2627.41
1 257 600 -88525.2
1 258 325 -9112.32
1 258 336 -3743.12
1 258 420 -136155.0
1 258 442 -705643.0
1 258 464 -1967.23
1 258 585 -4643.82
1 258 595 -1547.94
1 258 601 -22201.6
1 258 602 -56580.1
1 259 340 -3022.23
1 259 371 -5540.43
1 259 405 -125604.0
1 259 588 -31650.6
1 259 592 -1256.16
1 259 593 -1079.2
1 260 342 -702.58
1 260 349 -702.58
1 260 407 -3194580.0
1 260 413 -179778.0
1 260 424 -697.7
1 260 461 -1686.19
1 260 463 -28946.3
1 260 464 -14754.2
1 260 585 -34544.7
1 260 586 -65172.9
1 260 587 -9284.97
1 261 337 -3934.45
1 261 355 -1124.13
1 261 381 -153414.0
1 261 395 -92973.2
1 261 416 -18688.7
1 261 418 -773.97
1 261 429 -38862.3
1 261 464 -23466.2
1 261 492 -773.97
1 261 571 -8852.52
1 261 576 -24244.1
1 262 345 -983.61
1 262 449 -140.52
1 262 540 -424.21
1 262 564 -2933.62
1 262 567 -34205.0
1 262 568 -18548.1
1 262 570 -130539.0
1 262 571 -2529.29
1 263 340 -281.03
1 263 471 -5620.65
1 263 477 -10819.7
1 263 520 -1547.94
1 263 574 -140.52
1 263 582 -3973.15
1 264 344 -562.06
1 264 345 -1124.13
1 264 355 -281.03
1 264 367 -1617.07
1 264 383 -134013.0
1 264 407 -3653.42
1 264 428 -140408.0
1 264 468 -81.42
1 264 471 -4918.06
1 264 476 -137987.0
1 264 477 -1826.71
1 264 523 -2883.97
1 264 524 -562.06
1 264 549 -3188.71
1 265 364 -18380.3
1 265 374 -67288.8
1 265 380 -53.88
1 265 422 -243669.0
1 265 523 -2377.47
1 266 337 -773.97
1 266 340 -140.52
1 266 462 -140.52
1 267 391 -14332.7
1 267 463 -1545.68
1 267 555 -773.97
1 267 556 -773.97
1 268 333 -843.1
1 268 334 -843.1
1 268 379 -4.31
1 268 436 -2032190.0
1 268 455 -32.93
1 268 479 -421.55
1 268 480 -421.55
1 268 489 -8221.89
1 268 545 -44006.2
1 269 349 -140.52
1 269 363 -773.97
1 269 397 -60562.4
1 269 450 -1826.71
1 269 456 -11398.2
1 269 541 -773.97
1 270 337 -140.52
1 270 352 -562.06
1 270 397 -19812.8
1 270 412 -40978.7
1 270 417 -149815.0
1 270 429 -945.96
1 270 481 -773.97
1 270 483 -1575.76
1 270 484 -773.97
1 270 486 -8532.17
1 270 498 -843.1
1 271 319 -48811.2
1 271 335 -281.03
1 271 368 -140.52
1 271 371 -1826.71
1 271 415 -25997.2
1 271 451 -6042.19
1 271 485 -309.29
1 271 493 -103419.0
1 271 498 -87822.6
1 271 537 -100925.0
1 272 336 -15.86
1 272 337 -20535.7
1 272 351 -2529.29
1 272 366 -1124.13
1 272 368 -86448.3
1 272 388 -575024.0
1 272 450 -5199.1
1 272 451 -24449.8
1 272 453 -140.52
1 272 462 -1919830.0
1 272 490 -281.03
1 272 491 -15.57
1 272 497 -31903.1
1 272 498 -82623.5
1 272 530 -17524.8
1 272 532 -100663.0
1 272 535 -7821.96
1 273 363 -140.52
1 273 410 -1264.65
1 273 480 -12646.5
1 273 510 -1898.1
1 273 516 -22870.6
1 273 517 -533572.0
1 273 518 -389.0
1 274 409 -2950.84
1 274 520 -26979.1
1 274 523 -281.03
1 275 367 -107776.0
1 275 441 -283326.0
1 275 450 -22763.6
1 275 506 -140.52
1 276 364 -3934.45
1 276 366 -85995.9
1 276 446 -2388.77
1 277 294 -64089.4
1 277 390 -4356.0
1 277 407 -580752.0
1 277 431 -6452.11
1 277 454 -5199.1
1 277 468 -140.52
1 277 472 -19156.4
1 277 480 -80818.9
1 277 482 -6604.26
1 278 365 -17845.6
1 278 435 -2078.81
1 278 482 -6744.77
1 279 310 -28941.5
1 279 336 -1405.16
1 279 433 -195506.0
1 279 438 -248075.0
1 279 449 -562.06
1 279 475 -90138.4
1 279 485 -12084.4
1 280 365 -140.52
1 280 433 -14504.8
1 280 442 -10117.2
1 280 469 -22357.3
1 280 471 -49343.9
1 281 458 -994064.0
1 282 409 -5199.1
1 282 424 -1686.19
1 282 430 -562.06
1 282 436 -3894.64
1 282 454 -958.82
1 282 457 -562.85
1 283 429 -280330.0
1 283 449 -9253.25
1 283 452 -22968.7
1 283 455 -87159.2
1 283 468 -41888.0
1 284 339 -18791.9
1 284 457 -5058.58
1 284 463 -284749.0
1 284 481 -9054.01
1 285 306 -12832.2
1 285 336 -302.35
1 285 374 -562.06
1 285 467 -110866.0
1 285 475 -96974.8
1 286 330 -48926.5
1 286 425 -263938.0
1 286 475 -44130.1
1 286 477 -9818.8
1 287 329 -619.5
1 287 388 -33488.0
1 287 426 -773.97
1 287 477 -23424.5
1 288 419 -9274.06
1 288 423 -1205.8
1 288 426 -773.97
1 289 351 -12084.4
1 289 404 -185506.0
1 289 459 -166609.0
1 289 468 -5160.75
1 290 374 -3372.39
1 290 382 -304917.0
1 290 402 -3402.82
1 290 411 -6182.71
1 290 412 -17705.0
1 290 413 -17564.5
1 290 420 -859.74
1 291 350 -702.58
1 291 355 -8010.1
1 291 373 -1264.65
1 291 419 -1497710.0
1 292 361 -562.06
1 292 365 -11943.9
1 292 416 -702.58
1 292 469 -50344.3
1 294 435 -10538.7
1 294 447 -49918.7
1 295 391 -34426.4
1 295 430 -982607.0
1 296 388 -2529.06
1 296 406 -19508.8
1 296 433 -8290.45
1 297 381 -562.06
1 297 383 -702.58
1 297 395 -23795.2
1 297 401 -3932.8
1 297 402 -2919.41
1 297 413 -928410.0
1 297 415 -72787.4
1 297 442 -47908.6
1 298 389 -140.52
1 298 390 -140.52
1 299 354 -140.52
1 299 355 -2064.94
1 299 387 -625.05
1 334 405 -20936.9
1 102 110 -773.97
1 102 113 -773.97
1 103 100 -773.97
1 103 104 -773.97
1 104 115 -773.97
1 105 115 -773.97
1 105 139 -773.97
1 108 117 -773.97
1 109 112 -773.97
1 111 155 -773.97
1 111 208 -773.97
1 112 181 -773.97
1 113 111 -773.97
1 113 159 -773.97
1 113 211 -773.97
1 114 173 -773.97
1 114 212 -1547.94
1 115 212 -1547.94
1 116 121 -773.97
1 116 150 -773.97
1 116 166 -773.97
1 117 119 -773.97
1 117 168 -773.97
1 117 210 -773.97
1 119 194 -773.97
1 119 202 -773.97
1 119 96 -773.97
1 120 155 -773.97
1 120 94 -773.97
1 121 187 -773.97
1 123 110 -773.97
1 123 111 -773.97
1 123 158 -773.97
1 123 168 -773.97
1 123 193 -773.97
1 123 202 -1547.94
1 125 150 -773.97
1 125 151 -773.97
1 125 193 -773.97
1 125 194 -773.97
1 126 121 -773.97
1 126 191 -773.97
1 126 195 -773.97
1 127 150 -773.97
1 127 160 -773.97
1 127 169 -773.97
1 127 195 -773.97
1 127 199 -1547.94
1 128 122 -773.97
1 128 148 -773.97
1 128 149 -773.97
1 128 152 -773.97
1 128 153 -773.97
1 128 154 -773.97
1 128 157 -773.97
1 128 199 -773.97
1 129 117 -773.97
1 129 119 -773.97
1 129 122 -773.97
1 129 146 -773.97
1 129 154 -1547.94
1 129 162 -773.97
1 129 176 -773.97
1 130 120 -773.97
1 130 154 -773.97
1 130 155 -773.97
1 130 156 -2321.91
1 130 194 -773.97
1 131 112 -773.97
1 131 121 -773.97
1 131 122 -773.97
1 131 150 -773.97
1 131 156 -773.97
1 131 157 -773.97
1 131 158 -773.97
1 131 161 -1547.94
1 131 198 -773.97
1 132 112 -773.97
1 132 155 -773.97
1 132 156 -773.97
1 132 160 -773.97
1 132 161 -1547.94
1 133 155 -773.97
1 133 159 -773.97
1 133 160 -1547.94
1 133 192 -1547.94
1 133 193 -773.97
1 134 148 -773.97
1 134 150 -773.97
1 134 151 -773.97
1 134 156 -773.97
1 134 191 -773.97
1 134 193 -3095.88
1 135 148 -3869.85
1 135 149 -1547.94
1 135 156 -773.97
1 135 157 -773.97
1 135 193 -2321.91
1 136 147 -773.97
1 136 148 -773.97
1 136 149 -773.97
1 136 150 -1547.94
1 136 153 -773.97
1 136 155 -773.97
1 137 148 -773.97
1 137 150 -773.97
1 137 153 -1547.94
1 137 154 -773.97
1 137 157 -2321.91
1 137 175 -773.97
1 137 206 -773.97
1 138 151 -773.97
1 138 152 -773.97
1 138 153 -2321.91
1 138 168 -773.97
1 138 169 -773.97
1 139 151 -773.97
1 140 138 -773.97
1 140 155 -3095.88
1 140 156 -773.97
1 140 171 -773.97
1 140 180 -773.97
1 141 149 -773.97
1 141 154 -1547.94
1 141 157 -773.97
1 141 171 -773.97
1 141 199 -1547.94
1 142 155 -773.97
1 142 156 -773.97
1 142 157 -773.97
1 142 158 -773.97
1 142 174 -773.97
1 142 179 -773.97
1 142 201 -773.97
1 143 146 -773.97
1 143 157 -2321.91
1 144 142 -1547.94
1 144 173 -773.97
1 145 142 -773.97
1 145 143 -773.97
1 145 151 -773.97
1 145 187 -773.97
1 145 226 -773.97
1 146 140 -773.97
1 146 141 -1547.94
1 146 145 -773.97
1 146 208 -773.97
1 146 229 -773.97
1 146 230 -773.97
1 146 232 -773.97
1 147 139 -2321.91
1 147 140 -773.97
1 147 141 -773.97
1 147 142 -773.97
1 147 229 -773.97
1 147 230 -773.97
1 147 233 -773.97
1 147 239 -773.97
1 147 240 -773.97
1 148 217 -773.97
1 148 221 -773.97
1 149 127 -773.97
1 149 147 -773.97
1 149 154 -773.97
1 149 222 -773.97
1 149 253 -773.97
1 150 160 -773.97
1 150 164 -773.97
1 150 177 -773.97
1 150 227 -773.97
1 150 236 -773.97
1 151 128 -773.97
1 151 228 -773.97
1 152 153 -773.97
1 152 173 -773.97
1 152 176 -773.97
1 152 222 -773.97
1 152 228 -773.97
1 153 126 -773.97
1 153 136 -773.97
1 153 155 -773.97
1 153 232 -773.97
1 153 238 -773.97
1 153 253 -773.97
1 154 126 -773.97
1 154 133 -773.97
1 154 161 -773.97
1 154 172 -773.97
1 154 220 -773.97
1 154 244 -773.97
1 155 170 -1547.94
1 155 216 -773.97
1 155 262 -773.97
1 156 160 -773.97
1 156 211 -773.97
1 156 223 -773.97
1 157 132 -773.97
1 157 133 -773.97
1 157 134 -2321.91
1 157 136 -773.97
1 157 194 -773.97
1 157 207 -773.97
1 157 240 -773.97
1 158 135 -773.97
1 158 248 -773.97
1 159 152 -773.97
1 159 231 -773.97
1 159 240 -773.97
1 159 247 -773.97
1 159 248 -773.97
1 159 250 -773.97
1 159 251 -773.97
1 159 257 -773.97
1 160 133 -773.97
1 160 249 -1547.94
1 160 251 -1547.94
1 160 252 -773.97
1 160 253 -773.97
1 160 262 -773.97
1 161 144 -1547.94
1 161 251 -773.97
1 161 253 -773.97
1 162 137 -1547.94
1 162 252 -1547.94
1 162 253 -773.97
1 163 152 -773.97
1 163 190 -773.97
1 163 236 -773.97
1 164 278 -773.97
1 164 290 -773.97
1 164 299 -773.97
1 165 133 -1547.94
1 165 134 -1547.94
1 165 135 -773.97
1 165 290 -773.97
1 166 131 -773.97
1 166 132 -773.97
1 166 133 -1547.94
1 166 134 -773.97
1 166 135 -773.97
1 166 210 -773.97
1 166 254 -773.97
1 166 255 -773.97
1 167 127 -773.97
1 167 132 -1547.94
1 167 133 -1547.94
1 167 134 -2321.91
1 167 256 -773.97
1 167 288 -773.97
1 167 294 -773.97
1 168 130 -773.97
1 168 131 -773.97
1 168 132 -3095.88
1 168 133 -3095.88
1 168 286 -773.97
1 168 287 -1547.94
1 168 291 -1547.94
1 169 128 -1547.94
1 169 129 -3095.88
1 169 131 -773.97
1 169 132 -3869.85
1 169 133 -2321.91
1 169 134 -6965.73
1 169 135 -773.97
1 169 236 -773.97
1 169 260 -773.97
1 169 271 -773.97
1 169 287 -773.97
1 169 290 -773.97
1 170 133 -2321.91
1 170 134 -9287.64
1 170 136 -773.97
1 170 187 -773.97
1 170 256 -773.97
1 170 287 -773.97
1 170 292 -773.97
1 171 133 -1547.94
1 171 134 -773.97
1 171 136 -3869.85
1 171 290 -773.97
1 172 257 -773.97
1 172 284 -773.97
1 172 295 -1547.94
1 172 311 -773.97
1 173 258 -773.97
1 173 278 -773.97
1 173 290 -773.97
1 173 292 -773.97
1 173 293 -1547.94
1 173 294 -773.97
1 174 124 -773.97
1 174 253 -773.97
1 174 261 -773.97
1 174 270 -773.97
1 174 283 -773.97
1 174 289 -773.97
1 174 293 -773.97
1 175 260 -773.97
1 175 288 -773.97
1 175 292 -1547.94
1 175 293 -773.97
1 175 296 -773.97
1 175 305 -773.97
1 176 274 -773.97
1 176 305 -773.97
1 177 289 -773.97
1 177 290 -773.97
1 178 243 -773.97
1 178 280 -773.97
1 178 285 -773.97
1 178 302 -773.97
1 178 305 -773.97
1 178 306 -773.97
1 178 311 -773.97
1 179 278 -773.97
1 179 285 -773.97
1 180 149 -773.97
1 180 286 -773.97
1 181 297 -773.97
1 181 307 -773.97
1 181 308 -773.97
1 183 242 -773.97
1 183 285 -773.97
1 183 295 -773.97
1 183 308 -773.97
1 183 309 -773.97
1 183 318 -773.97
1 184 263 -773.97
1 184 285 -773.97
1 184 313 -773.97
1 184 319 -773.97
1 185 257 -773.97
1 185 305 -773.97
1 185 306 -773.97
1 185 307 -773.97
1 185 315 -773.97
1 186 255 -773.97
1 186 265 -773.97
1 186 307 -1547.94
1 186 310 -773.97
1 188 262 -773.97
1 188 294 -773.97
1 188 295 -773.97
1 189 295 -773.97
1 189 309 -773.97
1 190 307 -773.97
1 190 308 -773.97
1 190 324 -773.97
1 191 292 -1547.94
1 191 304 -773.97
1 191 305 -773.97
1 192 258 -773.97
1 192 284 -773.97
1 192 304 -773.97
1 192 316 -773.97
1 192 319 -773.97
1 193 262 -773.97
1 193 301 -773.97
1 193 311 -773.97
1 193 313 -1547.94
1 194 284 -773.97
1 194 313 -773.97
1 195 269 -773.97
1 195 287 -773.97
1 195 289 -773.97
1 195 300 -773.97
1 195 311 -773.97
1 195 313 -773.97
1 196 269 -773.97
1 196 275 -773.97
1 196 303 -773.97
1 196 324 -773.97
1 196 333 -773.97
1 197 264 -773.97
1 197 283 -773.97
1 197 300 -773.97
1 197 322 -773.97
1 197 325 -773.97
1 198 242 -773.97
1 198 276 -1547.94
1 198 309 -773.97
1 198 311 -773.97
1 199 283 -773.97
1 199 311 -773.97
1 199 324 -773.97
1 200 280 -773.97
1 200 286 -773.97
1 200 296 -773.97
1 200 299 -773.97
1 200 306 -773.97
1 200 307 -773.97
1 200 312 -773.97
1 200 343 -773.97
1 200 345 -773.97
1 201 257 -773.97
1 202 280 -773.97
1 202 287 -773.97
1 202 297 -773.97
1 202 301 -773.97
1 202 302 -773.97
1 203 215 -773.97
1 203 304 -773.97
1 203 305 -773.97
1 203 309 -773.97
1 203 315 -773.97
1 205 263 -773.97
1 205 303 -773.97
1 205 304 -773.97
1 205 317 -773.97
1 205 318 -773.97
1 205 319 -773.97
1 206 264 -773.97
1 206 270 -773.97
1 206 301 -773.97
1 206 304 -773.97
1 206 315 -773.97
1 206 317 -1547.94
1 207 262 -773.97
1 207 300 -773.97
1 207 301 -1547.94
1 207 303 -773.97
1 207 304 -773.97
1 207 306 -1547.94
1 207 315 -773.97
1 207 317 -773.97
1 208 298 -1547.94
1 208 299 -1547.94
1 208 306 -773.97
1 208 317 -773.97
1 208 328 -773.97
1 209 284 -773.97
1 209 297 -773.97
1 209 302 -773.97
1 210 284 -773.97
1 210 301 -773.97
1 210 302 -773.97
1 210 342 -773.97
1 211 301 -773.97
1 211 321 -773.97
1 212 295 -773.97
1 212 347 -773.97
1 213 226 -773.97
1 213 287 -773.97
1 213 303 -773.97
1 213 329 -773.97
1 214 319 -773.97
1 215 289 -773.97
1 215 311 -773.97
1 215 353 -773.97
1 216 323 -773.97
1 216 341 -773.97
1 217 244 -773.97
1 217 249 -773.97
1 217 351 -773.97
1 218 209 -773.97
1 218 243 -773.97
1 218 292 -773.97
1 218 345 -1547.94
1 221 240 -773.97
1 221 611 -773.97
1 222 254 -773.97
1 222 362 -773.97
1 224 338 -773.97
1 224 359 -773.97
1 225 323 -773.97
1 225 329 -773.97
1 225 332 -773.97
1 225 368 -773.97
1 225 373 -773.97
1 225 378 -773.97
1 225 382 -1547.94
1 226 323 -773.97
1 226 388 -1547.94
1 226 618 -773.97
1 227 315 -773.97
1 228 606 -773.97
1 229 385 -1547.94
1 229 392 -773.97
1 229 393 -773.97
1 229 397 -3095.88
1 229 618 -3869.85
1 230 338 -773.97
1 230 373 -1547.94
1 230 384 -773.97
1 230 392 -1547.94
1 230 393 -3095.88
1 230 396 -773.97
1 230 605 -773.97
1 231 343 -773.97
1 231 383 -773.97
1 231 392 -3869.85
1 231 393 -8513.67
1 231 398 -773.97
1 231 603 -773.97
1 231 607 -1547.94
1 232 259 -773.97
1 232 300 -773.97
1 232 384 -773.97
1 232 389 -773.97
1 232 393 -4643.82
1 232 394 -3095.88
1 232 405 -773.97
1 232 604 -1547.94
1 232 606 -1547.94
1 232 607 -2321.91
1 232 608 -773.97
1 233 373 -773.97
1 233 393 -773.97
1 233 403 -773.97
1 233 406 -3095.88
1 233 601 -1547.94
1 233 602 -773.97
1 234 374 -773.97
1 234 388 -773.97
1 234 389 -773.97
1 234 406 -2321.91
1 234 407 -1547.94
1 234 601 -773.97
1 234 602 -1547.94
1 234 603 -2321.91
1 234 604 -773.97
1 234 605 -1547.94
1 234 606 -773.97
1 234 609 -773.97
1 234 620 -773.97
1 234 621 -773.97
1 235 342 -773.97
1 235 368 -773.97
1 235 389 -773.97
1 235 392 -773.97
1 235 404 -773.97
1 235 406 -773.97
1 235 599 -773.97
1 235 600 -1547.94
1 235 602 -2321.91
1 235 603 -773.97
1 235 606 -773.97
1 235 608 -773.97
1 236 256 -773.97
1 236 359 -773.97
1 236 377 -1547.94
1 236 378 -773.97
1 236 389 -1547.94
1 236 600 -773.97
1 236 601 -773.97
1 236 602 -1547.94
1 236 605 -773.97
1 236 606 -773.97
1 236 607 -773.97
1 236 620 -773.97
1 237 330 -773.97
1 237 377 -773.97
1 237 384 -773.97
1 237 388 -773.97
1 237 605 -1547.94
1 237 606 -2321.91
1 237 607 -1547.94
1 237 608 -3869.85
1 237 609 -2321.91
1 237 620 -773.97
1 238 346 -773.97
1 238 391 -773.97
1 238 410 -773.97
1 238 602 -773.97
1 238 603 -773.97
1 238 606 -3869.85
1 238 607 -4643.82
1 238 608 -3095.88
1 238 610 -773.97
1 239 297 -773.97
1 239 323 -773.97
1 239 404 -773.97
1 239 601 -773.97
1 239 603 -773.97
1 239 607 -1547.94
1 239 608 -3095.88
1 239 609 -2321.91
1 239 610 -1547.94
1 239 615 -1547.94
1 240 267 -773.97
1 240 319 -773.97
1 240 327 -773.97
1 240 352 -773.97
1 240 374 -1547.94
1 240 392 -1547.94
1 240 396 -773.97
1 240 406 -773.97
1 240 603 -773.97
1 240 605 -2321.91
1 240 606 -3095.88
1 240 607 -1547.94
1 240 620 -1547.94
1 240 621 -773.97
1 241 339 -773.97
1 241 352 -773.97
1 241 370 -1547.94
1 241 375 -773.97
1 241 409 -773.97
1 241 577 -773.97
1 241 603 -1547.94
1 241 605 -2321.91
1 241 606 -1547.94
1 241 607 -1547.94
1 241 608 -1547.94
1 241 609 -3869.85
1 241 610 -773.97
1 241 611 -773.97
1 241 620 -773.97
1 241 621 -773.97
1 242 314 -773.97
1 242 318 -773.97
1 242 336 -773.97
1 242 338 -773.97
1 242 339 -773.97
1 242 373 -2321.91
1 242 374 -4643.82
1 242 406 -1547.94
1 242 603 -1547.94
1 242 604 -5417.79
1 242 605 -6965.73
1 242 606 -2321.91
1 242 607 -3869.85
1 242 608 -3869.85
1 242 609 -2321.91
1 242 610 -2321.91
1 242 616 -773.97
1 242 622 -773.97
1 242 623 -2321.91
1 243 366 -773.97
1 243 369 -773.97
1 243 372 -1547.94
1 243 373 -6191.76
1 243 374 -2321.91
1 243 386 -773.97
1 243 391 -773.97
1 243 405 -773.97
1 243 406 -773.97
1 243 407 -1547.94
1 243 409 -773.97
1 243 577 -773.97
1 243 606 -5417.79
1 243 607 -3869.85
1 243 608 -1547.94
1 243 609 -4643.82
1 243 620 -773.97
1 243 622 -1547.94
1 243 623 -6191.76
1 244 371 -773.97
1 244 372 -1547.94
1 244 373 -2321.91
1 244 415 -773.97
1 244 598 -773.97
1 244 606 -3095.88
1 244 607 -773.97
1 244 611 -773.97
1 244 616 -773.97
1 244 622 -773.97
1 244 623 -3095.88
1 244 624 -773.97
1 245 312 -773.97
1 245 315 -773.97
1 245 326 -773.97
1 245 335 -773.97
1 245 338 -773.97
1 245 356 -1547.94
1 245 371 -773.97
1 245 413 -773.97
1 245 586 -773.97
1 245 604 -773.97
1 245 605 -2321.91
1 245 606 -3869.85
1 245 607 -3095.88
1 245 609 -3869.85
1 245 610 -1547.94
1 245 612 -1547.94
1 245 616 -1547.94
1 245 619 -773.97
1 245 620 -1547.94
1 245 622 -773.97
1 246 214 -773.97
1 246 342 -773.97
1 246 356 -773.97
1 246 357 -773.97
1 246 374 -773.97
1 246 413 -773.97
1 246 590 -773.97
1 246 599 -773.97
1 246 600 -4643.82
1 246 605 -3095.88
1 246 606 -5417.79
1 246 607 -3095.88
1 246 610 -773.97
1 246 612 -1547.94
1 246 614 -773.97
1 246 615 -773.97
1 246 623 -773.97
1 247 314 -773.97
1 247 331 -773.97
1 247 367 -1547.94
1 247 368 -3869.85
1 247 387 -1547.94
1 247 413 -773.97
1 247 578 -773.97
1 247 597 -773.97
1 247 598 -5417.79
1 247 599 -4643.82
1 247 600 -7739.7
1 247 601 -7739.7
1 247 605 -1547.94
1 247 609 -1547.94
1 247 610 -1547.94
1 247 611 -3095.88
1 247 612 -3095.88
1 247 613 -1547.94
1 247 618 -1547.94
1 247 619 -773.97
1 247 623 -773.97
1 248 307 -773.97
1 248 367 -773.97
1 248 368 -3095.88
1 248 371 -1547.94
1 248 372 -3869.85
1 248 387 -1547.94
1 248 388 -4643.82
1 248 413 -773.97
1 248 416 -773.97
1 248 529 -773.97
1 248 567 -773.97
1 248 596 -5417.79
1 248 597 -3869.85
1 248 598 -7739.7
1 248 599 -4643.82
1 248 600 -3095.88
1 248 601 -4643.82
1 248 602 -2321.91
1 248 605 -773.97
1 248 608 -773.97
1 248 609 -1547.94
1 248 610 -2321.91
1 248 611 -4643.82
1 248 612 -4643.82
1 248 613 -5417.79
1 248 618 -773.97
1 248 619 -773.97
1 248 620 -773.97
1 248 623 -1547.94
1 249 333 -773.97
1 249 334 -773.97
1 249 365 -1547.94
1 249 366 -2321.91
1 249 367 -773.97
1 249 368 -2321.91
1 249 371 -773.97
1 249 387 -773.97
1 249 388 -773.97
1 249 400 -773.97
1 249 412 -773.97
1 249 567 -773.97
1 249 593 -1547.94
1 249 595 -4643.82
1 249 596 -5417.79
1 249 597 -8513.67
1 249 603 -2321.91
1 249 604 -6191.76
1 249 605 -3869.85
1 249 607 -3095.88
1 249 609 -773.97
1 249 610 -1547.94
1 249 611 -3869.85
1 249 612 -6965.73
1 249 613 -1547.94
1 249 618 -773.97
1 249 623 -773.97
1 250 331 -773.97
1 250 355 -773.97
1 250 365 -1547.94
1 250 366 -3869.85
1 250 367 -2321.91
1 250 368 -773.97
1 250 369 -1547.94
1 250 370 -1547.94
1 250 371 -4643.82
1 250 382 -773.97
1 250 406 -773.97
1 250 413 -773.97
1 250 414 -773.97
1 250 423 -773.97
1 250 436 -773.97
1 250 568 -773.97
1 250 579 -773.97
1 250 591 -773.97
1 250 594 -773.97
1 250 596 -6191.76
1 250 597 -1547.94
1 250 602 -773.97
1 250 603 -5417.79
1 250 604 -4643.82
1 250 605 -3095.88
1 250 607 -773.97
1 250 608 -2321.91
1 250 609 -773.97
1 250 610 -773.97
1 250 613 -773.97
1 251 276 -773.97
1 251 322 -773.97
1 251 365 -2321.91
1 251 366 -6965.73
1 251 367 -1547.94
1 251 368 -1547.94
1 251 371 -773.97
1 251 379 -773.97
1 251 407 -773.97
1 251 414 -773.97
1 251 424 -773.97
1 251 598 -773.97
1 251 604 -773.97
1 251 605 -773.97
1 251 607 -773.97
1 251 610 -773.97
1 252 236 -773.97
1 252 365 -2321.91
1 252 366 -5417.79
1 252 367 -5417.79
1 252 368 -1547.94
1 252 376 -773.97
1 252 412 -773.97
1 252 416 -773.97
1 252 428 -773.97
1 252 506 -773.97
1 252 507 -773.97
1 252 528 -773.97
1 252 534 -773.97
1 252 544 -773.97
1 252 576 -773.97
1 252 591 -1547.94
1 252 596 -1547.94
1 252 597 -1547.94
1 252 598 -773.97
1 252 599 -1547.94
1 252 608 -1547.94
1 252 609 -773.97
1 252 611 -773.97
1 252 620 -773.97
1 253 259 -773.97
1 253 342 -773.97
1 253 363 -773.97
1 253 365 -1547.94
1 253 366 -4643.82
1 253 367 -3095.88
1 253 370 -773.97
1 253 375 -1547.94
1 253 404 -773.97
1 253 433 -1547.94
1 253 506 -773.97
1 253 543 -773.97
1 253 546 -773.97
1 253 547 -773.97
1 253 566 -773.97
1 253 586 -1547.94
1 253 596 -773.97
1 253 597 -3095.88
1 253 601 -773.97
1 253 604 -773.97
1 253 605 -773.97
1 253 614 -2321.91
1 254 366 -1547.94
1 254 478 -773.97
1 254 581 -773.97
1 254 584 -773.97
1 254 585 -4643.82
1 254 586 -3869.85
1 254 587 -2321.91
1 254 588 -2321.91
1 254 589 -3095.88
1 254 598 -773.97
1 254 599 -773.97
1 254 601 -1547.94
1 254 604 -1547.94
1 254 605 -773.97
1 254 606 -773.97
1 254 611 -773.97
1 255 341 -773.97
1 255 346 -773.97
1 255 371 -773.97
1 255 402 -773.97
1 255 442 -773.97
1 255 445 -773.97
1 255 461 -773.97
1 255 479 -773.97
1 255 512 -773.97
1 255 513 -773.97
1 255 526 -773.97
1 255 547 -773.97
1 255 548 -773.97
1 255 565 -773.97
1 255 583 -2321.91
1 255 584 -3095.88
1 255 585 -3095.88
1 255 586 -3095.88
1 255 587 -1547.94
1 255 588 -773.97
1 255 591 -773.97
1 255 594 -773.97
1 255 597 -773.97
1 255 600 -1547.94
1 255 607 -773.97
1 256 346 -773.97
1 256 350 -773.97
1 256 367 -773.97
1 256 373 -773.97
1 256 374 -773.97
1 256 491 -773.97
1 256 526 -773.97
1 256 531 -2321.91
1 256 532 -773.97
1 256 547 -773.97
1 256 548 -1547.94
1 256 549 -773.97
1 256 575 -773.97
1 256 578 -1547.94
1 256 580 -773.97
1 256 584 -2321.91
1 256 585 -1547.94
1 256 592 -1547.94
1 256 594 -5417.79
1 256 595 -3095.88
1 256 607 -3095.88
1 256 608 -1547.94
1 256 609 -773.97
1 257 330 -773.97
1 257 461 -773.97
1 257 497 -773.97
1 257 503 -773.97
1 257 506 -773.97
1 257 512 -773.97
1 257 527 -2321.91
1 257 529 -773.97
1 257 532 -773.97
1 257 549 -773.97
1 257 574 -773.97
1 257 575 -2321.91
1 257 584 -2321.91
1 257 585 -2321.91
1 257 593 -1547.94
1 257 594 -6191.76
1 257 595 -3095.88
1 257 597 -1547.94
1 257 606 -5417.79
1 257 607 -773.97
1 258 307 -773.97
1 258 330 -773.97
1 258 366 -773.97
1 258 485 -1547.94
1 258 489 -1547.94
1 258 491 -773.97
1 258 493 -773.97
1 258 494 -773.97
1 258 496 -773.97
1 258 497 -773.97
1 258 498 -2321.91
1 258 499 -1547.94
1 258 502 -773.97
1 258 503 -773.97
1 258 529 -1547.94
1 258 531 -773.97
1 258 532 -773.97
1 258 533 -1547.94
1 258 535 -773.97
1 258 546 -773.97
1 258 550 -773.97
1 258 556 -1547.94
1 258 564 -773.97
1 258 576 -773.97
1 258 583 -773.97
1 258 584 -2321.91
1 258 586 -2321.91
1 258 594 -2321.91
1 258 606 -3869.85
1 258 607 -773.97
1 259 346 -773.97
1 259 369 -1547.94
1 259 402 -773.97
1 259 444 -773.97
1 259 456 -773.97
1 259 485 -773.97
1 259 486 -773.97
1 259 488 -773.97
1 259 489 -773.97
1 259 490 -1547.94
1 259 509 -1547.94
1 259 510 -773.97
1 259 522 -773.97
1 259 528 -773.97
1 259 529 -773.97
1 259 531 -773.97
1 259 532 -773.97
1 259 545 -773.97
1 259 549 -773.97
1 259 554 -1547.94
1 259 555 -1547.94
1 259 556 -2321.91
1 259 557 -2321.91
1 259 575 -3095.88
1 259 576 -773.97
1 259 579 -773.97
1 259 584 -773.97
1 259 585 -3095.88
1 259 586 -1547.94
1 260 369 -1547.94
1 260 404 -1547.94
1 260 443 -773.97
1 260 454 -773.97
1 260 485 -773.97
1 260 486 -1547.94
1 260 487 -773.97
1 260 492 -773.97
1 260 499 -773.97
1 260 502 -1547.94
1 260 517 -773.97
1 260 527 -773.97
1 260 545 -2321.91
1 260 548 -773.97
1 260 554 -773.97
1 260 556 -773.97
1 260 567 -773.97
1 260 576 -773.97
1 260 577 -773.97
1 261 397 -773.97
1 261 404 -773.97
1 261 444 -773.97
1 261 483 -773.97
1 261 487 -773.97
1 261 501 -773.97
1 261 502 -773.97
1 261 545 -773.97
1 261 551 -773.97
1 261 552 -773.97
1 261 565 -773.97
1 262 254 -773.97
1 262 353 -1547.94
1 262 369 -773.97
1 262 425 -773.97
1 262 443 -773.97
1 262 458 -773.97
1 262 483 -1547.94
1 262 493 -773.97
1 262 501 -773.97
1 262 502 -773.97
1 262 523 -773.97
1 262 524 -773.97
1 262 535 -773.97
1 262 536 -773.97
1 262 537 -773.97
1 262 542 -773.97
1 262 546 -773.97
1 262 584 -773.97
1 262 587 -773.97
1 263 355 -773.97
1 263 415 -773.97
1 263 484 -773.97
1 263 493 -773.97
1 263 509 -773.97
1 263 522 -773.97
1 263 523 -1547.94
1 263 524 -1547.94
1 263 541 -1547.94
1 263 542 -773.97
1 263 543 -773.97
1 263 546 -1547.94
1 263 576 -773.97
1 263 579 -773.97
1 263 581 -3095.88
1 264 369 -773.97
1 264 379 -773.97
1 264 481 -773.97
1 264 482 -773.97
1 264 493 -773.97
1 264 503 -773.97
1 264 504 -773.97
1 264 516 -773.97
1 264 521 -2321.91
1 264 527 -773.97
1 264 543 -3095.88
1 264 568 -773.97
1 264 575 -773.97
1 264 576 -1547.94
1 265 336 -773.97
1 265 367 -1547.94
1 265 457 -773.97
1 265 459 -773.97
1 265 511 -773.97
1 265 516 -773.97
1 265 520 -773.97
1 265 524 -773.97
1 265 568 -1547.94
1 266 314 -773.97
1 266 413 -773.97
1 266 456 -773.97
1 266 478 -773.97
1 266 481 -773.97
1 266 483 -773.97
1 266 484 -773.97
1 266 485 -773.97
1 266 492 -773.97
1 266 498 -773.97
1 266 505 -773.97
1 266 518 -773.97
1 266 523 -773.97
1 266 543 -773.97
1 266 545 -773.97
1 266 549 -773.97
1 266 555 -773.97
1 267 337 -773.97
1 267 365 -773.97
1 267 381 -773.97
1 267 459 -773.97
1 267 460 -1547.94
1 267 505 -773.97
1 267 507 -773.97
1 267 543 -773.97
1 267 544 -1547.94
1 267 549 -773.97
1 267 553 -2321.91
1 267 562 -773.97
1 268 507 -1547.94
1 268 540 -773.97
1 268 541 -773.97
1 268 542 -1547.94
1 268 543 -3095.88
1 268 544 -1547.94
1 268 549 -773.97
1 268 551 -773.97
1 268 552 -773.97
1 268 553 -773.97
1 269 362 -773.97
1 269 505 -1547.94
1 269 507 -773.97
1 269 528 -773.97
1 269 543 -773.97
1 269 547 -1547.94
1 270 474 -773.97
1 270 475 -1547.94
1 270 479 -773.97
1 270 491 -773.97
1 270 504 -773.97
1 270 507 -773.97
1 270 526 -773.97
1 271 375 -773.97
1 271 388 -773.97
1 271 479 -773.97
1 271 481 -773.97
1 271 487 -773.97
1 271 491 -773.97
1 271 526 -773.97
1 272 469 -773.97
1 272 493 -773.97
1 272 495 -1547.94
1 272 496 -773.97
1 272 502 -773.97
1 272 526 -2321.91
1 273 441 -773.97
1 273 462 -773.97
1 273 526 -773.97
1 275 463 -773.97
1 275 480 -773.97
1 275 502 -773.97
1 275 504 -773.97
1 276 502 -773.97
1 277 393 -773.97
1 279 459 -773.97
1 280 563 -773.97
1 282 434 -773.97
1 282 435 -773.97
1 283 461 -773.97
1 283 482 -773.97
1 283 483 -773.97
1 285 437 -773.97
1 285 482 -773.97
1 285 483 -773.97
1 286 377 -773.97
1 286 464 -773.97
1 288 469 -773.97
1 289 362 -773.97
1 289 443 -773.97
1 292 358 -773.97
1 293 390 -2321.91
1 293 391 -773.97
1 296 390 -773.97
1 301 359 -773.97
1 301 378 -773.97
1 85 106 -773.97
1 92 112 -1547.94
1 93 117 -773.97
1 97 89 -773.97
1 98 101 -773.97
1 99 126 -773.97
1 99 136 -773.97
1 147 119 -1124.13
1 148 187 -6463.74
1 150 114 -13208.5
1 153 113 -7447.35
1 167 186 -5058.58
1 168 169 -30913.6
1 197 280 -983.61
1 199 225 -1264.65
1 210 300 -281.03
1 211 298 -843.1
1 234 285 -702.58
1 244 234 -1545.68
1 265 469 -140.52
1 267 479 -1264.65
1 271 361 -1557.48
1 272 454 -35.44
1 285 433 -702.58
1 291 453 -210077.0
1 299 360 -1124.13
1 109 116 -12646.5
1 131 118 -562.06
1 132 183 -1405.16
1 137 123 -5761.16
1 140 173 -4496.52
1 141 124 -4074.97
1 142 121 -4918.06
1 152 130 -2248.26
1 155 192 -6604.26
1 157 117 -1405.16
1 158 205 -2669.81
1 164 258 -1264.65
1 169 164 -52834.1
1 172 162 -15597.3
1 172 163 -43279.0
1 172 164 -7306.84
1 173 196 -140.52
1 195 280 -1686.19
1 226 358 -3113.28
1 247 335 -983.61
1 256 333 -1264.65
1 262 350 -281.03
1 265 349 -1264.65
1 267 346 -1405.16
1 269 347 -562.06
1 271 470 -702.58
1 274 431 -2042330.0
1 280 367 -702.58
1 285 357 -1686.19
1 289 374 -421.55
1 292 370 -1826.71
1 293 378 -702.58
1 143 152 -5620.65
1 143 154 -4777.55
1 144 130 -3653.42
1 151 143 -6042.19
1 153 212 -4356.0
1 154 128 -140.52
1 161 161 -1686.19
1 164 159 -29929.9
1 167 163 -5901.68
1 170 217 -9976.65
1 176 128 -3934.45
1 188 287 -281.03
1 189 206 -9976.65
1 201 279 -1686.19
1 221 294 -1686.19
1 222 252 -281.03
1 222 266 -1405.16
1 224 273 -1686.19
1 225 248 -1124.13
1 226 361 -1124.13
1 234 319 -2107.74
1 235 317 -3091.35
1 237 292 -27855.4
1 245 243 -41592.8
1 248 238 -7868.9
1 248 331 -702.58
1 256 342 -421.55
1 259 347 -421.55
1 266 345 -1264.65
1 271 268 -5480.13
1 274 278 -1686.19
1 289 355 -140.52
1 295 392 -281.03
1 296 391 -702.58
1 296 393 -562.06
1 141 116 -2248.26
1 143 114 -2107.74
1 144 151 -3091.35
1 145 114 -1545.68
1 146 150 -1124.13
1 147 148 -4074.97
1 147 171 -2810.32
1 149 124 -562.06
1 150 172 -7306.84
1 150 186 -6744.77
1 151 189 -7025.81
1 151 211 -5339.61
1 152 180 -16299.9
1 153 188 -6463.74
1 154 113 -281.03
1 158 173 -421.55
1 164 124 -1124.13
1 170 115 -1264.65
1 171 125 -140.52
1 176 222 -3091.35
1 184 210 -12084.4
1 188 207 -8571.48
1 189 288 -421.55
1 193 280 -2529.29
1 206 280 -702.58
1 209 273 -9274.06
1 210 249 -1264.65
1 211 263 -1686.19
1 211 296 -421.55
1 213 270 -7025.81
1 219 272 -562.06
1 221 317 -3372.39
1 224 287 -983.61
1 227 344 -1124.13
1 228 354 -843.1
1 230 352 -1405.16
1 231 270 -983.61
1 231 347 -281.03
1 235 295 -1124.13
1 236 342 -1124.13
1 236 344 -421.55
1 240 330 -1405.16
1 240 337 -983.61
1 240 357 -421.55
1 244 333 -4252.62
1 246 332 -1124.13
1 246 337 -5339.61
1 251 334 -1405.16
1 258 345 -421.55
1 260 345 -421.55
1 261 340 -702.58
1 261 351 -281.03
1 262 286 -281.03
1 262 361 -13068.0
1 263 344 -702.58
1 263 350 -421.55
1 265 517 -140.52
1 267 321 -1264.65
1 269 365 -421.55
1 270 267 -4074.97
1 271 267 -5339.61
1 271 355 -562.06
1 275 399 -232.06
1 278 502 -2669.81
1 281 331 -281.03
1 284 333 -281.03
1 289 371 -421.55
1 290 371 -702.58
1 291 365 -281.03
1 296 358 -22061.0
1 297 356 -702.58
1 297 391 -983.61
1 299 347 -140.52
1 125 93 -2388.77
1 142 169 -421.55
1 146 146 -5761.16
1 152 213 -2810.32
1 166 203 -983.61
1 183 232 -3512.9
1 192 232 -3091.35
1 193 235 -3512.9
1 211 195 -1405.16
1 215 261 -702.58
1 221 339 -702.58
1 223 263 -843.1
1 226 354 -702.58
1 230 358 -281.03
1 232 274 -983.61
1 232 347 -281.03
1 233 341 -562.06
1 248 344 -702.58
1 263 345 -1967.23
1 263 570 -140.52
1 264 348 -140.52
1 286 302 -281.03
1 292 360 -281.03
1 293 357 -1545.68
1 295 362 -702.58
1 297 439 -525673.0
1 137 128 -7728.39
1 145 166 -983.61
1 148 119 -15737.8
1 150 118 -15737.8
1 150 121 -24168.8
1 150 127 -843.1
1 152 118 -7025.81
1 153 122 -23466.2
1 153 123 -5339.61
1 155 125 -11241.3
1 156 124 -13208.5
1 158 138 -1264.65
1 158 140 -22342.1
1 160 139 -15175.7
1 181 126 -72365.8
1 185 168 -16721.4
1 189 126 -14051.6
1 224 257 -9414.58
1 230 223 -8009.42
1 137 168 -983.61
1 149 213 -7166.32
1 202 228 -281.03
1 210 253 -1545.68
1 217 236 -1405.16
1 186 159 -2529.29
1 188 160 -6182.71
1 291 354 -421.55
1 145 131 -4356.0
1 153 116 -2107.74
1 158 114 -8993.03
1 160 170 -12787.0
1 187 160 -4356.0
1 188 197 -140.52
1 188 204 -4074.97
1 206 169 -562.06
1 208 226 -1124.13
1 211 266 -33202.7
1 213 265 -140.52
1 213 276 -40051.7
1 214 274 -35015.1
1 220 278 -78012.6
1 223 372 -17564.5
1 233 375 -421.55
1 236 317 -281.03
1 239 385 -24.67
1 239 406 -128.84
1 239 416 -5.03
1 241 238 -983.61
1 244 244 -2810.32
1 245 408 -4356.0
1 246 320 -140.52
1 248 454 -140.52
1 259 351 -3418.62
1 265 360 -2311.01
1 267 407 -140.52
1 267 449 -1826.71
1 268 351 -1545.68
1 269 360 -10172.7
1 273 367 -281.03
1 274 327 -421.55
1 274 432 -9976.65
1 275 465 -298.52
1 290 322 -1405.16
1 292 458 -54451.2
1 294 354 -6226.55
1 296 371 -27822.2
1 297 377 -983.61
1 147 183 -1405.16
1 156 122 -8993.03
1 257 342 -281.03
1 201 251 -1826.71
1 251 286 -140.52
1 261 570 -140.52
1 265 488 -421.55
1 136 173 -702.58
1 144 189 -1686.19
1 154 112 -8712.0
1 154 122 -5901.68
1 161 179 -8993.03
1 164 169 -1967.23
1 167 247 -281.03
1 183 124 -63372.8
1 186 123 -38220.4
1 186 125 -281.03
1 186 209 -5339.61
1 204 300 -29.82
1 215 269 -3372.39
1 218 239 -12692.6
1 225 242 -562.06
1 226 375 -27319.1
1 235 420 -8571.48
1 238 302 -562.06
1 242 355 -89.93
1 245 406 -1124.13
1 247 591 -843.1
1 248 590 -140.52
1 248 593 -1264.65
1 251 614 -1078.75
1 255 333 -1586.33
1 256 443 -263.43
1 258 339 -484.71
1 258 416 -193.51
1 259 414 -562.06
1 266 470 -1642.13
1 270 476 -1686.19
1 273 523 -26417.0
1 274 506 -140.52
1 275 479 -9133.55
1 278 446 -140.52
1 280 458 -806.94
1 291 374 -281.03
1 293 458 -11100.8
1 297 388 -1053.37
1 298 384 -74.24
1 298 391 -140.52
1 221 300 -140.52
1 134 167 -140.52
1 153 134 -1405.16
1 156 121 -140.52
1 158 122 -140.52
1 159 157 -13068.0
1 160 117 -1826.71
1 176 181 -281.03
1 184 305 -1.44
1 197 298 -14.37
1 211 290 -281.03
1 221 351 -140.52
1 225 289 -983.61
1 226 330 -51290.4
1 228 243 -702.58
1 237 406 -124.89
1 239 392 -140.52
1 241 343 -1124.13
1 244 430 -843.1
1 247 342 -34.01
1 253 427 -2632.75
1 253 443 -122.02
1 254 398 -3.35
1 254 442 -12.93
1 254 444 -9.82
1 254 445 -366.41
1 256 445 -1185.68
1 257 344 -35.32
1 257 387 -39906.6
1 259 345 -140.52
1 261 322 -21.31
1 261 346 -126.21
1 261 369 -504.0
1 262 322 -69.09
1 262 555 -140.52
1 263 448 -140.52
1 265 559 -876.39
1 267 388 -5620.65
1 270 319 -6442.47
1 271 364 -281.03
1 271 471 -140.52
1 271 489 -1317.16
1 272 371 -281.03
1 273 520 -16018.8
1 273 522 -281.03
1 274 474 -140.52
1 275 371 -843.1
1 275 449 -9976.65
1 277 386 -702.58
1 289 321 -12505.9
1 295 375 -140.52
1 296 415 -2248.26
1 262 394 -440.63
