1 62 1 3798.3
1 61 2 3770.7
1 60 3 3749.7
1 59 4 3733.5
1 58 5 3721.5
1 57 6 3713.4
1 56 7 3709.2
1 55 8 3709.0
1 54 9 3713.4
1 53 10 3722.5
1 52 11 3736.7
1 51 12 3755.5
1 49 13 3767.8
1 50 13 3777.1
1 48 14 3789.3
1 47 15 3784.5
1 46 16 3776.7
1 45 17 3766.9
1 45 18 3767.6
1 45 19 3768.3
1 44 20 3756.4
1 44 21 3756.2
1 44 22 3755.5
1 44 23 3754.2
1 44 24 3752.2
1 44 25 3749.4
1 44 26 3745.6
1 44 27 3740.7
1 44 28 3734.5
1 44 29 3727.0
1 44 30 3717.9
1 44 31 3707.0
1 44 32 3694.2
1 44 33 3679.1
1 44 34 3661.5
1 44 35 3641.1
1 44 36 3617.4
1 44 37 3589.8
1 44 38 3557.8
1 44 39 3520.3
1 44 40 3476.1
1 44 41 3422.8
1 43 42 3304.0
1 43 43 3265.0
1 43 44 3203.3
1 42 45 3052.1
1 42 46 2997.6
1 40 47 2765.7
1 41 47 2812.0
1 40 48 2729.6
1 40 49 2663.5
1 40 50 2567.6
1 35 78 4859.7
1 35 79 4888.1
1 34 80 4945.1
1 33 81 5025.5
1 32 82 5089.1
1 31 83 5102.5
1 30 84 5114.2
1 29 85 5123.1
1 28 86 5145.4
1 27 87 5164.2
1 26 88 5190.3
1 25 89 5217.8
1 25 90 5254.2
1 24 91 5241.3
1 24 92 5256.5
1 24 93 5293.6
1 24 94 5330.6
1 23 95 5345.7
1 23 96 5386.0
1 23 97 5422.3
1 22 98 5430.3
1 22 99 5471.4
1 22 100 5508.4
1 22 101 5545.7
1 21 102 5566.0
1 21 103 5611.1
1 20 104 5633.2
1 20 105 5675.7
1 19 106 5707.7
1 19 107 5752.1
1 18 108 5788.7
1 18 109 5828.5
1 17 110 5747.7
1 17 111 5758.8
1 17 112 5868.1
1 65 109 6030.5
1 66 109 6027.0
1 67 109 5976.4
1 68 109 5941.6
1 69 109 5951.1
1 62 110 5964.5
1 63 110 6002.2
1 64 110 6023.1
1 70 110 6040.0
1 60 111 5859.4
1 61 111 5880.9
1 71 111 6106.0
1 37 112 5647.1
1 38 112 5707.3
1 39 112 5768.9
1 40 112 5814.4
1 41 112 5851.4
1 42 112 5873.4
1 43 112 5884.6
1 44 112 5893.7
1 45 112 5900.9
1 46 112 5910.4
1 47 112 5919.3
1 48 112 5936.9
1 55 112 5739.6
1 56 112 5761.3
1 57 112 5778.4
1 58 112 5795.2
1 59 112 5810.1
1 72 112 6143.0
1 16 113 5956.8
1 33 113 5631.7
1 34 113 5615.1
1 35 113 5599.2
1 36 113 5578.7
1 49 113 5930.6
1 50 113 5908.4
1 51 113 5855.3
1 52 113 5800.7
1 53 113 5744.1
1 54 113 5707.4
1 73 113 6175.3
1 16 114 6015.9
1 29 114 5721.3
1 30 114 5696.1
1 31 114 5668.3
1 32 114 5633.3
1 74 114 6198.4
1 75 114 6202.5
1 16 115 6072.6
1 25 115 5833.0
1 26 115 5810.2
1 27 115 5781.0
1 28 115 5741.0
1 76 115 6234.3
1 16 116 6127.9
1 21 116 5975.7
1 22 116 5990.6
1 23 116 5903.4
1 24 116 5863.2
1 77 116 6249.5
1 78 116 6247.6
1 79 116 6260.2
1 16 117 6182.1
1 20 117 6023.7
1 80 117 6281.1
1 81 117 6279.2
1 82 117 6258.6
1 83 117 6231.1
1 84 117 6202.0
1 16 118 6219.5
1 17 118 6185.7
1 18 118 6138.6
1 19 118 6085.1
1 85 118 6131.5
1 85 119 6089.7
1 86 120 6072.5
1 86 121 6095.2
1 86 122 6120.0
1 86 123 6137.3
1 86 124 6149.7
1 86 125 6159.3
1 86 126 6166.4
1 86 127 6170.1
1 86 128 6170.7
1 86 129 6169.0
1 86 130 6166.3
1 86 131 6162.1
1 86 132 6155.2
1 86 133 6146.5
1 86 134 6134.7
1 86 135 6118.8
1 86 136 6099.7
1 85 137 6050.6
1 85 138 6037.7
1 84 139 6032.8
1 83 140 6073.8
1 82 141 6157.7
1 82 142 6174.0
1 81 143 6226.7
1 80 144 6287.2
1 79 145 6356.2
1 78 146 6419.8
1 77 147 6487.1
1 76 148 6559.0
1 75 149 6636.4
1 75 150 6700.7
1 75 151 6761.3
1 75 152 6821.9
1 75 153 6868.8
1 76 154 6862.0
1 77 154 6849.2
1 78 154 6839.0
1 79 155 6827.7
1 80 155 6815.1
1 81 156 6797.5
1 82 157 6771.0
1 82 158 6748.6
1 83 158 6734.5
1 84 159 6704.6
1 84 160 6676.8
1 84 161 6652.4
1 84 162 6628.5
1 85 163 6603.4
1 86 164 6574.0
1 87 165 6537.0
1 88 166 6502.2
1 89 167 6468.6
1 90 168 6387.2
1 90 169 6337.2
1 91 170 6269.8
1 92 171 6198.4
1 93 172 6167.7
1 94 173 6141.2
1 94 174 6138.8
1 95 175 6123.4
1 95 176 6109.0
1 95 177 6113.7
1 95 178 6120.7
1 95 179 6126.0
1 96 180 5954.7
1 97 181 5971.7
1 98 182 5989.2
1 99 183 6006.7
1 100 184 6022.5
1 101 185 6037.9
1 102 185 6046.3
1 103 185 6061.9
1 104 186 6096.3
1 105 186 6097.4
1 106 187 6100.6
1 107 188 6096.4
1 108 189 5914.1
1 108 190 5916.1
1 108 191 5917.1
1 108 192 5916.7
1 108 193 5912.5
1 107 194 5707.4
1 107 195 5703.4
1 107 196 5695.6
1 107 197 5685.3
1 107 198 5673.3
1 106 199 5634.9
1 106 200 5622.0
1 105 201 5576.1
1 105 202 5562.9
1 104 203 5522.4
1 104 204 5513.7
1 104 205 5498.7
1 104 206 5477.3
1 104 207 5444.2
1 98 208 5460.6
1 99 208 5470.7
1 100 208 5483.1
1 101 208 5496.0
1 102 208 5513.7
1 103 208 5542.4
1 97 209 5451.3
1 97 210 5450.1
1 97 211 5446.0
1 97 212 5440.7
1 96 213 5424.1
1 95 214 5416.7
1 95 215 5415.4
1 94 216 5408.0
1 94 217 5407.1
1 94 218 5406.4
1 95 219 5410.6
1 96 220 5414.1
1 97 221 5418.0
1 97 222 5416.9
1 98 223 5420.2
1 98 224 5418.8
1 99 225 5422.9
1 99 226 5421.0
1 100 227 5242.1
1 128 227 5398.5
1 129 227 5461.6
1 101 228 5248.0
1 107 228 5142.9
1 108 228 5167.8
1 109 228 5196.4
1 110 228 5228.4
1 111 228 5263.1
1 125 228 5283.4
1 126 228 5309.8
1 127 228 5318.0
1 130 228 5187.6
1 131 228 5194.1
1 132 228 5188.2
1 133 228 5189.3
1 134 228 5195.5
1 135 228 5209.9
1 136 228 5226.9
1 137 228 5240.2
1 138 228 5267.0
1 102 229 5252.8
1 106 229 5280.7
1 112 229 5117.3
1 118 229 5143.6
1 119 229 5162.0
1 120 229 5177.9
1 121 229 5192.0
1 122 229 5203.3
1 123 229 5212.7
1 124 229 5215.2
1 139 229 5340.3
1 103 230 5256.3
1 104 230 5258.9
1 105 230 5261.9
1 113 230 5133.9
1 114 230 5125.4
1 115 230 5121.1
1 116 230 5118.6
1 117 230 5110.7
1 140 230 5307.1
1 139 231 5374.7
1 137 232 5411.3
1 138 232 5410.6
1 136 233 5414.6
1 135 234 5407.4
1 133 235 5374.7
1 134 235 5388.0
1 132 236 5357.8
1 130 237 5314.5
1 131 237 5329.7
1 129 238 5303.3
1 128 239 5287.2
1 127 240 5267.3
1 127 241 5257.5
1 127 242 5244.6
1 128 243 5252.9
1 129 244 5251.2
1 129 245 5238.5
1 130 246 5234.7
1 131 246 5233.6
1 132 246 5236.5
1 133 246 5245.8
1 134 246 5263.2
1 135 246 5289.6
1 136 246 5316.8
1 137 246 5336.8
1 138 246 5358.8
1 139 247 5409.5
1 140 247 5434.0
1 141 247 5471.5
1 142 247 5514.8
1 143 248 5577.8
1 144 249 5671.3
1 144 250 5698.1
1 145 251 5749.9
1 145 252 5775.5
1 145 253 5795.8
1 146 254 5829.1
1 146 255 5826.5
1 146 256 5820.5
1 146 257 5812.6
1 146 258 5802.4
1 146 259 5790.6
1 146 260 5777.2
1 146 261 5764.9
1 146 262 5751.7
1 146 263 5738.5
1 146 264 5728.4
1 146 265 0.0
1 147 266 5482.8
1 147 267 5453.7
1 147 268 5428.8
1 147 269 5389.1
1 147 270 5356.1
1 148 271 5306.0
1 148 272 5279.2
1 148 273 5252.1
1 148 274 5230.3
1 149 274 5215.4
1 149 275 5175.8
1 149 276 5143.6
1 149 277 5091.0
1 149 278 5036.4
1 150 279 5132.7
1 150 280 5087.7
1 150 281 5046.5
1 150 282 5016.2
1 151 283 4932.5
1 151 284 4888.7
1 151 285 4855.4
1 152 286 4761.4
1 152 287 4706.8
1 152 288 4662.5
1 152 289 4628.0
1 153 290 4722.8
1 153 291 4696.3
1 153 292 4704.2
1 154 293 4715.0
1 154 294 4726.6
1 154 295 4736.1
1 154 296 4742.2
1 155 297 4760.1
1 155 298 4763.9
1 156 299 4586.8
1 157 299 4593.1
1 158 299 4602.6
1 159 299 4615.1
1 160 299 4631.1
1 161 299 4650.5
1 162 300 4681.7
1 162 301 4684.5
1 162 302 4683.6
1 162 303 4681.0
1 162 304 4678.3
1 163 305 4857.4
1 163 306 4848.4
1 163 307 4838.6
1 163 308 4829.3
1 163 309 4823.2
1 164 310 5039.4
1 165 311 5081.0
1 166 312 5152.7
1 167 313 5211.3
1 168 314 5244.2
1 168 315 5076.7
1 168 316 5081.0
1 169 316 5088.5
1 169 317 5094.3
1 170 317 5104.1
1 171 318 5105.2
1 171 319 5081.8
1 172 320 5033.9
1 172 321 4986.4
1 172 322 4938.1
1 172 323 4887.1
1 172 324 4847.4
1 173 325 4845.9
1 173 326 4849.5
1 173 327 4851.3
1 174 328 4860.7
1 174 329 4862.3
1 174 330 4863.3
1 175 331 4867.8
1 176 331 4871.8
1 177 331 4877.7
1 178 332 4887.1
1 179 333 4889.7
1 179 334 4886.6
1 179 335 4883.5
1 180 336 4881.0
1 181 337 4872.5
1 181 338 4867.8
1 187 338 4741.0
1 188 338 4762.1
1 189 338 4779.7
1 190 338 4793.4
1 182 339 4858.5
1 186 339 4873.5
1 191 339 4797.0
1 192 339 5216.0
1 182 340 4852.5
1 186 340 4857.8
1 193 340 5215.3
1 182 341 4848.9
1 186 341 4847.8
1 194 341 5215.2
1 195 341 5216.8
1 183 342 4845.3
1 184 342 4845.1
1 185 342 4844.6
1 186 342 4843.5
1 196 342 5216.5
1 196 343 5214.4
1 197 344 5213.3
1 198 345 5210.9
1 199 346 5208.8
1 200 346 5210.4
1 201 346 5212.6
1 202 346 5214.7
1 203 346 5215.5
1 204 346 4357.29
1 205 347 5199.5
1 206 347 5193.3
1 207 348 5398.8
1 207 349 5496.1
1 207 350 5637.0
1 206 351 5696.9
1 205 352 5701.7
1 205 353 5706.2
1 205 354 5711.2
1 206 355 5734.1
1 206 356 5742.3
1 207 357 5767.0
1 208 357 5784.2
1 209 358 5465.4
1 210 359 5522.7
1 211 359 5550.7
1 212 360 5470.5
1 212 361 5507.7
1 208 362 5529.9
1 209 362 5534.6
1 210 362 5541.7
1 211 362 5547.4
1 207 363 5526.1
1 206 364 5520.7
1 206 365 5522.0
1 206 366 5522.2
1 206 367 5521.4
1 206 368 5520.4
1 206 369 5519.2
1 207 369 5525.6
1 208 369 5542.1
1 209 369 5563.8
1 210 369 5588.2
1 211 369 5618.5
1 212 369 5654.9
1 213 369 5699.1
1 214 370 5595.6
1 215 370 5629.4
1 216 372 5626.7
1 214 373 5263.1
1 215 373 5351.3
1 214 374 5220.0
1 213 375 5270.2
1 212 376 5247.8
1 211 377 5194.7
1 211 378 5183.6
1 211 379 5178.1
1 211 380 5180.2
1 211 381 5189.3
1 211 382 5243.7
1 211 383 5293.5
1 212 384 45000.0
1 212 385 45000.0
1 212 386 45000.0
1 212 387 45000.0
1 212 388 45000.0
1 212 389 45000.0
1 212 390 45000.0
1 212 391 45000.0
1 212 392 45000.0
1 212 393 45000.0
1 213 394 45000.0
1 213 395 45000.0
1 213 396 45000.0
1 213 397 45000.0
1 213 398 45000.0
1 213 399 45000.0
1 213 400 45000.0
1 213 401 45000.0
1 213 402 45000.0
1 214 403 45000.0
1 214 404 45000.0
1 214 405 45000.0
1 214 406 45000.0
1 214 407 45000.0
1 214 409 45000.0
1 214 410 45000.0
1 214 411 45000.0
1 214 412 45000.0
1 214 413 45000.0
1 214 414 45000.0
1 214 415 45000.0
1 215 416 45000.0
1 215 417 45000.0
1 227 417 45000.0
1 228 417 45000.0
1 229 417 45000.0
1 216 418 45000.0
1 226 418 45000.0
1 230 418 45000.0
1 217 419 45000.0
1 218 419 45000.0
1 219 419 45000.0
1 220 419 45000.0
1 221 419 45000.0
1 222 419 45000.0
1 223 419 45000.0
1 224 419 45000.0
1 225 419 45000.0
1 229 419 45000.0
1 229 420 45000.0
1 226 421 45000.0
1 227 421 45000.0
1 228 421 45000.0
1 224 422 45000.0
1 225 422 45000.0
1 224 423 45000.0
1 224 424 45000.0
1 225 424 45000.0
1 226 424 45000.0
1 227 424 45000.0
1 228 424 45000.0
1 229 425 45000.0
1 229 426 45000.0
1 229 427 45000.0
1 229 428 45000.0
1 229 429 45000.0
1 228 430 45000.0
1 228 431 45000.0
1 228 432 45000.0
1 228 433 45000.0
1 228 434 45000.0
1 228 435 45000.0
1 229 435 45000.0
1 230 436 45000.0
1 230 437 45000.0
1 230 438 45000.0
1 230 439 45000.0
1 230 440 45000.0
1 230 441 45000.0
1 230 442 45000.0
1 230 443 45000.0
1 230 444 45000.0
1 230 445 45000.0
1 230 446 45000.0
1 230 447 45000.0
1 230 448 45000.0
1 230 449 45000.0
1 230 450 45000.0
1 230 451 45000.0
1 230 452 45000.0
1 230 453 45000.0
1 230 454 45000.0
1 230 455 45000.0
1 230 456 45000.0
1 231 457 45000.0
1 231 458 45000.0
1 231 459 45000.0
1 231 460 45000.0
1 232 461 45000.0
1 232 462 45000.0
1 232 463 45000.0
1 232 464 45000.0
1 233 464 45000.0
1 234 464 45000.0
1 235 464 45000.0
1 236 464 45000.0
1 237 464 45000.0
1 238 464 45000.0
1 239 465 45000.0
1 239 466 45000.0
1 239 467 5337.1
1 238 468 5337.1
1 238 469 5337.1
1 238 470 5337.1
1 239 471 5337.1
1 240 471 5337.1
1 241 472 5337.1
1 242 472 5337.1
1 243 472 5337.1
1 244 473 5337.1
1 245 474 5337.1
1 246 475 5337.1
1 246 476 5337.1
1 246 477 5337.1
1 246 478 5337.1
1 246 479 5337.1
1 246 480 5337.1
1 245 481 5337.1
1 245 482 5337.1
1 244 483 5337.1
1 243 484 5337.1
1 243 485 5337.1
1 243 486 5337.1
1 243 487 5337.1
1 243 488 5337.1
1 243 489 5337.1
1 242 490 5337.1
1 242 491 5337.1
1 241 492 5337.1
1 241 493 5337.1
1 240 494 5337.1
1 239 495 5337.1
1 238 496 5337.1
1 235 497 5337.1
1 236 497 5337.1
1 237 497 5337.1
1 233 498 5337.1
1 234 498 5337.1
1 233 499 5337.1
1 232 500 5337.1
1 231 501 5337.1
1 231 502 5337.1
1 231 503 5337.1
1 231 504 5337.1
1 231 505 5337.1
1 231 506 5337.1
1 231 507 5337.1
1 231 508 5337.1
1 231 509 5337.1
1 231 510 5337.1
1 231 511 5337.1
1 231 512 5337.1
1 231 513 5337.1
1 231 514 5337.1
1 231 515 5337.1
1 232 516 5337.1
1 232 517 5337.1
1 232 518 5337.1
1 233 519 5337.1
1 233 520 5337.1
1 233 521 5337.1
1 234 522 5337.1
1 234 523 5337.1
1 235 524 5337.1
1 235 525 5337.1
1 236 525 5337.1
1 237 525 5337.1
1 238 525 5337.1
1 239 526 5337.1
1 239 527 5337.1
1 240 528 5437.9
1 240 529 5453.1
1 241 530 5519.7
1 241 531 5549.7
1 241 532 5566.6
1 241 533 5578.1
1 241 534 5586.4
1 242 535 5064.8
1 242 536 5076.1
1 243 536 5094.1
1 244 536 5126.6
1 245 536 5155.2
1 246 537 5210.6
1 246 538 5227.7
1 247 539 5267.6
1 248 540 5303.1
1 249 540 5315.2
1 250 540 5331.6
1 251 541 5365.2
1 250 544 5398.8
1 251 544 5401.1
1 245 545 5344.2
1 246 545 5355.4
1 247 545 5374.0
1 248 545 5387.7
1 249 545 5393.2
1 243 546 5317.7
1 244 546 5321.7
1 243 547 5318.4
1 242 548 5314.5
1 242 549 5314.8
1 241 550 5308.6
1 241 551 5306.9
1 240 552 5296.5
1 239 553 5285.5
1 238 554 0.0
1 237 555 5249.9
1 236 556 5248.8
1 236 557 5248.8
1 232 558 5189.1
1 233 558 5186.1
1 234 558 5193.8
1 235 558 5197.3
1 232 559 5201.2
1 231 560 5201.4
1 231 561 5209.8
1 231 562 5216.5
1 231 563 5221.6
1 231 564 5222.9
1 230 565 5389.7
1 230 566 5382.9
1 230 567 5372.0
1 230 568 5359.6
1 215 371 5678.1
1 39 51 6043.2
1 39 52 5967.8
1 38 53 5714.5
1 38 54 5641.8
1 37 55 5375.6
1 36 56 5152.8
1 35 57 4950.0
1 35 58 4889.0
1 35 59 4787.7
1 35 60 8397.7
1 35 61 8262.3
1 35 62 8125.5
1 35 63 7985.2
1 35 64 7841.2
1 35 65 7693.4
1 35 66 7542.6
1 35 67 7395.4
1 35 68 7276.3
1 36 69 10770.0
1 36 70 10502.6
1 36 71 10250.3
1 36 72 10007.1
1 36 73 9772.1
1 36 74 9559.1
1 36 75 9377.7
1 36 76 9287.9
1 36 77 9255.2
1 230 569 5347.0
1 230 570 5333.5
1 230 571 5317.4
1 230 572 5306.0
1 230 573 5316.9
1 230 574 5332.4
1 230 575 5342.6
1 230 576 5344.7
1 230 577 5179.6
1 230 578 5212.8
1 230 579 5245.9
1 230 580 5275.3
1 230 581 5278.4
1 230 582 5283.8
1 230 583 5286.3
1 230 584 5285.4
1 230 585 5282.0
1 230 586 5277.4
1 230 587 5271.3
1 230 588 5267.4
1 229 589 5251.5
1 229 590 5242.2
1 228 591 5219.5
1 228 592 5203.8
1 228 593 5186.5
1 228 594 5164.3
1 227 595 5120.1
1 227 596 5096.9
1 227 597 5068.8
1 227 598 5035.6
1 227 599 4786.4
1 226 600 4700.2
1 226 601 4698.2
1 226 602 4696.9
1 226 603 4697.6
1 225 604 4268.5
1 224 605 4268.5
1 223 606 4290.4
1 222 607 4310.8
1 223 605 4275.0
1 114 114 -14955.6
1 117 120 -809.211
1 121 111 -107738.0
1 121 113 -103528.0
1 124 115 -71728.8
1 125 116 -165528.0
1 126 120 -290.4
1 129 121 -16552.8
1 130 122 -809.211
1 133 112 -43414.8
1 135 194 -809.211
1 138 201 -7986.0
1 139 168 -9002.4
1 140 168 -20182.8
1 141 191 -142877.0
1 143 126 -60838.8
1 143 172 -27442.8
1 144 172 -28168.8
1 145 161 -118338.0
1 146 117 -16117.2
1 146 188 -99171.6
1 146 190 -31218.0
1 147 145 -18378.4
1 148 167 -44286.0
1 148 176 -110726.0
1 148 196 -52562.4
1 149 145 -89443.2
1 149 146 -32524.8
1 150 124 -12051.6
1 150 141 -23232.0
1 150 198 -103818.0
1 151 142 -11470.8
1 151 195 -59532.0
1 152 123 -31798.8
1 152 125 -26219.2
1 152 132 -809.211
1 153 142 -150427.0
1 153 192 -90024.0
1 154 125 -871.2
1 154 171 -15038.8
1 154 249 -60112.8
1 155 112 -64759.2
1 155 129 -1597.2
1 155 141 -178160.0
1 156 129 -219833.0
1 156 146 -65194.8
1 157 135 -1618.42
1 157 140 -63742.8
1 157 251 -130390.0
1 158 133 -809.211
1 158 137 -32524.8
1 158 181 -93218.4
1 159 119 -47190.0
1 159 173 -45302.4
1 160 119 -11325.6
1 161 125 -2758.8
1 161 129 -1016.4
1 161 140 -1161.6
1 161 188 -38913.6
1 162 119 -3775.2
1 162 121 -54740.4
1 162 128 -208362.0
1 162 132 -35574.0
1 162 167 -1452.0
1 163 138 -6036.41
1 164 135 -35719.2
1 165 130 -2468.4
1 166 126 -3775.2
1 167 259 -12342.0
1 168 123 -9147.6
1 168 208 -62871.6
1 169 127 -145.2
1 169 163 -41527.2
1 170 131 -34848.0
1 171 130 -86394.0
1 171 131 -8566.8
1 171 132 -1742.4
1 172 130 -1887.6
1 172 218 -116886.0
1 173 224 -31944.0
1 174 123 -64614.0
1 174 135 -9002.4
1 175 134 -57208.8
1 175 204 -52562.4
1 176 176 -23958.0
1 176 202 -31218.0
1 177 133 -64904.4
1 177 211 -21199.2
1 178 261 -122984.0
1 179 181 -40801.2
1 179 183 -50820.0
1 179 210 -42834.0
1 180 208 -21780.0
1 184 246 -18585.6
1 187 200 -62581.2
1 187 281 -4356.0
1 188 198 -116596.0
1 188 209 -78117.6
1 188 240 -154783.0
1 188 258 -133584.0
1 189 282 -53724.0
1 190 281 -135036.0
1 191 191 -101785.0
1 191 281 -76956.0
1 193 256 -34848.0
1 193 260 -41191.5
1 197 204 -27878.4
1 197 252 -27442.8
1 198 297 -435.6
1 198 298 -809.211
1 199 211 -34993.2
1 199 231 -70857.6
1 199 298 -834.3710000000001
1 200 298 -853.7710000000001
1 201 234 -23086.8
1 203 275 -188615.0
1 203 280 -56482.8
1 204 248 -19428.3
1 205 300 -867.2710000000001
1 206 196 -102076.0
1 206 286 -7260.0
1 206 300 -1635.64
1 211 255 -201392.0
1 212 226 -2468.4
1 212 258 -253519.0
1 213 264 -435.6
1 213 300 -66792.0
1 214 240 -52126.8
1 215 260 -89007.6
1 216 238 -58660.8
1 216 267 -34122.0
1 217 264 -113837.0
1 217 365 -726.0
1 218 179 -54450.0
1 219 310 -18876.0
1 221 223 -2032.8
1 221 246 -54450.0
1 221 284 -44.28
1 222 352 -59497.2
1 222 358 -11470.8
1 222 369 -2468.4
1 223 271 -104544.0
1 224 301 -71874.0
1 224 374 -8618.68
1 226 311 -15246.0
1 226 365 -2850.52
1 228 225 -106577.0
1 230 255 -42979.2
1 230 361 -74197.2
1 231 401 -809.211
1 232 256 -1742.4
1 232 364 -310.14
1 232 370 -484.23
1 233 337 -1970.81
1 233 394 -1644.67
1 234 304 -5411.4
1 234 393 -847.221
1 235 367 -38746.4
1 235 400 -435.6
1 235 605 -13087.3
1 235 609 -8319.4
1 236 263 -72164.4
1 236 351 -53724.0
1 236 609 -177.39
1 237 237 -15246.0
1 237 316 -35300.6
1 237 357 -7733.64
1 237 389 -3422.81
1 238 221 -2613.6
1 238 398 -3.56
1 238 605 -4056.45
1 238 609 -2488.99
1 239 250 -28314.0
1 239 338 -49077.6
1 239 426 -726.0
1 239 605 -4105.43
1 239 606 -2472.03
1 239 619 -10682.8
1 240 380 -962.051
1 240 426 -1031.57
1 240 608 -3275.34
1 241 335 -10018.8
1 241 342 -86539.2
1 241 604 -914.0210000000001
1 242 311 -1.78
1 243 371 -11141.7
1 243 389 -1161.6
1 243 422 -145.2
1 243 431 -157.3
1 243 605 -4046.05
1 244 431 -128.78
1 244 605 -5001.46
1 244 621 -4305.4
1 245 238 -54740.4
1 245 322 -13459.0
1 245 337 -809.211
1 245 370 -50.7
1 245 621 -809.211
1 246 321 -5697.92
1 246 618 -2531.9
1 247 344 -822.591
1 247 383 -11567.2
1 247 384 -3577550.0
1 248 251 -31067.4
1 248 424 -1742.4
1 248 436 -5082.0
1 248 442 -145.2
1 248 444 -2.67
1 248 589 -5517.6
1 249 373 -826.321
1 249 389 -1597.2
1 249 424 -809.211
1 249 430 -93220.0
1 249 436 -10338.9
1 249 443 -16546.6
1 249 606 -4070.65
1 250 239 -69405.6
1 250 326 -5461.3
1 250 424 -809.211
1 250 425 -426017.0
1 250 431 -34689.1
1 250 595 -3490.6
1 251 300 -87120.0
1 251 356 -112490.0
1 251 408 -1507.47
1 251 456 -954.4110000000001
1 251 457 -125.45
1 251 594 -809.211
1 251 595 -1026.51
1 251 596 -1780.66
1 252 230 -21634.8
1 252 285 -41527.2
1 252 329 -59425.5
1 252 450 -290.4
1 252 595 -809.211
1 252 606 -828.591
1 253 298 -48061.2
1 253 331 -15872.4
1 253 332 -14343.9
1 253 416 -290.4
1 253 420 -11721.6
1 253 445 -52021.7
1 254 338 -141860.0
1 254 367 -2318260.0
1 254 407 -146082.0
1 254 597 -954.4110000000001
1 254 607 -14748.4
1 255 381 -25845.6
1 255 383 -85522.8
1 255 388 -78262.8
1 255 395 -3194.4
1 255 420 -12196.8
1 255 439 -47625.6
1 255 443 -55527.9
1 255 595 -859.7410000000001
1 255 596 -954.831
1 255 606 -16345.6
1 255 609 -1618.42
1 256 314 -12423.2
1 256 335 -52852.8
1 256 341 -435.6
1 256 370 -8319.4
1 256 413 -2904.0
1 256 586 -59072.6
1 256 593 -3236.84
1 257 238 -726.0
1 257 324 -7763.29
1 257 413 -1887.6
1 257 576 -6203.67
1 257 599 -47799.8
1 257 600 -122113.0
1 258 325 -8140.27
1 258 336 -42488.6
1 258 418 -50117.1
1 258 420 -391649.0
1 258 442 -415547.0
1 258 464 -2613.6
1 258 585 -5040.32
1 258 595 -1618.42
1 258 601 -41672.4
1 258 602 -20497.7
1 259 340 -81395.2
1 259 371 -6479.06
1 259 405 -31682.3
1 259 588 -36998.4
1 259 592 -809.211
1 259 593 -809.211
1 260 342 -92056.8
1 260 349 -1597.2
1 260 407 -4849900.0
1 260 413 -364892.0
1 260 424 -1980.93
1 260 461 -3484.8
1 260 463 -45302.4
1 260 464 -58951.2
1 260 585 -11845.0
1 260 586 -20829.7
1 261 337 -8131.2
1 261 355 -120226.0
1 261 381 -313237.0
1 261 395 -30932.1
1 261 416 -24538.8
1 261 418 -809.211
1 261 429 -48261.1
1 261 464 -7260.0
1 261 492 -809.211
1 261 571 -290.4
1 261 576 -13404.6
1 262 345 -126760.0
1 262 540 -351.13
1 262 564 -61087.6
1 262 568 -32089.2
1 262 570 -98155.2
1 262 571 -1306.8
1 263 471 -8857.2
1 263 477 -13939.2
1 263 520 -1645.38
1 263 574 -435.6
1 263 582 -15288.6
1 264 265 -17714.4
1 264 344 -24974.4
1 264 345 -37752.0
1 264 355 -435.6
1 264 367 -809.211
1 264 383 -61687.9
1 264 428 -172032.0
1 264 468 -77.87
1 264 471 -15100.8
1 264 476 -580.8
1 264 477 -49658.4
1 264 523 -3008.43
1 264 549 -770.13
1 265 364 -44506.8
1 265 374 -4104.53
1 265 380 -67.29
1 265 422 -556846.0
1 265 523 -4238.12
1 266 337 -809.211
1 266 340 -580.8
1 266 462 -145.2
1 267 391 -15246.0
1 267 463 -9002.4
1 267 555 -809.211
1 267 556 -809.211
1 268 333 -32960.4
1 268 334 -42543.6
1 268 379 -93.85
1 268 436 -3683630.0
1 268 455 -13.55
1 268 479 -580.8
1 268 480 -1161.6
1 268 489 -5568.24
1 269 363 -818.811
1 269 397 -49658.4
1 269 450 -5227.2
1 269 456 -28478.4
1 269 541 -2551.61
1 270 337 -10454.4
1 270 352 -145.2
1 270 417 -1901.31
1 270 429 -1615.59
1 270 481 -809.211
1 270 483 -2916.84
1 270 484 -954.4110000000001
1 270 486 -57990.7
1 270 498 -87700.8
1 271 319 -74981.5
1 271 371 -580.8
1 271 485 -246.42
1 271 493 -161366.0
1 271 498 -11906.4
1 271 537 -154183.0
1 272 336 -21339.9
1 272 337 -490.16
1 272 351 -11470.8
1 272 366 -5808.0
1 272 368 -338056.0
1 272 388 -918861.0
1 272 450 -7840.8
1 272 451 -20763.6
1 272 453 -1161.6
1 272 462 -2224610.0
1 272 490 -726.0
1 272 491 -21.92
1 272 497 -27939.3
1 272 498 -145.2
1 272 530 -267946.0
1 272 532 -280784.0
1 272 535 -64652.6
1 273 363 -145.2
1 273 392 -546.31
1 273 410 -5662.8
1 273 480 -1016.4
1 273 510 -809.211
1 273 516 -23483.2
1 273 517 -8568.93
1 273 518 -200.12
1 274 409 -2032.8
1 274 520 -82473.6
1 274 523 -5227.2
1 275 367 -76084.8
1 275 450 -290.4
1 275 506 -4065.6
1 276 366 -82038.0
1 276 392 -435.6
1 276 446 -6098.4
1 276 474 -45224.2
1 277 294 -72793.6
1 277 390 -13503.6
1 277 407 -2108790.0
1 277 431 -151.5
1 277 468 -145.2
1 277 472 -17411.1
1 277 480 -94111.2
1 278 365 -236821.0
1 278 435 -17164.6
1 278 482 -4210.8
1 279 310 -30492.6
1 279 336 -18440.4
1 279 433 -116014.0
1 279 438 -66004.8
1 279 475 -102956.0
1 279 485 -27733.2
1 280 365 -19456.8
1 280 433 -103750.0
1 280 442 -22360.8
1 280 469 -63432.9
1 280 471 -49629.4
1 281 458 -444021.0
1 282 409 -7260.0
1 282 424 -2468.4
1 282 430 -726.0
1 282 436 -46271.4
1 282 454 -5146.71
1 282 457 -1082.81
1 283 335 -26426.4
1 283 354 -9873.6
1 283 429 -293885.0
1 283 449 -25265.4
1 283 452 -157525.0
1 283 455 -11220.3
1 283 468 -46219.2
1 284 339 -117462.0
1 284 457 -7695.6
1 284 463 -276439.0
1 284 481 -9246.25
1 285 306 -22.28
1 285 374 -5227.2
1 285 467 -265463.0
1 285 475 -101967.0
1 286 330 -84735.8
1 286 425 -556076.0
1 286 475 -25145.3
1 286 477 -81447.2
1 287 426 -809.211
1 287 477 -46650.1
1 288 372 -134.74
1 288 419 -12922.8
1 288 423 -823.92
1 288 426 -809.211
1 289 351 -22796.4
1 289 404 -186443.0
1 289 459 -13056.2
1 289 468 -20074.4
1 290 382 -275798.0
1 290 402 -1050.1
1 290 411 -3484.8
1 290 412 -24103.2
1 290 413 -1452.0
1 290 420 -138.58
1 291 373 -1742.4
1 291 399 -126564.0
1 291 419 -892349.0
1 292 361 -50674.8
1 292 365 -15681.6
1 292 469 -12730.9
1 294 435 -29330.4
1 294 447 -58761.6
1 295 391 -29766.0
1 296 388 -663.5
1 296 398 -52420.7
1 296 406 -38245.9
1 296 433 -6243.6
1 297 381 -28749.6
1 297 383 -726.0
1 297 395 -4169.95
1 297 401 -118161.0
1 297 402 -98896.7
1 297 415 -85232.4
1 297 442 -60374.7
1 298 389 -42543.6
1 298 390 -54595.2
1 299 354 -6534.0
1 299 355 -5662.8
1 299 387 -375.69
1 102 110 -809.211
1 102 113 -809.211
1 103 100 -809.211
1 103 104 -809.211
1 104 115 -809.211
1 105 115 -809.211
1 105 139 -809.211
1 108 117 -809.211
1 109 112 -809.211
1 111 155 -809.211
1 111 208 -809.211
1 112 181 -809.211
1 113 111 -809.211
1 113 159 -809.211
1 113 211 -809.211
1 114 173 -809.211
1 114 212 -1618.42
1 115 212 -1618.42
1 116 121 -809.211
1 116 150 -809.211
1 116 166 -809.211
1 117 119 -809.211
1 117 168 -809.211
1 117 210 -809.211
1 119 194 -809.211
1 119 202 -809.211
1 119 96 -809.211
1 120 155 -809.211
1 120 94 -809.211
1 121 187 -809.211
1 123 110 -809.211
1 123 111 -809.211
1 123 158 -809.211
1 123 168 -809.211
1 123 193 -809.211
1 123 202 -1618.42
1 125 150 -809.211
1 125 151 -809.211
1 125 193 -809.211
1 125 194 -809.211
1 126 121 -809.211
1 126 191 -809.211
1 126 195 -809.211
1 127 150 -809.211
1 127 160 -809.211
1 127 169 -809.211
1 127 195 -809.211
1 127 199 -1618.42
1 128 122 -809.211
1 128 148 -809.211
1 128 149 -809.211
1 128 152 -809.211
1 128 153 -809.211
1 128 154 -809.211
1 128 157 -809.211
1 128 199 -809.211
1 129 117 -809.211
1 129 119 -809.211
1 129 122 -809.211
1 129 146 -809.211
1 129 154 -1618.42
1 129 162 -809.211
1 129 176 -809.211
1 130 120 -809.211
1 130 154 -809.211
1 130 155 -809.211
1 130 156 -2427.63
1 130 194 -809.211
1 131 112 -809.211
1 131 121 -809.211
1 131 122 -809.211
1 131 150 -809.211
1 131 156 -809.211
1 131 157 -809.211
1 131 158 -809.211
1 131 161 -1618.42
1 131 198 -809.211
1 132 112 -809.211
1 132 155 -809.211
1 132 156 -809.211
1 132 160 -809.211
1 132 161 -1618.42
1 133 155 -809.211
1 133 159 -809.211
1 133 160 -1618.42
1 133 192 -1618.42
1 133 193 -809.211
1 134 148 -809.211
1 134 150 -809.211
1 134 151 -809.211
1 134 156 -809.211
1 134 191 -809.211
1 134 193 -3236.84
1 135 148 -4046.05
1 135 149 -1618.42
1 135 156 -809.211
1 135 157 -809.211
1 135 193 -2427.63
1 136 147 -809.211
1 136 148 -809.211
1 136 149 -809.211
1 136 150 -1618.42
1 136 153 -809.211
1 136 155 -809.211
1 137 148 -809.211
1 137 150 -809.211
1 137 153 -1618.42
1 137 154 -809.211
1 137 157 -2427.63
1 137 175 -809.211
1 137 206 -809.211
1 138 151 -809.211
1 138 152 -809.211
1 138 153 -2427.63
1 138 168 -809.211
1 138 169 -809.211
1 139 151 -809.211
1 140 138 -809.211
1 140 155 -3236.84
1 140 156 -809.211
1 140 171 -809.211
1 140 180 -809.211
1 141 149 -809.211
1 141 154 -1618.42
1 141 157 -809.211
1 141 171 -809.211
1 141 199 -1618.42
1 142 155 -809.211
1 142 156 -809.211
1 142 157 -809.211
1 142 158 -809.211
1 142 174 -809.211
1 142 179 -809.211
1 142 201 -809.211
1 143 146 -809.211
1 143 157 -2427.63
1 144 142 -1618.42
1 144 173 -809.211
1 145 142 -809.211
1 145 143 -809.211
1 145 151 -809.211
1 145 187 -809.211
1 145 226 -809.211
1 146 140 -809.211
1 146 141 -1618.42
1 146 145 -809.211
1 146 208 -809.211
1 146 229 -809.211
1 146 230 -809.211
1 146 232 -809.211
1 147 139 -2427.63
1 147 140 -809.211
1 147 141 -809.211
1 147 142 -809.211
1 147 229 -809.211
1 147 230 -809.211
1 147 233 -809.211
1 147 239 -809.211
1 147 240 -809.211
1 148 217 -809.211
1 148 221 -809.211
1 149 127 -809.211
1 149 147 -809.211
1 149 154 -809.211
1 149 222 -809.211
1 149 253 -809.211
1 150 160 -809.211
1 150 164 -809.211
1 150 177 -809.211
1 150 227 -809.211
1 150 236 -809.211
1 151 128 -809.211
1 151 228 -809.211
1 152 153 -809.211
1 152 173 -809.211
1 152 176 -809.211
1 152 222 -809.211
1 152 228 -809.211
1 153 126 -809.211
1 153 136 -809.211
1 153 155 -809.211
1 153 232 -809.211
1 153 238 -809.211
1 153 253 -809.211
1 154 126 -809.211
1 154 133 -809.211
1 154 161 -809.211
1 154 172 -809.211
1 154 220 -809.211
1 154 244 -809.211
1 155 170 -1618.42
1 155 216 -809.211
1 155 262 -809.211
1 156 160 -809.211
1 156 211 -809.211
1 156 223 -809.211
1 157 132 -809.211
1 157 133 -809.211
1 157 134 -2427.63
1 157 136 -809.211
1 157 194 -809.211
1 157 207 -809.211
1 157 240 -809.211
1 158 135 -809.211
1 158 248 -809.211
1 159 152 -809.211
1 159 231 -809.211
1 159 240 -809.211
1 159 247 -809.211
1 159 248 -809.211
1 159 250 -809.211
1 159 251 -809.211
1 159 257 -809.211
1 160 133 -809.211
1 160 249 -1618.42
1 160 251 -1618.42
1 160 252 -809.211
1 160 253 -809.211
1 160 262 -809.211
1 161 144 -1618.42
1 161 251 -809.211
1 161 253 -809.211
1 162 137 -1618.42
1 162 252 -1618.42
1 162 253 -809.211
1 163 152 -809.211
1 163 190 -809.211
1 163 236 -809.211
1 164 278 -809.211
1 164 290 -809.211
1 164 299 -809.211
1 165 133 -1618.42
1 165 134 -1618.42
1 165 135 -809.211
1 165 290 -809.211
1 166 131 -809.211
1 166 132 -809.211
1 166 133 -1618.42
1 166 134 -809.211
1 166 135 -809.211
1 166 210 -809.211
1 166 254 -809.211
1 166 255 -809.211
1 167 127 -809.211
1 167 132 -1618.42
1 167 133 -1618.42
1 167 134 -2427.63
1 167 256 -809.211
1 167 288 -809.211
1 167 294 -809.211
1 168 130 -809.211
1 168 131 -809.211
1 168 132 -3236.84
1 168 133 -3236.84
1 168 286 -809.211
1 168 287 -1618.42
1 168 291 -1618.42
1 169 128 -1618.42
1 169 129 -3236.84
1 169 131 -809.211
1 169 132 -4046.05
1 169 133 -2427.63
1 169 134 -7282.9
1 169 135 -809.211
1 169 236 -809.211
1 169 260 -809.211
1 169 271 -809.211
1 169 287 -809.211
1 169 290 -809.211
1 170 133 -2427.63
1 170 134 -9710.53
1 170 136 -809.211
1 170 187 -809.211
1 170 256 -809.211
1 170 287 -809.211
1 170 292 -809.211
1 171 133 -1618.42
1 171 134 -809.211
1 171 136 -4046.05
1 171 290 -809.211
1 172 257 -809.211
1 172 284 -809.211
1 172 295 -1618.42
1 172 311 -809.211
1 173 258 -809.211
1 173 278 -809.211
1 173 290 -809.211
1 173 292 -809.211
1 173 293 -1618.42
1 173 294 -809.211
1 174 124 -809.211
1 174 253 -809.211
1 174 261 -809.211
1 174 270 -809.211
1 174 283 -809.211
1 174 289 -809.211
1 174 293 -809.211
1 175 260 -809.211
1 175 288 -809.211
1 175 292 -1618.42
1 175 293 -809.211
1 175 296 -809.211
1 175 305 -809.211
1 176 274 -809.211
1 176 305 -809.211
1 177 289 -809.211
1 177 290 -809.211
1 178 243 -809.211
1 178 280 -809.211
1 178 285 -809.211
1 178 302 -809.211
1 178 305 -809.211
1 178 306 -809.211
1 178 311 -809.211
1 179 278 -809.211
1 179 285 -809.211
1 180 149 -809.211
1 180 286 -809.211
1 181 297 -809.211
1 181 307 -809.211
1 181 308 -809.211
1 183 242 -809.211
1 183 285 -809.211
1 183 295 -809.211
1 183 308 -809.211
1 183 309 -809.211
1 183 318 -809.211
1 184 263 -809.211
1 184 285 -809.211
1 184 313 -809.211
1 184 319 -809.211
1 185 257 -809.211
1 185 305 -809.211
1 185 306 -809.211
1 185 307 -809.211
1 185 315 -809.211
1 186 255 -809.211
1 186 265 -809.211
1 186 307 -1618.42
1 186 310 -809.211
1 188 262 -809.211
1 188 294 -809.211
1 188 295 -809.211
1 189 295 -809.211
1 189 309 -809.211
1 190 307 -809.211
1 190 308 -809.211
1 190 324 -809.211
1 191 292 -1618.42
1 191 304 -809.211
1 191 305 -809.211
1 192 258 -809.211
1 192 284 -809.211
1 192 304 -809.211
1 192 316 -809.211
1 192 319 -809.211
1 193 262 -809.211
1 193 301 -809.211
1 193 311 -809.211
1 193 313 -1618.42
1 194 284 -809.211
1 194 313 -809.211
1 195 269 -809.211
1 195 287 -809.211
1 195 289 -809.211
1 195 300 -809.211
1 195 311 -809.211
1 195 313 -809.211
1 196 269 -809.211
1 196 275 -809.211
1 196 303 -809.211
1 196 324 -809.211
1 196 333 -809.211
1 197 264 -809.211
1 197 283 -809.211
1 197 300 -809.211
1 197 322 -809.211
1 197 325 -809.211
1 198 242 -809.211
1 198 276 -1618.42
1 198 309 -809.211
1 198 311 -809.211
1 199 283 -809.211
1 199 311 -809.211
1 199 324 -809.211
1 200 280 -809.211
1 200 286 -809.211
1 200 296 -809.211
1 200 299 -809.211
1 200 306 -809.211
1 200 307 -809.211
1 200 312 -809.211
1 200 343 -809.211
1 200 345 -809.211
1 201 257 -809.211
1 202 280 -809.211
1 202 287 -809.211
1 202 297 -809.211
1 202 301 -809.211
1 202 302 -809.211
1 203 215 -809.211
1 203 304 -809.211
1 203 305 -809.211
1 203 309 -809.211
1 203 315 -809.211
1 205 263 -809.211
1 205 303 -809.211
1 205 304 -809.211
1 205 317 -809.211
1 205 318 -809.211
1 205 319 -809.211
1 206 264 -809.211
1 206 270 -809.211
1 206 301 -809.211
1 206 304 -809.211
1 206 315 -809.211
1 206 317 -1618.42
1 207 262 -809.211
1 207 300 -809.211
1 207 301 -1618.42
1 207 303 -809.211
1 207 304 -809.211
1 207 306 -1618.42
1 207 315 -809.211
1 207 317 -809.211
1 208 298 -1618.42
1 208 299 -1618.42
1 208 306 -809.211
1 208 317 -809.211
1 208 328 -809.211
1 209 284 -809.211
1 209 297 -809.211
1 209 302 -809.211
1 210 284 -809.211
1 210 301 -809.211
1 210 302 -809.211
1 210 342 -809.211
1 211 301 -809.211
1 211 321 -809.211
1 212 295 -809.211
1 212 347 -809.211
1 213 226 -809.211
1 213 287 -809.211
1 213 303 -809.211
1 213 329 -809.211
1 214 319 -809.211
1 215 289 -809.211
1 215 311 -809.211
1 215 353 -809.211
1 216 323 -809.211
1 216 341 -809.211
1 217 244 -809.211
1 217 249 -809.211
1 217 351 -809.211
1 218 209 -809.211
1 218 243 -809.211
1 218 292 -809.211
1 218 345 -1618.42
1 221 240 -809.211
1 221 611 -809.211
1 222 254 -809.211
1 222 362 -809.211
1 224 338 -809.211
1 224 359 -809.211
1 225 323 -809.211
1 225 329 -809.211
1 225 332 -809.211
1 225 368 -809.211
1 225 373 -809.211
1 225 378 -809.211
1 225 382 -1618.42
1 226 323 -809.211
1 226 388 -1618.42
1 226 618 -809.211
1 227 315 -809.211
1 228 606 -809.211
1 229 385 -1618.42
1 229 392 -809.211
1 229 393 -809.211
1 229 397 -3236.84
1 229 618 -4046.05
1 230 338 -809.211
1 230 373 -1618.42
1 230 384 -809.211
1 230 392 -1618.42
1 230 393 -3236.84
1 230 396 -809.211
1 230 605 -809.211
1 231 343 -809.211
1 231 383 -809.211
1 231 392 -4046.05
1 231 393 -8901.32
1 231 398 -809.211
1 231 603 -809.211
1 231 607 -1618.42
1 232 259 -809.211
1 232 300 -809.211
1 232 384 -809.211
1 232 389 -809.211
1 232 393 -4855.26
1 232 394 -3236.84
1 232 405 -809.211
1 232 604 -1618.42
1 232 606 -1618.42
1 232 607 -2427.63
1 232 608 -809.211
1 233 373 -809.211
1 233 393 -809.211
1 233 403 -809.211
1 233 406 -3236.84
1 233 601 -1618.42
1 233 602 -809.211
1 234 374 -809.211
1 234 388 -809.211
1 234 389 -809.211
1 234 406 -2427.63
1 234 407 -1618.42
1 234 601 -809.211
1 234 602 -1618.42
1 234 603 -2427.63
1 234 604 -809.211
1 234 605 -1618.42
1 234 606 -809.211
1 234 609 -809.211
1 234 620 -809.211
1 234 621 -809.211
1 235 342 -809.211
1 235 368 -809.211
1 235 389 -809.211
1 235 392 -809.211
1 235 404 -809.211
1 235 406 -809.211
1 235 599 -809.211
1 235 600 -1618.42
1 235 602 -2427.63
1 235 603 -809.211
1 235 606 -809.211
1 235 608 -809.211
1 236 256 -809.211
1 236 359 -809.211
1 236 377 -1618.42
1 236 378 -809.211
1 236 389 -1618.42
1 236 600 -809.211
1 236 601 -809.211
1 236 602 -1618.42
1 236 605 -809.211
1 236 606 -809.211
1 236 607 -809.211
1 236 620 -809.211
1 237 330 -809.211
1 237 377 -809.211
1 237 384 -809.211
1 237 388 -809.211
1 237 605 -1618.42
1 237 606 -2427.63
1 237 607 -1618.42
1 237 608 -4046.05
1 237 609 -2427.63
1 237 620 -809.211
1 238 346 -809.211
1 238 391 -809.211
1 238 410 -809.211
1 238 602 -809.211
1 238 603 -809.211
1 238 606 -4046.05
1 238 607 -4855.26
1 238 608 -3236.84
1 238 610 -809.211
1 239 297 -809.211
1 239 323 -809.211
1 239 404 -809.211
1 239 601 -809.211
1 239 603 -809.211
1 239 607 -1618.42
1 239 608 -3236.84
1 239 609 -2427.63
1 239 610 -1618.42
1 239 615 -1618.42
1 240 267 -809.211
1 240 319 -809.211
1 240 327 -809.211
1 240 352 -809.211
1 240 374 -1618.42
1 240 392 -1618.42
1 240 396 -809.211
1 240 406 -809.211
1 240 603 -809.211
1 240 605 -2427.63
1 240 606 -3236.84
1 240 607 -1618.42
1 240 620 -1618.42
1 240 621 -809.211
1 241 339 -809.211
1 241 352 -809.211
1 241 370 -1618.42
1 241 375 -809.211
1 241 409 -809.211
1 241 577 -809.211
1 241 603 -1618.42
1 241 605 -2427.63
1 241 606 -1618.42
1 241 607 -1618.42
1 241 608 -1618.42
1 241 609 -4046.05
1 241 610 -809.211
1 241 611 -809.211
1 241 620 -809.211
1 241 621 -809.211
1 242 314 -809.211
1 242 318 -809.211
1 242 336 -809.211
1 242 338 -809.211
1 242 339 -809.211
1 242 373 -2427.63
1 242 374 -4855.26
1 242 406 -1618.42
1 242 603 -1618.42
1 242 604 -5664.48
1 242 605 -7282.9
1 242 606 -2427.63
1 242 607 -4046.05
1 242 608 -4046.05
1 242 609 -2427.63
1 242 610 -2427.63
1 242 616 -809.211
1 242 622 -809.211
1 242 623 -2427.63
1 243 366 -809.211
1 243 369 -809.211
1 243 372 -1618.42
1 243 373 -6473.69
1 243 374 -2427.63
1 243 386 -809.211
1 243 391 -809.211
1 243 405 -809.211
1 243 406 -809.211
1 243 407 -1618.42
1 243 409 -809.211
1 243 577 -809.211
1 243 606 -5664.48
1 243 607 -4046.05
1 243 608 -1618.42
1 243 609 -4855.26
1 243 620 -809.211
1 243 622 -1618.42
1 243 623 -6473.69
1 244 371 -809.211
1 244 372 -1618.42
1 244 373 -2427.63
1 244 415 -809.211
1 244 598 -809.211
1 244 606 -3236.84
1 244 607 -809.211
1 244 611 -809.211
1 244 616 -809.211
1 244 622 -809.211
1 244 623 -3236.84
1 244 624 -809.211
1 245 312 -809.211
1 245 315 -809.211
1 245 326 -809.211
1 245 335 -809.211
1 245 338 -809.211
1 245 356 -1618.42
1 245 371 -809.211
1 245 413 -809.211
1 245 586 -809.211
1 245 604 -809.211
1 245 605 -2427.63
1 245 606 -4046.05
1 245 607 -3236.84
1 245 609 -4046.05
1 245 610 -1618.42
1 245 612 -1618.42
1 245 616 -1618.42
1 245 619 -809.211
1 245 620 -1618.42
1 245 622 -809.211
1 246 214 -809.211
1 246 342 -809.211
1 246 356 -809.211
1 246 357 -809.211
1 246 374 -809.211
1 246 413 -809.211
1 246 590 -809.211
1 246 599 -809.211
1 246 600 -4855.26
1 246 605 -3236.84
1 246 606 -5664.48
1 246 607 -3236.84
1 246 610 -809.211
1 246 612 -1618.42
1 246 614 -809.211
1 246 615 -809.211
1 246 623 -809.211
1 247 314 -809.211
1 247 331 -809.211
1 247 367 -1618.42
1 247 368 -4046.05
1 247 387 -1618.42
1 247 413 -809.211
1 247 578 -809.211
1 247 597 -809.211
1 247 598 -5664.48
1 247 599 -4855.26
1 247 600 -8092.11
1 247 601 -8092.11
1 247 605 -1618.42
1 247 609 -1618.42
1 247 610 -1618.42
1 247 611 -3236.84
1 247 612 -3236.84
1 247 613 -1618.42
1 247 618 -1618.42
1 247 619 -809.211
1 247 623 -809.211
1 248 307 -809.211
1 248 367 -809.211
1 248 368 -3236.84
1 248 371 -1618.42
1 248 372 -4046.05
1 248 387 -1618.42
1 248 388 -4855.26
1 248 413 -809.211
1 248 416 -809.211
1 248 529 -809.211
1 248 567 -809.211
1 248 596 -5664.48
1 248 597 -4046.05
1 248 598 -8092.11
1 248 599 -4855.26
1 248 600 -3236.84
1 248 601 -4855.26
1 248 602 -2427.63
1 248 605 -809.211
1 248 608 -809.211
1 248 609 -1618.42
1 248 610 -2427.63
1 248 611 -4855.26
1 248 612 -4855.26
1 248 613 -5664.48
1 248 618 -809.211
1 248 619 -809.211
1 248 620 -809.211
1 248 623 -1618.42
1 249 333 -809.211
1 249 334 -809.211
1 249 365 -1618.42
1 249 366 -2427.63
1 249 367 -809.211
1 249 368 -2427.63
1 249 371 -809.211
1 249 387 -809.211
1 249 388 -809.211
1 249 400 -809.211
1 249 412 -809.211
1 249 567 -809.211
1 249 593 -1618.42
1 249 595 -4855.26
1 249 596 -5664.48
1 249 597 -8901.32
1 249 603 -2427.63
1 249 604 -6473.69
1 249 605 -4046.05
1 249 607 -3236.84
1 249 609 -809.211
1 249 610 -1618.42
1 249 611 -4046.05
1 249 612 -7282.9
1 249 613 -1618.42
1 249 618 -809.211
1 249 623 -809.211
1 250 331 -809.211
1 250 355 -809.211
1 250 365 -1618.42
1 250 366 -4046.05
1 250 367 -2427.63
1 250 368 -809.211
1 250 369 -1618.42
1 250 370 -1618.42
1 250 371 -4855.26
1 250 382 -809.211
1 250 406 -809.211
1 250 413 -809.211
1 250 414 -809.211
1 250 423 -809.211
1 250 436 -809.211
1 250 568 -809.211
1 250 579 -809.211
1 250 591 -809.211
1 250 594 -809.211
1 250 596 -6473.69
1 250 597 -1618.42
1 250 602 -809.211
1 250 603 -5664.48
1 250 604 -4855.26
1 250 605 -3236.84
1 250 607 -809.211
1 250 608 -2427.63
1 250 609 -809.211
1 250 610 -809.211
1 250 613 -809.211
1 251 276 -809.211
1 251 322 -809.211
1 251 365 -2427.63
1 251 366 -7282.9
1 251 367 -1618.42
1 251 368 -1618.42
1 251 371 -809.211
1 251 379 -809.211
1 251 407 -809.211
1 251 414 -809.211
1 251 424 -809.211
1 251 598 -809.211
1 251 604 -809.211
1 251 605 -809.211
1 251 607 -809.211
1 251 610 -809.211
1 252 236 -809.211
1 252 365 -2427.63
1 252 366 -5664.48
1 252 367 -5664.48
1 252 368 -1618.42
1 252 376 -809.211
1 252 412 -809.211
1 252 416 -809.211
1 252 428 -809.211
1 252 506 -809.211
1 252 507 -809.211
1 252 528 -809.211
1 252 534 -809.211
1 252 544 -809.211
1 252 576 -809.211
1 252 591 -1618.42
1 252 596 -1618.42
1 252 597 -1618.42
1 252 598 -809.211
1 252 599 -1618.42
1 252 608 -1618.42
1 252 609 -809.211
1 252 611 -809.211
1 252 620 -809.211
1 253 259 -809.211
1 253 342 -809.211
1 253 363 -809.211
1 253 365 -1618.42
1 253 366 -4855.26
1 253 367 -3236.84
1 253 370 -809.211
1 253 375 -1618.42
1 253 404 -809.211
1 253 433 -1618.42
1 253 506 -809.211
1 253 543 -809.211
1 253 546 -809.211
1 253 547 -809.211
1 253 566 -809.211
1 253 586 -1618.42
1 253 596 -809.211
1 253 597 -3236.84
1 253 601 -809.211
1 253 604 -809.211
1 253 605 -809.211
1 253 614 -2427.63
1 254 366 -1618.42
1 254 478 -809.211
1 254 581 -809.211
1 254 584 -809.211
1 254 585 -4855.26
1 254 586 -4046.05
1 254 587 -2427.63
1 254 588 -2427.63
1 254 589 -3236.84
1 254 598 -809.211
1 254 599 -809.211
1 254 601 -1618.42
1 254 604 -1618.42
1 254 605 -809.211
1 254 606 -809.211
1 254 611 -809.211
1 255 341 -809.211
1 255 346 -809.211
1 255 371 -809.211
1 255 402 -809.211
1 255 442 -809.211
1 255 445 -809.211
1 255 461 -809.211
1 255 479 -809.211
1 255 512 -809.211
1 255 513 -809.211
1 255 526 -809.211
1 255 547 -809.211
1 255 548 -809.211
1 255 565 -809.211
1 255 583 -2427.63
1 255 584 -3236.84
1 255 585 -3236.84
1 255 586 -3236.84
1 255 587 -1618.42
1 255 588 -809.211
1 255 591 -809.211
1 255 594 -809.211
1 255 597 -809.211
1 255 600 -1618.42
1 255 607 -809.211
1 256 346 -809.211
1 256 350 -809.211
1 256 367 -809.211
1 256 373 -809.211
1 256 374 -809.211
1 256 491 -809.211
1 256 526 -809.211
1 256 531 -2427.63
1 256 532 -809.211
1 256 547 -809.211
1 256 548 -1618.42
1 256 549 -809.211
1 256 575 -809.211
1 256 578 -1618.42
1 256 580 -809.211
1 256 584 -2427.63
1 256 585 -1618.42
1 256 592 -1618.42
1 256 594 -5664.48
1 256 595 -3236.84
1 256 607 -3236.84
1 256 608 -1618.42
1 256 609 -809.211
1 257 330 -809.211
1 257 461 -809.211
1 257 497 -809.211
1 257 503 -809.211
1 257 506 -809.211
1 257 512 -809.211
1 257 527 -2427.63
1 257 529 -809.211
1 257 532 -809.211
1 257 549 -809.211
1 257 574 -809.211
1 257 575 -2427.63
1 257 584 -2427.63
1 257 585 -2427.63
1 257 593 -1618.42
1 257 594 -6473.69
1 257 595 -3236.84
1 257 597 -1618.42
1 257 606 -5664.48
1 257 607 -809.211
1 258 307 -809.211
1 258 330 -809.211
1 258 366 -809.211
1 258 485 -1618.42
1 258 489 -1618.42
1 258 491 -809.211
1 258 493 -809.211
1 258 494 -809.211
1 258 496 -809.211
1 258 497 -809.211
1 258 498 -2427.63
1 258 499 -1618.42
1 258 502 -809.211
1 258 503 -809.211
1 258 529 -1618.42
1 258 531 -809.211
1 258 532 -809.211
1 258 533 -1618.42
1 258 535 -809.211
1 258 546 -809.211
1 258 550 -809.211
1 258 556 -1618.42
1 258 564 -809.211
1 258 576 -809.211
1 258 583 -809.211
1 258 584 -2427.63
1 258 586 -2427.63
1 258 594 -2427.63
1 258 606 -4046.05
1 258 607 -809.211
1 259 346 -809.211
1 259 369 -1618.42
1 259 402 -809.211
1 259 444 -809.211
1 259 456 -809.211
1 259 485 -809.211
1 259 486 -809.211
1 259 488 -809.211
1 259 489 -809.211
1 259 490 -1618.42
1 259 509 -1618.42
1 259 510 -809.211
1 259 522 -809.211
1 259 528 -809.211
1 259 529 -809.211
1 259 531 -809.211
1 259 532 -809.211
1 259 545 -809.211
1 259 549 -809.211
1 259 554 -1618.42
1 259 555 -1618.42
1 259 556 -2427.63
1 259 557 -2427.63
1 259 575 -3236.84
1 259 576 -809.211
1 259 579 -809.211
1 259 584 -809.211
1 259 585 -3236.84
1 259 586 -1618.42
1 260 369 -1618.42
1 260 404 -1618.42
1 260 443 -809.211
1 260 454 -809.211
1 260 485 -809.211
1 260 486 -1618.42
1 260 487 -809.211
1 260 492 -809.211
1 260 499 -809.211
1 260 502 -1618.42
1 260 517 -809.211
1 260 527 -809.211
1 260 545 -2427.63
1 260 548 -809.211
1 260 554 -809.211
1 260 556 -809.211
1 260 567 -809.211
1 260 576 -809.211
1 260 577 -809.211
1 261 397 -809.211
1 261 404 -809.211
1 261 444 -809.211
1 261 483 -809.211
1 261 487 -809.211
1 261 501 -809.211
1 261 502 -809.211
1 261 545 -809.211
1 261 551 -809.211
1 261 552 -809.211
1 261 565 -809.211
1 262 254 -809.211
1 262 353 -1618.42
1 262 369 -809.211
1 262 425 -809.211
1 262 443 -809.211
1 262 458 -809.211
1 262 483 -1618.42
1 262 493 -809.211
1 262 501 -809.211
1 262 502 -809.211
1 262 523 -809.211
1 262 524 -809.211
1 262 535 -809.211
1 262 536 -809.211
1 262 537 -809.211
1 262 542 -809.211
1 262 546 -809.211
1 262 584 -809.211
1 262 587 -809.211
1 263 355 -809.211
1 263 415 -809.211
1 263 484 -809.211
1 263 493 -809.211
1 263 509 -809.211
1 263 522 -809.211
1 263 523 -1618.42
1 263 524 -1618.42
1 263 541 -1618.42
1 263 542 -809.211
1 263 543 -809.211
1 263 546 -1618.42
1 263 576 -809.211
1 263 579 -809.211
1 263 581 -3236.84
1 264 369 -809.211
1 264 379 -809.211
1 264 481 -809.211
1 264 482 -809.211
1 264 493 -809.211
1 264 503 -809.211
1 264 504 -809.211
1 264 516 -809.211
1 264 521 -2427.63
1 264 527 -809.211
1 264 543 -3236.84
1 264 568 -809.211
1 264 575 -809.211
1 264 576 -1618.42
1 265 336 -809.211
1 265 367 -1618.42
1 265 457 -809.211
1 265 459 -809.211
1 265 511 -809.211
1 265 516 -809.211
1 265 520 -809.211
1 265 524 -809.211
1 265 568 -1618.42
1 266 314 -809.211
1 266 413 -809.211
1 266 456 -809.211
1 266 478 -809.211
1 266 481 -809.211
1 266 483 -809.211
1 266 484 -809.211
1 266 485 -809.211
1 266 492 -809.211
1 266 498 -809.211
1 266 505 -809.211
1 266 518 -809.211
1 266 523 -809.211
1 266 543 -809.211
1 266 545 -809.211
1 266 549 -809.211
1 266 555 -809.211
1 267 337 -809.211
1 267 365 -809.211
1 267 381 -809.211
1 267 459 -809.211
1 267 460 -1618.42
1 267 505 -809.211
1 267 507 -809.211
1 267 543 -809.211
1 267 544 -1618.42
1 267 549 -809.211
1 267 553 -2427.63
1 267 562 -809.211
1 268 507 -1618.42
1 268 540 -809.211
1 268 541 -809.211
1 268 542 -1618.42
1 268 543 -3236.84
1 268 544 -1618.42
1 268 549 -809.211
1 268 551 -809.211
1 268 552 -809.211
1 268 553 -809.211
1 269 362 -809.211
1 269 505 -1618.42
1 269 507 -809.211
1 269 528 -809.211
1 269 543 -809.211
1 269 547 -1618.42
1 270 474 -809.211
1 270 475 -1618.42
1 270 479 -809.211
1 270 491 -809.211
1 270 504 -809.211
1 270 507 -809.211
1 270 526 -809.211
1 271 375 -809.211
1 271 388 -809.211
1 271 479 -809.211
1 271 481 -809.211
1 271 487 -809.211
1 271 491 -809.211
1 271 526 -809.211
1 272 469 -809.211
1 272 493 -809.211
1 272 495 -1618.42
1 272 496 -809.211
1 272 502 -809.211
1 272 526 -2427.63
1 273 441 -809.211
1 273 462 -809.211
1 273 526 -809.211
1 275 463 -809.211
1 275 480 -809.211
1 275 502 -809.211
1 275 504 -809.211
1 276 502 -809.211
1 277 393 -809.211
1 279 459 -809.211
1 280 563 -809.211
1 282 434 -809.211
1 282 435 -809.211
1 283 461 -809.211
1 283 482 -809.211
1 283 483 -809.211
1 285 437 -809.211
1 285 482 -809.211
1 285 483 -809.211
1 286 377 -809.211
1 286 464 -809.211
1 288 469 -809.211
1 289 362 -809.211
1 289 443 -809.211
1 292 358 -809.211
1 293 390 -2427.63
1 293 391 -809.211
1 296 390 -809.211
1 301 359 -809.211
1 301 378 -809.211
1 85 106 -809.211
1 92 112 -1618.42
1 93 117 -809.211
1 97 89 -809.211
1 98 101 -809.211
1 99 126 -809.211
1 99 136 -809.211
1 147 119 -33976.8
1 148 187 -64323.6
1 150 114 -49948.8
1 153 113 -42253.2
1 156 158 -56773.2
1 157 160 -47625.6
1 167 186 -52852.8
1 170 169 -178596.0
1 197 280 -55176.0
1 199 225 -126324.0
1 210 300 -94380.0
1 234 285 -58951.2
1 244 234 -287206.0
1 259 541 -290.4
1 267 479 -6243.6
1 271 361 -3085.35
1 272 454 -82.03
1 291 453 -7267.65
1 299 360 -52998.0
1 109 116 -48787.2
1 131 118 -1597.2
1 132 183 -30782.4
1 137 123 -51400.8
1 140 173 -73326.0
1 141 124 -69115.2
1 142 121 -93508.8
1 152 130 -18876.0
1 155 192 -38478.0
1 157 190 -290.4
1 158 205 -88862.4
1 164 258 -106141.0
1 169 164 -350513.0
1 172 162 -42108.0
1 172 163 -34122.0
1 173 196 -580.8
1 175 213 -224624.0
1 195 280 -124872.0
1 202 295 -65630.4
1 203 296 -167270.0
1 214 174 -39058.8
1 218 173 -193406.0
1 226 358 -7168.27
1 247 335 -133729.0
1 256 333 -14520.0
1 262 350 -83199.6
1 265 349 -74923.2
1 267 346 -148685.0
1 269 347 -108610.0
1 271 470 -2032.8
1 274 431 -2677720.0
1 280 367 -107012.0
1 285 357 -56482.8
1 299 335 -142296.0
1 143 152 -32089.2
1 144 130 -10890.0
1 151 143 -22941.6
1 152 177 -37752.0
1 152 183 -73180.8
1 153 185 -21199.2
1 153 212 -97429.2
1 155 180 -106432.0
1 155 187 -67227.6
1 159 188 -23232.0
1 161 161 -43850.4
1 162 171 -126034.0
1 164 159 -80440.8
1 170 217 -73326.0
1 174 182 -49222.8
1 176 128 -29040.0
1 188 287 -8566.8
1 189 206 -333960.0
1 201 279 -260053.0
1 221 294 -118193.0
1 221 361 -5082.0
1 222 252 -17569.2
1 222 266 -63888.0
1 224 273 -136924.0
1 225 248 -18876.0
1 226 361 -82038.0
1 228 373 -145.2
1 234 319 -132277.0
1 235 317 -147959.0
1 237 292 -150211.0
1 238 244 -31072.8
1 248 238 -146942.0
1 248 331 -41817.6
1 256 342 -3194.4
1 259 347 -57644.4
1 266 345 -43850.4
1 271 268 -108900.0
1 274 278 -87120.0
1 289 355 -18585.6
1 295 392 -41527.2
1 296 391 -56192.4
1 296 393 -8712.0
1 141 116 -124146.0
1 142 185 -59532.0
1 143 114 -120952.0
1 143 184 -100914.0
1 144 151 -85668.0
1 144 186 -53724.0
1 145 114 -35138.4
1 146 150 -87120.0
1 146 180 -84216.0
1 147 148 -101640.0
1 147 171 -44721.6
1 149 181 -55321.2
1 149 202 -68679.6
1 150 172 -54740.4
1 150 183 -3194.4
1 150 186 -41236.8
1 151 178 -166399.0
1 151 181 -72309.6
1 151 189 -111804.0
1 151 211 -27442.8
1 152 180 -48642.0
1 153 188 -143748.0
1 154 113 -8712.0
1 158 173 -10890.0
1 164 124 -3194.4
1 168 164 -50965.2
1 168 166 -50384.4
1 170 115 -63307.2
1 176 222 -59822.4
1 184 210 -114998.0
1 188 207 -89007.6
1 189 288 -31363.2
1 193 280 -101785.0
1 206 280 -51836.4
1 209 273 -299112.0
1 209 281 -96669.8
1 210 249 -56337.6
1 211 263 -98736.0
1 211 296 -26281.2
1 213 270 -117757.0
1 219 272 -35428.8
1 221 302 -7550.4
1 221 317 -128212.0
1 224 287 -76956.0
1 228 354 -132713.0
1 231 270 -43269.6
1 231 347 -46609.2
1 235 295 -43414.8
1 236 320 -197472.0
1 236 342 -84796.8
1 236 344 -64323.6
1 240 330 -69696.0
1 240 337 -26571.6
1 240 357 -59386.8
1 244 333 -28163.0
1 246 332 -62436.0
1 246 337 -20328.0
1 251 334 -63597.6
1 258 345 -13648.8
1 260 345 -44721.6
1 261 340 -40510.8
1 262 286 -13648.8
1 263 344 -43560.0
1 265 517 -145.2
1 267 428 -7308.54
1 269 365 -2178.0
1 270 361 -82618.8
1 271 267 -122258.0
1 271 355 -58080.0
1 281 331 -1452.0
1 289 371 -13503.6
1 290 371 -22215.6
1 296 358 -33396.0
1 297 356 -15972.0
1 297 391 -3920.4
1 299 347 -3049.2
1 125 93 -21054.0
1 131 125 -74923.2
1 134 123 -93508.8
1 135 126 -45447.6
1 138 125 -47625.6
1 142 169 -20763.6
1 145 116 -25264.8
1 146 146 -14810.4
1 152 213 -27878.4
1 161 139 -145.2
1 161 185 -110497.0
1 163 186 -21054.0
1 166 203 -7405.2
1 183 232 -352981.0
1 192 232 -349496.0
1 193 235 -156380.0
1 201 310 -6388.8
1 211 195 -1597.2
1 221 339 -118483.0
1 222 324 -62290.8
1 223 263 -83635.2
1 226 354 -42834.0
1 230 358 -24974.4
1 232 347 -11325.6
1 233 341 -51691.2
1 242 618 -10454.4
1 248 344 -40961.2
1 263 345 -114708.0
1 263 570 -290.4
1 268 366 -9873.6
1 286 302 -1887.6
1 292 360 -17278.8
1 293 357 -20763.6
1 299 389 -145.2
1 132 120 -130099.0
1 134 124 -39930.0
1 134 126 -132568.0
1 135 122 -64178.4
1 137 128 -59967.6
1 145 166 -21925.2
1 150 127 -1597.2
1 152 118 -23086.8
1 224 257 -3630.0
1 230 223 -85813.2
1 260 337 -12487.2
1 276 359 -24393.6
1 281 445 -435.6
1 137 168 -96412.8
1 149 213 -56482.8
1 189 195 -92782.8
1 190 250 -4646.4
1 192 197 -129664.0
1 202 228 -34122.0
1 210 253 -13794.0
1 217 236 -37026.0
1 245 324 -871.2
1 291 354 -5953.2
1 148 124 -145.2
1 151 118 -32524.8
1 158 114 -11470.8
1 187 263 -145.2
1 188 197 -32524.8
1 188 204 -61274.4
1 203 340 -1084.15
1 206 169 -2468.4
1 206 281 -1887.6
1 208 226 -47480.4
1 211 266 -49969.9
1 213 276 -13403.7
1 214 274 -204761.0
1 220 278 -19637.2
1 223 372 -2178.0
1 232 398 -14955.6
1 233 375 -871.2
1 236 317 -40656.0
1 239 385 -8893.05
1 239 406 -150.34
1 239 416 -5.48
1 241 238 -34993.2
1 245 408 -1597.2
1 246 320 -13068.0
1 248 454 -2178.0
1 259 351 -5660.84
1 262 585 -145.2
1 265 360 -24704.2
1 269 360 -9463.34
1 272 360 -64614.0
1 273 521 -10018.8
1 274 327 -20908.8
1 275 465 -116.75
1 280 371 -15246.0
1 290 322 -87120.0
1 292 458 -19898.7
1 294 354 -3194.4
1 297 377 -18295.2
1 147 183 -230723.0
1 205 310 -1887.6
1 281 328 -6098.4
1 173 183 -44286.0
1 257 342 -31798.8
1 201 251 -223753.0
1 201 301 -39784.8
1 251 286 -42979.2
1 259 336 -435.6
1 264 441 -145.2
1 265 488 -290.4
1 144 132 -290.4
1 135 160 -67663.2
1 136 173 -6824.4
1 154 112 -14520.0
1 156 131 -272976.0
1 161 179 -164947.0
1 164 169 -37752.0
1 167 247 -9002.4
1 186 209 -120371.0
1 204 300 -73.39
1 215 269 -56918.4
1 225 242 -60984.0
1 226 375 -166677.0
1 238 302 -11180.4
1 242 355 -339.55
1 244 321 -28168.8
1 245 406 -290.4
1 247 591 -1597.2
1 248 590 -145.2
1 248 593 -145.2
1 251 614 -1434.88
1 255 333 -28604.4
1 256 443 -500.09
1 258 339 -2884.83
1 258 416 -229.49
1 263 583 -604.4
1 266 470 -345.79
1 267 354 -1452.0
1 269 482 -290.4
1 270 476 -1597.2
1 273 523 -141570.0
1 274 506 -4936.8
1 275 479 -35864.4
1 280 458 -494.62
1 291 374 -435.6
1 297 388 -1722.7
1 298 384 -128.38
1 204 299 -2178.0
1 221 300 -290.4
1 140 116 -27588.0
1 272 494 -145.2
1 134 167 -71728.8
1 159 157 -93799.2
1 160 117 -35428.8
1 184 305 -198.0
1 226 330 -26798.5
1 237 406 -11463.1
1 244 430 -1597.2
1 247 342 -620.31
1 253 427 -3481.05
1 253 443 -375.15
1 254 398 -138.67
1 254 442 -3247.55
1 254 444 -408.56
1 254 445 -39.88
1 256 445 -4102.66
1 261 346 -1665.71
1 261 369 -2098.06
1 263 448 -145.2
1 265 559 -1504.35
1 271 364 -41527.2
1 271 471 -871.2
1 271 489 -6434.5
1 272 371 -290.4
1 275 371 -145.2
1 277 386 -145.2
1 262 394 -608184.0
1 271 492 -290.4
1 157 122 -580.8
1 199 297 -195.14
1 211 313 -92.33
1 212 315 -293.04
1 214 287 -327.09
1 224 372 -2032.8
1 246 609 -2419.18
1 247 343 -172.94
1 247 590 -3049.2
1 255 446 -546.8
1 270 482 -66.84
1 276 386 -726.0
1 281 446 -2468.4
1 291 458 -139.26
1 295 390 -1306.8
1 297 387 -1452.0
1 165 158 -31072.8
1 178 212 -8566.8
1 269 361 -145.2
1 145 147 -290.4
1 257 443 -3246.66
1 162 205 -75213.6
1 170 249 -8566.8
1 194 320 -1597.2
1 196 299 -2178.0
1 237 378 -11.99
1 240 386 -61.41
1 241 353 -234.7
1 244 330 -2178.0
1 247 341 -10.49
1 248 343 -188.44
1 252 457 -145.2
1 253 400 -290.4
1 254 394 -32.66
1 254 400 -290.4
1 261 362 -83490.0
1 263 353 -8.57
1 276 484 -145.2
1 282 451 -1306.8
1 279 477 -9728.4
1 207 193 -166690.0
1 145 139 -1016.4
1 150 115 -45157.2
1 206 299 -164.9
1 239 305 -2132.65
1 261 461 -290.4
1 233 400 -32960.4
1 268 360 -1016.4
1 117 117 -18440.4
1 183 311 -1328.79
1 185 196 -726.0
1 244 355 -27979.4
1 245 261 -16375.9
1 290 355 -75603.4
1 294 370 -71438.4
1 264 474 -145.2
1 264 351 -145.2
1 164 240 -435.6
1 201 297 -120.5
1 207 298 -42.29
1 232 373 -261.55
1 233 392 -220.28
1 234 236 -5227.2
1 234 401 -145.2
1 235 390 -177.15
1 236 398 -435.6
1 237 390 -2116.17
1 237 399 -145.2
1 241 374 -62.3
1 248 342 -225.97
1 248 606 -185.17
1 249 343 -47.47
1 249 344 -197.31
1 249 411 -385.69
1 253 418 -250.12
1 253 442 -1439.74
1 254 600 -299.67
1 258 597 -273.47
1 259 428 -435.6
1 263 467 -72600.0
1 263 468 -67082.4
1 267 481 -29.86
1 268 457 -145.2
1 278 469 -142.89
1 281 429 -1386.71
1 283 394 -45.64
1 284 436 -5662.8
1 292 376 -145.2
1 296 414 -12.03
1 162 179 -64468.8
1 237 382 -145.2
1 240 379 -1306.8
1 148 141 -33396.0
1 223 371 -580.8
1 160 142 -145.2
1 247 419 -4210.8
1 272 448 -6824.4
1 290 441 -290.4
1 257 602 -145.2
1 176 219 -9002.4
1 209 228 -6098.4
1 256 590 -92.69
1 250 618 -6824.4
1 241 405 -1306.8
1 251 362 -1296.55
1 195 201 -5808.0
1 235 358 -262.91
1 254 368 -3.13
1 255 372 -121242.0
1 260 348 -40.38
1 261 424 -986.56
1 263 394 -588848.0
1 269 477 -1742.4
1 290 463 -1597.2
1 253 407 -14.47
1 279 465 -145.2
1 195 301 -145.2
1 271 397 -145.2
1 231 201 -93799.2
1 240 393 -145.2
1 282 445 -274428.0
