1 62 1 3798.3
1 61 2 3770.7
1 60 3 3749.7
1 59 4 3733.5
1 58 5 3721.5
1 57 6 3713.4
1 56 7 3709.2
1 55 8 3709.0
1 54 9 3713.4
1 53 10 3722.5
1 52 11 3736.7
1 51 12 3755.5
1 49 13 3767.8
1 50 13 3777.1
1 48 14 3789.3
1 47 15 3784.5
1 46 16 3776.7
1 45 17 3766.9
1 45 18 3767.6
1 45 19 3768.3
1 44 20 3756.4
1 44 21 3756.2
1 44 22 3755.5
1 44 23 3754.2
1 44 24 3752.2
1 44 25 3749.4
1 44 26 3745.6
1 44 27 3740.7
1 44 28 3734.5
1 44 29 3727.0
1 44 30 3717.9
1 44 31 3707.0
1 44 32 3694.2
1 44 33 3679.1
1 44 34 3661.5
1 44 35 3641.1
1 44 36 3617.4
1 44 37 3589.8
1 44 38 3557.8
1 44 39 3520.3
1 44 40 3476.1
1 44 41 3422.8
1 43 42 3304.0
1 43 43 3265.0
1 43 44 3203.3
1 42 45 3052.1
1 42 46 2997.6
1 40 47 2765.7
1 41 47 2812.0
1 40 48 2729.6
1 40 49 2663.5
1 40 50 2567.6
1 35 78 4859.7
1 35 79 4888.1
1 34 80 4945.1
1 33 81 5025.5
1 32 82 5089.1
1 31 83 5102.5
1 30 84 5114.2
1 29 85 5123.1
1 28 86 5145.4
1 27 87 5164.2
1 26 88 5190.3
1 25 89 5217.8
1 25 90 5254.2
1 24 91 5241.3
1 24 92 5256.5
1 24 93 5293.6
1 24 94 5330.6
1 23 95 5345.7
1 23 96 5386.0
1 23 97 5422.3
1 22 98 5430.3
1 22 99 5471.4
1 22 100 5508.4
1 22 101 5545.7
1 21 102 5566.0
1 21 103 5611.1
1 20 104 5633.2
1 20 105 5675.7
1 19 106 5707.7
1 19 107 5752.1
1 18 108 5788.7
1 18 109 5828.5
1 17 110 5747.7
1 17 111 5758.8
1 17 112 5868.1
1 65 109 6030.5
1 66 109 6027.0
1 67 109 5976.4
1 68 109 5941.6
1 69 109 5951.1
1 62 110 5964.5
1 63 110 6002.2
1 64 110 6023.1
1 70 110 6040.0
1 60 111 5859.4
1 61 111 5880.9
1 71 111 6106.0
1 37 112 5647.1
1 38 112 5707.3
1 39 112 5768.9
1 40 112 5814.4
1 41 112 5851.4
1 42 112 5873.4
1 43 112 5884.6
1 44 112 5893.7
1 45 112 5900.9
1 46 112 5910.4
1 47 112 5919.3
1 48 112 5936.9
1 55 112 5739.6
1 56 112 5761.3
1 57 112 5778.4
1 58 112 5795.2
1 59 112 5810.1
1 72 112 6143.0
1 16 113 5956.8
1 33 113 5631.7
1 34 113 5615.1
1 35 113 5599.2
1 36 113 5578.7
1 49 113 5930.6
1 50 113 5908.4
1 51 113 5855.3
1 52 113 5800.7
1 53 113 5744.1
1 54 113 5707.4
1 73 113 6175.3
1 16 114 6015.9
1 29 114 5721.3
1 30 114 5696.1
1 31 114 5668.3
1 32 114 5633.3
1 74 114 6198.4
1 75 114 6202.5
1 16 115 6072.6
1 25 115 5833.0
1 26 115 5810.2
1 27 115 5781.0
1 28 115 5741.0
1 76 115 6234.3
1 16 116 6127.9
1 21 116 5975.7
1 22 116 5990.6
1 23 116 5903.4
1 24 116 5863.2
1 77 116 6249.5
1 78 116 6247.6
1 79 116 6260.2
1 16 117 6182.1
1 20 117 6023.7
1 80 117 6281.1
1 81 117 6279.2
1 82 117 6258.6
1 83 117 6231.1
1 84 117 6202.0
1 16 118 6219.5
1 17 118 6185.7
1 18 118 6138.6
1 19 118 6085.1
1 85 118 6131.5
1 85 119 6089.7
1 86 120 6072.5
1 86 121 6095.2
1 86 122 6120.0
1 86 123 6137.3
1 86 124 6149.7
1 86 125 6159.3
1 86 126 6166.4
1 86 127 6170.1
1 86 128 6170.7
1 86 129 6169.0
1 86 130 6166.3
1 86 131 6162.1
1 86 132 6155.2
1 86 133 6146.5
1 86 134 6134.7
1 86 135 6118.8
1 86 136 6099.7
1 85 137 6050.6
1 85 138 6037.7
1 84 139 6032.8
1 83 140 6073.8
1 82 141 6157.7
1 82 142 6174.0
1 81 143 6226.7
1 80 144 6287.2
1 79 145 6356.2
1 78 146 6419.8
1 77 147 6487.1
1 76 148 6559.0
1 75 149 6636.4
1 75 150 6700.7
1 75 151 6761.3
1 75 152 6821.9
1 75 153 6868.8
1 76 154 6862.0
1 77 154 6849.2
1 78 154 6839.0
1 79 155 6827.7
1 80 155 6815.1
1 81 156 6797.5
1 82 157 6771.0
1 82 158 6748.6
1 83 158 6734.5
1 84 159 6704.6
1 84 160 6676.8
1 84 161 6652.4
1 84 162 6628.5
1 85 163 6603.4
1 86 164 6574.0
1 87 165 6537.0
1 88 166 6502.2
1 89 167 6468.6
1 90 168 6387.2
1 90 169 6337.2
1 91 170 6269.8
1 92 171 6198.4
1 93 172 6167.7
1 94 173 6141.2
1 94 174 6138.8
1 95 175 6123.4
1 95 176 6109.0
1 95 177 6113.7
1 95 178 6120.7
1 95 179 6126.0
1 96 180 5954.7
1 97 181 5971.7
1 98 182 5989.2
1 99 183 6006.7
1 100 184 6022.5
1 101 185 6037.9
1 102 185 6046.3
1 103 185 6061.9
1 104 186 6096.3
1 105 186 6097.4
1 106 187 6100.6
1 107 188 6096.4
1 108 189 5914.1
1 108 190 5916.1
1 108 191 5917.1
1 108 192 5916.7
1 108 193 5912.5
1 107 194 5707.4
1 107 195 5703.4
1 107 196 5695.6
1 107 197 5685.3
1 107 198 5673.3
1 106 199 5634.9
1 106 200 5622.0
1 105 201 5576.1
1 105 202 5562.9
1 104 203 5522.4
1 104 204 5513.7
1 104 205 5498.7
1 104 206 5477.3
1 104 207 5444.2
1 98 208 5460.6
1 99 208 5470.7
1 100 208 5483.1
1 101 208 5496.0
1 102 208 5513.7
1 103 208 5542.4
1 97 209 5451.3
1 97 210 5450.1
1 97 211 5446.0
1 97 212 5440.7
1 96 213 5424.1
1 95 214 5416.7
1 95 215 5415.4
1 94 216 5408.0
1 94 217 5407.1
1 94 218 5406.4
1 95 219 5410.6
1 96 220 5414.1
1 97 221 5418.0
1 97 222 5416.9
1 98 223 5420.2
1 98 224 5418.8
1 99 225 5422.9
1 99 226 5421.0
1 100 227 5242.1
1 128 227 5398.5
1 129 227 5461.6
1 101 228 5248.0
1 107 228 5142.9
1 108 228 5167.8
1 109 228 5196.4
1 110 228 5228.4
1 111 228 5263.1
1 125 228 5283.4
1 126 228 5309.8
1 127 228 5318.0
1 130 228 5187.6
1 131 228 5194.1
1 132 228 5188.2
1 133 228 5189.3
1 134 228 5195.5
1 135 228 5209.9
1 136 228 5226.9
1 137 228 5240.2
1 138 228 5267.0
1 102 229 5252.8
1 106 229 5280.7
1 112 229 5117.3
1 118 229 5143.6
1 119 229 5162.0
1 120 229 5177.9
1 121 229 5192.0
1 122 229 5203.3
1 123 229 5212.7
1 124 229 5215.2
1 139 229 5340.3
1 103 230 5256.3
1 104 230 5258.9
1 105 230 5261.9
1 113 230 5133.9
1 114 230 5125.4
1 115 230 5121.1
1 116 230 5118.6
1 117 230 5110.7
1 140 230 5307.1
1 139 231 5374.7
1 137 232 5411.3
1 138 232 5410.6
1 136 233 5414.6
1 135 234 5407.4
1 133 235 5374.7
1 134 235 5388.0
1 132 236 5357.8
1 130 237 5314.5
1 131 237 5329.7
1 129 238 5303.3
1 128 239 5287.2
1 127 240 5267.3
1 127 241 5257.5
1 127 242 5244.6
1 128 243 5252.9
1 129 244 5251.2
1 129 245 5238.5
1 130 246 5234.7
1 131 246 5233.6
1 132 246 5236.5
1 133 246 5245.8
1 134 246 5263.2
1 135 246 5289.6
1 136 246 5316.8
1 137 246 5336.8
1 138 246 5358.8
1 139 247 5409.5
1 140 247 5434.0
1 141 247 5471.5
1 142 247 5514.8
1 143 248 5577.8
1 144 249 5671.3
1 144 250 5698.1
1 145 251 5749.9
1 145 252 5775.5
1 145 253 5795.8
1 146 254 5829.1
1 146 255 5826.5
1 146 256 5820.5
1 146 257 5812.6
1 146 258 5802.4
1 146 259 5790.6
1 146 260 5777.2
1 146 261 5764.9
1 146 262 5751.7
1 146 263 5738.5
1 146 264 5728.4
1 146 265 0.0
1 147 266 5482.8
1 147 267 5453.7
1 147 268 5428.8
1 147 269 5389.1
1 147 270 5356.1
1 148 271 5306.0
1 148 272 5279.2
1 148 273 5252.1
1 148 274 5230.3
1 149 274 5215.4
1 149 275 5175.8
1 149 276 5143.6
1 149 277 5091.0
1 149 278 5036.4
1 150 279 5132.7
1 150 280 5087.7
1 150 281 5046.5
1 150 282 5016.2
1 151 283 4932.5
1 151 284 4888.7
1 151 285 4855.4
1 152 286 4761.4
1 152 287 4706.8
1 152 288 4662.5
1 152 289 4628.0
1 153 290 4722.8
1 153 291 4696.3
1 153 292 4704.2
1 154 293 4715.0
1 154 294 4726.6
1 154 295 4736.1
1 154 296 4742.2
1 155 297 4760.1
1 155 298 4763.9
1 156 299 4586.8
1 157 299 4593.1
1 158 299 4602.6
1 159 299 4615.1
1 160 299 4631.1
1 161 299 4650.5
1 162 300 4681.7
1 162 301 4684.5
1 162 302 4683.6
1 162 303 4681.0
1 162 304 4678.3
1 163 305 4857.4
1 163 306 4848.4
1 163 307 4838.6
1 163 308 4829.3
1 163 309 4823.2
1 164 310 5039.4
1 165 311 5081.0
1 166 312 5152.7
1 167 313 5211.3
1 168 314 5244.2
1 168 315 5076.7
1 168 316 5081.0
1 169 316 5088.5
1 169 317 5094.3
1 170 317 5104.1
1 171 318 5105.2
1 171 319 5081.8
1 172 320 5033.9
1 172 321 4986.4
1 172 322 4938.1
1 172 323 4887.1
1 172 324 4847.4
1 173 325 4845.9
1 173 326 4849.5
1 173 327 4851.3
1 174 328 4860.7
1 174 329 4862.3
1 174 330 4863.3
1 175 331 4867.8
1 176 331 4871.8
1 177 331 4877.7
1 178 332 4887.1
1 179 333 4889.7
1 179 334 4886.6
1 179 335 4883.5
1 180 336 4881.0
1 181 337 4872.5
1 181 338 4867.8
1 187 338 4741.0
1 188 338 4762.1
1 189 338 4779.7
1 190 338 4793.4
1 182 339 4858.5
1 186 339 4873.5
1 191 339 4797.0
1 192 339 5216.0
1 182 340 4852.5
1 186 340 4857.8
1 193 340 5215.3
1 182 341 4848.9
1 186 341 4847.8
1 194 341 5215.2
1 195 341 5216.8
1 183 342 4845.3
1 184 342 4845.1
1 185 342 4844.6
1 186 342 4843.5
1 196 342 5216.5
1 196 343 5214.4
1 197 344 5213.3
1 198 345 5210.9
1 199 346 5208.8
1 200 346 5210.4
1 201 346 5212.6
1 202 346 5214.7
1 203 346 5215.5
1 204 346 4545.8
1 205 347 5199.5
1 206 347 5193.3
1 207 348 5398.8
1 207 349 5496.1
1 207 350 5637.0
1 206 351 5696.9
1 205 352 5701.7
1 205 353 5706.2
1 205 354 5711.2
1 206 355 5734.1
1 206 356 5742.3
1 207 357 5767.0
1 208 357 5784.2
1 209 358 5465.4
1 210 359 5522.7
1 211 359 5550.7
1 212 360 5470.5
1 212 361 5507.7
1 208 362 5529.9
1 209 362 5534.6
1 210 362 5541.7
1 211 362 5547.4
1 207 363 5526.1
1 206 364 5520.7
1 206 365 5522.0
1 206 366 5522.2
1 206 367 5521.4
1 206 368 5520.4
1 206 369 5519.2
1 207 369 5525.6
1 208 369 5542.1
1 209 369 5563.8
1 210 369 5588.2
1 211 369 5618.5
1 212 369 5654.9
1 213 369 5699.1
1 214 370 5595.6
1 215 370 5629.4
1 216 372 5626.7
1 214 373 5263.1
1 215 373 5351.3
1 214 374 5220.0
1 213 375 5270.2
1 212 376 5247.8
1 211 377 5194.7
1 211 378 5183.6
1 211 379 5178.1
1 211 380 5180.2
1 211 381 5189.3
1 211 382 5243.7
1 211 383 5293.5
1 212 384 45000.0
1 212 385 45000.0
1 212 386 45000.0
1 212 387 45000.0
1 212 388 45000.0
1 212 389 45000.0
1 212 390 45000.0
1 212 391 45000.0
1 212 392 45000.0
1 212 393 45000.0
1 213 394 45000.0
1 213 395 45000.0
1 213 396 45000.0
1 213 397 45000.0
1 213 398 45000.0
1 213 399 45000.0
1 213 400 45000.0
1 213 401 45000.0
1 213 402 45000.0
1 214 403 45000.0
1 214 404 45000.0
1 214 405 45000.0
1 214 406 45000.0
1 214 407 45000.0
1 214 409 45000.0
1 214 410 45000.0
1 214 411 45000.0
1 214 412 45000.0
1 214 413 45000.0
1 214 414 45000.0
1 214 415 45000.0
1 215 416 45000.0
1 215 417 45000.0
1 227 417 45000.0
1 228 417 45000.0
1 229 417 45000.0
1 216 418 45000.0
1 226 418 45000.0
1 230 418 45000.0
1 217 419 45000.0
1 218 419 45000.0
1 219 419 45000.0
1 220 419 45000.0
1 221 419 45000.0
1 222 419 45000.0
1 223 419 45000.0
1 224 419 45000.0
1 225 419 45000.0
1 229 419 45000.0
1 229 420 45000.0
1 226 421 45000.0
1 227 421 45000.0
1 228 421 45000.0
1 224 422 45000.0
1 225 422 45000.0
1 224 423 45000.0
1 224 424 45000.0
1 225 424 45000.0
1 226 424 45000.0
1 227 424 45000.0
1 228 424 45000.0
1 229 425 45000.0
1 229 426 45000.0
1 229 427 45000.0
1 229 428 45000.0
1 229 429 45000.0
1 228 430 45000.0
1 228 431 45000.0
1 228 432 45000.0
1 228 433 45000.0
1 228 434 45000.0
1 228 435 45000.0
1 229 435 45000.0
1 230 436 45000.0
1 230 437 45000.0
1 230 438 45000.0
1 230 439 45000.0
1 230 440 45000.0
1 230 441 45000.0
1 230 442 45000.0
1 230 443 45000.0
1 230 444 45000.0
1 230 445 45000.0
1 230 446 45000.0
1 230 447 45000.0
1 230 448 45000.0
1 230 449 45000.0
1 230 450 45000.0
1 230 451 45000.0
1 230 452 45000.0
1 230 453 45000.0
1 230 454 45000.0
1 230 455 45000.0
1 230 456 45000.0
1 231 457 45000.0
1 231 458 45000.0
1 231 459 45000.0
1 231 460 45000.0
1 232 461 45000.0
1 232 462 45000.0
1 232 463 45000.0
1 232 464 45000.0
1 233 464 45000.0
1 234 464 45000.0
1 235 464 45000.0
1 236 464 45000.0
1 237 464 45000.0
1 238 464 45000.0
1 239 465 45000.0
1 239 466 45000.0
1 239 467 5337.1
1 238 468 5337.1
1 238 469 5337.1
1 238 470 5337.1
1 239 471 5337.1
1 240 471 5337.1
1 241 472 5337.1
1 242 472 5337.1
1 243 472 5337.1
1 244 473 5337.1
1 245 474 5337.1
1 246 475 5337.1
1 246 476 5337.1
1 246 477 5337.1
1 246 478 5337.1
1 246 479 5337.1
1 246 480 5337.1
1 245 481 5337.1
1 245 482 5337.1
1 244 483 5337.1
1 243 484 5337.1
1 243 485 5337.1
1 243 486 5337.1
1 243 487 5337.1
1 243 488 5337.1
1 243 489 5337.1
1 242 490 5337.1
1 242 491 5337.1
1 241 492 5337.1
1 241 493 5337.1
1 240 494 5337.1
1 239 495 5337.1
1 238 496 5337.1
1 235 497 5337.1
1 236 497 5337.1
1 237 497 5337.1
1 233 498 5337.1
1 234 498 5337.1
1 233 499 5337.1
1 232 500 5337.1
1 231 501 5337.1
1 231 502 5337.1
1 231 503 5337.1
1 231 504 5337.1
1 231 505 5337.1
1 231 506 5337.1
1 231 507 5337.1
1 231 508 5337.1
1 231 509 5337.1
1 231 510 5337.1
1 231 511 5337.1
1 231 512 5337.1
1 231 513 5337.1
1 231 514 5337.1
1 231 515 5337.1
1 232 516 5337.1
1 232 517 5337.1
1 232 518 5337.1
1 233 519 5337.1
1 233 520 5337.1
1 233 521 5337.1
1 234 522 5337.1
1 234 523 5337.1
1 235 524 5337.1
1 235 525 5337.1
1 236 525 5337.1
1 237 525 5337.1
1 238 525 5337.1
1 239 526 5337.1
1 239 527 5337.1
1 240 528 5437.9
1 240 529 5453.1
1 241 530 5519.7
1 241 531 5549.7
1 241 532 5566.6
1 241 533 5578.1
1 241 534 5586.4
1 242 535 5064.8
1 242 536 5076.1
1 243 536 5094.1
1 244 536 5126.6
1 245 536 5155.2
1 246 537 5210.6
1 246 538 5227.7
1 247 539 5267.6
1 248 540 5303.1
1 249 540 5315.2
1 250 540 5331.6
1 251 541 5365.2
1 250 544 5398.8
1 251 544 5401.1
1 245 545 5344.2
1 246 545 5355.4
1 247 545 5374.0
1 248 545 5387.7
1 249 545 5393.2
1 243 546 5317.7
1 244 546 5321.7
1 243 547 5318.4
1 242 548 5314.5
1 242 549 5314.8
1 241 550 5308.6
1 241 551 5306.9
1 240 552 5296.5
1 239 553 5285.5
1 238 554 0.0
1 237 555 5249.9
1 236 556 5248.8
1 236 557 5248.8
1 232 558 5189.1
1 233 558 5186.1
1 234 558 5193.8
1 235 558 5197.3
1 232 559 5201.2
1 231 560 5201.4
1 231 561 5209.8
1 231 562 5216.5
1 231 563 5221.6
1 231 564 5222.9
1 230 565 5389.7
1 230 566 5382.9
1 230 567 5372.0
1 230 568 5359.6
1 215 371 5678.1
1 39 51 6043.2
1 39 52 5967.8
1 38 53 5714.5
1 38 54 5641.8
1 37 55 5375.6
1 36 56 5152.8
1 35 57 4950.0
1 35 58 4889.0
1 35 59 4787.7
1 35 60 8397.7
1 35 61 8262.3
1 35 62 8125.5
1 35 63 7985.2
1 35 64 7841.2
1 35 65 7693.4
1 35 66 7542.6
1 35 67 7395.4
1 35 68 7276.3
1 36 69 10770.0
1 36 70 10502.6
1 36 71 10250.3
1 36 72 10007.1
1 36 73 9772.1
1 36 74 9559.1
1 36 75 9377.7
1 36 76 9287.9
1 36 77 9255.2
1 230 569 5347.0
1 230 570 5333.5
1 230 571 5317.4
1 230 572 5306.0
1 230 573 5316.9
1 230 574 5332.4
1 230 575 5342.6
1 230 576 5344.7
1 230 577 5179.6
1 230 578 5212.8
1 230 579 5245.9
1 230 580 5275.3
1 230 581 5278.4
1 230 582 5283.8
1 230 583 5286.3
1 230 584 5285.4
1 230 585 5282.0
1 230 586 5277.4
1 230 587 5271.3
1 230 588 5267.4
1 229 589 5251.5
1 229 590 5242.2
1 228 591 5219.5
1 228 592 5203.8
1 228 593 5186.5
1 228 594 5164.3
1 227 595 5120.1
1 227 596 5096.9
1 227 597 5068.8
1 227 598 5035.6
1 227 599 4786.4
1 226 600 4700.2
1 226 601 4698.2
1 226 602 4696.9
1 226 603 4697.6
1 225 604 4268.5
1 224 605 4268.5
1 223 606 4290.4
1 222 607 4310.8
1 223 605 4275.0
1 114 114 -22904.1
1 117 120 -620.702
1 121 111 -146418.0
1 121 113 -123514.0
1 124 115 -36393.7
1 125 116 -136863.0
1 126 120 -40328.1
1 130 122 -620.702
1 133 112 -33161.8
1 135 194 -1182.76
1 139 168 -702.58
1 140 168 -6323.23
1 141 191 -28103.2
1 143 126 -35129.0
1 143 172 -13068.0
1 143 190 -18969.7
1 144 166 -4356.0
1 144 172 -9836.13
1 144 182 -35129.0
1 144 190 -9836.13
1 145 161 -140.52
1 145 164 -140.52
1 146 117 -28805.8
1 146 188 -140.52
1 146 190 -12787.0
1 147 132 -6182.71
1 147 145 -620.702
1 148 167 -17564.5
1 148 176 -8770.64
1 148 196 -10679.2
1 150 124 -6042.19
1 150 128 -421.55
1 150 141 -1826.71
1 150 198 -17002.4
1 151 142 -2388.77
1 151 195 -11381.8
1 152 123 -53115.1
1 152 125 -2587.93
1 152 132 -620.702
1 153 142 -22763.6
1 153 192 -17986.1
1 154 125 -281.03
1 154 171 -3290.51
1 155 112 -28103.2
1 155 129 -2810.32
1 155 141 -26979.1
1 156 129 -123373.0
1 156 146 -7447.35
1 157 116 -1405.16
1 157 135 -5316.37
1 157 140 -18126.6
1 158 133 -10456.8
1 158 137 -28103.2
1 158 181 -17564.5
1 159 119 -40047.1
1 159 173 -11662.8
1 160 119 -4215.48
1 161 125 -1124.13
1 161 129 -421.55
1 161 131 -702.58
1 161 188 -49602.2
1 162 121 -24028.3
1 162 128 -162437.0
1 162 132 -9836.13
1 162 140 -562.06
1 162 167 -1826.71
1 162 169 -983.61
1 163 138 -3431.02
1 164 135 -421.55
1 165 130 -19110.2
1 165 131 -983.61
1 166 126 -281.03
1 168 123 -281.03
1 168 208 -3512.9
1 169 163 -14894.7
1 170 131 -1686.19
1 170 132 -1826.71
1 170 163 -19672.3
1 171 131 -16440.4
1 171 132 -13068.0
1 172 130 -22482.6
1 172 218 -13630.1
1 174 135 -5339.61
1 175 134 -8009.42
1 175 204 -421.55
1 176 202 -9555.1
1 177 211 -8290.45
1 178 164 -281.03
1 178 261 -6604.26
1 179 210 -15597.3
1 180 208 -13630.1
1 184 246 -2248.26
1 187 200 -17002.4
1 188 240 -24028.3
1 188 258 -5620.65
1 191 191 -4637.03
1 191 281 -11522.3
1 193 260 -23803.4
1 197 204 -12505.9
1 197 252 -2810.32
1 198 298 -620.702
1 199 211 -7587.87
1 199 231 -14051.6
1 199 298 -620.702
1 200 298 -620.702
1 201 234 -140.52
1 203 275 -2810.32
1 203 280 -9836.13
1 204 248 -17283.5
1 205 300 -667.072
1 206 196 -115223.0
1 206 286 -2810.32
1 206 300 -1241.4
1 212 258 -43419.5
1 213 264 -140.52
1 213 300 -702.58
1 214 240 -13489.5
1 215 260 -8571.48
1 216 267 -5620.65
1 217 264 -28103.2
1 217 365 -983.61
1 218 179 -62951.2
1 219 310 -1405.16
1 221 223 -2810.32
1 221 246 -8430.97
1 222 369 -20234.3
1 224 374 -9863.4
1 226 331 -42145.7
1 226 350 -189.55
1 226 365 -1843.57
1 226 382 -6867.59
1 228 225 -15456.8
1 230 255 -49180.6
1 231 401 -620.702
1 232 256 -6604.26
1 232 364 -203.33
1 232 370 -16400.6
1 233 337 -620.702
1 233 376 -2549.82
1 233 394 -1241.4
1 234 304 -3675.94
1 234 393 -620.702
1 235 367 -5585.96
1 235 400 -2248.26
1 236 263 -9836.13
1 236 351 -30913.6
1 237 316 -21193.2
1 237 357 -3865.55
1 237 389 -620.702
1 238 221 -3091.35
1 238 605 -3164.21
1 238 609 -1241.4
1 239 250 -2950.84
1 239 338 -5901.68
1 239 426 -702.58
1 239 605 -3103.51
1 239 606 -1862.11
1 239 619 -620.702
1 240 380 -620.702
1 240 426 -620.702
1 240 608 -2482.81
1 241 335 -140.52
1 241 358 -140.52
1 241 604 -620.702
1 242 311 -5845.47
1 243 357 -7587.87
1 243 371 -10568.5
1 243 389 -2248.26
1 243 422 -140.52
1 243 431 -30.06
1 243 605 -3384.54
1 244 431 -92.01
1 244 605 -3724.21
1 244 621 -1241.4
1 245 238 -15597.3
1 245 322 -24544.3
1 245 337 -620.702
1 245 370 -5214.22
1 245 621 -620.702
1 246 321 -3420.16
1 246 618 -1862.11
1 247 344 -620.702
1 247 383 -15600.9
1 247 384 -1561760.0
1 248 251 -29347.8
1 248 436 -3231.87
1 248 442 -843.1
1 248 444 -59166.9
1 248 589 -2950.84
1 249 373 -620.702
1 249 389 -6182.71
1 249 424 -620.702
1 249 430 -21612.3
1 249 436 -1076.41
1 249 443 -8854.75
1 249 606 -3103.51
1 250 239 -11943.9
1 250 326 -2773.79
1 250 424 -620.702
1 250 425 -497006.0
1 250 431 -24260.6
1 250 595 -1862.11
1 251 356 -34871.6
1 251 408 -435.6
1 251 456 -620.702
1 251 457 -35.64
1 251 594 -620.702
1 251 595 -949.512
1 251 596 -1241.4
1 252 230 -33583.4
1 252 285 -19672.3
1 252 329 -24942.2
1 252 450 -281.03
1 252 595 -620.702
1 252 606 -620.702
1 253 331 -11947.9
1 253 332 -14370.4
1 253 420 -5371.93
1 253 445 -80988.2
1 254 338 -1124.13
1 254 367 -562.06
1 254 407 -1444.01
1 254 597 -620.702
1 254 607 -620.702
1 255 381 -77705.4
1 255 395 -1545.68
1 255 439 -7587.87
1 255 443 -131866.0
1 255 595 -620.702
1 255 596 -620.702
1 255 606 -2025.86
1 255 609 -1241.4
1 255 610 -13250.7
1 256 314 -5259.85
1 256 335 -4918.06
1 256 341 -1405.16
1 256 370 -7124.51
1 256 413 -1545.68
1 256 586 -47702.4
1 256 593 -2482.81
1 257 238 -983.61
1 257 324 -733.78
1 257 413 -1686.19
1 257 576 -4079.83
1 257 599 -25281.8
1 257 600 -61265.0
1 258 325 -12632.4
1 258 336 -2992.99
1 258 418 -13103.3
1 258 420 -126665.0
1 258 442 -795607.0
1 258 464 -421.55
1 258 585 -3724.21
1 258 595 -1241.4
1 258 601 -84731.2
1 258 602 -61203.2
1 259 340 -17482.6
1 259 371 -1656.84
1 259 405 -116581.0
1 259 588 -27872.5
1 259 592 -1254.43
1 259 593 -865.332
1 260 349 -281.03
1 260 407 -3744060.0
1 260 413 -106900.0
1 260 424 -124.75
1 260 461 -1826.71
1 260 463 -30773.0
1 260 464 -16299.9
1 260 585 -20557.5
1 260 586 -49618.8
1 261 337 -2529.29
1 261 381 -245538.0
1 261 395 -24353.6
1 261 416 -17845.6
1 261 418 -620.702
1 261 429 -44755.1
1 261 464 -6885.29
1 261 492 -620.702
1 261 571 -5339.61
1 261 576 -29103.6
1 262 345 -281.03
1 262 449 -140.52
1 262 540 -415.27
1 262 564 -31153.7
1 262 567 -1247.62
1 262 568 -23325.7
1 262 570 -170587.0
1 262 571 -3091.35
1 263 471 -4777.55
1 263 477 -2248.26
1 263 520 -1241.4
1 263 574 -1264.65
1 263 582 -17765.6
1 264 345 -9836.13
1 264 355 -281.03
1 264 367 -620.702
1 264 383 -22767.1
1 264 407 -3372.39
1 264 428 -150124.0
1 264 468 -74.71
1 264 471 -5901.68
1 264 476 -85433.8
1 264 477 -1124.13
1 264 523 -2283.66
1 264 524 -702.58
1 264 549 -3737.73
1 265 364 -14009.5
1 265 374 -29576.7
1 265 523 -1566.06
1 265 557 -140.52
1 266 337 -620.702
1 266 340 -4777.55
1 266 462 -281.03
1 267 391 -17283.5
1 267 396 -140.52
1 267 463 -983.61
1 267 555 -620.702
1 267 556 -620.702
1 268 333 -5761.16
1 268 334 -22201.6
1 268 436 -1898700.0
1 268 455 -8.77
1 268 479 -562.06
1 268 480 -421.55
1 268 489 -6546.4
1 269 349 -5480.13
1 269 363 -620.702
1 269 397 -38220.4
1 269 450 -2669.81
1 269 456 -15298.0
1 269 541 -620.702
1 270 352 -6885.29
1 270 417 -529955.0
1 270 429 -4215.48
1 270 481 -620.702
1 270 483 -1755.6
1 270 484 -620.702
1 270 486 -38342.4
1 270 498 -5761.16
1 270 539 -140.52
1 271 319 -46397.8
1 271 335 -4918.06
1 271 368 -140.52
1 271 415 -40545.2
1 271 451 -29648.9
1 271 485 -263.5
1 271 493 -86254.1
1 271 498 -3372.39
1 271 537 -18530.8
1 272 337 -15300.8
1 272 351 -27119.6
1 272 366 -702.58
1 272 368 -158246.0
1 272 388 -551574.0
1 272 450 -4777.55
1 272 451 -4356.0
1 272 453 -140.52
1 272 462 -1528890.0
1 272 491 -1.05
1 272 497 -28884.1
1 272 498 -19250.7
1 272 530 -43888.4
1 272 532 -46739.0
1 272 535 -534.35
1 273 363 -1545.68
1 273 392 -218.23
1 273 410 -2810.32
1 273 480 -19110.2
1 273 510 -1744.83
1 273 516 -8438.96
1 273 517 -475945.0
1 273 518 -404.83
1 274 409 -3512.9
1 274 520 -25573.9
1 274 523 -562.06
1 275 367 -126043.0
1 275 441 -211197.0
1 275 450 -19672.3
1 275 506 -281.03
1 276 364 -1124.13
1 276 366 -87541.5
1 276 392 -1686.19
1 276 446 -2388.77
1 277 294 -66126.9
1 277 390 -6744.77
1 277 407 -367598.0
1 277 431 -8336.11
1 277 472 -31069.6
1 277 480 -61247.6
1 278 365 -14473.2
1 278 435 -997.17
1 278 482 -4356.0
1 279 310 -25026.4
1 279 336 -281.03
1 279 433 -113412.0
1 279 438 -49060.1
1 279 475 -66126.0
1 279 485 -16440.4
1 280 433 -64431.6
1 280 442 -6182.71
1 280 469 -19419.6
1 280 471 -34136.2
1 281 458 -444541.0
1 282 409 -4215.48
1 282 424 -1967.23
1 282 430 -421.55
1 282 436 -10543.3
1 282 454 -1386.28
1 282 457 -60.47
1 283 429 -310822.0
1 283 449 -7014.89
1 283 452 -72233.4
1 283 455 -19259.8
1 283 468 -34957.7
1 284 457 -7166.32
1 284 463 -178061.0
1 285 336 -2006.96
1 285 374 -562.06
1 285 467 -107811.0
1 285 475 -70812.4
1 286 330 -55937.1
1 286 425 -117356.0
1 286 475 -25452.4
1 286 477 -100449.0
1 287 329 -185.09
1 287 388 -1147.09
1 287 426 -620.702
1 287 477 -26081.3
1 288 419 -11943.9
1 288 423 -1559.73
1 288 426 -620.702
1 289 351 -12224.9
1 289 404 -127869.0
1 289 459 -205032.0
1 289 468 -28023.2
1 290 382 -397952.0
1 290 402 -17848.0
1 290 411 -8571.48
1 290 412 -16861.9
1 290 413 -21217.9
1 290 420 -1282.25
1 291 350 -562.06
1 291 355 -7657.69
1 291 373 -983.61
1 291 419 -1478640.0
1 292 365 -12084.4
1 292 416 -843.1
1 292 469 -20297.3
1 294 435 -7166.32
1 294 447 -39888.6
1 294 458 -6176.64
1 295 391 -19953.3
1 295 430 -820831.0
1 296 388 -1081.97
1 296 398 -22573.2
1 296 406 -10282.6
1 296 433 -8149.94
1 297 381 -5901.68
1 297 383 -421.55
1 297 395 -109802.0
1 297 401 -54726.0
1 297 402 -14600.8
1 297 413 -610472.0
1 297 415 -58314.2
1 297 442 -49592.1
1 298 389 -983.61
1 298 390 -5199.1
1 299 354 -702.58
1 299 355 -553.91
1 299 387 -406.63
1 334 405 -24168.8
1 102 110 -620.702
1 102 113 -620.702
1 103 100 -620.702
1 103 104 -620.702
1 104 115 -620.702
1 105 115 -620.702
1 105 139 -620.702
1 108 117 -620.702
1 109 112 -620.702
1 111 155 -620.702
1 111 208 -620.702
1 112 181 -620.702
1 113 111 -620.702
1 113 159 -620.702
1 113 211 -620.702
1 114 173 -620.702
1 114 212 -1241.4
1 115 212 -1241.4
1 116 121 -620.702
1 116 150 -620.702
1 116 166 -620.702
1 117 119 -620.702
1 117 168 -620.702
1 117 210 -620.702
1 119 194 -620.702
1 119 202 -620.702
1 119 96 -620.702
1 120 155 -620.702
1 120 94 -620.702
1 121 187 -620.702
1 123 110 -620.702
1 123 111 -620.702
1 123 158 -620.702
1 123 168 -620.702
1 123 193 -620.702
1 123 202 -1241.4
1 125 150 -620.702
1 125 151 -620.702
1 125 193 -620.702
1 125 194 -620.702
1 126 121 -620.702
1 126 191 -620.702
1 126 195 -620.702
1 127 150 -620.702
1 127 160 -620.702
1 127 169 -620.702
1 127 195 -620.702
1 127 199 -1241.4
1 128 122 -620.702
1 128 148 -620.702
1 128 149 -620.702
1 128 152 -620.702
1 128 153 -620.702
1 128 154 -620.702
1 128 157 -620.702
1 128 199 -620.702
1 129 117 -620.702
1 129 119 -620.702
1 129 122 -620.702
1 129 146 -620.702
1 129 154 -1241.4
1 129 162 -620.702
1 129 176 -620.702
1 130 120 -620.702
1 130 154 -620.702
1 130 155 -620.702
1 130 156 -1862.11
1 130 194 -620.702
1 131 112 -620.702
1 131 121 -620.702
1 131 122 -620.702
1 131 150 -620.702
1 131 156 -620.702
1 131 157 -620.702
1 131 158 -620.702
1 131 161 -1241.4
1 131 198 -620.702
1 132 112 -620.702
1 132 155 -620.702
1 132 156 -620.702
1 132 160 -620.702
1 132 161 -1241.4
1 133 155 -620.702
1 133 159 -620.702
1 133 160 -1241.4
1 133 192 -1241.4
1 133 193 -620.702
1 134 148 -620.702
1 134 150 -620.702
1 134 151 -620.702
1 134 156 -620.702
1 134 191 -620.702
1 134 193 -2482.81
1 135 148 -3103.51
1 135 149 -1241.4
1 135 156 -620.702
1 135 157 -620.702
1 135 193 -1862.11
1 136 147 -620.702
1 136 148 -620.702
1 136 149 -620.702
1 136 150 -1241.4
1 136 153 -620.702
1 136 155 -620.702
1 137 148 -620.702
1 137 150 -620.702
1 137 153 -1241.4
1 137 154 -620.702
1 137 157 -1862.11
1 137 175 -620.702
1 137 206 -620.702
1 138 151 -620.702
1 138 152 -620.702
1 138 153 -1862.11
1 138 168 -620.702
1 138 169 -620.702
1 139 151 -620.702
1 140 138 -620.702
1 140 155 -2482.81
1 140 156 -620.702
1 140 171 -620.702
1 140 180 -620.702
1 141 149 -620.702
1 141 154 -1241.4
1 141 157 -620.702
1 141 171 -620.702
1 141 199 -1241.4
1 142 155 -620.702
1 142 156 -620.702
1 142 157 -620.702
1 142 158 -620.702
1 142 174 -620.702
1 142 179 -620.702
1 142 201 -620.702
1 143 146 -620.702
1 143 157 -1862.11
1 144 142 -1241.4
1 144 173 -620.702
1 145 142 -620.702
1 145 143 -620.702
1 145 151 -620.702
1 145 187 -620.702
1 145 226 -620.702
1 146 140 -620.702
1 146 141 -1241.4
1 146 145 -620.702
1 146 208 -620.702
1 146 229 -620.702
1 146 230 -620.702
1 146 232 -620.702
1 147 139 -1862.11
1 147 140 -620.702
1 147 141 -620.702
1 147 142 -620.702
1 147 229 -620.702
1 147 230 -620.702
1 147 233 -620.702
1 147 239 -620.702
1 147 240 -620.702
1 148 217 -620.702
1 148 221 -620.702
1 149 127 -620.702
1 149 147 -620.702
1 149 154 -620.702
1 149 222 -620.702
1 149 253 -620.702
1 150 160 -620.702
1 150 164 -620.702
1 150 177 -620.702
1 150 227 -620.702
1 150 236 -620.702
1 151 128 -620.702
1 151 228 -620.702
1 152 153 -620.702
1 152 173 -620.702
1 152 176 -620.702
1 152 222 -620.702
1 152 228 -620.702
1 153 126 -620.702
1 153 136 -620.702
1 153 155 -620.702
1 153 232 -620.702
1 153 238 -620.702
1 153 253 -620.702
1 154 126 -620.702
1 154 133 -620.702
1 154 161 -620.702
1 154 172 -620.702
1 154 220 -620.702
1 154 244 -620.702
1 155 170 -1241.4
1 155 216 -620.702
1 155 262 -620.702
1 156 160 -620.702
1 156 211 -620.702
1 156 223 -620.702
1 157 132 -620.702
1 157 133 -620.702
1 157 134 -1862.11
1 157 136 -620.702
1 157 194 -620.702
1 157 207 -620.702
1 157 240 -620.702
1 158 135 -620.702
1 158 248 -620.702
1 159 152 -620.702
1 159 231 -620.702
1 159 240 -620.702
1 159 247 -620.702
1 159 248 -620.702
1 159 250 -620.702
1 159 251 -620.702
1 159 257 -620.702
1 160 133 -620.702
1 160 249 -1241.4
1 160 251 -1241.4
1 160 252 -620.702
1 160 253 -620.702
1 160 262 -620.702
1 161 144 -1241.4
1 161 251 -620.702
1 161 253 -620.702
1 162 137 -1241.4
1 162 252 -1241.4
1 162 253 -620.702
1 163 152 -620.702
1 163 190 -620.702
1 163 236 -620.702
1 164 278 -620.702
1 164 290 -620.702
1 164 299 -620.702
1 165 133 -1241.4
1 165 134 -1241.4
1 165 135 -620.702
1 165 290 -620.702
1 166 131 -620.702
1 166 132 -620.702
1 166 133 -1241.4
1 166 134 -620.702
1 166 135 -620.702
1 166 210 -620.702
1 166 254 -620.702
1 166 255 -620.702
1 167 127 -620.702
1 167 132 -1241.4
1 167 133 -1241.4
1 167 134 -1862.11
1 167 256 -620.702
1 167 288 -620.702
1 167 294 -620.702
1 168 130 -620.702
1 168 131 -620.702
1 168 132 -2482.81
1 168 133 -2482.81
1 168 286 -620.702
1 168 287 -1241.4
1 168 291 -1241.4
1 169 128 -1241.4
1 169 129 -2482.81
1 169 131 -620.702
1 169 132 -3103.51
1 169 133 -1862.11
1 169 134 -5586.32
1 169 135 -620.702
1 169 236 -620.702
1 169 260 -620.702
1 169 271 -620.702
1 169 287 -620.702
1 169 290 -620.702
1 170 133 -1862.11
1 170 134 -7448.43
1 170 136 -620.702
1 170 187 -620.702
1 170 256 -620.702
1 170 287 -620.702
1 170 292 -620.702
1 171 133 -1241.4
1 171 134 -620.702
1 171 136 -3103.51
1 171 290 -620.702
1 172 257 -620.702
1 172 284 -620.702
1 172 295 -1241.4
1 172 311 -620.702
1 173 258 -620.702
1 173 278 -620.702
1 173 290 -620.702
1 173 292 -620.702
1 173 293 -1241.4
1 173 294 -620.702
1 174 124 -620.702
1 174 253 -620.702
1 174 261 -620.702
1 174 270 -620.702
1 174 283 -620.702
1 174 289 -620.702
1 174 293 -620.702
1 175 260 -620.702
1 175 288 -620.702
1 175 292 -1241.4
1 175 293 -620.702
1 175 296 -620.702
1 175 305 -620.702
1 176 274 -620.702
1 176 305 -620.702
1 177 289 -620.702
1 177 290 -620.702
1 178 243 -620.702
1 178 280 -620.702
1 178 285 -620.702
1 178 302 -620.702
1 178 305 -620.702
1 178 306 -620.702
1 178 311 -620.702
1 179 278 -620.702
1 179 285 -620.702
1 180 149 -620.702
1 180 286 -620.702
1 181 297 -620.702
1 181 307 -620.702
1 181 308 -620.702
1 183 242 -620.702
1 183 285 -620.702
1 183 295 -620.702
1 183 308 -620.702
1 183 309 -620.702
1 183 318 -620.702
1 184 263 -620.702
1 184 285 -620.702
1 184 313 -620.702
1 184 319 -620.702
1 185 257 -620.702
1 185 305 -620.702
1 185 306 -620.702
1 185 307 -620.702
1 185 315 -620.702
1 186 255 -620.702
1 186 265 -620.702
1 186 307 -1241.4
1 186 310 -620.702
1 188 262 -620.702
1 188 294 -620.702
1 188 295 -620.702
1 189 295 -620.702
1 189 309 -620.702
1 190 307 -620.702
1 190 308 -620.702
1 190 324 -620.702
1 191 292 -1241.4
1 191 304 -620.702
1 191 305 -620.702
1 192 258 -620.702
1 192 284 -620.702
1 192 304 -620.702
1 192 316 -620.702
1 192 319 -620.702
1 193 262 -620.702
1 193 301 -620.702
1 193 311 -620.702
1 193 313 -1241.4
1 194 284 -620.702
1 194 313 -620.702
1 195 269 -620.702
1 195 287 -620.702
1 195 289 -620.702
1 195 300 -620.702
1 195 311 -620.702
1 195 313 -620.702
1 196 269 -620.702
1 196 275 -620.702
1 196 303 -620.702
1 196 324 -620.702
1 196 333 -620.702
1 197 264 -620.702
1 197 283 -620.702
1 197 300 -620.702
1 197 322 -620.702
1 197 325 -620.702
1 198 242 -620.702
1 198 276 -1241.4
1 198 309 -620.702
1 198 311 -620.702
1 199 283 -620.702
1 199 311 -620.702
1 199 324 -620.702
1 200 280 -620.702
1 200 286 -620.702
1 200 296 -620.702
1 200 299 -620.702
1 200 306 -620.702
1 200 307 -620.702
1 200 312 -620.702
1 200 343 -620.702
1 200 345 -620.702
1 201 257 -620.702
1 202 280 -620.702
1 202 287 -620.702
1 202 297 -620.702
1 202 301 -620.702
1 202 302 -620.702
1 203 215 -620.702
1 203 304 -620.702
1 203 305 -620.702
1 203 309 -620.702
1 203 315 -620.702
1 205 263 -620.702
1 205 303 -620.702
1 205 304 -620.702
1 205 317 -620.702
1 205 318 -620.702
1 205 319 -620.702
1 206 264 -620.702
1 206 270 -620.702
1 206 301 -620.702
1 206 304 -620.702
1 206 315 -620.702
1 206 317 -1241.4
1 207 262 -620.702
1 207 300 -620.702
1 207 301 -1241.4
1 207 303 -620.702
1 207 304 -620.702
1 207 306 -1241.4
1 207 315 -620.702
1 207 317 -620.702
1 208 298 -1241.4
1 208 299 -1241.4
1 208 306 -620.702
1 208 317 -620.702
1 208 328 -620.702
1 209 284 -620.702
1 209 297 -620.702
1 209 302 -620.702
1 210 284 -620.702
1 210 301 -620.702
1 210 302 -620.702
1 210 342 -620.702
1 211 301 -620.702
1 211 321 -620.702
1 212 295 -620.702
1 212 347 -620.702
1 213 226 -620.702
1 213 287 -620.702
1 213 303 -620.702
1 213 329 -620.702
1 214 319 -620.702
1 215 289 -620.702
1 215 311 -620.702
1 215 353 -620.702
1 216 323 -620.702
1 216 341 -620.702
1 217 244 -620.702
1 217 249 -620.702
1 217 351 -620.702
1 218 209 -620.702
1 218 243 -620.702
1 218 292 -620.702
1 218 345 -1241.4
1 221 240 -620.702
1 221 611 -620.702
1 222 254 -620.702
1 222 362 -620.702
1 224 338 -620.702
1 224 359 -620.702
1 225 323 -620.702
1 225 329 -620.702
1 225 332 -620.702
1 225 368 -620.702
1 225 373 -620.702
1 225 378 -620.702
1 225 382 -1241.4
1 226 323 -620.702
1 226 388 -1241.4
1 226 618 -620.702
1 227 315 -620.702
1 228 606 -620.702
1 229 385 -1241.4
1 229 392 -620.702
1 229 393 -620.702
1 229 397 -2482.81
1 229 618 -3103.51
1 230 338 -620.702
1 230 373 -1241.4
1 230 384 -620.702
1 230 392 -1241.4
1 230 393 -2482.81
1 230 396 -620.702
1 230 605 -620.702
1 231 343 -620.702
1 231 383 -620.702
1 231 392 -3103.51
1 231 393 -6827.73
1 231 398 -620.702
1 231 603 -620.702
1 231 607 -1241.4
1 232 259 -620.702
1 232 300 -620.702
1 232 384 -620.702
1 232 389 -620.702
1 232 393 -3724.21
1 232 394 -2482.81
1 232 405 -620.702
1 232 604 -1241.4
1 232 606 -1241.4
1 232 607 -1862.11
1 232 608 -620.702
1 233 373 -620.702
1 233 393 -620.702
1 233 403 -620.702
1 233 406 -2482.81
1 233 601 -1241.4
1 233 602 -620.702
1 234 374 -620.702
1 234 388 -620.702
1 234 389 -620.702
1 234 406 -1862.11
1 234 407 -1241.4
1 234 601 -620.702
1 234 602 -1241.4
1 234 603 -1862.11
1 234 604 -620.702
1 234 605 -1241.4
1 234 606 -620.702
1 234 609 -620.702
1 234 620 -620.702
1 234 621 -620.702
1 235 342 -620.702
1 235 368 -620.702
1 235 389 -620.702
1 235 392 -620.702
1 235 404 -620.702
1 235 406 -620.702
1 235 599 -620.702
1 235 600 -1241.4
1 235 602 -1862.11
1 235 603 -620.702
1 235 606 -620.702
1 235 608 -620.702
1 236 256 -620.702
1 236 359 -620.702
1 236 377 -1241.4
1 236 378 -620.702
1 236 389 -1241.4
1 236 600 -620.702
1 236 601 -620.702
1 236 602 -1241.4
1 236 605 -620.702
1 236 606 -620.702
1 236 607 -620.702
1 236 620 -620.702
1 237 330 -620.702
1 237 377 -620.702
1 237 384 -620.702
1 237 388 -620.702
1 237 605 -1241.4
1 237 606 -1862.11
1 237 607 -1241.4
1 237 608 -3103.51
1 237 609 -1862.11
1 237 620 -620.702
1 238 346 -620.702
1 238 391 -620.702
1 238 410 -620.702
1 238 602 -620.702
1 238 603 -620.702
1 238 606 -3103.51
1 238 607 -3724.21
1 238 608 -2482.81
1 238 610 -620.702
1 239 297 -620.702
1 239 323 -620.702
1 239 404 -620.702
1 239 601 -620.702
1 239 603 -620.702
1 239 607 -1241.4
1 239 608 -2482.81
1 239 609 -1862.11
1 239 610 -1241.4
1 239 615 -1241.4
1 240 267 -620.702
1 240 319 -620.702
1 240 327 -620.702
1 240 352 -620.702
1 240 374 -1241.4
1 240 392 -1241.4
1 240 396 -620.702
1 240 406 -620.702
1 240 603 -620.702
1 240 605 -1862.11
1 240 606 -2482.81
1 240 607 -1241.4
1 240 620 -1241.4
1 240 621 -620.702
1 241 339 -620.702
1 241 352 -620.702
1 241 370 -1241.4
1 241 375 -620.702
1 241 409 -620.702
1 241 577 -620.702
1 241 603 -1241.4
1 241 605 -1862.11
1 241 606 -1241.4
1 241 607 -1241.4
1 241 608 -1241.4
1 241 609 -3103.51
1 241 610 -620.702
1 241 611 -620.702
1 241 620 -620.702
1 241 621 -620.702
1 242 314 -620.702
1 242 318 -620.702
1 242 336 -620.702
1 242 338 -620.702
1 242 339 -620.702
1 242 373 -1862.11
1 242 374 -3724.21
1 242 406 -1241.4
1 242 603 -1241.4
1 242 604 -4344.92
1 242 605 -5586.32
1 242 606 -1862.11
1 242 607 -3103.51
1 242 608 -3103.51
1 242 609 -1862.11
1 242 610 -1862.11
1 242 616 -620.702
1 242 622 -620.702
1 242 623 -1862.11
1 243 366 -620.702
1 243 369 -620.702
1 243 372 -1241.4
1 243 373 -4965.62
1 243 374 -1862.11
1 243 386 -620.702
1 243 391 -620.702
1 243 405 -620.702
1 243 406 -620.702
1 243 407 -1241.4
1 243 409 -620.702
1 243 577 -620.702
1 243 606 -4344.92
1 243 607 -3103.51
1 243 608 -1241.4
1 243 609 -3724.21
1 243 620 -620.702
1 243 622 -1241.4
1 243 623 -4965.62
1 244 371 -620.702
1 244 372 -1241.4
1 244 373 -1862.11
1 244 415 -620.702
1 244 598 -620.702
1 244 606 -2482.81
1 244 607 -620.702
1 244 611 -620.702
1 244 616 -620.702
1 244 622 -620.702
1 244 623 -2482.81
1 244 624 -620.702
1 245 312 -620.702
1 245 315 -620.702
1 245 326 -620.702
1 245 335 -620.702
1 245 338 -620.702
1 245 356 -1241.4
1 245 371 -620.702
1 245 413 -620.702
1 245 586 -620.702
1 245 604 -620.702
1 245 605 -1862.11
1 245 606 -3103.51
1 245 607 -2482.81
1 245 609 -3103.51
1 245 610 -1241.4
1 245 612 -1241.4
1 245 616 -1241.4
1 245 619 -620.702
1 245 620 -1241.4
1 245 622 -620.702
1 246 214 -620.702
1 246 342 -620.702
1 246 356 -620.702
1 246 357 -620.702
1 246 374 -620.702
1 246 413 -620.702
1 246 590 -620.702
1 246 599 -620.702
1 246 600 -3724.21
1 246 605 -2482.81
1 246 606 -4344.92
1 246 607 -2482.81
1 246 610 -620.702
1 246 612 -1241.4
1 246 614 -620.702
1 246 615 -620.702
1 246 623 -620.702
1 247 314 -620.702
1 247 331 -620.702
1 247 367 -1241.4
1 247 368 -3103.51
1 247 387 -1241.4
1 247 413 -620.702
1 247 578 -620.702
1 247 597 -620.702
1 247 598 -4344.92
1 247 599 -3724.21
1 247 600 -6207.02
1 247 601 -6207.02
1 247 605 -1241.4
1 247 609 -1241.4
1 247 610 -1241.4
1 247 611 -2482.81
1 247 612 -2482.81
1 247 613 -1241.4
1 247 618 -1241.4
1 247 619 -620.702
1 247 623 -620.702
1 248 307 -620.702
1 248 367 -620.702
1 248 368 -2482.81
1 248 371 -1241.4
1 248 372 -3103.51
1 248 387 -1241.4
1 248 388 -3724.21
1 248 413 -620.702
1 248 416 -620.702
1 248 529 -620.702
1 248 567 -620.702
1 248 596 -4344.92
1 248 597 -3103.51
1 248 598 -6207.02
1 248 599 -3724.21
1 248 600 -2482.81
1 248 601 -3724.21
1 248 602 -1862.11
1 248 605 -620.702
1 248 608 -620.702
1 248 609 -1241.4
1 248 610 -1862.11
1 248 611 -3724.21
1 248 612 -3724.21
1 248 613 -4344.92
1 248 618 -620.702
1 248 619 -620.702
1 248 620 -620.702
1 248 623 -1241.4
1 249 333 -620.702
1 249 334 -620.702
1 249 365 -1241.4
1 249 366 -1862.11
1 249 367 -620.702
1 249 368 -1862.11
1 249 371 -620.702
1 249 387 -620.702
1 249 388 -620.702
1 249 400 -620.702
1 249 412 -620.702
1 249 567 -620.702
1 249 593 -1241.4
1 249 595 -3724.21
1 249 596 -4344.92
1 249 597 -6827.73
1 249 603 -1862.11
1 249 604 -4965.62
1 249 605 -3103.51
1 249 607 -2482.81
1 249 609 -620.702
1 249 610 -1241.4
1 249 611 -3103.51
1 249 612 -5586.32
1 249 613 -1241.4
1 249 618 -620.702
1 249 623 -620.702
1 250 331 -620.702
1 250 355 -620.702
1 250 365 -1241.4
1 250 366 -3103.51
1 250 367 -1862.11
1 250 368 -620.702
1 250 369 -1241.4
1 250 370 -1241.4
1 250 371 -3724.21
1 250 382 -620.702
1 250 406 -620.702
1 250 413 -620.702
1 250 414 -620.702
1 250 423 -620.702
1 250 436 -620.702
1 250 568 -620.702
1 250 579 -620.702
1 250 591 -620.702
1 250 594 -620.702
1 250 596 -4965.62
1 250 597 -1241.4
1 250 602 -620.702
1 250 603 -4344.92
1 250 604 -3724.21
1 250 605 -2482.81
1 250 607 -620.702
1 250 608 -1862.11
1 250 609 -620.702
1 250 610 -620.702
1 250 613 -620.702
1 251 276 -620.702
1 251 322 -620.702
1 251 365 -1862.11
1 251 366 -5586.32
1 251 367 -1241.4
1 251 368 -1241.4
1 251 371 -620.702
1 251 379 -620.702
1 251 407 -620.702
1 251 414 -620.702
1 251 424 -620.702
1 251 598 -620.702
1 251 604 -620.702
1 251 605 -620.702
1 251 607 -620.702
1 251 610 -620.702
1 252 236 -620.702
1 252 365 -1862.11
1 252 366 -4344.92
1 252 367 -4344.92
1 252 368 -1241.4
1 252 376 -620.702
1 252 412 -620.702
1 252 416 -620.702
1 252 428 -620.702
1 252 506 -620.702
1 252 507 -620.702
1 252 528 -620.702
1 252 534 -620.702
1 252 544 -620.702
1 252 576 -620.702
1 252 591 -1241.4
1 252 596 -1241.4
1 252 597 -1241.4
1 252 598 -620.702
1 252 599 -1241.4
1 252 608 -1241.4
1 252 609 -620.702
1 252 611 -620.702
1 252 620 -620.702
1 253 259 -620.702
1 253 342 -620.702
1 253 363 -620.702
1 253 365 -1241.4
1 253 366 -3724.21
1 253 367 -2482.81
1 253 370 -620.702
1 253 375 -1241.4
1 253 404 -620.702
1 253 433 -1241.4
1 253 506 -620.702
1 253 543 -620.702
1 253 546 -620.702
1 253 547 -620.702
1 253 566 -620.702
1 253 586 -1241.4
1 253 596 -620.702
1 253 597 -2482.81
1 253 601 -620.702
1 253 604 -620.702
1 253 605 -620.702
1 253 614 -1862.11
1 254 366 -1241.4
1 254 478 -620.702
1 254 581 -620.702
1 254 584 -620.702
1 254 585 -3724.21
1 254 586 -3103.51
1 254 587 -1862.11
1 254 588 -1862.11
1 254 589 -2482.81
1 254 598 -620.702
1 254 599 -620.702
1 254 601 -1241.4
1 254 604 -1241.4
1 254 605 -620.702
1 254 606 -620.702
1 254 611 -620.702
1 255 341 -620.702
1 255 346 -620.702
1 255 371 -620.702
1 255 402 -620.702
1 255 442 -620.702
1 255 445 -620.702
1 255 461 -620.702
1 255 479 -620.702
1 255 512 -620.702
1 255 513 -620.702
1 255 526 -620.702
1 255 547 -620.702
1 255 548 -620.702
1 255 565 -620.702
1 255 583 -1862.11
1 255 584 -2482.81
1 255 585 -2482.81
1 255 586 -2482.81
1 255 587 -1241.4
1 255 588 -620.702
1 255 591 -620.702
1 255 594 -620.702
1 255 597 -620.702
1 255 600 -1241.4
1 255 607 -620.702
1 256 346 -620.702
1 256 350 -620.702
1 256 367 -620.702
1 256 373 -620.702
1 256 374 -620.702
1 256 491 -620.702
1 256 526 -620.702
1 256 531 -1862.11
1 256 532 -620.702
1 256 547 -620.702
1 256 548 -1241.4
1 256 549 -620.702
1 256 575 -620.702
1 256 578 -1241.4
1 256 580 -620.702
1 256 584 -1862.11
1 256 585 -1241.4
1 256 592 -1241.4
1 256 594 -4344.92
1 256 595 -2482.81
1 256 607 -2482.81
1 256 608 -1241.4
1 256 609 -620.702
1 257 330 -620.702
1 257 461 -620.702
1 257 497 -620.702
1 257 503 -620.702
1 257 506 -620.702
1 257 512 -620.702
1 257 527 -1862.11
1 257 529 -620.702
1 257 532 -620.702
1 257 549 -620.702
1 257 574 -620.702
1 257 575 -1862.11
1 257 584 -1862.11
1 257 585 -1862.11
1 257 593 -1241.4
1 257 594 -4965.62
1 257 595 -2482.81
1 257 597 -1241.4
1 257 606 -4344.92
1 257 607 -620.702
1 258 307 -620.702
1 258 330 -620.702
1 258 366 -620.702
1 258 485 -1241.4
1 258 489 -1241.4
1 258 491 -620.702
1 258 493 -620.702
1 258 494 -620.702
1 258 496 -620.702
1 258 497 -620.702
1 258 498 -1862.11
1 258 499 -1241.4
1 258 502 -620.702
1 258 503 -620.702
1 258 529 -1241.4
1 258 531 -620.702
1 258 532 -620.702
1 258 533 -1241.4
1 258 535 -620.702
1 258 546 -620.702
1 258 550 -620.702
1 258 556 -1241.4
1 258 564 -620.702
1 258 576 -620.702
1 258 583 -620.702
1 258 584 -1862.11
1 258 586 -1862.11
1 258 594 -1862.11
1 258 606 -3103.51
1 258 607 -620.702
1 259 346 -620.702
1 259 369 -1241.4
1 259 402 -620.702
1 259 444 -620.702
1 259 456 -620.702
1 259 485 -620.702
1 259 486 -620.702
1 259 488 -620.702
1 259 489 -620.702
1 259 490 -1241.4
1 259 509 -1241.4
1 259 510 -620.702
1 259 522 -620.702
1 259 528 -620.702
1 259 529 -620.702
1 259 531 -620.702
1 259 532 -620.702
1 259 545 -620.702
1 259 549 -620.702
1 259 554 -1241.4
1 259 555 -1241.4
1 259 556 -1862.11
1 259 557 -1862.11
1 259 575 -2482.81
1 259 576 -620.702
1 259 579 -620.702
1 259 584 -620.702
1 259 585 -2482.81
1 259 586 -1241.4
1 260 369 -1241.4
1 260 404 -1241.4
1 260 443 -620.702
1 260 454 -620.702
1 260 485 -620.702
1 260 486 -1241.4
1 260 487 -620.702
1 260 492 -620.702
1 260 499 -620.702
1 260 502 -1241.4
1 260 517 -620.702
1 260 527 -620.702
1 260 545 -1862.11
1 260 548 -620.702
1 260 554 -620.702
1 260 556 -620.702
1 260 567 -620.702
1 260 576 -620.702
1 260 577 -620.702
1 261 397 -620.702
1 261 404 -620.702
1 261 444 -620.702
1 261 483 -620.702
1 261 487 -620.702
1 261 501 -620.702
1 261 502 -620.702
1 261 545 -620.702
1 261 551 -620.702
1 261 552 -620.702
1 261 565 -620.702
1 262 254 -620.702
1 262 353 -1241.4
1 262 369 -620.702
1 262 425 -620.702
1 262 443 -620.702
1 262 458 -620.702
1 262 483 -1241.4
1 262 493 -620.702
1 262 501 -620.702
1 262 502 -620.702
1 262 523 -620.702
1 262 524 -620.702
1 262 535 -620.702
1 262 536 -620.702
1 262 537 -620.702
1 262 542 -620.702
1 262 546 -620.702
1 262 584 -620.702
1 262 587 -620.702
1 263 355 -620.702
1 263 415 -620.702
1 263 484 -620.702
1 263 493 -620.702
1 263 509 -620.702
1 263 522 -620.702
1 263 523 -1241.4
1 263 524 -1241.4
1 263 541 -1241.4
1 263 542 -620.702
1 263 543 -620.702
1 263 546 -1241.4
1 263 576 -620.702
1 263 579 -620.702
1 263 581 -2482.81
1 264 369 -620.702
1 264 379 -620.702
1 264 481 -620.702
1 264 482 -620.702
1 264 493 -620.702
1 264 503 -620.702
1 264 504 -620.702
1 264 516 -620.702
1 264 521 -1862.11
1 264 527 -620.702
1 264 543 -2482.81
1 264 568 -620.702
1 264 575 -620.702
1 264 576 -1241.4
1 265 336 -620.702
1 265 367 -1241.4
1 265 457 -620.702
1 265 459 -620.702
1 265 511 -620.702
1 265 516 -620.702
1 265 520 -620.702
1 265 524 -620.702
1 265 568 -1241.4
1 266 314 -620.702
1 266 413 -620.702
1 266 456 -620.702
1 266 478 -620.702
1 266 481 -620.702
1 266 483 -620.702
1 266 484 -620.702
1 266 485 -620.702
1 266 492 -620.702
1 266 498 -620.702
1 266 505 -620.702
1 266 518 -620.702
1 266 523 -620.702
1 266 543 -620.702
1 266 545 -620.702
1 266 549 -620.702
1 266 555 -620.702
1 267 337 -620.702
1 267 365 -620.702
1 267 381 -620.702
1 267 459 -620.702
1 267 460 -1241.4
1 267 505 -620.702
1 267 507 -620.702
1 267 543 -620.702
1 267 544 -1241.4
1 267 549 -620.702
1 267 553 -1862.11
1 267 562 -620.702
1 268 507 -1241.4
1 268 540 -620.702
1 268 541 -620.702
1 268 542 -1241.4
1 268 543 -2482.81
1 268 544 -1241.4
1 268 549 -620.702
1 268 551 -620.702
1 268 552 -620.702
1 268 553 -620.702
1 269 362 -620.702
1 269 505 -1241.4
1 269 507 -620.702
1 269 528 -620.702
1 269 543 -620.702
1 269 547 -1241.4
1 270 474 -620.702
1 270 475 -1241.4
1 270 479 -620.702
1 270 491 -620.702
1 270 504 -620.702
1 270 507 -620.702
1 270 526 -620.702
1 271 375 -620.702
1 271 388 -620.702
1 271 479 -620.702
1 271 481 -620.702
1 271 487 -620.702
1 271 491 -620.702
1 271 526 -620.702
1 272 469 -620.702
1 272 493 -620.702
1 272 495 -1241.4
1 272 496 -620.702
1 272 502 -620.702
1 272 526 -1862.11
1 273 441 -620.702
1 273 462 -620.702
1 273 526 -620.702
1 275 463 -620.702
1 275 480 -620.702
1 275 502 -620.702
1 275 504 -620.702
1 276 502 -620.702
1 277 393 -620.702
1 279 459 -620.702
1 280 563 -620.702
1 282 434 -620.702
1 282 435 -620.702
1 283 461 -620.702
1 283 482 -620.702
1 283 483 -620.702
1 285 437 -620.702
1 285 482 -620.702
1 285 483 -620.702
1 286 377 -620.702
1 286 464 -620.702
1 288 469 -620.702
1 289 362 -620.702
1 289 443 -620.702
1 292 358 -620.702
1 293 390 -1862.11
1 293 391 -620.702
1 296 390 -620.702
1 301 359 -620.702
1 301 378 -620.702
1 85 106 -620.702
1 92 112 -1241.4
1 93 117 -620.702
1 97 89 -620.702
1 98 101 -620.702
1 99 126 -620.702
1 99 136 -620.702
1 147 119 -2529.29
1 148 187 -13068.0
1 150 114 -30211.0
1 153 113 -12646.5
1 167 186 -56206.4
1 168 169 -702.58
1 170 169 -3512.9
1 197 280 -4215.48
1 199 225 -13068.0
1 234 285 -12224.9
1 244 234 -3231.87
1 259 541 -281.03
1 265 469 -140.52
1 267 479 -1264.65
1 271 361 -2934.96
1 272 454 -39.55
1 291 453 -134051.0
1 299 360 -14613.7
1 109 116 -50585.8
1 131 118 -1405.16
1 132 183 -10819.7
1 137 123 -28103.2
1 140 173 -21077.4
1 141 124 -17845.6
1 142 121 -28665.3
1 152 130 -14051.6
1 157 117 -11241.3
1 157 190 -702.58
1 158 205 -421.55
1 164 258 -3934.45
1 169 164 -248151.0
1 172 162 -9695.61
1 172 163 -19110.2
1 172 164 -1826.71
1 173 196 -843.1
1 175 213 -13489.5
1 202 295 -21499.0
1 203 296 -31475.6
1 214 174 -48618.6
1 247 335 -9836.13
1 256 333 -10538.7
1 262 350 -281.03
1 267 346 -281.03
1 269 347 -983.61
1 271 470 -843.1
1 274 431 -2420670.0
1 285 357 -6885.29
1 289 374 -1826.71
1 293 378 -6604.26
1 299 335 -210774.0
1 143 154 -1405.16
1 144 130 -1686.19
1 148 113 -1405.16
1 149 118 -1124.13
1 151 143 -21358.4
1 152 177 -7447.35
1 152 183 -12927.5
1 153 185 -983.61
1 155 180 -5339.61
1 155 187 -6182.71
1 159 188 -2529.29
1 161 161 -14051.6
1 162 171 -6182.71
1 164 159 -43700.5
1 167 163 -56206.4
1 170 217 -12646.5
1 174 182 -3091.35
1 176 128 -8430.97
1 189 206 -47775.5
1 221 361 -2810.32
1 222 252 -14051.6
1 225 248 -12224.9
1 234 319 -26698.1
1 235 317 -53396.1
1 245 243 -59438.3
1 248 238 -10257.7
1 266 345 -12927.5
1 271 268 -30913.6
1 274 278 -28103.2
1 296 393 -9976.65
1 140 166 -9695.61
1 141 116 -20515.3
1 141 165 -3934.45
1 143 114 -25995.5
1 144 151 -9414.58
1 145 114 -14473.2
1 146 150 -4637.03
1 147 148 -10398.2
1 149 124 -562.06
1 149 202 -9836.13
1 150 186 -17424.0
1 151 178 -12224.9
1 151 181 -421.55
1 151 189 -20936.9
1 152 180 -29789.4
1 153 188 -23606.7
1 158 173 -421.55
1 164 124 -4496.52
1 165 167 -6604.26
1 168 164 -69274.5
1 168 166 -55784.9
1 176 222 -42154.8
1 184 210 -106090.0
1 188 207 -39906.6
1 206 280 -562.06
1 209 273 -22201.6
1 213 270 -12365.4
1 219 272 -421.55
1 227 344 -43560.0
1 230 352 -9274.06
1 231 270 -14051.6
1 240 330 -8571.48
1 244 333 -5620.65
1 251 334 -8290.45
1 258 343 -140.52
1 263 350 -2950.84
1 265 517 -983.61
1 267 321 -9274.06
1 269 364 -13489.5
1 270 267 -23185.2
1 270 361 -109462.0
1 271 267 -15597.3
1 271 363 -63513.3
1 284 333 -2669.81
1 291 365 -5058.58
1 296 358 -84309.7
1 297 356 -5901.68
1 131 125 -13489.5
1 134 123 -12084.4
1 134 125 -8712.0
1 135 126 -10819.7
1 146 146 -1264.65
1 183 232 -1124.13
1 201 310 -281.03
1 211 195 -2107.74
1 215 261 -4356.0
1 222 324 -421.55
1 230 358 -3653.42
1 242 618 -562.06
1 263 427 -140.52
1 263 570 -281.03
1 264 348 -1124.13
1 293 357 -14192.1
1 295 362 -2810.32
1 297 439 -461659.0
1 134 124 -8009.42
1 134 126 -4074.97
1 145 166 -3372.39
1 148 119 -8430.97
1 150 118 -6885.29
1 150 121 -22201.6
1 152 118 -35129.0
1 153 122 -16018.8
1 153 123 -5901.68
1 155 125 -7166.32
1 156 124 -140.52
1 181 126 -29367.9
1 189 126 -38641.9
1 224 257 -4356.0
1 230 223 -21499.0
1 281 445 -702.58
1 137 168 -7025.81
1 149 213 -140.52
1 170 185 -421.55
1 190 250 -983.61
1 202 228 -3372.39
1 210 253 -30913.6
1 245 324 -421.55
1 144 124 -281.03
1 145 131 -45808.3
1 148 124 -140.52
1 153 116 -4918.06
1 158 114 -23887.7
1 160 170 -15456.8
1 188 197 -140.52
1 208 226 -13068.0
1 211 266 -33594.3
1 213 276 -34816.9
1 214 274 -32019.5
1 220 278 -78702.6
1 223 372 -13349.0
1 233 375 -27962.7
1 236 317 -6463.74
1 239 385 -1421.55
1 239 406 -133.49
1 239 416 -1.72
1 241 238 -3231.87
1 244 244 -1405.16
1 245 408 -3231.87
1 246 320 -2107.74
1 248 454 -281.03
1 259 351 -3102.6
1 268 351 -20093.8
1 269 360 -8856.94
1 272 360 -45386.7
1 273 340 -281.03
1 273 521 -23747.2
1 274 327 -6042.19
1 275 465 -98.36
1 290 322 -23747.2
1 292 458 -53890.7
1 296 371 -40187.6
1 297 377 -15737.8
1 147 116 -1124.13
1 147 183 -1967.23
1 156 122 -1124.13
1 205 310 -140.52
1 173 183 -3231.87
1 257 342 -7025.81
1 201 251 -11522.3
1 265 488 -140.52
1 144 132 -140.52
1 135 160 -1967.23
1 154 112 -8852.52
1 154 122 -5058.58
1 183 124 -84028.6
1 186 125 -59157.3
1 204 300 -41.12
1 215 269 -26136.0
1 226 375 -12970.9
1 235 420 -7587.87
1 238 302 -2950.84
1 242 355 -53.26
1 244 321 -26698.1
1 245 406 -1826.71
1 247 591 -281.03
1 248 590 -281.03
1 248 593 -140.52
1 251 614 -3803.67
1 255 333 -3985.04
1 256 443 -450.28
1 258 339 -2037.32
1 258 416 -211.08
1 259 414 -1264.65
1 266 470 -910.54
1 270 476 -421.55
1 273 523 -55503.9
1 274 506 -1124.13
1 275 479 -983.61
1 280 458 -899.3
1 291 403 -140.52
1 293 458 -14473.2
1 297 388 -1081.97
1 298 384 -91.2
1 204 299 -140.52
1 221 300 -140.52
1 229 371 -10919.5
1 134 167 -2669.81
1 153 134 -1967.23
1 156 121 -281.03
1 159 157 -68852.9
1 160 117 -6182.71
1 184 305 -2.57
1 197 298 -41.36
1 237 406 -433.7
1 244 430 -421.55
1 247 342 -52.7
1 253 427 -2810.32
1 254 398 -24.49
1 254 442 -1513.12
1 254 444 -351.29
1 254 445 -351.29
1 256 445 -1385.42
1 257 344 -95.3
1 257 387 -27260.1
1 259 345 -843.1
1 261 322 -39.74
1 261 346 -310.76
1 261 369 -482.31
1 262 555 -140.52
1 263 448 -140.52
1 265 559 -601.41
1 271 364 -1545.68
1 271 471 -140.52
1 271 489 -148.15
1 272 371 -421.55
1 273 520 -140.52
1 273 522 -421.55
1 275 371 -1264.65
1 275 449 -8993.03
1 277 386 -2248.26
1 296 415 -140.52
1 262 394 -636282.0
1 271 492 -140.52
1 167 168 -74895.1
1 157 122 -140.52
1 160 136 -843.1
1 169 201 -2388.77
1 199 297 -63.47
1 211 313 -11.72
1 212 315 -9.34
1 214 287 -646.37
1 224 372 -1124.13
1 246 609 -1576.44
1 247 343 -34.5
1 247 590 -1686.19
1 250 395 -10679.2
1 255 446 -283.41
1 261 524 -2029.82
1 261 525 -573.4
1 268 567 -2810.32
1 270 482 -16.01
1 276 386 -1686.19
1 278 371 -1405.16
1 281 446 -281.03
1 284 406 -843.1
1 291 458 -181.27
1 295 390 -702.58
1 297 384 -140.52
1 297 387 -140.52
1 301 439 -140.52
1 165 158 -27962.7
1 178 212 -1967.23
1 231 363 -140.52
1 269 361 -140.52
