1 62 1 3798.3
1 61 2 3770.7
1 60 3 3749.7
1 59 4 3733.5
1 58 5 3721.5
1 57 6 3713.4
1 56 7 3709.2
1 55 8 3709.0
1 54 9 3713.4
1 53 10 3722.5
1 52 11 3736.7
1 51 12 3755.5
1 49 13 3767.8
1 50 13 3777.1
1 48 14 3789.3
1 47 15 3784.5
1 46 16 3776.7
1 45 17 3766.9
1 45 18 3767.6
1 45 19 3768.3
1 44 20 3756.4
1 44 21 3756.2
1 44 22 3755.5
1 44 23 3754.2
1 44 24 3752.2
1 44 25 3749.4
1 44 26 3745.6
1 44 27 3740.7
1 44 28 3734.5
1 44 29 3727.0
1 44 30 3717.9
1 44 31 3707.0
1 44 32 3694.2
1 44 33 3679.1
1 44 34 3661.5
1 44 35 3641.1
1 44 36 3617.4
1 44 37 3589.8
1 44 38 3557.8
1 44 39 3520.3
1 44 40 3476.1
1 44 41 3422.8
1 43 42 3304.0
1 43 43 3265.0
1 43 44 3203.3
1 42 45 3052.1
1 42 46 2997.6
1 40 47 2765.7
1 41 47 2812.0
1 40 48 2729.6
1 40 49 2663.5
1 40 50 2567.6
1 35 78 4859.7
1 35 79 4888.1
1 34 80 4945.1
1 33 81 5025.5
1 32 82 5089.1
1 31 83 5102.5
1 30 84 5114.2
1 29 85 5123.1
1 28 86 5145.4
1 27 87 5164.2
1 26 88 5190.3
1 25 89 5217.8
1 25 90 5254.2
1 24 91 5241.3
1 24 92 5256.5
1 24 93 5293.6
1 24 94 5330.6
1 23 95 5345.7
1 23 96 5386.0
1 23 97 5422.3
1 22 98 5430.3
1 22 99 5471.4
1 22 100 5508.4
1 22 101 5545.7
1 21 102 5566.0
1 21 103 5611.1
1 20 104 5633.2
1 20 105 5675.7
1 19 106 5707.7
1 19 107 5752.1
1 18 108 5788.7
1 18 109 5828.5
1 17 110 5747.7
1 17 111 5758.8
1 17 112 5868.1
1 65 109 6030.5
1 66 109 6027.0
1 67 109 5976.4
1 68 109 5941.6
1 69 109 5951.1
1 62 110 5964.5
1 63 110 6002.2
1 64 110 6023.1
1 70 110 6040.0
1 60 111 5859.4
1 61 111 5880.9
1 71 111 6106.0
1 37 112 5647.1
1 38 112 5707.3
1 39 112 5768.9
1 40 112 5814.4
1 41 112 5851.4
1 42 112 5873.4
1 43 112 5884.6
1 44 112 5893.7
1 45 112 5900.9
1 46 112 5910.4
1 47 112 5919.3
1 48 112 5936.9
1 55 112 5739.6
1 56 112 5761.3
1 57 112 5778.4
1 58 112 5795.2
1 59 112 5810.1
1 72 112 6143.0
1 16 113 5956.8
1 33 113 5631.7
1 34 113 5615.1
1 35 113 5599.2
1 36 113 5578.7
1 49 113 5930.6
1 50 113 5908.4
1 51 113 5855.3
1 52 113 5800.7
1 53 113 5744.1
1 54 113 5707.4
1 73 113 6175.3
1 16 114 6015.9
1 29 114 5721.3
1 30 114 5696.1
1 31 114 5668.3
1 32 114 5633.3
1 74 114 6198.4
1 75 114 6202.5
1 16 115 6072.6
1 25 115 5833.0
1 26 115 5810.2
1 27 115 5781.0
1 28 115 5741.0
1 76 115 6234.3
1 16 116 6127.9
1 21 116 5975.7
1 22 116 5990.6
1 23 116 5903.4
1 24 116 5863.2
1 77 116 6249.5
1 78 116 6247.6
1 79 116 6260.2
1 16 117 6182.1
1 20 117 6023.7
1 80 117 6281.1
1 81 117 6279.2
1 82 117 6258.6
1 83 117 6231.1
1 84 117 6202.0
1 16 118 6219.5
1 17 118 6185.7
1 18 118 6138.6
1 19 118 6085.1
1 85 118 6131.5
1 85 119 6089.7
1 86 120 6072.5
1 86 121 6095.2
1 86 122 6120.0
1 86 123 6137.3
1 86 124 6149.7
1 86 125 6159.3
1 86 126 6166.4
1 86 127 6170.1
1 86 128 6170.7
1 86 129 6169.0
1 86 130 6166.3
1 86 131 6162.1
1 86 132 6155.2
1 86 133 6146.5
1 86 134 6134.7
1 86 135 6118.8
1 86 136 6099.7
1 85 137 6050.6
1 85 138 6037.7
1 84 139 6032.8
1 83 140 6073.8
1 82 141 6157.7
1 82 142 6174.0
1 81 143 6226.7
1 80 144 6287.2
1 79 145 6356.2
1 78 146 6419.8
1 77 147 6487.1
1 76 148 6559.0
1 75 149 6636.4
1 75 150 6700.7
1 75 151 6761.3
1 75 152 6821.9
1 75 153 6868.8
1 76 154 6862.0
1 77 154 6849.2
1 78 154 6839.0
1 79 155 6827.7
1 80 155 6815.1
1 81 156 6797.5
1 82 157 6771.0
1 82 158 6748.6
1 83 158 6734.5
1 84 159 6704.6
1 84 160 6676.8
1 84 161 6652.4
1 84 162 6628.5
1 85 163 6603.4
1 86 164 6574.0
1 87 165 6537.0
1 88 166 6502.2
1 89 167 6468.6
1 90 168 6387.2
1 90 169 6337.2
1 91 170 6269.8
1 92 171 6198.4
1 93 172 6167.7
1 94 173 6141.2
1 94 174 6138.8
1 95 175 6123.4
1 95 176 6109.0
1 95 177 6113.7
1 95 178 6120.7
1 95 179 6126.0
1 96 180 5954.7
1 97 181 5971.7
1 98 182 5989.2
1 99 183 6006.7
1 100 184 6022.5
1 101 185 6037.9
1 102 185 6046.3
1 103 185 6061.9
1 104 186 6096.3
1 105 186 6097.4
1 106 187 6100.6
1 107 188 6096.4
1 108 189 5914.1
1 108 190 5916.1
1 108 191 5917.1
1 108 192 5916.7
1 108 193 5912.5
1 107 194 5707.4
1 107 195 5703.4
1 107 196 5695.6
1 107 197 5685.3
1 107 198 5673.3
1 106 199 5634.9
1 106 200 5622.0
1 105 201 5576.1
1 105 202 5562.9
1 104 203 5522.4
1 104 204 5513.7
1 104 205 5498.7
1 104 206 5477.3
1 104 207 5444.2
1 98 208 5460.6
1 99 208 5470.7
1 100 208 5483.1
1 101 208 5496.0
1 102 208 5513.7
1 103 208 5542.4
1 97 209 5451.3
1 97 210 5450.1
1 97 211 5446.0
1 97 212 5440.7
1 96 213 5424.1
1 95 214 5416.7
1 95 215 5415.4
1 94 216 5408.0
1 94 217 5407.1
1 94 218 5406.4
1 95 219 5410.6
1 96 220 5414.1
1 97 221 5418.0
1 97 222 5416.9
1 98 223 5420.2
1 98 224 5418.8
1 99 225 5422.9
1 99 226 5421.0
1 100 227 5242.1
1 128 227 5398.5
1 129 227 5461.6
1 101 228 5248.0
1 107 228 5142.9
1 108 228 5167.8
1 109 228 5196.4
1 110 228 5228.4
1 111 228 5263.1
1 125 228 5283.4
1 126 228 5309.8
1 127 228 5318.0
1 130 228 5187.6
1 131 228 5194.1
1 132 228 5188.2
1 133 228 5189.3
1 134 228 5195.5
1 135 228 5209.9
1 136 228 5226.9
1 137 228 5240.2
1 138 228 5267.0
1 102 229 5252.8
1 106 229 5280.7
1 112 229 5117.3
1 118 229 5143.6
1 119 229 5162.0
1 120 229 5177.9
1 121 229 5192.0
1 122 229 5203.3
1 123 229 5212.7
1 124 229 5215.2
1 139 229 5340.3
1 103 230 5256.3
1 104 230 5258.9
1 105 230 5261.9
1 113 230 5133.9
1 114 230 5125.4
1 115 230 5121.1
1 116 230 5118.6
1 117 230 5110.7
1 140 230 5307.1
1 139 231 5374.7
1 137 232 5411.3
1 138 232 5410.6
1 136 233 5414.6
1 135 234 5407.4
1 133 235 5374.7
1 134 235 5388.0
1 132 236 5357.8
1 130 237 5314.5
1 131 237 5329.7
1 129 238 5303.3
1 128 239 5287.2
1 127 240 5267.3
1 127 241 5257.5
1 127 242 5244.6
1 128 243 5252.9
1 129 244 5251.2
1 129 245 5238.5
1 130 246 5234.7
1 131 246 5233.6
1 132 246 5236.5
1 133 246 5245.8
1 134 246 5263.2
1 135 246 5289.6
1 136 246 5316.8
1 137 246 5336.8
1 138 246 5358.8
1 139 247 5409.5
1 140 247 5434.0
1 141 247 5471.5
1 142 247 5514.8
1 143 248 5577.8
1 144 249 5671.3
1 144 250 5698.1
1 145 251 5749.9
1 145 252 5775.5
1 145 253 5795.8
1 146 254 5829.1
1 146 255 5826.5
1 146 256 5820.5
1 146 257 5812.6
1 146 258 5802.4
1 146 259 5790.6
1 146 260 5777.2
1 146 261 5764.9
1 146 262 5751.7
1 146 263 5738.5
1 146 264 5728.4
1 146 265 0.0
1 147 266 5482.8
1 147 267 5453.7
1 147 268 5428.8
1 147 269 5389.1
1 147 270 5356.1
1 148 271 5306.0
1 148 272 5279.2
1 148 273 5252.1
1 148 274 5230.3
1 149 274 5215.4
1 149 275 5175.8
1 149 276 5143.6
1 149 277 5091.0
1 149 278 5036.4
1 150 279 5132.7
1 150 280 5087.7
1 150 281 5046.5
1 150 282 5016.2
1 151 283 4932.5
1 151 284 4888.7
1 151 285 4855.4
1 152 286 4761.4
1 152 287 4706.8
1 152 288 4662.5
1 152 289 4628.0
1 153 290 4722.8
1 153 291 4696.3
1 153 292 4704.2
1 154 293 4715.0
1 154 294 4726.6
1 154 295 4736.1
1 154 296 4742.2
1 155 297 4760.1
1 155 298 4763.9
1 156 299 4586.8
1 157 299 4593.1
1 158 299 4602.6
1 159 299 4615.1
1 160 299 4631.1
1 161 299 4650.5
1 162 300 4681.7
1 162 301 4684.5
1 162 302 4683.6
1 162 303 4681.0
1 162 304 4678.3
1 163 305 4857.4
1 163 306 4848.4
1 163 307 4838.6
1 163 308 4829.3
1 163 309 4823.2
1 164 310 5039.4
1 165 311 5081.0
1 166 312 5152.7
1 167 313 5211.3
1 168 314 5244.2
1 168 315 5076.7
1 168 316 5081.0
1 169 316 5088.5
1 169 317 5094.3
1 170 317 5104.1
1 171 318 5105.2
1 171 319 5081.8
1 172 320 5033.9
1 172 321 4986.4
1 172 322 4938.1
1 172 323 4887.1
1 172 324 4847.4
1 173 325 4845.9
1 173 326 4849.5
1 173 327 4851.3
1 174 328 4860.7
1 174 329 4862.3
1 174 330 4863.3
1 175 331 4867.8
1 176 331 4871.8
1 177 331 4877.7
1 178 332 4887.1
1 179 333 4889.7
1 179 334 4886.6
1 179 335 4883.5
1 180 336 4881.0
1 181 337 4872.5
1 181 338 4867.8
1 187 338 4741.0
1 188 338 4762.1
1 189 338 4779.7
1 190 338 4793.4
1 182 339 4858.5
1 186 339 4873.5
1 191 339 4797.0
1 192 339 5216.0
1 182 340 4852.5
1 186 340 4857.8
1 193 340 5215.3
1 182 341 4848.9
1 186 341 4847.8
1 194 341 5215.2
1 195 341 5216.8
1 183 342 4845.3
1 184 342 4845.1
1 185 342 4844.6
1 186 342 4843.5
1 196 342 5216.5
1 196 343 5214.4
1 197 344 5213.3
1 198 345 5210.9
1 199 346 5208.8
1 200 346 5210.4
1 201 346 5212.6
1 202 346 5214.7
1 203 346 5215.5
1 204 346 4420.11
1 205 347 5199.5
1 206 347 5193.3
1 207 348 5398.8
1 207 349 5496.1
1 207 350 5637.0
1 206 351 5696.9
1 205 352 5701.7
1 205 353 5706.2
1 205 354 5711.2
1 206 355 5734.1
1 206 356 5742.3
1 207 357 5767.0
1 208 357 5784.2
1 209 358 5465.4
1 210 359 5522.7
1 211 359 5550.7
1 212 360 5470.5
1 212 361 5507.7
1 208 362 5529.9
1 209 362 5534.6
1 210 362 5541.7
1 211 362 5547.4
1 207 363 5526.1
1 206 364 5520.7
1 206 365 5522.0
1 206 366 5522.2
1 206 367 5521.4
1 206 368 5520.4
1 206 369 5519.2
1 207 369 5525.6
1 208 369 5542.1
1 209 369 5563.8
1 210 369 5588.2
1 211 369 5618.5
1 212 369 5654.9
1 213 369 5699.1
1 214 370 5595.6
1 215 370 5629.4
1 216 372 5626.7
1 214 373 5263.1
1 215 373 5351.3
1 214 374 5220.0
1 213 375 5270.2
1 212 376 5247.8
1 211 377 5194.7
1 211 378 5183.6
1 211 379 5178.1
1 211 380 5180.2
1 211 381 5189.3
1 211 382 5243.7
1 211 383 5293.5
1 212 384 45000.0
1 212 385 45000.0
1 212 386 45000.0
1 212 387 45000.0
1 212 388 45000.0
1 212 389 45000.0
1 212 390 45000.0
1 212 391 45000.0
1 212 392 45000.0
1 212 393 45000.0
1 213 394 45000.0
1 213 395 45000.0
1 213 396 45000.0
1 213 397 45000.0
1 213 398 45000.0
1 213 399 45000.0
1 213 400 45000.0
1 213 401 45000.0
1 213 402 45000.0
1 214 403 45000.0
1 214 404 45000.0
1 214 405 45000.0
1 214 406 45000.0
1 214 407 45000.0
1 214 409 45000.0
1 214 410 45000.0
1 214 411 45000.0
1 214 412 45000.0
1 214 413 45000.0
1 214 414 45000.0
1 214 415 45000.0
1 215 416 45000.0
1 215 417 45000.0
1 227 417 45000.0
1 228 417 45000.0
1 229 417 45000.0
1 216 418 45000.0
1 226 418 45000.0
1 230 418 45000.0
1 217 419 45000.0
1 218 419 45000.0
1 219 419 45000.0
1 220 419 45000.0
1 221 419 45000.0
1 222 419 45000.0
1 223 419 45000.0
1 224 419 45000.0
1 225 419 45000.0
1 229 419 45000.0
1 229 420 45000.0
1 226 421 45000.0
1 227 421 45000.0
1 228 421 45000.0
1 224 422 45000.0
1 225 422 45000.0
1 224 423 45000.0
1 224 424 45000.0
1 225 424 45000.0
1 226 424 45000.0
1 227 424 45000.0
1 228 424 45000.0
1 229 425 45000.0
1 229 426 45000.0
1 229 427 45000.0
1 229 428 45000.0
1 229 429 45000.0
1 228 430 45000.0
1 228 431 45000.0
1 228 432 45000.0
1 228 433 45000.0
1 228 434 45000.0
1 228 435 45000.0
1 229 435 45000.0
1 230 436 45000.0
1 230 437 45000.0
1 230 438 45000.0
1 230 439 45000.0
1 230 440 45000.0
1 230 441 45000.0
1 230 442 45000.0
1 230 443 45000.0
1 230 444 45000.0
1 230 445 45000.0
1 230 446 45000.0
1 230 447 45000.0
1 230 448 45000.0
1 230 449 45000.0
1 230 450 45000.0
1 230 451 45000.0
1 230 452 45000.0
1 230 453 45000.0
1 230 454 45000.0
1 230 455 45000.0
1 230 456 45000.0
1 231 457 45000.0
1 231 458 45000.0
1 231 459 45000.0
1 231 460 45000.0
1 232 461 45000.0
1 232 462 45000.0
1 232 463 45000.0
1 232 464 45000.0
1 233 464 45000.0
1 234 464 45000.0
1 235 464 45000.0
1 236 464 45000.0
1 237 464 45000.0
1 238 464 45000.0
1 239 465 45000.0
1 239 466 45000.0
1 239 467 5337.1
1 238 468 5337.1
1 238 469 5337.1
1 238 470 5337.1
1 239 471 5337.1
1 240 471 5337.1
1 241 472 5337.1
1 242 472 5337.1
1 243 472 5337.1
1 244 473 5337.1
1 245 474 5337.1
1 246 475 5337.1
1 246 476 5337.1
1 246 477 5337.1
1 246 478 5337.1
1 246 479 5337.1
1 246 480 5337.1
1 245 481 5337.1
1 245 482 5337.1
1 244 483 5337.1
1 243 484 5337.1
1 243 485 5337.1
1 243 486 5337.1
1 243 487 5337.1
1 243 488 5337.1
1 243 489 5337.1
1 242 490 5337.1
1 242 491 5337.1
1 241 492 5337.1
1 241 493 5337.1
1 240 494 5337.1
1 239 495 5337.1
1 238 496 5337.1
1 235 497 5337.1
1 236 497 5337.1
1 237 497 5337.1
1 233 498 5337.1
1 234 498 5337.1
1 233 499 5337.1
1 232 500 5337.1
1 231 501 5337.1
1 231 502 5337.1
1 231 503 5337.1
1 231 504 5337.1
1 231 505 5337.1
1 231 506 5337.1
1 231 507 5337.1
1 231 508 5337.1
1 231 509 5337.1
1 231 510 5337.1
1 231 511 5337.1
1 231 512 5337.1
1 231 513 5337.1
1 231 514 5337.1
1 231 515 5337.1
1 232 516 5337.1
1 232 517 5337.1
1 232 518 5337.1
1 233 519 5337.1
1 233 520 5337.1
1 233 521 5337.1
1 234 522 5337.1
1 234 523 5337.1
1 235 524 5337.1
1 235 525 5337.1
1 236 525 5337.1
1 237 525 5337.1
1 238 525 5337.1
1 239 526 5337.1
1 239 527 5337.1
1 240 528 5437.9
1 240 529 5453.1
1 241 530 5519.7
1 241 531 5549.7
1 241 532 5566.6
1 241 533 5578.1
1 241 534 5586.4
1 242 535 5064.8
1 242 536 5076.1
1 243 536 5094.1
1 244 536 5126.6
1 245 536 5155.2
1 246 537 5210.6
1 246 538 5227.7
1 247 539 5267.6
1 248 540 5303.1
1 249 540 5315.2
1 250 540 5331.6
1 251 541 5365.2
1 250 544 5398.8
1 251 544 5401.1
1 245 545 5344.2
1 246 545 5355.4
1 247 545 5374.0
1 248 545 5387.7
1 249 545 5393.2
1 243 546 5317.7
1 244 546 5321.7
1 243 547 5318.4
1 242 548 5314.5
1 242 549 5314.8
1 241 550 5308.6
1 241 551 5306.9
1 240 552 5296.5
1 239 553 5285.5
1 238 554 0.0
1 237 555 5249.9
1 236 556 5248.8
1 236 557 5248.8
1 232 558 5189.1
1 233 558 5186.1
1 234 558 5193.8
1 235 558 5197.3
1 232 559 5201.2
1 231 560 5201.4
1 231 561 5209.8
1 231 562 5216.5
1 231 563 5221.6
1 231 564 5222.9
1 230 565 5389.7
1 230 566 5382.9
1 230 567 5372.0
1 230 568 5359.6
1 215 371 5678.1
1 39 51 6043.2
1 39 52 5967.8
1 38 53 5714.5
1 38 54 5641.8
1 37 55 5375.6
1 36 56 5152.8
1 35 57 4950.0
1 35 58 4889.0
1 35 59 4787.7
1 35 60 8397.7
1 35 61 8262.3
1 35 62 8125.5
1 35 63 7985.2
1 35 64 7841.2
1 35 65 7693.4
1 35 66 7542.6
1 35 67 7395.4
1 35 68 7276.3
1 36 69 10770.0
1 36 70 10502.6
1 36 71 10250.3
1 36 72 10007.1
1 36 73 9772.1
1 36 74 9559.1
1 36 75 9377.7
1 36 76 9287.9
1 36 77 9255.2
1 230 569 5347.0
1 230 570 5333.5
1 230 571 5317.4
1 230 572 5306.0
1 230 573 5316.9
1 230 574 5332.4
1 230 575 5342.6
1 230 576 5344.7
1 230 577 5179.6
1 230 578 5212.8
1 230 579 5245.9
1 230 580 5275.3
1 230 581 5278.4
1 230 582 5283.8
1 230 583 5286.3
1 230 584 5285.4
1 230 585 5282.0
1 230 586 5277.4
1 230 587 5271.3
1 230 588 5267.4
1 229 589 5251.5
1 229 590 5242.2
1 228 591 5219.5
1 228 592 5203.8
1 228 593 5186.5
1 228 594 5164.3
1 227 595 5120.1
1 227 596 5096.9
1 227 597 5068.8
1 227 598 5035.6
1 227 599 4786.4
1 226 600 4700.2
1 226 601 4698.2
1 226 602 4696.9
1 226 603 4697.6
1 225 604 4268.5
1 224 605 4268.5
1 223 606 4290.4
1 222 607 4310.8
1 223 605 4275.0
1 114 114 -871.2
1 117 120 -746.3910000000001
1 129 121 -2904.0
1 130 122 -746.3910000000001
1 133 112 -5372.4
1 135 194 -1327.19
1 138 201 -1452.0
1 139 168 -1452.0
1 140 168 -1452.0
1 141 191 -5372.4
1 143 172 -1452.0
1 143 190 -2613.6
1 144 166 -1887.6
1 144 172 -1452.0
1 144 182 -8566.8
1 144 190 -2613.6
1 146 117 -5662.8
1 146 188 -1016.4
1 146 190 -1016.4
1 147 132 -1887.6
1 147 145 -746.3910000000001
1 148 167 -4936.8
1 148 176 -746.3910000000001
1 148 196 -3630.0
1 149 145 -5082.0
1 149 146 -2613.6
1 150 124 -1742.4
1 150 141 -1887.6
1 150 198 -7840.8
1 151 142 -1306.8
1 151 195 -4791.6
1 152 123 -3339.6
1 152 125 -3795.59
1 152 132 -4085.99
1 153 192 -5662.8
1 154 125 -145.2
1 154 171 -746.3910000000001
1 154 249 -1452.0
1 155 112 -4065.6
1 155 129 -81602.4
1 156 129 -68824.8
1 157 135 -2654.38
1 157 251 -2758.8
1 158 133 -4811.99
1 158 181 -9438.0
1 159 119 -45447.6
1 159 173 -18585.6
1 161 125 -145.2
1 161 131 -726.0
1 161 188 -5082.0
1 162 119 -435.6
1 162 121 -5372.4
1 162 128 -163931.0
1 162 132 -435.6
1 162 169 -1161.6
1 163 137 -145.2
1 163 138 -1327.19
1 163 171 -4065.6
1 165 131 -145.2
1 166 126 -435.6
1 167 125 -1742.4
1 167 259 -435.6
1 168 123 -2904.0
1 168 208 -5517.6
1 170 131 -3339.6
1 170 163 -42688.8
1 171 130 -1306.8
1 171 131 -145.2
1 171 132 -1306.8
1 173 224 -2613.6
1 174 123 -871.2
1 174 135 -290.4
1 175 134 -10018.8
1 175 204 -1161.6
1 176 176 -2178.0
1 176 202 -1016.4
1 177 133 -6388.8
1 177 211 -2468.4
1 178 164 -145.2
1 179 181 -13794.0
1 179 183 -2468.4
1 179 210 -13358.4
1 180 208 -13939.2
1 183 184 -8857.2
1 184 246 -8566.8
1 187 200 -6388.8
1 188 198 -5372.4
1 188 209 -3484.8
1 188 240 -1597.2
1 191 191 -17278.8
1 193 256 -580.8
1 193 260 -41477.6
1 197 204 -1742.4
1 197 252 -290.4
1 198 298 -746.3910000000001
1 199 211 -3049.2
1 199 231 -1016.4
1 199 298 -746.3910000000001
1 200 298 -805.0010000000001
1 201 234 -145.2
1 203 275 -4791.6
1 203 280 -1452.0
1 204 248 -17017.4
1 205 300 -775.2810000000001
1 206 286 -8490.66
1 206 300 -1492.78
1 212 226 -435.6
1 212 258 -11761.2
1 213 264 -290.4
1 213 300 -290.4
1 214 240 -6243.6
1 216 238 -1016.4
1 216 267 -145.2
1 217 264 -290.4
1 217 365 -726.0
1 218 179 -4791.6
1 219 310 -435.6
1 221 223 -145.2
1 221 246 -24248.4
1 221 284 -5389.33
1 222 369 -2613.6
1 223 271 -1452.0
1 224 301 -726.0
1 224 374 -7005.32
1 226 365 -2155.92
1 228 225 -2178.0
1 230 361 -3049.2
1 231 401 -891.591
1 232 364 -156.49
1 232 370 -5871.67
1 233 337 -746.3910000000001
1 233 394 -1492.78
1 234 304 -4540.85
1 234 393 -797.451
1 235 367 -5124.43
1 235 400 -1306.8
1 235 605 -52.11
1 235 609 -415.1
1 236 263 -580.8
1 236 351 -1452.0
1 237 237 -25555.2
1 237 316 -16413.0
1 237 357 -7570.34
1 237 389 -746.3910000000001
1 238 398 -5.42
1 238 605 -3821.81
1 238 609 -1492.78
1 239 250 -580.8
1 239 338 -1452.0
1 239 605 -3731.95
1 239 606 -2239.17
1 239 619 -891.591
1 240 380 -746.3910000000001
1 240 426 -746.3910000000001
1 240 608 -3009.26
1 241 335 -1597.2
1 241 342 -2032.8
1 241 604 -746.3910000000001
1 242 311 -5462.56
1 243 371 -746.3910000000001
1 243 389 -1306.8
1 243 431 -1164.8
1 243 605 -3731.95
1 244 605 -4478.34
1 244 621 -1621.98
1 245 238 -15826.8
1 245 337 -746.3910000000001
1 245 370 -4511.28
1 245 621 -746.3910000000001
1 246 321 -4003.46
1 246 618 -2239.17
1 247 344 -771.6310000000001
1 247 383 -8638.45
1 247 384 -1544460.0
1 248 251 -11202.5
1 248 424 -3049.2
1 248 436 -3484.8
1 248 444 -13095.7
1 248 589 -1306.8
1 249 373 -746.3910000000001
1 249 424 -746.3910000000001
1 249 430 -20787.3
1 249 436 -7850.79
1 249 443 -6547.87
1 249 606 -3731.95
1 250 326 -3882.71
1 250 424 -746.3910000000001
1 250 425 -586898.0
1 250 431 -21553.8
1 250 595 -2384.37
1 251 356 -67584.5
1 251 408 -656.61
1 251 456 -891.591
1 251 457 -35.14
1 251 594 -746.3910000000001
1 251 595 -762.431
1 251 596 -1492.78
1 252 230 -1161.6
1 252 285 -1016.4
1 252 329 -25225.6
1 252 450 -580.8
1 252 595 -746.3910000000001
1 252 606 -746.3910000000001
1 253 298 -726.0
1 253 331 -11006.4
1 253 332 -15542.6
1 253 416 -435.6
1 253 420 -12078.0
1 253 445 -73778.1
1 254 338 -4501.2
1 254 367 -726.0
1 254 407 -122919.0
1 254 597 -746.3910000000001
1 254 607 -1181.99
1 255 381 -12342.0
1 255 383 -32379.6
1 255 388 -37606.8
1 255 395 -2613.6
1 255 420 -9002.4
1 255 439 -23812.8
1 255 443 -28086.3
1 255 595 -746.3910000000001
1 255 596 -746.3910000000001
1 255 606 -1181.99
1 255 609 -1492.78
1 256 314 -32826.0
1 256 335 -1452.0
1 256 370 -4838.38
1 256 413 -1887.6
1 256 586 -45752.3
1 256 593 -2985.56
1 257 238 -145.2
1 257 324 -6828.2
1 257 413 -1887.6
1 257 576 -4139.66
1 257 599 -42171.8
1 257 600 -96558.0
1 258 325 -7617.07
1 258 336 -1843.3
1 258 420 -94580.6
1 258 442 -671768.0
1 258 464 -1306.8
1 258 585 -4478.34
1 258 595 -1492.78
1 258 601 -40801.2
1 258 602 -56012.2
1 259 340 -5247.59
1 259 371 -4838.38
1 259 405 -8029.76
1 259 588 -24173.9
1 259 592 -753.7610000000001
1 259 593 -753.7610000000001
1 260 342 -1597.2
1 260 349 -726.0
1 260 407 -2937770.0
1 260 413 -181630.0
1 260 424 -414.86
1 260 461 -2178.0
1 260 463 -15246.0
1 260 464 -20473.2
1 260 585 -14241.5
1 260 586 -22201.7
1 261 337 -4646.4
1 261 355 -2758.8
1 261 381 -343145.0
1 261 395 -40144.9
1 261 416 -14955.6
1 261 418 -746.3910000000001
1 261 429 -78332.5
1 261 464 -8712.0
1 261 492 -746.3910000000001
1 261 571 -19747.2
1 261 576 -12909.1
1 262 345 -2032.8
1 262 540 -288.56
1 262 564 -38032.2
1 262 568 -16117.2
1 262 570 -29620.8
1 262 571 -9873.6
1 263 471 -9873.6
1 263 477 -7260.0
1 263 520 -1492.78
1 263 582 -14624.7
1 264 265 -1016.4
1 264 344 -1016.4
1 264 345 -290.4
1 264 355 -290.4
1 264 367 -746.3910000000001
1 264 383 -30042.5
1 264 407 -4065.6
1 264 468 -78.42
1 264 471 -9873.6
1 264 476 -435.6
1 264 477 -30056.4
1 264 523 -2674.77
1 264 524 -435.6
1 264 549 -5617.63
1 265 363 -145.2
1 265 364 -25204.3
1 265 374 -3257.35
1 265 380 -14.98
1 265 422 -56102.2
1 266 337 -746.3910000000001
1 266 340 -435.6
1 266 462 -145.2
1 267 391 -14665.2
1 267 463 -2178.0
1 267 555 -746.3910000000001
1 267 556 -746.3910000000001
1 268 333 -1016.4
1 268 334 -1161.6
1 268 436 -3068770.0
1 268 455 -14.62
1 268 479 -580.8
1 268 480 -435.6
1 268 489 -2055.39
1 269 363 -746.3910000000001
1 269 397 -35719.2
1 269 450 -2323.2
1 269 456 -17599.7
1 269 541 -746.3910000000001
1 270 337 -145.2
1 270 352 -145.2
1 270 429 -1827.97
1 270 481 -891.591
1 270 483 -1518.92
1 270 484 -746.3910000000001
1 270 486 -19318.3
1 270 498 -73616.4
1 270 539 -290.4
1 271 319 -16413.0
1 271 371 -1161.6
1 271 415 -164751.0
1 271 485 -239.86
1 271 493 -76732.7
1 271 498 -7550.4
1 271 537 -17212.0
1 272 336 -19246.3
1 272 337 -24.25
1 272 366 -290.4
1 272 368 -200485.0
1 272 388 -521461.0
1 272 396 -726.0
1 272 450 -5953.2
1 272 451 -16407.6
1 272 453 -1016.4
1 272 462 -1371640.0
1 272 491 -18.04
1 272 497 -36174.0
1 272 498 -90314.4
1 272 530 -112293.0
1 272 532 -123215.0
1 272 535 -42224.2
1 273 363 -290.4
1 273 392 -995.88
1 273 410 -1016.4
1 273 480 -2468.4
1 273 510 -1036.79
1 273 516 -19008.1
1 273 517 -375509.0
1 273 518 -123.61
1 274 409 -1016.4
1 274 520 -30782.4
1 274 523 -2178.0
1 275 367 -31798.8
1 275 441 -245682.0
1 275 450 -12196.8
1 276 366 -8276.4
1 276 446 -4791.6
1 276 474 -17240.4
1 277 294 -50415.5
1 277 390 -10309.2
1 277 407 -1593890.0
1 277 431 -1965.11
1 277 472 -20561.7
1 277 480 -44529.1
1 277 482 -1452.0
1 278 365 -14374.8
1 278 435 -708.51
1 278 482 -1452.0
1 279 310 -27797.3
1 279 433 -148809.0
1 279 438 -132480.0
1 279 475 -92671.9
1 279 485 -18440.4
1 280 365 -4210.8
1 280 433 -27181.8
1 280 442 -8276.4
1 280 469 -44123.9
1 280 471 -42711.9
1 281 458 -2545630.0
1 282 409 -5517.6
1 282 424 -1742.4
1 282 430 -580.8
1 282 436 -2112.16
1 282 454 -2776.1
1 283 335 -1161.6
1 283 354 -290.4
1 283 429 -227674.0
1 283 449 -5338.4
1 283 452 -46962.0
1 283 455 -56631.6
1 283 468 -23473.4
1 284 339 -32656.7
1 284 457 -5227.2
1 284 463 -508263.0
1 284 481 -8250.98
1 285 374 -2758.8
1 285 467 -210371.0
1 285 475 -59425.5
1 286 330 -53610.4
1 286 425 -315046.0
1 286 475 -28228.9
1 286 477 -48851.4
1 287 388 -10560.9
1 287 426 -746.3910000000001
1 287 477 -26000.9
1 288 419 -9728.4
1 288 423 -900.84
1 288 426 -746.3910000000001
1 289 404 -152204.0
1 289 459 -2972.17
1 289 468 -730.79
1 290 382 -128915.0
1 290 402 -311.03
1 290 411 -1161.6
1 290 412 -18150.0
1 290 413 -871.2
1 291 350 -2904.0
1 291 355 -34266.5
1 291 373 -1161.6
1 291 399 -88765.4
1 292 361 -1452.0
1 292 365 -16262.4
1 292 416 -1161.6
1 292 469 -14816.3
1 293 440 -145.2
1 294 435 -11180.4
1 294 447 -31495.2
1 294 458 -98493.0
1 295 356 -1782.04
1 295 391 -23232.0
1 295 430 -1717330.0
1 296 388 -598.83
1 296 398 -26606.9
1 296 406 -5253.21
1 296 433 -6388.8
1 297 381 -580.8
1 297 395 -3823.27
1 297 413 -1378550.0
1 297 442 -57808.0
1 299 354 -145.2
1 299 355 -4.36
1 299 387 -80.19
1 102 110 -746.3910000000001
1 102 113 -746.3910000000001
1 103 100 -746.3910000000001
1 103 104 -746.3910000000001
1 104 115 -746.3910000000001
1 105 115 -746.3910000000001
1 105 139 -746.3910000000001
1 108 117 -746.3910000000001
1 109 112 -746.3910000000001
1 111 155 -746.3910000000001
1 111 208 -746.3910000000001
1 112 181 -746.3910000000001
1 113 111 -746.3910000000001
1 113 159 -746.3910000000001
1 113 211 -746.3910000000001
1 114 173 -746.3910000000001
1 114 212 -1492.78
1 115 212 -1492.78
1 116 121 -746.3910000000001
1 116 150 -746.3910000000001
1 116 166 -746.3910000000001
1 117 119 -746.3910000000001
1 117 168 -746.3910000000001
1 117 210 -746.3910000000001
1 119 194 -746.3910000000001
1 119 202 -746.3910000000001
1 119 96 -746.3910000000001
1 120 155 -746.3910000000001
1 120 94 -746.3910000000001
1 121 187 -746.3910000000001
1 123 110 -746.3910000000001
1 123 111 -746.3910000000001
1 123 158 -746.3910000000001
1 123 168 -746.3910000000001
1 123 193 -746.3910000000001
1 123 202 -1492.78
1 125 150 -746.3910000000001
1 125 151 -746.3910000000001
1 125 193 -746.3910000000001
1 125 194 -746.3910000000001
1 126 121 -746.3910000000001
1 126 191 -746.3910000000001
1 126 195 -746.3910000000001
1 127 150 -746.3910000000001
1 127 160 -746.3910000000001
1 127 169 -746.3910000000001
1 127 195 -746.3910000000001
1 127 199 -1492.78
1 128 122 -746.3910000000001
1 128 148 -746.3910000000001
1 128 149 -746.3910000000001
1 128 152 -746.3910000000001
1 128 153 -746.3910000000001
1 128 154 -746.3910000000001
1 128 157 -746.3910000000001
1 128 199 -746.3910000000001
1 129 117 -746.3910000000001
1 129 119 -746.3910000000001
1 129 122 -746.3910000000001
1 129 146 -746.3910000000001
1 129 154 -1492.78
1 129 162 -746.3910000000001
1 129 176 -746.3910000000001
1 130 120 -746.3910000000001
1 130 154 -746.3910000000001
1 130 155 -746.3910000000001
1 130 156 -2239.17
1 130 194 -746.3910000000001
1 131 112 -746.3910000000001
1 131 121 -746.3910000000001
1 131 122 -746.3910000000001
1 131 150 -746.3910000000001
1 131 156 -746.3910000000001
1 131 157 -746.3910000000001
1 131 158 -746.3910000000001
1 131 161 -1492.78
1 131 198 -746.3910000000001
1 132 112 -746.3910000000001
1 132 155 -746.3910000000001
1 132 156 -746.3910000000001
1 132 160 -746.3910000000001
1 132 161 -1492.78
1 133 155 -746.3910000000001
1 133 159 -746.3910000000001
1 133 160 -1492.78
1 133 192 -1492.78
1 133 193 -746.3910000000001
1 134 148 -746.3910000000001
1 134 150 -746.3910000000001
1 134 151 -746.3910000000001
1 134 156 -746.3910000000001
1 134 191 -746.3910000000001
1 134 193 -2985.56
1 135 148 -3731.95
1 135 149 -1492.78
1 135 156 -746.3910000000001
1 135 157 -746.3910000000001
1 135 193 -2239.17
1 136 147 -746.3910000000001
1 136 148 -746.3910000000001
1 136 149 -746.3910000000001
1 136 150 -1492.78
1 136 153 -746.3910000000001
1 136 155 -746.3910000000001
1 137 148 -746.3910000000001
1 137 150 -746.3910000000001
1 137 153 -1492.78
1 137 154 -746.3910000000001
1 137 157 -2239.17
1 137 175 -746.3910000000001
1 137 206 -746.3910000000001
1 138 151 -746.3910000000001
1 138 152 -746.3910000000001
1 138 153 -2239.17
1 138 168 -746.3910000000001
1 138 169 -746.3910000000001
1 139 151 -746.3910000000001
1 140 138 -746.3910000000001
1 140 155 -2985.56
1 140 156 -746.3910000000001
1 140 171 -746.3910000000001
1 140 180 -746.3910000000001
1 141 149 -746.3910000000001
1 141 154 -1492.78
1 141 157 -746.3910000000001
1 141 171 -746.3910000000001
1 141 199 -1492.78
1 142 155 -746.3910000000001
1 142 156 -746.3910000000001
1 142 157 -746.3910000000001
1 142 158 -746.3910000000001
1 142 174 -746.3910000000001
1 142 179 -746.3910000000001
1 142 201 -746.3910000000001
1 143 146 -746.3910000000001
1 143 157 -2239.17
1 144 142 -1492.78
1 144 173 -746.3910000000001
1 145 142 -746.3910000000001
1 145 143 -746.3910000000001
1 145 151 -746.3910000000001
1 145 187 -746.3910000000001
1 145 226 -746.3910000000001
1 146 140 -746.3910000000001
1 146 141 -1492.78
1 146 145 -746.3910000000001
1 146 208 -746.3910000000001
1 146 229 -746.3910000000001
1 146 230 -746.3910000000001
1 146 232 -746.3910000000001
1 147 139 -2239.17
1 147 140 -746.3910000000001
1 147 141 -746.3910000000001
1 147 142 -746.3910000000001
1 147 229 -746.3910000000001
1 147 230 -746.3910000000001
1 147 233 -746.3910000000001
1 147 239 -746.3910000000001
1 147 240 -746.3910000000001
1 148 217 -746.3910000000001
1 148 221 -746.3910000000001
1 149 127 -746.3910000000001
1 149 147 -746.3910000000001
1 149 154 -746.3910000000001
1 149 222 -746.3910000000001
1 149 253 -746.3910000000001
1 150 160 -746.3910000000001
1 150 164 -746.3910000000001
1 150 177 -746.3910000000001
1 150 227 -746.3910000000001
1 150 236 -746.3910000000001
1 151 128 -746.3910000000001
1 151 228 -746.3910000000001
1 152 153 -746.3910000000001
1 152 173 -746.3910000000001
1 152 176 -746.3910000000001
1 152 222 -746.3910000000001
1 152 228 -746.3910000000001
1 153 126 -746.3910000000001
1 153 136 -746.3910000000001
1 153 155 -746.3910000000001
1 153 232 -746.3910000000001
1 153 238 -746.3910000000001
1 153 253 -746.3910000000001
1 154 126 -746.3910000000001
1 154 133 -746.3910000000001
1 154 161 -746.3910000000001
1 154 172 -746.3910000000001
1 154 220 -746.3910000000001
1 154 244 -746.3910000000001
1 155 170 -1492.78
1 155 216 -746.3910000000001
1 155 262 -746.3910000000001
1 156 160 -746.3910000000001
1 156 211 -746.3910000000001
1 156 223 -746.3910000000001
1 157 132 -746.3910000000001
1 157 133 -746.3910000000001
1 157 134 -2239.17
1 157 136 -746.3910000000001
1 157 194 -746.3910000000001
1 157 207 -746.3910000000001
1 157 240 -746.3910000000001
1 158 135 -746.3910000000001
1 158 248 -746.3910000000001
1 159 152 -746.3910000000001
1 159 231 -746.3910000000001
1 159 240 -746.3910000000001
1 159 247 -746.3910000000001
1 159 248 -746.3910000000001
1 159 250 -746.3910000000001
1 159 251 -746.3910000000001
1 159 257 -746.3910000000001
1 160 133 -746.3910000000001
1 160 249 -1492.78
1 160 251 -1492.78
1 160 252 -746.3910000000001
1 160 253 -746.3910000000001
1 160 262 -746.3910000000001
1 161 144 -1492.78
1 161 251 -746.3910000000001
1 161 253 -746.3910000000001
1 162 137 -1492.78
1 162 252 -1492.78
1 162 253 -746.3910000000001
1 163 152 -746.3910000000001
1 163 190 -746.3910000000001
1 163 236 -746.3910000000001
1 164 278 -746.3910000000001
1 164 290 -746.3910000000001
1 164 299 -746.3910000000001
1 165 133 -1492.78
1 165 134 -1492.78
1 165 135 -746.3910000000001
1 165 290 -746.3910000000001
1 166 131 -746.3910000000001
1 166 132 -746.3910000000001
1 166 133 -1492.78
1 166 134 -746.3910000000001
1 166 135 -746.3910000000001
1 166 210 -746.3910000000001
1 166 254 -746.3910000000001
1 166 255 -746.3910000000001
1 167 127 -746.3910000000001
1 167 132 -1492.78
1 167 133 -1492.78
1 167 134 -2239.17
1 167 256 -746.3910000000001
1 167 288 -746.3910000000001
1 167 294 -746.3910000000001
1 168 130 -746.3910000000001
1 168 131 -746.3910000000001
1 168 132 -2985.56
1 168 133 -2985.56
1 168 286 -746.3910000000001
1 168 287 -1492.78
1 168 291 -1492.78
1 169 128 -1492.78
1 169 129 -2985.56
1 169 131 -746.3910000000001
1 169 132 -3731.95
1 169 133 -2239.17
1 169 134 -6717.52
1 169 135 -746.3910000000001
1 169 236 -746.3910000000001
1 169 260 -746.3910000000001
1 169 271 -746.3910000000001
1 169 287 -746.3910000000001
1 169 290 -746.3910000000001
1 170 133 -2239.17
1 170 134 -8956.69
1 170 136 -746.3910000000001
1 170 187 -746.3910000000001
1 170 256 -746.3910000000001
1 170 287 -746.3910000000001
1 170 292 -746.3910000000001
1 171 133 -1492.78
1 171 134 -746.3910000000001
1 171 136 -3731.95
1 171 290 -746.3910000000001
1 172 257 -746.3910000000001
1 172 284 -746.3910000000001
1 172 295 -1492.78
1 172 311 -746.3910000000001
1 173 258 -746.3910000000001
1 173 278 -746.3910000000001
1 173 290 -746.3910000000001
1 173 292 -746.3910000000001
1 173 293 -1492.78
1 173 294 -746.3910000000001
1 174 124 -746.3910000000001
1 174 253 -746.3910000000001
1 174 261 -746.3910000000001
1 174 270 -746.3910000000001
1 174 283 -746.3910000000001
1 174 289 -746.3910000000001
1 174 293 -746.3910000000001
1 175 260 -746.3910000000001
1 175 288 -746.3910000000001
1 175 292 -1492.78
1 175 293 -746.3910000000001
1 175 296 -746.3910000000001
1 175 305 -746.3910000000001
1 176 274 -746.3910000000001
1 176 305 -746.3910000000001
1 177 289 -746.3910000000001
1 177 290 -746.3910000000001
1 178 243 -746.3910000000001
1 178 280 -746.3910000000001
1 178 285 -746.3910000000001
1 178 302 -746.3910000000001
1 178 305 -746.3910000000001
1 178 306 -746.3910000000001
1 178 311 -746.3910000000001
1 179 278 -746.3910000000001
1 179 285 -746.3910000000001
1 180 149 -746.3910000000001
1 180 286 -746.3910000000001
1 181 297 -746.3910000000001
1 181 307 -746.3910000000001
1 181 308 -746.3910000000001
1 183 242 -746.3910000000001
1 183 285 -746.3910000000001
1 183 295 -746.3910000000001
1 183 308 -746.3910000000001
1 183 309 -746.3910000000001
1 183 318 -746.3910000000001
1 184 263 -746.3910000000001
1 184 285 -746.3910000000001
1 184 313 -746.3910000000001
1 184 319 -746.3910000000001
1 185 257 -746.3910000000001
1 185 305 -746.3910000000001
1 185 306 -746.3910000000001
1 185 307 -746.3910000000001
1 185 315 -746.3910000000001
1 186 255 -746.3910000000001
1 186 265 -746.3910000000001
1 186 307 -1492.78
1 186 310 -746.3910000000001
1 188 262 -746.3910000000001
1 188 294 -746.3910000000001
1 188 295 -746.3910000000001
1 189 295 -746.3910000000001
1 189 309 -746.3910000000001
1 190 307 -746.3910000000001
1 190 308 -746.3910000000001
1 190 324 -746.3910000000001
1 191 292 -1492.78
1 191 304 -746.3910000000001
1 191 305 -746.3910000000001
1 192 258 -746.3910000000001
1 192 284 -746.3910000000001
1 192 304 -746.3910000000001
1 192 316 -746.3910000000001
1 192 319 -746.3910000000001
1 193 262 -746.3910000000001
1 193 301 -746.3910000000001
1 193 311 -746.3910000000001
1 193 313 -1492.78
1 194 284 -746.3910000000001
1 194 313 -746.3910000000001
1 195 269 -746.3910000000001
1 195 287 -746.3910000000001
1 195 289 -746.3910000000001
1 195 300 -746.3910000000001
1 195 311 -746.3910000000001
1 195 313 -746.3910000000001
1 196 269 -746.3910000000001
1 196 275 -746.3910000000001
1 196 303 -746.3910000000001
1 196 324 -746.3910000000001
1 196 333 -746.3910000000001
1 197 264 -746.3910000000001
1 197 283 -746.3910000000001
1 197 300 -746.3910000000001
1 197 322 -746.3910000000001
1 197 325 -746.3910000000001
1 198 242 -746.3910000000001
1 198 276 -1492.78
1 198 309 -746.3910000000001
1 198 311 -746.3910000000001
1 199 283 -746.3910000000001
1 199 311 -746.3910000000001
1 199 324 -746.3910000000001
1 200 280 -746.3910000000001
1 200 286 -746.3910000000001
1 200 296 -746.3910000000001
1 200 299 -746.3910000000001
1 200 306 -746.3910000000001
1 200 307 -746.3910000000001
1 200 312 -746.3910000000001
1 200 343 -746.3910000000001
1 200 345 -746.3910000000001
1 201 257 -746.3910000000001
1 202 280 -746.3910000000001
1 202 287 -746.3910000000001
1 202 297 -746.3910000000001
1 202 301 -746.3910000000001
1 202 302 -746.3910000000001
1 203 215 -746.3910000000001
1 203 304 -746.3910000000001
1 203 305 -746.3910000000001
1 203 309 -746.3910000000001
1 203 315 -746.3910000000001
1 205 263 -746.3910000000001
1 205 303 -746.3910000000001
1 205 304 -746.3910000000001
1 205 317 -746.3910000000001
1 205 318 -746.3910000000001
1 205 319 -746.3910000000001
1 206 264 -746.3910000000001
1 206 270 -746.3910000000001
1 206 301 -746.3910000000001
1 206 304 -746.3910000000001
1 206 315 -746.3910000000001
1 206 317 -1492.78
1 207 262 -746.3910000000001
1 207 300 -746.3910000000001
1 207 301 -1492.78
1 207 303 -746.3910000000001
1 207 304 -746.3910000000001
1 207 306 -1492.78
1 207 315 -746.3910000000001
1 207 317 -746.3910000000001
1 208 298 -1492.78
1 208 299 -1492.78
1 208 306 -746.3910000000001
1 208 317 -746.3910000000001
1 208 328 -746.3910000000001
1 209 284 -746.3910000000001
1 209 297 -746.3910000000001
1 209 302 -746.3910000000001
1 210 284 -746.3910000000001
1 210 301 -746.3910000000001
1 210 302 -746.3910000000001
1 210 342 -746.3910000000001
1 211 301 -746.3910000000001
1 211 321 -746.3910000000001
1 212 295 -746.3910000000001
1 212 347 -746.3910000000001
1 213 226 -746.3910000000001
1 213 287 -746.3910000000001
1 213 303 -746.3910000000001
1 213 329 -746.3910000000001
1 214 319 -746.3910000000001
1 215 289 -746.3910000000001
1 215 311 -746.3910000000001
1 215 353 -746.3910000000001
1 216 323 -746.3910000000001
1 216 341 -746.3910000000001
1 217 244 -746.3910000000001
1 217 249 -746.3910000000001
1 217 351 -746.3910000000001
1 218 209 -746.3910000000001
1 218 243 -746.3910000000001
1 218 292 -746.3910000000001
1 218 345 -1492.78
1 221 240 -746.3910000000001
1 221 611 -746.3910000000001
1 222 254 -746.3910000000001
1 222 362 -746.3910000000001
1 224 338 -746.3910000000001
1 224 359 -746.3910000000001
1 225 323 -746.3910000000001
1 225 329 -746.3910000000001
1 225 332 -746.3910000000001
1 225 368 -746.3910000000001
1 225 373 -746.3910000000001
1 225 378 -746.3910000000001
1 225 382 -1492.78
1 226 323 -746.3910000000001
1 226 388 -1492.78
1 226 618 -746.3910000000001
1 227 315 -746.3910000000001
1 228 606 -746.3910000000001
1 229 385 -1492.78
1 229 392 -746.3910000000001
1 229 393 -746.3910000000001
1 229 397 -2985.56
1 229 618 -3731.95
1 230 338 -746.3910000000001
1 230 373 -1492.78
1 230 384 -746.3910000000001
1 230 392 -1492.78
1 230 393 -2985.56
1 230 396 -746.3910000000001
1 230 605 -746.3910000000001
1 231 343 -746.3910000000001
1 231 383 -746.3910000000001
1 231 392 -3731.95
1 231 393 -8210.3
1 231 398 -746.3910000000001
1 231 603 -746.3910000000001
1 231 607 -1492.78
1 232 259 -746.3910000000001
1 232 300 -746.3910000000001
1 232 384 -746.3910000000001
1 232 389 -746.3910000000001
1 232 393 -4478.34
1 232 394 -2985.56
1 232 405 -746.3910000000001
1 232 604 -1492.78
1 232 606 -1492.78
1 232 607 -2239.17
1 232 608 -746.3910000000001
1 233 373 -746.3910000000001
1 233 393 -746.3910000000001
1 233 403 -746.3910000000001
1 233 406 -2985.56
1 233 601 -1492.78
1 233 602 -746.3910000000001
1 234 374 -746.3910000000001
1 234 388 -746.3910000000001
1 234 389 -746.3910000000001
1 234 406 -2239.17
1 234 407 -1492.78
1 234 601 -746.3910000000001
1 234 602 -1492.78
1 234 603 -2239.17
1 234 604 -746.3910000000001
1 234 605 -1492.78
1 234 606 -746.3910000000001
1 234 609 -746.3910000000001
1 234 620 -746.3910000000001
1 234 621 -746.3910000000001
1 235 342 -746.3910000000001
1 235 368 -746.3910000000001
1 235 389 -746.3910000000001
1 235 392 -746.3910000000001
1 235 404 -746.3910000000001
1 235 406 -746.3910000000001
1 235 599 -746.3910000000001
1 235 600 -1492.78
1 235 602 -2239.17
1 235 603 -746.3910000000001
1 235 606 -746.3910000000001
1 235 608 -746.3910000000001
1 236 256 -746.3910000000001
1 236 359 -746.3910000000001
1 236 377 -1492.78
1 236 378 -746.3910000000001
1 236 389 -1492.78
1 236 600 -746.3910000000001
1 236 601 -746.3910000000001
1 236 602 -1492.78
1 236 605 -746.3910000000001
1 236 606 -746.3910000000001
1 236 607 -746.3910000000001
1 236 620 -746.3910000000001
1 237 330 -746.3910000000001
1 237 377 -746.3910000000001
1 237 384 -746.3910000000001
1 237 388 -746.3910000000001
1 237 605 -1492.78
1 237 606 -2239.17
1 237 607 -1492.78
1 237 608 -3731.95
1 237 609 -2239.17
1 237 620 -746.3910000000001
1 238 346 -746.3910000000001
1 238 391 -746.3910000000001
1 238 410 -746.3910000000001
1 238 602 -746.3910000000001
1 238 603 -746.3910000000001
1 238 606 -3731.95
1 238 607 -4478.34
1 238 608 -2985.56
1 238 610 -746.3910000000001
1 239 297 -746.3910000000001
1 239 323 -746.3910000000001
1 239 404 -746.3910000000001
1 239 601 -746.3910000000001
1 239 603 -746.3910000000001
1 239 607 -1492.78
1 239 608 -2985.56
1 239 609 -2239.17
1 239 610 -1492.78
1 239 615 -1492.78
1 240 267 -746.3910000000001
1 240 319 -746.3910000000001
1 240 327 -746.3910000000001
1 240 352 -746.3910000000001
1 240 374 -1492.78
1 240 392 -1492.78
1 240 396 -746.3910000000001
1 240 406 -746.3910000000001
1 240 603 -746.3910000000001
1 240 605 -2239.17
1 240 606 -2985.56
1 240 607 -1492.78
1 240 620 -1492.78
1 240 621 -746.3910000000001
1 241 339 -746.3910000000001
1 241 352 -746.3910000000001
1 241 370 -1492.78
1 241 375 -746.3910000000001
1 241 409 -746.3910000000001
1 241 577 -746.3910000000001
1 241 603 -1492.78
1 241 605 -2239.17
1 241 606 -1492.78
1 241 607 -1492.78
1 241 608 -1492.78
1 241 609 -3731.95
1 241 610 -746.3910000000001
1 241 611 -746.3910000000001
1 241 620 -746.3910000000001
1 241 621 -746.3910000000001
1 242 314 -746.3910000000001
1 242 318 -746.3910000000001
1 242 336 -746.3910000000001
1 242 338 -746.3910000000001
1 242 339 -746.3910000000001
1 242 373 -2239.17
1 242 374 -4478.34
1 242 406 -1492.78
1 242 603 -1492.78
1 242 604 -5224.73
1 242 605 -6717.52
1 242 606 -2239.17
1 242 607 -3731.95
1 242 608 -3731.95
1 242 609 -2239.17
1 242 610 -2239.17
1 242 616 -746.3910000000001
1 242 622 -746.3910000000001
1 242 623 -2239.17
1 243 366 -746.3910000000001
1 243 369 -746.3910000000001
1 243 372 -1492.78
1 243 373 -5971.13
1 243 374 -2239.17
1 243 386 -746.3910000000001
1 243 391 -746.3910000000001
1 243 405 -746.3910000000001
1 243 406 -746.3910000000001
1 243 407 -1492.78
1 243 409 -746.3910000000001
1 243 577 -746.3910000000001
1 243 606 -5224.73
1 243 607 -3731.95
1 243 608 -1492.78
1 243 609 -4478.34
1 243 620 -746.3910000000001
1 243 622 -1492.78
1 243 623 -5971.13
1 244 371 -746.3910000000001
1 244 372 -1492.78
1 244 373 -2239.17
1 244 415 -746.3910000000001
1 244 598 -746.3910000000001
1 244 606 -2985.56
1 244 607 -746.3910000000001
1 244 611 -746.3910000000001
1 244 616 -746.3910000000001
1 244 622 -746.3910000000001
1 244 623 -2985.56
1 244 624 -746.3910000000001
1 245 312 -746.3910000000001
1 245 315 -746.3910000000001
1 245 326 -746.3910000000001
1 245 335 -746.3910000000001
1 245 338 -746.3910000000001
1 245 356 -1492.78
1 245 371 -746.3910000000001
1 245 413 -746.3910000000001
1 245 586 -746.3910000000001
1 245 604 -746.3910000000001
1 245 605 -2239.17
1 245 606 -3731.95
1 245 607 -2985.56
1 245 609 -3731.95
1 245 610 -1492.78
1 245 612 -1492.78
1 245 616 -1492.78
1 245 619 -746.3910000000001
1 245 620 -1492.78
1 245 622 -746.3910000000001
1 246 214 -746.3910000000001
1 246 342 -746.3910000000001
1 246 356 -746.3910000000001
1 246 357 -746.3910000000001
1 246 374 -746.3910000000001
1 246 413 -746.3910000000001
1 246 590 -746.3910000000001
1 246 599 -746.3910000000001
1 246 600 -4478.34
1 246 605 -2985.56
1 246 606 -5224.73
1 246 607 -2985.56
1 246 610 -746.3910000000001
1 246 612 -1492.78
1 246 614 -746.3910000000001
1 246 615 -746.3910000000001
1 246 623 -746.3910000000001
1 247 314 -746.3910000000001
1 247 331 -746.3910000000001
1 247 367 -1492.78
1 247 368 -3731.95
1 247 387 -1492.78
1 247 413 -746.3910000000001
1 247 578 -746.3910000000001
1 247 597 -746.3910000000001
1 247 598 -5224.73
1 247 599 -4478.34
1 247 600 -7463.91
1 247 601 -7463.91
1 247 605 -1492.78
1 247 609 -1492.78
1 247 610 -1492.78
1 247 611 -2985.56
1 247 612 -2985.56
1 247 613 -1492.78
1 247 618 -1492.78
1 247 619 -746.3910000000001
1 247 623 -746.3910000000001
1 248 307 -746.3910000000001
1 248 367 -746.3910000000001
1 248 368 -2985.56
1 248 371 -1492.78
1 248 372 -3731.95
1 248 387 -1492.78
1 248 388 -4478.34
1 248 413 -746.3910000000001
1 248 416 -746.3910000000001
1 248 529 -746.3910000000001
1 248 567 -746.3910000000001
1 248 596 -5224.73
1 248 597 -3731.95
1 248 598 -7463.91
1 248 599 -4478.34
1 248 600 -2985.56
1 248 601 -4478.34
1 248 602 -2239.17
1 248 605 -746.3910000000001
1 248 608 -746.3910000000001
1 248 609 -1492.78
1 248 610 -2239.17
1 248 611 -4478.34
1 248 612 -4478.34
1 248 613 -5224.73
1 248 618 -746.3910000000001
1 248 619 -746.3910000000001
1 248 620 -746.3910000000001
1 248 623 -1492.78
1 249 333 -746.3910000000001
1 249 334 -746.3910000000001
1 249 365 -1492.78
1 249 366 -2239.17
1 249 367 -746.3910000000001
1 249 368 -2239.17
1 249 371 -746.3910000000001
1 249 387 -746.3910000000001
1 249 388 -746.3910000000001
1 249 400 -746.3910000000001
1 249 412 -746.3910000000001
1 249 567 -746.3910000000001
1 249 593 -1492.78
1 249 595 -4478.34
1 249 596 -5224.73
1 249 597 -8210.3
1 249 603 -2239.17
1 249 604 -5971.13
1 249 605 -3731.95
1 249 607 -2985.56
1 249 609 -746.3910000000001
1 249 610 -1492.78
1 249 611 -3731.95
1 249 612 -6717.52
1 249 613 -1492.78
1 249 618 -746.3910000000001
1 249 623 -746.3910000000001
1 250 331 -746.3910000000001
1 250 355 -746.3910000000001
1 250 365 -1492.78
1 250 366 -3731.95
1 250 367 -2239.17
1 250 368 -746.3910000000001
1 250 369 -1492.78
1 250 370 -1492.78
1 250 371 -4478.34
1 250 382 -746.3910000000001
1 250 406 -746.3910000000001
1 250 413 -746.3910000000001
1 250 414 -746.3910000000001
1 250 423 -746.3910000000001
1 250 436 -746.3910000000001
1 250 568 -746.3910000000001
1 250 579 -746.3910000000001
1 250 591 -746.3910000000001
1 250 594 -746.3910000000001
1 250 596 -5971.13
1 250 597 -1492.78
1 250 602 -746.3910000000001
1 250 603 -5224.73
1 250 604 -4478.34
1 250 605 -2985.56
1 250 607 -746.3910000000001
1 250 608 -2239.17
1 250 609 -746.3910000000001
1 250 610 -746.3910000000001
1 250 613 -746.3910000000001
1 251 276 -746.3910000000001
1 251 322 -746.3910000000001
1 251 365 -2239.17
1 251 366 -6717.52
1 251 367 -1492.78
1 251 368 -1492.78
1 251 371 -746.3910000000001
1 251 379 -746.3910000000001
1 251 407 -746.3910000000001
1 251 414 -746.3910000000001
1 251 424 -746.3910000000001
1 251 598 -746.3910000000001
1 251 604 -746.3910000000001
1 251 605 -746.3910000000001
1 251 607 -746.3910000000001
1 251 610 -746.3910000000001
1 252 236 -746.3910000000001
1 252 365 -2239.17
1 252 366 -5224.73
1 252 367 -5224.73
1 252 368 -1492.78
1 252 376 -746.3910000000001
1 252 412 -746.3910000000001
1 252 416 -746.3910000000001
1 252 428 -746.3910000000001
1 252 506 -746.3910000000001
1 252 507 -746.3910000000001
1 252 528 -746.3910000000001
1 252 534 -746.3910000000001
1 252 544 -746.3910000000001
1 252 576 -746.3910000000001
1 252 591 -1492.78
1 252 596 -1492.78
1 252 597 -1492.78
1 252 598 -746.3910000000001
1 252 599 -1492.78
1 252 608 -1492.78
1 252 609 -746.3910000000001
1 252 611 -746.3910000000001
1 252 620 -746.3910000000001
1 253 259 -746.3910000000001
1 253 342 -746.3910000000001
1 253 363 -746.3910000000001
1 253 365 -1492.78
1 253 366 -4478.34
1 253 367 -2985.56
1 253 370 -746.3910000000001
1 253 375 -1492.78
1 253 404 -746.3910000000001
1 253 433 -1492.78
1 253 506 -746.3910000000001
1 253 543 -746.3910000000001
1 253 546 -746.3910000000001
1 253 547 -746.3910000000001
1 253 566 -746.3910000000001
1 253 586 -1492.78
1 253 596 -746.3910000000001
1 253 597 -2985.56
1 253 601 -746.3910000000001
1 253 604 -746.3910000000001
1 253 605 -746.3910000000001
1 253 614 -2239.17
1 254 366 -1492.78
1 254 478 -746.3910000000001
1 254 581 -746.3910000000001
1 254 584 -746.3910000000001
1 254 585 -4478.34
1 254 586 -3731.95
1 254 587 -2239.17
1 254 588 -2239.17
1 254 589 -2985.56
1 254 598 -746.3910000000001
1 254 599 -746.3910000000001
1 254 601 -1492.78
1 254 604 -1492.78
1 254 605 -746.3910000000001
1 254 606 -746.3910000000001
1 254 611 -746.3910000000001
1 255 341 -746.3910000000001
1 255 346 -746.3910000000001
1 255 371 -746.3910000000001
1 255 402 -746.3910000000001
1 255 442 -746.3910000000001
1 255 445 -746.3910000000001
1 255 461 -746.3910000000001
1 255 479 -746.3910000000001
1 255 512 -746.3910000000001
1 255 513 -746.3910000000001
1 255 526 -746.3910000000001
1 255 547 -746.3910000000001
1 255 548 -746.3910000000001
1 255 565 -746.3910000000001
1 255 583 -2239.17
1 255 584 -2985.56
1 255 585 -2985.56
1 255 586 -2985.56
1 255 587 -1492.78
1 255 588 -746.3910000000001
1 255 591 -746.3910000000001
1 255 594 -746.3910000000001
1 255 597 -746.3910000000001
1 255 600 -1492.78
1 255 607 -746.3910000000001
1 256 346 -746.3910000000001
1 256 350 -746.3910000000001
1 256 367 -746.3910000000001
1 256 373 -746.3910000000001
1 256 374 -746.3910000000001
1 256 491 -746.3910000000001
1 256 526 -746.3910000000001
1 256 531 -2239.17
1 256 532 -746.3910000000001
1 256 547 -746.3910000000001
1 256 548 -1492.78
1 256 549 -746.3910000000001
1 256 575 -746.3910000000001
1 256 578 -1492.78
1 256 580 -746.3910000000001
1 256 584 -2239.17
1 256 585 -1492.78
1 256 592 -1492.78
1 256 594 -5224.73
1 256 595 -2985.56
1 256 607 -2985.56
1 256 608 -1492.78
1 256 609 -746.3910000000001
1 257 330 -746.3910000000001
1 257 461 -746.3910000000001
1 257 497 -746.3910000000001
1 257 503 -746.3910000000001
1 257 506 -746.3910000000001
1 257 512 -746.3910000000001
1 257 527 -2239.17
1 257 529 -746.3910000000001
1 257 532 -746.3910000000001
1 257 549 -746.3910000000001
1 257 574 -746.3910000000001
1 257 575 -2239.17
1 257 584 -2239.17
1 257 585 -2239.17
1 257 593 -1492.78
1 257 594 -5971.13
1 257 595 -2985.56
1 257 597 -1492.78
1 257 606 -5224.73
1 257 607 -746.3910000000001
1 258 307 -746.3910000000001
1 258 330 -746.3910000000001
1 258 366 -746.3910000000001
1 258 485 -1492.78
1 258 489 -1492.78
1 258 491 -746.3910000000001
1 258 493 -746.3910000000001
1 258 494 -746.3910000000001
1 258 496 -746.3910000000001
1 258 497 -746.3910000000001
1 258 498 -2239.17
1 258 499 -1492.78
1 258 502 -746.3910000000001
1 258 503 -746.3910000000001
1 258 529 -1492.78
1 258 531 -746.3910000000001
1 258 532 -746.3910000000001
1 258 533 -1492.78
1 258 535 -746.3910000000001
1 258 546 -746.3910000000001
1 258 550 -746.3910000000001
1 258 556 -1492.78
1 258 564 -746.3910000000001
1 258 576 -746.3910000000001
1 258 583 -746.3910000000001
1 258 584 -2239.17
1 258 586 -2239.17
1 258 594 -2239.17
1 258 606 -3731.95
1 258 607 -746.3910000000001
1 259 346 -746.3910000000001
1 259 369 -1492.78
1 259 402 -746.3910000000001
1 259 444 -746.3910000000001
1 259 456 -746.3910000000001
1 259 485 -746.3910000000001
1 259 486 -746.3910000000001
1 259 488 -746.3910000000001
1 259 489 -746.3910000000001
1 259 490 -1492.78
1 259 509 -1492.78
1 259 510 -746.3910000000001
1 259 522 -746.3910000000001
1 259 528 -746.3910000000001
1 259 529 -746.3910000000001
1 259 531 -746.3910000000001
1 259 532 -746.3910000000001
1 259 545 -746.3910000000001
1 259 549 -746.3910000000001
1 259 554 -1492.78
1 259 555 -1492.78
1 259 556 -2239.17
1 259 557 -2239.17
1 259 575 -2985.56
1 259 576 -746.3910000000001
1 259 579 -746.3910000000001
1 259 584 -746.3910000000001
1 259 585 -2985.56
1 259 586 -1492.78
1 260 369 -1492.78
1 260 404 -1492.78
1 260 443 -746.3910000000001
1 260 454 -746.3910000000001
1 260 485 -746.3910000000001
1 260 486 -1492.78
1 260 487 -746.3910000000001
1 260 492 -746.3910000000001
1 260 499 -746.3910000000001
1 260 502 -1492.78
1 260 517 -746.3910000000001
1 260 527 -746.3910000000001
1 260 545 -2239.17
1 260 548 -746.3910000000001
1 260 554 -746.3910000000001
1 260 556 -746.3910000000001
1 260 567 -746.3910000000001
1 260 576 -746.3910000000001
1 260 577 -746.3910000000001
1 261 397 -746.3910000000001
1 261 404 -746.3910000000001
1 261 444 -746.3910000000001
1 261 483 -746.3910000000001
1 261 487 -746.3910000000001
1 261 501 -746.3910000000001
1 261 502 -746.3910000000001
1 261 545 -746.3910000000001
1 261 551 -746.3910000000001
1 261 552 -746.3910000000001
1 261 565 -746.3910000000001
1 262 254 -746.3910000000001
1 262 353 -1492.78
1 262 369 -746.3910000000001
1 262 425 -746.3910000000001
1 262 443 -746.3910000000001
1 262 458 -746.3910000000001
1 262 483 -1492.78
1 262 493 -746.3910000000001
1 262 501 -746.3910000000001
1 262 502 -746.3910000000001
1 262 523 -746.3910000000001
1 262 524 -746.3910000000001
1 262 535 -746.3910000000001
1 262 536 -746.3910000000001
1 262 537 -746.3910000000001
1 262 542 -746.3910000000001
1 262 546 -746.3910000000001
1 262 584 -746.3910000000001
1 262 587 -746.3910000000001
1 263 355 -746.3910000000001
1 263 415 -746.3910000000001
1 263 484 -746.3910000000001
1 263 493 -746.3910000000001
1 263 509 -746.3910000000001
1 263 522 -746.3910000000001
1 263 523 -1492.78
1 263 524 -1492.78
1 263 541 -1492.78
1 263 542 -746.3910000000001
1 263 543 -746.3910000000001
1 263 546 -1492.78
1 263 576 -746.3910000000001
1 263 579 -746.3910000000001
1 263 581 -2985.56
1 264 369 -746.3910000000001
1 264 379 -746.3910000000001
1 264 481 -746.3910000000001
1 264 482 -746.3910000000001
1 264 493 -746.3910000000001
1 264 503 -746.3910000000001
1 264 504 -746.3910000000001
1 264 516 -746.3910000000001
1 264 521 -2239.17
1 264 527 -746.3910000000001
1 264 543 -2985.56
1 264 568 -746.3910000000001
1 264 575 -746.3910000000001
1 264 576 -1492.78
1 265 336 -746.3910000000001
1 265 367 -1492.78
1 265 457 -746.3910000000001
1 265 459 -746.3910000000001
1 265 511 -746.3910000000001
1 265 516 -746.3910000000001
1 265 520 -746.3910000000001
1 265 524 -746.3910000000001
1 265 568 -1492.78
1 266 314 -746.3910000000001
1 266 413 -746.3910000000001
1 266 456 -746.3910000000001
1 266 478 -746.3910000000001
1 266 481 -746.3910000000001
1 266 483 -746.3910000000001
1 266 484 -746.3910000000001
1 266 485 -746.3910000000001
1 266 492 -746.3910000000001
1 266 498 -746.3910000000001
1 266 505 -746.3910000000001
1 266 518 -746.3910000000001
1 266 523 -746.3910000000001
1 266 543 -746.3910000000001
1 266 545 -746.3910000000001
1 266 549 -746.3910000000001
1 266 555 -746.3910000000001
1 267 337 -746.3910000000001
1 267 365 -746.3910000000001
1 267 381 -746.3910000000001
1 267 459 -746.3910000000001
1 267 460 -1492.78
1 267 505 -746.3910000000001
1 267 507 -746.3910000000001
1 267 543 -746.3910000000001
1 267 544 -1492.78
1 267 549 -746.3910000000001
1 267 553 -2239.17
1 267 562 -746.3910000000001
1 268 507 -1492.78
1 268 540 -746.3910000000001
1 268 541 -746.3910000000001
1 268 542 -1492.78
1 268 543 -2985.56
1 268 544 -1492.78
1 268 549 -746.3910000000001
1 268 551 -746.3910000000001
1 268 552 -746.3910000000001
1 268 553 -746.3910000000001
1 269 362 -746.3910000000001
1 269 505 -1492.78
1 269 507 -746.3910000000001
1 269 528 -746.3910000000001
1 269 543 -746.3910000000001
1 269 547 -1492.78
1 270 474 -746.3910000000001
1 270 475 -1492.78
1 270 479 -746.3910000000001
1 270 491 -746.3910000000001
1 270 504 -746.3910000000001
1 270 507 -746.3910000000001
1 270 526 -746.3910000000001
1 271 375 -746.3910000000001
1 271 388 -746.3910000000001
1 271 479 -746.3910000000001
1 271 481 -746.3910000000001
1 271 487 -746.3910000000001
1 271 491 -746.3910000000001
1 271 526 -746.3910000000001
1 272 469 -746.3910000000001
1 272 493 -746.3910000000001
1 272 495 -1492.78
1 272 496 -746.3910000000001
1 272 502 -746.3910000000001
1 272 526 -2239.17
1 273 441 -746.3910000000001
1 273 462 -746.3910000000001
1 273 526 -746.3910000000001
1 275 463 -746.3910000000001
1 275 480 -746.3910000000001
1 275 502 -746.3910000000001
1 275 504 -746.3910000000001
1 276 502 -746.3910000000001
1 277 393 -746.3910000000001
1 279 459 -746.3910000000001
1 280 563 -746.3910000000001
1 282 434 -746.3910000000001
1 282 435 -746.3910000000001
1 283 461 -746.3910000000001
1 283 482 -746.3910000000001
1 283 483 -746.3910000000001
1 285 437 -746.3910000000001
1 285 482 -746.3910000000001
1 285 483 -746.3910000000001
1 286 377 -746.3910000000001
1 286 464 -746.3910000000001
1 288 469 -746.3910000000001
1 289 362 -746.3910000000001
1 289 443 -746.3910000000001
1 292 358 -746.3910000000001
1 293 390 -2239.17
1 293 391 -746.3910000000001
1 296 390 -746.3910000000001
1 301 359 -746.3910000000001
1 301 378 -746.3910000000001
1 85 106 -746.3910000000001
1 92 112 -1492.78
1 93 117 -746.3910000000001
1 97 89 -746.3910000000001
1 98 101 -746.3910000000001
1 99 126 -746.3910000000001
1 99 136 -746.3910000000001
1 147 119 -1742.4
1 148 187 -6388.8
1 150 114 -1887.6
1 153 113 -5227.2
1 156 158 -5662.8
1 157 160 -4646.4
1 167 186 -3920.4
1 170 169 -24103.2
1 197 280 -3194.4
1 199 225 -2323.2
1 234 285 -1887.6
1 244 234 -21780.0
1 259 541 -145.2
1 265 469 -145.2
1 267 479 -2468.4
1 271 361 -4014.19
1 272 454 -43.16
1 285 433 -2323.2
1 291 453 -93.58
1 299 360 -1161.6
1 109 116 -1597.2
1 131 118 -435.6
1 132 183 -3194.4
1 140 173 -6679.2
1 141 124 -3920.4
1 142 121 -5953.2
1 155 192 -5372.4
1 157 117 -1742.4
1 158 205 -7840.8
1 169 164 -11180.4
1 172 162 -2613.6
1 172 163 -2613.6
1 172 164 -2613.6
1 173 196 -145.2
1 195 280 -2904.0
1 203 296 -6969.6
1 226 358 -6367.29
1 247 335 -2468.4
1 256 333 -580.8
1 265 349 -1306.8
1 267 346 -1161.6
1 271 470 -1597.2
1 274 431 -2450760.0
1 280 367 -2032.8
1 285 357 -1887.6
1 289 374 -145.2
1 293 378 -1452.0
1 299 335 -60984.0
1 143 152 -6388.8
1 144 130 -1597.2
1 151 143 -2613.6
1 153 212 -7405.2
1 154 128 -145.2
1 161 161 -4356.0
1 167 163 -6679.2
1 174 182 -44866.8
1 175 178 -726.0
1 176 128 -1016.4
1 188 287 -145.2
1 201 279 -4646.4
1 221 294 -3049.2
1 221 361 -145.2
1 222 252 -1161.6
1 224 273 -3630.0
1 225 248 -580.8
1 226 361 -2468.4
1 234 319 -3194.4
1 235 317 -3194.4
1 238 244 -1597.2
1 248 238 -6098.4
1 248 331 -1161.6
1 256 342 -871.2
1 266 345 -2468.4
1 271 268 -5082.0
1 274 278 -1452.0
1 289 355 -580.8
1 295 392 -435.6
1 296 391 -1016.4
1 296 393 -1306.8
1 144 151 -17424.0
1 144 186 -2032.8
1 147 148 -50674.8
1 149 124 -290.4
1 149 202 -5517.6
1 151 211 -2032.8
1 158 173 -2613.6
1 164 124 -145.2
1 165 167 -3049.2
1 170 115 -4936.8
1 176 222 -1887.6
1 184 210 -6534.0
1 189 288 -435.6
1 206 280 -1016.4
1 209 281 -46953.1
1 210 249 -1742.4
1 211 263 -2323.2
1 211 296 -1306.8
1 219 272 -726.0
1 221 302 -145.2
1 221 317 -3049.2
1 224 287 -2178.0
1 230 352 -3775.2
1 231 270 -871.2
1 231 347 -726.0
1 235 295 -1597.2
1 236 342 -2323.2
1 236 344 -1016.4
1 240 330 -1887.6
1 240 337 -2178.0
1 240 357 -2323.2
1 244 333 -5107.25
1 246 332 -871.2
1 246 337 -14665.2
1 251 334 -2904.0
1 258 343 -145.2
1 258 345 -580.8
1 260 345 -726.0
1 261 340 -871.2
1 262 286 -580.8
1 262 361 -52998.0
1 263 344 -1306.8
1 263 350 -290.4
1 267 321 -1452.0
1 267 428 -140855.0
1 269 365 -145.2
1 270 361 -2323.2
1 271 355 -1597.2
1 271 363 -2613.6
1 281 331 -435.6
1 284 333 -580.8
1 289 371 -1597.2
1 290 371 -1452.0
1 291 365 -871.2
1 296 358 -123420.0
1 297 356 -871.2
1 297 391 -1452.0
1 299 347 -290.4
1 125 93 -4501.2
1 142 117 -9147.6
1 142 169 -2178.0
1 145 116 -2904.0
1 146 146 -2178.0
1 152 213 -3194.4
1 155 116 -2323.2
1 161 185 -11906.4
1 163 186 -871.2
1 166 203 -290.4
1 183 232 -3630.0
1 192 232 -1887.6
1 193 235 -3049.2
1 201 310 -145.2
1 211 195 -1161.6
1 215 261 -2178.0
1 221 339 -2468.4
1 222 324 -1161.6
1 226 354 -1597.2
1 230 358 -726.0
1 232 347 -1016.4
1 233 341 -1161.6
1 242 618 -726.0
1 248 344 -2178.0
1 263 345 -2904.0
1 263 427 -145.2
1 263 570 -9873.6
1 264 348 -726.0
1 265 414 -145.2
1 268 366 -145.2
1 286 302 -145.2
1 292 360 -726.0
1 293 357 -1161.6
1 297 439 -1279580.0
1 145 166 -1597.2
1 150 121 -4065.6
1 150 127 -1161.6
1 152 118 -7114.8
1 185 168 -2758.8
1 224 257 -4646.4
1 230 223 -24103.2
1 260 332 -290.4
1 260 337 -145.2
1 276 358 -1452.0
1 281 445 -435.6
1 137 168 -5372.4
1 149 213 -7840.8
1 189 195 -145.2
1 192 197 -10744.8
1 202 228 -580.8
1 210 253 -1742.4
1 217 236 -1597.2
1 245 324 -145.2
1 270 480 -145.2
1 291 354 -145.2
1 145 131 -3775.2
1 148 166 -4356.0
1 151 118 -2032.8
1 153 116 -1161.6
1 158 114 -871.2
1 188 197 -3775.2
1 188 204 -4065.6
1 206 169 -580.8
1 206 281 -871.2
1 211 266 -37305.8
1 213 276 -18006.8
1 214 274 -21081.4
1 220 278 -103484.0
1 232 398 -145.2
1 233 375 -1452.0
1 239 385 -2211.02
1 239 406 -280.78
1 239 416 -6.6
1 241 238 -871.2
1 245 408 -4936.8
1 246 320 -435.6
1 248 454 -580.8
1 259 351 -3961.48
1 265 360 -23178.3
1 269 360 -7111.81
1 272 360 -2032.8
1 273 521 -10454.4
1 274 327 -580.8
1 274 521 -1452.0
1 275 465 -178.07
1 280 371 -290.4
1 290 322 -3194.4
1 294 354 -114247.0
1 147 183 -2758.8
1 205 310 -145.2
1 173 183 -45157.2
1 257 342 -580.8
1 201 251 -1887.6
1 201 301 -435.6
1 251 286 -290.4
1 261 570 -9873.6
1 264 441 -145.2
1 135 160 -2032.8
1 136 173 -871.2
1 144 189 -2613.6
1 161 179 -12922.8
1 164 169 -1161.6
1 204 300 -42.45
1 225 242 -1597.2
1 226 375 -31861.1
1 235 420 -6969.6
1 238 302 -871.2
1 242 355 -178.07
1 245 406 -1016.4
1 247 591 -1306.8
1 248 590 -1306.8
1 248 593 -1306.8
1 251 614 -1444.38
1 255 333 -871.2
1 256 443 -192.69
1 258 339 -1346.61
1 258 416 -381.84
1 270 476 -1161.6
1 273 477 -4356.0
1 273 523 -100188.0
1 275 479 -13068.0
1 280 458 -961.8
1 297 388 -1188.1
1 298 384 -130.78
1 204 299 -145.2
1 221 300 -290.4
1 140 116 -1016.4
1 134 167 -4356.0
1 160 117 -2032.8
1 197 298 -26.89
1 226 330 -17534.5
1 237 406 -2529.74
1 244 430 -1016.4
1 247 342 -124.53
1 253 427 -1421.83
1 253 443 -564.63
1 254 398 -231.84
1 254 442 -2623.61
1 254 444 -438.21
1 254 445 -48.47
1 256 445 -1221.0
1 259 345 -145.2
1 261 369 -1938.82
1 262 555 -145.2
1 263 448 -145.2
1 270 319 -16413.0
1 271 364 -1452.0
1 271 471 -290.4
1 271 489 -19616.5
1 275 371 -145.2
1 277 386 -435.6
1 289 321 -1597.2
1 262 394 -360342.0
1 167 168 -3049.2
1 157 122 -435.6
1 169 201 -3775.2
1 199 297 -155.78
1 212 315 -199.06
1 214 287 -344.23
1 224 372 -2032.8
1 247 343 -55.66
1 247 590 -1306.8
1 255 446 -599.06
1 261 524 -42846.6
1 261 525 -42846.6
1 268 567 -9873.6
1 276 386 -435.6
1 278 371 -145.2
1 281 446 -1161.6
1 284 406 -1597.2
1 291 458 -159.44
1 295 390 -6679.2
1 297 387 -726.0
1 257 443 -1627.49
1 162 205 -3194.4
1 244 330 -435.6
1 248 343 -185.5
1 249 589 -1306.8
1 254 394 -27.36
1 261 362 -16407.6
1 282 451 -871.2
1 134 173 -871.2
1 145 139 -145.2
1 150 115 -2468.4
1 206 299 -12.62
1 239 305 -1240.58
1 261 461 -145.2
1 233 400 -38042.4
1 268 360 -726.0
1 117 117 -871.2
1 178 182 -435.6
1 183 311 -2731.28
1 185 196 -4210.8
1 201 309 -145.2
1 220 175 -3920.4
1 244 355 -12178.3
1 245 261 -18505.9
1 259 512 -290.4
1 260 541 -145.2
1 262 563 -9873.6
1 269 319 -16413.0
1 269 429 -1827.97
1 271 512 -290.4
1 290 355 -16328.4
1 264 474 -145.2
1 275 383 -1161.6
