1 62 1 3798.3
1 61 2 3770.7
1 60 3 3749.7
1 59 4 3733.5
1 58 5 3721.5
1 57 6 3713.4
1 56 7 3709.2
1 55 8 3709.0
1 54 9 3713.4
1 53 10 3722.5
1 52 11 3736.7
1 51 12 3755.5
1 49 13 3767.8
1 50 13 3777.1
1 48 14 3789.3
1 47 15 3784.5
1 46 16 3776.7
1 45 17 3766.9
1 45 18 3767.6
1 45 19 3768.3
1 44 20 3756.4
1 44 21 3756.2
1 44 22 3755.5
1 44 23 3754.2
1 44 24 3752.2
1 44 25 3749.4
1 44 26 3745.6
1 44 27 3740.7
1 44 28 3734.5
1 44 29 3727.0
1 44 30 3717.9
1 44 31 3707.0
1 44 32 3694.2
1 44 33 3679.1
1 44 34 3661.5
1 44 35 3641.1
1 44 36 3617.4
1 44 37 3589.8
1 44 38 3557.8
1 44 39 3520.3
1 44 40 3476.1
1 44 41 3422.8
1 43 42 3304.0
1 43 43 3265.0
1 43 44 3203.3
1 42 45 3052.1
1 42 46 2997.6
1 40 47 2765.7
1 41 47 2812.0
1 40 48 2729.6
1 40 49 2663.5
1 40 50 2567.6
1 35 78 4859.7
1 35 79 4888.1
1 34 80 4945.1
1 33 81 5025.5
1 32 82 5089.1
1 31 83 5102.5
1 30 84 5114.2
1 29 85 5123.1
1 28 86 5145.4
1 27 87 5164.2
1 26 88 5190.3
1 25 89 5217.8
1 25 90 5254.2
1 24 91 5241.3
1 24 92 5256.5
1 24 93 5293.6
1 24 94 5330.6
1 23 95 5345.7
1 23 96 5386.0
1 23 97 5422.3
1 22 98 5430.3
1 22 99 5471.4
1 22 100 5508.4
1 22 101 5545.7
1 21 102 5566.0
1 21 103 5611.1
1 20 104 5633.2
1 20 105 5675.7
1 19 106 5707.7
1 19 107 5752.1
1 18 108 5788.7
1 18 109 5828.5
1 17 110 5747.7
1 17 111 5758.8
1 17 112 5868.1
1 65 109 6030.5
1 66 109 6027.0
1 67 109 5976.4
1 68 109 5941.6
1 69 109 5951.1
1 62 110 5964.5
1 63 110 6002.2
1 64 110 6023.1
1 70 110 6040.0
1 60 111 5859.4
1 61 111 5880.9
1 71 111 6106.0
1 37 112 5647.1
1 38 112 5707.3
1 39 112 5768.9
1 40 112 5814.4
1 41 112 5851.4
1 42 112 5873.4
1 43 112 5884.6
1 44 112 5893.7
1 45 112 5900.9
1 46 112 5910.4
1 47 112 5919.3
1 48 112 5936.9
1 55 112 5739.6
1 56 112 5761.3
1 57 112 5778.4
1 58 112 5795.2
1 59 112 5810.1
1 72 112 6143.0
1 16 113 5956.8
1 33 113 5631.7
1 34 113 5615.1
1 35 113 5599.2
1 36 113 5578.7
1 49 113 5930.6
1 50 113 5908.4
1 51 113 5855.3
1 52 113 5800.7
1 53 113 5744.1
1 54 113 5707.4
1 73 113 6175.3
1 16 114 6015.9
1 29 114 5721.3
1 30 114 5696.1
1 31 114 5668.3
1 32 114 5633.3
1 74 114 6198.4
1 75 114 6202.5
1 16 115 6072.6
1 25 115 5833.0
1 26 115 5810.2
1 27 115 5781.0
1 28 115 5741.0
1 76 115 6234.3
1 16 116 6127.9
1 21 116 5975.7
1 22 116 5990.6
1 23 116 5903.4
1 24 116 5863.2
1 77 116 6249.5
1 78 116 6247.6
1 79 116 6260.2
1 16 117 6182.1
1 20 117 6023.7
1 80 117 6281.1
1 81 117 6279.2
1 82 117 6258.6
1 83 117 6231.1
1 84 117 6202.0
1 16 118 6219.5
1 17 118 6185.7
1 18 118 6138.6
1 19 118 6085.1
1 85 118 6131.5
1 85 119 6089.7
1 86 120 6072.5
1 86 121 6095.2
1 86 122 6120.0
1 86 123 6137.3
1 86 124 6149.7
1 86 125 6159.3
1 86 126 6166.4
1 86 127 6170.1
1 86 128 6170.7
1 86 129 6169.0
1 86 130 6166.3
1 86 131 6162.1
1 86 132 6155.2
1 86 133 6146.5
1 86 134 6134.7
1 86 135 6118.8
1 86 136 6099.7
1 85 137 6050.6
1 85 138 6037.7
1 84 139 6032.8
1 83 140 6073.8
1 82 141 6157.7
1 82 142 6174.0
1 81 143 6226.7
1 80 144 6287.2
1 79 145 6356.2
1 78 146 6419.8
1 77 147 6487.1
1 76 148 6559.0
1 75 149 6636.4
1 75 150 6700.7
1 75 151 6761.3
1 75 152 6821.9
1 75 153 6868.8
1 76 154 6862.0
1 77 154 6849.2
1 78 154 6839.0
1 79 155 6827.7
1 80 155 6815.1
1 81 156 6797.5
1 82 157 6771.0
1 82 158 6748.6
1 83 158 6734.5
1 84 159 6704.6
1 84 160 6676.8
1 84 161 6652.4
1 84 162 6628.5
1 85 163 6603.4
1 86 164 6574.0
1 87 165 6537.0
1 88 166 6502.2
1 89 167 6468.6
1 90 168 6387.2
1 90 169 6337.2
1 91 170 6269.8
1 92 171 6198.4
1 93 172 6167.7
1 94 173 6141.2
1 94 174 6138.8
1 95 175 6123.4
1 95 176 6109.0
1 95 177 6113.7
1 95 178 6120.7
1 95 179 6126.0
1 96 180 5954.7
1 97 181 5971.7
1 98 182 5989.2
1 99 183 6006.7
1 100 184 6022.5
1 101 185 6037.9
1 102 185 6046.3
1 103 185 6061.9
1 104 186 6096.3
1 105 186 6097.4
1 106 187 6100.6
1 107 188 6096.4
1 108 189 5914.1
1 108 190 5916.1
1 108 191 5917.1
1 108 192 5916.7
1 108 193 5912.5
1 107 194 5707.4
1 107 195 5703.4
1 107 196 5695.6
1 107 197 5685.3
1 107 198 5673.3
1 106 199 5634.9
1 106 200 5622.0
1 105 201 5576.1
1 105 202 5562.9
1 104 203 5522.4
1 104 204 5513.7
1 104 205 5498.7
1 104 206 5477.3
1 104 207 5444.2
1 98 208 5460.6
1 99 208 5470.7
1 100 208 5483.1
1 101 208 5496.0
1 102 208 5513.7
1 103 208 5542.4
1 97 209 5451.3
1 97 210 5450.1
1 97 211 5446.0
1 97 212 5440.7
1 96 213 5424.1
1 95 214 5416.7
1 95 215 5415.4
1 94 216 5408.0
1 94 217 5407.1
1 94 218 5406.4
1 95 219 5410.6
1 96 220 5414.1
1 97 221 5418.0
1 97 222 5416.9
1 98 223 5420.2
1 98 224 5418.8
1 99 225 5422.9
1 99 226 5421.0
1 100 227 5242.1
1 128 227 5398.5
1 129 227 5461.6
1 101 228 5248.0
1 107 228 5142.9
1 108 228 5167.8
1 109 228 5196.4
1 110 228 5228.4
1 111 228 5263.1
1 125 228 5283.4
1 126 228 5309.8
1 127 228 5318.0
1 130 228 5187.6
1 131 228 5194.1
1 132 228 5188.2
1 133 228 5189.3
1 134 228 5195.5
1 135 228 5209.9
1 136 228 5226.9
1 137 228 5240.2
1 138 228 5267.0
1 102 229 5252.8
1 106 229 5280.7
1 112 229 5117.3
1 118 229 5143.6
1 119 229 5162.0
1 120 229 5177.9
1 121 229 5192.0
1 122 229 5203.3
1 123 229 5212.7
1 124 229 5215.2
1 139 229 5340.3
1 103 230 5256.3
1 104 230 5258.9
1 105 230 5261.9
1 113 230 5133.9
1 114 230 5125.4
1 115 230 5121.1
1 116 230 5118.6
1 117 230 5110.7
1 140 230 5307.1
1 139 231 5374.7
1 137 232 5411.3
1 138 232 5410.6
1 136 233 5414.6
1 135 234 5407.4
1 133 235 5374.7
1 134 235 5388.0
1 132 236 5357.8
1 130 237 5314.5
1 131 237 5329.7
1 129 238 5303.3
1 128 239 5287.2
1 127 240 5267.3
1 127 241 5257.5
1 127 242 5244.6
1 128 243 5252.9
1 129 244 5251.2
1 129 245 5238.5
1 130 246 5234.7
1 131 246 5233.6
1 132 246 5236.5
1 133 246 5245.8
1 134 246 5263.2
1 135 246 5289.6
1 136 246 5316.8
1 137 246 5336.8
1 138 246 5358.8
1 139 247 5409.5
1 140 247 5434.0
1 141 247 5471.5
1 142 247 5514.8
1 143 248 5577.8
1 144 249 5671.3
1 144 250 5698.1
1 145 251 5749.9
1 145 252 5775.5
1 145 253 5795.8
1 146 254 5829.1
1 146 255 5826.5
1 146 256 5820.5
1 146 257 5812.6
1 146 258 5802.4
1 146 259 5790.6
1 146 260 5777.2
1 146 261 5764.9
1 146 262 5751.7
1 146 263 5738.5
1 146 264 5728.4
1 146 265 0.0
1 147 266 5482.8
1 147 267 5453.7
1 147 268 5428.8
1 147 269 5389.1
1 147 270 5356.1
1 148 271 5306.0
1 148 272 5279.2
1 148 273 5252.1
1 148 274 5230.3
1 149 274 5215.4
1 149 275 5175.8
1 149 276 5143.6
1 149 277 5091.0
1 149 278 5036.4
1 150 279 5132.7
1 150 280 5087.7
1 150 281 5046.5
1 150 282 5016.2
1 151 283 4932.5
1 151 284 4888.7
1 151 285 4855.4
1 152 286 4761.4
1 152 287 4706.8
1 152 288 4662.5
1 152 289 4628.0
1 153 290 4722.8
1 153 291 4696.3
1 153 292 4704.2
1 154 293 4715.0
1 154 294 4726.6
1 154 295 4736.1
1 154 296 4742.2
1 155 297 4760.1
1 155 298 4763.9
1 156 299 4586.8
1 157 299 4593.1
1 158 299 4602.6
1 159 299 4615.1
1 160 299 4631.1
1 161 299 4650.5
1 162 300 4681.7
1 162 301 4684.5
1 162 302 4683.6
1 162 303 4681.0
1 162 304 4678.3
1 163 305 4857.4
1 163 306 4848.4
1 163 307 4838.6
1 163 308 4829.3
1 163 309 4823.2
1 164 310 5039.4
1 165 311 5081.0
1 166 312 5152.7
1 167 313 5211.3
1 168 314 5244.2
1 168 315 5076.7
1 168 316 5081.0
1 169 316 5088.5
1 169 317 5094.3
1 170 317 5104.1
1 171 318 5105.2
1 171 319 5081.8
1 172 320 5033.9
1 172 321 4986.4
1 172 322 4938.1
1 172 323 4887.1
1 172 324 4847.4
1 173 325 4845.9
1 173 326 4849.5
1 173 327 4851.3
1 174 328 4860.7
1 174 329 4862.3
1 174 330 4863.3
1 175 331 4867.8
1 176 331 4871.8
1 177 331 4877.7
1 178 332 4887.1
1 179 333 4889.7
1 179 334 4886.6
1 179 335 4883.5
1 180 336 4881.0
1 181 337 4872.5
1 181 338 4867.8
1 187 338 4741.0
1 188 338 4762.1
1 189 338 4779.7
1 190 338 4793.4
1 182 339 4858.5
1 186 339 4873.5
1 191 339 4797.0
1 192 339 5216.0
1 182 340 4852.5
1 186 340 4857.8
1 193 340 5215.3
1 182 341 4848.9
1 186 341 4847.8
1 194 341 5215.2
1 195 341 5216.8
1 183 342 4845.3
1 184 342 4845.1
1 185 342 4844.6
1 186 342 4843.5
1 196 342 5216.5
1 196 343 5214.4
1 197 344 5213.3
1 198 345 5210.9
1 199 346 5208.8
1 200 346 5210.4
1 201 346 5212.6
1 202 346 5214.7
1 203 346 5215.5
1 204 346 4498.09
1 205 347 5199.5
1 206 347 5193.3
1 207 348 5398.8
1 207 349 5496.1
1 207 350 5637.0
1 206 351 5696.9
1 205 352 5701.7
1 205 353 5706.2
1 205 354 5711.2
1 206 355 5734.1
1 206 356 5742.3
1 207 357 5767.0
1 208 357 5784.2
1 209 358 5465.4
1 210 359 5522.7
1 211 359 5550.7
1 212 360 5470.5
1 212 361 5507.7
1 208 362 5529.9
1 209 362 5534.6
1 210 362 5541.7
1 211 362 5547.4
1 207 363 5526.1
1 206 364 5520.7
1 206 365 5522.0
1 206 366 5522.2
1 206 367 5521.4
1 206 368 5520.4
1 206 369 5519.2
1 207 369 5525.6
1 208 369 5542.1
1 209 369 5563.8
1 210 369 5588.2
1 211 369 5618.5
1 212 369 5654.9
1 213 369 5699.1
1 214 370 5595.6
1 215 370 5629.4
1 216 372 5626.7
1 214 373 5263.1
1 215 373 5351.3
1 214 374 5220.0
1 213 375 5270.2
1 212 376 5247.8
1 211 377 5194.7
1 211 378 5183.6
1 211 379 5178.1
1 211 380 5180.2
1 211 381 5189.3
1 211 382 5243.7
1 211 383 5293.5
1 212 384 45000.0
1 212 385 45000.0
1 212 386 45000.0
1 212 387 45000.0
1 212 388 45000.0
1 212 389 45000.0
1 212 390 45000.0
1 212 391 45000.0
1 212 392 45000.0
1 212 393 45000.0
1 213 394 45000.0
1 213 395 45000.0
1 213 396 45000.0
1 213 397 45000.0
1 213 398 45000.0
1 213 399 45000.0
1 213 400 45000.0
1 213 401 45000.0
1 213 402 45000.0
1 214 403 45000.0
1 214 404 45000.0
1 214 405 45000.0
1 214 406 45000.0
1 214 407 45000.0
1 214 409 45000.0
1 214 410 45000.0
1 214 411 45000.0
1 214 412 45000.0
1 214 413 45000.0
1 214 414 45000.0
1 214 415 45000.0
1 215 416 45000.0
1 215 417 45000.0
1 227 417 45000.0
1 228 417 45000.0
1 229 417 45000.0
1 216 418 45000.0
1 226 418 45000.0
1 230 418 45000.0
1 217 419 45000.0
1 218 419 45000.0
1 219 419 45000.0
1 220 419 45000.0
1 221 419 45000.0
1 222 419 45000.0
1 223 419 45000.0
1 224 419 45000.0
1 225 419 45000.0
1 229 419 45000.0
1 229 420 45000.0
1 226 421 45000.0
1 227 421 45000.0
1 228 421 45000.0
1 224 422 45000.0
1 225 422 45000.0
1 224 423 45000.0
1 224 424 45000.0
1 225 424 45000.0
1 226 424 45000.0
1 227 424 45000.0
1 228 424 45000.0
1 229 425 45000.0
1 229 426 45000.0
1 229 427 45000.0
1 229 428 45000.0
1 229 429 45000.0
1 228 430 45000.0
1 228 431 45000.0
1 228 432 45000.0
1 228 433 45000.0
1 228 434 45000.0
1 228 435 45000.0
1 229 435 45000.0
1 230 436 45000.0
1 230 437 45000.0
1 230 438 45000.0
1 230 439 45000.0
1 230 440 45000.0
1 230 441 45000.0
1 230 442 45000.0
1 230 443 45000.0
1 230 444 45000.0
1 230 445 45000.0
1 230 446 45000.0
1 230 447 45000.0
1 230 448 45000.0
1 230 449 45000.0
1 230 450 45000.0
1 230 451 45000.0
1 230 452 45000.0
1 230 453 45000.0
1 230 454 45000.0
1 230 455 45000.0
1 230 456 45000.0
1 231 457 45000.0
1 231 458 45000.0
1 231 459 45000.0
1 231 460 45000.0
1 232 461 45000.0
1 232 462 45000.0
1 232 463 45000.0
1 232 464 45000.0
1 233 464 45000.0
1 234 464 45000.0
1 235 464 45000.0
1 236 464 45000.0
1 237 464 45000.0
1 238 464 45000.0
1 239 465 45000.0
1 239 466 45000.0
1 239 467 5337.1
1 238 468 5337.1
1 238 469 5337.1
1 238 470 5337.1
1 239 471 5337.1
1 240 471 5337.1
1 241 472 5337.1
1 242 472 5337.1
1 243 472 5337.1
1 244 473 5337.1
1 245 474 5337.1
1 246 475 5337.1
1 246 476 5337.1
1 246 477 5337.1
1 246 478 5337.1
1 246 479 5337.1
1 246 480 5337.1
1 245 481 5337.1
1 245 482 5337.1
1 244 483 5337.1
1 243 484 5337.1
1 243 485 5337.1
1 243 486 5337.1
1 243 487 5337.1
1 243 488 5337.1
1 243 489 5337.1
1 242 490 5337.1
1 242 491 5337.1
1 241 492 5337.1
1 241 493 5337.1
1 240 494 5337.1
1 239 495 5337.1
1 238 496 5337.1
1 235 497 5337.1
1 236 497 5337.1
1 237 497 5337.1
1 233 498 5337.1
1 234 498 5337.1
1 233 499 5337.1
1 232 500 5337.1
1 231 501 5337.1
1 231 502 5337.1
1 231 503 5337.1
1 231 504 5337.1
1 231 505 5337.1
1 231 506 5337.1
1 231 507 5337.1
1 231 508 5337.1
1 231 509 5337.1
1 231 510 5337.1
1 231 511 5337.1
1 231 512 5337.1
1 231 513 5337.1
1 231 514 5337.1
1 231 515 5337.1
1 232 516 5337.1
1 232 517 5337.1
1 232 518 5337.1
1 233 519 5337.1
1 233 520 5337.1
1 233 521 5337.1
1 234 522 5337.1
1 234 523 5337.1
1 235 524 5337.1
1 235 525 5337.1
1 236 525 5337.1
1 237 525 5337.1
1 238 525 5337.1
1 239 526 5337.1
1 239 527 5337.1
1 240 528 5437.9
1 240 529 5453.1
1 241 530 5519.7
1 241 531 5549.7
1 241 532 5566.6
1 241 533 5578.1
1 241 534 5586.4
1 242 535 5064.8
1 242 536 5076.1
1 243 536 5094.1
1 244 536 5126.6
1 245 536 5155.2
1 246 537 5210.6
1 246 538 5227.7
1 247 539 5267.6
1 248 540 5303.1
1 249 540 5315.2
1 250 540 5331.6
1 251 541 5365.2
1 250 544 5398.8
1 251 544 5401.1
1 245 545 5344.2
1 246 545 5355.4
1 247 545 5374.0
1 248 545 5387.7
1 249 545 5393.2
1 243 546 5317.7
1 244 546 5321.7
1 243 547 5318.4
1 242 548 5314.5
1 242 549 5314.8
1 241 550 5308.6
1 241 551 5306.9
1 240 552 5296.5
1 239 553 5285.5
1 238 554 0.0
1 237 555 5249.9
1 236 556 5248.8
1 236 557 5248.8
1 232 558 5189.1
1 233 558 5186.1
1 234 558 5193.8
1 235 558 5197.3
1 232 559 5201.2
1 231 560 5201.4
1 231 561 5209.8
1 231 562 5216.5
1 231 563 5221.6
1 231 564 5222.9
1 230 565 5389.7
1 230 566 5382.9
1 230 567 5372.0
1 230 568 5359.6
1 215 371 5678.1
1 39 51 6043.2
1 39 52 5967.8
1 38 53 5714.5
1 38 54 5641.8
1 37 55 5375.6
1 36 56 5152.8
1 35 57 4950.0
1 35 58 4889.0
1 35 59 4787.7
1 35 60 8397.7
1 35 61 8262.3
1 35 62 8125.5
1 35 63 7985.2
1 35 64 7841.2
1 35 65 7693.4
1 35 66 7542.6
1 35 67 7395.4
1 35 68 7276.3
1 36 69 10770.0
1 36 70 10502.6
1 36 71 10250.3
1 36 72 10007.1
1 36 73 9772.1
1 36 74 9559.1
1 36 75 9377.7
1 36 76 9287.9
1 36 77 9255.2
1 230 569 5347.0
1 230 570 5333.5
1 230 571 5317.4
1 230 572 5306.0
1 230 573 5316.9
1 230 574 5332.4
1 230 575 5342.6
1 230 576 5344.7
1 230 577 5179.6
1 230 578 5212.8
1 230 579 5245.9
1 230 580 5275.3
1 230 581 5278.4
1 230 582 5283.8
1 230 583 5286.3
1 230 584 5285.4
1 230 585 5282.0
1 230 586 5277.4
1 230 587 5271.3
1 230 588 5267.4
1 229 589 5251.5
1 229 590 5242.2
1 228 591 5219.5
1 228 592 5203.8
1 228 593 5186.5
1 228 594 5164.3
1 227 595 5120.1
1 227 596 5096.9
1 227 597 5068.8
1 227 598 5035.6
1 227 599 4786.4
1 226 600 4700.2
1 226 601 4698.2
1 226 602 4696.9
1 226 603 4697.6
1 225 604 4268.5
1 224 605 4268.5
1 223 606 4290.4
1 222 607 4310.8
1 223 605 4275.0
1 114 114 -12084.4
1 117 120 -949.441
1 130 122 -668.4110000000001
1 133 112 -19110.2
1 135 194 -1652.02
1 138 201 -4356.0
1 139 168 -1826.71
1 140 168 -4496.52
1 141 191 -281.03
1 143 126 -5761.16
1 143 172 -3372.39
1 143 190 -10960.3
1 144 166 -14894.7
1 144 172 -9555.1
1 144 190 -2950.84
1 145 161 -28946.3
1 146 188 -45948.8
1 146 190 -281.03
1 147 132 -1826.71
1 147 145 -668.4110000000001
1 148 167 -34988.5
1 148 176 -668.4110000000001
1 148 196 -9695.61
1 150 128 -140.52
1 150 198 -4356.0
1 151 142 -84028.6
1 151 195 -8290.45
1 152 123 -87541.5
1 152 125 -7553.7
1 152 132 -668.4110000000001
1 153 192 -13349.0
1 154 125 -281.03
1 154 171 -2776.15
1 154 249 -8009.42
1 155 112 -12365.4
1 156 129 -96113.0
1 157 135 -4287.66
1 157 140 -14332.7
1 158 133 -7975.25
1 158 137 -9274.06
1 158 181 -31616.1
1 159 119 -52553.0
1 159 173 -21499.0
1 160 119 -1545.68
1 161 125 -562.06
1 161 129 -421.55
1 161 131 -421.55
1 161 188 -21780.0
1 162 119 -1545.68
1 162 121 -12224.9
1 162 128 -232835.0
1 162 132 -9274.06
1 162 140 -1405.16
1 162 167 -2107.74
1 162 169 -21077.4
1 163 137 -702.58
1 163 138 -1792.54
1 164 135 -9555.1
1 165 130 -16440.4
1 165 131 -421.55
1 166 126 -1686.19
1 167 259 -562.06
1 168 123 -17424.0
1 168 208 -16721.4
1 170 131 -6323.23
1 170 132 -843.1
1 171 130 -5339.61
1 171 131 -8852.52
1 171 132 -10398.2
1 172 130 -5058.58
1 174 135 -2669.81
1 175 204 -1545.68
1 176 176 -4637.03
1 176 202 -8430.97
1 177 133 -19391.2
1 177 211 -4356.0
1 178 261 -12646.5
1 179 181 -127870.0
1 179 210 -18548.1
1 180 208 -17002.4
1 183 184 -20374.8
1 184 246 -16018.8
1 187 281 -2810.32
1 188 198 -15035.2
1 188 209 -7587.87
1 188 240 -17002.4
1 188 258 -63794.3
1 189 282 -25292.9
1 191 191 -72225.3
1 191 281 -45527.2
1 193 260 -18723.9
1 197 252 -843.1
1 198 298 -693.1310000000001
1 199 211 -18126.6
1 199 231 -8993.03
1 199 298 -668.4110000000001
1 200 298 -668.4110000000001
1 201 234 -2529.29
1 203 275 -103982.0
1 203 280 -1967.23
1 204 248 -14252.1
1 205 300 -700.9910000000001
1 206 286 -14051.6
1 206 300 -1336.82
1 210 264 -1545.68
1 211 255 -26557.6
1 212 258 -42435.9
1 213 264 -140.52
1 215 260 -140.52
1 216 267 -11943.9
1 217 264 -12365.4
1 217 365 -281.03
1 218 179 -124919.0
1 219 310 -3091.35
1 221 223 -2669.81
1 221 246 -6323.23
1 221 284 -4420.48
1 222 352 -20458.3
1 222 358 -2529.29
1 222 369 -7447.35
1 223 271 -4918.06
1 224 301 -7025.81
1 224 374 -6064.68
1 226 311 -3372.39
1 226 331 -35071.8
1 226 350 -245.82
1 226 365 -1150.09
1 226 382 -9045.02
1 228 225 -13489.5
1 230 361 -18688.7
1 231 401 -668.4110000000001
1 232 256 -5058.58
1 232 364 -99.95
1 232 370 -197.16
1 233 337 -668.4110000000001
1 233 376 -2867.93
1 233 394 -1336.82
1 233 399 -65480.5
1 234 304 -3869.15
1 234 393 -692.1610000000001
1 235 367 -24808.1
1 235 400 -1405.16
1 235 605 -1815.47
1 235 609 -4842.69
1 236 263 -9133.55
1 236 351 -7868.9
1 236 609 -445.46
1 237 237 -14192.1
1 237 316 -27469.2
1 237 357 -2919.93
1 237 389 -668.4110000000001
1 238 221 -1826.71
1 238 398 -27.02
1 238 605 -3485.8
1 238 609 -1336.82
1 239 250 -3512.9
1 239 426 -421.55
1 239 605 -3342.05
1 239 606 -2005.23
1 239 619 -668.4110000000001
1 240 380 -668.4110000000001
1 240 426 -26312.6
1 240 608 -2673.64
1 241 335 -12224.9
1 241 604 -668.4110000000001
1 242 311 -6021.67
1 243 357 -15316.3
1 243 371 -668.4110000000001
1 243 389 -2107.74
1 243 422 -140.52
1 243 431 -194.05
1 243 605 -3763.6
1 244 431 -77.62
1 244 605 -4010.46
1 244 621 -3478.54
1 245 238 -17845.6
1 245 322 -3091.35
1 245 337 -668.4110000000001
1 245 370 -6359.76
1 245 621 -668.4110000000001
1 246 321 -4273.2
1 246 618 -2005.23
1 247 344 -673.971
1 247 383 -9208.02
1 247 384 -1061630.0
1 248 251 -22678.3
1 248 424 -4356.0
1 248 442 -1264.65
1 248 444 -14251.1
1 248 589 -2810.32
1 249 373 -681.7410000000001
1 249 389 -3512.9
1 249 424 -668.4110000000001
1 249 430 -27163.1
1 249 436 -5895.91
1 249 443 -2127.95
1 249 606 -3342.05
1 250 326 -2744.77
1 250 424 -668.4110000000001
1 250 425 -553072.0
1 250 431 -40061.1
1 250 595 -4534.52
1 251 300 -2810.32
1 251 356 -40582.5
1 251 408 -787.85
1 251 456 -668.4110000000001
1 251 457 -33.2
1 251 594 -668.4110000000001
1 251 595 -690.4810000000001
1 251 596 -1336.82
1 252 230 -7025.81
1 252 450 -281.03
1 252 595 -668.4110000000001
1 252 606 -668.4110000000001
1 253 298 -2388.77
1 253 331 -11552.6
1 253 332 -15316.3
1 253 416 -140.52
1 253 420 -6642.43
1 253 445 -35623.6
1 254 338 -3231.87
1 254 367 -702.58
1 254 407 -114802.0
1 254 597 -668.4110000000001
1 254 607 -2354.6
1 255 381 -14051.6
1 255 395 -2107.74
1 255 420 -5339.61
1 255 439 -15316.3
1 255 443 -90005.9
1 255 595 -668.4110000000001
1 255 596 -668.4110000000001
1 255 606 -3057.18
1 255 609 -1336.82
1 255 610 -13910.0
1 256 314 -5381.73
1 256 335 -11943.9
1 256 341 -562.06
1 256 370 -64.68
1 256 413 -421.55
1 256 586 -686642.0
1 256 593 -2673.64
1 257 238 -281.03
1 257 576 -4357.92
1 257 599 -121448.0
1 257 600 -67588.3
1 258 336 -2413.58
1 258 418 -277868.0
1 258 420 -9158.97
1 258 442 -673017.0
1 258 464 -5480.13
1 258 585 -4010.46
1 258 595 -1336.82
1 258 601 -32740.3
1 258 602 -9934.49
1 259 340 -1511.51
1 259 371 -8408.95
1 259 405 -1203.13
1 259 592 -14620.2
1 259 593 -829.201
1 260 342 -9555.1
1 260 349 -702.58
1 260 407 -1311740.0
1 260 413 -19194.7
1 260 424 -630.44
1 260 461 -983.61
1 260 463 -56206.4
1 260 464 -40609.2
1 260 585 -20328.1
1 260 586 -41774.0
1 261 337 -4777.55
1 261 381 -258042.0
1 261 395 -187912.0
1 261 416 -9976.65
1 261 418 -668.4110000000001
1 261 429 -22756.6
1 261 464 -7587.87
1 261 492 -668.4110000000001
1 261 571 -25152.4
1 261 576 -13407.6
1 262 345 -8712.0
1 262 540 -211.38
1 262 564 -21143.5
1 262 567 -33174.4
1 262 568 -20374.8
1 262 570 -182952.0
1 262 571 -2950.84
1 263 340 -3793.94
1 263 434 -1.08
1 263 471 -37798.8
1 263 477 -47916.0
1 263 520 -1341.59
1 263 574 -421.55
1 263 582 -13951.8
1 264 265 -10679.2
1 264 344 -3231.87
1 264 345 -7306.84
1 264 355 -421.55
1 264 367 -668.4110000000001
1 264 383 -43.56
1 264 407 -2950.84
1 264 428 -162552.0
1 264 468 -70.26
1 264 476 -140.52
1 264 477 -148104.0
1 264 523 -2567.29
1 264 524 -702.58
1 264 549 -2732.95
1 265 364 -15106.1
1 265 374 -117282.0
1 265 380 -30.37
1 265 422 -357789.0
1 265 523 -1763.46
1 266 337 -808.931
1 266 340 -2669.81
1 266 462 -140.52
1 267 391 -21217.9
1 267 463 -1405.16
1 267 555 -668.4110000000001
1 267 556 -668.4110000000001
1 268 333 -140.52
1 268 334 -16861.9
1 268 436 -2382680.0
1 268 455 -10.95
1 268 479 -421.55
1 268 480 -421.55
1 268 489 -914.211
1 269 363 -668.4110000000001
1 269 397 -46510.8
1 269 450 -702.58
1 269 456 -5199.1
1 269 541 -808.931
1 270 352 -19250.7
1 270 412 -156171.0
1 270 429 -562.06
1 270 481 -668.4110000000001
1 270 483 -1661.78
1 270 484 -668.4110000000001
1 270 486 -2328.63
1 270 498 -54801.3
1 270 539 -140.52
1 271 319 -47909.4
1 271 335 -281.03
1 271 371 -1264.65
1 271 415 -74002.4
1 271 485 -249.79
1 271 493 -81731.5
1 271 498 -8852.52
1 271 537 -2192.64
1 272 337 -14226.2
1 272 351 -10398.2
1 272 368 -135591.0
1 272 388 -945579.0
1 272 396 -7306.84
1 272 450 -5901.68
1 272 451 -17986.1
1 272 453 -702.58
1 272 462 -1793110.0
1 272 490 -702.58
1 272 491 -19.25
1 272 497 -45739.1
1 272 498 -51569.4
1 272 530 -45770.3
1 272 532 -129221.0
1 272 535 -691.34
1 273 363 -983.61
1 273 392 -509.65
1 273 480 -3091.35
1 273 510 -1792.54
1 273 516 -13421.1
1 273 517 -169887.0
1 273 518 -217.38
1 274 520 -38641.9
1 275 367 -2248.26
1 275 441 -201214.0
1 275 506 -421.55
1 276 366 -66885.7
1 276 392 -281.03
1 276 446 -3512.9
1 276 474 -18612.0
1 277 294 -33907.5
1 277 390 -5058.58
1 277 407 -982023.0
1 277 431 -2583.06
1 277 472 -46367.5
1 277 480 -50389.2
1 277 482 -140.52
1 278 365 -7587.87
1 278 435 -137.99
1 278 482 -4918.06
1 279 310 -23963.7
1 279 336 -281.03
1 279 433 -186023.0
1 279 438 -404121.0
1 279 475 -63537.2
1 279 485 -14613.7
1 280 365 -9976.65
1 280 442 -7728.39
1 280 469 -10136.8
1 280 471 -36931.9
1 281 458 -72205.9
1 282 409 -5058.58
1 282 424 -1405.16
1 282 430 -421.55
1 282 436 -12328.8
1 282 454 -1121.19
1 283 354 -1826.71
1 283 429 -252648.0
1 283 449 -17591.6
1 283 452 -88574.3
1 283 455 -10578.0
1 283 468 -33854.6
1 284 339 -38469.2
1 284 457 -3934.45
1 284 463 -85068.5
1 285 336 -998.36
1 285 374 -983.61
1 285 467 -190939.0
1 285 475 -64727.4
1 286 330 -46909.0
1 286 425 -2441.25
1 286 475 -28443.8
1 286 477 -35321.9
1 287 329 -386.95
1 287 388 -9223.44
1 287 426 -668.4110000000001
1 287 477 -36003.2
1 288 419 -10679.2
1 288 423 -499.79
1 288 426 -668.4110000000001
1 289 351 -421.55
1 289 404 -167402.0
1 289 459 -7180.37
1 289 468 -1953.46
1 290 382 -4293.67
1 290 402 -53.4
1 290 411 -1264.65
1 290 412 -19531.7
1 290 413 -843.1
1 291 350 -421.55
1 291 355 -30440.2
1 291 373 -983.61
1 292 361 -6604.26
1 292 365 -17002.4
1 292 416 -983.61
1 292 469 -2626.18
1 294 435 -702.58
1 294 447 -25157.8
1 294 458 -59875.0
1 295 391 -20936.9
1 295 430 -572636.0
1 296 388 -1545.01
1 296 398 -176981.0
1 296 433 -35972.1
1 297 381 -2248.26
1 297 383 -2529.29
1 297 395 -187583.0
1 297 401 -1530.22
1 297 402 -2225.78
1 297 413 -671927.0
1 297 415 -125059.0
1 297 442 -25355.7
1 299 354 -843.1
1 299 387 -76.73
1 102 110 -668.4110000000001
1 102 113 -668.4110000000001
1 103 100 -668.4110000000001
1 103 104 -668.4110000000001
1 104 115 -668.4110000000001
1 105 115 -668.4110000000001
1 105 139 -668.4110000000001
1 108 117 -668.4110000000001
1 109 112 -668.4110000000001
1 111 155 -668.4110000000001
1 111 208 -668.4110000000001
1 112 181 -668.4110000000001
1 113 111 -668.4110000000001
1 113 159 -668.4110000000001
1 113 211 -668.4110000000001
1 114 173 -668.4110000000001
1 114 212 -1336.82
1 115 212 -1336.82
1 116 121 -668.4110000000001
1 116 150 -668.4110000000001
1 116 166 -668.4110000000001
1 117 119 -668.4110000000001
1 117 168 -668.4110000000001
1 117 210 -668.4110000000001
1 119 194 -668.4110000000001
1 119 202 -668.4110000000001
1 119 96 -668.4110000000001
1 120 155 -668.4110000000001
1 120 94 -668.4110000000001
1 121 187 -668.4110000000001
1 123 110 -668.4110000000001
1 123 111 -668.4110000000001
1 123 158 -668.4110000000001
1 123 168 -668.4110000000001
1 123 193 -668.4110000000001
1 123 202 -1336.82
1 125 150 -668.4110000000001
1 125 151 -668.4110000000001
1 125 193 -668.4110000000001
1 125 194 -668.4110000000001
1 126 121 -668.4110000000001
1 126 191 -668.4110000000001
1 126 195 -668.4110000000001
1 127 150 -668.4110000000001
1 127 160 -668.4110000000001
1 127 169 -668.4110000000001
1 127 195 -668.4110000000001
1 127 199 -1336.82
1 128 122 -668.4110000000001
1 128 148 -668.4110000000001
1 128 149 -668.4110000000001
1 128 152 -668.4110000000001
1 128 153 -668.4110000000001
1 128 154 -668.4110000000001
1 128 157 -668.4110000000001
1 128 199 -668.4110000000001
1 129 117 -668.4110000000001
1 129 119 -668.4110000000001
1 129 122 -668.4110000000001
1 129 146 -668.4110000000001
1 129 154 -1336.82
1 129 162 -668.4110000000001
1 129 176 -668.4110000000001
1 130 120 -668.4110000000001
1 130 154 -668.4110000000001
1 130 155 -668.4110000000001
1 130 156 -2005.23
1 130 194 -668.4110000000001
1 131 112 -668.4110000000001
1 131 121 -668.4110000000001
1 131 122 -668.4110000000001
1 131 150 -668.4110000000001
1 131 156 -668.4110000000001
1 131 157 -668.4110000000001
1 131 158 -668.4110000000001
1 131 161 -1336.82
1 131 198 -668.4110000000001
1 132 112 -668.4110000000001
1 132 155 -668.4110000000001
1 132 156 -668.4110000000001
1 132 160 -668.4110000000001
1 132 161 -1336.82
1 133 155 -668.4110000000001
1 133 159 -668.4110000000001
1 133 160 -1336.82
1 133 192 -1336.82
1 133 193 -668.4110000000001
1 134 148 -668.4110000000001
1 134 150 -668.4110000000001
1 134 151 -668.4110000000001
1 134 156 -668.4110000000001
1 134 191 -668.4110000000001
1 134 193 -2673.64
1 135 148 -3342.05
1 135 149 -1336.82
1 135 156 -668.4110000000001
1 135 157 -668.4110000000001
1 135 193 -2005.23
1 136 147 -668.4110000000001
1 136 148 -668.4110000000001
1 136 149 -668.4110000000001
1 136 150 -1336.82
1 136 153 -668.4110000000001
1 136 155 -668.4110000000001
1 137 148 -668.4110000000001
1 137 150 -668.4110000000001
1 137 153 -1336.82
1 137 154 -668.4110000000001
1 137 157 -2005.23
1 137 175 -668.4110000000001
1 137 206 -668.4110000000001
1 138 151 -668.4110000000001
1 138 152 -668.4110000000001
1 138 153 -2005.23
1 138 168 -668.4110000000001
1 138 169 -668.4110000000001
1 139 151 -668.4110000000001
1 140 138 -668.4110000000001
1 140 155 -2673.64
1 140 156 -668.4110000000001
1 140 171 -668.4110000000001
1 140 180 -668.4110000000001
1 141 149 -668.4110000000001
1 141 154 -1336.82
1 141 157 -668.4110000000001
1 141 171 -668.4110000000001
1 141 199 -1336.82
1 142 155 -668.4110000000001
1 142 156 -668.4110000000001
1 142 157 -668.4110000000001
1 142 158 -668.4110000000001
1 142 174 -668.4110000000001
1 142 179 -668.4110000000001
1 142 201 -668.4110000000001
1 143 146 -668.4110000000001
1 143 157 -2005.23
1 144 142 -1336.82
1 144 173 -668.4110000000001
1 145 142 -668.4110000000001
1 145 143 -668.4110000000001
1 145 151 -668.4110000000001
1 145 187 -668.4110000000001
1 145 226 -668.4110000000001
1 146 140 -668.4110000000001
1 146 141 -1336.82
1 146 145 -668.4110000000001
1 146 208 -668.4110000000001
1 146 229 -668.4110000000001
1 146 230 -668.4110000000001
1 146 232 -668.4110000000001
1 147 139 -2005.23
1 147 140 -668.4110000000001
1 147 141 -668.4110000000001
1 147 142 -668.4110000000001
1 147 229 -668.4110000000001
1 147 230 -668.4110000000001
1 147 233 -668.4110000000001
1 147 239 -668.4110000000001
1 147 240 -668.4110000000001
1 148 217 -668.4110000000001
1 148 221 -668.4110000000001
1 149 127 -668.4110000000001
1 149 147 -668.4110000000001
1 149 154 -668.4110000000001
1 149 222 -668.4110000000001
1 149 253 -668.4110000000001
1 150 160 -668.4110000000001
1 150 164 -668.4110000000001
1 150 177 -668.4110000000001
1 150 227 -668.4110000000001
1 150 236 -668.4110000000001
1 151 128 -668.4110000000001
1 151 228 -668.4110000000001
1 152 153 -668.4110000000001
1 152 173 -668.4110000000001
1 152 176 -668.4110000000001
1 152 222 -668.4110000000001
1 152 228 -668.4110000000001
1 153 126 -668.4110000000001
1 153 136 -668.4110000000001
1 153 155 -668.4110000000001
1 153 232 -668.4110000000001
1 153 238 -668.4110000000001
1 153 253 -668.4110000000001
1 154 126 -668.4110000000001
1 154 133 -668.4110000000001
1 154 161 -668.4110000000001
1 154 172 -668.4110000000001
1 154 220 -668.4110000000001
1 154 244 -668.4110000000001
1 155 170 -1336.82
1 155 216 -668.4110000000001
1 155 262 -668.4110000000001
1 156 160 -668.4110000000001
1 156 211 -668.4110000000001
1 156 223 -668.4110000000001
1 157 132 -668.4110000000001
1 157 133 -668.4110000000001
1 157 134 -2005.23
1 157 136 -668.4110000000001
1 157 194 -668.4110000000001
1 157 207 -668.4110000000001
1 157 240 -668.4110000000001
1 158 135 -668.4110000000001
1 158 248 -668.4110000000001
1 159 152 -668.4110000000001
1 159 231 -668.4110000000001
1 159 240 -668.4110000000001
1 159 247 -668.4110000000001
1 159 248 -668.4110000000001
1 159 250 -668.4110000000001
1 159 251 -668.4110000000001
1 159 257 -668.4110000000001
1 160 133 -668.4110000000001
1 160 249 -1336.82
1 160 251 -1336.82
1 160 252 -668.4110000000001
1 160 253 -668.4110000000001
1 160 262 -668.4110000000001
1 161 144 -1336.82
1 161 251 -668.4110000000001
1 161 253 -668.4110000000001
1 162 137 -1336.82
1 162 252 -1336.82
1 162 253 -668.4110000000001
1 163 152 -668.4110000000001
1 163 190 -668.4110000000001
1 163 236 -668.4110000000001
1 164 278 -668.4110000000001
1 164 290 -668.4110000000001
1 164 299 -668.4110000000001
1 165 133 -1336.82
1 165 134 -1336.82
1 165 135 -668.4110000000001
1 165 290 -668.4110000000001
1 166 131 -668.4110000000001
1 166 132 -668.4110000000001
1 166 133 -1336.82
1 166 134 -668.4110000000001
1 166 135 -668.4110000000001
1 166 210 -668.4110000000001
1 166 254 -668.4110000000001
1 166 255 -668.4110000000001
1 167 127 -668.4110000000001
1 167 132 -1336.82
1 167 133 -1336.82
1 167 134 -2005.23
1 167 256 -668.4110000000001
1 167 288 -668.4110000000001
1 167 294 -668.4110000000001
1 168 130 -668.4110000000001
1 168 131 -668.4110000000001
1 168 132 -2673.64
1 168 133 -2673.64
1 168 286 -668.4110000000001
1 168 287 -1336.82
1 168 291 -1336.82
1 169 128 -1336.82
1 169 129 -2673.64
1 169 131 -668.4110000000001
1 169 132 -3342.05
1 169 133 -2005.23
1 169 134 -6015.7
1 169 135 -668.4110000000001
1 169 236 -668.4110000000001
1 169 260 -668.4110000000001
1 169 271 -668.4110000000001
1 169 287 -668.4110000000001
1 169 290 -668.4110000000001
1 170 133 -2005.23
1 170 134 -8020.93
1 170 136 -668.4110000000001
1 170 187 -668.4110000000001
1 170 256 -668.4110000000001
1 170 287 -668.4110000000001
1 170 292 -668.4110000000001
1 171 133 -1336.82
1 171 134 -668.4110000000001
1 171 136 -3342.05
1 171 290 -668.4110000000001
1 172 257 -668.4110000000001
1 172 284 -668.4110000000001
1 172 295 -1336.82
1 172 311 -668.4110000000001
1 173 258 -668.4110000000001
1 173 278 -668.4110000000001
1 173 290 -668.4110000000001
1 173 292 -668.4110000000001
1 173 293 -1336.82
1 173 294 -668.4110000000001
1 174 124 -668.4110000000001
1 174 253 -668.4110000000001
1 174 261 -668.4110000000001
1 174 270 -668.4110000000001
1 174 283 -668.4110000000001
1 174 289 -668.4110000000001
1 174 293 -668.4110000000001
1 175 260 -668.4110000000001
1 175 288 -668.4110000000001
1 175 292 -1336.82
1 175 293 -668.4110000000001
1 175 296 -668.4110000000001
1 175 305 -668.4110000000001
1 176 274 -668.4110000000001
1 176 305 -668.4110000000001
1 177 289 -668.4110000000001
1 177 290 -668.4110000000001
1 178 243 -668.4110000000001
1 178 280 -668.4110000000001
1 178 285 -668.4110000000001
1 178 302 -668.4110000000001
1 178 305 -668.4110000000001
1 178 306 -668.4110000000001
1 178 311 -668.4110000000001
1 179 278 -668.4110000000001
1 179 285 -668.4110000000001
1 180 149 -668.4110000000001
1 180 286 -668.4110000000001
1 181 297 -668.4110000000001
1 181 307 -668.4110000000001
1 181 308 -668.4110000000001
1 183 242 -668.4110000000001
1 183 285 -668.4110000000001
1 183 295 -668.4110000000001
1 183 308 -668.4110000000001
1 183 309 -668.4110000000001
1 183 318 -668.4110000000001
1 184 263 -668.4110000000001
1 184 285 -668.4110000000001
1 184 313 -668.4110000000001
1 184 319 -668.4110000000001
1 185 257 -668.4110000000001
1 185 305 -668.4110000000001
1 185 306 -668.4110000000001
1 185 307 -668.4110000000001
1 185 315 -668.4110000000001
1 186 255 -668.4110000000001
1 186 265 -668.4110000000001
1 186 307 -1336.82
1 186 310 -668.4110000000001
1 188 262 -668.4110000000001
1 188 294 -668.4110000000001
1 188 295 -668.4110000000001
1 189 295 -668.4110000000001
1 189 309 -668.4110000000001
1 190 307 -668.4110000000001
1 190 308 -668.4110000000001
1 190 324 -668.4110000000001
1 191 292 -1336.82
1 191 304 -668.4110000000001
1 191 305 -668.4110000000001
1 192 258 -668.4110000000001
1 192 284 -668.4110000000001
1 192 304 -668.4110000000001
1 192 316 -668.4110000000001
1 192 319 -668.4110000000001
1 193 262 -668.4110000000001
1 193 301 -668.4110000000001
1 193 311 -668.4110000000001
1 193 313 -1336.82
1 194 284 -668.4110000000001
1 194 313 -668.4110000000001
1 195 269 -668.4110000000001
1 195 287 -668.4110000000001
1 195 289 -668.4110000000001
1 195 300 -668.4110000000001
1 195 311 -668.4110000000001
1 195 313 -668.4110000000001
1 196 269 -668.4110000000001
1 196 275 -668.4110000000001
1 196 303 -668.4110000000001
1 196 324 -668.4110000000001
1 196 333 -668.4110000000001
1 197 264 -668.4110000000001
1 197 283 -668.4110000000001
1 197 300 -668.4110000000001
1 197 322 -668.4110000000001
1 197 325 -668.4110000000001
1 198 242 -668.4110000000001
1 198 276 -1336.82
1 198 309 -668.4110000000001
1 198 311 -668.4110000000001
1 199 283 -668.4110000000001
1 199 311 -668.4110000000001
1 199 324 -668.4110000000001
1 200 280 -668.4110000000001
1 200 286 -668.4110000000001
1 200 296 -668.4110000000001
1 200 299 -668.4110000000001
1 200 306 -668.4110000000001
1 200 307 -668.4110000000001
1 200 312 -668.4110000000001
1 200 343 -668.4110000000001
1 200 345 -668.4110000000001
1 201 257 -668.4110000000001
1 202 280 -668.4110000000001
1 202 287 -668.4110000000001
1 202 297 -668.4110000000001
1 202 301 -668.4110000000001
1 202 302 -668.4110000000001
1 203 215 -668.4110000000001
1 203 304 -668.4110000000001
1 203 305 -668.4110000000001
1 203 309 -668.4110000000001
1 203 315 -668.4110000000001
1 205 263 -668.4110000000001
1 205 303 -668.4110000000001
1 205 304 -668.4110000000001
1 205 317 -668.4110000000001
1 205 318 -668.4110000000001
1 205 319 -668.4110000000001
1 206 264 -668.4110000000001
1 206 270 -668.4110000000001
1 206 301 -668.4110000000001
1 206 304 -668.4110000000001
1 206 315 -668.4110000000001
1 206 317 -1336.82
1 207 262 -668.4110000000001
1 207 300 -668.4110000000001
1 207 301 -1336.82
1 207 303 -668.4110000000001
1 207 304 -668.4110000000001
1 207 306 -1336.82
1 207 315 -668.4110000000001
1 207 317 -668.4110000000001
1 208 298 -1336.82
1 208 299 -1336.82
1 208 306 -668.4110000000001
1 208 317 -668.4110000000001
1 208 328 -668.4110000000001
1 209 284 -668.4110000000001
1 209 297 -668.4110000000001
1 209 302 -668.4110000000001
1 210 284 -668.4110000000001
1 210 301 -668.4110000000001
1 210 302 -668.4110000000001
1 210 342 -668.4110000000001
1 211 301 -668.4110000000001
1 211 321 -668.4110000000001
1 212 295 -668.4110000000001
1 212 347 -668.4110000000001
1 213 226 -668.4110000000001
1 213 287 -668.4110000000001
1 213 303 -668.4110000000001
1 213 329 -668.4110000000001
1 214 319 -668.4110000000001
1 215 289 -668.4110000000001
1 215 311 -668.4110000000001
1 215 353 -668.4110000000001
1 216 323 -668.4110000000001
1 216 341 -668.4110000000001
1 217 244 -668.4110000000001
1 217 249 -668.4110000000001
1 217 351 -668.4110000000001
1 218 209 -668.4110000000001
1 218 243 -668.4110000000001
1 218 292 -668.4110000000001
1 218 345 -1336.82
1 221 240 -668.4110000000001
1 221 611 -668.4110000000001
1 222 254 -668.4110000000001
1 222 362 -668.4110000000001
1 224 338 -668.4110000000001
1 224 359 -668.4110000000001
1 225 323 -668.4110000000001
1 225 329 -668.4110000000001
1 225 332 -668.4110000000001
1 225 368 -668.4110000000001
1 225 373 -668.4110000000001
1 225 378 -668.4110000000001
1 225 382 -1336.82
1 226 323 -668.4110000000001
1 226 388 -1336.82
1 226 618 -668.4110000000001
1 227 315 -668.4110000000001
1 228 606 -668.4110000000001
1 229 385 -1336.82
1 229 392 -668.4110000000001
1 229 393 -668.4110000000001
1 229 397 -2673.64
1 229 618 -3342.05
1 230 338 -668.4110000000001
1 230 373 -1336.82
1 230 384 -668.4110000000001
1 230 392 -1336.82
1 230 393 -2673.64
1 230 396 -668.4110000000001
1 230 605 -668.4110000000001
1 231 343 -668.4110000000001
1 231 383 -668.4110000000001
1 231 392 -3342.05
1 231 393 -7352.52
1 231 398 -668.4110000000001
1 231 603 -668.4110000000001
1 231 607 -1336.82
1 232 259 -668.4110000000001
1 232 300 -668.4110000000001
1 232 384 -668.4110000000001
1 232 389 -668.4110000000001
1 232 393 -4010.46
1 232 394 -2673.64
1 232 405 -668.4110000000001
1 232 604 -1336.82
1 232 606 -1336.82
1 232 607 -2005.23
1 232 608 -668.4110000000001
1 233 373 -668.4110000000001
1 233 393 -668.4110000000001
1 233 403 -668.4110000000001
1 233 406 -2673.64
1 233 601 -1336.82
1 233 602 -668.4110000000001
1 234 374 -668.4110000000001
1 234 388 -668.4110000000001
1 234 389 -668.4110000000001
1 234 406 -2005.23
1 234 407 -1336.82
1 234 601 -668.4110000000001
1 234 602 -1336.82
1 234 603 -2005.23
1 234 604 -668.4110000000001
1 234 605 -1336.82
1 234 606 -668.4110000000001
1 234 609 -668.4110000000001
1 234 620 -668.4110000000001
1 234 621 -668.4110000000001
1 235 342 -668.4110000000001
1 235 368 -668.4110000000001
1 235 389 -668.4110000000001
1 235 392 -668.4110000000001
1 235 404 -668.4110000000001
1 235 406 -668.4110000000001
1 235 599 -668.4110000000001
1 235 600 -1336.82
1 235 602 -2005.23
1 235 603 -668.4110000000001
1 235 606 -668.4110000000001
1 235 608 -668.4110000000001
1 236 256 -668.4110000000001
1 236 359 -668.4110000000001
1 236 377 -1336.82
1 236 378 -668.4110000000001
1 236 389 -1336.82
1 236 600 -668.4110000000001
1 236 601 -668.4110000000001
1 236 602 -1336.82
1 236 605 -668.4110000000001
1 236 606 -668.4110000000001
1 236 607 -668.4110000000001
1 236 620 -668.4110000000001
1 237 330 -668.4110000000001
1 237 377 -668.4110000000001
1 237 384 -668.4110000000001
1 237 388 -668.4110000000001
1 237 605 -1336.82
1 237 606 -2005.23
1 237 607 -1336.82
1 237 608 -3342.05
1 237 609 -2005.23
1 237 620 -668.4110000000001
1 238 346 -668.4110000000001
1 238 391 -668.4110000000001
1 238 410 -668.4110000000001
1 238 602 -668.4110000000001
1 238 603 -668.4110000000001
1 238 606 -3342.05
1 238 607 -4010.46
1 238 608 -2673.64
1 238 610 -668.4110000000001
1 239 297 -668.4110000000001
1 239 323 -668.4110000000001
1 239 404 -668.4110000000001
1 239 601 -668.4110000000001
1 239 603 -668.4110000000001
1 239 607 -1336.82
1 239 608 -2673.64
1 239 609 -2005.23
1 239 610 -1336.82
1 239 615 -1336.82
1 240 267 -668.4110000000001
1 240 319 -668.4110000000001
1 240 327 -668.4110000000001
1 240 352 -668.4110000000001
1 240 374 -1336.82
1 240 392 -1336.82
1 240 396 -668.4110000000001
1 240 406 -668.4110000000001
1 240 603 -668.4110000000001
1 240 605 -2005.23
1 240 606 -2673.64
1 240 607 -1336.82
1 240 620 -1336.82
1 240 621 -668.4110000000001
1 241 339 -668.4110000000001
1 241 352 -668.4110000000001
1 241 370 -1336.82
1 241 375 -668.4110000000001
1 241 409 -668.4110000000001
1 241 577 -668.4110000000001
1 241 603 -1336.82
1 241 605 -2005.23
1 241 606 -1336.82
1 241 607 -1336.82
1 241 608 -1336.82
1 241 609 -3342.05
1 241 610 -668.4110000000001
1 241 611 -668.4110000000001
1 241 620 -668.4110000000001
1 241 621 -668.4110000000001
1 242 314 -668.4110000000001
1 242 318 -668.4110000000001
1 242 336 -668.4110000000001
1 242 338 -668.4110000000001
1 242 339 -668.4110000000001
1 242 373 -2005.23
1 242 374 -4010.46
1 242 406 -1336.82
1 242 603 -1336.82
1 242 604 -4678.87
1 242 605 -6015.7
1 242 606 -2005.23
1 242 607 -3342.05
1 242 608 -3342.05
1 242 609 -2005.23
1 242 610 -2005.23
1 242 616 -668.4110000000001
1 242 622 -668.4110000000001
1 242 623 -2005.23
1 243 366 -668.4110000000001
1 243 369 -668.4110000000001
1 243 372 -1336.82
1 243 373 -5347.29
1 243 374 -2005.23
1 243 386 -668.4110000000001
1 243 391 -668.4110000000001
1 243 405 -668.4110000000001
1 243 406 -668.4110000000001
1 243 407 -1336.82
1 243 409 -668.4110000000001
1 243 577 -668.4110000000001
1 243 606 -4678.87
1 243 607 -3342.05
1 243 608 -1336.82
1 243 609 -4010.46
1 243 620 -668.4110000000001
1 243 622 -1336.82
1 243 623 -5347.29
1 244 371 -668.4110000000001
1 244 372 -1336.82
1 244 373 -2005.23
1 244 415 -668.4110000000001
1 244 598 -668.4110000000001
1 244 606 -2673.64
1 244 607 -668.4110000000001
1 244 611 -668.4110000000001
1 244 616 -668.4110000000001
1 244 622 -668.4110000000001
1 244 623 -2673.64
1 244 624 -668.4110000000001
1 245 312 -668.4110000000001
1 245 315 -668.4110000000001
1 245 326 -668.4110000000001
1 245 335 -668.4110000000001
1 245 338 -668.4110000000001
1 245 356 -1336.82
1 245 371 -668.4110000000001
1 245 413 -668.4110000000001
1 245 586 -668.4110000000001
1 245 604 -668.4110000000001
1 245 605 -2005.23
1 245 606 -3342.05
1 245 607 -2673.64
1 245 609 -3342.05
1 245 610 -1336.82
1 245 612 -1336.82
1 245 616 -1336.82
1 245 619 -668.4110000000001
1 245 620 -1336.82
1 245 622 -668.4110000000001
1 246 214 -668.4110000000001
1 246 342 -668.4110000000001
1 246 356 -668.4110000000001
1 246 357 -668.4110000000001
1 246 374 -668.4110000000001
1 246 413 -668.4110000000001
1 246 590 -668.4110000000001
1 246 599 -668.4110000000001
1 246 600 -4010.46
1 246 605 -2673.64
1 246 606 -4678.87
1 246 607 -2673.64
1 246 610 -668.4110000000001
1 246 612 -1336.82
1 246 614 -668.4110000000001
1 246 615 -668.4110000000001
1 246 623 -668.4110000000001
1 247 314 -668.4110000000001
1 247 331 -668.4110000000001
1 247 367 -1336.82
1 247 368 -3342.05
1 247 387 -1336.82
1 247 413 -668.4110000000001
1 247 578 -668.4110000000001
1 247 597 -668.4110000000001
1 247 598 -4678.87
1 247 599 -4010.46
1 247 600 -6684.11
1 247 601 -6684.11
1 247 605 -1336.82
1 247 609 -1336.82
1 247 610 -1336.82
1 247 611 -2673.64
1 247 612 -2673.64
1 247 613 -1336.82
1 247 618 -1336.82
1 247 619 -668.4110000000001
1 247 623 -668.4110000000001
1 248 307 -668.4110000000001
1 248 367 -668.4110000000001
1 248 368 -2673.64
1 248 371 -1336.82
1 248 372 -3342.05
1 248 387 -1336.82
1 248 388 -4010.46
1 248 413 -668.4110000000001
1 248 416 -668.4110000000001
1 248 529 -668.4110000000001
1 248 567 -668.4110000000001
1 248 596 -4678.87
1 248 597 -3342.05
1 248 598 -6684.11
1 248 599 -4010.46
1 248 600 -2673.64
1 248 601 -4010.46
1 248 602 -2005.23
1 248 605 -668.4110000000001
1 248 608 -668.4110000000001
1 248 609 -1336.82
1 248 610 -2005.23
1 248 611 -4010.46
1 248 612 -4010.46
1 248 613 -4678.87
1 248 618 -668.4110000000001
1 248 619 -668.4110000000001
1 248 620 -668.4110000000001
1 248 623 -1336.82
1 249 333 -668.4110000000001
1 249 334 -668.4110000000001
1 249 365 -1336.82
1 249 366 -2005.23
1 249 367 -668.4110000000001
1 249 368 -2005.23
1 249 371 -668.4110000000001
1 249 387 -668.4110000000001
1 249 388 -668.4110000000001
1 249 400 -668.4110000000001
1 249 412 -668.4110000000001
1 249 567 -668.4110000000001
1 249 593 -1336.82
1 249 595 -4010.46
1 249 596 -4678.87
1 249 597 -7352.52
1 249 603 -2005.23
1 249 604 -5347.29
1 249 605 -3342.05
1 249 607 -2673.64
1 249 609 -668.4110000000001
1 249 610 -1336.82
1 249 611 -3342.05
1 249 612 -6015.7
1 249 613 -1336.82
1 249 618 -668.4110000000001
1 249 623 -668.4110000000001
1 250 331 -668.4110000000001
1 250 355 -668.4110000000001
1 250 365 -1336.82
1 250 366 -3342.05
1 250 367 -2005.23
1 250 368 -668.4110000000001
1 250 369 -1336.82
1 250 370 -1336.82
1 250 371 -4010.46
1 250 382 -668.4110000000001
1 250 406 -668.4110000000001
1 250 413 -668.4110000000001
1 250 414 -668.4110000000001
1 250 423 -668.4110000000001
1 250 436 -668.4110000000001
1 250 568 -668.4110000000001
1 250 579 -668.4110000000001
1 250 591 -668.4110000000001
1 250 594 -668.4110000000001
1 250 596 -5347.29
1 250 597 -1336.82
1 250 602 -668.4110000000001
1 250 603 -4678.87
1 250 604 -4010.46
1 250 605 -2673.64
1 250 607 -668.4110000000001
1 250 608 -2005.23
1 250 609 -668.4110000000001
1 250 610 -668.4110000000001
1 250 613 -668.4110000000001
1 251 276 -668.4110000000001
1 251 322 -668.4110000000001
1 251 365 -2005.23
1 251 366 -6015.7
1 251 367 -1336.82
1 251 368 -1336.82
1 251 371 -668.4110000000001
1 251 379 -668.4110000000001
1 251 407 -668.4110000000001
1 251 414 -668.4110000000001
1 251 424 -668.4110000000001
1 251 598 -668.4110000000001
1 251 604 -668.4110000000001
1 251 605 -668.4110000000001
1 251 607 -668.4110000000001
1 251 610 -668.4110000000001
1 252 236 -668.4110000000001
1 252 365 -2005.23
1 252 366 -4678.87
1 252 367 -4678.87
1 252 368 -1336.82
1 252 376 -668.4110000000001
1 252 412 -668.4110000000001
1 252 416 -668.4110000000001
1 252 428 -668.4110000000001
1 252 506 -668.4110000000001
1 252 507 -668.4110000000001
1 252 528 -668.4110000000001
1 252 534 -668.4110000000001
1 252 544 -668.4110000000001
1 252 576 -668.4110000000001
1 252 591 -1336.82
1 252 596 -1336.82
1 252 597 -1336.82
1 252 598 -668.4110000000001
1 252 599 -1336.82
1 252 608 -1336.82
1 252 609 -668.4110000000001
1 252 611 -668.4110000000001
1 252 620 -668.4110000000001
1 253 259 -668.4110000000001
1 253 342 -668.4110000000001
1 253 363 -668.4110000000001
1 253 365 -1336.82
1 253 366 -4010.46
1 253 367 -2673.64
1 253 370 -668.4110000000001
1 253 375 -1336.82
1 253 404 -668.4110000000001
1 253 433 -1336.82
1 253 506 -668.4110000000001
1 253 543 -668.4110000000001
1 253 546 -668.4110000000001
1 253 547 -668.4110000000001
1 253 566 -668.4110000000001
1 253 586 -1336.82
1 253 596 -668.4110000000001
1 253 597 -2673.64
1 253 601 -668.4110000000001
1 253 604 -668.4110000000001
1 253 605 -668.4110000000001
1 253 614 -2005.23
1 254 366 -1336.82
1 254 478 -668.4110000000001
1 254 581 -668.4110000000001
1 254 584 -668.4110000000001
1 254 585 -4010.46
1 254 586 -3342.05
1 254 587 -2005.23
1 254 588 -2005.23
1 254 589 -2673.64
1 254 598 -668.4110000000001
1 254 599 -668.4110000000001
1 254 601 -1336.82
1 254 604 -1336.82
1 254 605 -668.4110000000001
1 254 606 -668.4110000000001
1 254 611 -668.4110000000001
1 255 341 -668.4110000000001
1 255 346 -668.4110000000001
1 255 371 -668.4110000000001
1 255 402 -668.4110000000001
1 255 442 -668.4110000000001
1 255 445 -668.4110000000001
1 255 461 -668.4110000000001
1 255 479 -668.4110000000001
1 255 512 -668.4110000000001
1 255 513 -668.4110000000001
1 255 526 -668.4110000000001
1 255 547 -668.4110000000001
1 255 548 -668.4110000000001
1 255 565 -668.4110000000001
1 255 583 -2005.23
1 255 584 -2673.64
1 255 585 -2673.64
1 255 586 -2673.64
1 255 587 -1336.82
1 255 588 -668.4110000000001
1 255 591 -668.4110000000001
1 255 594 -668.4110000000001
1 255 597 -668.4110000000001
1 255 600 -1336.82
1 255 607 -668.4110000000001
1 256 346 -668.4110000000001
1 256 350 -668.4110000000001
1 256 367 -668.4110000000001
1 256 373 -668.4110000000001
1 256 374 -668.4110000000001
1 256 491 -668.4110000000001
1 256 526 -668.4110000000001
1 256 531 -2005.23
1 256 532 -668.4110000000001
1 256 547 -668.4110000000001
1 256 548 -1336.82
1 256 549 -668.4110000000001
1 256 575 -668.4110000000001
1 256 578 -1336.82
1 256 580 -668.4110000000001
1 256 584 -2005.23
1 256 585 -1336.82
1 256 592 -1336.82
1 256 594 -4678.87
1 256 595 -2673.64
1 256 607 -2673.64
1 256 608 -1336.82
1 256 609 -668.4110000000001
1 257 330 -668.4110000000001
1 257 461 -668.4110000000001
1 257 497 -668.4110000000001
1 257 503 -668.4110000000001
1 257 506 -668.4110000000001
1 257 512 -668.4110000000001
1 257 527 -2005.23
1 257 529 -668.4110000000001
1 257 532 -668.4110000000001
1 257 549 -668.4110000000001
1 257 574 -668.4110000000001
1 257 575 -2005.23
1 257 584 -2005.23
1 257 585 -2005.23
1 257 593 -1336.82
1 257 594 -5347.29
1 257 595 -2673.64
1 257 597 -1336.82
1 257 606 -4678.87
1 257 607 -668.4110000000001
1 258 307 -668.4110000000001
1 258 330 -668.4110000000001
1 258 366 -668.4110000000001
1 258 485 -1336.82
1 258 489 -1336.82
1 258 491 -668.4110000000001
1 258 493 -668.4110000000001
1 258 494 -668.4110000000001
1 258 496 -668.4110000000001
1 258 497 -668.4110000000001
1 258 498 -2005.23
1 258 499 -1336.82
1 258 502 -668.4110000000001
1 258 503 -668.4110000000001
1 258 529 -1336.82
1 258 531 -668.4110000000001
1 258 532 -668.4110000000001
1 258 533 -1336.82
1 258 535 -668.4110000000001
1 258 546 -668.4110000000001
1 258 550 -668.4110000000001
1 258 556 -1336.82
1 258 564 -668.4110000000001
1 258 576 -668.4110000000001
1 258 583 -668.4110000000001
1 258 584 -2005.23
1 258 586 -2005.23
1 258 594 -2005.23
1 258 606 -3342.05
1 258 607 -668.4110000000001
1 259 346 -668.4110000000001
1 259 369 -1336.82
1 259 402 -668.4110000000001
1 259 444 -668.4110000000001
1 259 456 -668.4110000000001
1 259 485 -668.4110000000001
1 259 486 -668.4110000000001
1 259 488 -668.4110000000001
1 259 489 -668.4110000000001
1 259 490 -1336.82
1 259 509 -1336.82
1 259 510 -668.4110000000001
1 259 522 -668.4110000000001
1 259 528 -668.4110000000001
1 259 529 -668.4110000000001
1 259 531 -668.4110000000001
1 259 532 -668.4110000000001
1 259 545 -668.4110000000001
1 259 549 -668.4110000000001
1 259 554 -1336.82
1 259 555 -1336.82
1 259 556 -2005.23
1 259 557 -2005.23
1 259 575 -2673.64
1 259 576 -668.4110000000001
1 259 579 -668.4110000000001
1 259 584 -668.4110000000001
1 259 585 -2673.64
1 259 586 -1336.82
1 260 369 -1336.82
1 260 404 -1336.82
1 260 443 -668.4110000000001
1 260 454 -668.4110000000001
1 260 485 -668.4110000000001
1 260 486 -1336.82
1 260 487 -668.4110000000001
1 260 492 -668.4110000000001
1 260 499 -668.4110000000001
1 260 502 -1336.82
1 260 517 -668.4110000000001
1 260 527 -668.4110000000001
1 260 545 -2005.23
1 260 548 -668.4110000000001
1 260 554 -668.4110000000001
1 260 556 -668.4110000000001
1 260 567 -668.4110000000001
1 260 576 -668.4110000000001
1 260 577 -668.4110000000001
1 261 397 -668.4110000000001
1 261 404 -668.4110000000001
1 261 444 -668.4110000000001
1 261 483 -668.4110000000001
1 261 487 -668.4110000000001
1 261 501 -668.4110000000001
1 261 502 -668.4110000000001
1 261 545 -668.4110000000001
1 261 551 -668.4110000000001
1 261 552 -668.4110000000001
1 261 565 -668.4110000000001
1 262 254 -668.4110000000001
1 262 353 -1336.82
1 262 369 -668.4110000000001
1 262 425 -668.4110000000001
1 262 443 -668.4110000000001
1 262 458 -668.4110000000001
1 262 483 -1336.82
1 262 493 -668.4110000000001
1 262 501 -668.4110000000001
1 262 502 -668.4110000000001
1 262 523 -668.4110000000001
1 262 524 -668.4110000000001
1 262 535 -668.4110000000001
1 262 536 -668.4110000000001
1 262 537 -668.4110000000001
1 262 542 -668.4110000000001
1 262 546 -668.4110000000001
1 262 584 -668.4110000000001
1 262 587 -668.4110000000001
1 263 355 -668.4110000000001
1 263 415 -668.4110000000001
1 263 484 -668.4110000000001
1 263 493 -668.4110000000001
1 263 509 -668.4110000000001
1 263 522 -668.4110000000001
1 263 523 -1336.82
1 263 524 -1336.82
1 263 541 -1336.82
1 263 542 -668.4110000000001
1 263 543 -668.4110000000001
1 263 546 -1336.82
1 263 576 -668.4110000000001
1 263 579 -668.4110000000001
1 263 581 -2673.64
1 264 369 -668.4110000000001
1 264 379 -668.4110000000001
1 264 481 -668.4110000000001
1 264 482 -668.4110000000001
1 264 493 -668.4110000000001
1 264 503 -668.4110000000001
1 264 504 -668.4110000000001
1 264 516 -668.4110000000001
1 264 521 -2005.23
1 264 527 -668.4110000000001
1 264 543 -2673.64
1 264 568 -668.4110000000001
1 264 575 -668.4110000000001
1 264 576 -1336.82
1 265 336 -668.4110000000001
1 265 367 -1336.82
1 265 457 -668.4110000000001
1 265 459 -668.4110000000001
1 265 511 -668.4110000000001
1 265 516 -668.4110000000001
1 265 520 -668.4110000000001
1 265 524 -668.4110000000001
1 265 568 -1336.82
1 266 314 -668.4110000000001
1 266 413 -668.4110000000001
1 266 456 -668.4110000000001
1 266 478 -668.4110000000001
1 266 481 -668.4110000000001
1 266 483 -668.4110000000001
1 266 484 -668.4110000000001
1 266 485 -668.4110000000001
1 266 492 -668.4110000000001
1 266 498 -668.4110000000001
1 266 505 -668.4110000000001
1 266 518 -668.4110000000001
1 266 523 -668.4110000000001
1 266 543 -668.4110000000001
1 266 545 -668.4110000000001
1 266 549 -668.4110000000001
1 266 555 -668.4110000000001
1 267 337 -668.4110000000001
1 267 365 -668.4110000000001
1 267 381 -668.4110000000001
1 267 459 -668.4110000000001
1 267 460 -1336.82
1 267 505 -668.4110000000001
1 267 507 -668.4110000000001
1 267 543 -668.4110000000001
1 267 544 -1336.82
1 267 549 -668.4110000000001
1 267 553 -2005.23
1 267 562 -668.4110000000001
1 268 507 -1336.82
1 268 540 -668.4110000000001
1 268 541 -668.4110000000001
1 268 542 -1336.82
1 268 543 -2673.64
1 268 544 -1336.82
1 268 549 -668.4110000000001
1 268 551 -668.4110000000001
1 268 552 -668.4110000000001
1 268 553 -668.4110000000001
1 269 362 -668.4110000000001
1 269 505 -1336.82
1 269 507 -668.4110000000001
1 269 528 -668.4110000000001
1 269 543 -668.4110000000001
1 269 547 -1336.82
1 270 474 -668.4110000000001
1 270 475 -1336.82
1 270 479 -668.4110000000001
1 270 491 -668.4110000000001
1 270 504 -668.4110000000001
1 270 507 -668.4110000000001
1 270 526 -668.4110000000001
1 271 375 -668.4110000000001
1 271 388 -668.4110000000001
1 271 479 -668.4110000000001
1 271 481 -668.4110000000001
1 271 487 -668.4110000000001
1 271 491 -668.4110000000001
1 271 526 -668.4110000000001
1 272 469 -668.4110000000001
1 272 493 -668.4110000000001
1 272 495 -1336.82
1 272 496 -668.4110000000001
1 272 502 -668.4110000000001
1 272 526 -2005.23
1 273 441 -668.4110000000001
1 273 462 -668.4110000000001
1 273 526 -668.4110000000001
1 275 463 -668.4110000000001
1 275 480 -668.4110000000001
1 275 502 -668.4110000000001
1 275 504 -668.4110000000001
1 276 502 -668.4110000000001
1 277 393 -668.4110000000001
1 279 459 -668.4110000000001
1 280 563 -668.4110000000001
1 282 434 -668.4110000000001
1 282 435 -668.4110000000001
1 283 461 -668.4110000000001
1 283 482 -668.4110000000001
1 283 483 -668.4110000000001
1 285 437 -668.4110000000001
1 285 482 -668.4110000000001
1 285 483 -668.4110000000001
1 286 377 -668.4110000000001
1 286 464 -668.4110000000001
1 288 469 -668.4110000000001
1 289 362 -668.4110000000001
1 289 443 -668.4110000000001
1 292 358 -668.4110000000001
1 293 390 -2005.23
1 293 391 -668.4110000000001
1 296 390 -668.4110000000001
1 301 359 -668.4110000000001
1 301 378 -668.4110000000001
1 85 106 -668.4110000000001
1 92 112 -1336.82
1 93 117 -668.4110000000001
1 97 89 -668.4110000000001
1 98 101 -668.4110000000001
1 99 126 -668.4110000000001
1 99 136 -668.4110000000001
1 147 119 -2950.84
1 150 114 -9836.13
1 153 113 -10960.3
1 156 158 -68852.9
1 167 186 -34004.9
1 170 169 -212179.0
1 199 225 -15035.2
1 234 285 -8430.97
1 244 234 -52974.6
1 259 541 -562.06
1 265 469 -140.52
1 267 479 -1826.71
1 271 361 -2685.54
1 272 454 -94.21
1 291 453 -5317.13
1 299 360 -3653.42
1 109 116 -14332.7
1 131 118 -2388.77
1 132 183 -3934.45
1 137 123 -12787.0
1 140 173 -94145.8
1 152 130 -4356.0
1 155 192 -15175.7
1 157 117 -5620.65
1 158 205 -140.52
1 164 258 -38360.9
1 169 164 -2388.77
1 172 162 -2107.74
1 172 163 -4496.52
1 172 164 -843.1
1 173 196 -281.03
1 202 295 -29367.9
1 203 296 -77705.4
1 214 174 -75878.7
1 226 358 -6772.34
1 247 335 -28243.7
1 262 350 -4637.03
1 265 349 -11241.3
1 267 346 -12787.0
1 271 470 -843.1
1 274 431 -2397220.0
1 285 357 -24730.8
1 289 374 -843.1
1 292 370 -11522.3
1 293 378 -7306.84
1 299 335 -141921.0
1 143 154 -14473.2
1 144 130 -14894.7
1 148 113 -11803.3
1 151 143 -14332.7
1 153 185 -19391.2
1 153 212 -12365.4
1 154 128 -562.06
1 161 161 -8149.94
1 164 159 -17986.1
1 167 163 -24168.8
1 174 182 -13068.0
1 175 178 -1826.71
1 189 206 -43560.0
1 221 361 -702.58
1 222 252 -702.58
1 234 319 -11522.3
1 235 317 -15597.3
1 237 292 -31475.6
1 245 243 -32178.2
1 248 238 -32459.2
1 248 331 -4215.48
1 256 342 -6042.19
1 259 347 -5480.13
1 266 345 -11662.8
1 271 268 -21639.5
1 289 355 -6042.19
1 295 392 -2248.26
1 296 391 -2529.29
1 296 393 -2529.29
1 140 166 -421.55
1 144 151 -843.1
1 147 148 -19812.8
1 147 171 -36534.2
1 149 124 -281.03
1 149 181 -140.52
1 149 202 -7868.9
1 151 178 -22482.6
1 151 189 -19531.7
1 152 180 -281.03
1 153 188 -20655.9
1 154 113 -562.06
1 158 173 -2669.81
1 165 167 -252929.0
1 168 164 -64637.4
1 168 166 -40749.7
1 170 115 -9274.06
1 171 125 -983.61
1 188 207 -1264.65
1 189 288 -4356.0
1 209 281 -27415.7
1 210 249 -7166.32
1 219 272 -1686.19
1 221 302 -562.06
1 224 287 -17564.5
1 228 354 -15035.2
1 231 270 -1405.16
1 231 347 -1264.65
1 236 342 -10538.7
1 236 344 -3934.45
1 240 357 -12927.5
1 244 333 -2339.59
1 246 332 -8571.48
1 251 334 -6604.26
1 258 343 -562.06
1 260 345 -1405.16
1 261 340 -4215.48
1 262 361 -8009.42
1 263 344 -5761.16
1 263 350 -2950.84
1 265 517 -140.52
1 267 321 -19953.3
1 267 428 -904.92
1 269 364 -5901.68
1 269 365 -702.58
1 270 267 -140.52
1 270 361 -11522.3
1 271 267 -3231.87
1 271 355 -6042.19
1 271 363 -8290.45
1 278 502 -4356.0
1 281 331 -1405.16
1 284 333 -1124.13
1 290 371 -140.52
1 291 365 -3793.94
1 296 358 -81499.4
1 297 356 -10819.7
1 299 347 -2107.74
1 125 93 -140.52
1 142 117 -3793.94
1 146 146 -5480.13
1 152 213 -4496.52
1 156 214 -9976.65
1 161 185 -29367.9
1 163 186 -2529.29
1 166 203 -5339.61
1 168 216 -18267.1
1 192 232 -41733.3
1 201 310 -702.58
1 211 195 -3372.39
1 222 324 -1826.71
1 223 263 -14473.2
1 230 358 -2950.84
1 232 347 -4074.97
1 233 341 -6042.19
1 242 618 -3934.45
1 248 344 -10257.7
1 263 345 -140.52
1 263 427 -140.52
1 263 570 -421.55
1 264 348 -1264.65
1 268 366 -1124.13
1 286 302 -1405.16
1 293 357 -6042.19
1 295 362 -1545.68
1 297 439 -1200080.0
1 150 121 -38923.0
1 150 127 -2950.84
1 152 118 -11100.8
1 224 257 -4777.55
1 230 223 -16018.8
1 260 332 -562.06
1 276 359 -562.06
1 281 445 -421.55
1 282 357 -140.52
1 149 213 -23606.7
1 189 195 -4918.06
1 190 250 -6604.26
1 192 197 -115083.0
1 202 228 -3512.9
1 210 253 -2810.32
1 245 324 -2810.32
1 270 480 -281.03
1 186 159 -281.03
1 291 354 -702.58
1 145 131 -18969.7
1 148 124 -140.52
1 153 116 -6744.77
1 188 197 -140.52
1 188 204 -13770.6
1 203 340 -533.4
1 206 281 -702.58
1 208 226 -15597.3
1 211 266 -39733.4
1 213 276 -37526.8
1 214 274 -31635.8
1 220 278 -122939.0
1 223 372 -24730.8
1 232 398 -1264.65
1 233 375 -1686.19
1 239 385 -1984.62
1 239 406 -145.95
1 239 416 -9.09
1 241 238 -5761.16
1 245 408 -5620.65
1 246 320 -2810.32
1 248 454 -140.52
1 259 351 -3626.28
1 265 360 -32404.8
1 267 407 -2248.26
1 269 360 -7037.05
1 272 360 -7868.9
1 273 340 -140.52
1 273 521 -18407.6
1 274 327 -2810.32
1 275 465 -335.17
1 280 371 -20093.8
1 290 322 -12224.9
1 292 458 -9590.23
1 297 377 -3793.94
1 147 183 -3934.45
1 205 310 -562.06
1 259 439 -140.52
1 173 183 -12505.9
1 257 342 -3091.35
1 201 251 -14192.1
1 201 301 -12224.9
1 264 441 -140.52
1 265 488 -140.52
1 294 356 -1124.13
1 144 132 -140.52
1 267 385 -13630.1
1 135 160 -2107.74
1 136 173 -1826.71
1 144 189 -3372.39
1 154 112 -21217.9
1 156 131 -140.52
1 167 247 -1264.65
1 186 125 -4777.55
1 186 209 -5058.58
1 204 300 -27.81
1 215 269 -22061.0
1 218 239 -49566.9
1 225 242 -36534.2
1 226 375 -39653.1
1 238 302 -2950.84
1 242 355 -141.01
1 244 321 -97096.6
1 245 406 -983.61
1 247 591 -421.55
1 248 590 -421.55
1 248 593 -281.03
1 251 614 -1204.72
1 255 333 -9783.66
1 256 443 -387.27
1 258 339 -1238.49
1 258 416 -175.97
1 263 583 -115.67
1 266 470 -1067.92
1 270 476 -1405.16
1 273 523 -128151.0
1 274 506 -562.06
1 275 479 -12646.5
1 280 458 -584.52
1 291 374 -562.06
1 293 458 -13208.5
1 297 388 -1019.82
1 298 384 -95.8
1 204 299 -281.03
1 221 300 -1405.16
1 134 167 -17424.0
1 159 157 -24871.3
1 184 305 -12.45
1 197 298 -35.58
1 211 290 -2388.77
1 225 289 -30351.5
1 237 406 -1104.41
1 241 343 -3231.87
1 244 430 -1124.13
1 247 342 -178.54
1 253 427 -2381.62
1 253 443 -416.14
1 254 398 -24.46
1 254 442 -1584.39
1 254 444 -719.4
1 254 445 -98.63
1 256 445 -1068.39
1 257 387 -12224.9
1 259 345 -421.55
1 261 322 -14.75
1 261 369 -452.46
1 262 555 -140.52
1 265 559 -1026.8
1 271 364 -2107.74
1 271 471 -281.03
1 271 489 -2728.36
1 273 520 -562.06
1 273 522 -421.55
1 275 371 -843.1
1 275 449 -19812.8
1 262 394 -1136380.0
1 271 492 -140.52
1 157 122 -281.03
1 160 136 -843.1
1 169 201 -46932.4
1 199 297 -185.07
1 211 313 -29.58
1 212 315 -81.5
1 224 372 -1967.23
1 246 609 -1377.34
1 247 343 -62.16
1 250 395 -3512.9
1 255 446 -473.45
1 261 524 -1774.76
1 261 525 -416.41
1 270 482 -40.0
1 276 386 -1405.16
1 281 446 -702.58
1 284 406 -2107.74
1 297 384 -140.52
1 165 158 -14051.6
1 145 147 -140.52
1 257 443 -1355.35
1 272 547 -90.56
1 162 205 -5339.61
1 170 249 -281.03
1 178 255 -10398.2
1 194 320 -562.06
1 196 299 -281.03
1 229 341 -1826.71
1 237 378 -2.65
1 240 386 -3.53
1 241 353 -141.54
1 244 330 -6323.23
1 247 341 -89.27
1 248 343 -190.9
1 249 589 -421.55
1 253 400 -140.52
1 254 394 -33.91
1 254 400 -140.52
1 255 373 -140.52
1 261 362 -33583.4
1 262 441 -140.52
1 263 353 -6.45
1 274 527 -68.96
1 275 356 -7587.87
1 276 469 -140.52
1 276 484 -562.06
1 277 429 -143.31
