1 62 1 3798.3
1 61 2 3770.7
1 60 3 3749.7
1 59 4 3733.5
1 58 5 3721.5
1 57 6 3713.4
1 56 7 3709.2
1 55 8 3709.0
1 54 9 3713.4
1 53 10 3722.5
1 52 11 3736.7
1 51 12 3755.5
1 49 13 3767.8
1 50 13 3777.1
1 48 14 3789.3
1 47 15 3784.5
1 46 16 3776.7
1 45 17 3766.9
1 45 18 3767.6
1 45 19 3768.3
1 44 20 3756.4
1 44 21 3756.2
1 44 22 3755.5
1 44 23 3754.2
1 44 24 3752.2
1 44 25 3749.4
1 44 26 3745.6
1 44 27 3740.7
1 44 28 3734.5
1 44 29 3727.0
1 44 30 3717.9
1 44 31 3707.0
1 44 32 3694.2
1 44 33 3679.1
1 44 34 3661.5
1 44 35 3641.1
1 44 36 3617.4
1 44 37 3589.8
1 44 38 3557.8
1 44 39 3520.3
1 44 40 3476.1
1 44 41 3422.8
1 43 42 3304.0
1 43 43 3265.0
1 43 44 3203.3
1 42 45 3052.1
1 42 46 2997.6
1 40 47 2765.7
1 41 47 2812.0
1 40 48 2729.6
1 40 49 2663.5
1 40 50 2567.6
1 35 78 4859.7
1 35 79 4888.1
1 34 80 4945.1
1 33 81 5025.5
1 32 82 5089.1
1 31 83 5102.5
1 30 84 5114.2
1 29 85 5123.1
1 28 86 5145.4
1 27 87 5164.2
1 26 88 5190.3
1 25 89 5217.8
1 25 90 5254.2
1 24 91 5241.3
1 24 92 5256.5
1 24 93 5293.6
1 24 94 5330.6
1 23 95 5345.7
1 23 96 5386.0
1 23 97 5422.3
1 22 98 5430.3
1 22 99 5471.4
1 22 100 5508.4
1 22 101 5545.7
1 21 102 5566.0
1 21 103 5611.1
1 20 104 5633.2
1 20 105 5675.7
1 19 106 5707.7
1 19 107 5752.1
1 18 108 5788.7
1 18 109 5828.5
1 17 110 5747.7
1 17 111 5758.8
1 17 112 5868.1
1 65 109 6030.5
1 66 109 6027.0
1 67 109 5976.4
1 68 109 5941.6
1 69 109 5951.1
1 62 110 5964.5
1 63 110 6002.2
1 64 110 6023.1
1 70 110 6040.0
1 60 111 5859.4
1 61 111 5880.9
1 71 111 6106.0
1 37 112 5647.1
1 38 112 5707.3
1 39 112 5768.9
1 40 112 5814.4
1 41 112 5851.4
1 42 112 5873.4
1 43 112 5884.6
1 44 112 5893.7
1 45 112 5900.9
1 46 112 5910.4
1 47 112 5919.3
1 48 112 5936.9
1 55 112 5739.6
1 56 112 5761.3
1 57 112 5778.4
1 58 112 5795.2
1 59 112 5810.1
1 72 112 6143.0
1 16 113 5956.8
1 33 113 5631.7
1 34 113 5615.1
1 35 113 5599.2
1 36 113 5578.7
1 49 113 5930.6
1 50 113 5908.4
1 51 113 5855.3
1 52 113 5800.7
1 53 113 5744.1
1 54 113 5707.4
1 73 113 6175.3
1 16 114 6015.9
1 29 114 5721.3
1 30 114 5696.1
1 31 114 5668.3
1 32 114 5633.3
1 74 114 6198.4
1 75 114 6202.5
1 16 115 6072.6
1 25 115 5833.0
1 26 115 5810.2
1 27 115 5781.0
1 28 115 5741.0
1 76 115 6234.3
1 16 116 6127.9
1 21 116 5975.7
1 22 116 5990.6
1 23 116 5903.4
1 24 116 5863.2
1 77 116 6249.5
1 78 116 6247.6
1 79 116 6260.2
1 16 117 6182.1
1 20 117 6023.7
1 80 117 6281.1
1 81 117 6279.2
1 82 117 6258.6
1 83 117 6231.1
1 84 117 6202.0
1 16 118 6219.5
1 17 118 6185.7
1 18 118 6138.6
1 19 118 6085.1
1 85 118 6131.5
1 85 119 6089.7
1 86 120 6072.5
1 86 121 6095.2
1 86 122 6120.0
1 86 123 6137.3
1 86 124 6149.7
1 86 125 6159.3
1 86 126 6166.4
1 86 127 6170.1
1 86 128 6170.7
1 86 129 6169.0
1 86 130 6166.3
1 86 131 6162.1
1 86 132 6155.2
1 86 133 6146.5
1 86 134 6134.7
1 86 135 6118.8
1 86 136 6099.7
1 85 137 6050.6
1 85 138 6037.7
1 84 139 6032.8
1 83 140 6073.8
1 82 141 6157.7
1 82 142 6174.0
1 81 143 6226.7
1 80 144 6287.2
1 79 145 6356.2
1 78 146 6419.8
1 77 147 6487.1
1 76 148 6559.0
1 75 149 6636.4
1 75 150 6700.7
1 75 151 6761.3
1 75 152 6821.9
1 75 153 6868.8
1 76 154 6862.0
1 77 154 6849.2
1 78 154 6839.0
1 79 155 6827.7
1 80 155 6815.1
1 81 156 6797.5
1 82 157 6771.0
1 82 158 6748.6
1 83 158 6734.5
1 84 159 6704.6
1 84 160 6676.8
1 84 161 6652.4
1 84 162 6628.5
1 85 163 6603.4
1 86 164 6574.0
1 87 165 6537.0
1 88 166 6502.2
1 89 167 6468.6
1 90 168 6387.2
1 90 169 6337.2
1 91 170 6269.8
1 92 171 6198.4
1 93 172 6167.7
1 94 173 6141.2
1 94 174 6138.8
1 95 175 6123.4
1 95 176 6109.0
1 95 177 6113.7
1 95 178 6120.7
1 95 179 6126.0
1 96 180 5954.7
1 97 181 5971.7
1 98 182 5989.2
1 99 183 6006.7
1 100 184 6022.5
1 101 185 6037.9
1 102 185 6046.3
1 103 185 6061.9
1 104 186 6096.3
1 105 186 6097.4
1 106 187 6100.6
1 107 188 6096.4
1 108 189 5914.1
1 108 190 5916.1
1 108 191 5917.1
1 108 192 5916.7
1 108 193 5912.5
1 107 194 5707.4
1 107 195 5703.4
1 107 196 5695.6
1 107 197 5685.3
1 107 198 5673.3
1 106 199 5634.9
1 106 200 5622.0
1 105 201 5576.1
1 105 202 5562.9
1 104 203 5522.4
1 104 204 5513.7
1 104 205 5498.7
1 104 206 5477.3
1 104 207 5444.2
1 98 208 5460.6
1 99 208 5470.7
1 100 208 5483.1
1 101 208 5496.0
1 102 208 5513.7
1 103 208 5542.4
1 97 209 5451.3
1 97 210 5450.1
1 97 211 5446.0
1 97 212 5440.7
1 96 213 5424.1
1 95 214 5416.7
1 95 215 5415.4
1 94 216 5408.0
1 94 217 5407.1
1 94 218 5406.4
1 95 219 5410.6
1 96 220 5414.1
1 97 221 5418.0
1 97 222 5416.9
1 98 223 5420.2
1 98 224 5418.8
1 99 225 5422.9
1 99 226 5421.0
1 100 227 5242.1
1 128 227 5398.5
1 129 227 5461.6
1 101 228 5248.0
1 107 228 5142.9
1 108 228 5167.8
1 109 228 5196.4
1 110 228 5228.4
1 111 228 5263.1
1 125 228 5283.4
1 126 228 5309.8
1 127 228 5318.0
1 130 228 5187.6
1 131 228 5194.1
1 132 228 5188.2
1 133 228 5189.3
1 134 228 5195.5
1 135 228 5209.9
1 136 228 5226.9
1 137 228 5240.2
1 138 228 5267.0
1 102 229 5252.8
1 106 229 5280.7
1 112 229 5117.3
1 118 229 5143.6
1 119 229 5162.0
1 120 229 5177.9
1 121 229 5192.0
1 122 229 5203.3
1 123 229 5212.7
1 124 229 5215.2
1 139 229 5340.3
1 103 230 5256.3
1 104 230 5258.9
1 105 230 5261.9
1 113 230 5133.9
1 114 230 5125.4
1 115 230 5121.1
1 116 230 5118.6
1 117 230 5110.7
1 140 230 5307.1
1 139 231 5374.7
1 137 232 5411.3
1 138 232 5410.6
1 136 233 5414.6
1 135 234 5407.4
1 133 235 5374.7
1 134 235 5388.0
1 132 236 5357.8
1 130 237 5314.5
1 131 237 5329.7
1 129 238 5303.3
1 128 239 5287.2
1 127 240 5267.3
1 127 241 5257.5
1 127 242 5244.6
1 128 243 5252.9
1 129 244 5251.2
1 129 245 5238.5
1 130 246 5234.7
1 131 246 5233.6
1 132 246 5236.5
1 133 246 5245.8
1 134 246 5263.2
1 135 246 5289.6
1 136 246 5316.8
1 137 246 5336.8
1 138 246 5358.8
1 139 247 5409.5
1 140 247 5434.0
1 141 247 5471.5
1 142 247 5514.8
1 143 248 5577.8
1 144 249 5671.3
1 144 250 5698.1
1 145 251 5749.9
1 145 252 5775.5
1 145 253 5795.8
1 146 254 5829.1
1 146 255 5826.5
1 146 256 5820.5
1 146 257 5812.6
1 146 258 5802.4
1 146 259 5790.6
1 146 260 5777.2
1 146 261 5764.9
1 146 262 5751.7
1 146 263 5738.5
1 146 264 5728.4
1 146 265 0.0
1 147 266 5482.8
1 147 267 5453.7
1 147 268 5428.8
1 147 269 5389.1
1 147 270 5356.1
1 148 271 5306.0
1 148 272 5279.2
1 148 273 5252.1
1 148 274 5230.3
1 149 274 5215.4
1 149 275 5175.8
1 149 276 5143.6
1 149 277 5091.0
1 149 278 5036.4
1 150 279 5132.7
1 150 280 5087.7
1 150 281 5046.5
1 150 282 5016.2
1 151 283 4932.5
1 151 284 4888.7
1 151 285 4855.4
1 152 286 4761.4
1 152 287 4706.8
1 152 288 4662.5
1 152 289 4628.0
1 153 290 4722.8
1 153 291 4696.3
1 153 292 4704.2
1 154 293 4715.0
1 154 294 4726.6
1 154 295 4736.1
1 154 296 4742.2
1 155 297 4760.1
1 155 298 4763.9
1 156 299 4586.8
1 157 299 4593.1
1 158 299 4602.6
1 159 299 4615.1
1 160 299 4631.1
1 161 299 4650.5
1 162 300 4681.7
1 162 301 4684.5
1 162 302 4683.6
1 162 303 4681.0
1 162 304 4678.3
1 163 305 4857.4
1 163 306 4848.4
1 163 307 4838.6
1 163 308 4829.3
1 163 309 4823.2
1 164 310 5039.4
1 165 311 5081.0
1 166 312 5152.7
1 167 313 5211.3
1 168 314 5244.2
1 168 315 5076.7
1 168 316 5081.0
1 169 316 5088.5
1 169 317 5094.3
1 170 317 5104.1
1 171 318 5105.2
1 171 319 5081.8
1 172 320 5033.9
1 172 321 4986.4
1 172 322 4938.1
1 172 323 4887.1
1 172 324 4847.4
1 173 325 4845.9
1 173 326 4849.5
1 173 327 4851.3
1 174 328 4860.7
1 174 329 4862.3
1 174 330 4863.3
1 175 331 4867.8
1 176 331 4871.8
1 177 331 4877.7
1 178 332 4887.1
1 179 333 4889.7
1 179 334 4886.6
1 179 335 4883.5
1 180 336 4881.0
1 181 337 4872.5
1 181 338 4867.8
1 187 338 4741.0
1 188 338 4762.1
1 189 338 4779.7
1 190 338 4793.4
1 182 339 4858.5
1 186 339 4873.5
1 191 339 4797.0
1 192 339 5216.0
1 182 340 4852.5
1 186 340 4857.8
1 193 340 5215.3
1 182 341 4848.9
1 186 341 4847.8
1 194 341 5215.2
1 195 341 5216.8
1 183 342 4845.3
1 184 342 4845.1
1 185 342 4844.6
1 186 342 4843.5
1 196 342 5216.5
1 196 343 5214.4
1 197 344 5213.3
1 198 345 5210.9
1 199 346 5208.8
1 200 346 5210.4
1 201 346 5212.6
1 202 346 5214.7
1 203 346 5215.5
1 204 346 4296.01
1 205 347 5199.5
1 206 347 5193.3
1 207 348 5398.8
1 207 349 5496.1
1 207 350 5637.0
1 206 351 5696.9
1 205 352 5701.7
1 205 353 5706.2
1 205 354 5711.2
1 206 355 5734.1
1 206 356 5742.3
1 207 357 5767.0
1 208 357 5784.2
1 209 358 5465.4
1 210 359 5522.7
1 211 359 5550.7
1 212 360 5470.5
1 212 361 5507.7
1 208 362 5529.9
1 209 362 5534.6
1 210 362 5541.7
1 211 362 5547.4
1 207 363 5526.1
1 206 364 5520.7
1 206 365 5522.0
1 206 366 5522.2
1 206 367 5521.4
1 206 368 5520.4
1 206 369 5519.2
1 207 369 5525.6
1 208 369 5542.1
1 209 369 5563.8
1 210 369 5588.2
1 211 369 5618.5
1 212 369 5654.9
1 213 369 5699.1
1 214 370 5595.6
1 215 370 5629.4
1 216 372 5626.7
1 214 373 5263.1
1 215 373 5351.3
1 214 374 5220.0
1 213 375 5270.2
1 212 376 5247.8
1 211 377 5194.7
1 211 378 5183.6
1 211 379 5178.1
1 211 380 5180.2
1 211 381 5189.3
1 211 382 5243.7
1 211 383 5293.5
1 212 384 45000.0
1 212 385 45000.0
1 212 386 45000.0
1 212 387 45000.0
1 212 388 45000.0
1 212 389 45000.0
1 212 390 45000.0
1 212 391 45000.0
1 212 392 45000.0
1 212 393 45000.0
1 213 394 45000.0
1 213 395 45000.0
1 213 396 45000.0
1 213 397 45000.0
1 213 398 45000.0
1 213 399 45000.0
1 213 400 45000.0
1 213 401 45000.0
1 213 402 45000.0
1 214 403 45000.0
1 214 404 45000.0
1 214 405 45000.0
1 214 406 45000.0
1 214 407 45000.0
1 214 409 45000.0
1 214 410 45000.0
1 214 411 45000.0
1 214 412 45000.0
1 214 413 45000.0
1 214 414 45000.0
1 214 415 45000.0
1 215 416 45000.0
1 215 417 45000.0
1 227 417 45000.0
1 228 417 45000.0
1 229 417 45000.0
1 216 418 45000.0
1 226 418 45000.0
1 230 418 45000.0
1 217 419 45000.0
1 218 419 45000.0
1 219 419 45000.0
1 220 419 45000.0
1 221 419 45000.0
1 222 419 45000.0
1 223 419 45000.0
1 224 419 45000.0
1 225 419 45000.0
1 229 419 45000.0
1 229 420 45000.0
1 226 421 45000.0
1 227 421 45000.0
1 228 421 45000.0
1 224 422 45000.0
1 225 422 45000.0
1 224 423 45000.0
1 224 424 45000.0
1 225 424 45000.0
1 226 424 45000.0
1 227 424 45000.0
1 228 424 45000.0
1 229 425 45000.0
1 229 426 45000.0
1 229 427 45000.0
1 229 428 45000.0
1 229 429 45000.0
1 228 430 45000.0
1 228 431 45000.0
1 228 432 45000.0
1 228 433 45000.0
1 228 434 45000.0
1 228 435 45000.0
1 229 435 45000.0
1 230 436 45000.0
1 230 437 45000.0
1 230 438 45000.0
1 230 439 45000.0
1 230 440 45000.0
1 230 441 45000.0
1 230 442 45000.0
1 230 443 45000.0
1 230 444 45000.0
1 230 445 45000.0
1 230 446 45000.0
1 230 447 45000.0
1 230 448 45000.0
1 230 449 45000.0
1 230 450 45000.0
1 230 451 45000.0
1 230 452 45000.0
1 230 453 45000.0
1 230 454 45000.0
1 230 455 45000.0
1 230 456 45000.0
1 231 457 45000.0
1 231 458 45000.0
1 231 459 45000.0
1 231 460 45000.0
1 232 461 45000.0
1 232 462 45000.0
1 232 463 45000.0
1 232 464 45000.0
1 233 464 45000.0
1 234 464 45000.0
1 235 464 45000.0
1 236 464 45000.0
1 237 464 45000.0
1 238 464 45000.0
1 239 465 45000.0
1 239 466 45000.0
1 239 467 5337.1
1 238 468 5337.1
1 238 469 5337.1
1 238 470 5337.1
1 239 471 5337.1
1 240 471 5337.1
1 241 472 5337.1
1 242 472 5337.1
1 243 472 5337.1
1 244 473 5337.1
1 245 474 5337.1
1 246 475 5337.1
1 246 476 5337.1
1 246 477 5337.1
1 246 478 5337.1
1 246 479 5337.1
1 246 480 5337.1
1 245 481 5337.1
1 245 482 5337.1
1 244 483 5337.1
1 243 484 5337.1
1 243 485 5337.1
1 243 486 5337.1
1 243 487 5337.1
1 243 488 5337.1
1 243 489 5337.1
1 242 490 5337.1
1 242 491 5337.1
1 241 492 5337.1
1 241 493 5337.1
1 240 494 5337.1
1 239 495 5337.1
1 238 496 5337.1
1 235 497 5337.1
1 236 497 5337.1
1 237 497 5337.1
1 233 498 5337.1
1 234 498 5337.1
1 233 499 5337.1
1 232 500 5337.1
1 231 501 5337.1
1 231 502 5337.1
1 231 503 5337.1
1 231 504 5337.1
1 231 505 5337.1
1 231 506 5337.1
1 231 507 5337.1
1 231 508 5337.1
1 231 509 5337.1
1 231 510 5337.1
1 231 511 5337.1
1 231 512 5337.1
1 231 513 5337.1
1 231 514 5337.1
1 231 515 5337.1
1 232 516 5337.1
1 232 517 5337.1
1 232 518 5337.1
1 233 519 5337.1
1 233 520 5337.1
1 233 521 5337.1
1 234 522 5337.1
1 234 523 5337.1
1 235 524 5337.1
1 235 525 5337.1
1 236 525 5337.1
1 237 525 5337.1
1 238 525 5337.1
1 239 526 5337.1
1 239 527 5337.1
1 240 528 5437.9
1 240 529 5453.1
1 241 530 5519.7
1 241 531 5549.7
1 241 532 5566.6
1 241 533 5578.1
1 241 534 5586.4
1 242 535 5064.8
1 242 536 5076.1
1 243 536 5094.1
1 244 536 5126.6
1 245 536 5155.2
1 246 537 5210.6
1 246 538 5227.7
1 247 539 5267.6
1 248 540 5303.1
1 249 540 5315.2
1 250 540 5331.6
1 251 541 5365.2
1 250 544 5398.8
1 251 544 5401.1
1 245 545 5344.2
1 246 545 5355.4
1 247 545 5374.0
1 248 545 5387.7
1 249 545 5393.2
1 243 546 5317.7
1 244 546 5321.7
1 243 547 5318.4
1 242 548 5314.5
1 242 549 5314.8
1 241 550 5308.6
1 241 551 5306.9
1 240 552 5296.5
1 239 553 5285.5
1 238 554 0.0
1 237 555 5249.9
1 236 556 5248.8
1 236 557 5248.8
1 232 558 5189.1
1 233 558 5186.1
1 234 558 5193.8
1 235 558 5197.3
1 232 559 5201.2
1 231 560 5201.4
1 231 561 5209.8
1 231 562 5216.5
1 231 563 5221.6
1 231 564 5222.9
1 230 565 5389.7
1 230 566 5382.9
1 230 567 5372.0
1 230 568 5359.6
1 215 371 5678.1
1 39 51 6043.2
1 39 52 5967.8
1 38 53 5714.5
1 38 54 5641.8
1 37 55 5375.6
1 36 56 5152.8
1 35 57 4950.0
1 35 58 4889.0
1 35 59 4787.7
1 35 60 8397.7
1 35 61 8262.3
1 35 62 8125.5
1 35 63 7985.2
1 35 64 7841.2
1 35 65 7693.4
1 35 66 7542.6
1 35 67 7395.4
1 35 68 7276.3
1 36 69 10770.0
1 36 70 10502.6
1 36 71 10250.3
1 36 72 10007.1
1 36 73 9772.1
1 36 74 9559.1
1 36 75 9377.7
1 36 76 9287.9
1 36 77 9255.2
1 230 569 5347.0
1 230 570 5333.5
1 230 571 5317.4
1 230 572 5306.0
1 230 573 5316.9
1 230 574 5332.4
1 230 575 5342.6
1 230 576 5344.7
1 230 577 5179.6
1 230 578 5212.8
1 230 579 5245.9
1 230 580 5275.3
1 230 581 5278.4
1 230 582 5283.8
1 230 583 5286.3
1 230 584 5285.4
1 230 585 5282.0
1 230 586 5277.4
1 230 587 5271.3
1 230 588 5267.4
1 229 589 5251.5
1 229 590 5242.2
1 228 591 5219.5
1 228 592 5203.8
1 228 593 5186.5
1 228 594 5164.3
1 227 595 5120.1
1 227 596 5096.9
1 227 597 5068.8
1 227 598 5035.6
1 227 599 4786.4
1 226 600 4700.2
1 226 601 4698.2
1 226 602 4696.9
1 226 603 4697.6
1 225 604 4268.5
1 224 605 4268.5
1 223 606 4290.4
1 222 607 4310.8
1 223 605 4275.0
1 114 114 -14192.1
1 117 120 -870.4910000000001
1 121 111 -113959.0
1 121 113 -84028.6
1 124 115 -31897.2
1 125 116 -96815.6
1 126 120 -16580.9
1 129 121 -702.58
1 130 122 -870.4910000000001
1 133 112 -85012.3
1 135 194 -1573.07
1 138 201 -7025.81
1 139 168 -2810.32
1 140 168 -23606.7
1 141 191 -73208.9
1 143 172 -44824.6
1 143 190 -17143.0
1 144 166 -63794.3
1 144 172 -30913.6
1 144 182 -81358.8
1 144 190 -17143.0
1 145 161 -96534.6
1 146 117 -62810.7
1 146 188 -4496.52
1 146 190 -4496.52
1 147 132 -4074.97
1 147 145 -870.4910000000001
1 148 167 -45527.2
1 148 176 -63400.2
1 148 196 -39766.1
1 149 145 -71944.3
1 149 146 -32178.2
1 150 124 -15878.3
1 150 141 -144451.0
1 150 198 -50164.3
1 151 142 -56487.5
1 151 195 -49180.6
1 152 123 -39906.6
1 152 125 -32627.1
1 152 132 -38107.3
1 153 111 -1967.23
1 153 142 -125200.0
1 153 192 -98782.8
1 154 171 -39793.5
1 154 249 -2107.74
1 155 112 -59719.4
1 155 129 -20796.4
1 155 141 -77564.9
1 156 129 -208245.0
1 156 146 -91476.0
1 157 116 -14613.7
1 157 135 -24223.6
1 157 140 -549980.0
1 157 251 -77564.9
1 158 133 -49770.1
1 158 181 -126043.0
1 159 119 -79251.1
1 159 173 -49742.7
1 160 119 -5339.61
1 161 125 -14332.7
1 161 140 -421.55
1 161 188 -53536.6
1 162 119 -6463.74
1 162 121 -279627.0
1 162 128 -196442.0
1 162 132 -45808.3
1 162 140 -843.1
1 162 167 -2388.77
1 162 169 -3934.45
1 163 137 -1264.65
1 163 138 -6772.17
1 164 135 -31194.6
1 165 130 -15456.8
1 165 131 -1967.23
1 166 126 -4074.97
1 167 125 -26557.6
1 167 259 -4637.03
1 168 123 -16299.9
1 168 208 -71663.2
1 169 127 -140.52
1 170 131 -35691.1
1 170 132 -2107.74
1 170 163 -69133.9
1 171 131 -30913.6
1 171 132 -23466.2
1 172 218 -178877.0
1 173 224 -6182.71
1 174 135 -11241.3
1 175 134 -44262.6
1 175 204 -80515.7
1 176 176 -27541.2
1 176 202 -14754.2
1 177 211 -23466.2
1 178 164 -1686.19
1 178 261 -28946.3
1 179 181 -180142.0
1 179 183 -52131.5
1 179 210 -38220.4
1 180 208 -9274.06
1 183 184 -127027.0
1 187 200 -78829.5
1 187 281 -5620.65
1 188 198 -81218.3
1 188 209 -36112.6
1 188 240 -134193.0
1 188 258 -167214.0
1 189 282 -54801.3
1 190 281 -165809.0
1 191 191 -73630.5
1 193 256 -31756.7
1 193 260 -44782.1
1 197 204 -34285.9
1 197 252 -6323.23
1 198 298 -916.6510000000001
1 199 211 -42716.9
1 199 231 -83326.1
1 199 298 -870.4910000000001
1 200 298 -924.7310000000001
1 201 234 -10960.3
1 203 275 -113818.0
1 203 280 -31616.1
1 204 248 -19231.9
1 205 300 -917.061
1 206 196 -14192.1
1 206 286 -10546.1
1 206 300 -1740.98
1 211 255 -172132.0
1 212 258 -246465.0
1 213 264 -281.03
1 213 300 -8149.94
1 214 240 -99625.9
1 215 260 -113537.0
1 216 238 -48056.5
1 216 267 -55644.4
1 217 264 -63232.3
1 217 365 -1545.68
1 218 179 -292414.0
1 219 310 -16018.8
1 221 223 -2810.32
1 221 246 -3934.45
1 221 284 -680.71
1 222 352 -47731.5
1 222 369 -7025.81
1 223 271 -58735.7
1 224 301 -25152.4
1 224 374 -1465.96
1 226 350 -280.5
1 226 365 -3804.0
1 226 382 -20178.9
1 228 225 -45105.7
1 230 255 -9274.06
1 231 401 -5929.07
1 232 256 -8571.48
1 232 364 -176.82
1 232 370 -6582.59
1 233 337 -1432.55
1 233 376 -2466.63
1 233 394 -1740.98
1 234 304 -4898.2
1 234 393 -949.3810000000001
1 235 367 -14847.2
1 235 400 -562.06
1 235 605 -1118.58
1 235 609 -7260.26
1 236 263 -12224.9
1 236 351 -38079.9
1 237 316 -44545.9
1 237 357 -5157.49
1 237 389 -870.4910000000001
1 238 221 -5058.58
1 238 398 -20.27
1 238 605 -4405.73
1 238 609 -1740.98
1 239 250 -17986.1
1 239 338 -41733.3
1 239 426 -1405.16
1 239 605 -4352.46
1 239 606 -2611.47
1 239 619 -6772.17
1 240 380 -870.4910000000001
1 240 426 -870.4910000000001
1 240 608 -3481.96
1 241 335 -50585.8
1 241 342 -61265.0
1 241 604 -870.4910000000001
1 242 311 -6222.58
1 243 371 -27281.1
1 243 389 -2669.81
1 243 422 -140.52
1 243 431 -2646.42
1 243 605 -4352.46
1 244 431 -185.43
1 244 605 -5222.95
1 244 621 -5673.46
1 245 238 -51147.9
1 245 337 -870.4910000000001
1 245 370 -9582.75
1 245 621 -5874.66
1 246 321 -4878.2
1 246 618 -2611.47
1 247 344 -870.4910000000001
1 247 383 -15452.6
1 247 384 -3195760.0
1 248 251 -29832.4
1 248 424 -5620.65
1 248 436 -4356.0
1 248 444 -18692.1
1 248 589 -2107.74
1 249 373 -870.4910000000001
1 249 389 -7868.9
1 249 424 -870.4910000000001
1 249 430 -38081.8
1 249 436 -10136.2
1 249 443 -9346.07
1 249 606 -4352.46
1 250 239 -8852.52
1 250 326 -4044.37
1 250 424 -870.4910000000001
1 250 425 -784783.0
1 250 431 -77000.1
1 250 595 -3173.53
1 251 300 -278222.0
1 251 356 -94007.7
1 251 408 -1128.16
1 251 456 -1011.01
1 251 457 -24.38
1 251 594 -870.4910000000001
1 251 595 -895.0110000000001
1 251 596 -1740.98
1 252 230 -77424.4
1 252 285 -36253.2
1 252 329 -39556.6
1 252 450 -983.61
1 252 595 -870.4910000000001
1 252 606 -870.4910000000001
1 253 298 -25433.4
1 253 331 -20530.8
1 253 332 -25408.0
1 253 416 -702.58
1 253 420 -14905.5
1 253 445 -111265.0
1 254 338 -132647.0
1 254 367 -1405.16
1 254 407 -179016.0
1 254 597 -870.4910000000001
1 254 607 -17451.4
1 255 381 -39485.0
1 255 383 -39766.1
1 255 388 -71944.3
1 255 395 -3231.87
1 255 420 -12505.9
1 255 439 -35691.1
1 255 443 -138575.0
1 255 595 -870.4910000000001
1 255 596 -870.4910000000001
1 255 606 -17451.4
1 255 609 -1740.98
1 255 610 -1006.13
1 256 314 -45005.5
1 256 335 -54379.7
1 256 341 -1124.13
1 256 370 -6459.3
1 256 413 -3091.35
1 256 586 -54747.0
1 256 593 -3481.96
1 257 238 -140.52
1 257 324 -6890.49
1 257 413 -3091.35
1 257 576 -7118.4
1 257 599 -80070.5
1 257 600 -70398.6
1 258 325 -7963.07
1 258 336 -3413.66
1 258 418 -315847.0
1 258 420 -72998.3
1 258 442 -931069.0
1 258 585 -5222.95
1 258 595 -1740.98
1 258 601 -76159.7
1 258 602 -110964.0
1 259 340 -6350.62
1 259 371 -6459.3
1 259 405 -1069.45
1 259 588 -34761.3
1 259 592 -1061.55
1 259 593 -1061.55
1 260 342 -61686.6
1 260 349 -1124.13
1 260 407 -2671690.0
1 260 413 -95665.7
1 260 424 -857.93
1 260 461 -4215.48
1 260 463 -128713.0
1 260 464 -16018.8
1 260 585 -19300.6
1 260 586 -35648.0
1 261 337 -8571.48
1 261 355 -117893.0
1 261 381 -304689.0
1 261 395 -4.3
1 261 416 -61124.5
1 261 418 -870.4910000000001
1 261 429 -86051.6
1 261 464 -17705.0
1 261 492 -870.4910000000001
1 261 571 -37939.4
1 261 576 -15682.6
1 262 345 -59719.4
1 262 540 -351.72
1 262 564 -45753.3
1 262 567 -1849.97
1 262 568 -32599.7
1 262 570 -56909.0
1 262 571 -18969.7
1 263 434 -176.02
1 263 471 -19953.3
1 263 477 -15175.7
1 263 520 -1740.98
1 263 582 -6929.84
1 264 265 -53115.1
1 264 344 -19110.2
1 264 345 -14051.6
1 264 355 -562.06
1 264 367 -870.4910000000001
1 264 383 -35800.6
1 264 407 -4637.03
1 264 428 -195424.0
1 264 468 -59.03
1 264 471 -19250.7
1 264 476 -140.52
1 264 477 -103841.0
1 264 523 -3314.05
1 264 524 -702.58
1 264 549 -1815.17
1 265 363 -1826.71
1 265 364 -29584.5
1 265 374 -2690.86
1 265 380 -51.77
1 265 422 -7300.69
1 266 337 -870.4910000000001
1 266 340 -15878.3
1 266 462 -281.03
1 267 391 -23747.2
1 267 396 -140.52
1 267 463 -4074.97
1 267 555 -870.4910000000001
1 267 556 -870.4910000000001
1 268 333 -37377.3
1 268 334 -30070.4
1 268 436 -4386000.0
1 268 455 -16.98
1 268 479 -983.61
1 268 480 -843.1
1 268 489 -8935.23
1 269 363 -870.4910000000001
1 269 397 -66183.1
1 269 450 -4637.03
1 269 456 -25681.8
1 269 541 -1432.55
1 270 337 -4356.0
1 270 352 -21920.5
1 270 417 -336124.0
1 270 429 -3622.19
1 270 481 -1011.01
1 270 483 -2227.24
1 270 484 -870.4910000000001
1 270 486 -31826.5
1 270 498 -58173.7
1 270 539 -281.03
1 271 319 -67219.9
1 271 335 -17845.6
1 271 371 -1264.65
1 271 415 -214532.0
1 271 451 -140.52
1 271 485 -447.46
1 271 493 -171603.0
1 271 498 -11100.8
1 271 537 -126800.0
1 272 336 -20136.4
1 272 337 -34.47
1 272 351 -23466.2
1 272 366 -12224.9
1 272 368 -403569.0
1 272 388 -751094.0
1 272 396 -31054.1
1 272 450 -8571.48
1 272 451 -28243.7
1 272 453 -562.06
1 272 462 -2676530.0
1 272 491 -14.66
1 272 497 -38806.2
1 272 498 -17283.5
1 272 530 -305112.0
1 272 532 -232040.0
1 272 535 -17492.8
1 273 363 -7025.81
1 273 392 -1069.13
1 273 410 -1545.68
1 273 480 -4215.48
1 273 510 -1713.59
1 273 516 -18070.7
1 273 517 -430125.0
1 273 518 -410.31
1 274 409 -1545.68
1 274 520 -63091.7
1 274 523 -1405.16
1 275 367 -232133.0
1 275 441 -4041.61
1 275 450 -281.03
1 275 506 -4777.55
1 276 366 -110305.0
1 276 446 -7166.32
1 277 294 -59304.1
1 277 390 -14613.7
1 277 407 -1754790.0
1 277 431 -14847.2
1 277 468 -140.52
1 277 472 -25929.9
1 277 480 -65555.3
1 277 482 -2810.32
1 278 365 -30632.5
1 278 435 -1677.48
1 278 482 -2669.81
1 279 310 -34810.3
1 279 336 -96815.6
1 279 433 -215623.0
1 279 438 -479541.0
1 279 475 -107065.0
1 279 485 -32459.2
1 280 365 -26276.5
1 280 433 -56922.1
1 280 442 -29086.8
1 280 469 -57738.9
1 280 471 -54220.8
1 281 458 -3656620.0
1 282 409 -8993.03
1 282 424 -3793.94
1 282 430 -843.1
1 282 436 -1854.28
1 282 454 -10051.9
1 282 457 -383.79
1 283 335 -20936.9
1 283 354 -12505.9
1 283 429 -415085.0
1 283 449 -1986.41
1 283 452 -151245.0
1 283 455 -22225.5
1 283 468 -63197.9
1 284 339 -98061.8
1 284 457 -9836.13
1 284 463 -29465.8
1 284 481 -837.19
1 285 336 -983.61
1 285 374 -2388.77
1 285 467 -210465.0
1 285 475 -98129.9
1 286 330 -69574.4
1 286 425 -5443.27
1 286 475 -40557.0
1 286 477 -85387.5
1 287 388 -128.99
1 287 426 -870.4910000000001
1 287 477 -43485.1
1 288 419 -17705.0
1 288 426 -870.4910000000001
1 289 351 -25714.4
1 289 404 -200034.0
1 289 459 -116.43
1 289 468 -41794.6
1 290 382 -265542.0
1 290 402 -13.37
1 290 411 -6744.77
1 290 412 -29508.4
1 290 413 -9414.58
1 291 350 -5199.1
1 291 355 -2570.5
1 291 373 -1545.68
1 291 399 -126537.0
1 292 327 -23421.6
1 292 361 -26417.0
1 292 365 -32880.8
1 292 416 -562.06
1 292 469 -23924.5
1 293 440 -140.52
1 294 435 -15737.8
1 294 447 -89479.8
1 295 356 -108.0
1 295 391 -42014.3
1 295 430 -42565.9
1 296 388 -617.29
1 296 398 -58461.6
1 296 406 -23056.9
1 296 433 -15175.7
1 297 381 -14894.7
1 297 383 -421.55
1 297 395 -23031.9
1 297 401 -113512.0
1 297 402 -58780.7
1 297 413 -2103790.0
1 297 415 -36112.6
1 297 442 -35050.2
1 298 390 -6604.26
1 299 354 -4074.97
1 299 355 -1796.72
1 299 387 -60.26
1 102 110 -870.4910000000001
1 102 113 -870.4910000000001
1 103 100 -870.4910000000001
1 103 104 -870.4910000000001
1 104 115 -870.4910000000001
1 105 115 -870.4910000000001
1 105 139 -870.4910000000001
1 108 117 -870.4910000000001
1 109 112 -870.4910000000001
1 111 155 -870.4910000000001
1 111 208 -870.4910000000001
1 112 181 -870.4910000000001
1 113 111 -870.4910000000001
1 113 159 -870.4910000000001
1 113 211 -870.4910000000001
1 114 173 -870.4910000000001
1 114 212 -1740.98
1 115 212 -1740.98
1 116 121 -870.4910000000001
1 116 150 -870.4910000000001
1 116 166 -870.4910000000001
1 117 119 -870.4910000000001
1 117 168 -870.4910000000001
1 117 210 -870.4910000000001
1 119 194 -870.4910000000001
1 119 202 -870.4910000000001
1 119 96 -870.4910000000001
1 120 155 -870.4910000000001
1 120 94 -870.4910000000001
1 121 187 -870.4910000000001
1 123 110 -870.4910000000001
1 123 111 -870.4910000000001
1 123 158 -870.4910000000001
1 123 168 -870.4910000000001
1 123 193 -870.4910000000001
1 123 202 -1740.98
1 125 150 -870.4910000000001
1 125 151 -870.4910000000001
1 125 193 -870.4910000000001
1 125 194 -870.4910000000001
1 126 121 -870.4910000000001
1 126 191 -870.4910000000001
1 126 195 -870.4910000000001
1 127 150 -870.4910000000001
1 127 160 -870.4910000000001
1 127 169 -870.4910000000001
1 127 195 -870.4910000000001
1 127 199 -1740.98
1 128 122 -870.4910000000001
1 128 148 -870.4910000000001
1 128 149 -870.4910000000001
1 128 152 -870.4910000000001
1 128 153 -870.4910000000001
1 128 154 -870.4910000000001
1 128 157 -870.4910000000001
1 128 199 -870.4910000000001
1 129 117 -870.4910000000001
1 129 119 -870.4910000000001
1 129 122 -870.4910000000001
1 129 146 -870.4910000000001
1 129 154 -1740.98
1 129 162 -870.4910000000001
1 129 176 -870.4910000000001
1 130 120 -870.4910000000001
1 130 154 -870.4910000000001
1 130 155 -870.4910000000001
1 130 156 -2611.47
1 130 194 -870.4910000000001
1 131 112 -870.4910000000001
1 131 121 -870.4910000000001
1 131 122 -870.4910000000001
1 131 150 -870.4910000000001
1 131 156 -870.4910000000001
1 131 157 -870.4910000000001
1 131 158 -870.4910000000001
1 131 161 -1740.98
1 131 198 -870.4910000000001
1 132 112 -870.4910000000001
1 132 155 -870.4910000000001
1 132 156 -870.4910000000001
1 132 160 -870.4910000000001
1 132 161 -1740.98
1 133 155 -870.4910000000001
1 133 159 -870.4910000000001
1 133 160 -1740.98
1 133 192 -1740.98
1 133 193 -870.4910000000001
1 134 148 -870.4910000000001
1 134 150 -870.4910000000001
1 134 151 -870.4910000000001
1 134 156 -870.4910000000001
1 134 191 -870.4910000000001
1 134 193 -3481.96
1 135 148 -4352.46
1 135 149 -1740.98
1 135 156 -870.4910000000001
1 135 157 -870.4910000000001
1 135 193 -2611.47
1 136 147 -870.4910000000001
1 136 148 -870.4910000000001
1 136 149 -870.4910000000001
1 136 150 -1740.98
1 136 153 -870.4910000000001
1 136 155 -870.4910000000001
1 137 148 -870.4910000000001
1 137 150 -870.4910000000001
1 137 153 -1740.98
1 137 154 -870.4910000000001
1 137 157 -2611.47
1 137 175 -870.4910000000001
1 137 206 -870.4910000000001
1 138 151 -870.4910000000001
1 138 152 -870.4910000000001
1 138 153 -2611.47
1 138 168 -870.4910000000001
1 138 169 -870.4910000000001
1 139 151 -870.4910000000001
1 140 138 -870.4910000000001
1 140 155 -3481.96
1 140 156 -870.4910000000001
1 140 171 -870.4910000000001
1 140 180 -870.4910000000001
1 141 149 -870.4910000000001
1 141 154 -1740.98
1 141 157 -870.4910000000001
1 141 171 -870.4910000000001
1 141 199 -1740.98
1 142 155 -870.4910000000001
1 142 156 -870.4910000000001
1 142 157 -870.4910000000001
1 142 158 -870.4910000000001
1 142 174 -870.4910000000001
1 142 179 -870.4910000000001
1 142 201 -870.4910000000001
1 143 146 -870.4910000000001
1 143 157 -2611.47
1 144 142 -1740.98
1 144 173 -870.4910000000001
1 145 142 -870.4910000000001
1 145 143 -870.4910000000001
1 145 151 -870.4910000000001
1 145 187 -870.4910000000001
1 145 226 -870.4910000000001
1 146 140 -870.4910000000001
1 146 141 -1740.98
1 146 145 -870.4910000000001
1 146 208 -870.4910000000001
1 146 229 -870.4910000000001
1 146 230 -870.4910000000001
1 146 232 -870.4910000000001
1 147 139 -2611.47
1 147 140 -870.4910000000001
1 147 141 -870.4910000000001
1 147 142 -870.4910000000001
1 147 229 -870.4910000000001
1 147 230 -870.4910000000001
1 147 233 -870.4910000000001
1 147 239 -870.4910000000001
1 147 240 -870.4910000000001
1 148 217 -870.4910000000001
1 148 221 -870.4910000000001
1 149 127 -870.4910000000001
1 149 147 -870.4910000000001
1 149 154 -870.4910000000001
1 149 222 -870.4910000000001
1 149 253 -870.4910000000001
1 150 160 -870.4910000000001
1 150 164 -870.4910000000001
1 150 177 -870.4910000000001
1 150 227 -870.4910000000001
1 150 236 -870.4910000000001
1 151 128 -870.4910000000001
1 151 228 -870.4910000000001
1 152 153 -870.4910000000001
1 152 173 -870.4910000000001
1 152 176 -870.4910000000001
1 152 222 -870.4910000000001
1 152 228 -870.4910000000001
1 153 126 -870.4910000000001
1 153 136 -870.4910000000001
1 153 155 -870.4910000000001
1 153 232 -870.4910000000001
1 153 238 -870.4910000000001
1 153 253 -870.4910000000001
1 154 126 -870.4910000000001
1 154 133 -870.4910000000001
1 154 161 -870.4910000000001
1 154 172 -870.4910000000001
1 154 220 -870.4910000000001
1 154 244 -870.4910000000001
1 155 170 -1740.98
1 155 216 -870.4910000000001
1 155 262 -870.4910000000001
1 156 160 -870.4910000000001
1 156 211 -870.4910000000001
1 156 223 -870.4910000000001
1 157 132 -870.4910000000001
1 157 133 -870.4910000000001
1 157 134 -2611.47
1 157 136 -870.4910000000001
1 157 194 -870.4910000000001
1 157 207 -870.4910000000001
1 157 240 -870.4910000000001
1 158 135 -870.4910000000001
1 158 248 -870.4910000000001
1 159 152 -870.4910000000001
1 159 231 -870.4910000000001
1 159 240 -870.4910000000001
1 159 247 -870.4910000000001
1 159 248 -870.4910000000001
1 159 250 -870.4910000000001
1 159 251 -870.4910000000001
1 159 257 -870.4910000000001
1 160 133 -870.4910000000001
1 160 249 -1740.98
1 160 251 -1740.98
1 160 252 -870.4910000000001
1 160 253 -870.4910000000001
1 160 262 -870.4910000000001
1 161 144 -1740.98
1 161 251 -870.4910000000001
1 161 253 -870.4910000000001
1 162 137 -1740.98
1 162 252 -1740.98
1 162 253 -870.4910000000001
1 163 152 -870.4910000000001
1 163 190 -870.4910000000001
1 163 236 -870.4910000000001
1 164 278 -870.4910000000001
1 164 290 -870.4910000000001
1 164 299 -870.4910000000001
1 165 133 -1740.98
1 165 134 -1740.98
1 165 135 -870.4910000000001
1 165 290 -870.4910000000001
1 166 131 -870.4910000000001
1 166 132 -870.4910000000001
1 166 133 -1740.98
1 166 134 -870.4910000000001
1 166 135 -870.4910000000001
1 166 210 -870.4910000000001
1 166 254 -870.4910000000001
1 166 255 -870.4910000000001
1 167 127 -870.4910000000001
1 167 132 -1740.98
1 167 133 -1740.98
1 167 134 -2611.47
1 167 256 -870.4910000000001
1 167 288 -870.4910000000001
1 167 294 -870.4910000000001
1 168 130 -870.4910000000001
1 168 131 -870.4910000000001
1 168 132 -3481.96
1 168 133 -3481.96
1 168 286 -870.4910000000001
1 168 287 -1740.98
1 168 291 -1740.98
1 169 128 -1740.98
1 169 129 -3481.96
1 169 131 -870.4910000000001
1 169 132 -4352.46
1 169 133 -2611.47
1 169 134 -7834.42
1 169 135 -870.4910000000001
1 169 236 -870.4910000000001
1 169 260 -870.4910000000001
1 169 271 -870.4910000000001
1 169 287 -870.4910000000001
1 169 290 -870.4910000000001
1 170 133 -2611.47
1 170 134 -10445.9
1 170 136 -870.4910000000001
1 170 187 -870.4910000000001
1 170 256 -870.4910000000001
1 170 287 -870.4910000000001
1 170 292 -870.4910000000001
1 171 133 -1740.98
1 171 134 -870.4910000000001
1 171 136 -4352.46
1 171 290 -870.4910000000001
1 172 257 -870.4910000000001
1 172 284 -870.4910000000001
1 172 295 -1740.98
1 172 311 -870.4910000000001
1 173 258 -870.4910000000001
1 173 278 -870.4910000000001
1 173 290 -870.4910000000001
1 173 292 -870.4910000000001
1 173 293 -1740.98
1 173 294 -870.4910000000001
1 174 124 -870.4910000000001
1 174 253 -870.4910000000001
1 174 261 -870.4910000000001
1 174 270 -870.4910000000001
1 174 283 -870.4910000000001
1 174 289 -870.4910000000001
1 174 293 -870.4910000000001
1 175 260 -870.4910000000001
1 175 288 -870.4910000000001
1 175 292 -1740.98
1 175 293 -870.4910000000001
1 175 296 -870.4910000000001
1 175 305 -870.4910000000001
1 176 274 -870.4910000000001
1 176 305 -870.4910000000001
1 177 289 -870.4910000000001
1 177 290 -870.4910000000001
1 178 243 -870.4910000000001
1 178 280 -870.4910000000001
1 178 285 -870.4910000000001
1 178 302 -870.4910000000001
1 178 305 -870.4910000000001
1 178 306 -870.4910000000001
1 178 311 -870.4910000000001
1 179 278 -870.4910000000001
1 179 285 -870.4910000000001
1 180 149 -870.4910000000001
1 180 286 -870.4910000000001
1 181 297 -870.4910000000001
1 181 307 -870.4910000000001
1 181 308 -870.4910000000001
1 183 242 -870.4910000000001
1 183 285 -870.4910000000001
1 183 295 -870.4910000000001
1 183 308 -870.4910000000001
1 183 309 -870.4910000000001
1 183 318 -870.4910000000001
1 184 263 -870.4910000000001
1 184 285 -870.4910000000001
1 184 313 -870.4910000000001
1 184 319 -870.4910000000001
1 185 257 -870.4910000000001
1 185 305 -870.4910000000001
1 185 306 -870.4910000000001
1 185 307 -870.4910000000001
1 185 315 -870.4910000000001
1 186 255 -870.4910000000001
1 186 265 -870.4910000000001
1 186 307 -1740.98
1 186 310 -870.4910000000001
1 188 262 -870.4910000000001
1 188 294 -870.4910000000001
1 188 295 -870.4910000000001
1 189 295 -870.4910000000001
1 189 309 -870.4910000000001
1 190 307 -870.4910000000001
1 190 308 -870.4910000000001
1 190 324 -870.4910000000001
1 191 292 -1740.98
1 191 304 -870.4910000000001
1 191 305 -870.4910000000001
1 192 258 -870.4910000000001
1 192 284 -870.4910000000001
1 192 304 -870.4910000000001
1 192 316 -870.4910000000001
1 192 319 -870.4910000000001
1 193 262 -870.4910000000001
1 193 301 -870.4910000000001
1 193 311 -870.4910000000001
1 193 313 -1740.98
1 194 284 -870.4910000000001
1 194 313 -870.4910000000001
1 195 269 -870.4910000000001
1 195 287 -870.4910000000001
1 195 289 -870.4910000000001
1 195 300 -870.4910000000001
1 195 311 -870.4910000000001
1 195 313 -870.4910000000001
1 196 269 -870.4910000000001
1 196 275 -870.4910000000001
1 196 303 -870.4910000000001
1 196 324 -870.4910000000001
1 196 333 -870.4910000000001
1 197 264 -870.4910000000001
1 197 283 -870.4910000000001
1 197 300 -870.4910000000001
1 197 322 -870.4910000000001
1 197 325 -870.4910000000001
1 198 242 -870.4910000000001
1 198 276 -1740.98
1 198 309 -870.4910000000001
1 198 311 -870.4910000000001
1 199 283 -870.4910000000001
1 199 311 -870.4910000000001
1 199 324 -870.4910000000001
1 200 280 -870.4910000000001
1 200 286 -870.4910000000001
1 200 296 -870.4910000000001
1 200 299 -870.4910000000001
1 200 306 -870.4910000000001
1 200 307 -870.4910000000001
1 200 312 -870.4910000000001
1 200 343 -870.4910000000001
1 200 345 -870.4910000000001
1 201 257 -870.4910000000001
1 202 280 -870.4910000000001
1 202 287 -870.4910000000001
1 202 297 -870.4910000000001
1 202 301 -870.4910000000001
1 202 302 -870.4910000000001
1 203 215 -870.4910000000001
1 203 304 -870.4910000000001
1 203 305 -870.4910000000001
1 203 309 -870.4910000000001
1 203 315 -870.4910000000001
1 205 263 -870.4910000000001
1 205 303 -870.4910000000001
1 205 304 -870.4910000000001
1 205 317 -870.4910000000001
1 205 318 -870.4910000000001
1 205 319 -870.4910000000001
1 206 264 -870.4910000000001
1 206 270 -870.4910000000001
1 206 301 -870.4910000000001
1 206 304 -870.4910000000001
1 206 315 -870.4910000000001
1 206 317 -1740.98
1 207 262 -870.4910000000001
1 207 300 -870.4910000000001
1 207 301 -1740.98
1 207 303 -870.4910000000001
1 207 304 -870.4910000000001
1 207 306 -1740.98
1 207 315 -870.4910000000001
1 207 317 -870.4910000000001
1 208 298 -1740.98
1 208 299 -1740.98
1 208 306 -870.4910000000001
1 208 317 -870.4910000000001
1 208 328 -870.4910000000001
1 209 284 -870.4910000000001
1 209 297 -870.4910000000001
1 209 302 -870.4910000000001
1 210 284 -870.4910000000001
1 210 301 -870.4910000000001
1 210 302 -870.4910000000001
1 210 342 -870.4910000000001
1 211 301 -870.4910000000001
1 211 321 -870.4910000000001
1 212 295 -870.4910000000001
1 212 347 -870.4910000000001
1 213 226 -870.4910000000001
1 213 287 -870.4910000000001
1 213 303 -870.4910000000001
1 213 329 -870.4910000000001
1 214 319 -870.4910000000001
1 215 289 -870.4910000000001
1 215 311 -870.4910000000001
1 215 353 -870.4910000000001
1 216 323 -870.4910000000001
1 216 341 -870.4910000000001
1 217 244 -870.4910000000001
1 217 249 -870.4910000000001
1 217 351 -870.4910000000001
1 218 209 -870.4910000000001
1 218 243 -870.4910000000001
1 218 292 -870.4910000000001
1 218 345 -1740.98
1 221 240 -870.4910000000001
1 221 611 -870.4910000000001
1 222 254 -870.4910000000001
1 222 362 -870.4910000000001
1 224 338 -870.4910000000001
1 224 359 -870.4910000000001
1 225 323 -870.4910000000001
1 225 329 -870.4910000000001
1 225 332 -870.4910000000001
1 225 368 -870.4910000000001
1 225 373 -870.4910000000001
1 225 378 -870.4910000000001
1 225 382 -1740.98
1 226 323 -870.4910000000001
1 226 388 -1740.98
1 226 618 -870.4910000000001
1 227 315 -870.4910000000001
1 228 606 -870.4910000000001
1 229 385 -1740.98
1 229 392 -870.4910000000001
1 229 393 -870.4910000000001
1 229 397 -3481.96
1 229 618 -4352.46
1 230 338 -870.4910000000001
1 230 373 -1740.98
1 230 384 -870.4910000000001
1 230 392 -1740.98
1 230 393 -3481.96
1 230 396 -870.4910000000001
1 230 605 -870.4910000000001
1 231 343 -870.4910000000001
1 231 383 -870.4910000000001
1 231 392 -4352.46
1 231 393 -9575.4
1 231 398 -870.4910000000001
1 231 603 -870.4910000000001
1 231 607 -1740.98
1 232 259 -870.4910000000001
1 232 300 -870.4910000000001
1 232 384 -870.4910000000001
1 232 389 -870.4910000000001
1 232 393 -5222.95
1 232 394 -3481.96
1 232 405 -870.4910000000001
1 232 604 -1740.98
1 232 606 -1740.98
1 232 607 -2611.47
1 232 608 -870.4910000000001
1 233 373 -870.4910000000001
1 233 393 -870.4910000000001
1 233 403 -870.4910000000001
1 233 406 -3481.96
1 233 601 -1740.98
1 233 602 -870.4910000000001
1 234 374 -870.4910000000001
1 234 388 -870.4910000000001
1 234 389 -870.4910000000001
1 234 406 -2611.47
1 234 407 -1740.98
1 234 601 -870.4910000000001
1 234 602 -1740.98
1 234 603 -2611.47
1 234 604 -870.4910000000001
1 234 605 -1740.98
1 234 606 -870.4910000000001
1 234 609 -870.4910000000001
1 234 620 -870.4910000000001
1 234 621 -870.4910000000001
1 235 342 -870.4910000000001
1 235 368 -870.4910000000001
1 235 389 -870.4910000000001
1 235 392 -870.4910000000001
1 235 404 -870.4910000000001
1 235 406 -870.4910000000001
1 235 599 -870.4910000000001
1 235 600 -1740.98
1 235 602 -2611.47
1 235 603 -870.4910000000001
1 235 606 -870.4910000000001
1 235 608 -870.4910000000001
1 236 256 -870.4910000000001
1 236 359 -870.4910000000001
1 236 377 -1740.98
1 236 378 -870.4910000000001
1 236 389 -1740.98
1 236 600 -870.4910000000001
1 236 601 -870.4910000000001
1 236 602 -1740.98
1 236 605 -870.4910000000001
1 236 606 -870.4910000000001
1 236 607 -870.4910000000001
1 236 620 -870.4910000000001
1 237 330 -870.4910000000001
1 237 377 -870.4910000000001
1 237 384 -870.4910000000001
1 237 388 -870.4910000000001
1 237 605 -1740.98
1 237 606 -2611.47
1 237 607 -1740.98
1 237 608 -4352.46
1 237 609 -2611.47
1 237 620 -870.4910000000001
1 238 346 -870.4910000000001
1 238 391 -870.4910000000001
1 238 410 -870.4910000000001
1 238 602 -870.4910000000001
1 238 603 -870.4910000000001
1 238 606 -4352.46
1 238 607 -5222.95
1 238 608 -3481.96
1 238 610 -870.4910000000001
1 239 297 -870.4910000000001
1 239 323 -870.4910000000001
1 239 404 -870.4910000000001
1 239 601 -870.4910000000001
1 239 603 -870.4910000000001
1 239 607 -1740.98
1 239 608 -3481.96
1 239 609 -2611.47
1 239 610 -1740.98
1 239 615 -1740.98
1 240 267 -870.4910000000001
1 240 319 -870.4910000000001
1 240 327 -870.4910000000001
1 240 352 -870.4910000000001
1 240 374 -1740.98
1 240 392 -1740.98
1 240 396 -870.4910000000001
1 240 406 -870.4910000000001
1 240 603 -870.4910000000001
1 240 605 -2611.47
1 240 606 -3481.96
1 240 607 -1740.98
1 240 620 -1740.98
1 240 621 -870.4910000000001
1 241 339 -870.4910000000001
1 241 352 -870.4910000000001
1 241 370 -1740.98
1 241 375 -870.4910000000001
1 241 409 -870.4910000000001
1 241 577 -870.4910000000001
1 241 603 -1740.98
1 241 605 -2611.47
1 241 606 -1740.98
1 241 607 -1740.98
1 241 608 -1740.98
1 241 609 -4352.46
1 241 610 -870.4910000000001
1 241 611 -870.4910000000001
1 241 620 -870.4910000000001
1 241 621 -870.4910000000001
1 242 314 -870.4910000000001
1 242 318 -870.4910000000001
1 242 336 -870.4910000000001
1 242 338 -870.4910000000001
1 242 339 -870.4910000000001
1 242 373 -2611.47
1 242 374 -5222.95
1 242 406 -1740.98
1 242 603 -1740.98
1 242 604 -6093.44
1 242 605 -7834.42
1 242 606 -2611.47
1 242 607 -4352.46
1 242 608 -4352.46
1 242 609 -2611.47
1 242 610 -2611.47
1 242 616 -870.4910000000001
1 242 622 -870.4910000000001
1 242 623 -2611.47
1 243 366 -870.4910000000001
1 243 369 -870.4910000000001
1 243 372 -1740.98
1 243 373 -6963.93
1 243 374 -2611.47
1 243 386 -870.4910000000001
1 243 391 -870.4910000000001
1 243 405 -870.4910000000001
1 243 406 -870.4910000000001
1 243 407 -1740.98
1 243 409 -870.4910000000001
1 243 577 -870.4910000000001
1 243 606 -6093.44
1 243 607 -4352.46
1 243 608 -1740.98
1 243 609 -5222.95
1 243 620 -870.4910000000001
1 243 622 -1740.98
1 243 623 -6963.93
1 244 371 -870.4910000000001
1 244 372 -1740.98
1 244 373 -2611.47
1 244 415 -870.4910000000001
1 244 598 -870.4910000000001
1 244 606 -3481.96
1 244 607 -870.4910000000001
1 244 611 -870.4910000000001
1 244 616 -870.4910000000001
1 244 622 -870.4910000000001
1 244 623 -3481.96
1 244 624 -870.4910000000001
1 245 312 -870.4910000000001
1 245 315 -870.4910000000001
1 245 326 -870.4910000000001
1 245 335 -870.4910000000001
1 245 338 -870.4910000000001
1 245 356 -1740.98
1 245 371 -870.4910000000001
1 245 413 -870.4910000000001
1 245 586 -870.4910000000001
1 245 604 -870.4910000000001
1 245 605 -2611.47
1 245 606 -4352.46
1 245 607 -3481.96
1 245 609 -4352.46
1 245 610 -1740.98
1 245 612 -1740.98
1 245 616 -1740.98
1 245 619 -870.4910000000001
1 245 620 -1740.98
1 245 622 -870.4910000000001
1 246 214 -870.4910000000001
1 246 342 -870.4910000000001
1 246 356 -870.4910000000001
1 246 357 -870.4910000000001
1 246 374 -870.4910000000001
1 246 413 -870.4910000000001
1 246 590 -870.4910000000001
1 246 599 -870.4910000000001
1 246 600 -5222.95
1 246 605 -3481.96
1 246 606 -6093.44
1 246 607 -3481.96
1 246 610 -870.4910000000001
1 246 612 -1740.98
1 246 614 -870.4910000000001
1 246 615 -870.4910000000001
1 246 623 -870.4910000000001
1 247 314 -870.4910000000001
1 247 331 -870.4910000000001
1 247 367 -1740.98
1 247 368 -4352.46
1 247 387 -1740.98
1 247 413 -870.4910000000001
1 247 578 -870.4910000000001
1 247 597 -870.4910000000001
1 247 598 -6093.44
1 247 599 -5222.95
1 247 600 -8704.91
1 247 601 -8704.91
1 247 605 -1740.98
1 247 609 -1740.98
1 247 610 -1740.98
1 247 611 -3481.96
1 247 612 -3481.96
1 247 613 -1740.98
1 247 618 -1740.98
1 247 619 -870.4910000000001
1 247 623 -870.4910000000001
1 248 307 -870.4910000000001
1 248 367 -870.4910000000001
1 248 368 -3481.96
1 248 371 -1740.98
1 248 372 -4352.46
1 248 387 -1740.98
1 248 388 -5222.95
1 248 413 -870.4910000000001
1 248 416 -870.4910000000001
1 248 529 -870.4910000000001
1 248 567 -870.4910000000001
1 248 596 -6093.44
1 248 597 -4352.46
1 248 598 -8704.91
1 248 599 -5222.95
1 248 600 -3481.96
1 248 601 -5222.95
1 248 602 -2611.47
1 248 605 -870.4910000000001
1 248 608 -870.4910000000001
1 248 609 -1740.98
1 248 610 -2611.47
1 248 611 -5222.95
1 248 612 -5222.95
1 248 613 -6093.44
1 248 618 -870.4910000000001
1 248 619 -870.4910000000001
1 248 620 -870.4910000000001
1 248 623 -1740.98
1 249 333 -870.4910000000001
1 249 334 -870.4910000000001
1 249 365 -1740.98
1 249 366 -2611.47
1 249 367 -870.4910000000001
1 249 368 -2611.47
1 249 371 -870.4910000000001
1 249 387 -870.4910000000001
1 249 388 -870.4910000000001
1 249 400 -870.4910000000001
1 249 412 -870.4910000000001
1 249 567 -870.4910000000001
1 249 593 -1740.98
1 249 595 -5222.95
1 249 596 -6093.44
1 249 597 -9575.4
1 249 603 -2611.47
1 249 604 -6963.93
1 249 605 -4352.46
1 249 607 -3481.96
1 249 609 -870.4910000000001
1 249 610 -1740.98
1 249 611 -4352.46
1 249 612 -7834.42
1 249 613 -1740.98
1 249 618 -870.4910000000001
1 249 623 -870.4910000000001
1 250 331 -870.4910000000001
1 250 355 -870.4910000000001
1 250 365 -1740.98
1 250 366 -4352.46
1 250 367 -2611.47
1 250 368 -870.4910000000001
1 250 369 -1740.98
1 250 370 -1740.98
1 250 371 -5222.95
1 250 382 -870.4910000000001
1 250 406 -870.4910000000001
1 250 413 -870.4910000000001
1 250 414 -870.4910000000001
1 250 423 -870.4910000000001
1 250 436 -870.4910000000001
1 250 568 -870.4910000000001
1 250 579 -870.4910000000001
1 250 591 -870.4910000000001
1 250 594 -870.4910000000001
1 250 596 -6963.93
1 250 597 -1740.98
1 250 602 -870.4910000000001
1 250 603 -6093.44
1 250 604 -5222.95
1 250 605 -3481.96
1 250 607 -870.4910000000001
1 250 608 -2611.47
1 250 609 -870.4910000000001
1 250 610 -870.4910000000001
1 250 613 -870.4910000000001
1 251 276 -870.4910000000001
1 251 322 -870.4910000000001
1 251 365 -2611.47
1 251 366 -7834.42
1 251 367 -1740.98
1 251 368 -1740.98
1 251 371 -870.4910000000001
1 251 379 -870.4910000000001
1 251 407 -870.4910000000001
1 251 414 -870.4910000000001
1 251 424 -870.4910000000001
1 251 598 -870.4910000000001
1 251 604 -870.4910000000001
1 251 605 -870.4910000000001
1 251 607 -870.4910000000001
1 251 610 -870.4910000000001
1 252 236 -870.4910000000001
1 252 365 -2611.47
1 252 366 -6093.44
1 252 367 -6093.44
1 252 368 -1740.98
1 252 376 -870.4910000000001
1 252 412 -870.4910000000001
1 252 416 -870.4910000000001
1 252 428 -870.4910000000001
1 252 506 -870.4910000000001
1 252 507 -870.4910000000001
1 252 528 -870.4910000000001
1 252 534 -870.4910000000001
1 252 544 -870.4910000000001
1 252 576 -870.4910000000001
1 252 591 -1740.98
1 252 596 -1740.98
1 252 597 -1740.98
1 252 598 -870.4910000000001
1 252 599 -1740.98
1 252 608 -1740.98
1 252 609 -870.4910000000001
1 252 611 -870.4910000000001
1 252 620 -870.4910000000001
1 253 259 -870.4910000000001
1 253 342 -870.4910000000001
1 253 363 -870.4910000000001
1 253 365 -1740.98
1 253 366 -5222.95
1 253 367 -3481.96
1 253 370 -870.4910000000001
1 253 375 -1740.98
1 253 404 -870.4910000000001
1 253 433 -1740.98
1 253 506 -870.4910000000001
1 253 543 -870.4910000000001
1 253 546 -870.4910000000001
1 253 547 -870.4910000000001
1 253 566 -870.4910000000001
1 253 586 -1740.98
1 253 596 -870.4910000000001
1 253 597 -3481.96
1 253 601 -870.4910000000001
1 253 604 -870.4910000000001
1 253 605 -870.4910000000001
1 253 614 -2611.47
1 254 366 -1740.98
1 254 478 -870.4910000000001
1 254 581 -870.4910000000001
1 254 584 -870.4910000000001
1 254 585 -5222.95
1 254 586 -4352.46
1 254 587 -2611.47
1 254 588 -2611.47
1 254 589 -3481.96
1 254 598 -870.4910000000001
1 254 599 -870.4910000000001
1 254 601 -1740.98
1 254 604 -1740.98
1 254 605 -870.4910000000001
1 254 606 -870.4910000000001
1 254 611 -870.4910000000001
1 255 341 -870.4910000000001
1 255 346 -870.4910000000001
1 255 371 -870.4910000000001
1 255 402 -870.4910000000001
1 255 442 -870.4910000000001
1 255 445 -870.4910000000001
1 255 461 -870.4910000000001
1 255 479 -870.4910000000001
1 255 512 -870.4910000000001
1 255 513 -870.4910000000001
1 255 526 -870.4910000000001
1 255 547 -870.4910000000001
1 255 548 -870.4910000000001
1 255 565 -870.4910000000001
1 255 583 -2611.47
1 255 584 -3481.96
1 255 585 -3481.96
1 255 586 -3481.96
1 255 587 -1740.98
1 255 588 -870.4910000000001
1 255 591 -870.4910000000001
1 255 594 -870.4910000000001
1 255 597 -870.4910000000001
1 255 600 -1740.98
1 255 607 -870.4910000000001
1 256 346 -870.4910000000001
1 256 350 -870.4910000000001
1 256 367 -870.4910000000001
1 256 373 -870.4910000000001
1 256 374 -870.4910000000001
1 256 491 -870.4910000000001
1 256 526 -870.4910000000001
1 256 531 -2611.47
1 256 532 -870.4910000000001
1 256 547 -870.4910000000001
1 256 548 -1740.98
1 256 549 -870.4910000000001
1 256 575 -870.4910000000001
1 256 578 -1740.98
1 256 580 -870.4910000000001
1 256 584 -2611.47
1 256 585 -1740.98
1 256 592 -1740.98
1 256 594 -6093.44
1 256 595 -3481.96
1 256 607 -3481.96
1 256 608 -1740.98
1 256 609 -870.4910000000001
1 257 330 -870.4910000000001
1 257 461 -870.4910000000001
1 257 497 -870.4910000000001
1 257 503 -870.4910000000001
1 257 506 -870.4910000000001
1 257 512 -870.4910000000001
1 257 527 -2611.47
1 257 529 -870.4910000000001
1 257 532 -870.4910000000001
1 257 549 -870.4910000000001
1 257 574 -870.4910000000001
1 257 575 -2611.47
1 257 584 -2611.47
1 257 585 -2611.47
1 257 593 -1740.98
1 257 594 -6963.93
1 257 595 -3481.96
1 257 597 -1740.98
1 257 606 -6093.44
1 257 607 -870.4910000000001
1 258 307 -870.4910000000001
1 258 330 -870.4910000000001
1 258 366 -870.4910000000001
1 258 485 -1740.98
1 258 489 -1740.98
1 258 491 -870.4910000000001
1 258 493 -870.4910000000001
1 258 494 -870.4910000000001
1 258 496 -870.4910000000001
1 258 497 -870.4910000000001
1 258 498 -2611.47
1 258 499 -1740.98
1 258 502 -870.4910000000001
1 258 503 -870.4910000000001
1 258 529 -1740.98
1 258 531 -870.4910000000001
1 258 532 -870.4910000000001
1 258 533 -1740.98
1 258 535 -870.4910000000001
1 258 546 -870.4910000000001
1 258 550 -870.4910000000001
1 258 556 -1740.98
1 258 564 -870.4910000000001
1 258 576 -870.4910000000001
1 258 583 -870.4910000000001
1 258 584 -2611.47
1 258 586 -2611.47
1 258 594 -2611.47
1 258 606 -4352.46
1 258 607 -870.4910000000001
1 259 346 -870.4910000000001
1 259 369 -1740.98
1 259 402 -870.4910000000001
1 259 444 -870.4910000000001
1 259 456 -870.4910000000001
1 259 485 -870.4910000000001
1 259 486 -870.4910000000001
1 259 488 -870.4910000000001
1 259 489 -870.4910000000001
1 259 490 -1740.98
1 259 509 -1740.98
1 259 510 -870.4910000000001
1 259 522 -870.4910000000001
1 259 528 -870.4910000000001
1 259 529 -870.4910000000001
1 259 531 -870.4910000000001
1 259 532 -870.4910000000001
1 259 545 -870.4910000000001
1 259 549 -870.4910000000001
1 259 554 -1740.98
1 259 555 -1740.98
1 259 556 -2611.47
1 259 557 -2611.47
1 259 575 -3481.96
1 259 576 -870.4910000000001
1 259 579 -870.4910000000001
1 259 584 -870.4910000000001
1 259 585 -3481.96
1 259 586 -1740.98
1 260 369 -1740.98
1 260 404 -1740.98
1 260 443 -870.4910000000001
1 260 454 -870.4910000000001
1 260 485 -870.4910000000001
1 260 486 -1740.98
1 260 487 -870.4910000000001
1 260 492 -870.4910000000001
1 260 499 -870.4910000000001
1 260 502 -1740.98
1 260 517 -870.4910000000001
1 260 527 -870.4910000000001
1 260 545 -2611.47
1 260 548 -870.4910000000001
1 260 554 -870.4910000000001
1 260 556 -870.4910000000001
1 260 567 -870.4910000000001
1 260 576 -870.4910000000001
1 260 577 -870.4910000000001
1 261 397 -870.4910000000001
1 261 404 -870.4910000000001
1 261 444 -870.4910000000001
1 261 483 -870.4910000000001
1 261 487 -870.4910000000001
1 261 501 -870.4910000000001
1 261 502 -870.4910000000001
1 261 545 -870.4910000000001
1 261 551 -870.4910000000001
1 261 552 -870.4910000000001
1 261 565 -870.4910000000001
1 262 254 -870.4910000000001
1 262 353 -1740.98
1 262 369 -870.4910000000001
1 262 425 -870.4910000000001
1 262 443 -870.4910000000001
1 262 458 -870.4910000000001
1 262 483 -1740.98
1 262 493 -870.4910000000001
1 262 501 -870.4910000000001
1 262 502 -870.4910000000001
1 262 523 -870.4910000000001
1 262 524 -870.4910000000001
1 262 535 -870.4910000000001
1 262 536 -870.4910000000001
1 262 537 -870.4910000000001
1 262 542 -870.4910000000001
1 262 546 -870.4910000000001
1 262 584 -870.4910000000001
1 262 587 -870.4910000000001
1 263 355 -870.4910000000001
1 263 415 -870.4910000000001
1 263 484 -870.4910000000001
1 263 493 -870.4910000000001
1 263 509 -870.4910000000001
1 263 522 -870.4910000000001
1 263 523 -1740.98
1 263 524 -1740.98
1 263 541 -1740.98
1 263 542 -870.4910000000001
1 263 543 -870.4910000000001
1 263 546 -1740.98
1 263 576 -870.4910000000001
1 263 579 -870.4910000000001
1 263 581 -3481.96
1 264 369 -870.4910000000001
1 264 379 -870.4910000000001
1 264 481 -870.4910000000001
1 264 482 -870.4910000000001
1 264 493 -870.4910000000001
1 264 503 -870.4910000000001
1 264 504 -870.4910000000001
1 264 516 -870.4910000000001
1 264 521 -2611.47
1 264 527 -870.4910000000001
1 264 543 -3481.96
1 264 568 -870.4910000000001
1 264 575 -870.4910000000001
1 264 576 -1740.98
1 265 336 -870.4910000000001
1 265 367 -1740.98
1 265 457 -870.4910000000001
1 265 459 -870.4910000000001
1 265 511 -870.4910000000001
1 265 516 -870.4910000000001
1 265 520 -870.4910000000001
1 265 524 -870.4910000000001
1 265 568 -1740.98
1 266 314 -870.4910000000001
1 266 413 -870.4910000000001
1 266 456 -870.4910000000001
1 266 478 -870.4910000000001
1 266 481 -870.4910000000001
1 266 483 -870.4910000000001
1 266 484 -870.4910000000001
1 266 485 -870.4910000000001
1 266 492 -870.4910000000001
1 266 498 -870.4910000000001
1 266 505 -870.4910000000001
1 266 518 -870.4910000000001
1 266 523 -870.4910000000001
1 266 543 -870.4910000000001
1 266 545 -870.4910000000001
1 266 549 -870.4910000000001
1 266 555 -870.4910000000001
1 267 337 -870.4910000000001
1 267 365 -870.4910000000001
1 267 381 -870.4910000000001
1 267 459 -870.4910000000001
1 267 460 -1740.98
1 267 505 -870.4910000000001
1 267 507 -870.4910000000001
1 267 543 -870.4910000000001
1 267 544 -1740.98
1 267 549 -870.4910000000001
1 267 553 -2611.47
1 267 562 -870.4910000000001
1 268 507 -1740.98
1 268 540 -870.4910000000001
1 268 541 -870.4910000000001
1 268 542 -1740.98
1 268 543 -3481.96
1 268 544 -1740.98
1 268 549 -870.4910000000001
1 268 551 -870.4910000000001
1 268 552 -870.4910000000001
1 268 553 -870.4910000000001
1 269 362 -870.4910000000001
1 269 505 -1740.98
1 269 507 -870.4910000000001
1 269 528 -870.4910000000001
1 269 543 -870.4910000000001
1 269 547 -1740.98
1 270 474 -870.4910000000001
1 270 475 -1740.98
1 270 479 -870.4910000000001
1 270 491 -870.4910000000001
1 270 504 -870.4910000000001
1 270 507 -870.4910000000001
1 270 526 -870.4910000000001
1 271 375 -870.4910000000001
1 271 388 -870.4910000000001
1 271 479 -870.4910000000001
1 271 481 -870.4910000000001
1 271 487 -870.4910000000001
1 271 491 -870.4910000000001
1 271 526 -870.4910000000001
1 272 469 -870.4910000000001
1 272 493 -870.4910000000001
1 272 495 -1740.98
1 272 496 -870.4910000000001
1 272 502 -870.4910000000001
1 272 526 -2611.47
1 273 441 -870.4910000000001
1 273 462 -870.4910000000001
1 273 526 -870.4910000000001
1 275 463 -870.4910000000001
1 275 480 -870.4910000000001
1 275 502 -870.4910000000001
1 275 504 -870.4910000000001
1 276 502 -870.4910000000001
1 277 393 -870.4910000000001
1 279 459 -870.4910000000001
1 280 563 -870.4910000000001
1 282 434 -870.4910000000001
1 282 435 -870.4910000000001
1 283 461 -870.4910000000001
1 283 482 -870.4910000000001
1 283 483 -870.4910000000001
1 285 437 -870.4910000000001
1 285 482 -870.4910000000001
1 285 483 -870.4910000000001
1 286 377 -870.4910000000001
1 286 464 -870.4910000000001
1 288 469 -870.4910000000001
1 289 362 -870.4910000000001
1 289 443 -870.4910000000001
1 292 358 -870.4910000000001
1 293 390 -2611.47
1 293 391 -870.4910000000001
1 296 390 -870.4910000000001
1 301 359 -870.4910000000001
1 301 378 -870.4910000000001
1 85 106 -870.4910000000001
1 92 112 -1740.98
1 93 117 -870.4910000000001
1 97 89 -870.4910000000001
1 98 101 -870.4910000000001
1 99 126 -870.4910000000001
1 99 136 -870.4910000000001
1 147 119 -9414.58
1 148 187 -73349.4
1 150 114 -67588.3
1 153 113 -62108.1
1 156 158 -63513.3
1 157 160 -46510.8
1 167 186 -42857.4
1 170 169 -238877.0
1 197 280 -63934.8
1 199 225 -111429.0
1 210 300 -20515.3
1 211 298 -20515.3
1 234 285 -64075.4
1 244 234 -167917.0
1 259 541 -281.03
1 265 469 -140.52
1 267 479 -4496.52
1 271 361 -413.63
1 272 454 -75.33
1 285 433 -9274.06
1 291 453 -120.74
1 299 360 -42997.9
1 131 118 -6182.71
1 132 183 -30211.0
1 140 173 -54941.8
1 141 124 -112413.0
1 142 121 -24730.8
1 155 192 -61686.6
1 157 117 -46510.8
1 157 190 -702.58
1 158 205 -72646.8
1 164 258 -139673.0
1 169 164 -47353.9
1 172 162 -45386.7
1 172 163 -45386.7
1 172 164 -45386.7
1 173 196 -1124.13
1 175 213 -260798.0
1 195 280 -77564.9
1 202 295 -83045.0
1 203 296 -171851.0
1 218 173 -146839.0
1 226 358 -7877.96
1 247 335 -90632.9
1 256 333 -32880.8
1 262 350 -38923.0
1 265 349 -42997.9
1 267 346 -89508.8
1 271 470 -3653.42
1 274 431 -2930300.0
1 280 367 -68993.4
1 285 357 -24028.3
1 289 374 -6885.29
1 293 378 -44122.1
1 299 335 -171008.0
1 143 152 -72225.3
1 144 130 -26136.0
1 151 143 -20936.9
1 152 177 -28103.2
1 153 185 -68571.9
1 153 212 -80094.2
1 154 128 -421.55
1 155 180 -78548.5
1 155 187 -64777.9
1 159 188 -10960.3
1 161 161 -53536.6
1 162 171 -18126.6
1 164 159 -67728.8
1 167 163 -101031.0
1 170 217 -242250.0
1 174 182 -48478.1
1 175 178 -11100.8
1 176 128 -7728.39
1 188 287 -4215.48
1 189 206 -125059.0
1 201 279 -125621.0
1 221 294 -95691.5
1 221 361 -3372.39
1 222 252 -56487.5
1 222 266 -122249.0
1 224 273 -108197.0
1 226 361 -88244.1
1 234 319 -109603.0
1 235 317 -109603.0
1 237 292 -185200.0
1 245 243 -25714.4
1 248 238 -223842.0
1 248 331 -47213.4
1 256 342 -35831.6
1 259 347 -47494.4
1 266 345 -75597.7
1 271 268 -147120.0
1 274 278 -14051.6
1 289 355 -2810.32
1 295 392 -20093.8
1 296 391 -24168.8
1 296 393 -44684.1
1 140 166 -171149.0
1 141 116 -101172.0
1 141 165 -7025.81
1 143 114 -149369.0
1 144 151 -147542.0
1 145 114 -82904.5
1 146 150 -99204.4
1 146 180 -230868.0
1 147 148 -48337.6
1 147 171 -84731.2
1 149 124 -702.58
1 149 181 -217378.0
1 149 202 -74614.1
1 150 172 -81218.3
1 150 183 -257145.0
1 150 186 -192788.0
1 151 178 -192788.0
1 151 181 -166231.0
1 151 211 -15878.3
1 152 180 -292274.0
1 158 173 -1264.65
1 164 124 -2107.74
1 165 167 -22482.6
1 168 164 -48337.6
1 168 166 -48337.6
1 170 115 -33723.9
1 171 125 -3231.87
1 176 222 -17283.5
1 184 210 -81639.9
1 188 207 -124076.0
1 189 288 -13349.0
1 193 280 -72225.3
1 206 280 -48056.5
1 209 273 -80796.8
1 209 281 -42410.5
1 210 249 -74614.1
1 211 263 -97658.7
1 211 296 -23044.7
1 213 270 -62810.7
1 219 272 -25152.4
1 221 302 -3372.39
1 221 317 -97237.2
1 224 287 -42435.9
1 230 352 -178737.0
1 231 270 -21499.0
1 231 347 -25995.5
1 235 295 -68712.4
1 236 320 -159205.0
1 236 342 -56487.5
1 236 344 -29648.9
1 240 337 -92740.6
1 240 357 -74614.1
1 244 333 -3944.53
1 246 332 -28243.7
1 246 337 -21217.9
1 251 334 -93724.3
1 258 343 -4074.97
1 258 345 -17283.5
1 260 345 -29929.9
1 261 340 -23887.7
1 262 286 -9695.61
1 262 361 -29086.8
1 263 344 -21639.5
1 263 350 -21920.5
1 265 517 -281.03
1 267 321 -58454.7
1 267 428 -9185.16
1 269 364 -1686.19
1 269 365 -5480.13
1 270 267 -104544.0
1 270 361 -27681.7
1 271 267 -104544.0
1 271 355 -40328.1
1 271 363 -73068.4
1 275 399 -201.61
1 281 331 -24590.3
1 284 333 -13489.5
1 289 371 -37939.4
1 290 371 -51991.0
1 291 365 -11943.9
1 296 358 -126496.0
1 297 356 -29227.3
1 297 391 -70398.6
1 299 347 -7868.9
1 125 93 -11803.3
1 131 125 -56347.0
1 134 123 -54941.8
1 135 126 -42716.9
1 142 169 -17705.0
1 145 116 -33442.8
1 146 146 -20515.3
1 152 213 -37658.3
1 155 116 -13208.5
1 156 214 -10819.7
1 161 185 -116488.0
1 163 186 -140.52
1 166 203 -11662.8
1 168 216 -81780.4
1 183 232 -229322.0
1 192 232 -366466.0
1 193 235 -127167.0
1 201 310 -1124.13
1 211 195 -5058.58
1 215 261 -69415.0
1 221 339 -68993.4
1 222 324 -14894.7
1 223 263 -52553.0
1 226 354 -59438.3
1 230 358 -30211.0
1 232 347 -9133.55
1 233 341 -34848.0
1 242 618 -34426.4
1 248 344 -71663.2
1 263 345 -110727.0
1 263 427 -140.52
1 263 570 -18969.7
1 264 348 -9976.65
1 265 414 -140.52
1 268 366 -5480.13
1 286 302 -4637.03
1 292 360 -1545.68
1 293 357 -30351.5
1 295 362 -18126.6
1 297 439 -1272680.0
1 132 120 -131383.0
1 134 124 -124919.0
1 134 126 -52272.0
1 135 122 -68852.9
1 137 128 -192086.0
1 145 166 -30351.5
1 150 121 -51147.9
1 150 127 -8009.42
1 152 118 -86698.5
1 156 124 -36534.2
1 158 138 -161313.0
1 158 140 -193912.0
1 160 139 -200517.0
1 185 168 -44122.1
1 224 257 -6323.23
1 230 223 -17564.5
1 276 358 -26979.1
1 281 445 -1124.13
1 282 357 -1967.23
1 137 168 -33864.4
1 149 213 -111570.0
1 189 195 -125762.0
1 190 250 -13208.5
1 192 197 -18267.1
1 210 253 -101453.0
1 217 236 -90492.4
1 245 324 -4356.0
1 270 480 -140.52
1 291 354 -702.58
1 145 131 -56768.5
1 148 166 -15878.3
1 151 118 -13489.5
1 153 116 -4918.06
1 158 114 -20936.9
1 188 197 -67869.3
1 188 204 -51991.0
1 206 169 -4637.03
1 206 281 -983.61
1 208 226 -64637.4
1 211 266 -49030.6
1 213 276 -198409.0
1 214 274 -2840.5
1 220 278 -11083.4
1 223 372 -65902.1
1 232 398 -5058.58
1 233 375 -2529.29
1 236 317 -54941.8
1 239 385 -5514.78
1 239 416 -31.78
1 241 238 -22763.6
1 245 408 -11381.8
1 246 320 -9414.58
1 248 454 -1826.71
1 259 351 -4973.26
1 265 360 -29829.5
1 265 489 -7978.22
1 269 360 -8883.3
1 272 360 -71101.2
1 273 521 -16861.9
1 274 327 -6323.23
1 274 432 -3512.9
1 274 521 -1124.13
1 275 465 -418.15
1 280 371 -3793.94
1 290 322 -84450.2
1 294 354 -42194.3
1 147 183 -20655.9
1 205 310 -421.55
1 268 484 -140.52
1 173 183 -46370.3
1 257 342 -10117.2
1 201 251 -65761.5
1 201 301 -15737.8
1 251 286 -9976.65
1 259 336 -281.03
1 261 570 -18969.7
1 265 488 -281.03
1 294 356 -421.55
1 144 132 -702.58
1 135 160 -12224.9
1 136 173 -8993.03
1 144 189 -17143.0
1 154 112 -1967.23
1 156 131 -1545.68
1 161 179 -112272.0
1 164 169 -19531.7
1 167 247 -5480.13
1 183 205 -421.55
1 186 209 -74754.6
1 204 300 -47.39
1 215 269 -143467.0
1 225 242 -102436.0
1 226 375 -62515.9
1 235 420 -5761.16
1 238 302 -23747.2
1 242 355 -242.56
1 245 406 -2388.77
1 247 591 -2107.74
1 248 590 -2107.74
1 248 593 -2107.74
1 255 333 -65183.3
1 256 443 -547.3
1 258 339 -3050.51
1 258 416 -311.73
1 259 414 -2248.26
1 269 482 -281.03
1 270 476 -2950.84
1 273 523 -175645.0
1 274 506 -4777.55
1 275 479 -26979.1
1 280 458 -2089.92
1 293 458 -31054.1
1 297 388 -1875.98
1 298 384 -144.63
1 298 391 -6604.26
1 204 299 -2529.29
1 221 300 -6042.19
1 140 116 -281.03
1 134 167 -41030.7
1 159 157 -67728.8
1 160 117 -20093.8
1 197 298 -39.86
1 211 290 -22763.6
1 221 351 -140.52
1 226 330 -23941.8
1 237 406 -3806.61
1 244 430 -2529.29
1 247 342 -144.5
1 253 427 -3974.93
1 253 443 -1173.63
1 254 398 -237.36
1 254 442 -3195.75
1 254 444 -983.94
1 254 445 -95.87
1 256 445 -1672.18
1 261 346 -914.77
1 261 369 -2146.22
1 262 555 -140.52
1 263 448 -140.52
1 270 319 -1142.57
1 271 364 -12224.9
1 271 471 -421.55
1 271 489 -3348.72
1 272 371 -281.03
1 273 520 -1124.13
1 275 371 -983.61
1 275 449 -52974.6
1 277 386 -1967.23
1 262 394 -907642.0
1 271 492 -140.52
1 167 168 -22482.6
1 157 122 -983.61
1 160 136 -702.58
1 169 201 -53817.7
1 199 297 -261.05
1 212 315 -189.01
1 214 287 -484.71
1 224 372 -4215.48
1 246 609 -2803.22
1 247 343 -76.84
1 247 590 -2107.74
1 255 446 -777.13
1 261 524 -50467.9
1 261 525 -50467.9
1 268 567 -18969.7
1 276 386 -1967.23
1 278 371 -6323.23
1 281 446 -1264.65
1 284 406 -4777.55
1 291 458 -216.54
1 295 390 -21358.4
1 297 384 -421.55
1 297 387 -421.55
1 165 158 -67728.8
1 178 212 -9695.61
1 240 619 -5901.68
1 257 443 -2572.3
1 162 205 -69836.5
1 170 249 -5480.13
1 244 330 -2950.84
1 248 343 -196.27
1 249 589 -2107.74
1 254 394 -48.9
1 261 362 -29086.8
1 276 469 -140.52
1 276 484 -421.55
1 282 451 -843.1
1 207 193 -14192.1
1 134 173 -8993.03
1 145 139 -1686.19
1 150 115 -16159.3
1 206 299 -14.52
1 239 305 -1368.53
1 261 461 -281.03
1 233 400 -60140.9
1 268 360 -843.1
1 117 117 -14192.1
1 178 182 -5199.1
1 183 311 -3111.29
1 185 196 -57471.1
1 201 309 -1124.13
1 220 175 -106792.0
1 244 355 -14593.6
1 245 261 -14593.6
1 259 512 -843.1
1 260 541 -281.03
1 262 563 -18969.7
1 269 319 -20873.1
1 269 429 -3622.19
1 270 496 -15175.7
1 271 512 -843.1
1 273 506 -2388.77
1 290 355 -17623.7
1 294 370 -36815.2
1 264 474 -140.52
