1 62 1 3798.3
1 61 2 3770.7
1 60 3 3749.7
1 59 4 3733.5
1 58 5 3721.5
1 57 6 3713.4
1 56 7 3709.2
1 55 8 3709.0
1 54 9 3713.4
1 53 10 3722.5
1 52 11 3736.7
1 51 12 3755.5
1 49 13 3767.8
1 50 13 3777.1
1 48 14 3789.3
1 47 15 3784.5
1 46 16 3776.7
1 45 17 3766.9
1 45 18 3767.6
1 45 19 3768.3
1 44 20 3756.4
1 44 21 3756.2
1 44 22 3755.5
1 44 23 3754.2
1 44 24 3752.2
1 44 25 3749.4
1 44 26 3745.6
1 44 27 3740.7
1 44 28 3734.5
1 44 29 3727.0
1 44 30 3717.9
1 44 31 3707.0
1 44 32 3694.2
1 44 33 3679.1
1 44 34 3661.5
1 44 35 3641.1
1 44 36 3617.4
1 44 37 3589.8
1 44 38 3557.8
1 44 39 3520.3
1 44 40 3476.1
1 44 41 3422.8
1 43 42 3304.0
1 43 43 3265.0
1 43 44 3203.3
1 42 45 3052.1
1 42 46 2997.6
1 40 47 2765.7
1 41 47 2812.0
1 40 48 2729.6
1 40 49 2663.5
1 40 50 2567.6
1 35 78 4859.7
1 35 79 4888.1
1 34 80 4945.1
1 33 81 5025.5
1 32 82 5089.1
1 31 83 5102.5
1 30 84 5114.2
1 29 85 5123.1
1 28 86 5145.4
1 27 87 5164.2
1 26 88 5190.3
1 25 89 5217.8
1 25 90 5254.2
1 24 91 5241.3
1 24 92 5256.5
1 24 93 5293.6
1 24 94 5330.6
1 23 95 5345.7
1 23 96 5386.0
1 23 97 5422.3
1 22 98 5430.3
1 22 99 5471.4
1 22 100 5508.4
1 22 101 5545.7
1 21 102 5566.0
1 21 103 5611.1
1 20 104 5633.2
1 20 105 5675.7
1 19 106 5707.7
1 19 107 5752.1
1 18 108 5788.7
1 18 109 5828.5
1 17 110 5747.7
1 17 111 5758.8
1 17 112 5868.1
1 65 109 6030.5
1 66 109 6027.0
1 67 109 5976.4
1 68 109 5941.6
1 69 109 5951.1
1 62 110 5964.5
1 63 110 6002.2
1 64 110 6023.1
1 70 110 6040.0
1 60 111 5859.4
1 61 111 5880.9
1 71 111 6106.0
1 37 112 5647.1
1 38 112 5707.3
1 39 112 5768.9
1 40 112 5814.4
1 41 112 5851.4
1 42 112 5873.4
1 43 112 5884.6
1 44 112 5893.7
1 45 112 5900.9
1 46 112 5910.4
1 47 112 5919.3
1 48 112 5936.9
1 55 112 5739.6
1 56 112 5761.3
1 57 112 5778.4
1 58 112 5795.2
1 59 112 5810.1
1 72 112 6143.0
1 16 113 5956.8
1 33 113 5631.7
1 34 113 5615.1
1 35 113 5599.2
1 36 113 5578.7
1 49 113 5930.6
1 50 113 5908.4
1 51 113 5855.3
1 52 113 5800.7
1 53 113 5744.1
1 54 113 5707.4
1 73 113 6175.3
1 16 114 6015.9
1 29 114 5721.3
1 30 114 5696.1
1 31 114 5668.3
1 32 114 5633.3
1 74 114 6198.4
1 75 114 6202.5
1 16 115 6072.6
1 25 115 5833.0
1 26 115 5810.2
1 27 115 5781.0
1 28 115 5741.0
1 76 115 6234.3
1 16 116 6127.9
1 21 116 5975.7
1 22 116 5990.6
1 23 116 5903.4
1 24 116 5863.2
1 77 116 6249.5
1 78 116 6247.6
1 79 116 6260.2
1 16 117 6182.1
1 20 117 6023.7
1 80 117 6281.1
1 81 117 6279.2
1 82 117 6258.6
1 83 117 6231.1
1 84 117 6202.0
1 16 118 6219.5
1 17 118 6185.7
1 18 118 6138.6
1 19 118 6085.1
1 85 118 6131.5
1 85 119 6089.7
1 86 120 6072.5
1 86 121 6095.2
1 86 122 6120.0
1 86 123 6137.3
1 86 124 6149.7
1 86 125 6159.3
1 86 126 6166.4
1 86 127 6170.1
1 86 128 6170.7
1 86 129 6169.0
1 86 130 6166.3
1 86 131 6162.1
1 86 132 6155.2
1 86 133 6146.5
1 86 134 6134.7
1 86 135 6118.8
1 86 136 6099.7
1 85 137 6050.6
1 85 138 6037.7
1 84 139 6032.8
1 83 140 6073.8
1 82 141 6157.7
1 82 142 6174.0
1 81 143 6226.7
1 80 144 6287.2
1 79 145 6356.2
1 78 146 6419.8
1 77 147 6487.1
1 76 148 6559.0
1 75 149 6636.4
1 75 150 6700.7
1 75 151 6761.3
1 75 152 6821.9
1 75 153 6868.8
1 76 154 6862.0
1 77 154 6849.2
1 78 154 6839.0
1 79 155 6827.7
1 80 155 6815.1
1 81 156 6797.5
1 82 157 6771.0
1 82 158 6748.6
1 83 158 6734.5
1 84 159 6704.6
1 84 160 6676.8
1 84 161 6652.4
1 84 162 6628.5
1 85 163 6603.4
1 86 164 6574.0
1 87 165 6537.0
1 88 166 6502.2
1 89 167 6468.6
1 90 168 6387.2
1 90 169 6337.2
1 91 170 6269.8
1 92 171 6198.4
1 93 172 6167.7
1 94 173 6141.2
1 94 174 6138.8
1 95 175 6123.4
1 95 176 6109.0
1 95 177 6113.7
1 95 178 6120.7
1 95 179 6126.0
1 96 180 5954.7
1 97 181 5971.7
1 98 182 5989.2
1 99 183 6006.7
1 100 184 6022.5
1 101 185 6037.9
1 102 185 6046.3
1 103 185 6061.9
1 104 186 6096.3
1 105 186 6097.4
1 106 187 6100.6
1 107 188 6096.4
1 108 189 5914.1
1 108 190 5916.1
1 108 191 5917.1
1 108 192 5916.7
1 108 193 5912.5
1 107 194 5707.4
1 107 195 5703.4
1 107 196 5695.6
1 107 197 5685.3
1 107 198 5673.3
1 106 199 5634.9
1 106 200 5622.0
1 105 201 5576.1
1 105 202 5562.9
1 104 203 5522.4
1 104 204 5513.7
1 104 205 5498.7
1 104 206 5477.3
1 104 207 5444.2
1 98 208 5460.6
1 99 208 5470.7
1 100 208 5483.1
1 101 208 5496.0
1 102 208 5513.7
1 103 208 5542.4
1 97 209 5451.3
1 97 210 5450.1
1 97 211 5446.0
1 97 212 5440.7
1 96 213 5424.1
1 95 214 5416.7
1 95 215 5415.4
1 94 216 5408.0
1 94 217 5407.1
1 94 218 5406.4
1 95 219 5410.6
1 96 220 5414.1
1 97 221 5418.0
1 97 222 5416.9
1 98 223 5420.2
1 98 224 5418.8
1 99 225 5422.9
1 99 226 5421.0
1 100 227 5242.1
1 128 227 5398.5
1 129 227 5461.6
1 101 228 5248.0
1 107 228 5142.9
1 108 228 5167.8
1 109 228 5196.4
1 110 228 5228.4
1 111 228 5263.1
1 125 228 5283.4
1 126 228 5309.8
1 127 228 5318.0
1 130 228 5187.6
1 131 228 5194.1
1 132 228 5188.2
1 133 228 5189.3
1 134 228 5195.5
1 135 228 5209.9
1 136 228 5226.9
1 137 228 5240.2
1 138 228 5267.0
1 102 229 5252.8
1 106 229 5280.7
1 112 229 5117.3
1 118 229 5143.6
1 119 229 5162.0
1 120 229 5177.9
1 121 229 5192.0
1 122 229 5203.3
1 123 229 5212.7
1 124 229 5215.2
1 139 229 5340.3
1 103 230 5256.3
1 104 230 5258.9
1 105 230 5261.9
1 113 230 5133.9
1 114 230 5125.4
1 115 230 5121.1
1 116 230 5118.6
1 117 230 5110.7
1 140 230 5307.1
1 139 231 5374.7
1 137 232 5411.3
1 138 232 5410.6
1 136 233 5414.6
1 135 234 5407.4
1 133 235 5374.7
1 134 235 5388.0
1 132 236 5357.8
1 130 237 5314.5
1 131 237 5329.7
1 129 238 5303.3
1 128 239 5287.2
1 127 240 5267.3
1 127 241 5257.5
1 127 242 5244.6
1 128 243 5252.9
1 129 244 5251.2
1 129 245 5238.5
1 130 246 5234.7
1 131 246 5233.6
1 132 246 5236.5
1 133 246 5245.8
1 134 246 5263.2
1 135 246 5289.6
1 136 246 5316.8
1 137 246 5336.8
1 138 246 5358.8
1 139 247 5409.5
1 140 247 5434.0
1 141 247 5471.5
1 142 247 5514.8
1 143 248 5577.8
1 144 249 5671.3
1 144 250 5698.1
1 145 251 5749.9
1 145 252 5775.5
1 145 253 5795.8
1 146 254 5829.1
1 146 255 5826.5
1 146 256 5820.5
1 146 257 5812.6
1 146 258 5802.4
1 146 259 5790.6
1 146 260 5777.2
1 146 261 5764.9
1 146 262 5751.7
1 146 263 5738.5
1 146 264 5728.4
1 146 265 0.0
1 147 266 5482.8
1 147 267 5453.7
1 147 268 5428.8
1 147 269 5389.1
1 147 270 5356.1
1 148 271 5306.0
1 148 272 5279.2
1 148 273 5252.1
1 148 274 5230.3
1 149 274 5215.4
1 149 275 5175.8
1 149 276 5143.6
1 149 277 5091.0
1 149 278 5036.4
1 150 279 5132.7
1 150 280 5087.7
1 150 281 5046.5
1 150 282 5016.2
1 151 283 4932.5
1 151 284 4888.7
1 151 285 4855.4
1 152 286 4761.4
1 152 287 4706.8
1 152 288 4662.5
1 152 289 4628.0
1 153 290 4722.8
1 153 291 4696.3
1 153 292 4704.2
1 154 293 4715.0
1 154 294 4726.6
1 154 295 4736.1
1 154 296 4742.2
1 155 297 4760.1
1 155 298 4763.9
1 156 299 4586.8
1 157 299 4593.1
1 158 299 4602.6
1 159 299 4615.1
1 160 299 4631.1
1 161 299 4650.5
1 162 300 4681.7
1 162 301 4684.5
1 162 302 4683.6
1 162 303 4681.0
1 162 304 4678.3
1 163 305 4857.4
1 163 306 4848.4
1 163 307 4838.6
1 163 308 4829.3
1 163 309 4823.2
1 164 310 5039.4
1 165 311 5081.0
1 166 312 5152.7
1 167 313 5211.3
1 168 314 5244.2
1 168 315 5076.7
1 168 316 5081.0
1 169 316 5088.5
1 169 317 5094.3
1 170 317 5104.1
1 171 318 5105.2
1 171 319 5081.8
1 172 320 5033.9
1 172 321 4986.4
1 172 322 4938.1
1 172 323 4887.1
1 172 324 4847.4
1 173 325 4845.9
1 173 326 4849.5
1 173 327 4851.3
1 174 328 4860.7
1 174 329 4862.3
1 174 330 4863.3
1 175 331 4867.8
1 176 331 4871.8
1 177 331 4877.7
1 178 332 4887.1
1 179 333 4889.7
1 179 334 4886.6
1 179 335 4883.5
1 180 336 4881.0
1 181 337 4872.5
1 181 338 4867.8
1 187 338 4741.0
1 188 338 4762.1
1 189 338 4779.7
1 190 338 4793.4
1 182 339 4858.5
1 186 339 4873.5
1 191 339 4797.0
1 192 339 5216.0
1 182 340 4852.5
1 186 340 4857.8
1 193 340 5215.3
1 182 341 4848.9
1 186 341 4847.8
1 194 341 5215.2
1 195 341 5216.8
1 183 342 4845.3
1 184 342 4845.1
1 185 342 4844.6
1 186 342 4843.5
1 196 342 5216.5
1 196 343 5214.4
1 197 344 5213.3
1 198 345 5210.9
1 199 346 5208.8
1 200 346 5210.4
1 201 346 5212.6
1 202 346 5214.7
1 203 346 5215.5
1 204 346 4468.36
1 205 347 5199.5
1 206 347 5193.3
1 207 348 5398.8
1 207 349 5496.1
1 207 350 5637.0
1 206 351 5696.9
1 205 352 5701.7
1 205 353 5706.2
1 205 354 5711.2
1 206 355 5734.1
1 206 356 5742.3
1 207 357 5767.0
1 208 357 5784.2
1 209 358 5465.4
1 210 359 5522.7
1 211 359 5550.7
1 212 360 5470.5
1 212 361 5507.7
1 208 362 5529.9
1 209 362 5534.6
1 210 362 5541.7
1 211 362 5547.4
1 207 363 5526.1
1 206 364 5520.7
1 206 365 5522.0
1 206 366 5522.2
1 206 367 5521.4
1 206 368 5520.4
1 206 369 5519.2
1 207 369 5525.6
1 208 369 5542.1
1 209 369 5563.8
1 210 369 5588.2
1 211 369 5618.5
1 212 369 5654.9
1 213 369 5699.1
1 214 370 5595.6
1 215 370 5629.4
1 216 372 5626.7
1 214 373 5263.1
1 215 373 5351.3
1 214 374 5220.0
1 213 375 5270.2
1 212 376 5247.8
1 211 377 5194.7
1 211 378 5183.6
1 211 379 5178.1
1 211 380 5180.2
1 211 381 5189.3
1 211 382 5243.7
1 211 383 5293.5
1 212 384 45000.0
1 212 385 45000.0
1 212 386 45000.0
1 212 387 45000.0
1 212 388 45000.0
1 212 389 45000.0
1 212 390 45000.0
1 212 391 45000.0
1 212 392 45000.0
1 212 393 45000.0
1 213 394 45000.0
1 213 395 45000.0
1 213 396 45000.0
1 213 397 45000.0
1 213 398 45000.0
1 213 399 45000.0
1 213 400 45000.0
1 213 401 45000.0
1 213 402 45000.0
1 214 403 45000.0
1 214 404 45000.0
1 214 405 45000.0
1 214 406 45000.0
1 214 407 45000.0
1 214 409 45000.0
1 214 410 45000.0
1 214 411 45000.0
1 214 412 45000.0
1 214 413 45000.0
1 214 414 45000.0
1 214 415 45000.0
1 215 416 45000.0
1 215 417 45000.0
1 227 417 45000.0
1 228 417 45000.0
1 229 417 45000.0
1 216 418 45000.0
1 226 418 45000.0
1 230 418 45000.0
1 217 419 45000.0
1 218 419 45000.0
1 219 419 45000.0
1 220 419 45000.0
1 221 419 45000.0
1 222 419 45000.0
1 223 419 45000.0
1 224 419 45000.0
1 225 419 45000.0
1 229 419 45000.0
1 229 420 45000.0
1 226 421 45000.0
1 227 421 45000.0
1 228 421 45000.0
1 224 422 45000.0
1 225 422 45000.0
1 224 423 45000.0
1 224 424 45000.0
1 225 424 45000.0
1 226 424 45000.0
1 227 424 45000.0
1 228 424 45000.0
1 229 425 45000.0
1 229 426 45000.0
1 229 427 45000.0
1 229 428 45000.0
1 229 429 45000.0
1 228 430 45000.0
1 228 431 45000.0
1 228 432 45000.0
1 228 433 45000.0
1 228 434 45000.0
1 228 435 45000.0
1 229 435 45000.0
1 230 436 45000.0
1 230 437 45000.0
1 230 438 45000.0
1 230 439 45000.0
1 230 440 45000.0
1 230 441 45000.0
1 230 442 45000.0
1 230 443 45000.0
1 230 444 45000.0
1 230 445 45000.0
1 230 446 45000.0
1 230 447 45000.0
1 230 448 45000.0
1 230 449 45000.0
1 230 450 45000.0
1 230 451 45000.0
1 230 452 45000.0
1 230 453 45000.0
1 230 454 45000.0
1 230 455 45000.0
1 230 456 45000.0
1 231 457 45000.0
1 231 458 45000.0
1 231 459 45000.0
1 231 460 45000.0
1 232 461 45000.0
1 232 462 45000.0
1 232 463 45000.0
1 232 464 45000.0
1 233 464 45000.0
1 234 464 45000.0
1 235 464 45000.0
1 236 464 45000.0
1 237 464 45000.0
1 238 464 45000.0
1 239 465 45000.0
1 239 466 45000.0
1 239 467 5337.1
1 238 468 5337.1
1 238 469 5337.1
1 238 470 5337.1
1 239 471 5337.1
1 240 471 5337.1
1 241 472 5337.1
1 242 472 5337.1
1 243 472 5337.1
1 244 473 5337.1
1 245 474 5337.1
1 246 475 5337.1
1 246 476 5337.1
1 246 477 5337.1
1 246 478 5337.1
1 246 479 5337.1
1 246 480 5337.1
1 245 481 5337.1
1 245 482 5337.1
1 244 483 5337.1
1 243 484 5337.1
1 243 485 5337.1
1 243 486 5337.1
1 243 487 5337.1
1 243 488 5337.1
1 243 489 5337.1
1 242 490 5337.1
1 242 491 5337.1
1 241 492 5337.1
1 241 493 5337.1
1 240 494 5337.1
1 239 495 5337.1
1 238 496 5337.1
1 235 497 5337.1
1 236 497 5337.1
1 237 497 5337.1
1 233 498 5337.1
1 234 498 5337.1
1 233 499 5337.1
1 232 500 5337.1
1 231 501 5337.1
1 231 502 5337.1
1 231 503 5337.1
1 231 504 5337.1
1 231 505 5337.1
1 231 506 5337.1
1 231 507 5337.1
1 231 508 5337.1
1 231 509 5337.1
1 231 510 5337.1
1 231 511 5337.1
1 231 512 5337.1
1 231 513 5337.1
1 231 514 5337.1
1 231 515 5337.1
1 232 516 5337.1
1 232 517 5337.1
1 232 518 5337.1
1 233 519 5337.1
1 233 520 5337.1
1 233 521 5337.1
1 234 522 5337.1
1 234 523 5337.1
1 235 524 5337.1
1 235 525 5337.1
1 236 525 5337.1
1 237 525 5337.1
1 238 525 5337.1
1 239 526 5337.1
1 239 527 5337.1
1 240 528 5437.9
1 240 529 5453.1
1 241 530 5519.7
1 241 531 5549.7
1 241 532 5566.6
1 241 533 5578.1
1 241 534 5586.4
1 242 535 5064.8
1 242 536 5076.1
1 243 536 5094.1
1 244 536 5126.6
1 245 536 5155.2
1 246 537 5210.6
1 246 538 5227.7
1 247 539 5267.6
1 248 540 5303.1
1 249 540 5315.2
1 250 540 5331.6
1 251 541 5365.2
1 250 544 5398.8
1 251 544 5401.1
1 245 545 5344.2
1 246 545 5355.4
1 247 545 5374.0
1 248 545 5387.7
1 249 545 5393.2
1 243 546 5317.7
1 244 546 5321.7
1 243 547 5318.4
1 242 548 5314.5
1 242 549 5314.8
1 241 550 5308.6
1 241 551 5306.9
1 240 552 5296.5
1 239 553 5285.5
1 238 554 0.0
1 237 555 5249.9
1 236 556 5248.8
1 236 557 5248.8
1 232 558 5189.1
1 233 558 5186.1
1 234 558 5193.8
1 235 558 5197.3
1 232 559 5201.2
1 231 560 5201.4
1 231 561 5209.8
1 231 562 5216.5
1 231 563 5221.6
1 231 564 5222.9
1 230 565 5389.7
1 230 566 5382.9
1 230 567 5372.0
1 230 568 5359.6
1 215 371 5678.1
1 39 51 6043.2
1 39 52 5967.8
1 38 53 5714.5
1 38 54 5641.8
1 37 55 5375.6
1 36 56 5152.8
1 35 57 4950.0
1 35 58 4889.0
1 35 59 4787.7
1 35 60 8397.7
1 35 61 8262.3
1 35 62 8125.5
1 35 63 7985.2
1 35 64 7841.2
1 35 65 7693.4
1 35 66 7542.6
1 35 67 7395.4
1 35 68 7276.3
1 36 69 10770.0
1 36 70 10502.6
1 36 71 10250.3
1 36 72 10007.1
1 36 73 9772.1
1 36 74 9559.1
1 36 75 9377.7
1 36 76 9287.9
1 36 77 9255.2
1 230 569 5347.0
1 230 570 5333.5
1 230 571 5317.4
1 230 572 5306.0
1 230 573 5316.9
1 230 574 5332.4
1 230 575 5342.6
1 230 576 5344.7
1 230 577 5179.6
1 230 578 5212.8
1 230 579 5245.9
1 230 580 5275.3
1 230 581 5278.4
1 230 582 5283.8
1 230 583 5286.3
1 230 584 5285.4
1 230 585 5282.0
1 230 586 5277.4
1 230 587 5271.3
1 230 588 5267.4
1 229 589 5251.5
1 229 590 5242.2
1 228 591 5219.5
1 228 592 5203.8
1 228 593 5186.5
1 228 594 5164.3
1 227 595 5120.1
1 227 596 5096.9
1 227 597 5068.8
1 227 598 5035.6
1 227 599 4786.4
1 226 600 4700.2
1 226 601 4698.2
1 226 602 4696.9
1 226 603 4697.6
1 225 604 4268.5
1 224 605 4268.5
1 223 606 4290.4
1 222 607 4310.8
1 223 605 4275.0
1 114 114 -7306.84
1 117 120 -838.663
1 121 111 -10679.2
1 121 113 -8712.0
1 124 115 -1967.23
1 125 116 -5901.68
1 126 120 -4215.48
1 129 121 -11522.3
1 130 122 -698.143
1 133 112 -12646.5
1 135 194 -698.143
1 138 201 -2950.84
1 139 168 -1545.68
1 140 168 -4074.97
1 143 126 -16018.8
1 143 172 -3934.45
1 143 190 -5620.65
1 144 166 -6042.19
1 144 172 -10538.7
1 144 182 -14192.1
1 144 190 -4356.0
1 145 164 -140.52
1 146 117 -4637.03
1 146 188 -140.52
1 146 190 -6463.74
1 147 132 -13068.0
1 147 145 -698.143
1 148 167 -9836.13
1 148 176 -698.143
1 148 196 -20093.8
1 149 145 -8430.97
1 149 146 -9133.55
1 150 124 -1967.23
1 150 128 -140.52
1 150 141 -1124.13
1 150 198 -6885.29
1 151 142 -2950.84
1 151 195 -6463.74
1 152 123 -12927.5
1 152 125 -979.173
1 152 132 -2103.3
1 153 133 -140.52
1 153 142 -27260.1
1 153 192 -10398.2
1 154 125 -140.52
1 154 171 -3789.49
1 154 249 -7025.81
1 155 112 -9133.55
1 155 129 -4918.06
1 155 141 -28384.3
1 156 129 -118736.0
1 156 146 -11522.3
1 157 116 -6323.23
1 157 135 -9827.26
1 157 140 -25573.9
1 157 251 -9695.61
1 158 133 -4351.56
1 158 137 -8009.42
1 158 181 -31616.1
1 159 119 -40468.6
1 159 173 -15737.8
1 160 119 -4496.52
1 161 125 -1124.13
1 161 129 -140.52
1 161 140 -1545.68
1 162 119 -1405.16
1 162 121 -23747.2
1 162 128 -133771.0
1 162 132 -17705.0
1 162 140 -702.58
1 162 167 -140.52
1 162 169 -2248.26
1 163 138 -1822.27
1 163 139 -140.52
1 164 135 -5058.58
1 164 187 -14192.1
1 165 130 -11100.8
1 165 131 -421.55
1 166 126 -421.55
1 167 259 -562.06
1 168 123 -1264.65
1 168 208 -3793.94
1 169 163 -48337.6
1 170 131 -7306.84
1 170 132 -702.58
1 170 163 -20515.3
1 171 130 -8009.42
1 171 131 -6744.77
1 171 132 -8712.0
1 172 130 -10257.7
1 172 218 -17424.0
1 174 123 -5339.61
1 174 135 -5339.61
1 175 134 -21077.4
1 175 204 -140.52
1 176 176 -3934.45
1 176 202 -2107.74
1 177 133 -24028.3
1 177 211 -5761.16
1 178 164 -23044.7
1 178 261 -48197.0
1 179 181 -42014.3
1 179 183 -8993.03
1 180 208 -27681.7
1 183 184 -22623.1
1 184 246 -3934.45
1 187 200 -31616.1
1 188 198 -9695.61
1 188 209 -8852.52
1 188 240 -11943.9
1 188 258 -10398.2
1 191 191 -59016.8
1 191 281 -11241.3
1 193 256 -2107.74
1 193 260 -17044.6
1 195 276 -140.52
1 197 252 -3512.9
1 198 297 -983.61
1 198 298 -698.143
1 199 211 -14332.7
1 199 231 -5480.13
1 199 298 -698.143
1 200 298 -698.143
1 201 234 -140.52
1 203 275 -13068.0
1 203 280 -2388.77
1 204 248 -17253.9
1 205 300 -723.9830000000001
1 206 286 -3816.28
1 206 300 -1396.29
1 210 264 -421.55
1 211 255 -11522.3
1 211 332 -6154.61
1 212 226 -1686.19
1 213 264 -281.03
1 213 300 -2248.26
1 214 240 -21780.0
1 215 260 -15316.3
1 216 238 -13068.0
1 216 267 -7447.35
1 217 365 -843.1
1 218 179 -15878.3
1 219 310 -843.1
1 221 223 -4496.52
1 221 246 -5058.58
1 221 284 -11417.8
1 222 352 -16355.5
1 222 358 -1124.13
1 222 369 -14473.2
1 223 271 -4496.52
1 224 301 -6463.74
1 224 374 -6758.89
1 226 311 -4074.97
1 226 331 -46551.1
1 226 350 -194.08
1 226 365 -2253.78
1 226 382 -12114.9
1 227 270 -1545.68
1 228 225 -18548.1
1 230 255 -10257.7
1 230 361 -9274.06
1 231 401 -838.663
1 232 364 -131.94
1 232 370 -16979.2
1 233 337 -698.143
1 233 394 -1396.29
1 233 399 -79391.6
1 234 304 -3796.65
1 234 393 -698.143
1 235 338 -140.52
1 235 400 -1967.23
1 235 605 -8950.88
1 235 609 -33461.9
1 236 263 -2529.29
1 236 351 -3934.45
1 236 609 -102.49
1 237 237 -4496.52
1 237 316 -23889.7
1 237 357 -2067.09
1 237 389 -698.143
1 238 221 -843.1
1 238 398 -4.69
1 238 605 -3490.72
1 238 609 -1468.8
1 239 250 -140.52
1 239 338 -3793.94
1 239 426 -843.1
1 239 605 -3490.72
1 239 606 -2094.43
1 239 619 -698.143
1 240 380 -698.143
1 240 426 -698.143
1 240 608 -2792.57
1 241 335 -5901.68
1 241 342 -6885.29
1 241 358 -421.55
1 241 604 -698.143
1 242 311 -5690.9
1 243 357 -6042.19
1 243 371 -9044.8
1 243 389 -2388.77
1 243 422 -140.52
1 243 431 -59.66
1 243 605 -3490.72
1 244 431 -124.09
1 244 605 -4188.86
1 244 621 -1396.29
1 245 238 -18548.1
1 245 322 -18267.4
1 245 337 -838.663
1 245 621 -698.143
1 246 321 -4091.38
1 246 618 -2094.43
1 247 344 -698.143
1 247 383 -11837.2
1 247 384 -2485370.0
1 248 251 -27068.2
1 248 436 -3934.45
1 248 444 -24707.7
1 248 589 -3793.94
1 249 373 -698.143
1 249 389 -9274.06
1 249 424 -6459.3
1 249 430 -39992.3
1 249 436 -5740.72
1 249 606 -3490.72
1 250 239 -13770.6
1 250 326 -2509.48
1 250 424 -698.143
1 250 425 -466935.0
1 250 431 -48264.8
1 250 595 -2375.46
1 251 300 -9836.13
1 251 333 -992.23
1 251 356 -22497.2
1 251 408 -463.7
1 251 456 -838.663
1 251 457 -28.47
1 251 594 -698.143
1 251 595 -762.5830000000001
1 251 596 -1396.29
1 252 230 -6323.23
1 252 285 -4215.48
1 252 329 -28684.3
1 252 450 -1124.13
1 252 595 -698.143
1 252 606 -698.143
1 253 298 -421.55
1 253 331 -14123.3
1 253 332 -17614.4
1 253 416 -140.52
1 253 420 -6011.95
1 253 445 -57469.8
1 254 338 -1826.71
1 254 367 -702.58
1 254 407 -166.05
1 254 597 -698.143
1 254 607 -3789.49
1 255 381 -28524.8
1 255 383 -43981.6
1 255 388 -33583.4
1 255 395 -1405.16
1 255 420 -8009.42
1 255 439 -16018.8
1 255 443 -91519.5
1 255 595 -698.143
1 255 596 -698.143
1 255 606 -698.143
1 255 609 -45060.2
1 255 610 -8050.16
1 256 314 -7487.76
1 256 335 -6042.19
1 256 341 -421.55
1 256 370 -7213.86
1 256 413 -3091.35
1 256 586 -44191.6
1 256 593 -2792.57
1 257 238 -983.61
1 257 324 -403.44
1 257 413 -3512.9
1 257 576 -4818.95
1 257 599 -13649.0
1 257 600 -71241.7
1 258 325 -13171.6
1 258 336 -3325.61
1 258 418 -129879.0
1 258 420 -65381.1
1 258 442 -680044.0
1 258 464 -562.06
1 258 585 -4188.86
1 258 595 -1396.29
1 258 601 -21780.0
1 258 602 -97264.3
1 259 340 -9972.2
1 259 371 -2342.1
1 259 405 -123377.0
1 259 588 -26924.9
1 259 592 -1158.06
1 259 593 -989.273
1 260 342 -4777.55
1 260 349 -843.1
1 260 407 -3297770.0
1 260 413 -216906.0
1 260 424 -1100.07
1 260 463 -65902.1
1 260 464 -19812.8
1 260 585 -55682.7
1 260 586 -68721.7
1 260 587 -40974.5
1 261 337 -4356.0
1 261 355 -4637.03
1 261 381 -212044.0
1 261 395 -7068.23
1 261 416 -23747.2
1 261 418 -698.143
1 261 429 -34757.0
1 261 464 -33442.8
1 261 492 -698.143
1 261 571 -12224.9
1 261 576 -42961.4
1 262 345 -2810.32
1 262 540 -282.4
1 262 564 -7663.6
1 262 567 -35962.5
1 262 568 -19531.7
1 262 570 -211898.0
1 262 571 -3512.9
1 263 340 -843.1
1 263 471 -6885.29
1 263 477 -1405.16
1 263 520 -1396.29
1 263 574 -421.55
1 263 582 -4742.12
1 264 265 -140.52
1 264 344 -2810.32
1 264 345 -2669.81
1 264 367 -698.143
1 264 383 -34144.6
1 264 407 -3934.45
1 264 428 -163164.0
1 264 468 -65.42
1 264 471 -10117.2
1 264 476 -80656.3
1 264 477 -1405.16
1 264 523 -2656.49
1 264 524 -562.06
1 264 549 -3739.95
1 265 364 -10864.0
1 265 374 -136454.0
1 265 380 -64.77
1 265 422 -146224.0
1 265 523 -4249.15
1 266 337 -698.143
1 266 340 -1124.13
1 266 462 -281.03
1 267 391 -15456.8
1 267 463 -2810.32
1 267 555 -838.663
1 267 556 -698.143
1 268 333 -3372.39
1 268 334 -1967.23
1 268 379 -306.17
1 268 436 -1357100.0
1 268 455 -35.65
1 268 479 -983.61
1 268 480 -140.52
1 268 489 -14965.9
1 269 363 -698.143
1 269 397 -20936.9
1 269 450 -3372.39
1 269 456 -5545.6
1 269 541 -31330.7
1 270 337 -562.06
1 270 352 -4074.97
1 270 397 -20374.8
1 270 412 -33574.1
1 270 417 -34015.9
1 270 429 -981.33
1 270 481 -698.143
1 270 483 -1020.61
1 270 484 -698.143
1 270 486 -7382.87
1 270 498 -39204.0
1 270 539 -140.52
1 271 319 -50162.2
1 271 335 -421.55
1 271 368 -7728.39
1 271 415 -53453.5
1 271 451 -3653.42
1 271 485 -308.57
1 271 493 -88818.7
1 271 498 -246184.0
1 271 537 -31398.5
1 272 336 -14.17
1 272 337 -18612.5
1 272 351 -22482.6
1 272 366 -140.52
1 272 368 -27779.7
1 272 450 -4918.06
1 272 451 -26417.0
1 272 453 -281.03
1 272 462 -2402760.0
1 272 490 -421.55
1 272 491 -3.02
1 272 497 -33400.2
1 272 498 -843.1
1 272 530 -15888.6
1 272 532 -58903.6
1 272 535 -10967.1
1 273 363 -5761.16
1 273 392 -16.52
1 273 410 -983.61
1 273 480 -5199.1
1 273 510 -698.143
1 273 516 -19411.8
1 273 517 -489876.0
1 273 518 -525.62
1 274 409 -1967.23
1 274 520 -29227.3
1 274 523 -562.06
1 275 367 -146558.0
1 275 441 -356946.0
1 275 450 -30773.0
1 275 506 -140.52
1 276 364 -15737.8
1 276 366 -85714.8
1 276 392 -281.03
1 276 446 -3091.35
1 276 474 -27119.1
1 277 294 -64942.8
1 277 390 -2388.77
1 277 407 -1114570.0
1 277 431 -7041.83
1 277 468 -140.52
1 277 472 -10137.5
1 277 480 -62994.4
1 278 365 -23747.2
1 278 435 -17.44
1 278 482 -6744.77
1 279 310 -26604.9
1 279 336 -3793.94
1 279 388 -238.57
1 279 433 -184036.0
1 279 438 -254898.0
1 279 449 -1405.16
1 279 475 -134669.0
1 279 485 -13068.0
1 280 365 -1124.13
1 280 433 -23885.5
1 280 442 -7728.39
1 280 469 -8570.01
1 280 471 -54895.6
1 281 386 -31.4
1 281 388 -221.89
1 281 458 -816822.0
1 282 409 -5761.16
1 282 424 -2810.32
1 282 430 -843.1
1 282 436 -3373.5
1 282 454 -835.28
1 282 457 -238.0
1 283 354 -562.06
1 283 429 -325435.0
1 283 449 -34015.9
1 283 452 -16219.5
1 283 455 -89888.9
1 283 468 -49573.7
1 284 339 -39355.3
1 284 457 -6042.19
1 284 463 -555698.0
1 284 481 -4336.38
1 285 336 -562.06
1 285 374 -1264.65
1 285 467 -99937.4
1 285 475 -304.28
1 286 330 -51091.6
1 286 425 -238111.0
1 286 475 -22571.2
1 286 477 -54409.2
1 287 329 -1742.48
1 287 388 -20321.2
1 287 426 -266126.0
1 287 477 -89414.3
1 288 372 -702.58
1 288 419 -9695.61
1 288 423 -963.88
1 288 426 -698.143
1 289 351 -16018.8
1 289 404 -207584.0
1 289 459 -30970.8
1 289 468 -17740.7
1 290 374 -14613.7
1 290 382 -561483.0
1 290 402 -77.62
1 290 411 -5480.13
1 290 412 -21493.2
1 290 413 -19953.3
1 290 420 -508.11
1 290 477 -242148.0
1 291 350 -562.06
1 291 355 -19466.4
1 291 373 -2248.26
1 291 397 -279.46
1 291 419 -1380510.0
1 292 361 -2388.77
1 292 365 -20234.3
1 292 416 -421.55
1 292 469 -34516.0
1 294 435 -13068.0
1 294 447 -24926.7
1 294 458 -1767.06
1 295 391 -9414.58
1 295 430 -441.76
1 296 388 -1180.54
1 296 398 -75261.0
1 296 406 -68168.5
1 296 433 -8712.0
1 297 381 -2248.26
1 297 383 -1967.23
1 297 395 -275477.0
1 297 401 -157278.0
1 297 402 -39616.9
1 297 413 -1257260.0
1 297 415 -93724.3
1 297 442 -68614.9
1 298 389 -562.06
1 299 354 -421.55
1 299 355 -1264.65
1 299 387 -519.01
1 334 405 -24028.3
1 102 110 -698.143
1 102 113 -698.143
1 103 100 -698.143
1 103 104 -698.143
1 104 115 -698.143
1 105 115 -698.143
1 105 139 -698.143
1 108 117 -698.143
1 109 112 -698.143
1 111 155 -698.143
1 111 208 -698.143
1 112 181 -698.143
1 113 111 -698.143
1 113 159 -698.143
1 113 211 -698.143
1 114 173 -698.143
1 114 212 -1396.29
1 115 212 -1396.29
1 116 121 -698.143
1 116 150 -698.143
1 116 166 -698.143
1 117 119 -698.143
1 117 168 -698.143
1 117 210 -698.143
1 119 194 -698.143
1 119 202 -698.143
1 119 96 -698.143
1 120 155 -698.143
1 120 94 -698.143
1 121 187 -698.143
1 123 110 -698.143
1 123 111 -698.143
1 123 158 -698.143
1 123 168 -698.143
1 123 193 -698.143
1 123 202 -1396.29
1 125 150 -698.143
1 125 151 -698.143
1 125 193 -698.143
1 125 194 -698.143
1 126 121 -698.143
1 126 191 -698.143
1 126 195 -698.143
1 127 150 -698.143
1 127 160 -698.143
1 127 169 -698.143
1 127 195 -698.143
1 127 199 -1396.29
1 128 122 -698.143
1 128 148 -698.143
1 128 149 -698.143
1 128 152 -698.143
1 128 153 -698.143
1 128 154 -698.143
1 128 157 -698.143
1 128 199 -698.143
1 129 117 -698.143
1 129 119 -698.143
1 129 122 -698.143
1 129 146 -698.143
1 129 154 -1396.29
1 129 162 -698.143
1 129 176 -698.143
1 130 120 -698.143
1 130 154 -698.143
1 130 155 -698.143
1 130 156 -2094.43
1 130 194 -698.143
1 131 112 -698.143
1 131 121 -698.143
1 131 122 -698.143
1 131 150 -698.143
1 131 156 -698.143
1 131 157 -698.143
1 131 158 -698.143
1 131 161 -1396.29
1 131 198 -698.143
1 132 112 -698.143
1 132 155 -698.143
1 132 156 -698.143
1 132 160 -698.143
1 132 161 -1396.29
1 133 155 -698.143
1 133 159 -698.143
1 133 160 -1396.29
1 133 192 -1396.29
1 133 193 -698.143
1 134 148 -698.143
1 134 150 -698.143
1 134 151 -698.143
1 134 156 -698.143
1 134 191 -698.143
1 134 193 -2792.57
1 135 148 -3490.72
1 135 149 -1396.29
1 135 156 -698.143
1 135 157 -698.143
1 135 193 -2094.43
1 136 147 -698.143
1 136 148 -698.143
1 136 149 -698.143
1 136 150 -1396.29
1 136 153 -698.143
1 136 155 -698.143
1 137 148 -698.143
1 137 150 -698.143
1 137 153 -1396.29
1 137 154 -698.143
1 137 157 -2094.43
1 137 175 -698.143
1 137 206 -698.143
1 138 151 -698.143
1 138 152 -698.143
1 138 153 -2094.43
1 138 168 -698.143
1 138 169 -698.143
1 139 151 -698.143
1 140 138 -698.143
1 140 155 -2792.57
1 140 156 -698.143
1 140 171 -698.143
1 140 180 -698.143
1 141 149 -698.143
1 141 154 -1396.29
1 141 157 -698.143
1 141 171 -698.143
1 141 199 -1396.29
1 142 155 -698.143
1 142 156 -698.143
1 142 157 -698.143
1 142 158 -698.143
1 142 174 -698.143
1 142 179 -698.143
1 142 201 -698.143
1 143 146 -698.143
1 143 157 -2094.43
1 144 142 -1396.29
1 144 173 -698.143
1 145 142 -698.143
1 145 143 -698.143
1 145 151 -698.143
1 145 187 -698.143
1 145 226 -698.143
1 146 140 -698.143
1 146 141 -1396.29
1 146 145 -698.143
1 146 208 -698.143
1 146 229 -698.143
1 146 230 -698.143
1 146 232 -698.143
1 147 139 -2094.43
1 147 140 -698.143
1 147 141 -698.143
1 147 142 -698.143
1 147 229 -698.143
1 147 230 -698.143
1 147 233 -698.143
1 147 239 -698.143
1 147 240 -698.143
1 148 217 -698.143
1 148 221 -698.143
1 149 127 -698.143
1 149 147 -698.143
1 149 154 -698.143
1 149 222 -698.143
1 149 253 -698.143
1 150 160 -698.143
1 150 164 -698.143
1 150 177 -698.143
1 150 227 -698.143
1 150 236 -698.143
1 151 128 -698.143
1 151 228 -698.143
1 152 153 -698.143
1 152 173 -698.143
1 152 176 -698.143
1 152 222 -698.143
1 152 228 -698.143
1 153 126 -698.143
1 153 136 -698.143
1 153 155 -698.143
1 153 232 -698.143
1 153 238 -698.143
1 153 253 -698.143
1 154 126 -698.143
1 154 133 -698.143
1 154 161 -698.143
1 154 172 -698.143
1 154 220 -698.143
1 154 244 -698.143
1 155 170 -1396.29
1 155 216 -698.143
1 155 262 -698.143
1 156 160 -698.143
1 156 211 -698.143
1 156 223 -698.143
1 157 132 -698.143
1 157 133 -698.143
1 157 134 -2094.43
1 157 136 -698.143
1 157 194 -698.143
1 157 207 -698.143
1 157 240 -698.143
1 158 135 -698.143
1 158 248 -698.143
1 159 152 -698.143
1 159 231 -698.143
1 159 240 -698.143
1 159 247 -698.143
1 159 248 -698.143
1 159 250 -698.143
1 159 251 -698.143
1 159 257 -698.143
1 160 133 -698.143
1 160 249 -1396.29
1 160 251 -1396.29
1 160 252 -698.143
1 160 253 -698.143
1 160 262 -698.143
1 161 144 -1396.29
1 161 251 -698.143
1 161 253 -698.143
1 162 137 -1396.29
1 162 252 -1396.29
1 162 253 -698.143
1 163 152 -698.143
1 163 190 -698.143
1 163 236 -698.143
1 164 278 -698.143
1 164 290 -698.143
1 164 299 -698.143
1 165 133 -1396.29
1 165 134 -1396.29
1 165 135 -698.143
1 165 290 -698.143
1 166 131 -698.143
1 166 132 -698.143
1 166 133 -1396.29
1 166 134 -698.143
1 166 135 -698.143
1 166 210 -698.143
1 166 254 -698.143
1 166 255 -698.143
1 167 127 -698.143
1 167 132 -1396.29
1 167 133 -1396.29
1 167 134 -2094.43
1 167 256 -698.143
1 167 288 -698.143
1 167 294 -698.143
1 168 130 -698.143
1 168 131 -698.143
1 168 132 -2792.57
1 168 133 -2792.57
1 168 286 -698.143
1 168 287 -1396.29
1 168 291 -1396.29
1 169 128 -1396.29
1 169 129 -2792.57
1 169 131 -698.143
1 169 132 -3490.72
1 169 133 -2094.43
1 169 134 -6283.29
1 169 135 -698.143
1 169 236 -698.143
1 169 260 -698.143
1 169 271 -698.143
1 169 287 -698.143
1 169 290 -698.143
1 170 133 -2094.43
1 170 134 -8377.72
1 170 136 -698.143
1 170 187 -698.143
1 170 256 -698.143
1 170 287 -698.143
1 170 292 -698.143
1 171 133 -1396.29
1 171 134 -698.143
1 171 136 -3490.72
1 171 290 -698.143
1 172 257 -698.143
1 172 284 -698.143
1 172 295 -1396.29
1 172 311 -698.143
1 173 258 -698.143
1 173 278 -698.143
1 173 290 -698.143
1 173 292 -698.143
1 173 293 -1396.29
1 173 294 -698.143
1 174 124 -698.143
1 174 253 -698.143
1 174 261 -698.143
1 174 270 -698.143
1 174 283 -698.143
1 174 289 -698.143
1 174 293 -698.143
1 175 260 -698.143
1 175 288 -698.143
1 175 292 -1396.29
1 175 293 -698.143
1 175 296 -698.143
1 175 305 -698.143
1 176 274 -698.143
1 176 305 -698.143
1 177 289 -698.143
1 177 290 -698.143
1 178 243 -698.143
1 178 280 -698.143
1 178 285 -698.143
1 178 302 -698.143
1 178 305 -698.143
1 178 306 -698.143
1 178 311 -698.143
1 179 278 -698.143
1 179 285 -698.143
1 180 149 -698.143
1 180 286 -698.143
1 181 297 -698.143
1 181 307 -698.143
1 181 308 -698.143
1 183 242 -698.143
1 183 285 -698.143
1 183 295 -698.143
1 183 308 -698.143
1 183 309 -698.143
1 183 318 -698.143
1 184 263 -698.143
1 184 285 -698.143
1 184 313 -698.143
1 184 319 -698.143
1 185 257 -698.143
1 185 305 -698.143
1 185 306 -698.143
1 185 307 -698.143
1 185 315 -698.143
1 186 255 -698.143
1 186 265 -698.143
1 186 307 -1396.29
1 186 310 -698.143
1 188 262 -698.143
1 188 294 -698.143
1 188 295 -698.143
1 189 295 -698.143
1 189 309 -698.143
1 190 307 -698.143
1 190 308 -698.143
1 190 324 -698.143
1 191 292 -1396.29
1 191 304 -698.143
1 191 305 -698.143
1 192 258 -698.143
1 192 284 -698.143
1 192 304 -698.143
1 192 316 -698.143
1 192 319 -698.143
1 193 262 -698.143
1 193 301 -698.143
1 193 311 -698.143
1 193 313 -1396.29
1 194 284 -698.143
1 194 313 -698.143
1 195 269 -698.143
1 195 287 -698.143
1 195 289 -698.143
1 195 300 -698.143
1 195 311 -698.143
1 195 313 -698.143
1 196 269 -698.143
1 196 275 -698.143
1 196 303 -698.143
1 196 324 -698.143
1 196 333 -698.143
1 197 264 -698.143
1 197 283 -698.143
1 197 300 -698.143
1 197 322 -698.143
1 197 325 -698.143
1 198 242 -698.143
1 198 276 -1396.29
1 198 309 -698.143
1 198 311 -698.143
1 199 283 -698.143
1 199 311 -698.143
1 199 324 -698.143
1 200 280 -698.143
1 200 286 -698.143
1 200 296 -698.143
1 200 299 -698.143
1 200 306 -698.143
1 200 307 -698.143
1 200 312 -698.143
1 200 343 -698.143
1 200 345 -698.143
1 201 257 -698.143
1 202 280 -698.143
1 202 287 -698.143
1 202 297 -698.143
1 202 301 -698.143
1 202 302 -698.143
1 203 215 -698.143
1 203 304 -698.143
1 203 305 -698.143
1 203 309 -698.143
1 203 315 -698.143
1 205 263 -698.143
1 205 303 -698.143
1 205 304 -698.143
1 205 317 -698.143
1 205 318 -698.143
1 205 319 -698.143
1 206 264 -698.143
1 206 270 -698.143
1 206 301 -698.143
1 206 304 -698.143
1 206 315 -698.143
1 206 317 -1396.29
1 207 262 -698.143
1 207 300 -698.143
1 207 301 -1396.29
1 207 303 -698.143
1 207 304 -698.143
1 207 306 -1396.29
1 207 315 -698.143
1 207 317 -698.143
1 208 298 -1396.29
1 208 299 -1396.29
1 208 306 -698.143
1 208 317 -698.143
1 208 328 -698.143
1 209 284 -698.143
1 209 297 -698.143
1 209 302 -698.143
1 210 284 -698.143
1 210 301 -698.143
1 210 302 -698.143
1 210 342 -698.143
1 211 301 -698.143
1 211 321 -698.143
1 212 295 -698.143
1 212 347 -698.143
1 213 226 -698.143
1 213 287 -698.143
1 213 303 -698.143
1 213 329 -698.143
1 214 319 -698.143
1 215 289 -698.143
1 215 311 -698.143
1 215 353 -698.143
1 216 323 -698.143
1 216 341 -698.143
1 217 244 -698.143
1 217 249 -698.143
1 217 351 -698.143
1 218 209 -698.143
1 218 243 -698.143
1 218 292 -698.143
1 218 345 -1396.29
1 221 240 -698.143
1 221 611 -698.143
1 222 254 -698.143
1 222 362 -698.143
1 224 338 -698.143
1 224 359 -698.143
1 225 323 -698.143
1 225 329 -698.143
1 225 332 -698.143
1 225 368 -698.143
1 225 373 -698.143
1 225 378 -698.143
1 225 382 -1396.29
1 226 323 -698.143
1 226 388 -1396.29
1 226 618 -698.143
1 227 315 -698.143
1 228 606 -698.143
1 229 385 -1396.29
1 229 392 -698.143
1 229 393 -698.143
1 229 397 -2792.57
1 229 618 -3490.72
1 230 338 -698.143
1 230 373 -1396.29
1 230 384 -698.143
1 230 392 -1396.29
1 230 393 -2792.57
1 230 396 -698.143
1 230 605 -698.143
1 231 343 -698.143
1 231 383 -698.143
1 231 392 -3490.72
1 231 393 -7679.58
1 231 398 -698.143
1 231 603 -698.143
1 231 607 -1396.29
1 232 259 -698.143
1 232 300 -698.143
1 232 384 -698.143
1 232 389 -698.143
1 232 393 -4188.86
1 232 394 -2792.57
1 232 405 -698.143
1 232 604 -1396.29
1 232 606 -1396.29
1 232 607 -2094.43
1 232 608 -698.143
1 233 373 -698.143
1 233 393 -698.143
1 233 403 -698.143
1 233 406 -2792.57
1 233 601 -1396.29
1 233 602 -698.143
1 234 374 -698.143
1 234 388 -698.143
1 234 389 -698.143
1 234 406 -2094.43
1 234 407 -1396.29
1 234 601 -698.143
1 234 602 -1396.29
1 234 603 -2094.43
1 234 604 -698.143
1 234 605 -1396.29
1 234 606 -698.143
1 234 609 -698.143
1 234 620 -698.143
1 234 621 -698.143
1 235 342 -698.143
1 235 368 -698.143
1 235 389 -698.143
1 235 392 -698.143
1 235 404 -698.143
1 235 406 -698.143
1 235 599 -698.143
1 235 600 -1396.29
1 235 602 -2094.43
1 235 603 -698.143
1 235 606 -698.143
1 235 608 -698.143
1 236 256 -698.143
1 236 359 -698.143
1 236 377 -1396.29
1 236 378 -698.143
1 236 389 -1396.29
1 236 600 -698.143
1 236 601 -698.143
1 236 602 -1396.29
1 236 605 -698.143
1 236 606 -698.143
1 236 607 -698.143
1 236 620 -698.143
1 237 330 -698.143
1 237 377 -698.143
1 237 384 -698.143
1 237 388 -698.143
1 237 605 -1396.29
1 237 606 -2094.43
1 237 607 -1396.29
1 237 608 -3490.72
1 237 609 -2094.43
1 237 620 -698.143
1 238 346 -698.143
1 238 391 -698.143
1 238 410 -698.143
1 238 602 -698.143
1 238 603 -698.143
1 238 606 -3490.72
1 238 607 -4188.86
1 238 608 -2792.57
1 238 610 -698.143
1 239 297 -698.143
1 239 323 -698.143
1 239 404 -698.143
1 239 601 -698.143
1 239 603 -698.143
1 239 607 -1396.29
1 239 608 -2792.57
1 239 609 -2094.43
1 239 610 -1396.29
1 239 615 -1396.29
1 240 267 -698.143
1 240 319 -698.143
1 240 327 -698.143
1 240 352 -698.143
1 240 374 -1396.29
1 240 392 -1396.29
1 240 396 -698.143
1 240 406 -698.143
1 240 603 -698.143
1 240 605 -2094.43
1 240 606 -2792.57
1 240 607 -1396.29
1 240 620 -1396.29
1 240 621 -698.143
1 241 339 -698.143
1 241 352 -698.143
1 241 370 -1396.29
1 241 375 -698.143
1 241 409 -698.143
1 241 577 -698.143
1 241 603 -1396.29
1 241 605 -2094.43
1 241 606 -1396.29
1 241 607 -1396.29
1 241 608 -1396.29
1 241 609 -3490.72
1 241 610 -698.143
1 241 611 -698.143
1 241 620 -698.143
1 241 621 -698.143
1 242 314 -698.143
1 242 318 -698.143
1 242 336 -698.143
1 242 338 -698.143
1 242 339 -698.143
1 242 373 -2094.43
1 242 374 -4188.86
1 242 406 -1396.29
1 242 603 -1396.29
1 242 604 -4887.0
1 242 605 -6283.29
1 242 606 -2094.43
1 242 607 -3490.72
1 242 608 -3490.72
1 242 609 -2094.43
1 242 610 -2094.43
1 242 616 -698.143
1 242 622 -698.143
1 242 623 -2094.43
1 243 366 -698.143
1 243 369 -698.143
1 243 372 -1396.29
1 243 373 -5585.15
1 243 374 -2094.43
1 243 386 -698.143
1 243 391 -698.143
1 243 405 -698.143
1 243 406 -698.143
1 243 407 -1396.29
1 243 409 -698.143
1 243 577 -698.143
1 243 606 -4887.0
1 243 607 -3490.72
1 243 608 -1396.29
1 243 609 -4188.86
1 243 620 -698.143
1 243 622 -1396.29
1 243 623 -5585.15
1 244 371 -698.143
1 244 372 -1396.29
1 244 373 -2094.43
1 244 415 -698.143
1 244 598 -698.143
1 244 606 -2792.57
1 244 607 -698.143
1 244 611 -698.143
1 244 616 -698.143
1 244 622 -698.143
1 244 623 -2792.57
1 244 624 -698.143
1 245 312 -698.143
1 245 315 -698.143
1 245 326 -698.143
1 245 335 -698.143
1 245 338 -698.143
1 245 356 -1396.29
1 245 371 -698.143
1 245 413 -698.143
1 245 586 -698.143
1 245 604 -698.143
1 245 605 -2094.43
1 245 606 -3490.72
1 245 607 -2792.57
1 245 609 -3490.72
1 245 610 -1396.29
1 245 612 -1396.29
1 245 616 -1396.29
1 245 619 -698.143
1 245 620 -1396.29
1 245 622 -698.143
1 246 214 -698.143
1 246 342 -698.143
1 246 356 -698.143
1 246 357 -698.143
1 246 374 -698.143
1 246 413 -698.143
1 246 590 -698.143
1 246 599 -698.143
1 246 600 -4188.86
1 246 605 -2792.57
1 246 606 -4887.0
1 246 607 -2792.57
1 246 610 -698.143
1 246 612 -1396.29
1 246 614 -698.143
1 246 615 -698.143
1 246 623 -698.143
1 247 314 -698.143
1 247 331 -698.143
1 247 367 -1396.29
1 247 368 -3490.72
1 247 387 -1396.29
1 247 413 -698.143
1 247 578 -698.143
1 247 597 -698.143
1 247 598 -4887.0
1 247 599 -4188.86
1 247 600 -6981.43
1 247 601 -6981.43
1 247 605 -1396.29
1 247 609 -1396.29
1 247 610 -1396.29
1 247 611 -2792.57
1 247 612 -2792.57
1 247 613 -1396.29
1 247 618 -1396.29
1 247 619 -698.143
1 247 623 -698.143
1 248 307 -698.143
1 248 367 -698.143
1 248 368 -2792.57
1 248 371 -1396.29
1 248 372 -3490.72
1 248 387 -1396.29
1 248 388 -4188.86
1 248 413 -698.143
1 248 416 -698.143
1 248 529 -698.143
1 248 567 -698.143
1 248 596 -4887.0
1 248 597 -3490.72
1 248 598 -6981.43
1 248 599 -4188.86
1 248 600 -2792.57
1 248 601 -4188.86
1 248 602 -2094.43
1 248 605 -698.143
1 248 608 -698.143
1 248 609 -1396.29
1 248 610 -2094.43
1 248 611 -4188.86
1 248 612 -4188.86
1 248 613 -4887.0
1 248 618 -698.143
1 248 619 -698.143
1 248 620 -698.143
1 248 623 -1396.29
1 249 333 -698.143
1 249 334 -698.143
1 249 365 -1396.29
1 249 366 -2094.43
1 249 367 -698.143
1 249 368 -2094.43
1 249 371 -698.143
1 249 387 -698.143
1 249 388 -698.143
1 249 400 -698.143
1 249 412 -698.143
1 249 567 -698.143
1 249 593 -1396.29
1 249 595 -4188.86
1 249 596 -4887.0
1 249 597 -7679.58
1 249 603 -2094.43
1 249 604 -5585.15
1 249 605 -3490.72
1 249 607 -2792.57
1 249 609 -698.143
1 249 610 -1396.29
1 249 611 -3490.72
1 249 612 -6283.29
1 249 613 -1396.29
1 249 618 -698.143
1 249 623 -698.143
1 250 331 -698.143
1 250 355 -698.143
1 250 365 -1396.29
1 250 366 -3490.72
1 250 367 -2094.43
1 250 368 -698.143
1 250 369 -1396.29
1 250 370 -1396.29
1 250 371 -4188.86
1 250 382 -698.143
1 250 406 -698.143
1 250 413 -698.143
1 250 414 -698.143
1 250 423 -698.143
1 250 436 -698.143
1 250 568 -698.143
1 250 579 -698.143
1 250 591 -698.143
1 250 594 -698.143
1 250 596 -5585.15
1 250 597 -1396.29
1 250 602 -698.143
1 250 603 -4887.0
1 250 604 -4188.86
1 250 605 -2792.57
1 250 607 -698.143
1 250 608 -2094.43
1 250 609 -698.143
1 250 610 -698.143
1 250 613 -698.143
1 251 276 -698.143
1 251 322 -698.143
1 251 365 -2094.43
1 251 366 -6283.29
1 251 367 -1396.29
1 251 368 -1396.29
1 251 371 -698.143
1 251 379 -698.143
1 251 407 -698.143
1 251 414 -698.143
1 251 424 -698.143
1 251 598 -698.143
1 251 604 -698.143
1 251 605 -698.143
1 251 607 -698.143
1 251 610 -698.143
1 252 236 -698.143
1 252 365 -2094.43
1 252 366 -4887.0
1 252 367 -4887.0
1 252 368 -1396.29
1 252 376 -698.143
1 252 412 -698.143
1 252 416 -698.143
1 252 428 -698.143
1 252 506 -698.143
1 252 507 -698.143
1 252 528 -698.143
1 252 534 -698.143
1 252 544 -698.143
1 252 576 -698.143
1 252 591 -1396.29
1 252 596 -1396.29
1 252 597 -1396.29
1 252 598 -698.143
1 252 599 -1396.29
1 252 608 -1396.29
1 252 609 -698.143
1 252 611 -698.143
1 252 620 -698.143
1 253 259 -698.143
1 253 342 -698.143
1 253 363 -698.143
1 253 365 -1396.29
1 253 366 -4188.86
1 253 367 -2792.57
1 253 370 -698.143
1 253 375 -1396.29
1 253 404 -698.143
1 253 433 -1396.29
1 253 506 -698.143
1 253 543 -698.143
1 253 546 -698.143
1 253 547 -698.143
1 253 566 -698.143
1 253 586 -1396.29
1 253 596 -698.143
1 253 597 -2792.57
1 253 601 -698.143
1 253 604 -698.143
1 253 605 -698.143
1 253 614 -2094.43
1 254 366 -1396.29
1 254 478 -698.143
1 254 581 -698.143
1 254 584 -698.143
1 254 585 -4188.86
1 254 586 -3490.72
1 254 587 -2094.43
1 254 588 -2094.43
1 254 589 -2792.57
1 254 598 -698.143
1 254 599 -698.143
1 254 601 -1396.29
1 254 604 -1396.29
1 254 605 -698.143
1 254 606 -698.143
1 254 611 -698.143
1 255 341 -698.143
1 255 346 -698.143
1 255 371 -698.143
1 255 402 -698.143
1 255 442 -698.143
1 255 445 -698.143
1 255 461 -698.143
1 255 479 -698.143
1 255 512 -698.143
1 255 513 -698.143
1 255 526 -698.143
1 255 547 -698.143
1 255 548 -698.143
1 255 565 -698.143
1 255 583 -2094.43
1 255 584 -2792.57
1 255 585 -2792.57
1 255 586 -2792.57
1 255 587 -1396.29
1 255 588 -698.143
1 255 591 -698.143
1 255 594 -698.143
1 255 597 -698.143
1 255 600 -1396.29
1 255 607 -698.143
1 256 346 -698.143
1 256 350 -698.143
1 256 367 -698.143
1 256 373 -698.143
1 256 374 -698.143
1 256 491 -698.143
1 256 526 -698.143
1 256 531 -2094.43
1 256 532 -698.143
1 256 547 -698.143
1 256 548 -1396.29
1 256 549 -698.143
1 256 575 -698.143
1 256 578 -1396.29
1 256 580 -698.143
1 256 584 -2094.43
1 256 585 -1396.29
1 256 592 -1396.29
1 256 594 -4887.0
1 256 595 -2792.57
1 256 607 -2792.57
1 256 608 -1396.29
1 256 609 -698.143
1 257 330 -698.143
1 257 461 -698.143
1 257 497 -698.143
1 257 503 -698.143
1 257 506 -698.143
1 257 512 -698.143
1 257 527 -2094.43
1 257 529 -698.143
1 257 532 -698.143
1 257 549 -698.143
1 257 574 -698.143
1 257 575 -2094.43
1 257 584 -2094.43
1 257 585 -2094.43
1 257 593 -1396.29
1 257 594 -5585.15
1 257 595 -2792.57
1 257 597 -1396.29
1 257 606 -4887.0
1 257 607 -698.143
1 258 307 -698.143
1 258 330 -698.143
1 258 366 -698.143
1 258 485 -1396.29
1 258 489 -1396.29
1 258 491 -698.143
1 258 493 -698.143
1 258 494 -698.143
1 258 496 -698.143
1 258 497 -698.143
1 258 498 -2094.43
1 258 499 -1396.29
1 258 502 -698.143
1 258 503 -698.143
1 258 529 -1396.29
1 258 531 -698.143
1 258 532 -698.143
1 258 533 -1396.29
1 258 535 -698.143
1 258 546 -698.143
1 258 550 -698.143
1 258 556 -1396.29
1 258 564 -698.143
1 258 576 -698.143
1 258 583 -698.143
1 258 584 -2094.43
1 258 586 -2094.43
1 258 594 -2094.43
1 258 606 -3490.72
1 258 607 -698.143
1 259 346 -698.143
1 259 369 -1396.29
1 259 402 -698.143
1 259 444 -698.143
1 259 456 -698.143
1 259 485 -698.143
1 259 486 -698.143
1 259 488 -698.143
1 259 489 -698.143
1 259 490 -1396.29
1 259 509 -1396.29
1 259 510 -698.143
1 259 522 -698.143
1 259 528 -698.143
1 259 529 -698.143
1 259 531 -698.143
1 259 532 -698.143
1 259 545 -698.143
1 259 549 -698.143
1 259 554 -1396.29
1 259 555 -1396.29
1 259 556 -2094.43
1 259 557 -2094.43
1 259 575 -2792.57
1 259 576 -698.143
1 259 579 -698.143
1 259 584 -698.143
1 259 585 -2792.57
1 259 586 -1396.29
1 260 369 -1396.29
1 260 404 -1396.29
1 260 443 -698.143
1 260 454 -698.143
1 260 485 -698.143
1 260 486 -1396.29
1 260 487 -698.143
1 260 492 -698.143
1 260 499 -698.143
1 260 502 -1396.29
1 260 517 -698.143
1 260 527 -698.143
1 260 545 -2094.43
1 260 548 -698.143
1 260 554 -698.143
1 260 556 -698.143
1 260 567 -698.143
1 260 576 -698.143
1 260 577 -698.143
1 261 397 -698.143
1 261 404 -698.143
1 261 444 -698.143
1 261 483 -698.143
1 261 487 -698.143
1 261 501 -698.143
1 261 502 -698.143
1 261 545 -698.143
1 261 551 -698.143
1 261 552 -698.143
1 261 565 -698.143
1 262 254 -698.143
1 262 353 -1396.29
1 262 369 -698.143
1 262 425 -698.143
1 262 443 -698.143
1 262 458 -698.143
1 262 483 -1396.29
1 262 493 -698.143
1 262 501 -698.143
1 262 502 -698.143
1 262 523 -698.143
1 262 524 -698.143
1 262 535 -698.143
1 262 536 -698.143
1 262 537 -698.143
1 262 542 -698.143
1 262 546 -698.143
1 262 584 -698.143
1 262 587 -698.143
1 263 355 -698.143
1 263 415 -698.143
1 263 484 -698.143
1 263 493 -698.143
1 263 509 -698.143
1 263 522 -698.143
1 263 523 -1396.29
1 263 524 -1396.29
1 263 541 -1396.29
1 263 542 -698.143
1 263 543 -698.143
1 263 546 -1396.29
1 263 576 -698.143
1 263 579 -698.143
1 263 581 -2792.57
1 264 369 -698.143
1 264 379 -698.143
1 264 481 -698.143
1 264 482 -698.143
1 264 493 -698.143
1 264 503 -698.143
1 264 504 -698.143
1 264 516 -698.143
1 264 521 -2094.43
1 264 527 -698.143
1 264 543 -2792.57
1 264 568 -698.143
1 264 575 -698.143
1 264 576 -1396.29
1 265 336 -698.143
1 265 367 -1396.29
1 265 457 -698.143
1 265 459 -698.143
1 265 511 -698.143
1 265 516 -698.143
1 265 520 -698.143
1 265 524 -698.143
1 265 568 -1396.29
1 266 314 -698.143
1 266 413 -698.143
1 266 456 -698.143
1 266 478 -698.143
1 266 481 -698.143
1 266 483 -698.143
1 266 484 -698.143
1 266 485 -698.143
1 266 492 -698.143
1 266 498 -698.143
1 266 505 -698.143
1 266 518 -698.143
1 266 523 -698.143
1 266 543 -698.143
1 266 545 -698.143
1 266 549 -698.143
1 266 555 -698.143
1 267 337 -698.143
1 267 365 -698.143
1 267 381 -698.143
1 267 459 -698.143
1 267 460 -1396.29
1 267 505 -698.143
1 267 507 -698.143
1 267 543 -698.143
1 267 544 -1396.29
1 267 549 -698.143
1 267 553 -2094.43
1 267 562 -698.143
1 268 507 -1396.29
1 268 540 -698.143
1 268 541 -698.143
1 268 542 -1396.29
1 268 543 -2792.57
1 268 544 -1396.29
1 268 549 -698.143
1 268 551 -698.143
1 268 552 -698.143
1 268 553 -698.143
1 269 362 -698.143
1 269 505 -1396.29
1 269 507 -698.143
1 269 528 -698.143
1 269 543 -698.143
1 269 547 -1396.29
1 270 474 -698.143
1 270 475 -1396.29
1 270 479 -698.143
1 270 491 -698.143
1 270 504 -698.143
1 270 507 -698.143
1 270 526 -698.143
1 271 375 -698.143
1 271 388 -698.143
1 271 479 -698.143
1 271 481 -698.143
1 271 487 -698.143
1 271 491 -698.143
1 271 526 -698.143
1 272 469 -698.143
1 272 493 -698.143
1 272 495 -1396.29
1 272 496 -698.143
1 272 502 -698.143
1 272 526 -2094.43
1 273 441 -698.143
1 273 462 -698.143
1 273 526 -698.143
1 275 463 -698.143
1 275 480 -698.143
1 275 502 -698.143
1 275 504 -698.143
1 276 502 -698.143
1 277 393 -698.143
1 279 459 -698.143
1 280 563 -698.143
1 282 434 -698.143
1 282 435 -698.143
1 283 461 -698.143
1 283 482 -698.143
1 283 483 -698.143
1 285 437 -698.143
1 285 482 -698.143
1 285 483 -698.143
1 286 377 -698.143
1 286 464 -698.143
1 288 469 -698.143
1 289 362 -698.143
1 289 443 -698.143
1 292 358 -698.143
1 293 390 -2094.43
1 293 391 -698.143
1 296 390 -698.143
1 301 359 -698.143
1 301 378 -698.143
1 85 106 -698.143
1 92 112 -1396.29
1 93 117 -698.143
1 97 89 -698.143
1 98 101 -698.143
1 99 126 -698.143
1 99 136 -698.143
1 147 119 -2950.84
1 148 187 -11381.8
1 153 113 -8571.48
1 167 186 -14192.1
1 168 169 -192507.0
1 197 280 -5901.68
1 199 225 -5761.16
1 210 300 -983.61
1 211 298 -4777.55
1 234 285 -10257.7
1 244 234 -10538.7
1 267 479 -2248.26
1 271 361 -1690.48
1 272 454 -35.87
1 285 433 -3231.87
1 291 453 -38538.9
1 299 360 -5199.1
1 131 118 -1264.65
1 132 183 -10117.2
1 137 123 -13349.0
1 141 124 -5480.13
1 142 121 -7166.32
1 152 130 -6604.26
1 155 192 -10117.2
1 158 205 -12365.4
1 164 258 -7587.87
1 169 164 -8712.0
1 172 162 -983.61
1 172 163 -1264.65
1 172 164 -140.52
1 173 196 -140.52
1 195 280 -8852.52
1 202 295 -10538.7
1 203 296 -20515.3
1 226 358 -5778.94
1 247 335 -8852.52
1 256 333 -9133.55
1 265 349 -7025.81
1 267 346 -2950.84
1 271 470 -421.55
1 274 431 -2189830.0
1 280 367 -3231.87
1 285 357 -2107.74
1 289 374 -3231.87
1 292 370 -7447.35
1 293 370 -8149.94
1 143 152 -9836.13
1 143 154 -7025.81
1 144 130 -3091.35
1 152 183 -7306.84
1 153 185 -4637.03
1 153 212 -4918.06
1 154 128 -562.06
1 155 180 -6323.23
1 155 187 -7166.32
1 164 159 -47353.9
1 167 163 -12927.5
1 174 182 -9274.06
1 175 178 -983.61
1 188 287 -1264.65
1 189 206 -21499.0
1 201 279 -10257.7
1 221 294 -8430.97
1 221 361 -562.06
1 222 252 -4637.03
1 222 266 -4777.55
1 224 273 -18407.6
1 225 248 -8430.97
1 226 361 -7025.81
1 234 319 -28524.8
1 235 317 -41733.3
1 237 292 -28769.1
1 245 243 -24309.3
1 248 238 -10960.3
1 248 331 -3512.9
1 256 342 -16861.9
1 259 347 -2950.84
1 271 268 -18969.7
1 274 278 -3231.87
1 289 355 -1405.16
1 295 392 -1264.65
1 296 391 -2248.26
1 296 393 -5199.1
1 297 378 -2529.29
1 141 116 -2388.77
1 143 114 -2107.74
1 144 151 -3512.9
1 145 114 -2529.29
1 146 150 -4496.52
1 146 180 -15456.8
1 147 148 -3372.39
1 149 124 -983.61
1 149 181 -17424.0
1 149 202 -4637.03
1 150 183 -17143.0
1 150 186 -15597.3
1 151 189 -9133.55
1 152 180 -14754.2
1 153 188 -15035.2
1 154 113 -1686.19
1 158 173 -140.52
1 165 167 -14051.6
1 171 125 -140.52
1 184 210 -24028.3
1 188 207 -17424.0
1 189 288 -1264.65
1 206 280 -8571.48
1 209 281 -27430.8
1 210 249 -5480.13
1 211 263 -7306.84
1 211 296 -3934.45
1 219 272 -2810.32
1 221 317 -8149.94
1 224 287 -5761.16
1 227 245 -1545.68
1 227 344 -4356.0
1 228 354 -5339.61
1 230 352 -15878.3
1 231 270 -5339.61
1 231 347 -2107.74
1 235 295 -6323.23
1 236 342 -4215.48
1 236 344 -5761.16
1 240 330 -4918.06
1 240 337 -4074.97
1 240 357 -2388.77
1 244 333 -4489.8
1 246 332 -4356.0
1 246 337 -9976.65
1 251 334 -6604.26
1 258 343 -5058.58
1 258 345 -2248.26
1 260 345 -4074.97
1 261 340 -1686.19
1 261 351 -1967.23
1 262 286 -1124.13
1 262 361 -7166.32
1 263 344 -2669.81
1 263 350 -4918.06
1 265 517 -140.52
1 267 321 -3653.42
1 269 365 -140.52
1 270 267 -7587.87
1 271 267 -3653.42
1 271 355 -2388.77
1 277 371 -421.55
1 278 502 -7025.81
1 281 331 -702.58
1 284 333 -1264.65
1 289 371 -3091.35
1 290 371 -2388.77
1 291 365 -1826.71
1 296 358 -22061.0
1 297 356 -2107.74
1 297 391 -4356.0
1 125 93 -1124.13
1 131 125 -13208.5
1 134 123 -5058.58
1 134 125 -983.61
1 135 126 -4918.06
1 138 125 -5901.68
1 146 146 -9274.06
1 152 213 -3231.87
1 156 214 -10679.2
1 161 185 -24028.3
1 163 186 -13911.1
1 166 203 -4074.97
1 168 216 -84309.7
1 192 232 -10117.2
1 193 235 -11662.8
1 198 301 -140.52
1 211 195 -1967.23
1 215 261 -4496.52
1 221 339 -7306.84
1 222 324 -140.52
1 223 263 -3231.87
1 226 354 -4637.03
1 232 274 -2529.29
1 233 341 -3372.39
1 242 618 -702.58
1 248 344 -7728.39
1 263 345 -12224.9
1 263 570 -140.52
1 264 348 -983.61
1 286 302 -1124.13
1 292 360 -1405.16
1 293 357 -4074.97
1 295 362 -1124.13
1 297 439 -60963.5
1 134 124 -17564.5
1 134 126 -8149.94
1 137 128 -13068.0
1 150 127 -562.06
1 152 118 -8571.48
1 153 123 -9836.13
1 155 125 -13911.1
1 156 124 -17143.0
1 160 139 -3091.35
1 181 126 -68571.9
1 185 168 -39766.1
1 189 126 -9414.58
1 224 257 -8712.0
1 260 337 -281.03
1 137 168 -6323.23
1 149 213 -15737.8
1 189 195 -27119.6
1 190 250 -702.58
1 192 197 -33583.4
1 202 228 -983.61
1 210 253 -9274.06
1 217 236 -2950.84
1 245 324 -140.52
1 270 480 -140.52
1 144 124 -421.55
1 186 159 -140.52
1 188 160 -1124.13
1 143 166 -4496.52
1 145 131 -562.06
1 153 116 -6604.26
1 158 114 -4777.55
1 160 170 -12224.9
1 187 160 -3653.42
1 188 204 -7306.84
1 203 340 -1447.32
1 206 169 -562.06
1 208 226 -6323.23
1 211 266 -28169.1
1 213 276 -32190.8
1 214 274 -56244.0
1 220 278 -59142.3
1 223 372 -8009.42
1 232 398 -562.06
1 233 375 -1124.13
1 239 385 -1291.9
1 239 406 -129.21
1 241 238 -1967.23
1 244 244 -1405.16
1 245 408 -6744.77
1 246 320 -140.52
1 248 454 -140.52
1 259 351 -3427.02
1 262 585 -9274.06
1 265 360 -10107.7
1 266 560 -1747.86
1 267 407 -281.03
1 269 360 -6468.42
1 273 367 -2529.29
1 274 327 -983.61
1 274 432 -9274.06
1 275 465 -262.34
1 290 322 -3512.9
1 290 398 -271.06
1 292 458 -62008.0
1 294 354 -3053.02
1 297 377 -1405.16
1 147 183 -1124.13
1 156 122 -8009.42
1 157 186 -562.06
1 173 183 -9133.55
1 257 342 -1264.65
1 201 251 -8430.97
1 201 301 -421.55
1 251 286 -281.03
1 265 488 -702.58
1 294 356 -140.52
1 267 385 -9695.61
1 135 160 -562.06
1 136 173 -1405.16
1 136 174 -1405.16
1 144 189 -562.06
1 154 112 -16159.3
1 154 122 -3091.35
1 156 131 -281.03
1 159 115 -45386.7
1 161 179 -14754.2
1 164 169 -3934.45
1 167 128 -140.52
1 167 247 -1405.16
1 183 124 -169462.0
1 183 205 -140.52
1 186 123 -96675.1
1 186 125 -16299.9
1 186 209 -21920.5
1 204 300 -29.0
1 215 269 -421.55
1 218 239 -31947.7
1 225 242 -3512.9
1 226 375 -6626.47
1 235 420 -10679.2
1 238 302 -421.55
1 242 355 -35.44
1 244 321 -20655.9
1 244 369 -3653.42
1 245 406 -562.06
1 247 591 -421.55
1 248 590 -702.58
1 248 593 -421.55
1 251 614 -559.25
1 255 333 -7868.9
1 256 443 -107.07
1 258 335 -19156.0
1 258 339 -981.98
1 258 416 -49.15
1 259 414 -281.03
1 263 583 -327.33
1 266 470 -1764.21
1 267 354 -281.03
1 267 554 -421.55
1 269 482 -140.52
1 270 476 -421.55
1 273 477 -702.58
1 273 523 -60984.0
1 274 506 -421.55
1 275 479 -18267.1
1 277 388 -103.26
1 277 389 -211.42
1 278 446 -562.06
1 279 386 -272.05
1 280 458 -1169.53
1 291 374 -562.06
1 291 403 -3091.35
1 293 458 -14332.7
1 297 388 -163.56
1 298 384 -116.73
1 298 391 -421.55
1 297 359 -28103.2
1 204 299 -140.52
1 221 300 -140.52
