1 204 346 -702.2760000000001
1 212 384 45000.0
1 212 385 45000.0
1 212 386 45000.0
1 212 387 45000.0
1 212 388 45000.0
1 212 389 45000.0
1 212 390 45000.0
1 212 391 45000.0
1 212 392 45000.0
1 212 393 45000.0
1 213 394 45000.0
1 213 395 45000.0
1 213 396 45000.0
1 213 397 45000.0
1 213 398 45000.0
1 213 399 45000.0
1 213 400 45000.0
1 213 401 45000.0
1 213 402 45000.0
1 214 403 45000.0
1 214 404 45000.0
1 214 405 45000.0
1 214 406 45000.0
1 214 407 45000.0
1 214 409 45000.0
1 214 410 45000.0
1 214 411 45000.0
1 214 412 45000.0
1 214 413 45000.0
1 214 414 45000.0
1 214 415 45000.0
1 215 416 45000.0
1 215 417 45000.0
1 227 417 45000.0
1 228 417 45000.0
1 229 417 45000.0
1 216 418 45000.0
1 226 418 45000.0
1 230 418 45000.0
1 217 419 45000.0
1 218 419 45000.0
1 219 419 45000.0
1 220 419 45000.0
1 221 419 45000.0
1 222 419 45000.0
1 223 419 45000.0
1 224 419 45000.0
1 225 419 45000.0
1 229 419 45000.0
1 229 420 45000.0
1 226 421 45000.0
1 227 421 45000.0
1 228 421 45000.0
1 224 422 45000.0
1 225 422 45000.0
1 224 423 45000.0
1 224 424 45000.0
1 225 424 45000.0
1 226 424 45000.0
1 227 424 45000.0
1 228 424 45000.0
1 229 425 45000.0
1 229 426 45000.0
1 229 427 45000.0
1 229 428 45000.0
1 229 429 45000.0
1 228 430 45000.0
1 228 431 45000.0
1 228 432 45000.0
1 228 433 45000.0
1 228 434 45000.0
1 228 435 45000.0
1 229 435 45000.0
1 230 436 45000.0
1 230 437 45000.0
1 230 438 45000.0
1 230 439 45000.0
1 230 440 45000.0
1 230 441 45000.0
1 230 442 45000.0
1 230 443 45000.0
1 230 444 45000.0
1 230 445 45000.0
1 230 446 45000.0
1 230 447 45000.0
1 230 448 45000.0
1 230 449 45000.0
1 230 450 45000.0
1 230 451 45000.0
1 230 452 45000.0
1 230 453 45000.0
1 230 454 45000.0
1 230 455 45000.0
1 230 456 45000.0
1 231 457 45000.0
1 231 458 45000.0
1 231 459 45000.0
1 231 460 45000.0
1 232 461 45000.0
1 232 462 45000.0
1 232 463 45000.0
1 232 464 45000.0
1 233 464 45000.0
1 234 464 45000.0
1 235 464 45000.0
1 236 464 45000.0
1 237 464 45000.0
1 238 464 45000.0
1 239 465 45000.0
1 239 466 45000.0
1 114 114 -310.20799999999997
1 117 120 -702.2760000000001
1 124 115 -31210.7
1 129 121 -21454.8
1 130 122 -702.2760000000001
1 133 112 -10885.6
1 135 194 -1685.88
1 139 168 -9091.93
1 141 191 -43699.4
1 143 172 -20132.1
1 143 190 -71436.6
1 144 166 -34744.9
1 144 172 -20998.0
1 144 182 -31427.1
1 144 190 -844.684
1 145 161 -67383.0
1 146 117 -14534.5
1 146 188 -47233.6
1 146 190 -2661.52
1 147 145 -6786.94
1 148 123 -99.4317
1 148 167 -36584.2
1 148 176 -36604.4
1 148 196 -48489.5
1 149 145 -25247.0
1 149 146 -18773.8
1 150 124 -17900.9
1 150 141 -643.236
1 150 198 -57621.2
1 151 142 -98.736
1 151 195 -49511.7
1 152 123 -10467.4
1 152 125 -11533.4
1 152 132 -37517.2
1 153 133 -4.3888300000000005
1 153 142 -10351.3
1 153 192 -33831.6
1 154 125 -748.835
1 154 171 -8599.7
1 155 129 -2312.68
1 155 141 -70313.1
1 156 129 -157895.0
1 157 116 -4530.24
1 157 135 -1404.55
1 157 140 -131821.0
1 157 251 -31944.0
1 158 133 -702.2760000000001
1 158 181 -28677.0
1 159 119 -48450.4
1 159 173 -14929.5
1 160 119 -8648.11
1 161 125 -4286.7
1 161 131 -2388.43
1 161 188 -6690.82
1 162 119 -723.3860000000001
1 162 121 -5707.81
1 162 128 -167466.0
1 162 167 -653.253
1 162 169 -4245.7
1 163 137 -3468.83
1 163 138 -702.2760000000001
1 164 135 -11421.4
1 164 187 -20391.9
1 165 130 -8608.91
1 165 131 -345.788
1 166 126 -1418.99
1 168 123 -3277.53
1 168 208 -16061.2
1 169 127 -43.268
1 169 163 -121.96799999999999
1 170 131 -7309.37
1 170 163 -1807.74
1 172 130 -17424.0
1 172 218 -86083.3
1 174 123 -22021.0
1 175 134 -44691.6
1 175 204 -6930.4
1 176 176 -15469.9
1 177 133 -41106.8
1 178 261 -51457.4
1 179 181 -82038.0
1 179 183 -726.0
1 179 210 -39270.9
1 180 208 -1399.19
1 184 246 -13505.1
1 187 200 -65440.2
1 187 281 -24684.0
1 188 198 -86292.4
1 188 209 -22678.8
1 188 240 -71686.2
1 188 258 -30988.6
1 189 282 -26136.0
1 190 281 -95832.0
1 191 191 -42006.4
1 191 281 -47325.0
1 193 256 -42311.3
1 193 260 -33781.1
1 197 204 -28672.3
1 197 252 -9612.71
1 198 297 -2108.3
1 198 298 -702.2760000000001
1 199 211 -26058.1
1 199 231 -46644.0
1 199 298 -702.2760000000001
1 200 298 -724.556
1 201 234 -5808.0
1 203 275 -72764.1
1 203 280 -13571.3
1 205 300 -749.9069999999999
1 206 196 -15449.3
1 206 286 -5684.92
1 206 300 -1425.05
1 211 255 -31030.7
1 212 226 -5259.14
1 212 258 -54512.4
1 213 264 -372.42800000000005
1 213 300 -31944.0
1 214 240 -76821.7
1 215 260 -69299.6
1 216 238 -17320.9
1 216 267 -90024.0
1 217 264 -62463.6
1 217 365 -154.624
1 218 179 -155496.0
1 219 310 -10164.0
1 221 223 -1119.49
1 221 246 -23847.6
1 222 358 -11430.1
1 222 369 -3483.35
1 223 271 -37198.8
1 224 301 -45957.3
1 224 374 -8681.23
1 226 311 -3682.27
1 226 365 -1875.54
1 227 270 -33956.6
1 228 225 -55483.9
1 230 255 -38730.6
1 230 361 -53044.5
1 231 401 -702.2760000000001
1 232 364 -74.9058
1 233 337 -702.2760000000001
1 233 394 -1500.53
1 234 304 -5082.99
1 234 393 -729.685
1 235 400 -3497.98
1 235 605 -2383.97
1 235 609 -5213.55
1 236 263 -46731.2
1 236 351 -43560.0
1 236 609 -139.495
1 237 237 -54249.2
1 237 316 -33175.1
1 237 357 -7646.54
1 237 389 -702.302
1 238 221 -1556.54
1 238 398 -1.7824099999999998
1 238 605 -3542.94
1 238 609 -1913.6
1 239 250 -5325.94
1 239 338 -36694.9
1 239 426 -689.793
1 239 605 -3511.38
1 239 606 -2106.83
1 239 619 -11859.4
1 240 380 -831.5
1 240 426 -862.247
1 240 608 -2904.44
1 241 335 -49858.8
1 241 342 -12741.3
1 241 604 -702.2760000000001
1 242 311 -9822.86
1 243 371 -702.2760000000001
1 243 389 -1663.57
1 243 422 -103.825
1 243 431 -11714.4
1 243 605 -3511.38
1 244 431 -5211.32
1 244 605 -4213.65
1 244 621 -3387.48
1 245 337 -702.2760000000001
1 245 621 -702.2760000000001
1 246 321 -2956.13
1 246 618 -2154.55
1 247 344 -825.8639999999999
1 247 384 -3256560.0
1 248 251 -29565.7
1 248 424 -3638.43
1 248 436 -3439.16
1 248 442 -490.163
1 248 444 -14940.6
1 248 589 -4781.76
1 249 373 -719.164
1 249 389 -1337.7
1 249 424 -30433.8
1 249 430 -17592.4
1 249 436 -6312.85
1 249 443 -8070.31
1 249 606 -3511.38
1 250 239 -10058.0
1 250 326 -2799.27
1 250 424 -702.2760000000001
1 250 425 -311440.0
1 250 431 -16580.5
1 250 595 -2946.38
1 251 300 -52272.0
1 251 356 -58430.1
1 251 408 -1602.83
1 251 456 -724.11
1 251 457 -23.5412
1 251 594 -751.515
1 251 595 -844.467
1 251 596 -1602.8
1 252 230 -22346.3
1 252 285 -39889.3
1 252 329 -28901.8
1 252 450 -373.816
1 252 595 -702.2760000000001
1 252 606 -799.7080000000001
1 253 331 -16402.6
1 253 332 -25992.0
1 253 416 -40.9297
1 253 420 -8568.23
1 253 445 -344.005
1 254 338 -36938.9
1 254 367 -44224.7
1 254 407 -81812.6
1 254 597 -704.1210000000001
1 254 607 -12783.0
1 255 381 -21023.5
1 255 383 -41851.0
1 255 388 -59510.2
1 255 395 -2855.42
1 255 420 -10177.6
1 255 439 -27257.5
1 255 443 -153314.0
1 255 595 -731.475
1 255 596 -702.2760000000001
1 255 606 -8884.43
1 255 609 -1404.55
1 256 314 -10680.0
1 256 335 -37844.9
1 256 341 -696.677
1 256 370 -9161.59
1 256 413 -4517.52
1 256 586 -14997.7
1 256 593 -2809.1
1 257 238 -0.2904
1 257 324 -6132.83
1 257 576 -4301.29
1 257 599 -10288.9
1 258 325 -7160.83
1 258 336 -1599.27
1 258 442 -575791.0
1 258 464 -2711.05
1 258 585 -4213.65
1 258 595 -1561.99
1 258 602 -21411.2
1 259 340 -103425.0
1 259 371 -4.45602
1 259 405 -50950.2
1 259 588 -35438.8
1 259 592 -702.2760000000001
1 259 593 -702.2760000000001
1 260 342 -40356.9
1 260 349 -904.596
1 260 407 -3984920.0
1 260 424 -291.825
1 260 461 -2316.69
1 260 463 -45601.6
1 260 464 -39329.3
1 260 585 -8258.72
1 260 586 -53735.1
1 261 337 -6363.2
1 261 355 -78149.5
1 261 381 -180491.0
1 261 395 -14548.9
1 261 418 -788.2769999999999
1 261 429 -22725.7
1 261 464 -6484.41
1 261 492 -741.9789999999999
1 261 571 -311.922
1 261 576 -1404.55
1 262 345 -28428.9
1 262 449 -18.2117
1 262 540 -270.57
1 262 564 -31876.2
1 262 567 -18398.1
1 262 568 -15181.7
1 262 570 -111816.0
1 262 571 -3723.01
1 263 471 -22934.7
1 263 477 -24139.5
1 263 520 -1404.55
1 263 582 -30261.1
1 264 265 -27845.0
1 264 344 -12906.8
1 264 345 -9509.15
1 264 355 -240.625
1 264 367 -702.2760000000001
1 264 383 -252677.0
1 264 407 -7155.11
1 264 428 -98196.5
1 264 468 -39.2041
1 264 471 -2557.76
1 264 476 -140.365
1 264 477 -31748.0
1 264 523 -2607.2
1 264 524 -439.106
1 264 549 -9962.33
1 265 364 -28696.8
1 265 374 -7347.98
1 265 422 -166961.0
1 265 523 -3333.79
1 266 337 -702.4639999999999
1 266 340 -255.55200000000002
1 266 462 -192.956
1 267 391 -14215.9
1 267 463 -1777.95
1 267 555 -702.2760000000001
1 267 556 -702.2760000000001
1 268 333 -12047.2
1 268 334 -232.32
1 268 436 -2698040.0
1 268 455 -9.981489999999999
1 268 479 -689.3919999999999
1 268 480 -465.209
1 268 489 -702.2760000000001
1 269 363 -716.091
1 269 397 -46733.1
1 269 456 -24075.0
1 269 541 -702.2760000000001
1 270 352 -7154.0
1 270 412 -29873.2
1 270 417 -9018.99
1 270 429 -2938.3
1 270 481 -750.935
1 270 483 -1729.92
1 270 484 -817.998
1 270 486 -25813.8
1 270 498 -40079.9
1 270 539 -286.077
1 271 319 -61724.9
1 271 371 -589.086
1 271 415 -172622.0
1 271 451 -24714.6
1 271 485 -221.554
1 271 493 -114426.0
1 271 498 -7593.07
1 271 537 -26183.0
1 272 336 -15288.6
1 272 366 -6490.44
1 272 368 -410504.0
1 272 388 -1211810.0
1 272 396 -14220.7
1 272 450 -8314.94
1 272 451 -1425.75
1 272 453 -89.1339
1 272 462 -1047320.0
1 272 491 -16.5319
1 272 497 -35.6482
1 272 498 -84822.6
1 272 530 -139864.0
1 272 532 -232981.0
1 272 535 -10524.1
1 273 363 -77.8272
1 273 392 -698.705
1 273 410 -336.875
1 273 480 -641.784
1 273 510 -702.2760000000001
1 273 517 -119172.0
1 273 518 -2320.25
1 274 520 -46391.4
1 274 523 -1800.48
1 275 367 -118611.0
1 275 441 -71189.4
1 275 506 -3692.58
1 276 366 -142.593
1 276 392 -337.009
1 276 446 -1486.53
1 276 474 -20947.8
1 277 294 -33099.3
1 277 390 -11400.4
1 277 407 -880274.0
1 277 431 -7552.96
1 277 454 -35.6482
1 277 468 -103.191
1 277 472 -48779.9
1 277 480 -46516.4
1 278 365 -22589.4
1 278 482 -5421.65
1 279 336 -12620.8
1 279 433 -157699.0
1 279 438 -59456.7
1 279 475 -79772.9
1 279 485 -22551.4
1 280 433 -74500.3
1 280 442 -3701.98
1 280 469 -16338.9
1 280 471 -51533.1
1 281 458 -20479.9
1 282 409 -7147.46
1 282 424 -1389.39
1 282 430 -389.902
1 282 454 -5200.18
1 282 457 -2629.05
1 283 354 -11086.0
1 283 429 -188963.0
1 283 449 -70111.1
1 283 452 -51605.2
1 283 455 -64808.4
1 283 468 -47943.9
1 284 339 -56498.7
1 284 457 -8047.58
1 284 463 -102.04299999999999
1 284 481 -2303.76
1 285 374 -2388.43
1 285 467 -144874.0
1 285 475 -73902.4
1 286 330 -68736.7
1 286 425 -517647.0
1 286 475 -32809.4
1 286 477 -56301.3
1 287 388 -44091.4
1 287 426 -702.2760000000001
1 287 477 -30688.0
1 288 372 -60.1652
1 288 419 -19520.5
1 288 423 -41.441
1 288 426 -702.2760000000001
1 289 351 -6459.95
1 289 404 -166510.0
1 289 459 -35.6482
1 289 468 -2339.41
1 290 382 -182521.0
1 290 402 -16834.0
1 290 411 -1038.03
1 290 412 -22543.9
1 290 413 -336.11800000000005
1 290 420 -150.168
1 291 350 -1760.13
1 291 373 -1279.77
1 291 399 -1194.21
1 291 419 -301325.0
1 292 365 -13439.4
1 292 416 -623.8430000000001
1 292 469 -38054.4
1 293 440 -34.8907
1 294 435 -11726.0
1 294 447 -88550.1
1 294 458 -56306.3
1 295 356 -7412.46
1 295 430 -4874.89
1 296 398 -384555.0
1 296 433 -672.2760000000001
1 297 381 -11620.4
1 297 383 -784.26
1 297 395 -272709.0
1 297 401 -492547.0
1 297 402 -58988.9
1 297 413 -436071.0
1 297 415 -85829.6
1 297 442 -4393.64
1 298 389 -5447.9
1 298 390 -32935.7
1 299 354 -1111.57
1 299 387 -266.916
1 102 110 -702.2760000000001
1 102 113 -702.2760000000001
1 103 100 -702.2760000000001
1 103 104 -702.2760000000001
1 104 115 -702.2760000000001
1 105 115 -702.2760000000001
1 105 139 -702.2760000000001
1 108 117 -702.2760000000001
1 109 112 -702.2760000000001
1 111 155 -702.2760000000001
1 111 208 -702.2760000000001
1 112 181 -702.2760000000001
1 113 111 -702.2760000000001
1 113 159 -702.2760000000001
1 113 211 -702.2760000000001
1 114 173 -702.2760000000001
1 114 212 -1404.55
1 115 212 -1404.55
1 116 121 -702.2760000000001
1 116 150 -702.2760000000001
1 116 166 -702.2760000000001
1 117 119 -702.2760000000001
1 117 168 -702.2760000000001
1 117 210 -702.2760000000001
1 119 194 -702.2760000000001
1 119 202 -702.2760000000001
1 119 96 -702.2760000000001
1 120 155 -702.2760000000001
1 120 94 -702.2760000000001
1 121 187 -702.2760000000001
1 123 110 -702.2760000000001
1 123 111 -702.2760000000001
1 123 158 -702.2760000000001
1 123 168 -702.2760000000001
1 123 193 -702.2760000000001
1 123 202 -1404.55
1 125 150 -702.2760000000001
1 125 151 -702.2760000000001
1 125 193 -702.2760000000001
1 125 194 -702.2760000000001
1 126 121 -702.2760000000001
1 126 191 -702.2760000000001
1 126 195 -702.2760000000001
1 127 150 -702.2760000000001
1 127 160 -702.2760000000001
1 127 169 -702.2760000000001
1 127 195 -702.2760000000001
1 127 199 -1404.55
1 128 122 -702.2760000000001
1 128 148 -702.2760000000001
1 128 149 -702.2760000000001
1 128 152 -702.2760000000001
1 128 153 -702.2760000000001
1 128 154 -702.2760000000001
1 128 157 -702.2760000000001
1 128 199 -702.2760000000001
1 129 117 -702.2760000000001
1 129 119 -702.2760000000001
1 129 122 -702.2760000000001
1 129 146 -702.2760000000001
1 129 154 -1404.55
1 129 162 -702.2760000000001
1 129 176 -702.2760000000001
1 130 120 -702.2760000000001
1 130 154 -702.2760000000001
1 130 155 -702.2760000000001
1 130 156 -2106.83
1 130 194 -702.2760000000001
1 131 112 -702.2760000000001
1 131 121 -702.2760000000001
1 131 122 -702.2760000000001
1 131 150 -702.2760000000001
1 131 156 -702.2760000000001
1 131 157 -702.2760000000001
1 131 158 -702.2760000000001
1 131 161 -1404.55
1 131 198 -702.2760000000001
1 132 112 -702.2760000000001
1 132 155 -702.2760000000001
1 132 156 -702.2760000000001
1 132 160 -702.2760000000001
1 132 161 -1404.55
1 133 155 -702.2760000000001
1 133 159 -702.2760000000001
1 133 160 -1404.55
1 133 192 -1404.55
1 133 193 -702.2760000000001
1 134 148 -702.2760000000001
1 134 150 -702.2760000000001
1 134 151 -702.2760000000001
1 134 156 -702.2760000000001
1 134 191 -702.2760000000001
1 134 193 -2809.1
1 135 148 -3511.38
1 135 149 -1404.55
1 135 156 -702.2760000000001
1 135 157 -702.2760000000001
1 135 193 -2106.83
1 136 147 -702.2760000000001
1 136 148 -702.2760000000001
1 136 149 -702.2760000000001
1 136 150 -1404.55
1 136 153 -702.2760000000001
1 136 155 -702.2760000000001
1 137 148 -702.2760000000001
1 137 150 -702.2760000000001
1 137 153 -1404.55
1 137 154 -702.2760000000001
1 137 157 -2106.83
1 137 175 -702.2760000000001
1 137 206 -702.2760000000001
1 138 151 -702.2760000000001
1 138 152 -702.2760000000001
1 138 153 -2106.83
1 138 168 -702.2760000000001
1 138 169 -702.2760000000001
1 139 151 -702.2760000000001
1 140 138 -702.2760000000001
1 140 155 -2809.1
1 140 156 -702.2760000000001
1 140 171 -702.2760000000001
1 140 180 -702.2760000000001
1 141 149 -702.2760000000001
1 141 154 -1404.55
1 141 157 -702.2760000000001
1 141 171 -702.2760000000001
1 141 199 -1404.55
1 142 155 -702.2760000000001
1 142 156 -702.2760000000001
1 142 157 -702.2760000000001
1 142 158 -702.2760000000001
1 142 174 -702.2760000000001
1 142 179 -702.2760000000001
1 142 201 -702.2760000000001
1 143 146 -702.2760000000001
1 143 157 -2106.83
1 144 142 -1404.55
1 144 173 -702.2760000000001
1 145 142 -702.2760000000001
1 145 143 -702.2760000000001
1 145 151 -702.2760000000001
1 145 187 -702.2760000000001
1 145 226 -702.2760000000001
1 146 140 -702.2760000000001
1 146 141 -1404.55
1 146 145 -702.2760000000001
1 146 208 -702.2760000000001
1 146 229 -702.2760000000001
1 146 230 -702.2760000000001
1 146 232 -702.2760000000001
1 147 139 -2106.83
1 147 140 -702.2760000000001
1 147 141 -702.2760000000001
1 147 142 -702.2760000000001
1 147 229 -702.2760000000001
1 147 230 -702.2760000000001
1 147 233 -702.2760000000001
1 147 239 -702.2760000000001
1 147 240 -702.2760000000001
1 148 217 -702.2760000000001
1 148 221 -702.2760000000001
1 149 127 -702.2760000000001
1 149 147 -702.2760000000001
1 149 154 -702.2760000000001
1 149 222 -702.2760000000001
1 149 253 -702.2760000000001
1 150 160 -702.2760000000001
1 150 164 -702.2760000000001
1 150 177 -702.2760000000001
1 150 227 -702.2760000000001
1 150 236 -702.2760000000001
1 151 128 -702.2760000000001
1 151 228 -702.2760000000001
1 152 153 -702.2760000000001
1 152 173 -702.2760000000001
1 152 176 -702.2760000000001
1 152 222 -702.2760000000001
1 152 228 -702.2760000000001
1 153 126 -702.2760000000001
1 153 136 -702.2760000000001
1 153 155 -702.2760000000001
1 153 232 -702.2760000000001
1 153 238 -702.2760000000001
1 153 253 -702.2760000000001
1 154 126 -702.2760000000001
1 154 133 -702.2760000000001
1 154 161 -702.2760000000001
1 154 172 -702.2760000000001
1 154 220 -702.2760000000001
1 154 244 -702.2760000000001
1 155 170 -1404.55
1 155 216 -702.2760000000001
1 155 262 -702.2760000000001
1 156 160 -702.2760000000001
1 156 211 -702.2760000000001
1 156 223 -702.2760000000001
1 157 132 -702.2760000000001
1 157 133 -702.2760000000001
1 157 134 -2106.83
1 157 136 -702.2760000000001
1 157 194 -702.2760000000001
1 157 207 -702.2760000000001
1 157 240 -702.2760000000001
1 158 135 -702.2760000000001
1 158 248 -702.2760000000001
1 159 152 -702.2760000000001
1 159 231 -702.2760000000001
1 159 240 -702.2760000000001
1 159 247 -702.2760000000001
1 159 248 -702.2760000000001
1 159 250 -702.2760000000001
1 159 251 -702.2760000000001
1 159 257 -702.2760000000001
1 160 133 -702.2760000000001
1 160 249 -1404.55
1 160 251 -1404.55
1 160 252 -702.2760000000001
1 160 253 -702.2760000000001
1 160 262 -702.2760000000001
1 161 144 -1404.55
1 161 251 -702.2760000000001
1 161 253 -702.2760000000001
1 162 137 -1404.55
1 162 252 -1404.55
1 162 253 -702.2760000000001
1 163 152 -702.2760000000001
1 163 190 -702.2760000000001
1 163 236 -702.2760000000001
1 164 278 -702.2760000000001
1 164 290 -702.2760000000001
1 164 299 -702.2760000000001
1 165 133 -1404.55
1 165 134 -1404.55
1 165 135 -702.2760000000001
1 165 290 -702.2760000000001
1 166 131 -702.2760000000001
1 166 132 -702.2760000000001
1 166 133 -1404.55
1 166 134 -702.2760000000001
1 166 135 -702.2760000000001
1 166 210 -702.2760000000001
1 166 254 -702.2760000000001
1 166 255 -702.2760000000001
1 167 127 -702.2760000000001
1 167 132 -1404.55
1 167 133 -1404.55
1 167 134 -2106.83
1 167 256 -702.2760000000001
1 167 288 -702.2760000000001
1 167 294 -702.2760000000001
1 168 130 -702.2760000000001
1 168 131 -702.2760000000001
1 168 132 -2809.1
1 168 133 -2809.1
1 168 286 -702.2760000000001
1 168 287 -1404.55
1 168 291 -1404.55
1 169 128 -1404.55
1 169 129 -2809.1
1 169 131 -702.2760000000001
1 169 132 -3511.38
1 169 133 -2106.83
1 169 134 -6320.48
1 169 135 -702.2760000000001
1 169 236 -702.2760000000001
1 169 260 -702.2760000000001
1 169 271 -702.2760000000001
1 169 287 -702.2760000000001
1 169 290 -702.2760000000001
1 170 133 -2106.83
1 170 134 -8427.31
1 170 136 -702.2760000000001
1 170 187 -702.2760000000001
1 170 256 -702.2760000000001
1 170 287 -702.2760000000001
1 170 292 -702.2760000000001
1 171 133 -1404.55
1 171 134 -702.2760000000001
1 171 136 -3511.38
1 171 290 -702.2760000000001
1 172 257 -702.2760000000001
1 172 284 -702.2760000000001
1 172 295 -1404.55
1 172 311 -702.2760000000001
1 173 258 -702.2760000000001
1 173 278 -702.2760000000001
1 173 290 -702.2760000000001
1 173 292 -702.2760000000001
1 173 293 -1404.55
1 173 294 -702.2760000000001
1 174 124 -702.2760000000001
1 174 253 -702.2760000000001
1 174 261 -702.2760000000001
1 174 270 -702.2760000000001
1 174 283 -702.2760000000001
1 174 289 -702.2760000000001
1 174 293 -702.2760000000001
1 175 260 -702.2760000000001
1 175 288 -702.2760000000001
1 175 292 -1404.55
1 175 293 -702.2760000000001
1 175 296 -702.2760000000001
1 175 305 -702.2760000000001
1 176 274 -702.2760000000001
1 176 305 -702.2760000000001
1 177 289 -702.2760000000001
1 177 290 -702.2760000000001
1 178 243 -702.2760000000001
1 178 280 -702.2760000000001
1 178 285 -702.2760000000001
1 178 302 -702.2760000000001
1 178 305 -702.2760000000001
1 178 306 -702.2760000000001
1 178 311 -702.2760000000001
1 179 278 -702.2760000000001
1 179 285 -702.2760000000001
1 180 149 -702.2760000000001
1 180 286 -702.2760000000001
1 181 297 -702.2760000000001
1 181 307 -702.2760000000001
1 181 308 -702.2760000000001
1 183 242 -702.2760000000001
1 183 285 -702.2760000000001
1 183 295 -702.2760000000001
1 183 308 -702.2760000000001
1 183 309 -702.2760000000001
1 183 318 -702.2760000000001
1 184 263 -702.2760000000001
1 184 285 -702.2760000000001
1 184 313 -702.2760000000001
1 184 319 -702.2760000000001
1 185 257 -702.2760000000001
1 185 305 -702.2760000000001
1 185 306 -702.2760000000001
1 185 307 -702.2760000000001
1 185 315 -702.2760000000001
1 186 255 -702.2760000000001
1 186 265 -702.2760000000001
1 186 307 -1404.55
1 186 310 -702.2760000000001
1 188 262 -702.2760000000001
1 188 294 -702.2760000000001
1 188 295 -702.2760000000001
1 189 295 -702.2760000000001
1 189 309 -702.2760000000001
1 190 307 -702.2760000000001
1 190 308 -702.2760000000001
1 190 324 -702.2760000000001
1 191 292 -1404.55
1 191 304 -702.2760000000001
1 191 305 -702.2760000000001
1 192 258 -702.2760000000001
1 192 284 -702.2760000000001
1 192 304 -702.2760000000001
1 192 316 -702.2760000000001
1 192 319 -702.2760000000001
1 193 262 -702.2760000000001
1 193 301 -702.2760000000001
1 193 311 -702.2760000000001
1 193 313 -1404.55
1 194 284 -702.2760000000001
1 194 313 -702.2760000000001
1 195 269 -702.2760000000001
1 195 287 -702.2760000000001
1 195 289 -702.2760000000001
1 195 300 -702.2760000000001
1 195 311 -702.2760000000001
1 195 313 -702.2760000000001
1 196 269 -702.2760000000001
1 196 275 -702.2760000000001
1 196 303 -702.2760000000001
1 196 324 -702.2760000000001
1 196 333 -702.2760000000001
1 197 264 -702.2760000000001
1 197 283 -702.2760000000001
1 197 300 -702.2760000000001
1 197 322 -702.2760000000001
1 197 325 -702.2760000000001
1 198 242 -702.2760000000001
1 198 276 -1404.55
1 198 309 -702.2760000000001
1 198 311 -702.2760000000001
1 199 283 -702.2760000000001
1 199 311 -702.2760000000001
1 199 324 -702.2760000000001
1 200 280 -702.2760000000001
1 200 286 -702.2760000000001
1 200 296 -702.2760000000001
1 200 299 -702.2760000000001
1 200 306 -702.2760000000001
1 200 307 -702.2760000000001
1 200 312 -702.2760000000001
1 200 343 -702.2760000000001
1 200 345 -702.2760000000001
1 201 257 -702.2760000000001
1 202 280 -702.2760000000001
1 202 287 -702.2760000000001
1 202 297 -702.2760000000001
1 202 301 -702.2760000000001
1 202 302 -702.2760000000001
1 203 215 -702.2760000000001
1 203 304 -702.2760000000001
1 203 305 -702.2760000000001
1 203 309 -702.2760000000001
1 203 315 -702.2760000000001
1 205 263 -702.2760000000001
1 205 303 -702.2760000000001
1 205 304 -702.2760000000001
1 205 317 -702.2760000000001
1 205 318 -702.2760000000001
1 205 319 -702.2760000000001
1 206 264 -702.2760000000001
1 206 270 -702.2760000000001
1 206 301 -702.2760000000001
1 206 304 -702.2760000000001
1 206 315 -702.2760000000001
1 206 317 -1404.55
1 207 262 -702.2760000000001
1 207 300 -702.2760000000001
1 207 301 -1404.55
1 207 303 -702.2760000000001
1 207 304 -702.2760000000001
1 207 306 -1404.55
1 207 315 -702.2760000000001
1 207 317 -702.2760000000001
1 208 298 -1404.55
1 208 299 -1404.55
1 208 306 -702.2760000000001
1 208 317 -702.2760000000001
1 208 328 -702.2760000000001
1 209 284 -702.2760000000001
1 209 297 -702.2760000000001
1 209 302 -702.2760000000001
1 210 284 -702.2760000000001
1 210 301 -702.2760000000001
1 210 302 -702.2760000000001
1 210 342 -702.2760000000001
1 211 301 -702.2760000000001
1 211 321 -702.2760000000001
1 212 295 -702.2760000000001
1 212 347 -702.2760000000001
1 213 226 -702.2760000000001
1 213 287 -702.2760000000001
1 213 303 -702.2760000000001
1 213 329 -702.2760000000001
1 214 319 -702.2760000000001
1 215 289 -702.2760000000001
1 215 311 -702.2760000000001
1 215 353 -702.2760000000001
1 216 323 -702.2760000000001
1 216 341 -702.2760000000001
1 217 244 -702.2760000000001
1 217 249 -702.2760000000001
1 217 351 -702.2760000000001
1 218 209 -702.2760000000001
1 218 243 -702.2760000000001
1 218 292 -702.2760000000001
1 218 345 -1404.55
1 221 240 -702.2760000000001
1 221 611 -702.2760000000001
1 222 254 -702.2760000000001
1 222 362 -702.2760000000001
1 224 338 -702.2760000000001
1 224 359 -702.2760000000001
1 225 323 -702.2760000000001
1 225 329 -702.2760000000001
1 225 332 -702.2760000000001
1 225 368 -702.2760000000001
1 225 373 -702.2760000000001
1 225 378 -702.2760000000001
1 225 382 -1404.55
1 226 323 -702.2760000000001
1 226 388 -1404.55
1 226 618 -702.2760000000001
1 227 315 -702.2760000000001
1 228 606 -702.2760000000001
1 229 385 -1404.55
1 229 392 -702.2760000000001
1 229 393 -702.2760000000001
1 229 397 -2809.1
1 229 618 -3511.38
1 230 338 -702.2760000000001
1 230 373 -1404.55
1 230 384 -702.2760000000001
1 230 392 -1404.55
1 230 393 -2809.1
1 230 396 -702.2760000000001
1 230 605 -702.2760000000001
1 231 343 -702.2760000000001
1 231 383 -702.2760000000001
1 231 392 -3511.38
1 231 393 -7725.03
1 231 398 -702.2760000000001
1 231 603 -702.2760000000001
1 231 607 -1404.55
1 232 259 -702.2760000000001
1 232 300 -702.2760000000001
1 232 384 -702.2760000000001
1 232 389 -702.2760000000001
1 232 393 -4213.65
1 232 394 -2809.1
1 232 405 -702.2760000000001
1 232 604 -1404.55
1 232 606 -1404.55
1 232 607 -2106.83
1 232 608 -702.2760000000001
1 233 373 -702.2760000000001
1 233 393 -702.2760000000001
1 233 403 -702.2760000000001
1 233 406 -2809.1
1 233 601 -1404.55
1 233 602 -702.2760000000001
1 234 374 -702.2760000000001
1 234 388 -702.2760000000001
1 234 389 -702.2760000000001
1 234 406 -2106.83
1 234 407 -1404.55
1 234 601 -702.2760000000001
1 234 602 -1404.55
1 234 603 -2106.83
1 234 604 -702.2760000000001
1 234 605 -1404.55
1 234 606 -702.2760000000001
1 234 609 -702.2760000000001
1 234 620 -702.2760000000001
1 234 621 -702.2760000000001
1 235 342 -702.2760000000001
1 235 368 -702.2760000000001
1 235 389 -702.2760000000001
1 235 392 -702.2760000000001
1 235 404 -702.2760000000001
1 235 406 -702.2760000000001
1 235 599 -702.2760000000001
1 235 600 -1404.55
1 235 602 -2106.83
1 235 603 -702.2760000000001
1 235 606 -702.2760000000001
1 235 608 -702.2760000000001
1 236 256 -702.2760000000001
1 236 359 -702.2760000000001
1 236 377 -1404.55
1 236 378 -702.2760000000001
1 236 389 -1404.55
1 236 600 -702.2760000000001
1 236 601 -702.2760000000001
1 236 602 -1404.55
1 236 605 -702.2760000000001
1 236 606 -702.2760000000001
1 236 607 -702.2760000000001
1 236 620 -702.2760000000001
1 237 330 -702.2760000000001
1 237 377 -702.2760000000001
1 237 384 -702.2760000000001
1 237 388 -702.2760000000001
1 237 605 -1404.55
1 237 606 -2106.83
1 237 607 -1404.55
1 237 608 -3511.38
1 237 609 -2106.83
1 237 620 -702.2760000000001
1 238 346 -702.2760000000001
1 238 391 -702.2760000000001
1 238 410 -702.2760000000001
1 238 602 -702.2760000000001
1 238 603 -702.2760000000001
1 238 606 -3511.38
1 238 607 -4213.65
1 238 608 -2809.1
1 238 610 -702.2760000000001
1 239 297 -26025.2
1 239 323 -702.2760000000001
1 239 404 -702.2760000000001
1 239 601 -702.2760000000001
1 239 603 -702.2760000000001
1 239 607 -1404.55
1 239 608 -2809.1
1 239 609 -2106.83
1 239 610 -1404.55
1 239 615 -1404.55
1 240 267 -702.2760000000001
1 240 319 -702.2760000000001
1 240 327 -702.2760000000001
1 240 352 -702.2760000000001
1 240 374 -1404.55
1 240 392 -1404.55
1 240 396 -702.2760000000001
1 240 406 -702.2760000000001
1 240 603 -702.2760000000001
1 240 605 -2106.83
1 240 606 -2809.1
1 240 607 -1404.55
1 240 620 -1404.55
1 240 621 -702.2760000000001
1 241 339 -702.2760000000001
1 241 352 -702.2760000000001
1 241 370 -1404.55
1 241 375 -702.2760000000001
1 241 409 -702.2760000000001
1 241 577 -702.2760000000001
1 241 603 -1404.55
1 241 605 -2106.83
1 241 606 -1404.55
1 241 607 -1404.55
1 241 608 -1404.55
1 241 609 -3511.38
1 241 610 -702.2760000000001
1 241 611 -702.2760000000001
1 241 620 -702.2760000000001
1 241 621 -702.2760000000001
1 242 314 -702.2760000000001
1 242 318 -702.2760000000001
1 242 336 -702.2760000000001
1 242 338 -702.2760000000001
1 242 339 -702.2760000000001
1 242 373 -2106.83
1 242 374 -4213.65
1 242 406 -1404.55
1 242 603 -1404.55
1 242 604 -4915.93
1 242 605 -6320.48
1 242 606 -2106.83
1 242 607 -3511.38
1 242 608 -3511.38
1 242 609 -2106.83
1 242 610 -2106.83
1 242 616 -702.2760000000001
1 242 622 -702.2760000000001
1 242 623 -2106.83
1 243 366 -702.2760000000001
1 243 369 -702.2760000000001
1 243 372 -1404.55
1 243 373 -5618.2
1 243 374 -2106.83
1 243 386 -702.2760000000001
1 243 391 -702.2760000000001
1 243 405 -702.2760000000001
1 243 406 -702.2760000000001
1 243 407 -1404.55
1 243 409 -702.2760000000001
1 243 577 -702.2760000000001
1 243 606 -4915.93
1 243 607 -3511.38
1 243 608 -1404.55
1 243 609 -4213.65
1 243 620 -702.2760000000001
1 243 622 -1404.55
1 243 623 -5618.2
1 244 371 -702.2760000000001
1 244 372 -1404.55
1 244 373 -2106.83
1 244 415 -702.2760000000001
1 244 598 -702.2760000000001
1 244 606 -2809.1
1 244 607 -702.2760000000001
1 244 611 -702.2760000000001
1 244 616 -702.2760000000001
1 244 622 -702.2760000000001
1 244 623 -2809.1
1 244 624 -702.2760000000001
1 245 312 -702.2760000000001
1 245 315 -702.2760000000001
1 245 326 -702.2760000000001
1 245 335 -702.2760000000001
1 245 338 -702.2760000000001
1 245 356 -1404.55
1 245 371 -702.2760000000001
1 245 413 -702.2760000000001
1 245 586 -702.2760000000001
1 245 604 -702.2760000000001
1 245 605 -2106.83
1 245 606 -3511.38
1 245 607 -2809.1
1 245 609 -3511.38
1 245 610 -1404.55
1 245 612 -1404.55
1 245 616 -1404.55
1 245 619 -702.2760000000001
1 245 620 -1404.55
1 245 622 -702.2760000000001
1 246 214 -702.2760000000001
1 246 342 -702.2760000000001
1 246 356 -702.2760000000001
1 246 357 -702.2760000000001
1 246 374 -702.2760000000001
1 246 413 -702.2760000000001
1 246 590 -702.2760000000001
1 246 599 -702.2760000000001
1 246 600 -4213.65
1 246 605 -2809.1
1 246 606 -4915.93
1 246 607 -2809.1
1 246 610 -702.2760000000001
1 246 612 -1404.55
1 246 614 -702.2760000000001
1 246 615 -702.2760000000001
1 246 623 -702.2760000000001
1 247 314 -702.2760000000001
1 247 331 -702.2760000000001
1 247 367 -1404.55
1 247 368 -3511.38
1 247 387 -1404.55
1 247 413 -702.2760000000001
1 247 578 -702.2760000000001
1 247 597 -702.2760000000001
1 247 598 -4915.93
1 247 599 -4213.65
1 247 600 -7022.75
1 247 601 -7022.75
1 247 605 -1404.55
1 247 609 -1404.55
1 247 610 -1404.55
1 247 611 -2809.1
1 247 612 -2809.1
1 247 613 -1404.55
1 247 618 -1404.55
1 247 619 -702.2760000000001
1 247 623 -702.2760000000001
1 248 307 -702.2760000000001
1 248 367 -702.2760000000001
1 248 368 -2809.1
1 248 371 -1404.55
1 248 372 -3511.38
1 248 387 -1404.55
1 248 388 -4213.65
1 248 413 -702.2760000000001
1 248 416 -702.2760000000001
1 248 529 -702.2760000000001
1 248 567 -702.2760000000001
1 248 596 -4915.93
1 248 597 -3511.38
1 248 598 -7022.75
1 248 599 -4213.65
1 248 600 -2809.1
1 248 601 -4213.65
1 248 602 -2106.83
1 248 605 -702.2760000000001
1 248 608 -702.2760000000001
1 248 609 -1404.55
1 248 610 -2106.83
1 248 611 -4213.65
1 248 612 -4213.65
1 248 613 -4915.93
1 248 618 -702.2760000000001
1 248 619 -702.2760000000001
1 248 620 -702.2760000000001
1 248 623 -1404.55
1 249 333 -702.2760000000001
1 249 334 -702.2760000000001
1 249 365 -1404.55
1 249 366 -2106.83
1 249 367 -702.2760000000001
1 249 368 -2106.83
1 249 371 -702.2760000000001
1 249 387 -702.2760000000001
1 249 388 -702.2760000000001
1 249 400 -702.2760000000001
1 249 412 -702.2760000000001
1 249 567 -702.2760000000001
1 249 593 -1404.55
1 249 595 -4213.65
1 249 596 -4915.93
1 249 597 -7725.03
1 249 603 -2106.83
1 249 604 -5618.2
1 249 605 -3511.38
1 249 607 -2809.1
1 249 609 -702.2760000000001
1 249 610 -1404.55
1 249 611 -3511.38
1 249 612 -6320.48
1 249 613 -1404.55
1 249 618 -702.2760000000001
1 249 623 -702.2760000000001
1 250 331 -702.2760000000001
1 250 355 -702.2760000000001
1 250 365 -1404.55
1 250 366 -3511.38
1 250 367 -2106.83
1 250 368 -702.2760000000001
1 250 369 -1404.55
1 250 370 -1404.55
1 250 371 -4213.65
1 250 382 -702.2760000000001
1 250 406 -702.2760000000001
1 250 413 -702.2760000000001
1 250 414 -702.2760000000001
1 250 423 -702.2760000000001
1 250 436 -702.2760000000001
1 250 568 -702.2760000000001
1 250 579 -702.2760000000001
1 250 591 -702.2760000000001
1 250 594 -702.2760000000001
1 250 596 -5618.2
1 250 597 -1404.55
1 250 602 -702.2760000000001
1 250 603 -4915.93
1 250 604 -4213.65
1 250 605 -2809.1
1 250 607 -702.2760000000001
1 250 608 -2106.83
1 250 609 -702.2760000000001
1 250 610 -702.2760000000001
1 250 613 -702.2760000000001
1 251 276 -702.2760000000001
1 251 322 -702.2760000000001
1 251 365 -2106.83
1 251 366 -6320.48
1 251 367 -1404.55
1 251 368 -1404.55
1 251 371 -702.2760000000001
1 251 379 -702.2760000000001
1 251 407 -702.2760000000001
1 251 414 -702.2760000000001
1 251 424 -702.2760000000001
1 251 598 -702.2760000000001
1 251 604 -702.2760000000001
1 251 605 -702.2760000000001
1 251 607 -702.2760000000001
1 251 610 -702.2760000000001
1 252 236 -702.2760000000001
1 252 365 -2106.83
1 252 366 -4915.93
1 252 367 -4915.93
1 252 368 -1404.55
1 252 376 -702.2760000000001
1 252 412 -702.2760000000001
1 252 416 -702.2760000000001
1 252 428 -702.2760000000001
1 252 506 -702.2760000000001
1 252 507 -702.2760000000001
1 252 528 -702.2760000000001
1 252 534 -702.2760000000001
1 252 544 -702.2760000000001
1 252 576 -702.2760000000001
1 252 591 -1404.55
1 252 596 -1476.23
1 252 597 -1404.55
1 252 598 -702.2760000000001
1 252 599 -1404.55
1 252 608 -1404.55
1 252 609 -702.2760000000001
1 252 611 -702.2760000000001
1 252 620 -702.2760000000001
1 253 259 -702.2760000000001
1 253 342 -702.2760000000001
1 253 363 -702.2760000000001
1 253 365 -1404.55
1 253 366 -4213.65
1 253 367 -2809.1
1 253 370 -702.2760000000001
1 253 375 -1404.55
1 253 404 -702.2760000000001
1 253 433 -1404.55
1 253 506 -702.2760000000001
1 253 543 -702.2760000000001
1 253 546 -702.2760000000001
1 253 547 -702.2760000000001
1 253 566 -702.2760000000001
1 253 586 -1404.55
1 253 596 -702.2760000000001
1 253 597 -2809.1
1 253 601 -702.2760000000001
1 253 604 -702.2760000000001
1 253 605 -702.2760000000001
1 253 614 -2106.83
1 254 366 -1404.55
1 254 478 -702.2760000000001
1 254 581 -702.2760000000001
1 254 584 -702.2760000000001
1 254 585 -4213.65
1 254 586 -3511.38
1 254 587 -2106.83
1 254 588 -2106.83
1 254 589 -2809.1
1 254 598 -702.2760000000001
1 254 599 -702.2760000000001
1 254 601 -1404.55
1 254 604 -1404.55
1 254 605 -702.2760000000001
1 254 606 -702.2760000000001
1 254 611 -702.2760000000001
1 255 341 -702.2760000000001
1 255 346 -702.2760000000001
1 255 371 -702.2760000000001
1 255 402 -702.2760000000001
1 255 442 -702.2760000000001
1 255 445 -702.2760000000001
1 255 461 -702.2760000000001
1 255 479 -702.2760000000001
1 255 512 -702.2760000000001
1 255 513 -702.2760000000001
1 255 526 -702.2760000000001
1 255 547 -702.2760000000001
1 255 548 -702.2760000000001
1 255 565 -702.2760000000001
1 255 583 -2106.83
1 255 584 -2809.1
1 255 585 -2809.1
1 255 586 -2809.1
1 255 587 -1404.55
1 255 588 -702.2760000000001
1 255 591 -702.2760000000001
1 255 594 -702.2760000000001
1 255 597 -702.2760000000001
1 255 600 -1404.55
1 255 607 -702.2760000000001
1 256 346 -702.2760000000001
1 256 350 -702.2760000000001
1 256 367 -702.2760000000001
1 256 373 -702.2760000000001
1 256 374 -702.2760000000001
1 256 491 -702.2760000000001
1 256 526 -702.2760000000001
1 256 531 -2106.83
1 256 532 -702.2760000000001
1 256 547 -702.2760000000001
1 256 548 -1404.55
1 256 549 -702.2760000000001
1 256 575 -702.2760000000001
1 256 578 -1404.55
1 256 580 -702.2760000000001
1 256 584 -2106.83
1 256 585 -1404.55
1 256 592 -1404.55
1 256 594 -4917.82
1 256 595 -2809.1
1 256 607 -2809.1
1 256 608 -1404.55
1 256 609 -702.2760000000001
1 257 330 -702.2760000000001
1 257 461 -702.2760000000001
1 257 497 -702.2760000000001
1 257 503 -702.2760000000001
1 257 506 -702.2760000000001
1 257 512 -702.2760000000001
1 257 527 -2106.83
1 257 529 -702.2760000000001
1 257 532 -702.2760000000001
1 257 549 -702.2760000000001
1 257 574 -702.2760000000001
1 257 575 -2106.83
1 257 584 -2106.83
1 257 585 -2106.83
1 257 593 -1404.55
1 257 594 -5618.2
1 257 595 -2809.1
1 257 597 -1404.55
1 257 606 -4915.93
1 257 607 -702.2760000000001
1 258 307 -702.2760000000001
1 258 330 -702.2760000000001
1 258 366 -702.2760000000001
1 258 485 -1404.55
1 258 489 -1404.55
1 258 491 -702.2760000000001
1 258 493 -702.2760000000001
1 258 494 -702.2760000000001
1 258 496 -702.2760000000001
1 258 497 -702.2760000000001
1 258 498 -2106.83
1 258 499 -1404.55
1 258 502 -702.2760000000001
1 258 503 -702.2760000000001
1 258 529 -1404.55
1 258 531 -702.2760000000001
1 258 532 -702.2760000000001
1 258 533 -1404.55
1 258 535 -702.2760000000001
1 258 546 -702.2760000000001
1 258 550 -702.2760000000001
1 258 556 -1404.55
1 258 564 -702.2760000000001
1 258 576 -702.2760000000001
1 258 583 -702.2760000000001
1 258 584 -2106.83
1 258 586 -2106.83
1 258 594 -2106.83
1 258 606 -3511.38
1 258 607 -702.2760000000001
1 259 346 -702.2760000000001
1 259 369 -1404.55
1 259 402 -702.2760000000001
1 259 444 -702.2760000000001
1 259 456 -702.2760000000001
1 259 485 -702.2760000000001
1 259 486 -702.2760000000001
1 259 488 -702.2760000000001
1 259 489 -702.2760000000001
1 259 490 -1404.55
1 259 509 -1404.55
1 259 510 -702.2760000000001
1 259 522 -702.2760000000001
1 259 528 -702.2760000000001
1 259 529 -702.2760000000001
1 259 531 -702.2760000000001
1 259 532 -702.2760000000001
1 259 545 -702.2760000000001
1 259 549 -702.2760000000001
1 259 554 -1404.55
1 259 555 -1404.55
1 259 556 -2106.83
1 259 557 -2106.83
1 259 575 -2809.1
1 259 576 -702.2760000000001
1 259 579 -702.2760000000001
1 259 584 -702.2760000000001
1 259 585 -2809.1
1 259 586 -1404.55
1 260 369 -1404.55
1 260 404 -1404.55
1 260 443 -702.2760000000001
1 260 454 -702.2760000000001
1 260 485 -702.2760000000001
1 260 486 -1404.55
1 260 487 -702.2760000000001
1 260 492 -702.2760000000001
1 260 499 -702.2760000000001
1 260 502 -1404.55
1 260 517 -702.2760000000001
1 260 527 -702.2760000000001
1 260 545 -2106.83
1 260 548 -702.2760000000001
1 260 554 -702.2760000000001
1 260 556 -702.2760000000001
1 260 567 -702.2760000000001
1 260 576 -702.2760000000001
1 260 577 -702.2760000000001
1 261 397 -702.2760000000001
1 261 404 -702.2760000000001
1 261 444 -702.2760000000001
1 261 483 -702.2760000000001
1 261 487 -702.2760000000001
1 261 501 -702.2760000000001
1 261 502 -702.2760000000001
1 261 545 -702.2760000000001
1 261 551 -702.2760000000001
1 261 552 -702.2760000000001
1 261 565 -702.2760000000001
1 262 254 -702.2760000000001
1 262 353 -1404.55
1 262 369 -702.2760000000001
1 262 425 -702.2760000000001
1 262 443 -702.2760000000001
1 262 458 -702.2760000000001
1 262 483 -1404.55
1 262 493 -702.2760000000001
1 262 501 -702.2760000000001
1 262 502 -702.2760000000001
1 262 523 -702.2760000000001
1 262 524 -702.2760000000001
1 262 535 -702.2760000000001
1 262 536 -702.2760000000001
1 262 537 -702.2760000000001
1 262 542 -702.2760000000001
1 262 546 -702.2760000000001
1 262 584 -702.2760000000001
1 262 587 -702.2760000000001
1 263 355 -702.2760000000001
1 263 415 -702.2760000000001
1 263 484 -702.2760000000001
1 263 493 -702.2760000000001
1 263 509 -702.2760000000001
1 263 522 -702.2760000000001
1 263 523 -1404.55
1 263 524 -1404.55
1 263 541 -1404.55
1 263 542 -702.2760000000001
1 263 543 -702.2760000000001
1 263 546 -1404.55
1 263 576 -702.2760000000001
1 263 579 -702.2760000000001
1 263 581 -2809.1
1 264 369 -702.2760000000001
1 264 379 -785.0239999999999
1 264 481 -702.2760000000001
1 264 482 -702.2760000000001
1 264 493 -702.2760000000001
1 264 503 -702.2760000000001
1 264 504 -702.2760000000001
1 264 516 -702.2760000000001
1 264 521 -2106.83
1 264 527 -702.2760000000001
1 264 543 -2809.1
1 264 568 -702.2760000000001
1 264 575 -702.2760000000001
1 264 576 -1404.55
1 265 336 -702.2760000000001
1 265 367 -1433.74
1 265 457 -702.2760000000001
1 265 459 -702.2760000000001
1 265 511 -702.2760000000001
1 265 516 -702.2760000000001
1 265 520 -702.2760000000001
1 265 524 -1011.03
1 265 568 -1404.55
1 266 314 -702.2760000000001
1 266 413 -702.2760000000001
1 266 456 -702.2760000000001
1 266 478 -702.2760000000001
1 266 481 -702.2760000000001
1 266 483 -702.2760000000001
1 266 484 -702.2760000000001
1 266 485 -702.2760000000001
1 266 492 -702.2760000000001
1 266 498 -702.2760000000001
1 266 505 -702.2760000000001
1 266 518 -702.2760000000001
1 266 523 -702.2760000000001
1 266 543 -702.2760000000001
1 266 545 -702.2760000000001
1 266 549 -702.2760000000001
1 266 555 -702.2760000000001
1 267 337 -702.2760000000001
1 267 365 -702.2760000000001
1 267 381 -702.2760000000001
1 267 459 -702.2760000000001
1 267 460 -1404.55
1 267 505 -702.2760000000001
1 267 507 -702.2760000000001
1 267 543 -702.2760000000001
1 267 544 -1404.55
1 267 549 -702.2760000000001
1 267 553 -2106.83
1 267 562 -702.2760000000001
1 268 507 -1404.55
1 268 540 -702.2760000000001
1 268 541 -702.2760000000001
1 268 542 -1404.55
1 268 543 -2809.1
1 268 544 -1404.55
1 268 549 -702.2760000000001
1 268 551 -702.2760000000001
1 268 552 -702.2760000000001
1 268 553 -702.2760000000001
1 269 362 -702.2760000000001
1 269 505 -1404.55
1 269 507 -702.2760000000001
1 269 528 -702.2760000000001
1 269 543 -702.2760000000001
1 269 547 -1404.55
1 270 474 -702.2760000000001
1 270 475 -1404.55
1 270 479 -702.2760000000001
1 270 491 -702.2760000000001
1 270 504 -702.2760000000001
1 270 507 -702.2760000000001
1 270 526 -702.2760000000001
1 271 375 -702.2760000000001
1 271 388 -702.2760000000001
1 271 479 -702.2760000000001
1 271 481 -702.2760000000001
1 271 487 -702.2760000000001
1 271 491 -702.2760000000001
1 271 526 -702.2760000000001
1 272 469 -702.2760000000001
1 272 493 -702.2760000000001
1 272 495 -1404.55
1 272 496 -702.2760000000001
1 272 502 -702.2760000000001
1 272 526 -2106.83
1 273 441 -702.2760000000001
1 273 462 -702.2760000000001
1 273 526 -702.2760000000001
1 275 463 -702.2760000000001
1 275 480 -702.2760000000001
1 275 502 -702.2760000000001
1 275 504 -702.2760000000001
1 276 502 -702.2760000000001
1 277 393 -702.2760000000001
1 279 459 -702.2760000000001
1 280 563 -702.2760000000001
1 282 434 -702.2760000000001
1 282 435 -702.2760000000001
1 283 461 -702.2760000000001
1 283 482 -702.2760000000001
1 283 483 -702.2760000000001
1 285 437 -702.2760000000001
1 285 482 -702.2760000000001
1 285 483 -702.2760000000001
1 286 377 -702.2760000000001
1 286 464 -702.2760000000001
1 288 469 -702.2760000000001
1 289 362 -702.2760000000001
1 289 443 -702.2760000000001
1 292 358 -702.2760000000001
1 293 390 -2106.83
1 293 391 -702.2760000000001
1 296 390 -702.2760000000001
1 301 359 -702.2760000000001
1 301 378 -702.2760000000001
1 85 106 -702.2760000000001
1 92 112 -1404.55
1 93 117 -702.2760000000001
1 97 89 -702.2760000000001
1 98 101 -702.2760000000001
1 99 126 -702.2760000000001
1 99 136 -702.2760000000001
1 147 119 -4016.23
1 148 187 -20936.4
1 150 114 -20403.5
1 153 113 -16995.7
1 156 158 -71436.6
1 157 160 -27708.7
1 170 169 -86806.3
1 197 280 -43252.2
1 199 225 -65615.9
1 210 300 -99319.7
1 234 285 -46610.7
1 244 234 -167849.0
1 259 541 -44.6939
1 265 469 -66.0383
1 267 479 -1651.72
1 272 454 -60.6911
1 285 433 -12526.3
1 299 360 -47312.0
1 131 118 -633.943
1 132 183 -31434.3
1 140 173 -45026.7
1 141 124 -33184.0
1 142 121 -23232.0
1 155 192 -25402.0
1 157 117 -7061.08
1 157 190 -78.6668
1 158 205 -46413.2
1 164 258 -67256.6
1 169 164 -74478.9
1 172 162 -33089.2
1 172 163 -1142.77
1 173 196 -473.23
1 175 213 -62877.4
1 195 280 -116160.0
1 202 295 -26986.9
1 203 296 -56789.2
1 214 174 -44821.0
1 218 173 -23527.3
1 226 358 -3519.24
1 247 335 -25742.5
1 256 333 -13477.5
1 262 350 -19742.8
1 265 349 -23136.2
1 267 346 -13548.6
1 269 347 -56735.4
1 280 367 -63480.0
1 285 357 -46070.5
1 289 374 -651.948
1 293 378 -9213.62
1 144 130 -14678.5
1 148 113 -34437.1
1 149 118 -48190.4
1 152 177 -27922.0
1 152 183 -39109.6
1 153 185 -32247.5
1 153 212 -28557.9
1 154 128 -234.511
1 155 180 -59231.4
1 155 187 -32896.5
1 159 188 -38543.3
1 161 161 -43748.8
1 162 171 -8118.13
1 164 159 -44789.8
1 167 163 -33396.0
1 170 217 -35624.8
1 174 182 -56237.4
1 175 178 -6660.05
1 188 287 -2444.33
1 201 279 -132422.0
1 221 294 -1248.72
1 222 252 -34993.2
1 222 266 -22826.3
1 225 248 -13868.1
1 226 361 -69595.8
1 234 319 -100188.0
1 235 317 -79860.0
1 237 292 -144348.0
1 238 244 -0.0749771
1 248 238 -135474.0
1 248 331 -15309.9
1 256 342 -23232.0
1 266 345 -12021.1
1 271 268 -95993.2
1 274 278 -38366.2
1 289 355 -17200.4
1 296 393 -49413.0
1 140 166 -91262.6
1 141 116 -9345.42
1 141 165 -7710.12
1 142 185 -62145.6
1 143 184 -10454.4
1 144 151 -22704.9
1 144 186 -5082.0
1 145 114 -38559.3
1 146 150 -31933.8
1 146 180 -81848.6
1 147 148 -53163.5
1 147 171 -24684.0
1 149 124 -333.96
1 149 181 -76565.1
1 149 202 -17956.9
1 150 172 -10164.0
1 150 183 -52891.4
1 150 186 -59545.6
1 151 178 -91560.2
1 151 181 -40635.7
1 151 189 -66356.4
1 151 211 -22901.1
1 152 180 -227190.0
1 153 188 -40510.8
1 158 173 -2651.33
1 165 167 -62149.8
1 168 164 -42186.4
1 170 115 -25153.0
1 176 222 -10164.0
1 184 210 -60237.7
1 188 207 -49349.1
1 189 288 -10368.7
1 193 280 -41276.0
1 206 280 -30669.1
1 209 273 -34306.4
1 209 281 -98187.1
1 210 249 -22468.9
1 211 263 -44723.1
1 211 296 -49161.8
1 213 270 -8655.37
1 219 272 -14463.4
1 221 302 -4392.3
1 221 317 -50988.4
1 224 287 -3620.15
1 227 344 -109165.0
1 228 354 -11515.8
1 230 352 -112176.0
1 231 270 -30889.6
1 231 347 -20950.5
1 235 295 -16.4076
1 236 320 -133584.0
1 236 342 -54096.5
1 236 344 -28619.4
1 240 330 -33396.0
1 240 357 -24488.8
1 244 333 -3682.75
1 246 332 -58080.0
1 246 337 -726.0
1 251 334 -58737.8
1 258 345 -3897.17
1 261 340 -13801.9
1 261 351 -22.2815
1 262 286 -5074.74
1 263 344 -22436.5
1 263 350 -10.9086
1 265 517 -42.6442
1 267 321 -63674.6
1 267 428 -178.24099999999999
1 270 267 -24451.7
1 270 361 -13217.6
1 271 355 -14504.0
1 278 502 -1220.1
1 281 331 -29780.5
1 284 333 -8949.73
1 289 371 -22846.7
1 290 371 -19507.6
1 296 358 -68679.6
1 297 356 -17168.4
1 297 391 -61772.4
1 299 347 -0.23209899999999997
1 131 125 -18132.6
1 134 123 -13201.6
1 135 126 -20948.0
1 138 125 -18688.7
1 142 169 -20116.1
1 146 146 -12988.6
1 152 213 -10762.2
1 156 214 -23611.0
1 161 185 -60375.6
1 163 186 -28652.3
1 166 203 -948.375
1 168 216 -45941.3
1 183 232 -123663.0
1 192 232 -183054.0
1 193 235 -85232.4
1 201 310 -1664.44
1 211 195 -3572.79
1 215 261 -58080.0
1 221 339 -57598.4
1 222 324 -21835.2
1 223 263 -47776.6
1 226 354 -11621.8
1 230 358 -25970.5
1 232 347 -26862.0
1 233 341 -34029.1
1 248 344 -40695.3
1 263 345 -24468.6
1 263 427 -60.0672
1 263 570 -143.618
1 265 414 -82.8821
1 286 302 -11472.3
1 292 360 -6412.03
1 293 357 -34485.0
1 297 439 -5418.53
1 132 120 -35154.4
1 134 124 -39549.6
1 134 126 -30537.0
1 135 122 -33069.3
1 150 118 -54178.2
1 150 121 -84950.9
1 150 127 -1990.39
1 152 118 -39343.4
1 153 122 -13422.1
1 153 123 -19291.3
1 155 125 -17980.1
1 156 124 -4271.78
1 158 138 -28514.2
1 158 140 -48047.6
1 160 139 -44184.2
1 181 126 -134968.0
1 189 126 -153787.0
1 224 257 -972.404
1 230 223 -37009.4
1 260 337 -3735.23
1 276 359 -10482.8
1 281 445 -390.63199999999995
1 137 168 -74397.6
1 149 213 -37997.4
1 189 195 -46275.5
1 190 250 -15647.0
1 192 197 -114684.0
1 202 228 -23631.3
1 210 253 -11488.2
1 217 236 -23070.8
1 245 324 -5996.76
1 247 330 -1.7824099999999998
1 270 480 -101.954
1 291 354 -8865.91
1 148 166 -59447.8
1 151 118 -10756.4
1 153 116 -3278.62
1 188 197 -35521.7
1 188 204 -27420.2
1 203 340 -199.00599999999997
1 206 281 -4345.84
1 208 226 -32452.2
1 211 266 -88906.6
1 213 276 -13749.5
1 214 274 -57225.2
1 220 278 -63657.9
1 223 372 -7202.84
1 233 375 -548.856
1 236 317 -31944.0
1 239 385 -7484.9
1 239 406 -126.551
1 241 238 -44492.6
1 245 408 -9144.21
1 246 320 -13921.8
1 248 454 -1669.8
1 259 351 -3737.09
1 262 585 -202.92700000000002
1 263 492 -7.35217
1 267 449 -2719.96
1 268 351 -2159.12
1 269 360 -8453.08
1 272 360 -33144.8
1 273 340 -1103.86
1 273 521 -1599.71
1 274 327 -13710.7
1 274 521 -132.89600000000002
1 275 465 -185.37099999999998
1 290 322 -118011.0
1 292 458 -93.5765
1 294 354 -2798.0
1 147 116 -29935.9
1 147 183 -15530.6
1 156 122 -7313.72
1 258 337 -136.88299999999998
1 259 439 -286.522
1 268 484 -41.3703
1 173 183 -47802.7
1 257 342 -9880.62
1 201 251 -56957.6
1 251 286 -10132.1
1 264 441 -82.4365
1 294 356 -10984.4
1 144 132 -418.445
1 257 404 -80051.7
1 136 173 -10439.9
1 144 189 -32233.1
1 154 122 -36106.9
1 161 179 -36367.3
1 164 169 -21780.0
1 167 128 -97967.5
1 183 124 -98995.9
1 183 205 -101.743
1 186 125 -24852.4
1 186 209 -18074.5
1 204 300 -26.246
1 215 269 -68551.8
1 225 242 -60984.0
1 226 375 -258494.0
1 238 302 -14762.4
1 244 321 -47923.3
1 245 406 -2264.91
1 247 591 -637.6569999999999
1 248 590 -39.6586
1 251 614 -1264.53
1 255 333 -32728.1
1 256 443 -837.6569999999999
1 258 339 -1736.96
1 258 416 -258.895
1 263 583 -383.218
1 266 470 -914.956
1 269 482 -215.264
1 270 476 -3539.87
1 273 523 -209925.0
1 274 506 -7424.51
1 275 479 -29057.7
1 280 458 -596.363
1 297 388 -791.39
1 221 300 -17730.6
1 140 116 -5803.64
1 272 494 -114.85799999999999
1 134 167 -33837.4
1 158 122 -2406.55
1 159 157 -54887.1
1 211 290 -26136.0
1 225 289 -29874.3
1 226 330 -32493.3
1 237 406 -564.126
1 244 430 -1016.94
1 247 342 -60.2454
1 253 427 -1339.93
1 253 443 -2311.03
1 254 398 -31.1922
1 254 442 -1549.86
1 254 444 -201.858
1 254 445 -13.4703
1 256 445 -2700.8
1 261 346 -33.9667
1 261 369 -125.66
1 262 555 -71.693
1 263 448 -146.60299999999998
1 271 364 -24717.4
1 271 471 -120.446
1 271 489 -3680.68
1 272 371 -432.101
1 273 520 -0.256805
1 275 371 -1913.74
1 289 321 -26677.1
1 262 394 -700010.0
1 271 492 -60.3791
1 167 168 -33943.2
1 157 122 -354.92199999999997
1 160 136 -22.8362
1 169 201 -41212.4
1 211 313 -45.0504
1 212 315 -237.169
1 214 287 -453.62300000000005
1 224 372 -2538.6
1 246 609 -1982.49
1 247 590 -2526.12
1 255 446 -455.851
1 270 482 -138.893
1 276 386 -638.1030000000001
1 281 446 -996.813
1 291 458 -32.8543
1 295 390 -9495.92
1 297 384 -227.94
1 297 387 -69.8604
1 165 158 -17471.9
1 145 147 -198.96099999999998
1 257 443 -874.7180000000001
1 258 456 -2.66643
1 162 205 -79860.0
1 178 255 -14401.9
1 234 400 -6.41668
1 237 378 -22.1019
1 240 386 -116.48
1 241 353 -33.1485
1 244 330 -14043.7
1 248 343 -141.523
1 252 457 -28.474
1 253 400 -323.70799999999997
1 254 370 -18.2784
1 254 400 -36.8424
1 255 373 -366.731
1 261 362 -71127.1
1 262 441 -32.3017
1 263 353 -14.9277
1 274 527 -121.868
1 276 469 -24.0625
1 276 484 -153.69799999999998
1 277 429 -1333.78
1 282 451 -2733.9
1 279 477 -248.021
1 207 193 -167170.0
1 145 139 -920.132
1 150 115 -16056.2
1 206 299 -33.4576
1 239 305 -776.779
1 261 461 -378.985
1 289 412 -4.41294
1 233 400 -8134.29
1 268 360 -476.795
1 117 117 -149.584
1 183 311 -1269.08
1 220 175 -26557.1
1 244 355 -28772.5
1 245 261 -11122.2
1 290 355 -23274.0
1 294 370 -57902.9
1 264 474 -10.2489
1 149 125 -5414.51
1 164 240 -476.795
1 201 297 -100.461
1 207 298 -18.4479
1 232 373 -354.61
1 233 392 -132.34799999999998
1 234 236 -5932.31
1 234 401 -29.4989
1 235 390 -169.72
1 236 398 -2040.55
1 237 390 -243.745
1 237 399 -54.6309
1 241 374 -45.0058
1 248 606 -108.861
1 249 411 -260.828
1 253 418 -37.4306
1 253 442 -380.54400000000004
1 254 600 -153.602
1 258 597 -280.774
1 259 428 -873.3810000000001
1 263 467 -44145.4
1 263 468 -38333.8
1 267 481 -512.14
1 268 457 -14.2387
1 281 429 -851.69
1 283 394 -54.5105
1 284 436 -6822.17
1 237 382 -159.971
1 240 379 -753.068
1 144 126 -31444.5
1 147 130 -13021.5
1 148 141 -44001.4
1 223 371 -21.9236
1 257 456 -304.124
1 160 142 -10.4864
1 247 419 -40.9954
1 272 448 -10742.1
1 290 441 -103.42399999999999
1 257 602 -46.8328
1 176 219 -111.008
1 209 228 -4888.88
1 256 590 -113.54
1 290 403 -137.868
1 261 581 -24.066999999999997
1 241 405 -658.6080000000001
1 251 362 -84180.1
1 271 484 -41.6014
1 235 358 -570.915
1 254 368 -1219.7
1 261 424 -557.003
1 290 463 -11821.8
1 279 465 -85.6893
1 175 246 -2.9815400000000003
1 195 301 -251.196
1 231 201 -73813.9
1 240 393 -15.7743
1 282 445 -0.0267361
1 255 399 -429.561
1 267 483 -1260.4
1 243 350 -1601.94
1 244 406 -5.16899
1 288 370 -42.7778
1 162 138 -2.25029
1 218 352 -3599.5
1 259 459 -21.7454
1 251 431 -857.785
1 292 373 -10.759
1 227 282 -36.409
1 265 476 -17.3785
1 185 272 -15.7016
1 235 401 -12.8957
1 271 480 -17.6013
1 259 438 -10.2489
1 272 492 -29.5582
1 243 423 -12.565999999999999
1 259 448 -122.897
1 271 535 -355.098
1 244 609 -28.1621
1 160 144 -94.0353
1 271 517 -503.798
1 212 180 -1699.97
1 271 536 -94.0629
1 217 228 -2847.4
1 252 431 -1248.58
1 186 275 -2664.42
1 250 444 -322.118
1 201 245 -11929.6
1 237 397 -2918.7
1 252 401 -4816.52
1 201 299 -59825.5
1 258 419 -699520.0
1 261 540 -946.816
