1 204 346 -761.132
1 212 384 45000.0
1 212 385 45000.0
1 212 386 45000.0
1 212 387 45000.0
1 212 388 45000.0
1 212 389 45000.0
1 212 390 45000.0
1 212 391 45000.0
1 212 392 45000.0
1 212 393 45000.0
1 213 394 45000.0
1 213 395 45000.0
1 213 396 45000.0
1 213 397 45000.0
1 213 398 45000.0
1 213 399 45000.0
1 213 400 45000.0
1 213 401 45000.0
1 213 402 45000.0
1 214 403 45000.0
1 214 404 45000.0
1 214 405 45000.0
1 214 406 45000.0
1 214 407 45000.0
1 214 409 45000.0
1 214 410 45000.0
1 214 411 45000.0
1 214 412 45000.0
1 214 413 45000.0
1 214 414 45000.0
1 214 415 45000.0
1 215 416 45000.0
1 215 417 45000.0
1 227 417 45000.0
1 228 417 45000.0
1 229 417 45000.0
1 216 418 45000.0
1 226 418 45000.0
1 230 418 45000.0
1 217 419 45000.0
1 218 419 45000.0
1 219 419 45000.0
1 220 419 45000.0
1 221 419 45000.0
1 222 419 45000.0
1 223 419 45000.0
1 224 419 45000.0
1 225 419 45000.0
1 229 419 45000.0
1 229 420 45000.0
1 226 421 45000.0
1 227 421 45000.0
1 228 421 45000.0
1 224 422 45000.0
1 225 422 45000.0
1 224 423 45000.0
1 224 424 45000.0
1 225 424 45000.0
1 226 424 45000.0
1 227 424 45000.0
1 228 424 45000.0
1 229 425 45000.0
1 229 426 45000.0
1 229 427 45000.0
1 229 428 45000.0
1 229 429 45000.0
1 228 430 45000.0
1 228 431 45000.0
1 228 432 45000.0
1 228 433 45000.0
1 228 434 45000.0
1 228 435 45000.0
1 229 435 45000.0
1 230 436 45000.0
1 230 437 45000.0
1 230 438 45000.0
1 230 439 45000.0
1 230 440 45000.0
1 230 441 45000.0
1 230 442 45000.0
1 230 443 45000.0
1 230 444 45000.0
1 230 445 45000.0
1 230 446 45000.0
1 230 447 45000.0
1 230 448 45000.0
1 230 449 45000.0
1 230 450 45000.0
1 230 451 45000.0
1 230 452 45000.0
1 230 453 45000.0
1 230 454 45000.0
1 230 455 45000.0
1 230 456 45000.0
1 231 457 45000.0
1 231 458 45000.0
1 231 459 45000.0
1 231 460 45000.0
1 232 461 45000.0
1 232 462 45000.0
1 232 463 45000.0
1 232 464 45000.0
1 233 464 45000.0
1 234 464 45000.0
1 235 464 45000.0
1 236 464 45000.0
1 237 464 45000.0
1 238 464 45000.0
1 239 465 45000.0
1 239 466 45000.0
1 114 114 -7341.71
1 117 120 -761.132
1 121 111 -25197.4
1 121 113 -8.43097
1 125 116 -1.40516
1 126 120 -14.0516
1 129 121 -16678.7
1 130 122 -761.132
1 133 112 -10991.2
1 135 194 -1473.95
1 140 168 -9652.23
1 141 191 -108722.0
1 143 126 -32104.6
1 143 172 -13449.8
1 143 190 -19812.8
1 144 166 -20269.7
1 144 172 -15032.2
1 144 182 -154794.0
1 146 117 -25134.1
1 147 145 -15654.5
1 148 123 -130.998
1 148 167 -27374.3
1 148 176 -761.132
1 148 196 -34886.9
1 150 124 -10918.1
1 150 128 -25.5169
1 150 141 -35856.9
1 150 198 -48215.7
1 151 142 -1842.17
1 151 195 -30078.1
1 152 123 -12908.3
1 152 125 -10278.4
1 152 132 -761.132
1 153 192 -243093.0
1 154 125 -1330.77
1 154 171 -28614.2
1 154 249 -15745.5
1 155 112 -46278.5
1 155 129 -4825.44
1 156 129 -194268.0
1 157 135 -1522.26
1 157 140 -39039.6
1 157 251 -191830.0
1 158 133 -761.132
1 158 137 -21886.8
1 158 181 -108986.0
1 159 119 -11418.9
1 159 173 -21850.3
1 160 119 -24501.8
1 161 125 -5230.8
1 161 129 -4640.02
1 161 131 -10672.9
1 161 188 -39.3445
1 162 119 -2658.75
1 162 121 -34755.0
1 162 128 -279216.0
1 162 167 -1457.12
1 163 137 -2936.79
1 163 138 -761.132
1 164 135 -28069.5
1 165 130 -39916.2
1 165 131 -501.51800000000003
1 166 126 -3770.05
1 167 259 -7138.22
1 168 123 -10966.9
1 168 208 -7120.05
1 169 127 -37.0856
1 169 163 -99474.2
1 170 163 -23890.6
1 172 218 -76841.2
1 173 224 -9836.13
1 174 135 -3452.48
1 175 134 -50065.9
1 176 176 -115076.0
1 176 202 -2943.81
1 177 133 -79849.7
1 178 261 -4882.94
1 179 181 -76159.7
1 180 208 -70087.5
1 184 246 -27687.3
1 187 200 -124947.0
1 187 281 -32318.7
1 188 198 -75024.4
1 188 240 -110350.0
1 188 258 -64529.2
1 189 282 -39344.5
1 191 191 -35629.3
1 191 281 -66660.9
1 193 256 -26585.7
1 193 260 -36210.2
1 197 204 -16305.1
1 197 252 -19462.9
1 198 297 -682.908
1 198 298 -809.3439999999999
1 199 211 -17978.2
1 199 231 -23121.2
1 199 298 -794.1
1 200 298 -761.132
1 201 234 -2036.54
1 203 275 -215153.0
1 203 280 -23457.2
1 204 248 -22307.4
1 205 300 -781.3889999999999
1 206 196 -50717.4
1 206 286 -6316.2
1 206 300 -1537.19
1 210 264 -34352.0
1 211 255 -43309.9
1 212 258 -221077.0
1 213 264 -209.83599999999998
1 213 300 -40127.2
1 214 240 -3964.01
1 215 260 -45917.9
1 217 264 -29606.7
1 217 365 -620.106
1 218 179 -51653.7
1 219 310 -17948.1
1 221 223 -1239.35
1 221 246 -15635.2
1 221 284 -27561.3
1 222 352 -36516.4
1 222 369 -1551.17
1 224 301 -54301.5
1 224 374 -7543.04
1 226 311 -1268.86
1 226 365 -2052.21
1 227 270 -49180.6
1 228 225 -65303.1
1 230 255 -3236.4
1 230 361 -139478.0
1 231 401 -761.132
1 232 364 -213.329
1 232 370 -26.8655
1 233 337 -761.132
1 233 394 -1574.32
1 234 304 -6376.14
1 234 393 -843.4060000000001
1 235 367 -41980.1
1 235 400 -3824.56
1 236 263 -99472.8
1 236 351 -19672.3
1 236 609 -127.04
1 237 237 -6958.63
1 237 316 -34791.5
1 237 357 -9814.75
1 237 389 -761.132
1 238 221 -28.1032
1 238 398 -0.862456
1 238 605 -3824.12
1 238 609 -2254.61
1 239 250 -30966.9
1 239 426 -1061.68
1 239 605 -3869.35
1 239 606 -2321.52
1 239 619 -10673.1
1 240 380 -870.664
1 240 426 -890.5010000000001
1 240 608 -3092.82
1 241 335 -27216.6
1 241 604 -882.135
1 242 311 -7571.94
1 243 371 -10274.5
1 243 389 -1267.6
1 243 422 -273.442
1 243 605 -3805.66
1 244 431 -8023.0
1 244 605 -4620.07
1 244 621 -1522.26
1 245 238 -9272.66
1 245 322 -10844.1
1 245 337 -761.132
1 245 370 -30.6452
1 245 621 -761.132
1 246 321 -4545.58
1 246 618 -2485.9
1 247 344 -856.552
1 247 383 -12455.6
1 247 384 -3424670.0
1 248 251 -29625.4
1 248 424 -2365.98
1 248 436 -3964.71
1 248 442 -1673.17
1 248 444 -7177.79
1 248 589 -2806.0
1 249 373 -779.46
1 249 389 -1360.52
1 249 424 -761.132
1 249 430 -17473.4
1 249 436 -9972.67
1 249 443 -5625.37
1 249 606 -3859.22
1 250 239 -26240.0
1 250 326 -3351.94
1 250 424 -761.132
1 250 425 -417209.0
1 250 431 -67588.1
1 250 595 -2642.58
1 251 300 -25292.9
1 251 356 -122266.0
1 251 408 -1098.34
1 251 456 -1103.87
1 251 457 -43.968
1 251 594 -791.189
1 251 595 -18437.3
1 251 596 -1666.61
1 252 230 -11190.7
1 252 329 -33898.8
1 252 450 -473.23
1 252 595 -782.2230000000001
1 252 606 -959.066
1 253 298 -52201.7
1 253 331 -18555.7
1 253 332 -27227.7
1 253 416 -339.371
1 253 420 -17356.9
1 253 445 -67755.0
1 254 338 -175954.0
1 254 367 -31385.6
1 254 407 -117449.0
1 254 597 -782.015
1 254 607 -57893.1
1 255 381 -23458.8
1 255 383 -44890.9
1 255 388 -98061.3
1 255 395 -3376.95
1 255 420 -15153.4
1 255 439 -35188.2
1 255 443 -133530.0
1 255 595 -896.941
1 255 596 -852.812
1 255 606 -6524.5
1 255 609 -1522.26
1 255 610 -38.8105
1 256 314 -10744.3
1 256 335 -18001.5
1 256 341 -542.485
1 256 370 -844.1489999999999
1 256 413 -2638.41
1 256 586 -2284.52
1 256 593 -3044.54
1 257 238 -0.702581
1 257 324 -7027.73
1 257 413 -1230.78
1 257 576 -1525.9
1 257 599 -48.4916
1 257 600 -98462.3
1 258 325 -7656.89
1 258 336 -1978.04
1 258 418 -233538.0
1 258 420 -331072.0
1 258 442 -926062.0
1 258 464 -2112.85
1 258 585 -4832.44
1 258 595 -1633.08
1 258 601 -52929.4
1 258 602 -13.1481
1 259 340 -149407.0
1 259 371 -3937.11
1 259 405 -28620.6
1 259 588 -7063.52
1 259 592 -761.132
1 259 593 -761.132
1 260 342 -63325.0
1 260 349 -1445.48
1 260 407 -4090420.0
1 260 413 -276228.0
1 260 424 -170.68
1 260 461 -3933.66
1 260 463 -51228.7
1 260 464 -33353.3
1 260 585 -23131.1
1 260 586 -34642.7
1 261 337 -7205.82
1 261 355 -14051.6
1 261 381 -285857.0
1 261 418 -888.905
1 261 429 -27232.1
1 261 464 -7010.63
1 261 492 -781.702
1 261 571 -206.99
1 261 576 -1557.0
1 262 345 -351.29
1 262 540 -527.996
1 262 564 -43269.4
1 262 567 -19642.4
1 262 568 -32480.1
1 262 570 -87620.2
1 262 571 -7291.21
1 263 471 -5480.0
1 263 477 -25276.0
1 263 520 -1597.51
1 263 574 -906.442
1 263 582 -23.0103
1 264 265 -23577.2
1 264 345 -1405.16
1 264 355 -405.786
1 264 367 -761.132
1 264 383 -5420.54
1 264 407 -6841.44
1 264 428 -180266.0
1 264 468 -54.6194
1 264 471 -17108.1
1 264 476 -1375.19
1 264 477 -38924.4
1 264 523 -2536.44
1 264 524 -733.135
1 264 549 -5977.25
1 265 364 -43687.7
1 265 374 -97229.0
1 265 380 -281.032
1 265 422 -221766.0
1 265 523 -4599.48
1 266 337 -761.132
1 266 340 -224.826
1 266 462 -310.053
1 267 391 -16322.0
1 267 463 -172.49099999999999
1 267 555 -761.132
1 267 556 -761.132
1 268 333 -14159.8
1 268 334 -1222.49
1 268 436 -3735640.0
1 268 455 -23.3726
1 268 479 -679.443
1 268 480 -288.19
1 268 489 -8928.59
1 269 363 -766.5010000000001
1 269 397 -55743.1
1 269 456 -18858.0
1 269 483 -52.312
1 269 541 -761.132
1 270 337 -7925.11
1 270 352 -5183.36
1 270 412 -86246.5
1 270 429 -6.53785
1 270 481 -822.41
1 270 483 -1829.63
1 270 484 -849.319
1 270 486 -28495.6
1 270 498 -89485.7
1 270 539 -190.172
1 271 319 -69781.3
1 271 371 -1203.56
1 271 415 -286671.0
1 271 451 -139.226
1 271 485 -265.378
1 271 498 -6893.18
1 271 537 -161009.0
1 272 336 -19211.2
1 272 337 -344.983
1 272 366 -430.279
1 272 368 -342520.0
1 272 388 -993599.0
1 272 396 -19779.1
1 272 451 -24300.9
1 272 453 -436.465
1 272 462 -1400110.0
1 272 490 -26.0218
1 272 491 -4.39853
1 272 497 -56206.5
1 272 498 -25973.7
1 272 530 -251039.0
1 272 532 -271082.0
1 272 535 -137173.0
1 273 363 -15.4568
1 273 392 -573.533
1 273 410 -1210.03
1 273 480 -15489.1
1 273 510 -761.132
1 273 516 -7486.12
1 273 517 -76896.6
1 273 518 -236.313
1 274 409 -856.419
1 274 520 -60492.7
1 274 523 -2405.64
1 275 367 -18865.7
1 275 441 -477706.0
1 275 506 -3212.84
1 276 366 -7611.18
1 276 392 -2627.52
1 276 446 -1959.5
1 276 474 -32648.3
1 277 294 -52230.4
1 277 390 -7760.73
1 277 407 -1524630.0
1 277 431 -888.33
1 277 454 -34.4983
1 277 468 -189.632
1 277 472 -48530.4
1 277 480 -517.474
1 278 365 -34366.7
1 278 435 -18253.9
1 278 482 -5569.74
1 279 310 -26576.6
1 279 336 -1999.17
1 279 433 -94516.6
1 279 438 -129377.0
1 279 475 -93598.1
1 279 485 -34413.5
1 280 365 -18312.1
1 280 433 -86146.5
1 280 442 -9392.15
1 280 469 -15653.4
1 280 471 -1461.96
1 281 458 -902647.0
1 282 409 -7391.25
1 282 424 -413.548
1 282 430 -660.6419999999999
1 282 436 -70855.1
1 282 454 -68548.0
1 282 457 -10905.8
1 283 354 -8197.71
1 283 429 -293377.0
1 283 449 -280338.0
1 283 452 -45753.3
1 283 455 -3264.4
1 283 468 -86613.4
1 284 339 -92554.5
1 284 457 -7333.47
1 284 463 -670077.0
1 284 481 -6403.74
1 285 306 -8.62456
1 285 336 -55173.8
1 285 374 -2820.23
1 285 467 -153569.0
1 285 475 -87720.4
1 286 330 -75387.3
1 286 425 -730530.0
1 286 475 -46978.0
1 286 477 -83106.3
1 287 426 -761.132
1 287 477 -42419.9
1 288 372 -303.585
1 288 419 -16541.7
1 288 423 -202.67700000000002
1 288 426 -761.132
1 289 404 -178958.0
1 289 459 -3691.31
1 289 468 -1746.47
1 290 382 -241559.0
1 290 402 -4470.54
1 290 411 -3264.83
1 290 412 -29216.9
1 290 420 -271.67400000000004
1 291 350 -2207.89
1 291 373 -1595.11
1 291 399 -139927.0
1 291 419 -911584.0
1 292 365 -12471.1
1 292 416 -293679.0
1 292 469 -12255.5
1 293 440 -75.9004
1 294 435 -38055.0
1 294 447 -55093.7
1 295 391 -48.2976
1 295 430 -1093840.0
1 296 388 -909.8939999999999
1 296 398 -163694.0
1 296 406 -284.611
1 296 433 -10233.8
1 297 381 -33784.3
1 297 383 -481.68199999999996
1 297 395 -83730.4
1 297 401 -285301.0
1 297 402 -108445.0
1 297 413 -1095920.0
1 297 415 -65555.3
1 297 442 -48633.9
1 298 389 -612.65
1 298 390 -6675.24
1 299 355 -51.99100000000001
1 299 387 -140.71
1 102 110 -761.132
1 102 113 -761.132
1 103 100 -761.132
1 103 104 -761.132
1 104 115 -761.132
1 105 115 -761.132
1 105 139 -761.132
1 108 117 -761.132
1 109 112 -761.132
1 111 155 -761.132
1 111 208 -761.132
1 112 181 -761.132
1 113 111 -761.132
1 113 159 -761.132
1 113 211 -761.132
1 114 173 -761.132
1 114 212 -1522.26
1 115 212 -1522.26
1 116 121 -761.132
1 116 150 -761.132
1 116 166 -761.132
1 117 119 -761.132
1 117 168 -761.132
1 117 210 -761.132
1 119 194 -761.132
1 119 202 -761.132
1 119 96 -761.132
1 120 155 -761.132
1 120 94 -761.132
1 121 187 -761.132
1 123 110 -761.132
1 123 111 -761.132
1 123 158 -761.132
1 123 168 -761.132
1 123 193 -761.132
1 123 202 -1522.26
1 125 150 -761.132
1 125 151 -761.132
1 125 193 -761.132
1 125 194 -761.132
1 126 121 -761.132
1 126 191 -761.132
1 126 195 -761.132
1 127 150 -761.132
1 127 160 -761.132
1 127 169 -761.132
1 127 195 -761.132
1 127 199 -1522.26
1 128 122 -761.132
1 128 148 -761.132
1 128 149 -761.132
1 128 152 -761.132
1 128 153 -761.132
1 128 154 -761.132
1 128 157 -761.132
1 128 199 -761.132
1 129 117 -761.132
1 129 119 -761.132
1 129 122 -761.132
1 129 146 -761.132
1 129 154 -1522.26
1 129 162 -761.132
1 129 176 -761.132
1 130 120 -761.132
1 130 154 -761.132
1 130 155 -761.132
1 130 156 -2283.4
1 130 194 -761.132
1 131 112 -761.132
1 131 121 -761.132
1 131 122 -761.132
1 131 150 -761.132
1 131 156 -761.132
1 131 157 -761.132
1 131 158 -761.132
1 131 161 -1522.26
1 131 198 -761.132
1 132 112 -761.132
1 132 155 -761.132
1 132 156 -761.132
1 132 160 -761.132
1 132 161 -1522.26
1 133 155 -761.132
1 133 159 -761.132
1 133 160 -1522.26
1 133 192 -1522.26
1 133 193 -761.132
1 134 148 -761.132
1 134 150 -761.132
1 134 151 -761.132
1 134 156 -761.132
1 134 191 -761.132
1 134 193 -3044.53
1 135 148 -3805.66
1 135 149 -1522.26
1 135 156 -761.132
1 135 157 -761.132
1 135 193 -2283.4
1 136 147 -761.132
1 136 148 -761.132
1 136 149 -761.132
1 136 150 -1522.26
1 136 153 -761.132
1 136 155 -761.132
1 137 148 -761.132
1 137 150 -761.132
1 137 153 -1522.26
1 137 154 -761.132
1 137 157 -2283.4
1 137 175 -761.132
1 137 206 -761.132
1 138 151 -761.132
1 138 152 -761.132
1 138 153 -2283.4
1 138 168 -761.132
1 138 169 -761.132
1 139 151 -761.132
1 140 138 -761.132
1 140 155 -3044.53
1 140 156 -761.132
1 140 171 -761.132
1 140 180 -761.132
1 141 149 -761.132
1 141 154 -1522.26
1 141 157 -761.132
1 141 171 -761.132
1 141 199 -1522.26
1 142 155 -761.132
1 142 156 -761.132
1 142 157 -761.132
1 142 158 -761.132
1 142 174 -761.132
1 142 179 -761.132
1 142 201 -761.132
1 143 146 -761.132
1 143 157 -2283.4
1 144 142 -1522.26
1 144 173 -761.132
1 145 142 -761.132
1 145 143 -761.132
1 145 151 -761.132
1 145 187 -761.132
1 145 226 -761.132
1 146 140 -761.132
1 146 141 -1522.26
1 146 145 -761.132
1 146 208 -761.132
1 146 229 -761.132
1 146 230 -761.132
1 146 232 -761.132
1 147 139 -2283.4
1 147 140 -761.132
1 147 141 -761.132
1 147 142 -761.132
1 147 229 -761.132
1 147 230 -761.132
1 147 233 -761.132
1 147 239 -761.132
1 147 240 -761.132
1 148 217 -761.132
1 148 221 -761.132
1 149 127 -761.132
1 149 147 -761.132
1 149 154 -761.132
1 149 222 -761.132
1 149 253 -761.132
1 150 160 -761.132
1 150 164 -761.132
1 150 177 -761.132
1 150 227 -761.132
1 150 236 -761.132
1 151 128 -761.132
1 151 228 -761.132
1 152 153 -761.132
1 152 173 -761.132
1 152 176 -761.132
1 152 222 -761.132
1 152 228 -761.132
1 153 126 -761.132
1 153 136 -761.132
1 153 155 -761.132
1 153 232 -761.132
1 153 238 -761.132
1 153 253 -761.132
1 154 126 -761.132
1 154 133 -761.132
1 154 161 -761.132
1 154 172 -761.132
1 154 220 -761.132
1 154 244 -761.132
1 155 170 -1522.26
1 155 216 -761.132
1 155 262 -761.132
1 156 160 -761.132
1 156 211 -761.132
1 156 223 -761.132
1 157 132 -761.132
1 157 133 -761.132
1 157 134 -2283.4
1 157 136 -761.132
1 157 194 -761.132
1 157 207 -761.132
1 157 240 -761.132
1 158 135 -761.132
1 158 248 -761.132
1 159 152 -761.132
1 159 231 -761.132
1 159 240 -761.132
1 159 247 -761.132
1 159 248 -761.132
1 159 250 -761.132
1 159 251 -761.132
1 159 257 -761.132
1 160 133 -761.132
1 160 249 -1522.26
1 160 251 -1522.26
1 160 252 -761.132
1 160 253 -761.132
1 160 262 -761.132
1 161 144 -1522.26
1 161 251 -761.132
1 161 253 -761.132
1 162 137 -1522.26
1 162 252 -1522.26
1 162 253 -761.132
1 163 152 -761.132
1 163 190 -761.132
1 163 236 -761.132
1 164 278 -761.132
1 164 290 -761.132
1 164 299 -761.132
1 165 133 -1522.26
1 165 134 -1522.26
1 165 135 -761.132
1 165 290 -761.132
1 166 131 -761.132
1 166 132 -761.132
1 166 133 -1522.26
1 166 134 -761.132
1 166 135 -761.132
1 166 210 -761.132
1 166 254 -761.132
1 166 255 -761.132
1 167 127 -761.132
1 167 132 -1522.26
1 167 133 -1522.26
1 167 134 -2283.4
1 167 256 -761.132
1 167 288 -761.132
1 167 294 -761.132
1 168 130 -761.132
1 168 131 -761.132
1 168 132 -3044.53
1 168 133 -3044.53
1 168 286 -761.132
1 168 287 -1522.26
1 168 291 -1522.26
1 169 128 -1522.26
1 169 129 -3044.53
1 169 131 -761.132
1 169 132 -3805.66
1 169 133 -2283.4
1 169 134 -6850.19
1 169 135 -761.132
1 169 236 -761.132
1 169 260 -761.132
1 169 271 -761.132
1 169 287 -761.132
1 169 290 -761.132
1 170 133 -2283.4
1 170 134 -9133.59
1 170 136 -761.132
1 170 187 -761.132
1 170 256 -761.132
1 170 287 -761.132
1 170 292 -761.132
1 171 133 -1522.26
1 171 134 -761.132
1 171 136 -3805.66
1 171 290 -761.132
1 172 257 -761.132
1 172 284 -761.132
1 172 295 -1522.26
1 172 311 -761.132
1 173 258 -761.132
1 173 278 -761.132
1 173 290 -761.132
1 173 292 -761.132
1 173 293 -1522.26
1 173 294 -761.132
1 174 124 -761.132
1 174 253 -761.132
1 174 261 -761.132
1 174 270 -761.132
1 174 283 -761.132
1 174 289 -761.132
1 174 293 -761.132
1 175 260 -761.132
1 175 288 -761.132
1 175 292 -1522.26
1 175 293 -761.132
1 175 296 -761.132
1 175 305 -761.132
1 176 274 -761.132
1 176 305 -761.132
1 177 289 -761.132
1 177 290 -761.132
1 178 243 -761.132
1 178 280 -761.132
1 178 285 -761.132
1 178 302 -761.132
1 178 305 -761.132
1 178 306 -761.132
1 178 311 -761.132
1 179 278 -761.132
1 179 285 -761.132
1 180 149 -761.132
1 180 286 -761.132
1 181 297 -761.132
1 181 307 -761.132
1 181 308 -761.132
1 183 242 -761.132
1 183 285 -761.132
1 183 295 -761.132
1 183 308 -761.132
1 183 309 -761.132
1 183 318 -761.132
1 184 263 -761.132
1 184 285 -761.132
1 184 313 -761.132
1 184 319 -761.132
1 185 257 -761.132
1 185 305 -761.132
1 185 306 -761.132
1 185 307 -761.132
1 185 315 -761.132
1 186 255 -761.132
1 186 265 -761.132
1 186 307 -1522.26
1 186 310 -761.132
1 188 262 -761.132
1 188 294 -761.132
1 188 295 -761.132
1 189 295 -761.132
1 189 309 -761.132
1 190 307 -761.132
1 190 308 -761.132
1 190 324 -761.132
1 191 292 -1522.26
1 191 304 -761.132
1 191 305 -761.132
1 192 258 -761.132
1 192 284 -761.132
1 192 304 -761.132
1 192 316 -761.132
1 192 319 -761.132
1 193 262 -761.132
1 193 301 -761.132
1 193 311 -761.132
1 193 313 -1522.26
1 194 284 -761.132
1 194 313 -761.132
1 195 269 -761.132
1 195 287 -761.132
1 195 289 -761.132
1 195 300 -761.132
1 195 311 -761.132
1 195 313 -761.132
1 196 269 -761.132
1 196 275 -761.132
1 196 303 -761.132
1 196 324 -761.132
1 196 333 -761.132
1 197 264 -761.132
1 197 283 -761.132
1 197 300 -761.132
1 197 322 -761.132
1 197 325 -761.132
1 198 242 -761.132
1 198 276 -1522.26
1 198 309 -761.132
1 198 311 -761.132
1 199 283 -761.132
1 199 311 -761.132
1 199 324 -761.132
1 200 280 -761.132
1 200 286 -761.132
1 200 296 -761.132
1 200 299 -761.132
1 200 306 -761.132
1 200 307 -761.132
1 200 312 -761.132
1 200 343 -761.132
1 200 345 -761.132
1 201 257 -761.132
1 202 280 -761.132
1 202 287 -761.132
1 202 297 -761.132
1 202 301 -761.132
1 202 302 -761.132
1 203 215 -761.132
1 203 304 -761.132
1 203 305 -761.132
1 203 309 -761.132
1 203 315 -761.132
1 205 263 -761.132
1 205 303 -761.132
1 205 304 -761.132
1 205 317 -761.132
1 205 318 -761.132
1 205 319 -761.132
1 206 264 -761.132
1 206 270 -761.132
1 206 301 -761.132
1 206 304 -761.132
1 206 315 -761.132
1 206 317 -1522.26
1 207 262 -761.132
1 207 300 -761.132
1 207 301 -1522.26
1 207 303 -761.132
1 207 304 -761.132
1 207 306 -1522.26
1 207 315 -761.132
1 207 317 -761.132
1 208 298 -1522.26
1 208 299 -1522.26
1 208 306 -761.132
1 208 317 -761.132
1 208 328 -761.132
1 209 284 -761.132
1 209 297 -761.132
1 209 302 -761.132
1 210 284 -761.132
1 210 301 -761.132
1 210 302 -761.132
1 210 342 -761.132
1 211 301 -761.132
1 211 321 -761.132
1 212 295 -761.132
1 212 347 -761.132
1 213 226 -761.132
1 213 287 -761.132
1 213 303 -761.132
1 213 329 -761.132
1 214 319 -761.132
1 215 289 -761.132
1 215 311 -761.132
1 215 353 -761.132
1 216 323 -761.132
1 216 341 -761.132
1 217 244 -761.132
1 217 249 -761.132
1 217 351 -761.132
1 218 209 -761.132
1 218 243 -761.132
1 218 292 -761.132
1 218 345 -1522.26
1 221 240 -761.132
1 221 611 -761.132
1 222 254 -761.132
1 222 362 -761.132
1 224 338 -761.132
1 224 359 -761.132
1 225 323 -761.132
1 225 329 -761.132
1 225 332 -761.132
1 225 368 -761.132
1 225 373 -761.132
1 225 378 -761.132
1 225 382 -1522.26
1 226 323 -761.132
1 226 388 -1522.26
1 226 618 -761.132
1 227 315 -761.132
1 228 606 -761.132
1 229 385 -1522.26
1 229 392 -761.132
1 229 393 -761.132
1 229 397 -3044.53
1 229 618 -3805.66
1 230 338 -761.132
1 230 373 -1522.26
1 230 384 -761.132
1 230 392 -1522.26
1 230 393 -3044.53
1 230 396 -761.132
1 230 605 -761.132
1 231 343 -761.132
1 231 383 -761.132
1 231 392 -3805.66
1 231 393 -8372.46
1 231 398 -761.132
1 231 603 -761.132
1 231 607 -1522.26
1 232 259 -761.132
1 232 300 -761.132
1 232 384 -761.132
1 232 389 -761.132
1 232 393 -4566.79
1 232 394 -3044.53
1 232 405 -761.132
1 232 604 -1522.26
1 232 606 -1522.26
1 232 607 -2283.4
1 232 608 -761.132
1 233 373 -761.132
1 233 393 -761.132
1 233 403 -761.132
1 233 406 -3044.53
1 233 601 -1522.26
1 233 602 -761.132
1 234 374 -761.132
1 234 388 -761.132
1 234 389 -761.132
1 234 406 -2283.4
1 234 407 -1522.26
1 234 601 -761.132
1 234 602 -1522.26
1 234 603 -2283.4
1 234 604 -761.132
1 234 605 -1522.26
1 234 606 -761.132
1 234 609 -761.132
1 234 620 -761.132
1 234 621 -761.132
1 235 342 -761.132
1 235 368 -761.132
1 235 389 -761.132
1 235 392 -761.132
1 235 404 -761.132
1 235 406 -761.132
1 235 599 -761.132
1 235 600 -1522.26
1 235 602 -2283.4
1 235 603 -761.132
1 235 606 -761.132
1 235 608 -761.132
1 236 256 -761.132
1 236 359 -761.132
1 236 377 -1522.26
1 236 378 -761.132
1 236 389 -1522.26
1 236 600 -761.132
1 236 601 -761.132
1 236 602 -1522.26
1 236 605 -761.132
1 236 606 -761.132
1 236 607 -761.132
1 236 620 -761.132
1 237 330 -761.132
1 237 377 -761.132
1 237 384 -761.132
1 237 388 -761.132
1 237 605 -1522.26
1 237 606 -2283.4
1 237 607 -1522.26
1 237 608 -3805.66
1 237 609 -2283.4
1 237 620 -761.132
1 238 346 -761.132
1 238 391 -761.132
1 238 410 -761.132
1 238 602 -761.132
1 238 603 -761.132
1 238 606 -3805.66
1 238 607 -4566.79
1 238 608 -3044.53
1 238 610 -761.132
1 239 297 -18914.4
1 239 323 -761.132
1 239 404 -761.132
1 239 601 -761.132
1 239 603 -761.132
1 239 607 -1522.26
1 239 608 -3044.53
1 239 609 -2283.4
1 239 610 -1522.26
1 239 615 -1522.26
1 240 267 -761.132
1 240 319 -761.132
1 240 327 -814.2860000000001
1 240 352 -761.132
1 240 374 -1522.26
1 240 392 -1522.26
1 240 396 -761.132
1 240 406 -761.132
1 240 603 -761.132
1 240 605 -2283.4
1 240 606 -3044.53
1 240 607 -1522.26
1 240 620 -1522.26
1 240 621 -761.132
1 241 339 -761.132
1 241 352 -761.132
1 241 370 -1522.26
1 241 375 -761.132
1 241 409 -761.132
1 241 577 -761.132
1 241 603 -1522.26
1 241 605 -2283.4
1 241 606 -1522.26
1 241 607 -1522.26
1 241 608 -1522.26
1 241 609 -3805.66
1 241 610 -761.132
1 241 611 -761.132
1 241 620 -761.132
1 241 621 -761.132
1 242 314 -761.132
1 242 318 -761.132
1 242 336 -761.132
1 242 338 -761.132
1 242 339 -761.132
1 242 373 -2283.4
1 242 374 -4566.79
1 242 406 -1522.26
1 242 603 -1522.26
1 242 604 -5327.93
1 242 605 -6850.19
1 242 606 -2283.4
1 242 607 -3805.66
1 242 608 -3805.66
1 242 609 -2283.4
1 242 610 -2283.4
1 242 616 -761.132
1 242 622 -761.132
1 242 623 -2283.4
1 243 366 -761.132
1 243 369 -761.132
1 243 372 -1522.26
1 243 373 -6089.06
1 243 374 -2283.4
1 243 386 -761.132
1 243 391 -761.132
1 243 405 -761.132
1 243 406 -761.132
1 243 407 -1522.26
1 243 409 -761.132
1 243 577 -761.132
1 243 606 -5327.93
1 243 607 -3805.66
1 243 608 -1522.26
1 243 609 -4566.79
1 243 620 -761.132
1 243 622 -1522.26
1 243 623 -6089.06
1 244 371 -761.132
1 244 372 -1522.26
1 244 373 -2283.4
1 244 415 -761.132
1 244 598 -761.132
1 244 606 -3050.83
1 244 607 -761.132
1 244 611 -761.132
1 244 616 -761.132
1 244 622 -761.132
1 244 623 -3044.53
1 244 624 -761.132
1 245 312 -761.132
1 245 315 -761.132
1 245 326 -761.132
1 245 335 -761.132
1 245 338 -761.132
1 245 356 -1522.26
1 245 371 -761.132
1 245 413 -761.132
1 245 586 -761.132
1 245 604 -761.132
1 245 605 -2283.4
1 245 606 -3805.66
1 245 607 -3044.53
1 245 609 -3805.66
1 245 610 -1522.26
1 245 612 -1522.26
1 245 616 -1522.26
1 245 619 -761.132
1 245 620 -1522.26
1 245 622 -761.132
1 246 214 -761.132
1 246 342 -761.132
1 246 356 -761.132
1 246 357 -761.132
1 246 374 -761.132
1 246 413 -761.132
1 246 590 -761.132
1 246 599 -761.132
1 246 600 -4566.79
1 246 605 -3044.53
1 246 606 -5327.93
1 246 607 -3044.53
1 246 610 -761.132
1 246 612 -1522.26
1 246 614 -761.132
1 246 615 -761.132
1 246 623 -761.132
1 247 314 -761.132
1 247 331 -761.132
1 247 367 -1522.26
1 247 368 -3805.66
1 247 387 -1522.26
1 247 413 -761.132
1 247 578 -761.132
1 247 597 -761.132
1 247 598 -5327.93
1 247 599 -4566.79
1 247 600 -7611.32
1 247 601 -7611.32
1 247 605 -1522.26
1 247 609 -1522.26
1 247 610 -1522.26
1 247 611 -3044.53
1 247 612 -3044.53
1 247 613 -1522.26
1 247 618 -1522.26
1 247 619 -761.132
1 247 623 -761.132
1 248 307 -761.132
1 248 367 -761.132
1 248 368 -3044.53
1 248 371 -1522.26
1 248 372 -3805.66
1 248 387 -1522.26
1 248 388 -4566.79
1 248 413 -761.132
1 248 416 -761.132
1 248 529 -761.132
1 248 567 -761.132
1 248 596 -5327.93
1 248 597 -3805.66
1 248 598 -7611.32
1 248 599 -4566.79
1 248 600 -3044.53
1 248 601 -4566.79
1 248 602 -2283.4
1 248 605 -761.132
1 248 608 -761.132
1 248 609 -1522.26
1 248 610 -2283.4
1 248 611 -4566.79
1 248 612 -4566.79
1 248 613 -5327.93
1 248 618 -761.132
1 248 619 -761.132
1 248 620 -761.132
1 248 623 -1522.26
1 249 333 -761.132
1 249 334 -761.132
1 249 365 -1522.26
1 249 366 -2283.4
1 249 367 -761.132
1 249 368 -2283.4
1 249 371 -761.132
1 249 387 -761.132
1 249 388 -761.132
1 249 400 -761.132
1 249 412 -761.132
1 249 567 -761.132
1 249 593 -1522.26
1 249 595 -4566.79
1 249 596 -5327.93
1 249 597 -8372.46
1 249 603 -2283.4
1 249 604 -6089.06
1 249 605 -3805.66
1 249 607 -3044.53
1 249 609 -761.132
1 249 610 -1522.26
1 249 611 -3805.66
1 249 612 -6850.19
1 249 613 -1522.26
1 249 618 -761.132
1 249 623 -761.132
1 250 331 -987.9580000000001
1 250 355 -761.132
1 250 365 -1522.26
1 250 366 -3805.66
1 250 367 -2283.4
1 250 368 -761.132
1 250 369 -1522.26
1 250 370 -1522.26
1 250 371 -4588.92
1 250 382 -761.132
1 250 406 -761.132
1 250 413 -761.132
1 250 414 -761.132
1 250 423 -761.132
1 250 436 -761.132
1 250 568 -761.132
1 250 579 -761.132
1 250 591 -761.132
1 250 594 -761.132
1 250 596 -6089.06
1 250 597 -1522.26
1 250 602 -761.132
1 250 603 -5327.93
1 250 604 -4566.79
1 250 605 -3044.53
1 250 607 -761.132
1 250 608 -2283.4
1 250 609 -761.132
1 250 610 -761.132
1 250 613 -761.132
1 251 276 -761.132
1 251 322 -761.132
1 251 365 -2283.4
1 251 366 -6850.19
1 251 367 -1522.26
1 251 368 -1522.26
1 251 371 -761.132
1 251 379 -761.132
1 251 407 -761.132
1 251 414 -761.132
1 251 424 -761.132
1 251 598 -761.132
1 251 604 -761.132
1 251 605 -761.132
1 251 607 -761.132
1 251 610 -761.132
1 252 236 -761.132
1 252 365 -2283.4
1 252 366 -5327.93
1 252 367 -5327.93
1 252 368 -1522.26
1 252 376 -761.132
1 252 412 -761.132
1 252 416 -761.132
1 252 428 -761.132
1 252 506 -761.132
1 252 507 -761.132
1 252 528 -761.132
1 252 534 -761.132
1 252 544 -761.132
1 252 576 -761.132
1 252 591 -1522.26
1 252 596 -1577.47
1 252 597 -1522.26
1 252 598 -761.132
1 252 599 -1522.26
1 252 608 -1522.26
1 252 609 -761.132
1 252 611 -761.132
1 252 620 -761.132
1 253 259 -761.132
1 253 342 -761.132
1 253 363 -761.132
1 253 365 -1522.26
1 253 366 -4566.79
1 253 367 -3044.53
1 253 370 -761.132
1 253 375 -1522.26
1 253 404 -761.132
1 253 433 -1522.26
1 253 506 -761.132
1 253 543 -761.132
1 253 546 -761.132
1 253 547 -761.132
1 253 566 -761.132
1 253 586 -1522.26
1 253 596 -761.132
1 253 597 -3044.53
1 253 601 -761.132
1 253 604 -761.132
1 253 605 -761.132
1 253 614 -2283.4
1 254 366 -1522.26
1 254 478 -761.132
1 254 581 -761.132
1 254 584 -761.132
1 254 585 -4566.79
1 254 586 -3805.66
1 254 587 -2283.4
1 254 588 -2283.4
1 254 589 -3044.53
1 254 598 -761.132
1 254 599 -761.132
1 254 601 -1522.26
1 254 604 -1522.26
1 254 605 -761.132
1 254 606 -761.132
1 254 611 -761.132
1 255 341 -761.132
1 255 346 -761.132
1 255 371 -761.132
1 255 402 -761.132
1 255 442 -761.132
1 255 445 -761.132
1 255 461 -761.132
1 255 479 -761.132
1 255 512 -761.132
1 255 513 -761.132
1 255 526 -761.132
1 255 547 -761.132
1 255 548 -761.132
1 255 565 -761.132
1 255 583 -2283.4
1 255 584 -3044.53
1 255 585 -3044.53
1 255 586 -3044.53
1 255 587 -1522.26
1 255 588 -761.132
1 255 591 -761.132
1 255 594 -761.132
1 255 597 -761.132
1 255 600 -1522.26
1 255 607 -761.132
1 256 346 -761.132
1 256 350 -761.132
1 256 367 -761.132
1 256 373 -761.132
1 256 374 -761.132
1 256 491 -761.132
1 256 526 -761.132
1 256 531 -2283.4
1 256 532 -761.132
1 256 547 -761.132
1 256 548 -1522.26
1 256 549 -761.132
1 256 575 -761.132
1 256 578 -1522.26
1 256 580 -761.132
1 256 584 -2283.4
1 256 585 -1522.26
1 256 592 -1522.26
1 256 594 -5328.77
1 256 595 -3044.53
1 256 607 -3044.53
1 256 608 -1522.26
1 256 609 -761.132
1 257 330 -761.132
1 257 461 -761.132
1 257 497 -761.132
1 257 503 -761.132
1 257 506 -761.132
1 257 512 -761.132
1 257 527 -2283.4
1 257 529 -761.132
1 257 532 -761.132
1 257 549 -761.132
1 257 574 -761.132
1 257 575 -2283.4
1 257 584 -2283.4
1 257 585 -2283.4
1 257 593 -1522.26
1 257 594 -6089.06
1 257 595 -3044.53
1 257 597 -1522.26
1 257 606 -5327.93
1 257 607 -761.132
1 258 307 -761.132
1 258 330 -761.132
1 258 366 -761.132
1 258 485 -1522.26
1 258 489 -1522.26
1 258 491 -761.132
1 258 493 -761.132
1 258 494 -761.132
1 258 496 -761.132
1 258 497 -761.132
1 258 498 -2283.4
1 258 499 -1522.26
1 258 502 -761.132
1 258 503 -761.132
1 258 529 -1522.26
1 258 531 -761.132
1 258 532 -761.132
1 258 533 -1522.26
1 258 535 -761.132
1 258 546 -761.132
1 258 550 -761.132
1 258 556 -1522.26
1 258 564 -761.132
1 258 576 -761.132
1 258 583 -761.132
1 258 584 -2283.4
1 258 586 -2283.4
1 258 594 -2283.4
1 258 606 -3805.66
1 258 607 -761.132
1 259 346 -761.132
1 259 369 -1522.26
1 259 402 -761.132
1 259 444 -761.132
1 259 456 -761.132
1 259 485 -761.132
1 259 486 -761.132
1 259 488 -761.132
1 259 489 -761.132
1 259 490 -1522.26
1 259 509 -1522.26
1 259 510 -761.132
1 259 522 -761.132
1 259 528 -761.132
1 259 529 -761.132
1 259 531 -761.132
1 259 532 -761.132
1 259 545 -761.132
1 259 549 -761.132
1 259 554 -1522.26
1 259 555 -1522.26
1 259 556 -2283.4
1 259 557 -2283.4
1 259 575 -3044.53
1 259 576 -761.132
1 259 579 -761.132
1 259 584 -761.132
1 259 585 -3044.53
1 259 586 -1522.26
1 260 369 -1522.26
1 260 404 -1522.26
1 260 443 -761.132
1 260 454 -761.132
1 260 485 -761.132
1 260 486 -1522.26
1 260 487 -761.132
1 260 492 -761.132
1 260 499 -761.132
1 260 502 -1522.26
1 260 517 -761.132
1 260 527 -761.132
1 260 545 -2283.4
1 260 548 -761.132
1 260 554 -761.132
1 260 556 -761.132
1 260 567 -761.132
1 260 576 -761.132
1 260 577 -761.132
1 261 397 -761.132
1 261 404 -761.132
1 261 444 -761.132
1 261 483 -761.132
1 261 487 -761.132
1 261 501 -761.132
1 261 502 -761.132
1 261 545 -761.132
1 261 551 -761.132
1 261 552 -761.132
1 261 565 -761.132
1 262 254 -761.132
1 262 353 -1522.26
1 262 369 -761.132
1 262 425 -761.132
1 262 443 -761.132
1 262 458 -761.132
1 262 483 -1522.26
1 262 493 -761.132
1 262 501 -761.132
1 262 502 -761.132
1 262 523 -761.132
1 262 524 -761.132
1 262 535 -761.132
1 262 536 -761.132
1 262 537 -761.132
1 262 542 -761.132
1 262 546 -761.132
1 262 584 -761.132
1 262 587 -761.132
1 263 355 -761.132
1 263 415 -761.132
1 263 484 -761.132
1 263 493 -761.132
1 263 509 -761.132
1 263 522 -761.132
1 263 523 -1522.26
1 263 524 -1522.26
1 263 541 -1522.26
1 263 542 -761.132
1 263 543 -761.132
1 263 546 -1522.26
1 263 576 -761.132
1 263 579 -761.132
1 263 581 -3044.53
1 264 369 -761.132
1 264 379 -761.132
1 264 481 -761.132
1 264 482 -761.132
1 264 493 -761.132
1 264 503 -761.132
1 264 504 -761.132
1 264 516 -761.132
1 264 521 -2283.4
1 264 527 -761.132
1 264 543 -3044.53
1 264 568 -761.132
1 264 575 -761.132
1 264 576 -1522.26
1 265 336 -761.132
1 265 367 -1522.26
1 265 457 -761.132
1 265 459 -761.132
1 265 511 -761.132
1 265 516 -761.132
1 265 520 -761.132
1 265 524 -777.605
1 265 568 -1522.26
1 266 314 -761.132
1 266 413 -761.132
1 266 456 -761.132
1 266 478 -761.132
1 266 481 -761.132
1 266 483 -761.132
1 266 484 -761.132
1 266 485 -761.132
1 266 492 -761.132
1 266 498 -761.132
1 266 505 -761.132
1 266 518 -761.132
1 266 523 -761.132
1 266 543 -761.132
1 266 545 -761.132
1 266 549 -761.132
1 266 555 -761.132
1 267 337 -761.132
1 267 365 -761.132
1 267 381 -761.132
1 267 459 -761.132
1 267 460 -1522.26
1 267 505 -761.132
1 267 507 -761.132
1 267 543 -761.132
1 267 544 -1522.26
1 267 549 -761.132
1 267 553 -2283.4
1 267 562 -761.132
1 268 507 -1522.26
1 268 540 -761.132
1 268 541 -761.132
1 268 542 -1522.26
1 268 543 -3044.53
1 268 544 -1522.26
1 268 549 -761.132
1 268 551 -761.132
1 268 552 -761.132
1 268 553 -761.132
1 269 362 -761.132
1 269 505 -1522.26
1 269 507 -761.132
1 269 528 -761.132
1 269 543 -761.132
1 269 547 -1522.26
1 270 474 -761.132
1 270 475 -1522.26
1 270 479 -761.132
1 270 491 -761.132
1 270 504 -761.132
1 270 507 -761.132
1 270 526 -761.132
1 271 375 -761.132
1 271 388 -761.132
1 271 479 -761.132
1 271 481 -761.132
1 271 487 -761.132
1 271 491 -761.132
1 271 526 -761.132
1 272 469 -761.132
1 272 493 -761.132
1 272 495 -1522.26
1 272 496 -761.132
1 272 502 -761.132
1 272 526 -2283.4
1 273 441 -761.132
1 273 462 -761.132
1 273 526 -761.132
1 275 463 -761.132
1 275 480 -761.132
1 275 502 -761.132
1 275 504 -761.132
1 276 502 -761.132
1 277 393 -761.132
1 279 459 -761.132
1 280 563 -761.132
1 282 434 -761.132
1 282 435 -761.132
1 283 461 -761.132
1 283 482 -761.132
1 283 483 -761.132
1 285 437 -761.132
1 285 482 -761.132
1 285 483 -761.132
1 286 377 -761.132
1 286 464 -761.132
1 288 469 -761.132
1 289 362 -761.132
1 289 443 -761.132
1 292 358 -761.132
1 293 390 -2283.4
1 293 391 -761.132
1 296 390 -761.132
1 301 359 -761.132
1 301 378 -761.132
1 85 106 -761.132
1 92 112 -1522.26
1 93 117 -761.132
1 97 89 -761.132
1 98 101 -761.132
1 99 126 -761.132
1 99 136 -761.132
1 147 119 -11013.7
1 148 187 -54126.8
1 150 114 -74112.4
1 153 113 -80445.5
1 156 158 -51425.8
1 157 160 -25792.0
1 167 186 -83271.3
1 168 169 -28103.2
1 170 169 -89930.3
1 199 225 -6463.74
1 210 300 -16957.5
1 234 285 -14419.8
1 244 234 -89914.9
1 259 541 -91.4204
1 265 469 -198.882
1 267 479 -1762.39
1 271 361 -1857.43
1 272 454 -66.1421
1 299 360 -24192.7
1 109 116 -33974.4
1 131 118 -5563.03
1 132 183 -24784.2
1 137 123 -22198.2
1 140 173 -58071.6
1 142 121 -43312.7
1 152 130 -10800.2
1 155 192 -37349.4
1 157 190 -71.1012
1 158 205 -80697.0
1 164 258 -55287.5
1 169 164 -298075.0
1 173 196 -952.559
1 175 213 -74243.1
1 195 280 -63232.3
1 202 295 -40434.9
1 203 296 -79636.2
1 214 174 -17294.1
1 218 173 -162799.0
1 226 358 -4041.12
1 247 335 -31586.6
1 256 333 -42154.8
1 262 350 -25722.9
1 265 349 -1396.73
1 267 346 -11245.5
1 269 347 -8661.98
1 271 470 -2151.3
1 280 367 -177.05
1 285 357 -3963.85
1 293 378 -603.149
1 299 335 -388419.0
1 144 130 -8798.4
1 148 113 -70679.6
1 149 118 -30449.8
1 152 177 -52662.6
1 153 185 -1710.08
1 153 212 -60562.5
1 155 180 -347.075
1 159 188 -40061.1
1 161 161 -20056.1
1 162 171 -34576.8
1 164 159 -43128.7
1 167 163 -74473.5
1 174 182 -34654.1
1 175 178 -8541.98
1 188 287 -14008.1
1 189 206 -118034.0
1 201 279 -74137.7
1 221 294 -34404.1
1 221 361 -2504.57
1 222 252 -71268.4
1 222 266 -157378.0
1 224 273 -49218.6
1 225 248 -9196.86
1 226 361 -50515.5
1 234 319 -84309.7
1 235 317 -26476.0
1 237 292 -63947.5
1 238 244 -75056.7
1 248 238 -70751.6
1 248 331 -126535.0
1 259 347 -56206.5
1 266 345 -22081.6
1 271 268 -209689.0
1 274 278 -63396.7
1 296 393 -63471.1
1 142 185 -82342.5
1 143 184 -146277.0
1 144 151 -56206.5
1 144 186 -74754.6
1 146 150 -28103.2
1 146 180 -64053.6
1 147 148 -46370.3
1 149 181 -63376.2
1 149 202 -31944.9
1 150 172 -102577.0
1 150 183 -32285.6
1 150 186 -35848.5
1 151 178 -129526.0
1 151 189 -173397.0
1 151 211 -14245.5
1 152 180 -77777.6
1 153 188 -121968.0
1 154 113 -58.7045
1 158 173 -10207.2
1 164 124 -1984.09
1 165 167 -2810.32
1 168 164 -30805.3
1 168 166 -19615.7
1 170 115 -31672.3
1 184 210 -24216.5
1 188 207 -55078.1
1 189 288 -11939.7
1 206 280 -8518.09
1 209 273 -77118.1
1 210 249 -140874.0
1 211 263 -45842.0
1 211 296 -26875.1
1 219 272 -36578.4
1 221 302 -37.9394
1 221 317 -111084.0
1 224 287 -5620.65
1 230 352 -99513.9
1 231 270 -12324.7
1 236 320 -144732.0
1 236 342 -38371.7
1 236 344 -28421.3
1 240 337 -43216.3
1 240 357 -23895.4
1 244 333 -7911.06
1 246 332 -50585.8
1 246 337 -15456.8
1 251 334 -63429.0
1 258 345 -28103.2
1 260 345 -23492.9
1 261 340 -19672.8
1 262 286 -8197.71
1 265 517 -71.627
1 267 321 -78408.0
1 267 428 -1595.54
1 269 365 -15394.9
1 270 267 -14068.5
1 271 267 -53734.0
1 277 371 -1133.29
1 278 502 -4797.41
1 281 331 -7293.32
1 284 333 -2310.09
1 290 371 -10689.1
1 296 358 -80168.5
1 297 356 -84.9492
1 297 391 -86298.0
1 125 93 -4412.81
1 131 125 -55558.7
1 134 123 -11592.6
1 135 126 -48459.8
1 138 125 -47151.6
1 142 117 -72957.4
1 142 169 -15032.2
1 145 116 -10468.5
1 146 146 -13291.6
1 152 213 -23817.5
1 156 214 -23533.9
1 161 185 -51572.2
1 168 216 -78648.4
1 183 232 -193921.0
1 192 232 -44736.1
1 193 235 -87.12
1 201 310 -570.862
1 211 195 -2405.49
1 215 261 -105679.0
1 221 339 -44187.6
1 232 347 -17471.9
1 233 341 -24869.7
1 242 618 -9834.72
1 248 344 -24525.1
1 263 345 -25292.9
1 263 427 -1.98365
1 263 570 -167.791
1 265 414 -478.23199999999997
1 268 366 -16665.2
1 286 302 -3498.85
1 292 360 -2.84924
1 295 362 -859.959
1 297 439 -49360.5
1 134 124 -21313.5
1 134 126 -21917.7
1 135 122 -27586.1
1 137 128 -66080.5
1 150 118 -16814.2
1 150 121 -48288.4
1 150 127 -5955.25
1 152 118 -18444.2
1 153 122 -22491.0
1 153 123 -16809.9
1 155 125 -22343.5
1 158 140 -13734.0
1 160 139 -29386.1
1 181 126 -70430.9
1 185 168 -76668.4
1 189 126 -36105.6
1 224 257 -2925.88
1 260 337 -957.677
1 276 359 -118496.0
1 281 445 -732.581
1 137 168 -15534.1
1 149 213 -71949.9
1 189 195 -55429.4
1 190 250 -6267.02
1 192 197 -188337.0
1 202 228 -24122.0
1 210 253 -6267.02
1 217 236 -114248.0
1 245 324 -910.544
1 247 330 -11.6432
1 270 480 -143.513
1 145 131 -833.2610000000001
1 148 166 -36185.2
1 158 114 -16450.2
1 188 204 -17053.6
1 203 340 -994.5360000000001
1 206 281 -359.085
1 208 226 -29891.0
1 211 266 -39931.7
1 213 276 -39801.9
1 214 274 -125052.0
1 220 278 -24769.7
1 223 372 -3731.85
1 232 398 -56767.1
1 233 375 -3278.63
1 236 317 -15456.8
1 239 385 -6603.48
1 239 406 -163.86700000000002
1 239 416 -9.271410000000001
1 241 238 -22838.1
1 246 320 -6366.79
1 248 454 -1636.74
1 259 351 -4257.43
1 262 585 -104.60700000000001
1 263 492 -0.119277
1 265 360 -67629.5
1 267 449 -3640.43
1 268 351 -6411.75
1 269 360 -10004.5
1 273 521 -10780.7
1 274 327 -8062.23
1 275 465 -220.358
1 290 322 -176349.0
1 292 458 -107.807
1 294 354 -13718.6
1 297 377 -19825.3
1 147 116 -32203.5
1 205 310 -592.9780000000001
1 258 337 -23.272
1 259 439 -2.15614
1 268 484 -31.0754
1 173 183 -33570.7
1 257 342 -16411.4
1 268 354 -11353.7
1 201 251 -99092.0
1 251 286 -19354.7
1 264 441 -118.06200000000001
1 136 173 -21962.7
1 154 122 -13717.2
1 161 179 -102970.0
1 167 247 -2592.03
1 183 124 -39823.7
1 186 125 -52609.2
1 186 209 -38426.9
1 204 300 -59.0783
1 215 269 -144595.0
1 225 242 -71663.2
1 238 302 -10963.5
1 242 355 -279.091
1 244 321 -38204.9
1 245 406 -1039.09
1 247 591 -1432.54
1 248 590 -6.03719
1 248 593 -57.7846
1 251 614 -2503.88
1 255 333 -28103.2
1 256 443 -165.838
1 258 335 -2560.63
1 258 416 -54.3347
1 266 470 -1287.05
1 269 482 -167.71200000000002
1 270 476 -914.204
1 273 523 -248086.0
1 274 506 -5684.75
1 280 458 -310.48400000000004
1 298 384 -160.84799999999998
1 204 299 -788.565
1 221 300 -60.1132
1 239 400 -6.32107
1 272 494 -369.226
1 134 167 -3843.12
1 159 157 -80277.7
1 211 290 -18168.7
1 226 330 -27029.4
1 244 430 -1551.21
1 247 342 -971.212
1 253 427 -2906.91
1 253 443 -1296.7
1 254 398 -25.0975
1 254 442 -2742.61
1 254 444 -145.281
1 254 445 -22.403000000000002
1 256 445 -1599.86
1 261 346 -29.0645
1 261 369 -1980.63
1 262 555 -192.28
1 263 448 -180.253
1 265 559 -1326.46
1 271 471 -165.87599999999998
1 271 489 -254.425
1 272 371 -320.575
1 275 371 -2156.14
1 262 394 -191334.0
1 271 492 -115.914
1 167 168 -20093.8
1 157 122 -471.509
1 160 136 -373.875
1 199 297 -67.9399
1 211 313 -42.3035
1 214 287 -181.58599999999998
1 224 372 -2414.02
1 246 609 -1823.23
1 247 343 -71.7564
1 247 590 -4675.38
1 255 446 -887.4680000000001
1 261 524 -349.726
1 261 525 -38.3793
1 270 482 -56.0597
1 276 386 -812.434
1 278 371 -70908.7
1 281 446 -1075.48
1 284 406 -2227.29
1 291 458 -100.42
1 295 390 -20403.0
1 297 384 -208.68599999999998
1 297 387 -661.1489999999999
1 165 158 -21028.4
1 231 363 -77.6211
1 145 147 -107.764
1 257 443 -769.742
1 258 456 -54.7826
1 170 249 -2987.91
1 194 320 -0.421548
1 196 299 -170.025
1 229 341 -0.197053
1 234 400 -34.2826
1 237 378 -6.29593
1 240 386 -18.7843
1 241 353 -228.296
1 247 341 -25.8861
1 248 343 -226.467
1 252 457 -47.2626
1 253 400 -55.4258
1 254 370 -2.41488
1 254 394 -21.0008
1 254 400 -461.11699999999996
1 255 373 -84.0895
1 261 362 -64981.8
1 262 441 -93.7145
1 263 353 -7.762110000000001
1 274 527 -325.448
1 276 469 -14.6618
1 276 484 -73.0684
1 282 451 -1268.67
1 130 192 -69.1274
1 207 193 -120982.0
1 145 139 -962.2539999999999
1 206 299 -104.36200000000001
1 239 305 -1293.68
1 289 412 -0.9832770000000001
1 233 400 -78354.2
1 268 360 -1453.24
1 117 117 -1301.63
1 183 311 -2225.14
1 185 196 -1521.37
1 220 175 -67692.0
1 244 355 -31466.7
1 245 261 -11906.2
1 290 355 -84361.2
1 264 474 -2.15614
1 157 131 -39.5583
1 164 240 -409.667
1 201 297 -86.75399999999999
1 207 298 -25.4425
1 232 373 -189.892
1 233 392 -139.977
1 234 236 -3092.49
1 234 401 -15.9123
1 235 390 -674.75
1 236 398 -1284.76
1 237 390 -1273.72
1 237 399 -61.6225
1 237 400 -142.575
1 248 342 -222.872
1 248 606 -215.58
1 249 344 -330.45
1 249 411 -296.336
1 253 418 -116390.0
1 253 442 -1212.61
1 254 600 -196.81900000000002
1 258 597 -312.77
1 259 428 -551.972
1 263 467 -74338.6
1 263 468 -28104.9
1 268 457 -122.06700000000001
1 281 429 -694.581
1 283 394 -70.6352
1 284 436 -3117.78
1 296 414 -10.7807
1 297 446 -265.637
1 300 390 -2026.24
1 144 126 -26377.7
1 147 130 -74029.5
1 223 371 -205.696
1 257 456 -0.474351
1 160 142 -8.68646
1 247 419 -1747.77
1 290 441 -299.35400000000004
1 257 602 -89.2642
1 176 219 -330.45099999999996
1 256 590 -55.111000000000004
1 261 581 -39.9792
1 241 405 -1122.49
1 251 362 -2098.98
1 271 484 -298.738
1 235 358 -368.44300000000004
1 240 422 -78.8199
1 254 368 -1229.43
1 260 348 -68.134
1 261 424 -349.295
1 269 477 -1364.08
1 290 463 -3836.61
1 175 246 -25292.9
1 195 301 -510.14300000000003
1 271 397 -134.274
1 231 201 -12647.9
1 240 393 -17.1198
1 282 445 -22.7558
1 234 395 -21.4102
1 255 399 -2095.77
1 267 483 -923.26
1 261 521 -7.121
1 244 406 -234.582
1 162 138 -8.10709
1 164 144 -86.6612
1 218 352 -9605.03
1 259 459 -5.13162
1 267 360 -10.2119
1 251 431 -1652.9
1 292 373 -6.59554
1 265 476 -43.1228
1 235 401 -7.201510000000001
1 271 480 -26.8655
1 259 438 -10.9359
1 287 390 -25.6193
1 279 460 -13.0662
1 272 492 -5138.64
1 243 423 -21.3458
1 259 448 -23.3177
1 244 609 -30.6172
1 156 195 -70.0521
1 269 497 -231.15599999999998
1 217 228 -2121.64
1 252 431 -1978.04
1 250 444 -332.06699999999995
1 201 245 -10005.8
1 237 397 -2125.62
1 252 401 -2816.78
1 261 540 -1147.41
